  0.47864688587474391       -3.7190356809850343E-008  -3.2246855251193187E-008  -9.0653190336527112E-009   2.4353304316081609E-009  -4.0079222432702126E-009   3.4755091925062537E-008  -4.2420290249713011E-017   1.0364591140914332E-016   2.3079672308267048E-016  0.29674872254454193        8.3028634850233006E-009  -1.0819725529725935E-008   4.2816500841838145E-009   2.2019422518390688E-008   1.6293821899176270E-010  -3.0322272596839604E-008  -3.3938818334214443E-016  -6.9434668010791256E-017  -6.3990869416912781E-017 -0.16410879829525946       -2.3810957919077804E-015  -2.3450889564049423E-017   5.2958430388745305E-018   3.3665553610450459E-009  -1.4669512419234861E-008   3.0244753931099619E-009   2.1803768479633555E-008  -3.5155781268875641E-010  -2.5170300798774601E-008 -0.17834946871863386        8.5052226566872294E-002
  -3.7190356809850343E-008   2.8896653783153583E-015   2.5055079786317077E-015   7.0437546199961897E-016  -1.8916003300338654E-016   3.1141076752629769E-016  -2.7005104302348499E-015   1.2680185964459098E-018   1.7786388776472249E-019   5.2113457987268962E-019  -2.3058036265419374E-008  -6.4519807373337206E-016   8.4108322493712686E-016  -3.3275625805916038E-016  -1.7114650823842442E-015  -1.2649195127159708E-017   2.3566621101420123E-015   1.8738869317600621E-016   2.6286786939308616E-017   7.7017149441931150E-017   1.2682807082507767E-008   1.2979674517738834E-015   1.8207837998870483E-016   5.3346747849801380E-016  -2.6167334354920424E-016   1.1385468665985096E-015  -2.3487449390612646E-016  -1.6926510728352077E-015   2.7257613547450890E-017   1.9543226362381161E-015   1.3711778387150953E-008  -6.5247637469514528E-009
  -3.2246855251193187E-008   2.5055079786317077E-015   2.1726049233193367E-015   6.1071147948354001E-016  -1.6424284655788335E-016   2.7001871474586435E-016  -2.3412695700682230E-015  -1.1027048524695298E-018   5.6210660999581045E-020  -1.4587280859464357E-019  -1.9989531615371010E-008  -5.5916604950664017E-016   7.2782577579772248E-016  -2.8824731845928547E-016  -1.4818703029911135E-015  -1.1007434495647543E-017   2.0410354611396383E-015  -1.6295921765917123E-016   8.3071150481834591E-018  -2.1555006865851360E-017   1.1244415393221812E-008  -1.1287540843823601E-015   5.7539806385580025E-017  -1.4930306238963298E-016  -2.2654426328958291E-016   9.9176872925312796E-016  -2.0410358333522882E-016  -1.4730162380524540E-015   2.3844846291323461E-017   1.6995589209029980E-015   1.2417566670512829E-008  -5.9608577350294186E-009
  -9.0653190336527112E-009   7.0437546199961897E-016   6.1071147948354001E-016   1.7169916240308197E-016  -4.6080210753705695E-017   7.5907543765844058E-017  -6.5829648708836923E-016  -1.5743808729523921E-019   1.2929382904681913E-018  -3.9558253401715457E-019  -5.6209439059741232E-009  -1.5730373824193589E-016   2.0520040712930419E-016  -8.1145625891990672E-017  -4.1744043666111171E-016  -3.0783349415528686E-018   5.7474391798967025E-016  -2.3265553575272412E-017   1.9107070328862246E-016  -5.8459578479066062E-017   3.0604908720989476E-009  -1.6115099288221345E-016   1.3234707903025534E-015  -4.0492653923374443E-016  -6.3827458710194284E-017   2.7695442787357572E-016  -5.7195402598869305E-017  -4.1191998281311043E-016   6.6178053812896456E-018   4.7574701222942548E-016   3.2761101323068621E-009  -1.5524327264649814E-009
   2.4353304316081609E-009  -1.8916003300338654E-016  -1.6424284655788335E-016  -4.6080210753705695E-017   1.2670697805413523E-017  -2.0394568601590085E-017   1.7648970446250419E-016  -3.3924602071144487E-019   3.4723352941103713E-019  -5.1147685516335371E-019   1.5054836019017697E-009   4.1911907887027666E-017  -5.3252040080144199E-017   2.1442285922875429E-017   1.0944267487850096E-016   8.7792180827321067E-019  -1.5135453378321391E-016  -5.0133790343242682E-017   5.1313887477533184E-017  -7.5587561537980632E-017  -1.1403687422918561E-009  -3.4725685980987912E-016   3.5543083067790790E-016  -5.2356534349589804E-016   1.6701442679993140E-017  -8.0268154353168257E-017   1.5943240592587227E-017   1.1755071042640102E-016  -2.0484010810346577E-018  -1.3425199031065927E-016  -1.5595510075291089E-009   8.0715884033298252E-010
  -4.0079222432702126E-009   3.1141076752629769E-016   2.7001871474586435E-016   7.5907543765844058E-017  -2.0394568601590085E-017   3.3560128786712605E-017  -2.9101674809277004E-016  -5.1292403446744012E-019   1.7629622682766372E-019  -1.8520371188119647E-020  -2.4847699567082498E-009  -6.9520616712816638E-017   9.0582487916436448E-017  -3.5849129645868983E-017  -1.8435551387324544E-016  -1.3647852266840457E-018   2.5387601849652235E-016  -7.5800380266609237E-017   2.6052856661346869E-017  -2.7366227121677392E-018   1.3768497426315607E-009  -5.2503923963226173E-016   1.8045766696762349E-016  -1.8955496370016597E-017  -2.8185887591015206E-017   1.2288399192510784E-016  -2.5330166198235589E-017  -1.8263095508817389E-016   2.9460401651996667E-018   2.1081664933720400E-016   1.4991519639278458E-009  -7.1548301250057481E-010
   3.4755091925062537E-008  -2.7005104302348499E-015  -2.3412695700682230E-015  -6.5829648708836923E-016   1.7648970446250419E-016  -2.9101674809277004E-016   2.5240254414442416E-015   7.3007213498564641E-019  -4.9568417245531725E-019  -3.1313227555124593E-020   2.1552592743858733E-008   6.0328726034731770E-016  -7.8783243673129911E-016   3.1131451469972079E-016   1.6020250917653189E-015   1.1771301881316757E-017  -2.2053113551199693E-015   1.0789092913698281E-016  -7.3252876572506572E-017  -4.6301555015725152E-018  -1.1542499841758943E-008   7.4731771864899030E-016  -5.0739337181116087E-016  -3.2071264741324624E-017   2.4497230726926656E-016  -1.0582814406701037E-015   2.1893173840140434E-016   1.5751041935431939E-015  -2.5209293797452811E-017  -1.8200748834529202E-015  -1.2152335141940548E-008   5.7176644033013234E-009
  -4.2420290249713011E-017   1.2680185964459098E-018  -1.1027048524695298E-018  -1.5743808729523921E-019  -3.3924602071144487E-019  -5.1292403446744012E-019   7.3007213498564641E-019   1.5624929837153542E-006  -1.4717705848077022E-011   3.3876897373892825E-012  -2.2881525581216070E-017  -2.9772369588593321E-020   1.5070992444990032E-019   6.7906425038824507E-020  -3.7348347756683834E-019   4.9185762854078238E-019   2.2147523068799930E-019   2.3090684981796989E-004  -1.1327484742406595E-009   2.5700054687162951E-010   1.4456658933698208E-017   1.5994005007941548E-003  -7.4966350572316145E-009   1.7284216484911326E-009   7.7511566926107015E-019   1.6404139395533783E-020  -6.3268442977995241E-020   4.1063536209182309E-019   1.0343240948631148E-019   4.9972104936941317E-019   2.2383985952457924E-017  -1.0759038482929042E-017
   1.0364591140914332E-016   1.7786388776472249E-019   5.6210660999581045E-020   1.2929382904681913E-018   3.4723352941103713E-019   1.7629622682766372E-019  -4.9568417245531725E-019  -1.4717705848077022E-011   1.5625143665615607E-006  -2.7998174600089394E-013   6.4393379969634111E-017  -3.2548960948913269E-019  -3.7273797139280541E-019  -7.0025374034654568E-019   3.9467692764844285E-019  -6.8217424900017557E-020  -8.2144065264624797E-020  -1.1327483633409037E-009   2.3090849530102970E-004  -2.2317315899624381E-011  -3.4477816544936980E-017  -7.4966342910840072E-009   1.5994113925857404E-003  -1.4202244426948488E-010  -3.9581203678090145E-020   6.7283874845440333E-019  -3.3455014974753536E-019  -4.9553012980594999E-019  -2.3915070879638674E-019   5.4455308364627290E-019  -3.6277327412685986E-017   1.7073871527572319E-017
   2.3079672308267048E-016   5.2113457987268962E-019  -1.4587280859464357E-019  -3.9558253401715457E-019  -5.1147685516335371E-019  -1.8520371188119647E-020  -3.1313227555124593E-020   3.3876897373892825E-012  -2.7998174600089394E-013   1.5624564277691035E-006   1.4306666549151050E-016  -4.9298667951207435E-019   3.4663474210481181E-019  -6.3047235930353098E-019   1.7687043115494198E-019  -3.1265732911693701E-019   3.3431551614757060E-019   2.5700058908656666E-010  -2.2317362541530017E-011   2.3090407323242483E-004  -7.8076939859426416E-017   1.7284219399735704E-009  -1.4202278171635993E-010   1.5993818522681276E-003   4.2001721848853440E-019  -4.3533613320303203E-019  -6.9354314768428540E-021   2.6016510344986351E-019  -1.0696088342013542E-019  -6.7060754707844452E-019  -8.3734108795009094E-017   3.9715237015213958E-017
  0.29674872254454193       -2.3058036265419374E-008  -1.9989531615371010E-008  -5.6209439059741232E-009   1.5054836019017697E-009  -2.4847699567082498E-009   2.1552592743858733E-008  -2.2881525581216070E-017   6.4393379969634111E-017   1.4306666549151050E-016  0.18404442951396266        5.1527413817922734E-009  -6.7359543400276125E-009   2.6598469400789454E-009   1.3691824858145730E-008   1.0025593980258979E-010  -1.8844557628735360E-008   2.8825714627224691E-016  -2.5363688427396617E-017  -4.5051484036753303E-017  -9.6987210331594895E-002   1.9779160478973113E-015   1.0809346908185656E-016  -3.3983442827544208E-017   2.0938338327140552E-009  -9.0070337785629676E-009   1.8664555136959884E-009   1.3414766809998813E-008  -2.1391244839509093E-010  -1.5508587066850194E-008 -0.10041632133143504        4.6899203023218039E-002
   8.3028634850233006E-009  -6.4519807373337206E-016  -5.5916604950664017E-016  -1.5730373824193589E-016   4.1911907887027666E-017  -6.9520616712816638E-017   6.0328726034731770E-016  -2.9772369588593321E-020  -3.2548960948913269E-019  -4.9298667951207435E-019   5.1527413817922734E-009   1.4442123000652646E-016  -1.8982190172581701E-016   7.4678887055945799E-017   3.8504012648874705E-016   2.7682925935266008E-018  -5.2946110108248453E-016  -4.3998298399881453E-018  -4.8101172899117383E-017  -7.2855508610763311E-017  -2.4837478350200784E-009  -3.0475939613629970E-017  -3.3317771374800304E-016  -5.0464149574684379E-016   5.8906061242481797E-017  -2.4777315615610588E-016   5.1804676275581115E-017   3.7035843081937883E-016  -5.7896526844521704E-018  -4.2926414651435507E-016  -2.3186753440509814E-009   1.0303504541660598E-009
  -1.0819725529725935E-008   8.4108322493712686E-016   7.2782577579772248E-016   2.0520040712930419E-016  -5.3252040080144199E-017   9.0582487916436448E-017  -7.8783243673129911E-016   1.5070992444990032E-019  -3.7273797139280541E-019   3.4663474210481181E-019  -6.7359543400276125E-009  -1.8982190172581701E-016   2.5613134263032134E-016  -9.8986699664533446E-017  -5.1439255576833218E-016  -3.3689955320041441E-018   7.0421403088796158E-016   2.2271636444503675E-017  -5.5082793037606620E-017   5.1227373115504846E-017   1.7474663811239329E-009   1.5426673035181721E-016  -3.8153659344518632E-016   3.5483188134963895E-016  -7.8846573316421181E-017   2.9542532064157471E-016  -6.4802617242842485E-017  -4.5037261913274169E-016   6.2783360967813055E-018   5.2921896431853022E-016  -1.5839030207362930E-010   4.8309320653799670E-010
   4.2816500841838145E-009  -3.3275625805916038E-016  -2.8824731845928547E-016  -8.1145625891990672E-017   2.1442285922875429E-017  -3.5849129645868983E-017   3.1131451469972079E-016   6.7906425038824507E-020  -7.0025374034654568E-019  -6.3047235930353098E-019   2.6598469400789454E-009   7.4678887055945799E-017  -9.8986699664533446E-017   3.8719955708594757E-017   2.0014194817421492E-016   1.3976848575092300E-018  -2.7482069176875964E-016   1.0034966376030713E-017  -1.0348365273573093E-016  -9.3173250150128957E-017  -1.0942348233225211E-009   6.9508110536686592E-017  -7.1679012776120519E-016  -6.4537452377237579E-016   3.0638035751250914E-017  -1.2433236503079194E-016   2.6375797569921082E-017   1.8694645646971941E-016  -2.8269571430462255E-018  -2.1758434186461066E-016  -7.9726122608732951E-010   3.0256722115541807E-010
   2.2019422518390688E-008  -1.7114650823842442E-015  -1.4818703029911135E-015  -4.1744043666111171E-016   1.0944267487850096E-016  -1.8435551387324544E-016   1.6020250917653189E-015  -3.7348347756683834E-019   3.9467692764844285E-019   1.7687043115494198E-019   1.3691824858145730E-008   3.8504012648874705E-016  -5.1439255576833218E-016   2.0014194817421492E-016   1.0369577807095547E-015   7.0429986576313541E-018  -1.4219971124195095E-015  -5.5193274903195629E-017   5.8324431051274334E-017   2.6136884523043010E-017  -4.7222318463769922E-009  -3.8230192337162683E-016   4.0399009697464390E-016   1.8103997277355779E-016   1.5883031568180711E-016  -6.2272151318655759E-016   1.3399938260707307E-016   9.4181370853921966E-016  -1.3768619548592788E-017  -1.1006433860093046E-015  -2.1673273814676261E-009   4.4630718849783088E-010
   1.6293821899176270E-010  -1.2649195127159708E-017  -1.1007434495647543E-017  -3.0783349415528686E-018   8.7792180827321067E-019  -1.3647852266840457E-018   1.1771301881316757E-017   4.9185762854078238E-019  -6.8217424900017557E-020  -3.1265732911693701E-019   1.0025593980258979E-010   2.7682925935266008E-018  -3.3689955320041441E-018   1.3976848575092300E-018   7.0429986576313541E-018   6.4010917427577856E-020  -9.8112900473709770E-018   7.2687240901853158E-017  -1.0080857326687173E-017  -4.6205442152840704E-017  -1.0922618420438005E-010   5.0347578885553245E-016  -6.9825985299441505E-017  -3.2004697219690258E-016   1.0713408999217514E-018  -5.9775197606930519E-018   1.1265266821664145E-018   8.5780276270236415E-018  -1.6505158545599657E-019  -9.6493527224840247E-018  -1.7465755977001513E-010   9.4375108317835964E-011
  -3.0322272596839604E-008   2.3566621101420123E-015   2.0410354611396383E-015   5.7474391798967025E-016  -1.5135453378321391E-016   2.5387601849652235E-016  -2.2053113551199693E-015   2.2147523068799930E-019  -8.2144065264624797E-020   3.3431551614757060E-019  -1.8844557628735360E-008  -5.2946110108248453E-016   7.0421403088796158E-016  -2.7482069176875964E-016  -1.4219971124195095E-015  -9.8112900473709770E-018   1.9514571633121099E-015   3.2729363348075185E-017  -1.2138128285105691E-017   4.9408189715149375E-017   7.2059960685315850E-009   2.2670333863596932E-016  -8.4075968250436959E-017   3.4223109394666750E-016  -2.1773625326128257E-016   8.7049464533156654E-016  -1.8580401229452796E-016  -1.3121719831217689E-015   1.9558280229880131E-017   1.5299072526213386E-015   4.4860425376363100E-009  -1.4766809869387567E-009
  -3.3938818334214443E-016   1.8738869317600621E-016  -1.6295921765917123E-016  -2.3265553575272412E-017  -5.0133790343242682E-017  -7.5800380266609237E-017   1.0789092913698281E-016   2.3090684981796989E-004  -1.1327483633409037E-009   2.5700058908656666E-010   2.8825714627224691E-016  -4.3998298399881453E-018   2.2271636444503675E-017   1.0034966376030713E-017  -5.5193274903195629E-017   7.2687240901853158E-017   3.2729363348075185E-017   3.4123656137784800E-002  -1.3375028153442308E-008   1.9746671351463029E-009  -3.4787301895963389E-016  0.23636108135718395       -4.0999423361844079E-008   6.0344825082832572E-009   1.1454735470649665E-016   2.4245475446574004E-018  -9.3500605637875679E-018   6.0684032723195641E-017   1.5285202236337025E-017   7.3849446978924839E-017   1.3484128486407636E-016   1.6954088175367950E-017
  -6.9434668010791256E-017   2.6286786939308616E-017   8.3071150481834591E-018   1.9107070328862246E-016   5.1313887477533184E-017   2.6052856661346869E-017  -7.3252876572506572E-017  -1.1327484742406595E-009   2.3090849530102970E-004  -2.2317362541530017E-011  -2.5363688427396617E-017  -4.8101172899117383E-017  -5.5082793037606620E-017  -1.0348365273573093E-016   5.8324431051274334E-017  -1.0080857326687173E-017  -1.2138128285105691E-017  -1.3375028153442308E-008   3.4123675496568064E-002  -4.8172051142918350E-010   1.5138020495978674E-017  -4.0999423659328482E-008  0.23636114069779876       -1.4804813877722475E-009  -5.8488996744962934E-018   9.9432637020637998E-017  -4.9439986507622581E-017  -7.3229901574920284E-017  -3.5341631603460987E-017   8.0475228209375083E-017   1.9591504588014241E-017  -8.4961686962476995E-018
  -6.3990869416912781E-017   7.7017149441931150E-017  -2.1555006865851360E-017  -5.8459578479066062E-017  -7.5587561537980632E-017  -2.7366227121677392E-018  -4.6301555015725152E-018   2.5700054687162951E-010  -2.2317315899624381E-011   2.3090407323242483E-004  -4.5051484036753303E-017  -7.2855508610763311E-017   5.1227373115504846E-017  -9.3173250150128957E-017   2.6136884523043010E-017  -4.6205442152840704E-017   4.9408189715149375E-017   1.9746671351463029E-009  -4.8172051142918350E-010   3.4123633842072017E-002   2.1924846887670052E-017   6.0344823718515545E-009  -1.4804835124934094E-009  0.23636101319667163        6.2070928431383945E-017  -6.4334111281036181E-017  -1.0251468396965550E-018   3.8446285386123462E-017  -1.5806965217090416E-017  -9.9102490173029003E-017   2.5707056550276757E-017  -1.1872131610447313E-017
 -0.16410879829525946        1.2682807082507767E-008   1.1244415393221812E-008   3.0604908720989476E-009  -1.1403687422918561E-009   1.3768497426315607E-009  -1.1542499841758943E-008   1.4456658933698208E-017  -3.4477816544936980E-017  -7.8076939859426416E-017  -9.6987210331594895E-002  -2.4837478350200784E-009   1.7474663811239329E-009  -1.0942348233225211E-009  -4.7222318463769922E-009  -1.0922618420438005E-010   7.2059960685315850E-009  -3.4787301895963389E-016   1.5138020495978674E-017   2.1924846887670052E-017  0.38951500415798535       -2.3956605395529745E-015  -4.2086415738013287E-017  -2.6074592702718872E-018  -6.8785331653092048E-010   1.1173618455527073E-008  -1.6424518685044183E-009  -1.4693243552161752E-008   4.0391677289115384E-010   1.5381039252992638E-008  0.77275143732043561      -0.43773183738267629     
  -2.3810957919077804E-015   1.2979674517738834E-015  -1.1287540843823601E-015  -1.6115099288221345E-016  -3.4725685980987912E-016  -5.2503923963226173E-016   7.4731771864899030E-016   1.5994005007941548E-003  -7.4966342910840072E-009   1.7284219399735704E-009   1.9779160478973113E-015  -3.0475939613629970E-017   1.5426673035181721E-016   6.9508110536686592E-017  -3.8230192337162683E-016   5.0347578885553245E-016   2.2670333863596932E-016  0.23636108135718395       -4.0999423659328482E-008   6.0344823718515545E-009  -2.3956605395529745E-015   1.6371798073090866        7.3731430720573904E-008  -1.1143358492948755E-008   7.9342423719566033E-016   1.6794048617524480E-017  -6.4764249436979226E-017   4.2033419315376552E-016   1.0587450568745022E-016   5.1152608165484476E-016   9.5282400708146969E-016   1.0771969312057372E-016
  -2.3450889564049423E-017   1.8207837998870483E-016   5.7539806385580025E-017   1.3234707903025534E-015   3.5543083067790790E-016   1.8045766696762349E-016  -5.0739337181116087E-016  -7.4966350572316145E-009   1.5994113925857404E-003  -1.4202278171635993E-010   1.0809346908185656E-016  -3.3317771374800304E-016  -3.8153659344518632E-016  -7.1679012776120519E-016   4.0399009697464390E-016  -6.9825985299441505E-017  -8.4075968250436959E-017  -4.0999423361844079E-008  0.23636114069779876       -1.4804835124934094E-009  -4.2086415738013287E-017   7.3731430720573904E-008   1.6371797005743416        2.6024718656269619E-009  -4.0512823943632443E-017   6.8873035217824532E-016  -3.4245115227840336E-016  -5.0723431483875424E-016  -2.4479741673446342E-016   5.5742001049209399E-016  -1.3591362783205093E-017   1.0286972755198941E-017
   5.2958430388745305E-018   5.3346747849801380E-016  -1.4930306238963298E-016  -4.0492653923374443E-016  -5.2356534349589804E-016  -1.8955496370016597E-017  -3.2071264741324624E-017   1.7284216484911326E-009  -1.4202244426948488E-010   1.5993818522681276E-003  -3.3983442827544208E-017  -5.0464149574684379E-016   3.5483188134963895E-016  -6.4537452377237579E-016   1.8103997277355779E-016  -3.2004697219690258E-016   3.4223109394666750E-016   6.0344825082832572E-009  -1.4804813877722475E-009  0.23636101319667163       -2.6074592702718872E-018  -1.1143358492948755E-008   2.6024718656269619E-009   1.6371799327678225        4.2994092666823065E-016  -4.4561713735856715E-016  -7.1007874008114177E-018   2.6630232605184365E-016  -1.0948864723080139E-016  -6.8644407323192085E-016   9.4648909959159709E-018  -1.6890021380866273E-018
   3.3665553610450459E-009  -2.6167334354920424E-016  -2.2654426328958291E-016  -6.3827458710194284E-017   1.6701442679993140E-017  -2.8185887591015206E-017   2.4497230726926656E-016   7.7511566926107015E-019  -3.9581203678090145E-020   4.2001721848853440E-019   2.0938338327140552E-009   5.8906061242481797E-017  -7.8846573316421181E-017   3.0638035751250914E-017   1.5883031568180711E-016   1.0713408999217514E-018  -2.1773625326128257E-016   1.1454735470649665E-016  -5.8488996744962934E-018   6.2070928431383945E-017  -6.8785331653092048E-010   7.9342423719566033E-016  -4.0512823943632443E-017   4.2994092666823065E-016   2.4331376297527653E-017  -9.4578811097348209E-017   2.0425190367544560E-017   1.4325495048175605E-016  -2.0760651076193681E-018  -1.6758623429458662E-016  -2.5848383928529265E-010   2.6391872314470695E-011
  -1.4669512419234861E-008   1.1385468665985096E-015   9.9176872925312796E-016   2.7695442787357572E-016  -8.0268154353168257E-017   1.2288399192510784E-016  -1.0582814406701037E-015   1.6404139395533783E-020   6.7283874845440333E-019  -4.3533613320303203E-019  -9.0070337785629676E-009  -2.4777315615610588E-016   2.9542532064157471E-016  -1.2433236503079194E-016  -6.2272151318655759E-016  -5.9775197606930519E-018   8.7049464533156654E-016   2.4245475446574004E-018   9.9432637020637998E-017  -6.4334111281036181E-017   1.1173618455527073E-008   1.6794048617524480E-017   6.8873035217824532E-016  -4.4561713735856715E-016  -9.4578811097348209E-017   5.6286559995750161E-016  -1.0385687201108035E-016  -8.0130869054133315E-016   1.5999147163816079E-017   8.9588587885855061E-016   1.8585690848928775E-008  -1.0139399921333632E-008
   3.0244753931099619E-009  -2.3487449390612646E-016  -2.0410358333522882E-016  -5.7195402598869305E-017   1.5943240592587227E-017  -2.5330166198235589E-017   2.1893173840140434E-016  -6.3268442977995241E-020  -3.3455014974753536E-019  -6.9354314768428540E-021   1.8664555136959884E-009   5.1804676275581115E-017  -6.4802617242842485E-017   2.6375797569921082E-017   1.3399938260707307E-016   1.1265266821664145E-018  -1.8580401229452796E-016  -9.3500605637875679E-018  -4.9439986507622581E-017  -1.0251468396965550E-018  -1.6424518685044183E-009  -6.4764249436979226E-017  -3.4245115227840336E-016  -7.1007874008114177E-018   2.0425190367544560E-017  -1.0385687201108035E-016   2.0211164261312355E-017   1.5088741325055773E-016  -2.7363017945286129E-018  -1.7131236769248249E-016  -2.4198683373100437E-009   1.2797620528461241E-009
   2.1803768479633555E-008  -1.6926510728352077E-015  -1.4730162380524540E-015  -4.1191998281311043E-016   1.1755071042640102E-016  -1.8263095508817389E-016   1.5751041935431939E-015   4.1063536209182309E-019  -4.9553012980594999E-019   2.6016510344986351E-019   1.3414766809998813E-008   3.7035843081937883E-016  -4.5037261913274169E-016   1.8694645646971941E-016   9.4181370853921966E-016   8.5780276270236415E-018  -1.3121719831217689E-015   6.0684032723195641E-017  -7.3229901574920284E-017   3.8446285386123462E-017  -1.4693243552161752E-008   4.2033419315376552E-016  -5.0723431483875424E-016   2.6630232605184365E-016   1.4325495048175605E-016  -8.0130869054133315E-016   1.5088741325055773E-016   1.1495467978908700E-015  -2.2152060687156673E-017  -1.2927996219909203E-015  -2.3536457351965887E-008   1.2723336423988374E-008
  -3.5155781268875641E-010   2.7257613547450890E-017   2.3844846291323461E-017   6.6178053812896456E-018  -2.0484010810346577E-018   2.9460401651996667E-018  -2.5209293797452811E-017   1.0343240948631148E-019  -2.3915070879638674E-019  -1.0696088342013542E-019  -2.1391244839509093E-010  -5.7896526844521704E-018   6.2783360967813055E-018  -2.8269571430462255E-018  -1.3768619548592788E-017  -1.6505158545599657E-019   1.9558280229880131E-017   1.5285202236337025E-017  -3.5341631603460987E-017  -1.5806965217090416E-017   4.0391677289115384E-010   1.0587450568745022E-016  -2.4479741673446342E-016  -1.0948864723080139E-016  -2.0760651076193681E-018   1.5999147163816079E-017  -2.7363017945286129E-018  -2.2152060687156673E-017   4.9918988148196215E-019   2.4228066594723971E-017   7.3611371290635589E-010  -4.0990212744761431E-010
  -2.5170300798774601E-008   1.9543226362381161E-015   1.6995589209029980E-015   4.7574701222942548E-016  -1.3425199031065927E-016   2.1081664933720400E-016  -1.8200748834529202E-015   4.9972104936941317E-019   5.4455308364627290E-019  -6.7060754707844452E-019  -1.5508587066850194E-008  -4.2926414651435507E-016   5.2921896431853022E-016  -2.1758434186461066E-016  -1.1006433860093046E-015  -9.6493527224840247E-018   1.5299072526213386E-015   7.3849446978924839E-017   8.0475228209375083E-017  -9.9102490173029003E-017   1.5381039252992638E-008   5.1152608165484476E-016   5.5742001049209399E-016  -6.8644407323192085E-016  -1.6758623429458662E-016   8.9588587885855061E-016  -1.7131236769248249E-016  -1.2927996219909203E-015   2.4228066594723971E-017   1.4603836374276319E-015   2.3794826445455626E-008  -1.2749663249457854E-008
 -0.17834946871863386        1.3711778387150953E-008   1.2417566670512829E-008   3.2761101323068621E-009  -1.5595510075291089E-009   1.4991519639278458E-009  -1.2152335141940548E-008   2.2383985952457924E-017  -3.6277327412685986E-017  -8.3734108795009094E-017 -0.10041632133143504       -2.3186753440509814E-009  -1.5839030207362930E-010  -7.9726122608732951E-010  -2.1673273814676261E-009  -1.7465755977001513E-010   4.4860425376363100E-009   1.3484128486407636E-016   1.9591504588014241E-017   2.5707056550276757E-017  0.77275143732043561        9.5282400708146969E-016  -1.3591362783205093E-017   9.4648909959159709E-018  -2.5848383928529265E-010   1.8585690848928775E-008  -2.4198683373100437E-009  -2.3536457351965887E-008   7.3611371290635589E-010   2.3794826445455626E-008   1.5859756149741189      -0.90413319211019794     
   8.5052226566872294E-002  -6.5247637469514528E-009  -5.9608577350294186E-009  -1.5524327264649814E-009   8.0715884033298252E-010  -7.1548301250057481E-010   5.7176644033013234E-009  -1.0759038482929042E-017   1.7073871527572319E-017   3.9715237015213958E-017   4.6899203023218039E-002   1.0303504541660598E-009   4.8309320653799670E-010   3.0256722115541807E-010   4.4630718849783088E-010   9.4375108317835964E-011  -1.4766809869387567E-009   1.6954088175367950E-017  -8.4961686962476995E-018  -1.1872131610447313E-017 -0.43773183738267629        1.0771969312057372E-016   1.0286972755198941E-017  -1.6890021380866273E-018   2.6391872314470695E-011  -1.0139399921333632E-008   1.2797620528461241E-009   1.2723336423988374E-008  -4.0990212744761431E-010  -1.2749663249457854E-008 -0.90413319211019794       0.51603079652154826     
