  0.35533996765256776       0.19930210323312816        7.6206183987678053E-018  -9.2027707298195792E-018  -4.2079126231823681E-018  0.11698157863580975     
  0.19930210323312816       0.11178401522225007        4.2742314770977386E-018  -5.1616247227742949E-018  -2.3601224527646103E-018   6.5612305915568409E-002
   7.6206183987678053E-018   4.2742314770977386E-018   1.6343172754611115E-034  -1.9736255509505484E-034  -9.0242863949332424E-035   2.5087860967573114E-018
  -9.2027707298195792E-018  -5.1616247227742949E-018  -1.9736255509505484E-034   2.3833792090742312E-034   1.0897860822716036E-034  -3.0296469460207595E-018
  -4.2079126231823681E-018  -2.3601224527646103E-018  -9.0242863949332424E-035   1.0897860822716036E-034   4.9829825677391871E-035  -1.3852881922438809E-018
  0.11698157863580975        6.5612305915568409E-002   2.5087860967573114E-018  -3.0296469460207595E-018  -1.3852881922438809E-018   3.8511541019518224E-002
