  0.12855567246509292       -4.0895532182150995E-008  -9.4706337256102244E-008   1.1807261497328663E-007  -1.2788407586362254E-008   1.0673458479393084E-008  -1.3230460105815368E-009   7.8263605687228246E-009  -7.9292714981178695E-009   4.9620406940034755E-009  0.26176709117436076        9.4133498078302604E-008   1.2746140048932267E-008  -1.3013972870967990E-007  -8.0584387468746870E-010  -4.3786418829233932E-010  -2.1597612553320633E-009   1.6946937656633906E-009  -2.2179443167287680E-009  -6.1354371434673498E-010   2.1137452264792717E-009  -2.2418643741495269E-009  -2.3980219574498923E-009   3.2807760496467450E-009  0.16440252750822160        4.4680279160025541E-008  -5.5928540715111253E-009   1.4317169680790658E-009  -1.9378577732998091E-009  -6.0880094607103178E-010  -4.7294988759935460E-010  -1.8065891984108448E-009  -9.5876838664573862E-010 -0.20962653434557826       -5.5642818715088930E-008   1.0471328287870503E-008   3.8387809109933546E-009  -4.3701738516635285E-009   8.4554202712324585E-011  -2.3119235803607982E-009   3.7396355401115127E-009  -1.5268522292844540E-009   3.3835882458567870E-008  -9.9427326967376217E-011   4.1799286455506561E-011  -2.2100011105077411E-010   2.9015447591796038E-010  -7.0658395920088843E-010  -1.5675883285585897E-010   6.6682846234929616E-010  -1.0401570942023473E-009  -9.3644340885413112E-010   9.4001010680867063E-010   1.7070431638501352E-008  -1.8794474807314509E-008  -2.6661671013461542E-002  -7.0074304348766033E-009   1.4292376567847397E-009   8.7450867838538111E-009
  -4.0895532182150995E-008  0.12855579841880679       -3.8838667808472061E-008  -1.8411085294112202E-007   9.3959619898962962E-009   4.4947650276631459E-009  -8.0010366470093360E-009   4.3411870339594243E-009  -2.0096468002878314E-008  -1.3737161603126896E-008  -1.5181872772310510E-007  0.26176717783864423       -1.2046661818648545E-007   1.2205785270201901E-007   1.0075063424843642E-009  -1.2563858399725017E-009   4.1126977989389146E-010   2.3879393602907096E-010  -2.5057943491170124E-009  -1.5905047503256094E-009   2.8573626645103781E-009   3.2746094807128892E-011  -2.5771285092894878E-009  -3.3094920571947033E-010  -8.3664656355011610E-008  0.16440259056822884       -6.6822669251679475E-008   4.7343881696585139E-009   4.4259339701038893E-009  -1.6774437854998350E-009  -3.8417678196844776E-009  -4.4250162425675946E-009  -8.9259348862761033E-010   1.0952914835975976E-007 -0.20962661899216137        8.7943053196594920E-008  -3.1540812270859199E-009  -2.2723231756805459E-009   3.6171563289266123E-009  -2.8333202209330589E-009   6.2428119921722390E-009   5.9874340001812042E-009  -1.7025413837216323E-008   2.1352027943115726E-010  -1.9768780826668491E-010   7.2457257037261838E-011   3.5342544774085351E-010  -8.8172523729447927E-010  -6.3989282506977974E-010   8.4029853134177293E-010   5.9620213126032389E-011  -9.2967975007682963E-010  -9.8444480855634165E-011   9.4601089435037180E-009  -6.7555595583352795E-009   1.3925053545969373E-008  -2.6661681874916257E-002   1.1187567270090332E-008   3.4301028767958166E-009
  -9.4706337256102244E-008  -3.8838667808472061E-008  0.12855568130117426       -3.2603631989969694E-008   4.3962103459240991E-009  -6.5140479209485343E-009   2.2854544425862516E-010  -1.4645119658309498E-008  -2.0221083013080901E-008   1.0248903161535574E-008  -1.4427008841207140E-007   6.5378165696846430E-008  0.26176709662160141       -1.1402251336238486E-008   1.5369794733774617E-009  -2.8668900907017346E-010  -8.4200877030242951E-010  -1.6765502593179891E-009  -2.6507256332666444E-009  -3.8552469788242857E-010   4.4638513134345786E-010  -9.1365344824376405E-010  -3.1220304698452741E-010   1.3085961133835244E-009  -8.7568445479660603E-008   3.0226701658983947E-008  0.16440253281564360        9.9214226958040873E-010  -1.7216846707854443E-009   3.9799738483672090E-009  -2.7779223633275164E-009  -8.4290566061635829E-009   1.7857975972146753E-009   1.1594337616303012E-007  -3.6908505868491959E-008 -0.20962654074132064       -7.3315380913678948E-010   3.3679777320480262E-009  -1.1717697570583714E-009   5.4587080097572577E-009   6.9576945737483318E-009  -4.7255342632483646E-009   1.1547540379241037E-008   2.9973563108087889E-010  -1.0720585480136113E-010  -2.9106616946502679E-010  -8.3912231642624329E-010  -9.5832998418756427E-010   4.3698412831658899E-010   1.6318161580105402E-010  -8.0171939608748804E-010  -1.1172542283710938E-010   8.1451906340383648E-010   1.6457435019150253E-008  -1.5956831934616823E-008   1.4795692896106736E-008  -4.6347503053605353E-009  -2.6661671830703199E-002   7.5941547486394423E-009
   1.1807261497328663E-007  -1.8411085294112202E-007  -3.2603631989969694E-008  0.50302765249057746       -4.1629817500370570E-010   5.7054373443041154E-009   3.7397105059370163E-009  -8.8070943336729583E-010   5.4073000721636036E-009   1.2970282441783011E-009   2.3571602325996028E-007  -2.9444569212229539E-007  -2.2102311873798267E-008  0.80299620919525161       -3.1507047987591618E-009   2.5175812411673661E-009  -2.6731731098941012E-009   1.9566749719313907E-009  -1.0326093400375728E-008   2.2704391491950929E-009   4.4681829235085618E-009  -3.7486207888103458E-009  -8.5122796171099201E-009   4.7865241748963595E-009   1.1698174578279051E-007  -1.4080733955989009E-007  -9.0361402050235959E-009   5.1111901280164945E-009   6.2914039450727701E-009   1.2117222182933712E-008  -8.7085376136465084E-009   6.1030165847824117E-009   3.5975933723935523E-009  -1.7318979162361002E-007   2.1744624676673329E-007   1.7689644359587933E-008  -1.1660764413633610E-009   9.2263644295493316E-010   1.3301587529080300E-010   5.0070752714489200E-010   9.3226720133944205E-010   6.6546465592179586E-010 -0.45510704767365523       -6.5652072413828382E-010  -9.4863505971909144E-011  -1.6222090908616259E-009   1.6230094421226881E-010  -4.3361693218230124E-009   7.1851378620186359E-010   1.7766824727440728E-009   1.2281964188079943E-010  -2.2888078080396858E-009   1.1175787214066923E-009 -0.54929700085411559       0.54036895124175666       -2.2398322135410786E-008   2.8221244893689200E-008   2.3389866516732583E-009 -0.25644063699498171     
  -1.2788407586362254E-008   9.3959619898962962E-009   4.3962103459240991E-009  -4.1629817500370570E-010   1.1072873348122307E-004   7.4022765545622701E-012   1.1180802415866772E-011  -5.5364355673389165E-005  -1.1670145891423737E-011  -5.5364377809587747E-005  -2.6146559848158602E-008   1.9076436370349448E-008   8.9340908634931413E-009  -6.8615800290267522E-010   4.8877438805394379E-011  -7.1249864393105952E-011  -1.5263112271578059E-011  -3.2881819386581616E-011  -5.1146713414164566E-014  -3.2694138493820806E-011   4.4582844244148461E-011  -1.6841337863576957E-012   1.1435715116940642E-011   1.2631738395388886E-011  -1.6295930039237091E-008   1.2026972828095506E-008   5.6144226271914663E-009   1.8229467764750190E-003   3.3403934543354024E-010   2.7545494849763858E-010  -9.1147329632733929E-004  -9.9985855752603366E-011  -9.1147348014654263E-004   1.9863114164943947E-008  -1.5513265528289903E-008  -7.1321360011075842E-009   1.3825475202570162E-002   2.4935149490497555E-009   2.0065332274451946E-009  -6.9127369701065290E-003  -7.0571099921787389E-010  -6.9127382324569433E-003   4.2582851036581442E-010   1.3245132868880504E-010  -2.0443765215235724E-010  -4.7309472302350904E-011  -8.8821529265226384E-011   8.1534924469466767E-014  -8.8880576298892904E-011   1.2637109287398183E-010  -1.8399613621869216E-012   3.4893066247812992E-011   3.6633838783749300E-011   6.6655079910002531E-010  -6.7693984472553896E-010   2.4910684025646984E-009  -1.9794890479813156E-009  -9.0582712676278142E-010   3.2456534587406484E-010
   1.0673458479393084E-008   4.4947650276631459E-009  -6.5140479209485343E-009   5.7054373443041154E-009   7.4022765545622701E-012   1.1072871951014504E-004   2.9218406871582657E-012   1.4672676103074326E-011  -3.0896035141392439E-012  -2.2074741307379195E-011   2.1892129773822417E-008   9.0948722915088938E-009  -1.3288965863254880E-008   9.0131341382143670E-009   4.3328151275076928E-011   4.8700255425828517E-011   2.9491515312940220E-012  -8.4517198316070282E-011  -9.6965494687863457E-012   2.6386384162867593E-011  -2.7283485795927468E-011   2.9742696596296314E-012  -1.2095619205864363E-011  -4.4150764723338270E-012   1.3564753356685708E-008   5.7697847404725765E-009  -8.3403568880082040E-009  -2.0453469276919529E-010   1.8229466548118035E-003  -9.9479783796189980E-011   3.9901025961169290E-010   2.5179698544773924E-011  -1.9447545963670737E-010  -1.6430950660990519E-008  -7.8579094448991015E-009   1.0444536480285453E-008  -1.5754021535806029E-009   1.3825474335973047E-002  -7.0657420389985112E-010   2.8203430535464264E-009   5.1761491314748912E-010  -1.2449410576677128E-009  -5.0130601521359045E-009   1.2615595142681349E-010   1.3225237197051552E-010   8.4413053624365000E-012  -2.4151674094662354E-010  -3.1365934752297970E-011   7.2260771336811237E-011  -7.4221962099433506E-011   8.3688626367751675E-012  -3.2673175227225919E-011  -1.2529568876607815E-011  -5.7895159139402073E-009   5.6356230089871153E-009  -2.0564979495917875E-009  -1.0183943769857382E-009   1.3212826798378583E-009  -2.6674607351419664E-009
  -1.3230460105815368E-009  -8.0010366470093360E-009   2.2854544425862516E-010   3.7397105059370163E-009   1.1180802415866772E-011   2.9218406871582657E-012   1.1072873330522259E-004  -3.2743949227799589E-011  -6.3502823398953046E-012   2.1563099462372097E-011  -2.6615638049686750E-009  -1.6316159749045039E-008   4.0237240984830992E-010   5.8491604581417847E-009   1.0326888061345530E-011   3.6726876765834192E-012   4.8760808625355105E-011   7.0336457696617188E-012  -5.5860390025732853E-011  -2.0888629274732581E-011  -4.6811909091441879E-012  -1.2649906338169581E-011   2.6078231046604974E-012  -2.6915523704511295E-011  -1.7189184440277750E-009  -1.0240891017831659E-008   3.2461244690492309E-010  -7.1725917275315392E-011   1.3625293338917222E-010   1.8229467610678769E-003  -2.9819353661450106E-010   6.2032383819837462E-011   3.6991954609027930E-010   2.1777315755329187E-009   1.2880395415606927E-008  -9.5409621141610334E-010  -6.2489927719474246E-010   1.0778005374313365E-009   1.3825475200296478E-002  -1.9105489443567173E-009   6.8670082210963073E-010   2.5354482487982925E-009  -3.1767339175844876E-009   3.1654696342645660E-011   8.6831691147197452E-012   1.3290464418770371E-010   2.0603851101202600E-011  -1.6002627271237666E-010  -6.3073080436348270E-011  -1.2458715173003752E-011  -3.4009738344896483E-011   8.0319678623599610E-012  -7.3711929413668209E-011  -3.3698590467069579E-009   3.2308674188390885E-009   2.7654650579699166E-010   1.6315687183040226E-009  -1.4198510693427693E-010  -1.5220585583811858E-009
   7.8263605687228246E-009   4.3411870339594243E-009  -1.4645119658309498E-008  -8.8070943336729583E-010  -5.5364355673389165E-005   1.4672676103074326E-011  -3.2743949227799589E-011   1.1072872732950153E-004   7.4410470459710157E-012  -5.5364371654815031E-005   1.5991577125445268E-008   9.0113246423426688E-009  -2.9871973407162232E-008  -1.3373641758001398E-009  -2.4180197243836499E-011   5.3278198026310686E-011   9.9776478492265013E-013   4.0045628310931754E-011  -2.5509672699704838E-013  -7.6044932871253368E-012  -8.0048820351631520E-011  -1.1812720671892968E-011   5.4118583171799803E-011   8.0609674618459375E-012   9.9742413537889824E-009   5.4886810744473615E-009  -1.8685732491955594E-008  -9.1147328528151325E-004  -1.1616939787724925E-010  -3.1924313970881795E-010   1.8229467473083768E-003  -1.2897344835735905E-010  -9.1147346202720718E-004  -1.2240110735729735E-008  -6.1186577760982094E-009   2.3575254406880210E-008  -6.9127368607533194E-003  -1.0170305042262090E-009  -2.1226540898111689E-009   1.3825474805935066E-002  -1.0103767120677174E-009  -6.9127379451867877E-003   6.7323598240441627E-010  -6.5554915418030337E-011   1.5328979415261955E-010   5.1453201734082018E-012   1.0935959426986719E-010   9.4722050240354277E-016  -2.1408445659546284E-011  -2.2860661537144852E-010  -4.0254670620744008E-011   1.5341817190579894E-010   2.6168946195126741E-011   4.9780238922029922E-010  -4.3900589812523625E-010  -1.5383044580438030E-009  -7.4479167168333970E-010   2.9884475779121369E-009   2.0110774449184783E-010
  -7.9292714981178695E-009  -2.0096468002878314E-008  -2.0221083013080901E-008   5.4073000721636036E-009  -1.1670145891423737E-011  -3.0896035141392439E-012  -6.3502823398953046E-012   7.4410470459710157E-012   1.1072869888081791E-004   4.2291447074373862E-012  -1.6171594556370796E-008  -4.0925761147064466E-008  -4.1085628435213491E-008   8.5385385202842749E-009  -5.0937599637688319E-012   2.4686924446622902E-012   1.4231989627322120E-011   3.6832886716211794E-012   3.1733901234055497E-011   3.1507001495476921E-012   1.0825799428972894E-011  -7.7695289762830706E-011  -1.6992985148354350E-011   4.7302727059591977E-011  -1.0149294568962509E-008  -2.5672822179504639E-008  -2.5891037651587975E-008  -1.0331221123633117E-010  -1.5987653984134819E-010  -2.2622508317997614E-010   2.6452314379042515E-010   1.8229464310965708E-003  -1.6121089059202391E-010   1.2760570205473915E-008   3.2386061075351243E-008   3.3312938894132335E-008  -7.4189695884490607E-010  -8.5109264662778112E-010  -1.4417218652925986E-009   1.9297106958505438E-009   1.3825473083075549E-002  -1.1878140471121680E-009  -4.7572399540909917E-009  -1.2683996032141220E-011   8.4274319855721890E-012   4.3778278632141917E-011   8.6218634641458836E-012   8.7118740528328389E-011   8.3954960374002226E-012   3.4527549479789535E-011  -2.2279875082568818E-010  -5.4750970973354596E-011   1.3343397383536002E-010  -5.4987549775910194E-009   5.3572850325460534E-009   1.6162066156809608E-009   4.1050709152701235E-009   4.2479309549374532E-009  -2.5360827064311194E-009
   4.9620406940034755E-009  -1.3737161603126896E-008   1.0248903161535574E-008   1.2970282441783011E-009  -5.5364377809587747E-005  -2.2074741307379195E-011   2.1563099462372097E-011  -5.5364371654815031E-005   4.2291447074373862E-012   1.1072874946485926E-004   1.0154969835436451E-008  -2.8087786627237057E-008   2.0937870017129243E-008   2.0235533810585110E-009  -2.4697241562517971E-011   1.7971666368368348E-011   1.4265347486848927E-011  -7.1638089238148991E-012   3.0624344048398407E-013   4.0298631781699014E-011   3.5465976106221498E-011   1.3496854458179728E-011  -6.5554298288620979E-011  -2.0692705857326191E-011   6.3216811827728814E-009  -1.7515669966086035E-008   1.3071302109237413E-008  -9.1147349122237928E-004  -2.1786646805705762E-010   4.3787411671080822E-011  -9.1147345095967877E-004   2.2896005908463652E-010   1.8229469421812648E-003  -7.6229679511573385E-009   2.1631944822961260E-008  -1.6443103618635582E-008  -6.9127383420358240E-003  -1.4764580558301779E-009   1.1611495022677062E-010  -6.9127378356665502E-003   1.7160934371054275E-009   1.3825476177700727E-002  -1.0991210570983493E-009  -6.6896413272731336E-011   5.1147858003494098E-011   4.2164152129469507E-011  -2.0538065003332706E-011  -8.2482144993603996E-014   1.1028902195975621E-010   1.0223552249448544E-010   4.2094631982786053E-011  -1.8831123815336859E-010  -6.2802784979160701E-011  -1.1644341550670371E-009   1.1160481135913706E-009  -9.5275844844064920E-010   2.7242834958793579E-009  -2.0826183844607359E-009  -5.2572316206368332E-010
  0.26176709117436076       -1.5181872772310510E-007  -1.4427008841207140E-007   2.3571602325996028E-007  -2.6146559848158602E-008   2.1892129773822417E-008  -2.6615638049686750E-009   1.5991577125445268E-008  -1.6171594556370796E-008   1.0154969835436451E-008  0.53301472614743517        5.2097714691070315E-008   1.2485255805746809E-007  -2.7265121282085433E-007  -1.6408517681680969E-009  -8.9150795139766643E-010  -4.3976109129764488E-009   3.4506469181328385E-009  -4.5161505146260485E-009  -1.2492192914127104E-009   4.3039050835190901E-009  -4.5647648888678142E-009  -4.8827853017659934E-009   6.6801564589530923E-009  0.33473565782482567        3.4061893063596826E-009   5.0879033909419044E-008   1.1538456010959233E-009  -1.3279742276221969E-009  -7.0586615173221792E-010  -4.7070319836323810E-011  -4.1061278152513955E-009  -1.1067779409269507E-009 -0.42785132176691432        2.1906335953155945E-009  -5.1496646947986345E-008  -5.5467027785729925E-009   1.0965704367259414E-008   4.2234222599837761E-009   2.2408379469543595E-009   4.3722570760843079E-009   3.3058752294668794E-009   7.0004499061064808E-008  -2.0176458781825260E-010   8.6122150402944669E-011  -4.4807459386820292E-010   5.8970390653728752E-010  -1.4382903772021224E-009  -3.1900853595079103E-010   1.3574618132493975E-009  -2.1188689025783114E-009  -1.9073479996265596E-009   1.9132847352295372E-009   3.5065687615780817E-008  -3.6681442286573260E-008  -5.4456266085355920E-002   5.6572870630736681E-010  -6.1015217000622209E-009   1.6929559591452361E-008
   9.4133498078302604E-008  0.26176717783864423        6.5378165696846430E-008  -2.9444569212229539E-007   1.9076436370349448E-008   9.0948722915088938E-009  -1.6316159749045039E-008   9.0113246423426688E-009  -4.0925761147064466E-008  -2.8087786627237057E-008   5.2097714691070315E-008  0.53301455686250065        4.8857593321656665E-008   3.7718839251585328E-007   2.0514139524266928E-009  -2.5582069875518374E-009   8.3744245006525029E-010   4.8621293709435024E-010  -5.1019762270199538E-009  -3.2384719625441006E-009   5.8179258577652828E-009   6.6702051935304442E-011  -5.2472783241706964E-009  -6.7390812220128902E-010   5.6582339063607908E-008  0.33473556890741429        4.8743533132491772E-008   8.7223144243442625E-009   8.0636027806689738E-009  -3.8174761583418840E-009  -4.9900953785951591E-009  -9.0964918483025886E-009  -3.7321643485055421E-009  -6.3389662151222597E-008 -0.42785122435615114       -5.3762451933129469E-008  -1.3394325443335673E-008  -1.1828331045565269E-008   4.3175170861865463E-009   1.5727981243956749E-008   1.2067182117479142E-008  -2.3335895123139965E-009  -1.0229529229713559E-007   4.3426271007320242E-010  -4.0164960937151678E-010   1.4727805446373222E-010   7.2083217122532563E-010  -1.7945315683203123E-009  -1.3034564535606544E-009   1.7100886593855995E-009   1.2226623536388367E-010  -1.8926522454926498E-009  -2.0090593601534600E-010  -6.0676698253066073E-008   6.1793828806805224E-008  -7.9614768445706230E-009  -5.4456254169056098E-002  -6.7261636616612599E-009  -2.8666605076942929E-008
   1.2746140048932267E-008  -1.2046661818648545E-007  0.26176709662160141       -2.2102311873798267E-008   8.9340908634931413E-009  -1.3288965863254880E-008   4.0237240984830992E-010  -2.9871973407162232E-008  -4.1085628435213491E-008   2.0937870017129243E-008   1.2485255805746809E-007   4.8857593321656665E-008  0.53301471169514869        4.7519827944884078E-008   3.1294684720497940E-009  -5.8374051467438522E-010  -1.7144622184941012E-009  -3.4136392214610988E-009  -5.3972453287970166E-009  -7.8498455799451359E-010   9.0887520063167564E-010  -1.8602715214446511E-009  -6.3565076883256928E-010   2.6644548176633519E-009   8.4745322954088805E-008   8.7058440419165572E-009  0.33473565259324944        1.7324705842151652E-009  -3.9182483141447947E-009   7.0636224481396601E-009  -6.5043275233299526E-009  -1.5699942573637942E-008   4.7718925729266252E-009  -9.3308502122578041E-008  -4.3047843379605196E-009 -0.42785131415543776       -3.6790650509065323E-009   3.7291723336005614E-009  -1.0283380480801706E-008   4.6864082419556504E-009   2.5282869251000426E-008  -1.0073026008309327E-009  -1.5598548504018711E-008   6.0934927505941250E-010  -2.1854782261161430E-010  -5.9246959714656458E-010  -1.7094882659579156E-009  -1.9510472609980240E-009   8.9195912159764207E-010   3.3188332502350084E-010  -1.6340449664499535E-009  -2.2672072192591751E-010   1.6595557213953987E-009  -1.3383840374483157E-008   1.3068373140636091E-008  -1.1538652235923886E-008  -2.9452977187115598E-010  -5.4456265118013152E-002  -6.1203715981320034E-009
  -1.3013972870967990E-007   1.2205785270201901E-007  -1.1402251336238486E-008  0.80299620919525161       -6.8615800290267522E-010   9.0131341382143670E-009   5.8491604581417847E-009  -1.3373641758001398E-009   8.5385385202842749E-009   2.0235533810585110E-009  -2.7265121282085433E-007   3.7718839251585328E-007   4.7519827944884078E-008   1.2831070799918820       -5.0281138543213928E-009   4.0164114600690494E-009  -4.2683835513283143E-009   3.1220992726172595E-009  -1.6484002195183580E-008   3.6238234481204048E-009   7.1324885185618155E-009  -5.9804192249751710E-009  -1.3585652038040400E-008   7.6390091467556291E-009  -2.2049193207892579E-007   3.0693203251448730E-007   3.7563926687011974E-008   7.7336079060079740E-009   8.3364795450604190E-009   1.7119993689837567E-008  -1.2621223720505962E-008   8.0715705239903155E-009   4.8880210518651754E-009   2.5005442150273289E-007  -3.3791496133717532E-007  -3.7558747377828768E-008  -5.0679947832785301E-009  -1.1395487041204600E-008  -1.6538850278677746E-008   1.0449851904553874E-008  -1.1107303939109031E-008  -5.3817026568364428E-009 -0.69897430515566994       -1.0373217376745647E-009  -1.6157844367222891E-010  -2.5834399901429323E-009   2.5178965714170288E-010  -6.8927034389021915E-009   1.1399230936253887E-009   2.8228000510528825E-009   2.1146532077019775E-010  -3.6256078861244791E-009   1.7679652091210350E-009 -0.83441387989080251       0.80434874971794512        3.1495880551400550E-008  -4.2359748521501764E-008  -4.6197666566926400E-009 -0.38063411952760068     
  -8.0584387468746870E-010   1.0075063424843642E-009   1.5369794733774617E-009  -3.1507047987591618E-009   4.8877438805394379E-011   4.3328151275076928E-011   1.0326888061345530E-011  -2.4180197243836499E-011  -5.0937599637688319E-012  -2.4697241562517971E-011  -1.6408517681680969E-009   2.0514139524266928E-009   3.1294684720497940E-009  -5.0281138543213928E-009   9.0856260720438112E-017  -3.8427042980041027E-017   2.1710710558815079E-017  -8.8140539706134413E-017   1.6624055852893284E-017  -3.3755905429669994E-017  -5.5468767462811444E-018   2.9602314920812946E-017   4.5869248493278623E-017  -3.8246433674798093E-017  -1.0316190342068487E-009   1.2929638165547898E-009   1.9735960786311011E-009   8.0467435445449541E-010   7.1332156696387155E-010   1.7001457731582238E-010  -3.9807980404273287E-010  -8.3853248321451240E-011  -4.0659455041230688E-010   1.2678754059574664E-009  -1.4480727085488448E-009  -2.1598531326858040E-009   6.1027591405247828E-009   5.4099274937713740E-009   1.2894138585905686E-009  -3.0190911177881829E-009  -6.3595291511075485E-010  -3.0836680227338313E-009   2.8817771474580891E-009   1.2183968440494371E-016  -4.0458025715947330E-017   1.4530480249964872E-018  -1.4207756185814498E-016  -1.8169105568493781E-017  -2.1387532018279973E-017   1.6987378689763253E-017   6.3927752469368883E-018   1.7667170398376609E-017  -5.8478598443486043E-018   3.4886578733775919E-009  -3.4506757326854573E-009   1.5945244442721957E-010  -1.7656090323471198E-010  -2.6116407411871093E-010   1.6388005654974969E-009
  -4.3786418829233932E-010  -1.2563858399725017E-009  -2.8668900907017346E-010   2.5175812411673661E-009  -7.1249864393105952E-011   4.8700255425828517E-011   3.6726876765834192E-012   5.3278198026310686E-011   2.4686924446622902E-012   1.7971666368368348E-011  -8.9150795139766643E-010  -2.5582069875518374E-009  -5.8374051467438522E-010   4.0164114600690494E-009  -3.8427042980041027E-017   9.8233625623393284E-017   3.5080640062569632E-018  -5.2680290822707542E-018  -1.9087672226399100E-017   5.6823315203137623E-017  -6.6703944757362443E-017  -1.1827199078389016E-017  -8.7412916637690171E-018   6.2006992807980700E-018  -5.6406951850396179E-010  -1.6101483021744888E-009  -3.6770542893867720E-010  -1.1729983586414589E-009   8.0176141188602991E-010   6.0462447202020577E-011   8.7712924193422639E-010   4.0637694807213262E-011   2.9586911670750853E-010   5.3696370004047241E-010   1.9010003348115479E-009   4.2117241418007563E-010  -8.8961781898123936E-009   6.0806671876963383E-009   4.5855496068267656E-010   6.6522668777476327E-009   3.0820107563913223E-010   2.2439113120601200E-009  -2.3314836851952854E-009  -3.4553804347166665E-017   2.0291634419944154E-016   2.8477475854290663E-017  -3.6193846260436149E-017  -2.5580412580635735E-017   8.2552639702504108E-017  -1.5091235434170575E-016  -4.7500741790167000E-018  -4.4631288880000542E-019  -1.7685388546551523E-017  -2.8320172367533021E-009   2.8182069043322668E-009   6.1374524288514876E-011   2.3600821774110217E-010   5.1757185568554608E-011  -1.3395377754101459E-009
  -2.1597612553320633E-009   4.1126977989389146E-010  -8.4200877030242951E-010  -2.6731731098941012E-009  -1.5263112271578059E-011   2.9491515312940220E-012   4.8760808625355105E-011   9.9776478492265013E-013   1.4231989627322120E-011   1.4265347486848927E-011  -4.3976109129764488E-009   8.3744245006525029E-010  -1.7144622184941012E-009  -4.2683835513283143E-009   2.1710710558815079E-017   3.5080640062569632E-018   8.3380882850493168E-017  -2.3169689323954730E-017   8.0787328255455447E-017  -5.9582373366409417E-018  -5.6022755262101470E-017   4.9497947509734072E-017   7.1654515181275125E-017  -9.9042048204063021E-017  -2.7688798688880526E-009   5.2523761701951676E-010  -1.0796202046035487E-009  -2.5128306642704779E-010   4.8554961480554510E-011   8.0275810238223047E-010   1.6426858082174485E-011   2.3430107375315301E-010   2.3485620834342180E-010   3.2252454690120313E-009  -7.0116059738294548E-010   1.2514932533662847E-009  -1.9057645731845810E-009   3.6824734374327029E-010   6.0882268960492580E-009   1.2458321761554419E-010   1.7769708452972172E-009   1.7811813555675983E-009   2.3938095474769034E-009   1.2979437387835975E-018   3.2704788694320842E-017   8.7429281142865433E-017   1.1304843101956395E-017  -2.1576600537145442E-017  -1.3046208433743253E-017  -2.6421073847384451E-017  -1.8020565858989414E-017   2.7428498487245037E-018  -5.1734226905103346E-017   2.8809622067033329E-009  -2.8193254341162084E-009   3.9861682432624432E-010  -9.0371822514595184E-011   1.5442319807939108E-010   1.3369841747835229E-009
   1.6946937656633906E-009   2.3879393602907096E-010  -1.6765502593179891E-009   1.9566749719313907E-009  -3.2881819386581616E-011  -8.4517198316070282E-011   7.0336457696617188E-012   4.0045628310931754E-011   3.6832886716211794E-012  -7.1638089238148991E-012   3.4506469181328385E-009   4.8621293709435024E-010  -3.4136392214610988E-009   3.1220992726172595E-009  -8.8140539706134413E-017  -5.2680290822707542E-018  -2.3169689323954730E-017   1.3391627040161949E-016  -3.4598977926007818E-017  -1.5663358887752849E-017   3.5988027928606980E-017  -4.0908364553699706E-017  -4.3014846491125841E-017   4.7760904189896546E-017   2.1733271185811255E-009   3.0663428663937883E-010  -2.1533907753431480E-009  -5.4133551538894797E-010  -1.3914260297746552E-009   1.1579663837485441E-010   6.5927328256154206E-010   6.0636259001560685E-011  -1.1793776717219855E-010  -2.5015102485755425E-009  -3.3537196636797317E-010   2.3311795044065967E-009  -4.1055620616867723E-009  -1.0552763815646230E-008   8.7821760408809249E-010   5.0000179640828856E-009   4.5987257199060679E-010  -8.9445590239823665E-010  -1.8005232882413566E-009  -1.4177728565088130E-016  -2.4076678342573691E-017   6.5372720745746403E-018   2.4672645061170258E-016   1.2688466328302908E-018  -5.6512256195622924E-017  -1.2402612385227678E-017  -3.0245142114982757E-017   4.0716559253884110E-017   1.7670720935896112E-017  -2.1832991886519545E-009   2.1659502639087893E-009  -3.0792065561439670E-010  -4.0543467236868611E-011   2.8075526299563991E-010  -1.0290754920199663E-009
  -2.2179443167287680E-009  -2.5057943491170124E-009  -2.6507256332666444E-009  -1.0326093400375728E-008  -5.1146713414164566E-014  -9.6965494687863457E-012  -5.5860390025732853E-011  -2.5509672699704838E-013   3.1733901234055497E-011   3.0624344048398407E-013  -4.5161505146260485E-009  -5.1019762270199538E-009  -5.3972453287970166E-009  -1.6484002195183580E-008   1.6624055852893284E-017  -1.9087672226399100E-017   8.0787328255455447E-017  -3.4598977926007818E-017   3.9227388451160808E-016   1.2295515137409084E-017  -1.8534562778342095E-016   1.1783446271245071E-016   2.6775422539802873E-016  -1.4804399807157189E-016  -2.8397150413583538E-009  -3.2239778145703791E-009  -3.4008852218540939E-009  -8.4136274828803152E-013  -1.5963205573259639E-010  -9.1964141624358771E-010  -4.2011275567272738E-012   5.2242724304412199E-010   5.0424902990569010E-012   3.4739377505880040E-009   3.2479421940616139E-009   3.8476356403637880E-009  -6.3790926420614882E-012  -1.2106699127366453E-009  -6.9746828880526576E-009  -3.1864535015124604E-011   3.9621573681604243E-009   3.8243627654003316E-011   9.3383421905242281E-009  -2.6653956386901478E-017  -5.5727124808973408E-018  -1.3300805918116749E-017   1.5547490107739609E-017   2.4751609077414691E-016   2.0212559662584754E-017  -4.5553510023412768E-017  -1.6637254741884409E-017   6.6688963432664277E-017   2.2314432746696757E-017   1.1269670664281334E-008  -1.1084073377817165E-008   4.3625981824857608E-010   3.8033427303654660E-010   4.7081099522020896E-010   5.2599634022508647E-009
  -6.1354371434673498E-010  -1.5905047503256094E-009  -3.8552469788242857E-010   2.2704391491950929E-009  -3.2694138493820806E-011   2.6386384162867593E-011  -2.0888629274732581E-011  -7.6044932871253368E-012   3.1507001495476921E-012   4.0298631781699014E-011  -1.2492192914127104E-009  -3.2384719625441006E-009  -7.8498455799451359E-010   3.6238234481204048E-009  -3.3755905429669994E-017   5.6823315203137623E-017  -5.9582373366409417E-018  -1.5663358887752849E-017   1.2295515137409084E-017   6.0951663124332642E-017  -2.8546140086500923E-017   1.1927512271820318E-018  -1.8525168201773906E-017   3.5519907610868811E-018  -7.8926841727208914E-010  -2.0413262572215217E-009  -4.9446700407611034E-010  -5.3824829393207285E-010   4.3440473483729075E-010  -3.4389528245089700E-010  -1.2519324413206672E-010   5.1864558796154293E-011   6.6344153806447437E-010   8.0049517074557301E-010   2.2781647003251905E-009   5.6656823677678678E-010  -4.0821475674623035E-009   3.2945845380399269E-009  -2.6081489866833815E-009  -9.4948265976664446E-010   3.9334688536791424E-010   5.0316302272273592E-009  -2.0657864392889204E-009  -2.1687803307950753E-017   7.8356785657969731E-017  -8.4867765925387784E-018  -5.6109395573177853E-017   2.3107582227096290E-017   8.5206636857813011E-017  -1.0388346531060540E-017   2.1668390579036566E-017  -6.4419527111973316E-017  -9.8250088985485571E-018  -2.4972264392091474E-009   2.4636169263906648E-009   9.3995603447286142E-011   2.7742471449760371E-010   6.9633186060982624E-011  -1.1696061304059161E-009
   2.1137452264792717E-009   2.8573626645103781E-009   4.4638513134345786E-010   4.4681829235085618E-009   4.4582844244148461E-011  -2.7283485795927468E-011  -4.6811909091441879E-012  -8.0048820351631520E-011   1.0825799428972894E-011   3.5465976106221498E-011   4.3039050835190901E-009   5.8179258577652828E-009   9.0887520063167564E-010   7.1324885185618155E-009  -5.5468767462811444E-018  -6.6703944757362443E-017  -5.6022755262101470E-017   3.5988027928606980E-017  -1.8534562778342095E-016  -2.8546140086500923E-017   2.0583328324370016E-016  -7.2360214575044394E-017  -2.0944950970091662E-016   9.5691045351740066E-017   2.7103131530715628E-009   3.6690705825151660E-009   5.7426529561615107E-010   7.3397543911815788E-010  -4.4917752509521250E-010  -7.7064597472603543E-011  -1.3178609412162327E-009   1.7823699694786166E-010   5.8388550210116857E-010  -3.1380817749700839E-009  -4.0152719228571292E-009  -5.8113624030125248E-010   5.5665678027405568E-009  -3.4066240460898081E-009  -5.8446902818706357E-010  -9.9948344075267692E-009   1.3517745113392356E-009   4.4282666047918141E-009  -4.0467306995718413E-009   1.7774777105916720E-017  -1.5572130616209753E-016  -2.7493067788367750E-017  -1.0586439471240078E-017  -5.0784282096871748E-017  -1.3260931601983312E-017   2.3487549651259637E-016  -1.2041470378546807E-017  -1.5939699036039402E-016   2.9467326863429884E-017  -4.8856591460067968E-009   4.8087705286481894E-009  -3.8705672327752903E-010  -4.8551382655389320E-010  -6.8176145661842390E-011  -2.2822434732536807E-009
  -2.2418643741495269E-009   3.2746094807128892E-011  -9.1365344824376405E-010  -3.7486207888103458E-009  -1.6841337863576957E-012   2.9742696596296314E-012  -1.2649906338169581E-011  -1.1812720671892968E-011  -7.7695289762830706E-011   1.3496854458179728E-011  -4.5647648888678142E-009   6.6702051935304442E-011  -1.8602715214446511E-009  -5.9804192249751710E-009   2.9602314920812946E-017  -1.1827199078389016E-017   4.9497947509734072E-017  -4.0908364553699706E-017   1.1783446271245071E-016   1.1927512271820318E-018  -7.2360214575044394E-017   1.3163252332321897E-016   1.0890861363183791E-016  -1.3500665741838959E-016  -2.8752325743739494E-009   4.0348303528576700E-011  -1.1752200592130016E-009  -2.7729541808026526E-011   4.8969017901081091E-011  -2.0825758143045764E-010  -1.9447454067264995E-010  -1.2791153296926655E-009   2.2220408247869496E-010   3.3007219161446038E-009  -1.1911589755005345E-010   1.1969939106689851E-009  -2.1030414903051774E-010   3.7138747579861808E-010  -1.5794531118920650E-009  -1.4749219080763432E-009  -9.7009846893952587E-009   1.6852260571062989E-009   3.4698820827386773E-009   1.1062628967781483E-017  -7.0245772934624976E-018  -2.3364147727632826E-017  -2.4237501241179796E-017   7.9216353433322149E-018   9.3954409835944697E-018  -2.7661692742600720E-017   1.8901388023172363E-016   4.4136618434581541E-017  -1.2346803078758914E-016   4.2142742163673494E-009  -4.1927668589577308E-009   4.0593346315246004E-010  -1.7719013445403511E-011   1.4079458767287341E-010   1.9928255878656127E-009
  -2.3980219574498923E-009  -2.5771285092894878E-009  -3.1220304698452741E-010  -8.5122796171099201E-009   1.1435715116940642E-011  -1.2095619205864363E-011   2.6078231046604974E-012   5.4118583171799803E-011  -1.6992985148354350E-011  -6.5554298288620979E-011  -4.8827853017659934E-009  -5.2472783241706964E-009  -6.3565076883256928E-010  -1.3585652038040400E-008   4.5869248493278623E-017  -8.7412916637690171E-018   7.1654515181275125E-017  -4.3014846491125841E-017   2.6775422539802873E-016  -1.8525168201773906E-017  -2.0944950970091662E-016   1.0890861363183791E-016   2.8974652354718658E-016  -1.3458383169724771E-016  -3.0721962729244366E-009  -3.3123742339988701E-009  -4.0275681314559977E-010   1.8826718622054396E-010  -1.9912654233171147E-010   4.2931121860911411E-011   8.9096705891185994E-010  -2.7976703861959024E-010  -1.0792342451368303E-009   3.6732150929227576E-009   3.4860355601287335E-009   3.5851162671640384E-010   1.4278454001660124E-009  -1.5102015634514820E-009   3.2559678749982521E-010   6.7572129777045036E-009  -2.1217917297288597E-009  -8.1850583778733907E-009   7.7607443700143889E-009   1.0706543589067606E-017   6.0056063616370449E-018   8.4084363419948837E-018   5.0397147067976195E-017   9.3714383427972358E-017  -6.4761475938638841E-017  -1.6420591769364970E-016   2.0905292990806801E-017   2.1429955413025958E-016  -2.1849165721544704E-017   9.3868188946738685E-009  -9.2698516146680864E-009   4.5791665317005547E-010   4.1537670595196114E-010   3.9711808660352320E-011   4.4014896695806519E-009
   3.2807760496467450E-009  -3.3094920571947033E-010   1.3085961133835244E-009   4.7865241748963595E-009   1.2631738395388886E-011  -4.4150764723338270E-012  -2.6915523704511295E-011   8.0609674618459375E-012   4.7302727059591977E-011  -2.0692705857326191E-011   6.6801564589530923E-009  -6.7390812220128902E-010   2.6644548176633519E-009   7.6390091467556291E-009  -3.8246433674798093E-017   6.2006992807980700E-018  -9.9042048204063021E-017   4.7760904189896546E-017  -1.4804399807157189E-016   3.5519907610868811E-018   9.5691045351740066E-017  -1.3500665741838959E-016  -1.3458383169724771E-016   1.7444959877161516E-016   4.2068704796008767E-009  -4.2156203223879425E-010   1.6806629120242102E-009   2.0796383459887122E-010  -7.2690395101814920E-011  -4.4311528791884498E-010   1.3270850025368685E-010   7.7875817160016365E-010  -3.4067233484999921E-010  -4.8641659708784007E-009   6.1139446929960534E-010  -1.8249696911360218E-009   1.5772253753343689E-009  -5.5129361624247733E-010  -3.3606473385906084E-009   1.0064799487354022E-009   5.9062082067556265E-009  -2.5837053240682800E-009  -4.3705388994374321E-009  -9.2130162468357437E-018  -1.9140948105337861E-017  -4.7751409407463005E-017   9.6394502616508734E-018   1.0177828416663859E-017   2.7210910344279933E-018   4.0310987154247932E-017  -1.2745077268282634E-016  -3.4941941881336786E-017   1.3058802244243433E-016  -5.2884783557703079E-009   5.2265062069748481E-009  -5.9967601827712195E-010   8.0565608884892071E-011  -2.2003803143959728E-010  -2.4818942183284278E-009
  0.16440252750822160       -8.3664656355011610E-008  -8.7568445479660603E-008   1.1698174578279051E-007  -1.6295930039237091E-008   1.3564753356685708E-008  -1.7189184440277750E-009   9.9742413537889824E-009  -1.0149294568962509E-008   6.3216811827728814E-009  0.33473565782482567        5.6582339063607908E-008   8.4745322954088805E-008  -2.2049193207892579E-007  -1.0316190342068487E-009  -5.6406951850396179E-010  -2.7688798688880526E-009   2.1733271185811255E-009  -2.8397150413583538E-009  -7.8926841727208914E-010   2.7103131530715628E-009  -2.8752325743739494E-009  -3.0721962729244366E-009   4.2068704796008767E-009  0.21148657588254771        1.6896476763242930E-008   3.5497519456067632E-008   3.1372628008506498E-009  -4.1799385177058493E-009  -1.2080248124839347E-009  -1.3561707767453181E-009  -2.3897105564364116E-009  -1.7810936934886630E-009 -0.21460111307596186       -2.2320376022260467E-008  -4.6352220780962545E-008   1.5045777334114948E-008  -1.9005882869725288E-008  -3.3074056904426238E-009  -8.7436461853602913E-009   4.1840361486511500E-009  -6.3021251786119790E-009   7.6052950035738467E-008  -1.6385908435483278E-010  -1.7620723882303150E-013  -3.8514173901144707E-010   4.3017249063342963E-010  -9.2842452499019934E-010  -2.1033274442839838E-010   8.7105768798993657E-010  -1.2832095639966750E-009  -1.1684701294777171E-009   1.2435143842312177E-009   6.0721466454474761E-008  -6.3566424920275705E-008  -2.5203926730494625E-002  -2.8454619361764521E-009  -5.9778425204242276E-009   3.0011164247428253E-008
   4.4680279160025541E-008  0.16440259056822884        3.0226701658983947E-008  -1.4080733955989009E-007   1.2026972828095506E-008   5.7697847404725765E-009  -1.0240891017831659E-008   5.4886810744473615E-009  -2.5672822179504639E-008  -1.7515669966086035E-008   3.4061893063596826E-009  0.33473556890741429        8.7058440419165572E-009   3.0693203251448730E-007   1.2929638165547898E-009  -1.6101483021744888E-009   5.2523761701951676E-010   3.0663428663937883E-010  -3.2239778145703791E-009  -2.0413262572215217E-009   3.6690705825151660E-009   4.0348303528576700E-011  -3.3123742339988701E-009  -4.2156203223879425E-010   1.6896476763242930E-008  0.21148653147293933        1.6593799488659139E-008   6.2458801323647343E-009   6.1696471344849331E-009  -2.2234048131090201E-009  -6.2237230606291991E-009  -5.0094914638702082E-009  -2.2122811740707744E-011  -2.1361103113421088E-008 -0.21460105524571615       -2.0843082016606640E-008  -2.0340464014998771E-009   1.3573626596353116E-009   4.0394619032557041E-009  -1.4340153632178774E-008   1.2419545953013645E-008   1.6374241392645123E-008  -1.0991565453946036E-007   3.0017519897565087E-010  -2.9984264338920122E-010   1.0645033002622379E-010   3.8914899309852520E-010  -1.1729036825287987E-009  -7.9187610339335984E-010   1.1245809335167789E-009   3.0066436411966173E-011  -1.2089258188067610E-009  -1.0175329166376898E-010  -9.2939191033917873E-008   9.6287915231466832E-008  -2.8570136108539564E-009  -2.5203919241205922E-002  -2.7703012776115364E-009  -4.5488406322953606E-008
