  0.51448778054110800       0.26638584436617418        9.7470614204458956E-017  -4.9311485094945392E-017   7.0962525887592875E-017   1.6604602310197482E-008   3.7322064007383815E-009   4.0694450741335704E-009  -8.6221891246960762E-009   1.5274586051585732E-008  -7.9824341941261452E-009   1.7432152220771342E-009   4.0421661409959892E-009   4.0894155005315053E-009  -6.7438757711746371E-010  -1.1024322020331879E-008  -1.0688403501389487E-009  -2.7489585490721559E-017  -1.3932676069467437E-016  -8.5619964139601942E-018 -0.16052370559635212       -1.2419765322895057E-016  -4.0419885139516441E-016  -2.0442070619143483E-017  -9.9611318730097043E-002   1.6762599517940680E-009   1.8103813757235633E-009   1.8490778396435860E-009  -7.7977647384832572E-010  -3.4174011151738356E-009  -8.9648430668802234E-010   2.8040076325853886E-016   9.5550101615844131E-016  -3.7859783947480230E-017   4.5001960908590266E-002  -1.1229118082038468E-002
  0.26638584436617418       0.13826671945803373        5.2293767989551801E-017  -1.5629605245196758E-017   3.0749463890544819E-017   8.6113373191186686E-009   1.9311961339659650E-009   2.1060778145080680E-009  -4.4718424929961051E-009   7.9366894540142989E-009  -4.1395057822514319E-009   8.6921921076829664E-010   2.1095803658329737E-009   2.1334454421899510E-009  -3.3032466759445096E-010  -5.8223599085535758E-009  -5.3890213350438535E-010   1.5578160003909980E-017   4.1195156496189080E-016  -7.8765419721661222E-017  -7.1383613424233480E-002   5.0624565974228662E-017   1.1442904492893245E-015  -2.0806201366493844E-016  -3.5452567546692237E-002   8.1561686469844719E-010   9.3760664791165040E-010   9.5661924955681826E-010  -3.7582892532999580E-010  -1.8590542557326936E-009  -4.3978917856497585E-010   4.8042484502628528E-016   4.7348570537948195E-016   6.9909162823218262E-016   1.9114989434791042E-002  -6.0138357043311632E-003
   9.7470614204458956E-017   5.2293767989551801E-017   8.7143762980090405E-005  -5.5095238948103613E-012  -4.7444518981109803E-012  -7.9094012027378421E-019  -8.6869392856410123E-018   1.5042486190374051E-018   7.9626353082815364E-018  -4.9218050122548087E-018  -9.7499882353129180E-018  -6.7715514895753064E-018  -4.9196749143495281E-018   2.7462087591156533E-018  -5.0467676581004678E-018   5.1943452228869547E-018   9.4622141651134867E-018   3.8544763142444993E-003  -1.0444592411192476E-010  -8.7287802312044400E-011  -4.6962968176072493E-017   1.0871451998474469E-002  -3.6518532382519530E-010  -3.1690239994230658E-010  -2.8011581017340973E-017  -1.2814757276290882E-018   6.3165067862978773E-018  -2.4540559941976955E-019   2.9527581677918320E-019  -1.0967574360721397E-018   4.0467450572586015E-019  -2.4800232696333374E-003   1.4136286777373084E-010   1.2308648178119807E-010   3.7078096151599454E-016  -3.8448981406397088E-016
  -4.9311485094945392E-017  -1.5629605245196758E-017  -5.5095238948103613E-012   8.7143691774504788E-005   8.6934098233749251E-011  -2.3456550173210410E-018   2.7232152903098252E-018  -2.8753702855372570E-018   3.1403017337648343E-018  -1.1893964924684435E-018  -6.4826301347325774E-018  -3.5530193152637813E-018  -2.5621284396044605E-018   6.3428073196753011E-018   5.0538323759272415E-018   1.6885879293183359E-018  -7.5619914890979691E-018  -1.0444595400085873E-010   3.8544747243158253E-003   1.8781705295694918E-009  -1.1717181386976517E-016  -3.6518537518503806E-010   1.0871447498292802E-002   5.5517883538137297E-009  -1.4050252787540160E-016  -1.7061545027721652E-018   5.3212063965625464E-018  -1.2525913128980363E-018  -8.5741834754565433E-019   1.1457733601171682E-018   1.4061083125095941E-018   1.4136311690602590E-010  -2.4800215652263330E-003  -2.1130428770068829E-009   6.3637638046795028E-016  -1.7123229122484497E-015
   7.0962525887592875E-017   3.0749463890544819E-017  -4.7444518981109803E-012   8.6934098233749251E-011   8.7143695670274956E-005  -6.1459510087736111E-018   6.7554446681016537E-018   3.7330367745214711E-018   5.4187872162412357E-018   2.7040604121721743E-018   1.1802701388691328E-018   4.4141399430652538E-018   1.0599276996823296E-018   3.9242533363490668E-018   7.8893842150363246E-019  -4.5985634303587819E-018  -4.4300733880916087E-018  -8.7287286901601600E-011   1.8781696861320935E-009   3.8544748086496165E-003  -9.5039336700033519E-017  -3.1690089052027721E-010   5.5517861323285827E-009   1.0871447746930789E-002  -1.4925553393752757E-016   5.5034228007768489E-019  -4.5386665437737327E-018  -1.4455806814277046E-018  -1.5493314629230251E-018   3.5416536614648172E-018   1.1307376747230844E-018   1.2308751773359455E-010  -2.1130394006887468E-009  -2.4800216598255677E-003  -7.4839545581002794E-016   9.4863783239346588E-016
   1.6604602310197482E-008   8.6113373191186686E-009  -7.9094012027378421E-019  -2.3456550173210410E-018  -6.1459510087736111E-018   5.3648437211835057E-016   1.2040022521155746E-016   1.3129559704353011E-016  -2.7858926879661802E-016   4.9415250617849054E-016  -2.5789578603764725E-016   5.4845465624643019E-017   1.3116258940392277E-016   1.3266209760027769E-016  -2.0965682371727133E-017  -3.6064230832899367E-016  -3.3880235197237748E-017  -7.7276508602385114E-017  -1.4736432949552779E-016  -2.9001788424818609E-016  -4.6813556899233287E-009  -1.8590498309789320E-016  -3.8258465542740779E-016  -8.0421415822101310E-016  -2.5352538684983065E-009   5.1873337879213426E-017   5.8440361959131217E-017   5.9645699362060515E-017  -2.3978096519390577E-017  -1.1411410916006030E-016  -2.7895301765559628E-017   1.0713108357943657E-015   1.1483200635191881E-015   6.2562292098431418E-016   1.1141803551604048E-009  -2.9745466093002844E-010
   3.7322064007383815E-009   1.9311961339659650E-009  -8.6869392856410123E-018   2.7232152903098252E-018   6.7554446681016537E-018   1.2040022521155746E-016   2.7079329277491385E-017   2.9524707305586869E-017  -6.2518547289265084E-017   1.1069729646417466E-016  -5.7881829690248041E-017   1.2776312628898517E-017   2.9257856635713155E-017   2.9602961378000022E-017  -4.9659543206727119E-018  -7.9526559277014328E-017  -7.8104467584116465E-018  -3.3023458910022698E-016   2.1331760109709454E-016   2.7603508784648782E-016  -1.2108512213600167E-009  -9.7234220798123743E-016   5.3127720597490679E-016   7.9580375730801349E-016  -7.8471240182334834E-010   1.2366694485328908E-017   1.3131561145159119E-017   1.3416317451860538E-017  -5.7670418548277585E-018  -2.4435006476546885E-017  -6.5996556386860248E-018  -1.0919113369236126E-015  -2.3804952053294232E-015   3.7233431297830179E-016   3.8150905628625612E-010  -9.8461490324097050E-011
   4.0694450741335704E-009   2.1060778145080680E-009   1.5042486190374051E-018  -2.8753702855372570E-018   3.7330367745214711E-018   1.3129559704353011E-016   2.9524707305586869E-017   3.2191358242658870E-017  -6.8176358378241541E-017   1.2073230056816294E-016  -6.3119404293712148E-017   1.3891676188491932E-017   3.1921037981427464E-017   3.2296623797510886E-017  -5.3925882070170370E-018  -8.6846211341401875E-017  -8.4991855680458062E-018   3.3292188609152048E-017  -1.1497417928385135E-016   2.1328051770790224E-016  -1.3064435912870481E-009   1.1909292185456411E-016  -3.3353300743510093E-016   5.6505106511650695E-016  -8.3689989770821127E-010   1.3422532063414396E-017   1.4318468978941763E-017   1.4627750477692516E-017  -6.2552596857495821E-018  -2.6748721653465482E-017  -7.1672765784183872E-018   7.8157251760941534E-016  -2.2089458614298899E-016  -1.3006465993176081E-015   4.0456235953311234E-010  -1.0460513029589391E-010
  -8.6221891246960762E-009  -4.4718424929961051E-009   7.9626353082815364E-018   3.1403017337648343E-018   5.4187872162412357E-018  -2.7858926879661802E-016  -6.2518547289265084E-017  -6.8176358378241541E-017   1.4466797242166662E-016  -2.5661970177121137E-016   1.3392165099211594E-016  -2.8450954711725030E-017  -6.8122276783985291E-017  -6.8900409157864540E-017   1.0870713841320017E-017   1.8736599251374805E-016   1.7580476379746795E-017   4.1449714422097102E-016   2.0584462239364874E-016   2.3138154675484499E-016   2.4208329147034500E-009   1.1218641170808296E-015   5.2984446813355641E-016   6.5889457824276087E-016   1.3028811495077509E-009  -2.6891289935762767E-017  -3.0346291418542695E-017  -3.0971306160552473E-017   1.2427114032071313E-017   5.9332259691725047E-017   1.4464207938623928E-017  -1.7715823533770866E-015  -1.7495447716197164E-015   5.1572712233783786E-017  -5.7025775656089197E-010   1.5245410551894880E-010
   1.5274586051585732E-008   7.9366894540142989E-009  -4.9218050122548087E-018  -1.1893964924684435E-018   2.7040604121721743E-018   4.9415250617849054E-016   1.1069729646417466E-016   1.2073230056816294E-016  -2.5661970177121137E-016   4.5586182844538180E-016  -2.3753343826967084E-016   4.8900051329022126E-017   1.2142966488210744E-016   1.2278117678817797E-016  -1.8409355155950226E-017  -3.3706457674318436E-016  -3.0491157349318352E-017  -2.4676802725168199E-016  -7.3007989483829815E-017   2.1630560818278018E-016  -3.7576344002747362E-009  -6.7397167846772681E-016  -1.9045726015385933E-016   5.3679826334565641E-016  -1.5888808426205326E-009   4.5271995127292523E-017   5.3773321038003298E-017   5.4834256874721408E-017  -2.0751550687508918E-017  -1.0917457316557374E-016  -2.4520536569921620E-017   8.6098597797419627E-016   5.3973466221571923E-016  -2.4750583883827041E-015   5.7148627122119919E-010  -1.6429759226412479E-010
  -7.9824341941261452E-009  -4.1395057822514319E-009  -9.7499882353129180E-018  -6.4826301347325774E-018   1.1802701388691328E-018  -2.5789578603764725E-016  -5.7881829690248041E-017  -6.3119404293712148E-017   1.3392165099211594E-016  -2.3753343826967084E-016   1.2397446314534039E-016  -2.6394568971682745E-017  -6.3040484036056196E-017  -6.3761861551580350E-017   1.0094988665295935E-017   1.7327681025499215E-016   1.6299796742165066E-017  -4.1603927685909630E-016  -2.8521583048816245E-016   9.8699112640994139E-017   2.2605244917991566E-009  -1.1849587344596627E-015  -8.0559523019956996E-016   2.4314236700653985E-016   1.2323709653815900E-009  -2.4982094844282731E-017  -2.8094144748846043E-017  -2.8674468568894591E-017   1.1551002815852015E-017   5.4782026570009658E-017   1.3431120399508952E-017  -9.9834246434680140E-017   1.4681640924726756E-016  -1.1865960295569725E-015  -5.4390335836703631E-010   1.4499005098268017E-010
   1.7432152220771342E-009   8.6921921076829664E-010  -6.7715514895753064E-018  -3.5530193152637813E-018   4.4141399430652538E-018   5.4845465624643019E-017   1.2776312628898517E-017   1.3891676188491932E-017  -2.8450954711725030E-017   4.8900051329022126E-017  -2.6394568971682745E-017   9.3408905263100813E-018   1.1985718362227214E-017   1.2207509755110124E-017  -4.2252654646922099E-018  -2.5607326691984528E-017  -5.1155677742995428E-018  -2.9277467577379797E-016  -1.1692281217584556E-016   2.0770474297247321E-016  -1.7582715958128767E-009  -8.3087103196842799E-016  -3.6026779745990722E-016   5.7638166105436280E-016  -1.9812966458611744E-009   1.1093298589743491E-017   6.1028202944522983E-018   6.3398355601437010E-018  -5.5320844668748761E-018  -2.2815366267169132E-018  -5.5611361649921347E-018   2.5580493872739427E-017  -8.9659268366846349E-016  -4.3466129397169246E-016   1.1829308989262235E-009  -2.8958219478960258E-010
   4.0421661409959892E-009   2.1095803658329737E-009  -4.9196749143495281E-018  -2.5621284396044605E-018   1.0599276996823296E-018   1.3116258940392277E-016   2.9257856635713155E-017   3.1921037981427464E-017  -6.8122276783985291E-017   1.2142966488210744E-016  -6.3040484036056196E-017   1.1985718362227214E-017   3.2609791537618312E-017   3.2950292720257663E-017  -4.3322831388056756E-018  -9.2464130112329687E-017  -7.6535851380315997E-018  -3.2394546818426164E-016  -2.0780923442082785E-016   4.2360112071519917E-017  -6.5672670571421294E-010  -8.3308761803511505E-016  -5.1451584545971755E-016   1.2290255853423574E-016   3.6460219786696118E-011   1.0475148373873713E-017   1.4238929550884923E-017   1.4490241677074003E-017  -4.6879573181311027E-018  -3.1476613805442489E-017  -5.7872378737139303E-018   2.7771867101465829E-015   2.4159998259166097E-015   8.1973795245409474E-017  -1.3868433417573505E-010   2.6986942666894265E-011
   4.0894155005315053E-009   2.1334454421899510E-009   2.7462087591156533E-018   6.3428073196753011E-018   3.9242533363490668E-018   1.3266209760027769E-016   2.9602961378000022E-017   3.2296623797510886E-017  -6.8900409157864540E-017   1.2278117678817797E-016  -6.3761861551580350E-017   1.2207509755110124E-017   3.2950292720257663E-017   3.3296241572050275E-017  -4.4290736200855165E-018  -9.3265569478050792E-017  -7.7785854143785901E-018   1.0894122401627649E-016   2.4300633118909890E-016   1.0936097986042966E-016  -6.9328550019283628E-010   3.1675959908223668E-016   7.1384615423918187E-016   3.5711461613668936E-016  -2.2162113939634139E-012   1.0726351104393249E-017   1.4404629409063158E-017   1.4661397886291856E-017  -4.8114900512758090E-018  -3.1623425498992181E-017  -5.9149064965566791E-018   2.3250172387584251E-016   7.5054208470675711E-016   1.4807498228205482E-015  -1.1597230664415800E-010   2.1405197740665708E-011
  -6.7438757711746371E-010  -3.3032466759445096E-010  -5.0467676581004678E-018   5.0538323759272415E-018   7.8893842150363246E-019  -2.0965682371727133E-017  -4.9659543206727119E-018  -5.3925882070170370E-018   1.0870713841320017E-017  -1.8409355155950226E-017   1.0094988665295935E-017  -4.2252654646922099E-018  -4.3322831388056756E-018  -4.4290736200855165E-018   1.9801308235549073E-018   7.8147893682928841E-018   2.2450946024875690E-018  -2.2283842704510669E-016   2.0012688032507536E-016   2.8562196788484855E-017   8.9645532121298402E-010  -6.2880287711920230E-016   5.8219455899977493E-016   8.5358812279825310E-017   1.0592559186942581E-009  -5.2556147840934314E-018  -2.3554171566937088E-018  -2.4659677834958408E-018   2.6547856940627194E-018  -7.7290983136798656E-019   2.6007845423826067E-018   1.3404535220983229E-016   4.3672827010501451E-016   1.3461044135911231E-016  -6.3982613751459649E-010   1.5618775391980157E-010
  -1.1024322020331879E-008  -5.8223599085535758E-009   5.1943452228869547E-018   1.6885879293183359E-018  -4.5985634303587819E-018  -3.6064230832899367E-016  -7.9526559277014328E-017  -8.6846211341401875E-017   1.8736599251374805E-016  -3.3706457674318436E-016   1.7327681025499215E-016  -2.5607326691984528E-017  -9.2464130112329687E-017  -9.3265569478050792E-017   7.8147893682928841E-018   2.7640034160864294E-016   1.7793153175782715E-017   2.8731425658829151E-016   1.2162266921037541E-016  -2.7913948975214526E-016  -7.1271728776301465E-010   7.6673876569492664E-016   3.0746409806672899E-016  -7.2990617477960820E-016  -3.4892794841113659E-009  -1.7407084658673781E-017  -3.8898473803167695E-017  -3.9365533617214300E-017   6.8269382048297665E-018   1.0501640775207866E-016   1.0580440743935705E-017  -1.5753021607205950E-015  -1.2119774025210670E-015   2.0091269651654172E-015   2.4877348133047671E-009  -5.8491089619136937E-010
  -1.0688403501389487E-009  -5.3890213350438535E-010   9.4622141651134867E-018  -7.5619914890979691E-018  -4.4300733880916087E-018  -3.3880235197237748E-017  -7.8104467584116465E-018  -8.4991855680458062E-018   1.7580476379746795E-017  -3.0491157349318352E-017   1.6299796742165066E-017  -5.1155677742995428E-018  -7.6535851380315997E-018  -7.7785854143785901E-018   2.2450946024875690E-018   1.7793153175782715E-017   2.8704559264981965E-018   4.1644685625314052E-016  -3.5213483491616256E-016  -1.7678123552781415E-016   8.6178492005023757E-010   1.1761529863747614E-015  -9.7980462396525669E-016  -5.1313229770360372E-016   9.2199479360889779E-010  -5.8375677751601835E-018  -3.7474486132940261E-018  -3.8739111278122152E-018   2.8772339995119135E-018   3.0548007310778262E-018   2.9603003678841503E-018  -2.1773886057834235E-016   6.5312150876579179E-016  -3.4922831794878106E-016  -5.4309036433307033E-010   1.3338700256963788E-010
  -2.7489585490721559E-017   1.5578160003909980E-017   3.8544763142444993E-003  -1.0444595400085873E-010  -8.7287286901601600E-011  -7.7276508602385114E-017  -3.3023458910022698E-016   3.3292188609152048E-017   4.1449714422097102E-016  -2.4676802725168199E-016  -4.1603927685909630E-016  -2.9277467577379797E-016  -3.2394546818426164E-016   1.0894122401627649E-016  -2.2283842704510669E-016   2.8731425658829151E-016   4.1644685625314052E-016  0.17390925800685086        1.7818552381133087E-009   1.7764419746902493E-009  -8.2696041968583041E-017  0.48791398013806264        1.7515623530306012E-009   1.7414629986266163E-009  -1.5122361146777278E-016  -4.6214242199930652E-017   3.2032703307279413E-016   3.3160927948971820E-017  -5.3380369869045747E-018  -1.0195883087120497E-016   2.3089562687548409E-017 -0.19453204573260491       -7.8195401916457559E-010  -7.7849778075631004E-010  -3.7578150619965661E-016   1.6926485872126367E-016
  -1.3932676069467437E-016   4.1195156496189080E-016  -1.0444592411192476E-010   3.8544747243158253E-003   1.8781696861320935E-009  -1.4736432949552779E-016   2.1331760109709454E-016  -1.1497417928385135E-016   2.0584462239364874E-016  -7.3007989483829815E-017  -2.8521583048816245E-016  -1.1692281217584556E-016  -2.0780923442082785E-016   2.4300633118909890E-016   2.0012688032507536E-016   1.2162266921037541E-016  -3.5213483491616256E-016   1.7818552381133087E-009  0.17390925914935637       -7.1345987213847564E-009   2.1874049663116621E-016   1.7515633236625961E-009  0.48791398169322292       -7.4275191488343902E-009   3.1569820781563908E-016  -7.8169741633869756E-017   3.0603247306185604E-016  -4.1905298837365755E-017  -5.5395277328091756E-017   5.2446958477562110E-017   7.8568216634207543E-017  -7.8195340089489860E-010 -0.19453204633152602        3.2244887975477204E-009  -1.9623675156777009E-016   7.7854042303867786E-016
  -8.5619964139601942E-018  -7.8765419721661222E-017  -8.7287802312044400E-011   1.8781705295694918E-009   3.8544748086496165E-003  -2.9001788424818609E-016   2.7603508784648782E-016   2.1328051770790224E-016   2.3138154675484499E-016   2.1630560818278018E-016   9.8699112640994139E-017   2.0770474297247321E-016   4.2360112071519917E-017   1.0936097986042966E-016   2.8562196788484855E-017  -2.7913948975214526E-016  -1.7678123552781415E-016   1.7764419746902493E-009  -7.1345987213847564E-009  0.17390925884493241       -1.5384687782922459E-017   1.7414635097466255E-009  -7.4275160920212325E-009  0.48791398137511888        8.9153906815425166E-017   3.9807838341151618E-017  -2.1109957823697841E-016  -5.7993044646286431E-017  -9.4064240402354469E-017   1.8011004146005815E-016   6.8971093749009550E-017  -7.7849853346366829E-010   3.2244858168624960E-009 -0.19453204619368702        7.1776828423469935E-016   6.7564793594592017E-017
 -0.16052370559635212       -7.1383613424233480E-002  -4.6962968176072493E-017  -1.1717181386976517E-016  -9.5039336700033519E-017  -4.6813556899233287E-009  -1.2108512213600167E-009  -1.3064435912870481E-009   2.4208329147034500E-009  -3.7576344002747362E-009   2.2605244917991566E-009  -1.7582715958128767E-009  -6.5672670571421294E-010  -6.9328550019283628E-010   8.9645532121298402E-010  -7.1271728776301465E-010   8.6178492005023757E-010  -8.2696041968583041E-017   2.1874049663116621E-016  -1.5384687782922459E-017  0.47974708306376268        3.8247651201531276E-016  -1.5484736899300278E-016  -7.9141480527452068E-017  0.61166813977718348       -2.4384403418379320E-009  -5.5358254570131591E-010  -6.0312476331516814E-010   1.2658291639517128E-009  -2.2240946837510702E-009   1.1725829899584892E-009   7.8294694790758499E-016  -4.2118333762398203E-016   1.0213168590111350E-015 -0.40253145036675653       0.10141871557915388     
  -1.2419765322895057E-016   5.0624565974228662E-017   1.0871451998474469E-002  -3.6518537518503806E-010  -3.1690089052027721E-010  -1.8590498309789320E-016  -9.7234220798123743E-016   1.1909292185456411E-016   1.1218641170808296E-015  -6.7397167846772681E-016  -1.1849587344596627E-015  -8.3087103196842799E-016  -8.3308761803511505E-016   3.1675959908223668E-016  -6.2880287711920230E-016   7.6673876569492664E-016   1.1761529863747614E-015  0.48791398013806264        1.7515633236625961E-009   1.7414635097466255E-009   3.8247651201531276E-016   1.3708012983427387       -4.2040490209611751E-009  -4.2180209800353691E-009   3.8294552642430114E-016  -1.3827862162320857E-016   8.7244737292807910E-016   6.0171996071385631E-017  -1.1123657025656749E-018  -2.4706631621659974E-016   6.1190010422648919E-017 -0.48437779688778521        1.3292390569385787E-009   1.3346488921397797E-009  -2.4404765938860412E-016   4.1494352651416802E-016
  -4.0419885139516441E-016   1.1442904492893245E-015  -3.6518532382519530E-010   1.0871447498292802E-002   5.5517861323285827E-009  -3.8258465542740779E-016   5.3127720597490679E-016  -3.3353300743510093E-016   5.2984446813355641E-016  -1.9045726015385933E-016  -8.0559523019956996E-016  -3.6026779745990722E-016  -5.1451584545971755E-016   7.1384615423918187E-016   5.8219455899977493E-016   3.0746409806672899E-016  -9.7980462396525669E-016   1.7515623530306012E-009  0.48791398169322292       -7.4275160920212325E-009  -1.5484736899300278E-016  -4.2040490209611751E-009   1.3708012980654163        1.4514861883789141E-008  -1.5429601289254418E-016  -2.1842623987485182E-016   8.0959987587659260E-016  -1.2842266410160064E-016  -1.4300069712897074E-016   1.4658534111301562E-016   2.0919024456255406E-016   1.3292369136267378E-009 -0.48437779688980981       -4.5033330569035023E-009  -1.4366410550339860E-016   2.5742751559956858E-017
  -2.0442070619143483E-017  -2.0806201366493844E-016  -3.1690239994230658E-010   5.5517883538137297E-009   1.0871447746930789E-002  -8.0421415822101310E-016   7.9580375730801349E-016   5.6505106511650695E-016   6.5889457824276087E-016   5.3679826334565641E-016   2.4314236700653985E-016   5.7638166105436280E-016   1.2290255853423574E-016   3.5711461613668936E-016   8.5358812279825310E-017  -7.2990617477960820E-016  -5.1313229770360372E-016   1.7414629986266163E-009  -7.4275191488343902E-009  0.48791398137511888       -7.9141480527452068E-017  -4.2180209800353691E-009   1.4514861883789141E-008   1.3708012986781366        4.2523057863937228E-017   1.0055633144979556E-016  -5.8755824333961459E-016  -1.6807472771912569E-016  -2.4595356796364036E-016   4.9021771080557946E-016   1.8016435826384049E-016   1.3346463242950256E-009  -4.5033332425527955E-009 -0.48437779707960610       -4.5180302823401862E-016  -2.9823171894696200E-016
  -9.9611318730097043E-002  -3.5452567546692237E-002  -2.8011581017340973E-017  -1.4050252787540160E-016  -1.4925553393752757E-016  -2.5352538684983065E-009  -7.8471240182334834E-010  -8.3689989770821127E-010   1.3028811495077509E-009  -1.5888808426205326E-009   1.2323709653815900E-009  -1.9812966458611744E-009   3.6460219786696118E-011  -2.2162113939634139E-012   1.0592559186942581E-009  -3.4892794841113659E-009   9.2199479360889779E-010  -1.5122361146777278E-016   3.1569820781563908E-016   8.9153906815425166E-017  0.61166813977718348        3.8294552642430114E-016  -1.5429601289254418E-016   4.2523057863937228E-017  0.80751605377496416       -2.9128262098538091E-009  -3.3611675698160198E-010  -3.9424201233643284E-010   1.5326461136269013E-009  -3.7816369560918242E-009   1.3801413402537841E-009  -1.0063071260365097E-015  -2.4709648360761170E-016  -6.2898675615916344E-016 -0.44568284817325998       0.10193776294284031     
   1.6762599517940680E-009   8.1561686469844719E-010  -1.2814757276290882E-018  -1.7061545027721652E-018   5.5034228007768489E-019   5.1873337879213426E-017   1.2366694485328908E-017   1.3422532063414396E-017  -2.6891289935762767E-017   4.5271995127292523E-017  -2.4982094844282731E-017   1.1093298589743491E-017   1.0475148373873713E-017   1.0726351104393249E-017  -5.2556147840934314E-018  -1.7407084658673781E-017  -5.8375677751601835E-018  -4.6214242199930652E-017  -7.8169741633869756E-017   3.9807838341151618E-017  -2.4384403418379320E-009  -1.3827862162320857E-016  -2.1842623987485182E-016   1.0055633144979556E-016  -2.9128262098538091E-009   1.4000507353063456E-017   5.8481835613383055E-018   6.1412972424166832E-018  -7.0990818468558862E-018   3.5341989141724633E-018  -6.9013014223860806E-018  -2.2310232504043118E-016   1.1562054227418964E-016  -3.9919079472440660E-016   1.8790243691996910E-009  -4.6339942085543361E-010
   1.8103813757235633E-009   9.3760664791165040E-010   6.3165067862978773E-018   5.3212063965625464E-018  -4.5386665437737327E-018   5.8440361959131217E-017   1.3131561145159119E-017   1.4318468978941763E-017  -3.0346291418542695E-017   5.3773321038003298E-017  -2.8094144748846043E-017   6.1028202944522983E-018   1.4238929550884923E-017   1.4404629409063158E-017  -2.3554171566937088E-018  -3.8898473803167695E-017  -3.7474486132940261E-018   3.2032703307279413E-016   3.0603247306185604E-016  -2.1109957823697841E-016  -5.5358254570131591E-010   8.7244737292807910E-016   8.0959987587659260E-016  -5.8755824333961459E-016  -3.3611675698160198E-010   5.8481835613383055E-018   6.3708620776288255E-018   6.5060450597279928E-018  -2.7170449319686027E-018  -1.2112133426986147E-017  -3.1311421754861456E-018  -1.1950357296813692E-015  -1.9039486194065801E-015   3.8579865818687995E-016   1.2815038193689157E-010  -3.2208760386906487E-011
   1.8490778396435860E-009   9.5661924955681826E-010  -2.4540559941976955E-019  -1.2525913128980363E-018  -1.4455806814277046E-018   5.9645699362060515E-017   1.3416317451860538E-017   1.4627750477692516E-017  -3.0971306160552473E-017   5.4834256874721408E-017  -2.8674468568894591E-017   6.3398355601437010E-018   1.4490241677074003E-017   1.4661397886291856E-017  -2.4659677834958408E-018  -3.9365533617214300E-017  -3.8739111278122152E-018   3.3160927948971820E-017  -4.1905298837365755E-017  -5.7993044646286431E-017  -6.0312476331516814E-010   6.0171996071385631E-017  -1.2842266410160064E-016  -1.6807472771912569E-016  -3.9424201233643284E-010   6.1412972424166832E-018   6.5060450597279928E-018   6.6474060084460486E-018  -2.8648650421653459E-018  -1.2082234102528568E-017  -3.2764333282517105E-018  -1.0845570657372516E-015  -2.9909781677057263E-016  -1.0633454207089815E-016   1.6535931205680237E-010  -4.1387773491394836E-011
  -7.7977647384832572E-010  -3.7582892532999580E-010   2.9527581677918320E-019  -8.5741834754565433E-019  -1.5493314629230251E-018  -2.3978096519390577E-017  -5.7670418548277585E-018  -6.2552596857495821E-018   1.2427114032071313E-017  -2.0751550687508918E-017   1.1551002815852015E-017  -5.5320844668748761E-018  -4.6879573181311027E-018  -4.8114900512758090E-018   2.6547856940627194E-018   6.8269382048297665E-018   2.8772339995119135E-018  -5.3380369869045747E-018  -5.5395277328091756E-017  -9.4064240402354469E-017   1.2658291639517128E-009  -1.1123657025656749E-018  -1.4300069712897074E-016  -2.4595356796364036E-016   1.5326461136269013E-009  -7.0990818468558862E-018  -2.7170449319686027E-018  -2.8648650421653459E-018   3.6153519705653913E-018  -2.6511069738494861E-018   3.4836634575715371E-018   4.4785989100919465E-016   4.5765553996728065E-016   6.7734462204943089E-016  -9.9430257013183299E-010   2.4517088920596992E-010
  -3.4174011151738356E-009  -1.8590542557326936E-009  -1.0967574360721397E-018   1.1457733601171682E-018   3.5416536614648172E-018  -1.1411410916006030E-016  -2.4435006476546885E-017  -2.6748721653465482E-017   5.9332259691725047E-017  -1.0917457316557374E-016   5.4782026570009658E-017  -2.2815366267169132E-018  -3.1476613805442489E-017  -3.1623425498992181E-017  -7.7290983136798656E-019   1.0501640775207866E-016   3.0548007310778262E-018  -1.0195883087120497E-016   5.2446958477562110E-017   1.8011004146005815E-016  -2.2240946837510702E-009  -2.4706631621659974E-016   1.4658534111301562E-016   4.9021771080557946E-016  -3.7816369560918242E-009   3.5341989141724633E-018  -1.2112133426986147E-017  -1.2082234102528568E-017  -2.6511069738494861E-018   4.7899466813519247E-017  -8.8286904645378218E-019   1.3566673232429554E-015  -7.6455102995383037E-017  -6.8253383637118912E-016   2.7462415947908412E-009  -6.7517242386468117E-010
  -8.9648430668802234E-010  -4.3978917856497585E-010   4.0467450572586015E-019   1.4061083125095941E-018   1.1307376747230844E-018  -2.7895301765559628E-017  -6.5996556386860248E-018  -7.1672765784183872E-018   1.4464207938623928E-017  -2.4520536569921620E-017   1.3431120399508952E-017  -5.5611361649921347E-018  -5.7872378737139303E-018  -5.9149064965566791E-018   2.6007845423826067E-018   1.0580440743935705E-017   2.9603003678841503E-018   2.3089562687548409E-017   7.8568216634207543E-017   6.8971093749009550E-017   1.1725829899584892E-009   6.1190010422648919E-017   2.0919024456255406E-016   1.8016435826384049E-016   1.3801413402537841E-009  -6.9013014223860806E-018  -3.1311421754861456E-018  -3.2764333282517105E-018   3.4836634575715371E-018  -8.8286904645378218E-019   3.4175803016804652E-018  -1.4023073274261358E-016  -4.4608263428873013E-016  -5.0229838550094747E-016  -8.8470812230279880E-010   2.1821982506882858E-010
   2.8040076325853886E-016   4.8042484502628528E-016  -2.4800232696333374E-003   1.4136311690602590E-010   1.2308751773359455E-010   1.0713108357943657E-015  -1.0919113369236126E-015   7.8157251760941534E-016  -1.7715823533770866E-015   8.6098597797419627E-016  -9.9834246434680140E-017   2.5580493872739427E-017   2.7771867101465829E-015   2.3250172387584251E-016   1.3404535220983229E-016  -1.5753021607205950E-015  -2.1773886057834235E-016 -0.19453204573260491       -7.8195340089489860E-010  -7.7849853346366829E-010   7.8294694790758499E-016 -0.48437779688778521        1.3292369136267378E-009   1.3346463242950256E-009  -1.0063071260365097E-015  -2.2310232504043118E-016  -1.1950357296813692E-015  -1.0845570657372516E-015   4.4785989100919465E-016   1.3566673232429554E-015  -1.4023073274261358E-016   2.1744648333066743       -3.9962809880803854E-010  -4.0165306935420188E-010   3.2918588236297318E-017   2.9238677960008661E-016
   9.5550101615844131E-016   4.7348570537948195E-016   1.4136286777373084E-010  -2.4800215652263330E-003  -2.1130394006887468E-009   1.1483200635191881E-015  -2.3804952053294232E-015  -2.2089458614298899E-016  -1.7495447716197164E-015   5.3973466221571923E-016   1.4681640924726756E-016  -8.9659268366846349E-016   2.4159998259166097E-015   7.5054208470675711E-016   4.3672827010501451E-016  -1.2119774025210670E-015   6.5312150876579179E-016  -7.8195401916457559E-010 -0.19453204633152602        3.2244858168624960E-009  -4.2118333762398203E-016   1.3292390569385787E-009 -0.48437779688980981       -4.5033332425527955E-009  -2.4709648360761170E-016   1.1562054227418964E-016  -1.9039486194065801E-015  -2.9909781677057263E-016   4.5765553996728065E-016  -7.6455102995383037E-017  -4.4608263428873013E-016  -3.9962809880803854E-010   2.1744648333430501        1.3196049112116352E-009  -1.4807631269444838E-016  -4.4969999907788632E-017
  -3.7859783947480230E-017   6.9909162823218262E-016   1.2308648178119807E-010  -2.1130428770068829E-009  -2.4800216598255677E-003   6.2562292098431418E-016   3.7233431297830179E-016  -1.3006465993176081E-015   5.1572712233783786E-017  -2.4750583883827041E-015  -1.1865960295569725E-015  -4.3466129397169246E-016   8.1973795245409474E-017   1.4807498228205482E-015   1.3461044135911231E-016   2.0091269651654172E-015  -3.4922831794878106E-016  -7.7849778075631004E-010   3.2244887975477204E-009 -0.19453204619368702        1.0213168590111350E-015   1.3346488921397797E-009  -4.5033330569035023E-009 -0.48437779707960610       -6.2898675615916344E-016  -3.9919079472440660E-016   3.8579865818687995E-016  -1.0633454207089815E-016   6.7734462204943089E-016  -6.8253383637118912E-016  -5.0229838550094747E-016  -4.0165306935420188E-010   1.3196049112116352E-009   2.1744648333985426       -6.5421131192653115E-016  -2.0275028832400630E-016
   4.5001960908590266E-002   1.9114989434791042E-002   3.7078096151599454E-016   6.3637638046795028E-016  -7.4839545581002794E-016   1.1141803551604048E-009   3.8150905628625612E-010   4.0456235953311234E-010  -5.7025775656089197E-010   5.7148627122119919E-010  -5.4390335836703631E-010   1.1829308989262235E-009  -1.3868433417573505E-010  -1.1597230664415800E-010  -6.3982613751459649E-010   2.4877348133047671E-009  -5.4309036433307033E-010  -3.7578150619965661E-016  -1.9623675156777009E-016   7.1776828423469935E-016 -0.40253145036675653       -2.4404765938860412E-016  -1.4366410550339860E-016  -4.5180302823401862E-016 -0.44568284817325998        1.8790243691996910E-009   1.2815038193689157E-010   1.6535931205680237E-010  -9.9430257013183299E-010   2.7462415947908412E-009  -8.8470812230279880E-010   3.2918588236297318E-017  -1.4807631269444838E-016  -6.5421131192653115E-016   2.4645561372875702      -0.68438078297075822     
  -1.1229118082038468E-002  -6.0138357043311632E-003  -3.8448981406397088E-016  -1.7123229122484497E-015   9.4863783239346588E-016  -2.9745466093002844E-010  -9.8461490324097050E-011  -1.0460513029589391E-010   1.5245410551894880E-010  -1.6429759226412479E-010   1.4499005098268017E-010  -2.8958219478960258E-010   2.6986942666894265E-011   2.1405197740665708E-011   1.5618775391980157E-010  -5.8491089619136937E-010   1.3338700256963788E-010   1.6926485872126367E-016   7.7854042303867786E-016   6.7564793594592017E-017  0.10141871557915388        4.1494352651416802E-016   2.5742751559956858E-017  -2.9823171894696200E-016  0.10193776294284031       -4.6339942085543361E-010  -3.2208760386906487E-011  -4.1387773491394836E-011   2.4517088920596992E-010  -6.7517242386468117E-010   2.1821982506882858E-010   2.9238677960008661E-016  -4.4969999907788632E-017  -2.0275028832400630E-016 -0.68438078297075822        2.1901662446971830     
