  0.15820504025245341        1.2797694020126951E-007  -6.4661848876959552E-008   4.4406620052400350E-008  -8.9380557829882945E-008   1.7012402131824991E-008  -4.8544352991280561E-008   3.7127936210390149E-009  -7.3155661136106903E-008   8.5667765201791562E-008  0.31370231667119480        8.9490751513853981E-008  -3.4642758552129053E-008   6.3026386119598903E-008   1.7915947161521735E-009   3.9116149207319042E-009  -1.5779754301191883E-009  -1.9789162875410036E-009   8.1796885597884923E-010  -4.2473344951159302E-010  -3.2260168310850601E-009  -1.0879573552258599E-009   4.1654056940797112E-010   1.9870685624344695E-009  -2.8485051208617928E-008   1.8144081547945762E-008  -2.3368731554871510E-008   9.3344989635174419E-009  -1.1464818417161508E-008   1.9150554447346429E-008  0.19207016349096359        5.7628390113044121E-008  -2.5354432395907099E-008  -9.2938224450454504E-009  -5.1204860531230989E-010  -5.1451100324596916E-009  -1.0660440888892176E-009  -1.0375424556207296E-008   1.0359868577295404E-008 -0.21330618016810579       -7.0496791971766498E-008   3.0502551178590549E-008  -3.7033422538325894E-008   2.8828367157749437E-008  -9.2785396586073267E-009   1.8108549868875676E-008  -5.0393875751311863E-009   1.8703694420175334E-008  -2.3788978271524380E-008  -2.7916724641405299E-008   6.2610888612025059E-002   2.1530543130679045E-008  -9.3158379622847167E-009   1.2636980575069345E-008  -4.0532864244960293E-009
   1.2797694020126951E-007  0.15820492702536637        7.9582160129843086E-008  -4.3970749254676979E-008  -6.7946260400516295E-008   5.3527129652864188E-008  -8.0687499762976306E-008   1.0788531447971812E-007  -4.5454097084109484E-008  -3.9939054990363484E-008   8.7581117911177716E-008  0.31370223884321646        4.5565107218605429E-008  -6.7025194377047050E-008  -3.8855004942537000E-009   3.8254328923900116E-010   8.1581642820071611E-010   5.1348766894983438E-009  -1.2872274821338165E-009   7.8069133786338472E-011  -1.6805266659635361E-009   2.6961680019217573E-009   1.8721078828496262E-009  -2.6176783533191130E-009  -1.8928388664886109E-008  -4.1668394247550063E-009  -1.3133011165428370E-008   3.4663308062292540E-008  -2.4033121636360027E-008  -1.5734931370926669E-008   5.6846696643346949E-008  0.19207011217226655        3.3241805854681531E-008  -7.9106479660837858E-009   1.0377172354271242E-008  -1.1550063259681493E-008   1.1748428387845029E-008  -4.6739941268555030E-009  -3.8377916274593961E-009  -6.9506664406587210E-008 -0.21330611789869994       -3.9555557965493941E-008   3.7782597555634299E-008   2.0317220215048364E-008  -9.7370779953482223E-009   2.0797000863068973E-008  -3.4895447146704812E-008   1.7943557295362718E-008   1.4578224542568257E-008   3.0359568972424776E-008   2.1228536301676365E-008   6.2610869595612517E-002   1.2074103653158153E-008  -1.3312350849580670E-008   4.3630047253061191E-009
  -6.4661848876959552E-008   7.9582160129843086E-008  0.15820524317888093        3.1780204468861148E-008   1.9885203675149191E-008   7.7376017732803910E-008   1.0096175001449233E-008  -7.2879106510529870E-009  -8.1083806611023970E-008  -1.2597286149609056E-008  -5.3646115840772841E-008   6.2213812864352796E-008  0.31370245328394625        3.7804326034781823E-008   1.6502316035542107E-009  -3.2386205129056553E-010  -2.6375233538086200E-009   1.4554495616444194E-010   3.9818635306306453E-009  -2.3595636487767140E-009  -1.7103370438117582E-009  -3.6654713194044021E-009   2.6185201158256983E-009   4.6979494715176914E-009   1.1495835798821744E-008   1.0014343345952184E-008  -1.6515315246450368E-008   5.7134813895866440E-009   7.2362534137923938E-009  -1.7209313779453525E-008  -3.4074821751347293E-008   4.1090302038302925E-008  0.19207025933771787        1.8096115775552974E-009   1.1100893613635080E-008   3.2591288390187490E-009  -2.2401811686184984E-009  -1.3550675860362783E-008   4.3056880068029373E-010   4.0892363598863556E-008  -4.8780057550492045E-008 -0.21330629329507181       -1.9555504496475809E-008  -7.7818803947059958E-009  -1.7858054439048475E-008   4.0226146875971648E-009  -1.8247535676103657E-010   1.3656018095065776E-008   7.9643553769730141E-009  -2.3338637219270918E-008  -1.2474977359827279E-008   1.4877093288855468E-008   6.2610923124183621E-002   8.7482184108237014E-009  -3.1980594051145791E-009
   4.4406620052400350E-008  -4.3970749254676979E-008   3.1780204468861148E-008  0.69399859657960039       -4.6165986605801607E-009   5.0275143206130558E-009   1.1362592521860185E-009  -1.0773908585325275E-008   1.4094468553858496E-009   1.5390546255314573E-008  -3.5007566097599377E-008   3.7584393583390446E-008  -9.6215149443313992E-009  0.80538839111417204       -1.0437551340882778E-008  -4.6669977950354429E-009  -2.0184070402911369E-009   8.6559153358992574E-009  -5.6577208710222308E-009   5.3475278700230658E-009   1.2351186949398499E-008  -4.2043287114759015E-009  -1.1903858315447826E-008   4.6381535443100571E-009   3.5295842736006447E-009  -1.3631918643286558E-008   7.4909389148013675E-009   1.5798323588632018E-008  -9.3982450259907175E-009  -1.9327845178365868E-008  -2.8133776989857009E-008   3.4186599341667483E-008  -2.8752889926928629E-008  -1.5856606920856892E-009   2.9535995899992533E-010  -5.0885258843501989E-010  -2.8600664069312228E-009   9.9314069476095353E-010   4.4458309971614020E-009   2.5506433161444003E-008  -3.1068188933934522E-008   2.2506668230142496E-008 -0.54119308822828327       -1.9810136302678893E-010  -8.1915156242497419E-010  -1.6933540092467950E-009  -1.3200192287134316E-009   8.9595199182697393E-010   1.5180738321449941E-009 -0.34655592091356152       -7.8768371154706574E-009   9.6368901579001434E-009  -7.1088596393270806E-009  0.17395264239858033       -5.1254454429406258E-002
  -8.9380557829882945E-008  -6.7946260400516295E-008   1.9885203675149191E-008  -4.6165986605801607E-009   1.5249227131588599E-004   4.8232055879464064E-012  -1.5344547047400386E-012  -7.6246119695307351E-005  -7.9744488106555681E-012  -7.6246151620793409E-005  -1.7726899668399854E-007  -1.3473078582999531E-007   3.9336757538489889E-008  -5.3518151733362544E-009  -7.1720117703856910E-011   9.7385638457692153E-011  -1.2521324498572817E-010   3.9165572544608001E-011  -9.5946864570286669E-012   5.7057048062373997E-011  -5.1789599241075312E-011   2.9903083635233039E-011  -2.7902571373603555E-011   7.1039977103853754E-011  -7.4518927776436210E-005  -2.0669588436237671E-011   8.7626116359355944E-012   3.7259430848759254E-005   2.2450766754093105E-011   3.7259496926147255E-005  -1.0854673401003661E-007  -8.2503760193153236E-008   2.4310438957142722E-008   3.0619550761099641E-003   6.8356342312206170E-011  -1.1930990510605403E-011  -1.5309773483340847E-003  -1.0543799467569377E-010  -1.5309777277773614E-003   1.2077877018366841E-007   9.1854886354020366E-008  -2.5342277831647621E-008   3.4992718303199453E-009   1.5928090943208129E-002   2.5996384412024096E-010  -1.8812719367447933E-011  -7.9640446342681744E-003  -4.4732215953915924E-010  -7.9640463089431113E-003   2.2134432625343087E-009  -3.6497674703172133E-008  -2.7780329934039705E-008   7.3939747881585441E-009  -1.0799844104587083E-009   3.2757553190201668E-010
   1.7012402131824991E-008   5.3527129652864188E-008   7.7376017732803910E-008   5.0275143206130558E-009   4.8232055879464064E-012   1.5249226164663118E-004   4.6967707107496458E-012   6.5595487409812828E-012  -4.0636236625949490E-012  -1.1382843536239927E-011   3.3612648741348241E-008   1.0629075258195087E-007   1.5344264840014567E-007   5.9409650293154055E-009  -6.5625160375190845E-011  -6.9544840401243112E-011  -6.3642413333092307E-012   1.0854421499115843E-010  -1.0188106764311188E-010  -2.0498803843034002E-011   3.2867107131498972E-011  -4.5679509822875726E-012   2.5448990508792968E-011   8.1483564897289745E-012  -2.0234176532093931E-011  -7.4518897880614498E-005  -1.8279874017435189E-011  -1.8128756391205008E-011   1.4202911406447906E-011   3.8363013583690937E-011   2.0899864736129724E-008   6.4655563058959101E-008   9.3802740016714494E-008   6.5081170778692099E-011   3.0619549596388419E-003   6.3074295485983576E-011   8.3541656437264296E-011  -5.0565162282554556E-011  -1.4862268609989474E-010  -2.1346173532352786E-008  -7.4489018499106764E-008  -1.0576860964169819E-007  -3.4189049001495941E-009   2.3848303563916304E-010   1.5928090441647062E-002   2.5057833556639363E-010   3.3213817118602890E-010  -2.0827639788718190E-010  -5.7062121664563072E-010  -2.1222659465356819E-009   6.1347173012636533E-009   2.2956331265430989E-008   3.2248701218697383E-008   7.8710249514320518E-010  -2.6351060241063409E-010
  -4.8544352991280561E-008  -8.0687499762976306E-008   1.0096175001449233E-008   1.1362592521860185E-009  -1.5344547047400386E-012   4.6967707107496458E-012   1.5249229106546728E-004   7.9388103163294261E-012   4.1958276846456547E-012  -6.4043641303991920E-012  -9.6138697943094872E-008  -1.6007246828727740E-007   2.0101874196928645E-008   1.2987633721564897E-009   8.2358099618226875E-011   1.9796753104155243E-011  -8.1454965273278248E-011   3.4612905486947747E-011   7.9090495619083894E-011  -1.4510788704281146E-010  -6.5687075049825014E-012   1.2361884197851806E-011  -1.0983904757104301E-011   5.1498942704764622E-011   9.0569459448335674E-012  -1.6831920651755152E-011  -7.4518976793588865E-005  -1.9079790237393619E-011  -2.8435741131135577E-011   1.0022860400251506E-011  -5.9182082305304516E-008  -9.7783654865592696E-008   1.2056375909247301E-008  -3.4794031221433094E-011   6.1593209538186740E-011   3.0619553120847178E-003   9.0446831023951966E-011   6.9620753921604394E-011  -5.5652770729410804E-011   6.3250343025304779E-008   1.1039405965576145E-007  -1.4939647384895679E-008  -1.0974824688697688E-009  -1.4550981787728484E-010   2.3677461103242052E-010   1.5928091968857333E-002   3.8608961287643246E-010   2.1655212885988726E-010  -2.4057975400635286E-010  -7.3381315666447937E-010  -1.8706235880301114E-008  -3.3652415881145120E-008   4.7801277796585747E-009   4.9008522477301754E-010  -1.3535714634455958E-010
   3.7127936210390149E-009   1.0788531447971812E-007  -7.2879106510529870E-009  -1.0773908585325275E-008  -7.6246119695307351E-005   6.5595487409812828E-012   7.9388103163294261E-012   1.5249226228821310E-004   1.1182125812871072E-012  -7.6246142592919719E-005   7.3700201512404622E-009   2.1394589756437337E-007  -1.4577162095129027E-008  -1.2540355838280088E-008   3.2193236448935981E-011  -7.3566112173960311E-011   2.9436069922686708E-011  -6.0323130611551987E-011  -1.1353327756240263E-011   1.7131378426923770E-011   9.9621152021575436E-011  -1.2112693408817244E-010  -6.0089704781671675E-011   6.8342315931706081E-011   3.7259430882565274E-005  -1.8726678355563668E-011  -1.9485120680160855E-011  -7.4518904719059049E-005  -9.3503539964174254E-012   3.7259473838208928E-005   4.5917202963587154E-009   1.3104964566202794E-007  -8.6116672516890816E-009  -1.5309773520978519E-003   8.4184053466845119E-011   1.0027621487876198E-010   3.0619549665469787E-003   6.7121953424761697E-012  -1.5309776144473361E-003  -4.4468483043450694E-009  -1.4532781312160632E-007   1.1865923854172545E-008   7.9231679654356855E-009  -7.9640446537830849E-003   3.3952982577757409E-010   4.4297472483839375E-010   1.5928090476270904E-002  -9.2175883168019272E-012  -7.9640458224849928E-003   4.9785477832416236E-009   1.2038864205424281E-009   4.3837210121475667E-008  -3.9533592682706755E-009  -2.2828539331610419E-009   7.0712710890171639E-010
  -7.3155661136106903E-008  -4.5454097084109484E-008  -8.1083806611023970E-008   1.4094468553858496E-009  -7.9744488106555681E-012  -4.0636236625949490E-012   4.1958276846456547E-012   1.1182125812871072E-012   1.5249227949868977E-004   6.8562515899421143E-012  -1.4513119508207995E-007  -9.0023556372043119E-008  -1.6097878067594555E-007   1.6739497866984720E-009  -5.7262877521214066E-012   3.6960448723275426E-011  -3.1967776933329427E-011   2.0131319409660457E-011  -5.7577058121050940E-011  -1.2448695961948546E-011   7.7845100591883371E-011   1.0067720903960525E-010  -1.4140061617648720E-010  -5.1212980150338866E-011   2.1814154347768734E-011   1.2502370621711553E-011  -2.8129118328393087E-011  -9.6868875626266818E-012  -7.4518947348560567E-005  -1.2127234095841987E-011  -8.8657743546110774E-008  -5.5424940970407401E-008  -9.8008043938424636E-008  -9.4531643321615662E-011  -5.1413521398205616E-011   6.8221913645238163E-011   3.2138129634673613E-011   3.0619551720791837E-003   6.2393508618560763E-011   1.0007678892714538E-007   5.9074809544273924E-008   1.1276565573810815E-007  -8.2482764747402658E-010  -3.8186700885100163E-010  -2.0540506457380248E-010   2.0496698654798546E-010   1.2636061208001637E-010   1.5928091367967509E-002   2.5550634657390698E-010  -4.9116894993506399E-010  -3.0504604232328267E-008  -1.7435841073855771E-008  -3.4724526007616642E-008   9.5500429644383871E-011  -4.3433167910306007E-011
   8.5667765201791562E-008  -3.9939054990363484E-008  -1.2597286149609056E-008   1.5390546255314573E-008  -7.6246151620793409E-005  -1.1382843536239927E-011  -6.4043641303991920E-012  -7.6246142592919719E-005   6.8562515899421143E-012   1.5249229421394181E-004   1.6989897848253874E-007  -7.9215113559530150E-008  -2.4759581722956921E-008   1.7892214983259616E-008   3.9526881254582011E-011  -2.3819526284054827E-011   9.5777175063015041E-011   2.1157558067316356E-011   2.0948014213221968E-011  -7.4188426489215436E-011  -4.7831552779907288E-011   9.1223850452598666E-011   8.7992276154802839E-011  -1.3938229303528619E-010   3.7259496893975873E-005   3.9396310386614076E-011   1.0722513207109236E-011   3.7259473870306605E-005  -1.3100420266009597E-011  -7.4518970764467950E-005   1.0395501484221344E-007  -4.8545886809362964E-008  -1.5698763025787840E-008  -1.5309777240164243E-003  -1.5254218707794851E-010  -8.8345395434062065E-011  -1.5309776182131742E-003   9.8726107836935902E-011   3.0619553422292899E-003  -1.1633192679959948E-007   5.3472918437135187E-008   1.3476360446333281E-008  -1.1422487062792420E-008  -7.9640462894474753E-003  -5.9950298812055727E-010  -4.2416289534565157E-010  -7.9640458420041881E-003   4.5654135267530122E-010   1.5928092131451993E-002  -7.1920295640991549E-009   3.5293783551201455E-008  -1.6056888056088116E-008  -3.4405893162705440E-009   3.3628768478465094E-009  -1.0346830536677980E-009
  0.31370231667119480        8.7581117911177716E-008  -5.3646115840772841E-008  -3.5007566097599377E-008  -1.7726899668399854E-007   3.3612648741348241E-008  -9.6138697943094872E-008   7.3700201512404622E-009  -1.4513119508207995E-007   1.6989897848253874E-007  0.62213211206561281       -1.5204643673488396E-007   7.9164939891785931E-008  -1.7700274888807336E-008   3.5531005016195764E-009   7.7536366635023027E-009  -3.1279402032224350E-009  -3.9225329517650361E-009   1.6207913565318346E-009  -8.4439848460799463E-010  -6.3954956483497080E-009  -2.1579604884318039E-009   8.2682061528399871E-010   3.9398769320865333E-009  -5.6485246400635035E-008   3.6077883847468864E-008  -4.6452712042108443E-008   1.8512559568130942E-008  -2.2696973777436911E-008   3.7972691189939538E-008  0.38051513700302608       -8.7672018426431913E-008   4.0340573539984314E-008  -1.9044528160707036E-008  -3.3582598536221580E-009  -7.9017417021697996E-009  -1.9071858349564292E-009  -2.1806136429897776E-008   2.0951718046285292E-008 -0.43257926826470777        7.9028889337276324E-008  -3.7781417096149797E-008   2.4020032266569457E-008   5.3887931768157848E-008  -3.0284178998730982E-008   4.7505606027248390E-008  -8.8502392876896020E-009   3.0789220308803704E-008  -4.5037689882003569E-008   7.6993747681472883E-009  0.13839665920637043       -2.3011744866346006E-008   1.1033307874655743E-008  -8.0896541279476392E-009   1.8225835501671281E-009
   8.9490751513853981E-008  0.31370223884321646        6.2213812864352796E-008   3.7584393583390446E-008  -1.3473078582999531E-007   1.0629075258195087E-007  -1.6007246828727740E-007   2.1394589756437337E-007  -9.0023556372043119E-008  -7.9215113559530150E-008  -1.5204643673488396E-007  0.62213224859434724       -9.9181168836267285E-008   1.1641180784202488E-008  -7.7032606851518482E-009   7.5837845666200496E-010   1.6184633935051173E-009   1.0179450816145285E-008  -2.5516232714938028E-009   1.5555767873988958E-010  -3.3304006061405035E-009   5.3450292945589146E-009   3.7097991983422526E-009  -5.1902804545289021E-009  -3.7552574927071746E-008  -8.3668651894944768E-009  -2.6001985544869238E-008   6.8756336336291666E-008  -4.7761971969643721E-008  -3.1203785219786720E-008  -8.6904749106324802E-008  0.38051521346597583       -5.0233681304817147E-008  -1.5592772740755769E-008   2.3399686936428365E-008  -2.4241454705335708E-008   2.3593518146729894E-008  -7.2261544441657778E-009  -8.0007676894357922E-009   7.8387575555469272E-008 -0.43257933886014216        4.7711972033705348E-008  -2.5327191441219942E-008   4.0701660440979726E-008  -4.9438099897111372E-009   3.4397620806973675E-008  -6.7506204290275062E-008   4.5848196288166086E-008   2.6804539137534384E-008  -5.3374698737818745E-009  -2.2817985528476917E-008  0.13839667985679424       -1.3967392569345558E-008   8.8221205493483098E-009  -1.7710451616519243E-009
  -3.4642758552129053E-008   4.5565107218605429E-008  0.31370245328394625       -9.6215149443313992E-009   3.9336757538489889E-008   1.5344264840014567E-007   2.0101874196928645E-008  -1.4577162095129027E-008  -1.6097878067594555E-007  -2.4759581722956921E-008   7.9164939891785931E-008  -9.9181168836267285E-008  0.62213185597889764       -8.8351403378744722E-009   3.2718122258468381E-009  -6.4179626562818795E-010  -5.2293352846476968E-009   2.8838954350481191E-010   7.8935037592866153E-009  -4.6779875934194084E-009  -3.3908088467189280E-009  -7.2664479890853527E-009   5.1910439656341213E-009   9.3137567107151422E-009   2.2875988448707411E-008   1.9857952643491727E-008  -3.2815758159058510E-008   1.1426898932248304E-008   1.4488147368836388E-008  -3.4302880246278530E-008   4.6110391209430984E-008  -5.4874964058748850E-008  0.38051500421160595        1.7908294808282128E-009   2.2083567181402659E-008   8.0095089984747543E-009  -6.8154565602509227E-009  -3.0503487333461213E-008   5.0246258276522212E-009  -4.3051330399172653E-008   5.2083684295501417E-008 -0.43257913945649773        2.4043351822426986E-008  -2.4537516312078777E-008  -3.5092792437493360E-008   1.5791262269660333E-008  -1.2417211353232164E-008   8.6203292018417668E-009   3.6954727005999976E-008  -3.1394244453011969E-009   1.2636609892749665E-008  -1.5300608258943233E-008  0.13839662126566801       -8.1197518246424181E-009   1.0340777190208274E-009
   6.3026386119598903E-008  -6.7025194377047050E-008   3.7804326034781823E-008  0.80538839111417204       -5.3518151733362544E-009   5.9409650293154055E-009   1.2987633721564897E-009  -1.2540355838280088E-008   1.6739497866984720E-009   1.7892214983259616E-008  -1.7700274888807336E-008   1.1641180784202488E-008  -8.8351403378744722E-009  0.93782260318362487       -1.2115667673396325E-008  -5.4177457312132105E-009  -2.3429511197496009E-009   1.0047593946194910E-008  -6.5669343171258265E-009   6.2072784030619985E-009   1.4336973988459535E-008  -4.8795754051439963E-009  -1.3817323272825042E-008   5.3833536090176388E-009   4.1067071902279663E-009  -1.5992831044024976E-008   8.7596144441348302E-009   1.8448733782941802E-008  -1.0992201797360842E-008  -2.2555348662054055E-008  -1.9079876568412268E-008   2.0745490570404820E-008  -3.2809538241974025E-008  -1.6030361537664795E-009   1.9495956150401000E-009  -7.7701005198399105E-010  -3.5288076851122292E-009   1.6371950263484911E-009   5.1319847388218189E-009   7.5729170663987550E-009  -6.4217022481186155E-009   1.7072603130657425E-008 -0.58807205428424658        1.0699195904466759E-009   6.6029219357176948E-009  -2.5979671627274374E-009  -2.0671680209833770E-009   3.1405946451812879E-009   9.9721025638905102E-010 -0.35537738842511724       -1.9242628197719946E-009   1.5904187649618973E-009  -5.0462995678945931E-009  0.17086194526092244       -5.4910150494133003E-002
   1.7915947161521735E-009  -3.8855004942537000E-009   1.6502316035542107E-009  -1.0437551340882778E-008  -7.1720117703856910E-011  -6.5625160375190845E-011   8.2358099618226875E-011   3.2193236448935981E-011  -5.7262877521214066E-012   3.9526881254582011E-011   3.5531005016195764E-009  -7.7032606851518482E-009   3.2718122258468381E-009  -1.2115667673396325E-008   3.9676373055209553E-016   9.5897029519220692E-017  -1.5131400546037704E-017  -3.2316093083020150E-016   2.6130474348824580E-016  -2.0915315215353207E-016  -1.9740011650323339E-016  -5.9423462502790539E-017   1.6894329808506874E-016   5.5569653739521533E-017   3.5048395454185457E-011   3.2069691246595060E-011  -4.0245719660440473E-011  -1.5734125859018804E-011   2.7986494084923306E-012  -1.9314269595125106E-011   2.1717978530193726E-009  -4.7276011798481577E-009   2.0070701636120186E-009  -1.4401163580594015E-009  -1.3177069529137322E-009   1.6536718445808361E-009   6.4647163814962386E-010  -1.1496907046250131E-010   7.9364471990908923E-010  -2.5225119940047662E-009   4.8853102713869674E-009  -2.1018290135593345E-009   8.1032982170393769E-009  -7.4913924079176736E-009  -6.8546250857582002E-009   8.6022915522915510E-009   3.3629057198008342E-009  -5.9806105358233986E-010   4.1284866881190670E-009   5.1700810268512144E-009   7.7161286098127496E-010  -1.4505611937693908E-009   6.2757759114169085E-010  -2.5832358973084567E-009   7.7284897250709969E-010
   3.9116149207319042E-009   3.8254328923900116E-010  -3.2386205129056553E-010  -4.6669977950354429E-009   9.7385638457692153E-011  -6.9544840401243112E-011   1.9796753104155243E-011  -7.3566112173960311E-011   3.6960448723275426E-011  -2.3819526284054827E-011   7.7536366635023027E-009   7.5837845666200496E-010  -6.4179626562818795E-010  -5.4177457312132105E-009   9.5897029519220692E-017   2.4075133729556559E-016  -1.0632042718356791E-016  -1.0137153819368807E-016   8.7227492167080431E-017  -2.7287170443631720E-017  -2.0958465727524539E-016   8.5743972916246907E-017   4.0435967718659704E-017   1.5336827913656954E-017  -4.7591720091960478E-011   3.3985383886456725E-011  -9.6754633341249476E-012   3.5950204263180544E-011  -1.8062745869809751E-011   1.1641515827160525E-011   4.7691741022742682E-009   4.6586509799577938E-010  -3.9599382627032052E-010   1.9554940000994129E-009  -1.3964267156383595E-009   3.9753560350136309E-010  -1.4771731263743086E-009   7.4217919558158267E-010  -4.7832087372701942E-010  -4.5911657858427297E-009  -4.6621698670791153E-010   3.4244033102299983E-010   3.6182479935479811E-009   1.0172354620343651E-008  -7.2641210911377634E-009   2.0679556840223913E-009  -7.6841588372489675E-009   3.8607696076415995E-009  -2.4881957830966374E-009   2.3057880745403440E-009   1.3349259589795243E-009   1.4266593856281941E-010  -9.5563309028436435E-011  -1.1522147456959834E-009   3.4501597883502989E-010
  -1.5779754301191883E-009   8.1581642820071611E-010  -2.6375233538086200E-009  -2.0184070402911369E-009  -1.2521324498572817E-010  -6.3642413333092307E-012  -8.1454965273278248E-011   2.9436069922686708E-011  -3.1967776933329427E-011   9.5777175063015041E-011  -3.1279402032224350E-009   1.6184633935051173E-009  -5.2293352846476968E-009  -2.3429511197496009E-009  -1.5131400546037704E-017  -1.0632042718356791E-016   2.3275847969210792E-016  -2.8977942737314048E-017  -7.8146942488599080E-017   4.9278602235884243E-017   2.3155465279813339E-017   7.6810712716836839E-017   7.5254027788349669E-017  -2.3073879668332716E-016   6.1188484693592884E-011   3.1091478201928220E-012   3.9805271395720032E-011  -1.4384322882778790E-011   1.5622603846272209E-011  -4.6804161810171563E-011  -1.9234967525660272E-009   9.8526577073725060E-010  -3.2072162375688490E-009  -2.5142127019317957E-009  -1.2776624002832126E-010  -1.6355656694898704E-009   5.9104573030830598E-010  -6.4193087795954154E-010   1.9231669716240186E-009   1.8662421927664505E-009  -1.2710295176940713E-009   3.3803324585343210E-009   1.5666422995988625E-009  -1.3078770958671683E-008  -6.6463050737255664E-010  -8.5081058263659500E-009   3.0745808559999751E-009  -3.3392845180325769E-009   1.0004190102674041E-008   9.9933957129245206E-010  -5.4433323465525238E-010   4.0041047963293967E-010  -1.0107528775597821E-009  -4.9954584606914583E-010   1.4948346537804916E-010
  -1.9789162875410036E-009   5.1348766894983438E-009   1.4554495616444194E-010   8.6559153358992574E-009   3.9165572544608001E-011   1.0854421499115843E-010   3.4612905486947747E-011  -6.0323130611551987E-011   2.0131319409660457E-011   2.1157558067316356E-011  -3.9225329517650361E-009   1.0179450816145285E-008   2.8838954350481191E-010   1.0047593946194910E-008  -3.2316093083020150E-016  -1.0137153819368807E-016  -2.8977942737314048E-017   4.1211146109400482E-016  -1.7788708000822151E-016   2.1454078088838876E-017   1.3081929589657121E-016   1.0371945073988583E-016  -7.4141343311669635E-017  -5.5709044961215453E-017  -1.9139929530717403E-011  -5.3042367831815837E-011  -1.6915455538962390E-011   2.9481118479042818E-011  -9.8386823335716344E-012  -1.0341188948595793E-011  -2.4132817461437166E-009   6.2533000643569193E-009   1.7820561585890168E-010   7.8644414584582194E-010   2.1794711032023082E-009   6.9504633293222311E-010  -1.2113192392764368E-009   4.0423745135585941E-010   4.2487509343090083E-010   2.3063799809472516E-009  -6.2708323175021655E-009  -1.4553601786310108E-010  -6.7202395405640937E-009   4.0910323614161252E-009   1.1337464810034561E-008   3.6155877258701775E-009  -6.3012069093295164E-009   2.1028174307073911E-009   2.2101745479114701E-009  -4.2875303794652033E-009  -6.6354749635440098E-010   1.8477802513531203E-009   4.0443231189330684E-011   2.1458335582541910E-009  -6.4209989901727619E-010
   8.1796885597884923E-010  -1.2872274821338165E-009   3.9818635306306453E-009  -5.6577208710222308E-009  -9.5946864570286669E-012  -1.0188106764311188E-010   7.9090495619083894E-011  -1.1353327756240263E-011  -5.7577058121050940E-011   2.0948014213221968E-011   1.6207913565318346E-009  -2.5516232714938028E-009   7.8935037592866153E-009  -6.5669343171258265E-009   2.6130474348824580E-016   8.7227492167080431E-017  -7.8146942488599080E-017  -1.7788708000822151E-016   2.9494371915197708E-016  -1.7268989796336304E-016  -2.0869790388048038E-016  -1.0110581481226827E-016   1.9277022692133331E-016   1.3360648396858826E-016   4.6892547116455090E-012   4.9787802251089939E-011  -3.8649595961915199E-011   5.5473898320349402E-012   2.8135748350474335E-011  -1.0236644544134734E-011   1.0014880906872849E-009  -1.5689644058758232E-009   4.8502902279538867E-009  -1.9266820172858961E-010  -2.0457430701031360E-009   1.5880776678732576E-009  -2.2794912442175309E-010  -1.1560724597240078E-009   4.2061732614940046E-010  -8.2045230994177129E-010   1.5266135276536143E-009  -4.8253152225958460E-009   4.3978733758332427E-009  -1.0022479873365085E-009  -1.0641823773889116E-008   8.2610759023617774E-009  -1.1857755100239230E-009  -6.0138116026593290E-009   2.1880234973608885E-009   2.8086923148531000E-009   2.2474690160738362E-010  -4.4485014668856617E-010   1.4132788477678495E-009  -1.4069438670320536E-009   4.2073081291158295E-010
  -4.2473344951159302E-010   7.8069133786338472E-011  -2.3595636487767140E-009   5.3475278700230658E-009   5.7057048062373997E-011  -2.0498803843034002E-011  -1.4510788704281146E-010   1.7131378426923770E-011  -1.2448695961948546E-011  -7.4188426489215436E-011  -8.4439848460799463E-010   1.5555767873988958E-010  -4.6779875934194084E-009   6.2072784030619985E-009  -2.0915315215353207E-016  -2.7287170443631720E-017   4.9278602235884243E-017   2.1454078088838876E-017  -1.7268989796336304E-016   2.5915423765762684E-016   1.3402019820039787E-016  -2.3994673068894502E-017  -1.5251979092561487E-016  -1.8845164935289169E-017  -2.7882420230152142E-011   1.0016352584486272E-011   7.0910752559475807E-011  -8.3715768492343603E-012   6.0838990355159869E-012   3.6253997079601139E-011  -5.0045813858770629E-010   8.9442357803280522E-011  -2.8709736389299101E-009   1.1456744062408004E-009  -4.1158132166779012E-010  -2.9136798468160385E-009   3.4398666044794589E-010  -2.4999021193490153E-010  -1.4896610666881086E-009   1.0778932036205163E-009  -2.8349912708009127E-010   2.9654355876914084E-009  -4.1514742082069122E-009   5.9597237259754884E-009  -2.1410181960395328E-009  -1.5156772512104713E-008   1.7893961535463847E-009  -1.3004340927317411E-009  -7.7491198795229411E-009  -2.6488597945562039E-009  -3.7167493410554167E-010   9.8351771806773003E-011  -8.8242776529149038E-010   1.3199411328334195E-009  -3.9478593440709335E-010
  -3.2260168310850601E-009  -1.6805266659635361E-009  -1.7103370438117582E-009   1.2351186949398499E-008  -5.1789599241075312E-011   3.2867107131498972E-011  -6.5687075049825014E-012   9.9621152021575436E-011   7.7845100591883371E-011  -4.7831552779907288E-011  -6.3954956483497080E-009  -3.3304006061405035E-009  -3.3908088467189280E-009   1.4336973988459535E-008  -1.9740011650323339E-016  -2.0958465727524539E-016   2.3155465279813339E-017   1.3081929589657121E-016  -2.0869790388048038E-016   1.3402019820039787E-016   4.3433326971412780E-016  -7.0433475156730363E-017  -3.7313445053442965E-016   3.5239219095955005E-017   2.5310009933043164E-011  -1.6062770785519761E-011   3.2117129092920982E-012  -4.8683198471632495E-011  -3.8039198171547243E-011   2.3373188540937189E-011  -3.9271918705427593E-009  -2.0542742621585904E-009  -2.0813474598303067E-009  -1.0399496312523059E-009   6.5998533613098514E-010  -1.3193094646685174E-010   2.0003608328799911E-009   1.5630264468750459E-009  -9.6041120162452230E-010   3.9893612933184448E-009   1.7947754339886382E-009   2.1391657457992965E-009  -9.5889876895865836E-009  -5.4097522328598885E-009   3.4332023246383662E-009  -6.8629795662598954E-010   1.0405747978702334E-008   8.1307588372295856E-009  -4.9959957458414123E-009  -6.1179570057655780E-009  -1.1776565926579397E-009  -5.0662248362060577E-010  -6.3519365362459717E-010   3.0574944291844723E-009  -9.1475927514548962E-010
  -1.0879573552258599E-009   2.6961680019217573E-009  -3.6654713194044021E-009  -4.2043287114759015E-009   2.9903083635233039E-011  -4.5679509822875726E-012   1.2361884197851806E-011  -1.2112693408817244E-010   1.0067720903960525E-010   9.1223850452598666E-011  -2.1579604884318039E-009   5.3450292945589146E-009  -7.2664479890853527E-009  -4.8795754051439963E-009  -5.9423462502790539E-017   8.5743972916246907E-017   7.6810712716836839E-017   1.0371945073988583E-016  -1.0110581481226827E-016  -2.3994673068894502E-017  -7.0433475156730363E-017   3.3602011413420801E-016   8.7522482837069713E-018  -3.0770530317318474E-016  -1.4613696533667485E-011   2.2314139430358904E-012  -6.0412854975185598E-012   5.9192801842603730E-011  -4.9197947853810057E-011  -4.4579105310745981E-011  -1.3166405190302626E-009   3.2826310856019472E-009  -4.4640171659243211E-009   6.0045599190729252E-010  -9.1701142110247903E-011   2.4824489260723201E-010  -2.4321984162839704E-009   2.0215072853783567E-009   1.8317424243746244E-009   1.6048861851152090E-009  -3.3190134811738680E-009   4.4703326738017911E-009   3.2733217685082557E-009   3.1235340713354517E-009  -4.7702249357377542E-010   1.2913550711627758E-009  -1.2652139867667720E-008   1.0515747554938713E-008   9.5286057963307051E-009   2.0931708589676544E-009  -4.9796325637129054E-010   9.7949277854530805E-010  -1.3171595111000347E-009  -1.0511701456145378E-009   3.1412617377933717E-010
   4.1654056940797112E-010   1.8721078828496262E-009   2.6185201158256983E-009  -1.1903858315447826E-008  -2.7902571373603555E-011   2.5448990508792968E-011  -1.0983904757104301E-011  -6.0089704781671675E-011  -1.4140061617648720E-010   8.7992276154802839E-011   8.2682061528399871E-010   3.7097991983422526E-009   5.1910439656341213E-009  -1.3817323272825042E-008   1.6894329808506874E-016   4.0435967718659704E-017   7.5254027788349669E-017  -7.4141343311669635E-017   1.9277022692133331E-016  -1.5251979092561487E-016  -3.7313445053442965E-016   8.7522482837069713E-018   4.6017628600324835E-016  -6.2614989445658256E-017   1.3634764572218737E-011  -1.2434916225051222E-011   5.3664971103164477E-012   2.9365168336198978E-011   6.9097688299037148E-011  -4.2999932909948285E-011   4.9970636280516420E-010   2.2902181413075868E-009   3.1884144910738596E-009  -5.6025458823857098E-010   5.1096350178589539E-010  -2.2053161577341035E-010  -1.2065928799659035E-009  -2.8391993369904545E-009   1.7668474682021457E-009  -7.6112366459672137E-010  -1.9417240740624704E-009  -3.2124376612432558E-009   9.2467286024717360E-009  -2.9144074113109728E-009   2.6579969884442273E-009  -1.1471900991111046E-009  -6.2766187568425925E-009  -1.4769327860576527E-008   9.1910261681541348E-009   5.9023122155729488E-009   2.4506591081772960E-010   5.3703927722678697E-010   9.4776260826594332E-010  -2.9498431966374116E-009   8.8226033913169308E-010
   1.9870685624344695E-009  -2.6176783533191130E-009   4.6979494715176914E-009   4.6381535443100571E-009   7.1039977103853754E-011   8.1483564897289745E-012   5.1498942704764622E-011   6.8342315931706081E-011  -5.1212980150338866E-011  -1.3938229303528619E-010   3.9398769320865333E-009  -5.1902804545289021E-009   9.3137567107151422E-009   5.3833536090176388E-009   5.5569653739521533E-017   1.5336827913656954E-017  -2.3073879668332716E-016  -5.5709044961215453E-017   1.3360648396858826E-016  -1.8845164935289169E-017   3.5239219095955005E-017  -3.0770530317318474E-016  -6.2614989445658256E-017   4.0133172887947070E-016  -3.4714786313514874E-011  -3.9806106495549145E-012  -2.5166189552759298E-011  -3.3398258958593586E-011   2.5025580533054688E-011   6.8113045272978434E-011   2.4150552387166305E-009  -3.1811020945920883E-009   5.7177684339635902E-009   1.4264295741570230E-009   1.6358095593001318E-010   1.0340478683539478E-009   1.3723138034228481E-009  -1.0282754058741568E-009  -2.7987433775787348E-009  -2.5872254464981451E-009   3.4212170372081248E-009  -5.8515237088192769E-009  -3.6074964864928221E-009   7.4201930890468771E-009   8.5093596787489856E-010   5.3790484934785075E-009   7.1386890044058241E-009  -5.3490190194246433E-009  -1.4558882093453274E-008  -2.3050213831643115E-009   7.7688156372506864E-010  -1.0285223198834071E-009   1.7351230139820906E-009   1.1558360599949884E-009  -3.4555628754050858E-010
  -2.8485051208617928E-008  -1.8928388664886109E-008   1.1495835798821744E-008   3.5295842736006447E-009  -7.4518927776436210E-005  -2.0234176532093931E-011   9.0569459448335674E-012   3.7259430882565274E-005   2.1814154347768734E-011   3.7259496893975873E-005  -5.6485246400635035E-008  -3.7552574927071746E-008   2.2875988448707411E-008   4.1067071902279663E-009   3.5048395454185457E-011  -4.7591720091960478E-011   6.1188484693592884E-011  -1.9139929530717403E-011   4.6892547116455090E-012  -2.7882420230152142E-011   2.5310009933043164E-011  -1.4613696533667485E-011   1.3634764572218737E-011  -3.4714786313514874E-011   3.6415423267758743E-005   1.8823877028417378E-011  -8.3042551324809306E-012  -1.8207683178356992E-005  -1.9694321250543345E-011  -1.8207740088654227E-005  -3.4461593917460382E-008  -2.2862506436390043E-008   1.3650388101600615E-008  -1.4962962214597135E-003  -3.9206795343803977E-010   1.7163281028734648E-010   7.4814751202104558E-004   4.1054474767275710E-010   7.4814870943939213E-004   4.1546208855500266E-008   2.8958217223854790E-008  -2.3552957471277176E-008  -2.5301299141935510E-009  -7.7836355208201237E-003  -1.9927704538347453E-009   8.7163789013334483E-010   3.8918147190658866E-003   2.0861576844141159E-009   3.8918208017557783E-003  -1.5178978915608454E-009  -1.3351363581559585E-008  -9.4145651484619335E-009   8.4181238878563015E-009   6.6580459473148374E-010  -2.0902459836771024E-010
   1.8144081547945762E-008  -4.1668394247550063E-009   1.0014343345952184E-008  -1.3631918643286558E-008  -2.0669588436237671E-011  -7.4518897880614498E-005  -1.6831920651755152E-011  -1.8726678355563668E-011   1.2502370621711553E-011   3.9396310386614076E-011   3.6077883847468864E-008  -8.3668651894944768E-009   1.9857952643491727E-008  -1.5992831044024976E-008   3.2069691246595060E-011   3.3985383886456725E-011   3.1091478201928220E-012  -5.3042367831815837E-011   4.9787802251089939E-011   1.0016352584486272E-011  -1.6062770785519761E-011   2.2314139430358904E-012  -1.2434916225051222E-011  -3.9806106495549145E-012   1.8823877028417378E-011   3.6415396327406673E-005   1.6017742354950092E-011   1.6458321612077084E-011  -1.2103691794823821E-011  -3.5282238058908138E-011   2.1650449815321542E-008  -4.6951178185899822E-009   1.2185512022438330E-008  -3.9914444216606948E-010  -1.4962956584854727E-003  -3.2238616820118725E-010  -3.5275311761389670E-010   2.3673560666321693E-010   7.5189749081652699E-010  -3.3668515461536966E-008   1.3472046607511258E-008  -1.4013578360099818E-008   8.8236868071046522E-009  -2.0274081381504135E-009  -7.7836326432150884E-003  -1.6391305636331409E-009  -1.7849490267362858E-009   1.2047672305495222E-009   3.8123571696857225E-009   4.8181973583652301E-009   1.1714237193778332E-008  -5.3417344314661991E-009   4.1797760441875216E-009  -1.4943000414360611E-009   5.2858093345567052E-010
  -2.3368731554871510E-008  -1.3133011165428370E-008  -1.6515315246450368E-008   7.4909389148013675E-009   8.7626116359355944E-012  -1.8279874017435189E-011  -7.4518976793588865E-005  -1.9485120680160855E-011  -2.8129118328393087E-011   1.0722513207109236E-011  -4.6452712042108443E-008  -2.6001985544869238E-008  -3.2815758159058510E-008   8.7596144441348302E-009  -4.0245719660440473E-011  -9.6754633341249476E-012   3.9805271395720032E-011  -1.6915455538962390E-011  -3.8649595961915199E-011   7.0910752559475807E-011   3.2117129092920982E-012  -6.0412854975185598E-012   5.3664971103164477E-012  -2.5166189552759298E-011  -8.3042551324809306E-012   1.6017742354950092E-011   3.6415466437816657E-005   1.6917442572706279E-011   2.6671438886445402E-011  -8.6131953080233573E-012  -2.7898177866037226E-008  -1.6055608650088393E-008  -1.9777617336116405E-008   1.7694246440706632E-010  -3.5049488782952663E-010  -1.4962971267156000E-003  -3.5682076419384902E-010  -5.5852198539654160E-010   1.7987828558370260E-010   4.4096642969376228E-008   1.5980332115890520E-008   2.8647380327759353E-008  -5.0081422318185014E-009   9.0305977082684932E-010  -1.7823558727846014E-009  -7.7836401312319729E-003  -1.8148790928624897E-009  -2.8342812501833018E-009   9.1181930200315563E-010  -2.8168678809396301E-009  -1.5446943275298533E-008  -4.5835958973453112E-009  -9.7302369989564368E-009   1.0073833336384801E-009  -3.3857949646879464E-010
