   1.6163223460962476E-005  -8.4796248774365163E-015   1.0524813843319737E-014  -4.7687771780651760E-014  -5.1119881971892163E-005  -9.8886874721637084E-016   1.2275635354775004E-015  -5.5598811199797394E-015  -1.2384938447999728E-003  -3.7303365666000537E-003  -9.5115609866943972E-017   1.1759348595410081E-016  -5.3446351577757474E-016  -1.3753933569354182E-003
  -8.4796248774365163E-015   2.6557699079410996E-002  -3.2960100627698011E-002  0.14934940533485727       -4.1633088407764237E-016   3.0960492341123550E-003  -3.8424297978344986E-003   1.7410887540351461E-002   6.2876951118946838E-016   7.3753145905189866E-016   2.9765861695508475E-004  -3.6941671558990343E-004   1.6739077170093383E-003   1.9401472449942164E-016
   1.0524813843319737E-014  -3.2960100627698011E-002   4.0905962152052229E-002 -0.18535383708523168        5.1365523515093978E-016  -3.8424297978344956E-003   4.7687441751937797E-003  -2.1608220035613301E-002  -8.5406605213835166E-016  -1.1373636447730658E-015  -3.6941671558990337E-004   4.5847390931680652E-004  -2.0774452873020374E-003  -3.2265101958297927E-016
  -4.7687771780651760E-014  0.14934940533485727      -0.18535383708523168       0.83987866596348904       -2.3352498587373073E-015   1.7410887540351461E-002  -2.1608220035613322E-002   9.7911558253910166E-002   3.6818120659805961E-015   4.5869435122112478E-015   1.6739077170093422E-003  -2.0774452873020426E-003   9.4133577375528302E-003   1.2530573599840926E-015
  -5.1119881971892163E-005  -4.1633088407764237E-016   5.1365523515093978E-016  -2.3352498587373073E-015   1.6167829017099873E-004  -4.7493976328370639E-017   5.7984980685964229E-017  -2.7057673758573542E-016   3.9170193570608166E-003   1.1798040499817038E-002  -4.4258744558291694E-018   6.9228221737209855E-018  -2.6239565020306676E-017   4.3499952989746243E-003
  -9.8886874721637084E-016   3.0960492341123550E-003  -3.8424297978344956E-003   1.7410887540351461E-002  -4.7493976328370639E-017   3.6093190269931655E-004  -4.4794361880313278E-004   2.0297302440749321E-003   9.8524691091461529E-017   1.6195423493090634E-016   3.4700511151027459E-005  -4.3065942420332150E-005   1.9514117882445941E-004   5.0629925199596302E-017
   1.2275635354775004E-015  -3.8424297978344986E-003   4.7687441751937797E-003  -2.1608220035613322E-002   5.7984980685964229E-017  -4.4794361880313278E-004   5.5593169826720964E-004  -2.5190477869243026E-003  -1.4550111150620064E-016  -2.7094963780036733E-016  -4.3065942420332177E-005   5.3448071369301704E-005  -2.4218486968429219E-004  -8.8627283204536056E-017
  -5.5598811199797394E-015   1.7410887540351461E-002  -2.1608220035613301E-002   9.7911558253910166E-002  -2.7057673758573542E-016   2.0297302440749321E-003  -2.5190477869243026E-003   1.1414354987468622E-002   4.6949760081220446E-016   6.5605635178894200E-016   1.9514117882445982E-004  -2.4218486968429257E-004   1.0973924708850347E-003   1.9080997471902142E-016
  -1.2384938447999728E-003   6.2876951118946838E-016  -8.5406605213835166E-016   3.6818120659805961E-015   3.9170193570608166E-003   9.8524691091461529E-017  -1.4550111150620064E-016   4.6949760081220446E-016   9.4898583027823932E-002  0.28583400383745744        1.2870529723590744E-017   1.8671163071459730E-017   3.9664533186344453E-017  0.10538839674260456     
  -3.7303365666000537E-003   7.3753145905189866E-016  -1.1373636447730658E-015   4.5869435122112478E-015   1.1798040499817038E-002   1.6195423493090634E-016  -2.7094963780036733E-016   6.5605635178894200E-016  0.28583400383745744       0.86093042849540924        2.5805945913640794E-017   7.2321795614637703E-017   4.6587626051926196E-017  0.31742926435600188     
  -9.5115609866943972E-017   2.9765861695508475E-004  -3.6941671558990337E-004   1.6739077170093422E-003  -4.4258744558291694E-018   3.4700511151027459E-005  -4.3065942420332177E-005   1.9514117882445982E-004   1.2870529723590744E-017   2.5805945913640794E-017   3.3361569457763014E-006  -4.1404215144461713E-006   1.8761153007480098E-005   8.6414880570760196E-018
   1.1759348595410081E-016  -3.6941671558990343E-004   4.5847390931680652E-004  -2.0774452873020426E-003   6.9228221737209855E-018  -4.3065942420332150E-005   5.3448071369301704E-005  -2.4218486968429257E-004   1.8671163071459730E-017   7.2321795614637703E-017  -4.1404215144461713E-006   5.1385742924931974E-006  -2.3284000965941271E-005   2.7749219366830458E-017
  -5.3446351577757474E-016   1.6739077170093383E-003  -2.0774452873020374E-003   9.4133577375528302E-003  -2.6239565020306676E-017   1.9514117882445941E-004  -2.4218486968429219E-004   1.0973924708850347E-003   3.9664533186344453E-017   4.6587626051926196E-017   1.8761153007480098E-005  -2.3284000965941271E-005   1.0550488717735549E-004   1.2266064562671969E-017
  -1.3753933569354182E-003   1.9401472449942164E-016  -3.2265101958297927E-016   1.2530573599840926E-015   4.3499952989746243E-003   5.0629925199596302E-017  -8.8627283204536056E-017   1.9080997471902142E-016  0.10538839674260456       0.31742926435600188        8.6414880570760196E-018   2.7749219366830458E-017   1.2266064562671969E-017  0.11703772399552238     
