  0.39037089555613669       -4.1891680208219900E-016  -1.8627182250642614E-016   1.7822031994517915E-016   3.1401723388918862E-016  -2.0547818084400625E-016  -4.2681513105201079E-017  -4.2680008048178066E-016  -1.2996155726221808E-016  -8.4062326205204804E-016  0.59503593524886922        2.2378654783745967E-016  -1.1905762030527218E-017  -7.3698377288086363E-017  -1.1555246616955444E-014   5.1957324287453898E-017  -5.2200274446207851E-017  -8.4025502083463274E-015   1.3438091531295736E-017  -8.1728654007215315E-015  -4.1054177254249770E-016  -9.1013791817648105E-017  -3.5589510761997848E-017 -0.26157457310330257       -1.3822053298140405E-015  -4.1068193667064592E-016  -2.0621183721012997E-016   7.0576255099427457E-002   7.4284370342565795E-016   4.8510970716543369E-019  -5.6719893045677358E-018   7.6524692062329007E-016  -9.4154379659058260E-018   9.9975649658619885E-016   4.4000689331916719E-002
  -4.1891680208219900E-016   1.1629640785027636E-005  -7.4576804909946068E-018  -2.0258414621177845E-017  -5.2434014317319921E-019  -3.1976855097606824E-018   8.8837250740719780E-019  -1.9195078737492786E-018  -1.6133858915873665E-018   4.0134681334142275E-018  -6.3848288898823801E-016   2.0015352947593543E-005   4.8008909279892939E-018  -2.0276577232682347E-017   2.3535393803339255E-018   2.9727009096166553E-018   1.4127164820615870E-019   2.5978114861491844E-018   7.9419576873927576E-019  -2.2896042515597563E-018   1.0462998180524766E-003  -3.9508793033434608E-019  -1.0036649828413651E-015  -2.6681260329925150E-016   4.1780682187350570E-003   2.0469609961602062E-018  -4.0029949112532293E-015   2.5239693215575439E-016  -4.7498050092329309E-019   1.3495258252327226E-019  -5.3600358250197334E-019  -1.1970185138520517E-019   4.1528350436731268E-019  -7.4949803309587796E-020  -8.1189746626543732E-016
  -1.8627182250642614E-016  -7.4576804909946068E-018   1.1629640785016008E-005  -4.2692398212202975E-018   6.8121426134431320E-019   6.1519792447278205E-018   7.7410370240772055E-019   1.2263823757683380E-018  -1.7995531939014309E-019  -3.9875100251139733E-019  -2.8320811736482737E-016  -1.1157441822443642E-017   2.0015352947594586E-005  -1.1808412698597631E-017   3.0121418961790442E-018  -6.3653169106088796E-018  -1.4827461272548169E-019  -3.0683999633583960E-018  -1.6771650025124605E-019   9.6784442028188095E-020  -6.7327144378425040E-016   1.0462998180519551E-003  -3.4561943274004326E-016   2.7801070210936385E-017  -2.6791699767256795E-015   4.1780682187329650E-003  -1.3780968765569738E-015   1.9376153185260945E-017  -1.3787062752229670E-019   1.4043297402113850E-018  -1.5798202507941987E-019  -2.0015469746113667E-019  -1.7944474178495928E-019   6.2108055365040127E-020   6.4043748030020116E-017
   1.7822031994517915E-016  -2.0258414621177845E-017  -4.2692398212202975E-018   1.1629640785029869E-005  -5.3733043724423178E-019  -3.1783835639448608E-018   4.2158314845539867E-018   3.8890690074933066E-018   2.5922793178493539E-018  -1.2370961030149634E-018   2.7419259816357476E-016  -1.6804263065930366E-017  -3.0700233544379451E-018   2.0015352947589941E-005  -3.0023527833655575E-019   6.2902038381688417E-018  -2.5959073314327621E-018  -4.5764539310655726E-019  -3.8390313840989906E-018   6.7639792366785025E-019  -8.1384462142899085E-016  -4.2133854016152551E-017   1.0462998180525735E-003   3.0192270671009153E-016  -3.2663427978225779E-015  -1.5182853821296611E-016   4.1780682187354673E-003  -1.9234324402143379E-016   2.9947312407977695E-019  -1.3248611989556554E-018  -3.1975102557319009E-019  -4.3398775449577595E-019   7.5830535714031705E-020   8.8617343966706226E-020  -5.8928312259322099E-016
   3.1401723388918862E-016  -5.2434014317319921E-019   6.8121426134431320E-019  -5.3733043724423178E-019   3.8031972299495503E-029   1.2461508194137095E-031  -5.2500192535672589E-032   3.5903200631978605E-029   8.3576889529068665E-031   4.1626611009913272E-029   4.3683551728253416E-016  -9.0242280259147355E-019   1.1724131575294648E-018  -9.2477992654276185E-019   5.0134340184219208E-029  -3.2264640460401973E-031  -9.6694683274810656E-032   3.8768523316799782E-029   5.7765856179802285E-032   3.5163484937393955E-029  -4.7174027688900725E-017   6.1287736300198406E-017  -4.8342743263842785E-017  -5.7585605186544275E-015  -1.8837459630223593E-016   2.4473323880594892E-016  -1.9304149322427450E-016   3.2256232044229521E-015   2.5878733847823636E-029   6.4694295160894015E-032  -2.4588952773729585E-032   2.1877666251348149E-029  -1.5696665366180770E-032   2.6552805128010984E-029  -8.9646161289723040E-016
  -2.0547818084400625E-016  -3.1976855097606824E-018   6.1519792447278205E-018  -3.1783835639448608E-018   1.2461508194137095E-031   5.3421976942651667E-030  -1.0272755353717792E-030  -4.3257985329259954E-032  -2.9917990760841680E-031  -8.4182374502982746E-031  -3.1251252033107631E-016  -5.5034205506769526E-018   1.0587948345582691E-017  -5.4702006718153628E-018   7.0188826554085613E-030  -6.0949955725036202E-030   6.8706458346275476E-031   1.6852182720042398E-030   7.3907062381095099E-031   4.1598054107351251E-030  -2.8769055114429919E-016   5.5348354118625523E-016  -2.8595398655301919E-016   2.4367557146061206E-017  -1.1488014504328945E-015   2.2101618992226912E-015  -1.1418670276188909E-015   1.0446892703498359E-017   5.1749664484091061E-031   1.1224050036309548E-030   1.4639592414855457E-031   4.9861721837347714E-031  -2.2747681047411500E-031   4.8770050787275236E-031   6.7815223709884370E-016
  -4.2681513105201079E-017   8.8837250740719780E-019   7.7410370240772055E-019   4.2158314845539867E-018  -5.2500192535672589E-032  -1.0272755353717792E-030   1.6694735791352326E-030   1.5653759607803296E-030   8.2269930173067416E-031   8.9896299795239696E-032  -6.5327379145557646E-017   1.5289457011999749E-018   1.3322818054472098E-018   7.2557146596942010E-018   1.6767788871284939E-030   2.1227079170328151E-030  -9.5276991508915533E-031   9.7821804474242955E-031  -1.3448892276419247E-030   1.2235475809419971E-030   7.9925425905137804E-017   6.9644847846730017E-017   3.7929148430000662E-016   4.7966739723163854E-017   3.1915697210449654E-016   2.7810472712179445E-016   1.5145808771527798E-015  -1.4192929227180682E-017  -2.1784065941082219E-031  -3.9135800038611629E-031  -1.6476594515293330E-031  -4.5056702045517759E-031   4.9041231437413645E-032  -2.9150684879437870E-031  -1.9442885751900410E-016
  -4.2680008048178066E-016  -1.9195078737492786E-018   1.2263823757683380E-018   3.8890690074933066E-018   3.5903200631978605E-029  -4.3257985329259954E-032   1.5653759607803296E-030   3.7116695938903940E-029   2.2161944774178122E-030   4.0633332037388914E-029  -6.9084455876058116E-016  -3.3035953808932463E-018   2.1106822259962754E-018   6.6933356121130282E-018   6.9496278585449354E-029   1.3251308770594668E-030  -1.0132746413256207E-030   5.2367802450544367E-029  -1.5293359937544535E-030   4.9672191434766120E-029  -1.7269499343790214E-016   1.1033562259989830E-016   3.4989319706009834E-016  -5.0280706770731079E-015  -6.8960297150829728E-016   4.4059049827326836E-016   1.3971880921373550E-015   2.9605154264691582E-015   2.3505310934351205E-029  -3.9607768063413458E-031  -7.5532227129644789E-032   1.9306390912901940E-029  -2.7779299188904304E-032   2.3547100808444890E-029  -1.0470588385358684E-015
  -1.2996155726221808E-016  -1.6133858915873665E-018  -1.7995531939014309E-019   2.5922793178493539E-018   8.3576889529068665E-031  -2.9917990760841680E-031   8.2269930173067416E-031   2.2161944774178122E-030   8.7414063700023698E-031   5.7824661691648173E-031  -1.9920274044808112E-016  -2.7767399404394807E-018  -3.0971457321804622E-019   4.4614779118768056E-018   4.9823455828031025E-030   1.0809417997622404E-030  -5.8219989738574717E-031   3.5943291480128558E-030  -9.7000473711930450E-031   4.2886516672293326E-030  -1.4515369786719861E-016  -1.6190286649116131E-017   2.3322314323735563E-016  -6.1287966098123225E-017  -5.7962549684817097E-016  -6.4650801743221616E-017   9.3130304127093184E-016   6.1094242154197175E-017   5.6727265114905149E-031  -3.3738270511698183E-031   6.0298685458648918E-033   2.4018772349432067E-031  -3.4167682312259299E-032   3.8893713909200421E-031  -3.3159103760982171E-017
  -8.4062326205204804E-016   4.0134681334142275E-018  -3.9875100251139733E-019  -1.2370961030149634E-018   4.1626611009913272E-029  -8.4182374502982746E-031   8.9896299795239696E-032   4.0633332037388914E-029   5.7824661691648173E-031   5.1193441410932670E-029  -1.3283162799589634E-015   6.9074344357573157E-018  -6.8627588770773711E-019  -2.1291212333648758E-018   9.2669668717742072E-029   8.8147261443964728E-031   2.9126247917696269E-031   7.0693649172010925E-029   5.6517221577067233E-031   6.3550662041645816E-029   3.6108518357242553E-016  -3.5874977489585343E-017  -1.1129951916987609E-016  -5.7577426229766829E-015   1.4418797592339667E-015  -1.4325540414991365E-016  -4.4443951511882697E-016   3.4508600393515140E-015   2.7193653433945504E-029   7.9500999820259441E-032  -1.9291344376202322E-031   2.2755393762015731E-029   1.8837648356897455E-031   2.7341146872284819E-029  -8.4347267801176847E-016
  0.59503593524886922       -6.3848288898823801E-016  -2.8320811736482737E-016   2.7419259816357476E-016   4.3683551728253416E-016  -3.1251252033107631E-016  -6.5327379145557646E-017  -6.9084455876058116E-016  -1.9920274044808112E-016  -1.3283162799589634E-015  0.90705025801308070        3.5645119849484786E-016  -1.3320123530188267E-017  -1.1133661700957234E-016  -1.7678698624510963E-014   7.8511853494207591E-017  -7.9306305086792499E-017  -1.2858795410693558E-014   2.0581661990570242E-017  -1.2504290064504626E-014  -1.2405450110140729E-016  -3.1667597081600588E-017   1.8403343303308862E-017 -0.39277251143351244       -8.5948864087551305E-017  -1.8310194251051061E-016  -1.7844209959794592E-017  0.10416280974830976        1.1057662528566358E-015   8.9005738230902970E-019  -8.6011859615295378E-018   1.1442412627373122E-015  -1.4382141129456564E-017   1.4969319946884170E-015   6.8993169476122024E-002
   2.2378654783745967E-016   2.0015352947593543E-005  -1.1157441822443642E-017  -1.6804263065930366E-017  -9.0242280259147355E-019  -5.5034205506769526E-018   1.5289457011999749E-018  -3.3035953808932463E-018  -2.7767399404394807E-018   6.9074344357573157E-018   3.5645119849484786E-016   3.4447698000483819E-005   1.1150070402414754E-017  -3.8118426500883962E-018   4.0505912644811919E-018   5.1162077155736851E-018   2.4313750979552118E-019   4.4709991260513607E-018   1.3668615320602427E-018  -3.9405548333592175E-018   1.8007486675155682E-003   1.5026004495288663E-016  -1.0238436634553471E-016   5.3444961820995283E-016   7.1907216725702935E-003   6.0625451463484439E-016  -4.0053615213078573E-016  -3.5669054907090323E-016  -8.1747171258245796E-019   2.3226199504373275E-019  -9.2249632497417321E-019  -2.0601451483260705E-019   7.1472937701799926E-019  -1.2899338804799350E-019   3.6147152732426467E-016
  -1.1905762030527218E-017   4.8008909279892939E-018   2.0015352947594586E-005  -3.0700233544379451E-018   1.1724131575294648E-018   1.0587948345582691E-017   1.3322818054472098E-018   2.1106822259962754E-018  -3.0971457321804622E-019  -6.8627588770773711E-019  -1.3320123530188267E-017   1.1150070402414754E-017   3.4447698000521847E-005  -1.2960990447697451E-017   5.1840881670059718E-018  -1.0955116064564989E-017  -2.5519005803699289E-019  -5.2809118859641608E-018  -2.8865078549901424E-019   1.6657219278618867E-019   4.2794216783699459E-016   1.8007486675165653E-003  -2.0998333221216290E-016   3.8884703461944555E-016   1.7249046700522350E-015   7.1907216725742573E-003  -8.3501714962278765E-016  -2.1771048363145322E-016  -2.3728413645858967E-019   2.4169409807864982E-018  -2.7189713335129151E-019  -3.4447899018415024E-019  -3.0883583661809925E-019   1.0689192142533735E-019  -1.6770670877113402E-017
  -7.3698377288086363E-017  -2.0276577232682347E-017  -1.1808412698597631E-017   2.0015352947589941E-005  -9.2477992654276185E-019  -5.4702006718153628E-018   7.2557146596942010E-018   6.6933356121130282E-018   4.4614779118768056E-018  -2.1291212333648758E-018  -1.1133661700957234E-016  -3.8118426500883962E-018  -1.2960990447697451E-017   3.4447698000464804E-005  -5.1672404798006721E-019   1.0825841679939613E-017  -4.4677219544683350E-018  -7.8763688724262942E-019  -6.6072176733536574E-018   1.1641239334541760E-018  -8.8089811857891396E-017  -4.7384404791900760E-016   1.8007486675150654E-003  -1.0646927283044236E-016  -3.8017575647983780E-016  -1.8638873183453781E-015   7.1907216725683254E-003   6.7116545045557481E-017   5.1541233195543993E-019  -2.2801705567554693E-018  -5.5031189273247443E-019  -7.4692058350644562E-019   1.3050918464152764E-019   1.5251609655054302E-019   3.2025950210760727E-016
  -1.1555246616955444E-014   2.3535393803339255E-018   3.0121418961790442E-018  -3.0023527833655575E-019   5.0134340184219208E-029   7.0188826554085613E-030   1.6767788871284939E-030   6.9496278585449354E-029   4.9823455828031025E-030   9.2669668717742072E-029  -1.7678698624510963E-014   4.0505912644811919E-018   5.1840881670059718E-018  -5.1672404798006721E-019   4.3774599694526997E-028  -2.3996687591630221E-030   1.4888226782821439E-030   3.2040263561618928E-028  -3.0816116985545186E-031   3.0656287230440835E-028   2.1174410034853168E-016   2.7099749477854409E-016  -2.7011678425171192E-017  -1.3410627385130657E-015   8.4553326007215904E-016   1.0821429964486943E-015  -1.0786261568215663E-016   3.0633723766966255E-015   2.0135300050725352E-029   4.0892997434091636E-031  -6.8791505432335103E-032   1.2954646094397723E-029   3.4813230558733262E-031   1.3517312230734448E-029  -1.3220494132029145E-015
   5.1957324287453898E-017   2.9727009096166553E-018  -6.3653169106088796E-018   6.2902038381688417E-018  -3.2264640460401973E-031  -6.0949955725036202E-030   2.1227079170328151E-030   1.3251308770594668E-030   1.0809417997622404E-030   8.8147261443964728E-031   7.8511853494207591E-017   5.1162077155736851E-018  -1.0955116064564989E-017   1.0825841679939613E-017  -2.3996687591630221E-030   7.7697903944756295E-030  -1.3416845116186587E-030   1.5640265991557469E-030  -1.7830742967950076E-030  -7.1460191495249259E-031   2.6744905353111916E-016  -5.7267718311557014E-016   5.6591938246825076E-016   1.7982657562960940E-017   1.0679734158503708E-015  -2.2868056527272193E-015   2.2598205079093242E-015  -8.7765992283538609E-018  -3.1705840174856343E-031  -1.4893705007775407E-030  -2.1903012867141837E-031  -5.5133048197779748E-031   2.4606598157494448E-031  -4.3829782784168732E-031  -4.8941919287934568E-016
  -5.2200274446207851E-017   1.4127164820615870E-019  -1.4827461272548169E-019  -2.5959073314327621E-018  -9.6694683274810656E-032   6.8706458346275476E-031  -9.5276991508915533E-031  -1.0132746413256207E-030  -5.8219989738574717E-031   2.9126247917696269E-031  -7.9306305086792499E-017   2.4313750979552118E-019  -2.5519005803699289E-019  -4.4677219544683350E-018   1.4888226782821439E-030  -1.3416845116186587E-030   6.0971204735623896E-031   1.0776841585333947E-030   8.6820394501442875E-031   6.6765348052496163E-031   1.2709979830312952E-017  -1.3340025129332362E-017  -2.3354954970367752E-016   1.0427364863991931E-017   5.0753294489376120E-017  -5.3269181613485473E-017  -9.3260644251386446E-016  -3.5600715253423662E-019   6.1786051930584444E-032   2.9531607687141846E-031   6.5461404612077871E-032   2.1135035407443682E-031  -9.1203250128257638E-033   9.1132164073149817E-032   1.9780879769786973E-016
  -8.4025502083463274E-015   2.5978114861491844E-018  -3.0683999633583960E-018  -4.5764539310655726E-019   3.8768523316799782E-029   1.6852182720042398E-030   9.7821804474242955E-031   5.2367802450544367E-029   3.5943291480128558E-030   7.0693649172010925E-029  -1.2858795410693558E-014   4.4709991260513607E-018  -5.2809118859641608E-018  -7.8763688724262942E-019   3.2040263561618928E-028   1.5640265991557469E-030   1.0776841585333947E-030   2.3796282416387315E-028  -2.0767860062860220E-032   2.2606998838067671E-028   2.3372086339726033E-016  -2.7605894134857003E-016  -4.1173609777192828E-017  -1.0493370661875872E-015   9.3329052970016652E-016  -1.1023542864539346E-015  -1.6441382048684107E-016   2.3024144517443579E-015   1.4209917156040022E-029  -4.0786175048036658E-031  -6.8185969959322744E-034   8.9944551057973415E-030   3.7059187539041783E-031   9.2674842188774546E-030  -2.3401217586636199E-015
   1.3438091531295736E-017   7.9419576873927576E-019  -1.6771650025124605E-019  -3.8390313840989906E-018   5.7765856179802285E-032   7.3907062381095099E-031  -1.3448892276419247E-030  -1.5293359937544535E-030  -9.7000473711930450E-031   5.6517221577067233E-031   2.0581661990570242E-017   1.3668615320602427E-018  -2.8865078549901424E-019  -6.6072176733536574E-018  -3.0816116985545186E-031  -1.7830742967950076E-030   8.6820394501442875E-031  -2.0767860062860220E-032   1.3246464372020552E-030  -7.5945595566220379E-031   7.1452498291771890E-017  -1.5089180047939104E-017  -3.4539139367492852E-016   1.1317665064193460E-018   2.8532300886542437E-016  -6.0253879927472964E-017  -1.3792115606250245E-015  -3.6009597547133996E-018  -1.4406133872981559E-031   4.2725301128199872E-031   7.1026735753747602E-032   1.3143690591330952E-031   5.5028737967809597E-033  -4.1426696834164480E-032   1.3360172656011928E-017
  -8.1728654007215315E-015  -2.2896042515597563E-018   9.6784442028188095E-020   6.7639792366785025E-019   3.5163484937393955E-029   4.1598054107351251E-030   1.2235475809419971E-030   4.9672191434766120E-029   4.2886516672293326E-030   6.3550662041645816E-029  -1.2504290064504626E-014  -3.9405548333592175E-018   1.6657219278618867E-019   1.1641239334541760E-018   3.0656287230440835E-028  -7.1460191495249259E-031   6.6765348052496163E-031   2.2606998838067671E-028  -7.5945595566220379E-031   2.1789559424868563E-028  -2.0599196106877381E-016   8.7075384313649595E-018   6.0854418253374021E-017  -4.8213796529474856E-016  -8.2256390664230466E-016   3.4770807521693137E-017   2.4300291989659490E-016   1.9435166655838386E-015   1.1274301133041754E-029  -2.3937511997956178E-031   1.5804548742473753E-031   6.3548026367775876E-030   1.4795410721999973E-031   6.2600644108825363E-030  -2.6742508751225253E-015
  -4.1054177254249770E-016   1.0462998180524766E-003  -6.7327144378425040E-016  -8.1384462142899085E-016  -4.7174027688900725E-017  -2.8769055114429919E-016   7.9925425905137804E-017  -1.7269499343790214E-016  -1.4515369786719861E-016   3.6108518357242553E-016  -1.2405450110140729E-016   1.8007486675155682E-003   4.2794216783699459E-016  -8.8089811857891396E-017   2.1174410034853168E-016   2.6744905353111916E-016   1.2709979830312952E-017   2.3372086339726033E-016   7.1452498291771890E-017  -2.0599196106877381E-016   9.4133888526123033E-002  -2.4392177188671479E-016   4.5946201080978091E-016  -4.0698404247952829E-016  0.37589398485130737       -6.4791244201375764E-016   2.2687811373524325E-015   2.6758920030649516E-016  -4.2733221161514661E-017   1.2141463794850921E-017  -4.8223368306408754E-017  -1.0769380382536653E-017   3.7362379723643587E-017  -6.7431115901555407E-018  -3.2721856362982121E-016
  -9.1013791817648105E-017  -3.9508793033434608E-019   1.0462998180519551E-003  -4.2133854016152551E-017   6.1287736300198406E-017   5.5348354118625523E-016   6.9644847846730017E-017   1.1033562259989830E-016  -1.6190286649116131E-017  -3.5874977489585343E-017  -3.1667597081600588E-017   1.5026004495288663E-016   1.8007486675165653E-003  -4.7384404791900760E-016   2.7099749477854409E-016  -5.7267718311557014E-016  -1.3340025129332362E-017  -2.7605894134857003E-016  -1.5089180047939104E-017   8.7075384313649595E-018  -2.4392177188671479E-016   9.4133888526123338E-002  -3.2898759671357025E-016  -5.1434964122075706E-016  -1.3487475025719520E-016  0.37589398485130771       -1.1315072685237626E-015   3.1494247000761117E-016  -1.2403995545373103E-017   1.2634525681660853E-016  -1.4213385189809078E-017  -1.8007591756912251E-017  -1.6144350814480015E-017   5.5877604673481185E-018  -2.7014800810448650E-017
  -3.5589510761997848E-017  -1.0036649828413651E-015  -3.4561943274004326E-016   1.0462998180525735E-003  -4.8342743263842785E-017  -2.8595398655301919E-016   3.7929148430000662E-016   3.4989319706009834E-016   2.3322314323735563E-016  -1.1129951916987609E-016   1.8403343303308862E-017  -1.0238436634553471E-016  -2.0998333221216290E-016   1.8007486675150654E-003  -2.7011678425171192E-017   5.6591938246825076E-016  -2.3354954970367752E-016  -4.1173609777192828E-017  -3.4539139367492852E-016   6.0854418253374021E-017   4.5946201080978091E-016  -3.2898759671357025E-016   9.4133888526122395E-002  -8.0747020673269104E-017   3.4924523668010410E-016   1.6354512145586033E-016  0.37589398485130693        5.0402678212348721E-017   2.6943108650554602E-017  -1.1919560174174739E-016  -2.8767478382518781E-017  -3.9045170608265926E-017   6.8223496483991676E-018   7.9727579367701485E-018  -2.1032798227615825E-016
 -0.26157457310330257       -2.6681260329925150E-016   2.7801070210936385E-017   3.0192270671009153E-016  -5.7585605186544275E-015   2.4367557146061206E-017   4.7966739723163854E-017  -5.0280706770731079E-015  -6.1287966098123225E-017  -5.7577426229766829E-015 -0.39277251143351244        5.3444961820995283E-016   3.8884703461944555E-016  -1.0646927283044236E-016  -1.3410627385130657E-015   1.7982657562960940E-017   1.0427364863991931E-017  -1.0493370661875872E-015   1.1317665064193460E-018  -4.8213796529474856E-016  -4.0698404247952829E-016  -5.1434964122075706E-016  -8.0747020673269104E-017   1.1134098956123599        2.2772207609550120E-016   9.2921848464792444E-017   3.4252289480109308E-016 -0.57062316433408000       -5.0762588219944064E-015  -2.9023416116670670E-017   1.7144309639249212E-017  -4.4132664627803764E-015   4.4074880898956786E-018  -5.3578844073451803E-015 -0.39725302053210743     
  -1.3822053298140405E-015   4.1780682187350570E-003  -2.6791699767256795E-015  -3.2663427978225779E-015  -1.8837459630223593E-016  -1.1488014504328945E-015   3.1915697210449654E-016  -6.8960297150829728E-016  -5.7962549684817097E-016   1.4418797592339667E-015  -8.5948864087551305E-017   7.1907216725702935E-003   1.7249046700522350E-015  -3.8017575647983780E-016   8.4553326007215904E-016   1.0679734158503708E-015   5.0753294489376120E-017   9.3329052970016652E-016   2.8532300886542437E-016  -8.2256390664230466E-016  0.37589398485130737       -1.3487475025719520E-016   3.4924523668010410E-016   2.2772207609550120E-016   1.5010140350059358        7.6360359008154551E-016   3.1278555049848999E-015  -6.5669604670819598E-017  -1.7064163649711654E-016   4.8483105066972309E-017  -1.9256480699421889E-016  -4.3004122848365980E-017   1.4919487570037679E-016  -2.6926488702503453E-017   7.1691621906695178E-017
  -4.1068193667064592E-016   2.0469609961602062E-018   4.1780682187329650E-003  -1.5182853821296611E-016   2.4473323880594892E-016   2.2101618992226912E-015   2.7810472712179445E-016   4.4059049827326836E-016  -6.4650801743221616E-017  -1.4325540414991365E-016  -1.8310194251051061E-016   6.0625451463484439E-016   7.1907216725742573E-003  -1.8638873183453781E-015   1.0821429964486943E-015  -2.2868056527272193E-015  -5.3269181613485473E-017  -1.1023542864539346E-015  -6.0253879927472964E-017   3.4770807521693137E-017  -6.4791244201375764E-016  0.37589398485130771        1.6354512145586033E-016   9.2921848464792444E-017   7.6360359008154551E-016   1.5010140350059338        1.3806230464430411E-015   4.7316298614608227E-017  -4.9531442784658189E-017   5.0451992152302207E-016  -5.6756669472347117E-017  -7.1907636336553622E-017  -6.4467371480231836E-017   2.2312958503592033E-017  -2.3627522323528088E-017
  -2.0621183721012997E-016  -4.0029949112532293E-015  -1.3780968765569738E-015   4.1780682187354673E-003  -1.9304149322427450E-016  -1.1418670276188909E-015   1.5145808771527798E-015   1.3971880921373550E-015   9.3130304127093184E-016  -4.4443951511882697E-016  -1.7844209959794592E-017  -4.0053615213078573E-016  -8.3501714962278765E-016   7.1907216725683254E-003  -1.0786261568215663E-016   2.2598205079093242E-015  -9.3260644251386446E-016  -1.6441382048684107E-016  -1.3792115606250245E-015   2.4300291989659490E-016   2.2687811373524325E-015  -1.1315072685237626E-015  0.37589398485130693        3.4252289480109308E-016   3.1278555049848999E-015   1.3806230464430411E-015   1.5010140350059424       -1.8417430454501765E-016   1.0758880392078942E-016  -4.7597002967768920E-016  -1.1487384886185868E-016  -1.5591457018231583E-016   2.7242900888706397E-017   3.1836693437725381E-017   3.9248627527556610E-017
   7.0576255099427457E-002   2.5239693215575439E-016   1.9376153185260945E-017  -1.9234324402143379E-016   3.2256232044229521E-015   1.0446892703498359E-017  -1.4192929227180682E-017   2.9605154264691582E-015   6.1094242154197175E-017   3.4508600393515140E-015  0.10416280974830976       -3.5669054907090323E-016  -2.1771048363145322E-016   6.7116545045557481E-017   3.0633723766966255E-015  -8.7765992283538609E-018  -3.5600715253423662E-019   2.3024144517443579E-015  -3.6009597547133996E-018   1.9435166655838386E-015   2.6758920030649516E-016   3.1494247000761117E-016   5.0402678212348721E-017 -0.57062316433408000       -6.5669604670819598E-017   4.7316298614608227E-017  -1.8417430454501765E-016  0.30581450455466225        2.6612001753172178E-015   1.2421250665828763E-017  -8.0270681566444024E-018   2.2866743395628209E-015  -4.3911770664568977E-019   2.7659417537841664E-015  0.16608089428177711     
   7.4284370342565795E-016  -4.7498050092329309E-019  -1.3787062752229670E-019   2.9947312407977695E-019   2.5878733847823636E-029   5.1749664484091061E-031  -2.1784065941082219E-031   2.3505310934351205E-029   5.6727265114905149E-031   2.7193653433945504E-029   1.1057662528566358E-015  -8.1747171258245796E-019  -2.3728413645858967E-019   5.1541233195543993E-019   2.0135300050725352E-029  -3.1705840174856343E-031   6.1786051930584444E-032   1.4209917156040022E-029  -1.4406133872981559E-031   1.1274301133041754E-029  -4.2733221161514661E-017  -1.2403995545373103E-017   2.6943108650554602E-017  -5.0762588219944064E-015  -1.7064163649711654E-016  -4.9531442784658189E-017   1.0758880392078942E-016   2.6612001753172178E-015   2.4448132701185943E-029   1.7406159988805960E-031  -7.1132172687093498E-032   2.1157843651406124E-029  -2.6438199838139278E-032   2.5514685106987515E-029   3.0219477053409588E-015
   4.8510970716543369E-019   1.3495258252327226E-019   1.4043297402113850E-018  -1.3248611989556554E-018   6.4694295160894015E-032   1.1224050036309548E-030  -3.9135800038611629E-031  -3.9607768063413458E-031  -3.3738270511698183E-031   7.9500999820259441E-032   8.9005738230902970E-019   2.3226199504373275E-019   2.4169409807864982E-018  -2.2801705567554693E-018   4.0892997434091636E-031  -1.4893705007775407E-030   2.9531607687141846E-031  -4.0786175048036658E-031   4.2725301128199872E-031  -2.3937511997956178E-031   1.2141463794850921E-017   1.2634525681660853E-016  -1.1919560174174739E-016  -2.9023416116670670E-017   4.8483105066972309E-017   5.0451992152302207E-016  -4.7597002967768920E-016   1.2421250665828763E-017   1.7406159988805960E-031   3.3503588459716518E-031   9.2610462125150536E-033   2.3468112300680426E-031  -2.6107277977172604E-032   2.3967054034606903E-031   1.6591159580333503E-016
  -5.6719893045677358E-018  -5.3600358250197334E-019  -1.5798202507941987E-019  -3.1975102557319009E-019  -2.4588952773729585E-032   1.4639592414855457E-031  -1.6476594515293330E-031  -7.5532227129644789E-032   6.0298685458648918E-033  -1.9291344376202322E-031  -8.6011859615295378E-018  -9.2249632497417321E-019  -2.7189713335129151E-019  -5.5031189273247443E-019  -6.8791505432335103E-032  -2.1903012867141837E-031   6.5461404612077871E-032  -6.8185969959322744E-034   7.1026735753747602E-032   1.5804548742473753E-031  -4.8223368306408754E-017  -1.4213385189809078E-017  -2.8767478382518781E-017   1.7144309639249212E-017  -1.9256480699421889E-016  -5.6756669472347117E-017  -1.1487384886185868E-016  -8.0270681566444024E-018  -7.1132172687093498E-032   9.2610462125150536E-033   3.6088570321382970E-032  -5.7317593042786736E-032  -1.8597671707470012E-032  -9.2876607266882121E-032  -2.4464681642342993E-017
   7.6524692062329007E-016  -1.1970185138520517E-019  -2.0015469746113667E-019  -4.3398775449577595E-019   2.1877666251348149E-029   4.9861721837347714E-031  -4.5056702045517759E-031   1.9306390912901940E-029   2.4018772349432067E-031   2.2755393762015731E-029   1.1442412627373122E-015  -2.0601451483260705E-019  -3.4447899018415024E-019  -7.4692058350644562E-019   1.2954646094397723E-029  -5.5133048197779748E-031   2.1135035407443682E-031   8.9944551057973415E-030   1.3143690591330952E-031   6.3548026367775876E-030  -1.0769380382536653E-017  -1.8007591756912251E-017  -3.9045170608265926E-017  -4.4132664627803764E-015  -4.3004122848365980E-017  -7.1907636336553622E-017  -1.5591457018231583E-016   2.2866743395628209E-015   2.1157843651406124E-029   2.3468112300680426E-031  -5.7317593042786736E-032   1.8416401816639874E-029  -1.9552217022414156E-032   2.2185354914651656E-029   2.7737037536809333E-015
  -9.4154379659058260E-018   4.1528350436731268E-019  -1.7944474178495928E-019   7.5830535714031705E-020  -1.5696665366180770E-032  -2.2747681047411500E-031   4.9041231437413645E-032  -2.7779299188904304E-032  -3.4167682312259299E-032   1.8837648356897455E-031  -1.4382141129456564E-017   7.1472937701799926E-019  -3.0883583661809925E-019   1.3050918464152764E-019   3.4813230558733262E-031   2.4606598157494448E-031  -9.1203250128257638E-033   3.7059187539041783E-031   5.5028737967809597E-033   1.4795410721999973E-031   3.7362379723643587E-017  -1.6144350814480015E-017   6.8223496483991676E-018   4.4074880898956786E-018   1.4919487570037679E-016  -6.4467371480231836E-017   2.7242900888706397E-017  -4.3911770664568977E-019  -2.6438199838139278E-032  -2.6107277977172604E-032  -1.8597671707470012E-032  -1.9552217022414156E-032   1.8360239132878491E-032  -2.3091371639498127E-032  -8.8293092199062724E-018
   9.9975649658619885E-016  -7.4949803309587796E-020   6.2108055365040127E-020   8.8617343966706226E-020   2.6552805128010984E-029   4.8770050787275236E-031  -2.9150684879437870E-031   2.3547100808444890E-029   3.8893713909200421E-031   2.7341146872284819E-029   1.4969319946884170E-015  -1.2899338804799350E-019   1.0689192142533735E-019   1.5251609655054302E-019   1.3517312230734448E-029  -4.3829782784168732E-031   9.1132164073149817E-032   9.2674842188774546E-030  -4.1426696834164480E-032   6.2600644108825363E-030  -6.7431115901555407E-018   5.5877604673481185E-018   7.9727579367701485E-018  -5.3578844073451803E-015  -2.6926488702503453E-017   2.2312958503592033E-017   3.1836693437725381E-017   2.7659417537841664E-015   2.5514685106987515E-029   2.3967054034606903E-031  -9.2876607266882121E-032   2.2185354914651656E-029  -2.3091371639498127E-032   2.6791013497393171E-029   3.2106393809295012E-015
   4.4000689331916719E-002  -8.1189746626543732E-016   6.4043748030020116E-017  -5.8928312259322099E-016  -8.9646161289723040E-016   6.7815223709884370E-016  -1.9442885751900410E-016  -1.0470588385358684E-015  -3.3159103760982171E-017  -8.4347267801176847E-016   6.8993169476122024E-002   3.6147152732426467E-016  -1.6770670877113402E-017   3.2025950210760727E-016  -1.3220494132029145E-015  -4.8941919287934568E-016   1.9780879769786973E-016  -2.3401217586636199E-015   1.3360172656011928E-017  -2.6742508751225253E-015  -3.2721856362982121E-016  -2.7014800810448650E-017  -2.1032798227615825E-016 -0.39725302053210743        7.1691621906695178E-017  -2.3627522323528088E-017   3.9248627527556610E-017  0.16608089428177711        3.0219477053409588E-015   1.6591159580333503E-016  -2.4464681642342993E-017   2.7737037536809333E-015  -8.8293092199062724E-018   3.2106393809295012E-015   2.1274120576874087     
