  0.11674140721007192        3.5939269138821062E-016  -2.9427036318357665E-016  -3.8864259067637769E-016   2.1139714583708591E-015  0.21179201400898326        3.5626375168105323E-016   1.7825215451903673E-016  -4.3445280643249476E-016   3.4227468726429117E-018  -1.0267155733838029E-017  -4.2513819783490367E-016  -4.4894171693922601E-017  -4.4338227079614949E-016  -1.0711433300910749E-015  -1.9159777578598778E-016  -2.6247564910388650E-018  -1.6524164324123757E-017  -1.0982634467010108E-016  -1.6535616075765078E-017  -9.9951603202896190E-017   3.0208636633424280E-018  -3.5607152901351088E-017   1.3573009461148849E-017  -4.0298500723535717E-017  0.25358572896156900        4.9738282882540868E-016  -1.3948970339119340E-016  -3.4427632455344587E-017   7.1677281620608012E-018   1.9922795972583591E-017  -5.4956072491981163E-017  -1.4672275481263963E-018  -5.1076046571433485E-017  -9.1547456456213891E-017  -7.8238500266564187E-017
   3.5939269138821062E-016  0.11674140721007371       -3.6085212915632978E-016   2.6315758176440388E-016   8.9404626011688975E-016  -2.5444869735519182E-018  0.21179201400898426       -5.1975466302828927E-016  -1.3269831930244158E-016   1.3380962940645647E-017  -2.8874435525093272E-017  -1.2662080172891307E-016  -2.9257978808883734E-017  -1.6107574321677891E-016   3.0006220190756722E-016   1.0211390133687125E-017  -3.7309247731823221E-016   3.0992457574549569E-017   3.1499764733274843E-018  -4.3192302407650546E-019   6.6309907120290430E-018  -1.3460626859481991E-015   1.6482163513269576E-017  -3.3132697947821313E-016   6.5821671325156218E-017   3.8451230047198415E-016  0.25358572896156950       -4.3863601173563943E-016  -7.2202650836109580E-017  -6.4147632445175136E-018  -1.2543963567956605E-018  -8.3946148479817313E-017   1.5333293457536564E-017  -7.2871625059855393E-017   8.7642259347736602E-017   1.5159931735987480E-016
  -2.9427036318357665E-016  -3.6085212915632978E-016  0.11674140721007360       -2.8555953716644770E-016   2.6549291228877965E-016  -3.8761318221276373E-016   3.0587884384657843E-016  0.21179201400898295       -7.9168634700073900E-017  -1.6202674529687941E-017   9.4260537024485864E-018  -5.9033381423273645E-017   3.1256990017000971E-017  -8.6536056140779254E-017  -1.6552579421412087E-015   2.9170331653227087E-017  -7.8705141212745687E-017   7.7617303106990093E-017   2.8390395990435094E-017  -9.9278885165837001E-018   2.8403377252551688E-017  -2.3609809485067862E-016  -1.7836267228030622E-016  -8.5355226413713356E-017   2.6385448901874250E-016  -6.7098434894754568E-016  -1.4732613458183497E-016  0.25358572896156939        3.4199084409080458E-016   2.0333264102154469E-017  -1.0799860456545494E-017   3.6426216030328545E-016  -3.0252415363101083E-017   3.2110660032986064E-016   1.6515237534506527E-015   7.8080643298995245E-016
  -3.8864259067637769E-016   2.6315758176440388E-016  -2.8555953716644770E-016   9.4934948507618785E-002  0.23687376686787001       -9.6102578498349065E-016   1.1585075055323916E-016   1.0453031598331856E-016   2.0190840429290062E-014   8.1337689928119614E-017   1.2888076504986641E-016   2.1011435318510451E-014  -5.1689277530335087E-017   2.0636169490347220E-014  0.16495665003252563        6.8224212447283367E-017   4.3371325639515982E-017  -2.3928779212925657E-017   6.3890088644892873E-017   2.9842029311705929E-018   3.4671457427183455E-017   6.3433765739659443E-017  -3.0617372543623266E-017   5.0748795228110033E-017  -6.4363045412589149E-017  -8.7990858716438287E-016   3.7099446135346687E-016  -3.4207018488102353E-016   3.5444995171173567E-015   5.0774456723543633E-018   3.9314043587541989E-017   3.8327785702873775E-015  -4.0460295573693810E-017   3.6848780668414834E-015 -0.11512242019890008       -4.4480830148952835E-002
   2.1139714583708591E-015   8.9404626011688975E-016   2.6549291228877965E-016  0.23687376686787001       0.59131939713706239        3.1914050762352465E-015   7.4836777470877728E-016   2.1371885904524308E-015   5.0047504830511505E-014   2.0974486506046990E-016   3.1710560402424630E-016   5.2096272625387496E-014  -1.2622856291152247E-016   5.1141275029170115E-014  0.41111546361372825        1.6569752065018822E-016   1.0262284343379647E-016  -6.1177215397292537E-017   1.5861315676847471E-016   9.1997755836733867E-018   9.2961743626661085E-017   1.3849826362537972E-016  -8.5108254226070319E-017   1.2985472212491771E-016  -1.7914939195353090E-016   4.4958572267913463E-015   1.4588806454836298E-015   1.2942960761831354E-015   8.8128210154905201E-015   1.6367081789237557E-017   1.0353446444745295E-016   9.5169369671670752E-015  -1.1426182722590675E-016   9.1720903750483085E-015 -0.30320474546228865      -0.12111029543569549     
  0.21179201400898326       -2.5444869735519182E-018  -3.8761318221276373E-016  -9.6102578498349065E-016   3.1914050762352465E-015  0.38423262379615547       -5.4115918560540544E-016   5.8870738009952558E-016  -7.8818336240048422E-016   6.2095401359647003E-018  -1.8626652213473072E-017  -7.7128481918660099E-016  -8.1446911319230629E-017  -8.0438317775988656E-016  -2.3797259196428133E-015  -3.4759627953032765E-016  -4.7618276737037802E-018  -2.9978103962067208E-017  -1.9924672217689944E-016  -2.9998879705670239E-017  -1.8133198709585016E-016   5.4804444677922001E-018  -6.4598421471249296E-017   2.4624125052450702E-017  -7.3109454766309281E-017  0.46005469305387314       -5.1946836589211731E-016   6.4622896403109149E-017  -6.2458537973237177E-017   1.3003677269197684E-017   3.6143894309331886E-017  -9.9701190462411989E-017  -2.6618411140782995E-018  -9.2662055645053557E-017   4.2492744328234531E-016   1.5601529911865142E-016
   3.5626375168105323E-016  0.21179201400898426        3.0587884384657843E-016   1.1585075055323916E-016   7.4836777470877728E-016  -5.4115918560540544E-016  0.38423262379615325        7.9966347671205085E-016  -2.4074101017225809E-016   2.4275714661202066E-017  -5.2383939849445840E-017  -2.2971519064657746E-016  -5.3079763263560007E-017  -2.9222327260883766E-016  -1.2993550371087321E-016   1.8525482379644036E-017  -6.7686358312127062E-016   5.6226450971164209E-017   5.7146806545381398E-018  -7.8359383660150309E-019   1.2029929322750433E-017  -2.4420240774235947E-015   2.9901906179860483E-017  -6.0109270528948185E-016   1.1941353688076315E-016   5.5158785525200038E-017  0.46005469305386915        1.2907020287625248E-015  -1.3098989641140077E-016  -1.1637649908591121E-017  -2.2757232169832190E-018  -1.5229492499474883E-016   2.7817628555038195E-017  -1.3220354803299070E-016  -9.6446526682650264E-016  -5.4642740848211532E-016
   1.7825215451903673E-016  -5.1975466302828927E-016  0.21179201400898295        1.0453031598331856E-016   2.1371885904524308E-015   5.8870738009952558E-016   7.9966347671205085E-016  0.38423262379614892       -1.4362756960172782E-016  -2.9394857857068930E-017   1.7100726687369035E-017  -1.0709823570050683E-016   5.6706365168674352E-017  -1.5699352999461991E-016  -2.0858609694542070E-015   5.2920753979172344E-017  -1.4278670069749412E-016   1.4081314710721202E-016   5.1505796349591141E-017  -1.8011154345605805E-017   5.1529346927865270E-017  -4.2832866424275234E-016  -3.2358518274748862E-016  -1.5485127120168075E-016   4.7868425582733291E-016   3.2956675549125538E-016   2.5756577860108765E-017  0.46005469305386654        6.2043906591161028E-016   3.6888564721707486E-017  -1.9593083994537501E-017   6.6084364067216544E-016  -5.4883867956623122E-017   5.8255091505845933E-016  -3.3444585359369528E-015  -2.4186672852999967E-015
  -4.3445280643249476E-016  -1.3269831930244158E-016  -7.9168634700073900E-017   2.0190840429290062E-014   5.0047504830511505E-014  -7.8818336240048422E-016  -2.4074101017225809E-016  -1.4362756960172782E-016   4.6715774060589661E-027   9.5691006573577593E-030   3.2543330860510725E-029   4.8445857372897301E-027  -1.3925525252963841E-029   4.7860777909226965E-027   3.5617074922278060E-014   2.0331230391315721E-029   1.6058117018718823E-029  -3.4452786742801210E-030   1.4881841349637485E-029  -1.2864830073473313E-030   3.9814736462720599E-031   3.7608547620025731E-029   3.6103869335986593E-030   7.5118538285715361E-030   7.2613646948085223E-030  -9.4371855069670987E-016  -2.8824733945290542E-016  -1.7197013828332994E-016   7.8913274043976501E-028  -3.1493842743496075E-030   2.1221470266992489E-030   8.6773526750040327E-028   6.5035759797072772E-030   8.0884429518075482E-028  -6.3749450000969582E-015   2.0282078038572907E-015
   3.4227468726429117E-018   1.3380962940645647E-017  -1.6202674529687941E-017   8.1337689928119614E-017   2.0974486506046990E-016   6.2095401359647003E-018   2.4275714661202066E-017  -2.9394857857068930E-017   9.5691006573577593E-030   2.3197465218617806E-031   1.4138566994267455E-033   1.0300348953444348E-029   1.0605238024308666E-032   9.5432172964690080E-030   1.3036410905688677E-016  -5.5597734783520265E-032  -1.2510220300462902E-031  -6.2509693553681257E-032   2.9296844566422175E-032   4.4268508256670082E-032   1.7394761540175276E-031  -5.2791181841895120E-031  -2.0369391674514529E-031   9.3026561724839674E-032  -5.1779749425679461E-031   7.4348920532386059E-018   2.9066132768173323E-017  -3.5195455750710929E-017   2.2549525467018807E-030   8.7180214910198829E-032   1.6241699898762123E-031   2.1433198735476527E-030  -3.3887165715225970E-031   2.5874757545285822E-030  -4.7055541369848949E-016  -2.7405364384938875E-016
  -1.0267155733838029E-017  -2.8874435525093272E-017   9.4260537024485864E-018   1.2888076504986641E-016   3.1710560402424630E-016  -1.8626652213473072E-017  -5.2383939849445840E-017   1.7100726687369035E-017   3.2543330860510725E-029   1.4138566994267455E-033   2.5216816398109629E-031   3.3636928914381988E-029  -9.8451911011711640E-032   3.3421193629634256E-029   2.3114612606532833E-016   1.7866048844556348E-031   2.3068547614083521E-031  -9.8890627632975496E-033   1.1015804636454491E-031  -2.2044118560003836E-032  -4.2286860197068226E-032   7.0253405472465621E-031   7.6522436186430315E-032   9.3292327986479052E-032   2.0532260131419421E-031  -2.2302319574083599E-017  -6.2721059784799626E-017   2.0475277422902712E-017   5.3368921285282662E-030  -4.7136947300073725E-032  -3.2260382563945404E-032   5.9671024716697857E-030   1.4274904700067131E-031   5.3894705481808507E-030   8.8106903338020159E-017   9.4655221820441804E-017
  -4.2513819783490367E-016  -1.2662080172891307E-016  -5.9033381423273645E-017   2.1011435318510451E-014   5.2096272625387496E-014  -7.7128481918660099E-016  -2.2971519064657746E-016  -1.0709823570050683E-016   4.8445857372897301E-027   1.0300348953444348E-029   3.3636928914381988E-029   5.0246973114510892E-027  -1.4359923262482926E-029   4.9628552633831304E-027   3.7040843008869970E-014   2.0891222205357148E-029   1.6375107189668025E-029  -3.6449298625872605E-030   1.5426857787078946E-029  -1.2559999455076277E-030   7.2359308667385478E-031   3.7958993014087017E-029   3.2745209221420816E-030   7.9338881948526866E-030   6.6688285928738910E-030  -9.2348535437279246E-016  -2.7504575347761829E-016  -1.2823233348853798E-016   8.1968564664736850E-028  -3.0854247381245577E-030   2.4856510715932025E-030   9.0071459394861088E-028   6.0905578155009001E-030   8.4064540353920356E-028  -7.4404963945484410E-015   1.5990264779314287E-015
  -4.4894171693922601E-017  -2.9257978808883734E-017   3.1256990017000971E-017  -5.1689277530335087E-017  -1.2622856291152247E-016  -8.1446911319230629E-017  -5.3079763263560007E-017   5.6706365168674352E-017  -1.3925525252963841E-029   1.0605238024308666E-032  -9.8451911011711640E-032  -1.4359923262482926E-029   8.6886028787636802E-032  -1.4322769882296525E-029  -9.4237761530168437E-017  -7.9424927305311195E-034  -2.7528439028195313E-033   1.8559524583757821E-032   6.7400425114556750E-033   1.8670217892118671E-032   8.6155100459045675E-032   5.2542875458041308E-032  -1.0343736837425143E-031   5.7700544063120702E-032  -6.9735341205325698E-032  -9.7519136758760853E-017  -6.3554192651128519E-017   6.7896445554595831E-017  -2.0994862871022190E-030   3.6294267862135690E-032   1.9504101844389220E-032  -2.3822786055049703E-030  -1.1444965209920811E-031  -2.0902606356327703E-030  -8.7350339673216162E-017  -7.0959851969055331E-017
  -4.4338227079614949E-016  -1.6107574321677891E-016  -8.6536056140779254E-017   2.0636169490347220E-014   5.1141275029170115E-014  -8.0438317775988656E-016  -2.9222327260883766E-016  -1.5699352999461991E-016   4.7860777909226965E-027   9.5432172964690080E-030   3.3421193629634256E-029   4.9628552633831304E-027  -1.4322769882296525E-029   4.9037103754495877E-027   3.6418901585717787E-014   2.0931430553239221E-029   1.6690632400581235E-029  -3.4810018811891926E-030   1.5235044297868248E-029  -1.3749618063240348E-030   1.8066749648690730E-031   3.9426026156847079E-029   3.9958377504761772E-030   7.6423582851977284E-030   8.0352341288527045E-030  -9.6311513656978414E-016  -3.4988879042856212E-016  -1.8797365392749613E-016   8.0761187504580099E-028  -3.3461386614269637E-030   1.9818948425304679E-030   8.8847359217960441E-028   7.1048530668857363E-030   8.2744806036255062E-028  -5.9642054654733638E-015   2.4227103266478029E-015
  -1.0711433300910749E-015   3.0006220190756722E-016  -1.6552579421412087E-015  0.16495665003252563       0.41111546361372825       -2.3797259196428133E-015  -1.2993550371087321E-016  -2.0858609694542070E-015   3.5617074922278060E-014   1.3036410905688677E-016   2.3114612606532833E-016   3.7040843008869970E-014  -9.4237761530168437E-017   3.6418901585717787E-014  0.28738384376521614        1.2585226909072197E-016   8.4384663512398387E-017  -3.9203238594647610E-017   1.1230452262786848E-016   2.3559828728424802E-018   4.9835248917059944E-017   1.4212420175860561E-016  -3.9142034177757734E-017   8.2968331160459234E-017  -8.1900990746987741E-017  -2.3774120399794235E-015   2.7503249844823201E-016  -3.1498604623676648E-015   6.2090363769261698E-015   2.8564112522655415E-018   5.9533155515142234E-017   6.7344215519651093E-015  -4.8833284017614181E-017   6.4384222010477404E-015 -0.17428582538873022       -6.0954457903232784E-002
  -1.9159777578598778E-016   1.0211390133687125E-017   2.9170331653227087E-017   6.8224212447283367E-017   1.6569752065018822E-016  -3.4759627953032765E-016   1.8525482379644036E-017   5.2920753979172344E-017   2.0331230391315721E-029  -5.5597734783520265E-032   1.7866048844556348E-031   2.0891222205357148E-029  -7.9424927305311195E-034   2.0931430553239221E-029   1.2585226909072197E-016   4.4200197881246983E-031   7.0032382127050780E-032   5.4887376145374594E-032   2.4595537767627495E-031  -4.6849197864076872E-034   9.6444597403132429E-032   1.7097516542731346E-031   1.2862357435459056E-031  -8.6278200331874505E-032   3.7970473996150133E-031  -4.1618876113661524E-016   2.2181185516312719E-017   6.3363805466411386E-017   3.1660662876815324E-030  -6.1020778966891844E-032  -9.1744615043623502E-032   3.6470805498220091E-030   1.7376643287978415E-031   3.1491136290563507E-030   1.6510378218144472E-016   1.2525881879341671E-016
  -2.6247564910388650E-018  -3.7309247731823221E-016  -7.8705141212745687E-017   4.3371325639515982E-017   1.0262284343379647E-016  -4.7618276737037802E-018  -6.7686358312127062E-016  -1.4278670069749412E-016   1.6058117018718823E-029  -1.2510220300462902E-031   2.3068547614083521E-031   1.6375107189668025E-029  -2.7528439028195313E-033   1.6690632400581235E-029   8.4384663512398387E-017   7.0032382127050780E-032   1.3725518072373266E-030  -1.3371021449984734E-031   1.7791062448255908E-032  -2.3820022992992641E-032  -1.4597472683232622E-031   4.8691501362412022E-030   2.2147863694267619E-031   1.0773647830989090E-030  -6.0942807190978219E-032  -5.7014970440506331E-018  -8.1043162055234999E-016  -1.7096333755462321E-016   2.2169551638469976E-030  -6.1960727195184096E-032  -7.5531296235312504E-032   2.6625833342432208E-030   2.0812570518239480E-031   2.1249474712724362E-030   2.5344528498214415E-016   1.7382732729027568E-016
  -1.6524164324123757E-017   3.0992457574549569E-017   7.7617303106990093E-017  -2.3928779212925657E-017  -6.1177215397292537E-017  -2.9978103962067208E-017   5.6226450971164209E-017   1.4081314710721202E-016  -3.4452786742801210E-030  -6.2509693553681257E-032  -9.8890627632975496E-033  -3.6449298625872605E-030   1.8559524583757821E-032  -3.4810018811891926E-030  -3.9203238594647610E-017   5.4887376145374594E-032  -1.3371021449984734E-031   7.5631837138388210E-032   2.3190938430829342E-032  -1.3977304918716653E-032  -6.5069866216959873E-033  -4.3094578759275964E-031  -5.7479659832869831E-032  -1.7572505960715334E-031   3.0846727901106735E-031  -3.5893796003961183E-017   6.7321828082902678E-017   1.6860033520924297E-016  -5.2329287501336206E-031  -9.1407334433707997E-033  -4.7700969189238749E-032  -5.0478847243306680E-031   6.1521362952467246E-032  -6.1584120974819034E-031   1.0955937112354149E-016   6.2306855442054708E-017
  -1.0982634467010108E-016   3.1499764733274843E-018   2.8390395990435094E-017   6.3890088644892873E-017   1.5861315676847471E-016  -1.9924672217689944E-016   5.7146806545381398E-018   5.1505796349591141E-017   1.4881841349637485E-029   2.9296844566422175E-032   1.1015804636454491E-031   1.5426857787078946E-029   6.7400425114556750E-033   1.5235044297868248E-029   1.1230452262786848E-016   2.4595537767627495E-031   1.7791062448255908E-032   2.3190938430829342E-032   1.5550161091206327E-031   1.0328526533239258E-032   1.0675507784630913E-031   3.4822784304500831E-034  -6.1393237959263037E-033  -1.7173149903352645E-032   1.1142910489107496E-031  -2.3856482749292495E-016   6.8423800885247817E-018   6.1669628924267624E-017   2.5843580865124355E-030  -8.6968523540268455E-033  -9.8680155892106064E-033   2.8443928108111225E-030   3.7068353222966581E-033   2.6646906033684042E-030  -3.3703115953030943E-017  -2.1659425610522344E-018
  -1.6535616075765078E-017  -4.3192302407650546E-019  -9.9278885165837001E-018   2.9842029311705929E-018   9.1997755836733867E-018  -2.9998879705670239E-017  -7.8359383660150309E-019  -1.8011154345605805E-017  -1.2864830073473313E-030   4.4268508256670082E-032  -2.2044118560003836E-032  -1.2559999455076277E-030   1.8670217892118671E-032  -1.3749618063240348E-030   2.3559828728424802E-018  -4.6849197864076872E-034  -2.3820022992992641E-032  -1.3977304918716653E-032   1.0328526533239258E-032   1.3825809282080135E-032   5.1598759312995060E-032  -9.2269644187073551E-032  -3.3201606036451789E-032   2.7579220555325298E-032  -1.3055519540193743E-031  -3.5918671503214162E-017  -9.3822335650469106E-019  -2.1565363196254337E-017  -9.9604197865245104E-032   1.9672587287350138E-032   3.2049900747253720E-032  -1.8070959145441742E-031  -7.8558780975252301E-032  -3.6896383041235055E-032  -9.9574430234133473E-017  -6.2271601792491726E-017
  -9.9951603202896190E-017   6.6309907120290430E-018   2.8403377252551688E-017   3.4671457427183455E-017   9.2961743626661085E-017  -1.8133198709585016E-016   1.2029929322750433E-017   5.1529346927865270E-017   3.9814736462720599E-031   1.7394761540175276E-031  -4.2286860197068226E-032   7.2359308667385478E-031   8.6155100459045675E-032   1.8066749648690730E-031   4.9835248917059944E-017   9.6444597403132429E-032  -1.4597472683232622E-031  -6.5069866216959873E-033   1.0675507784630913E-031   5.1598759312995060E-032   2.4824062837016197E-031  -5.5073360393554908E-031  -2.1589912560618468E-031   3.8780003012226904E-032  -3.3149183472789034E-031  -2.1711491033746236E-016   1.4403840536387368E-017   6.1697826826754937E-017   7.1479770233408127E-031   8.2098368945163489E-032   1.1495314527743501E-031   5.0679236289425616E-031  -3.1437096169848918E-031   9.7445068366524544E-031  -3.9506678224158886E-016  -2.4019926316978711E-016
   3.0208636633424280E-018  -1.3460626859481991E-015  -2.3609809485067862E-016   6.3433765739659443E-017   1.3849826362537972E-016   5.4804444677922001E-018  -2.4420240774235947E-015  -4.2832866424275234E-016   3.7608547620025731E-029  -5.2791181841895120E-031   7.0253405472465621E-031   3.7958993014087017E-029   5.2542875458041308E-032   3.9426026156847079E-029   1.4212420175860561E-016   1.7097516542731346E-031   4.8691501362412022E-030  -4.3094578759275964E-031   3.4822784304500831E-034  -9.2269644187073551E-032  -5.5073360393554908E-031   1.7381101194640152E-029   7.4004874749764959E-031   3.8081785951286181E-030  -7.8681836582457383E-032   6.5619211937742330E-018  -2.9239178762844982E-015  -5.1285237106497229E-016   4.6179043684250146E-030  -2.1428763774618252E-031  -3.0578268261627473E-031   5.9290097593544751E-030   7.5951660315583628E-031   4.1505285929395031E-030   1.0050767902579979E-015   6.5668924601462123E-016
  -3.5607152901351088E-017   1.6482163513269576E-017  -1.7836267228030622E-016  -3.0617372543623266E-017  -8.5108254226070319E-017  -6.4598421471249296E-017   2.9901906179860483E-017  -3.2358518274748862E-016   3.6103869335986593E-030  -2.0369391674514529E-031   7.6522436186430315E-032   3.2745209221420816E-030  -1.0343736837425143E-031   3.9958377504761772E-030  -3.9142034177757734E-017   1.2862357435459056E-031   2.2147863694267619E-031  -5.7479659832869831E-032  -6.1393237959263037E-033  -3.3201606036451789E-032  -2.1589912560618468E-031   7.4004874749764959E-031   5.5588314046215484E-031  -3.3377684933893237E-032   1.9351279007017731E-031  -7.7345871019756862E-017   3.5802561826712565E-017  -3.8743946428831591E-016  -7.3577374515381481E-031  -1.4626832950533466E-031  -1.6497368485769187E-031  -4.0490202508071093E-031   4.5943285606839089E-031  -1.0132539129827874E-030   5.1390440033642277E-016   3.1680802606076985E-016
   1.3573009461148849E-017  -3.3132697947821313E-016  -8.5355226413713356E-017   5.0748795228110033E-017   1.2985472212491771E-016   2.4624125052450702E-017  -6.0109270528948185E-016  -1.5485127120168075E-016   7.5118538285715361E-030   9.3026561724839674E-032   9.3292327986479052E-032   7.9338881948526866E-030   5.7700544063120702E-032   7.6423582851977284E-030   8.2968331160459234E-017  -8.6278200331874505E-032   1.0773647830989090E-030  -1.7572505960715334E-031  -1.7173149903352645E-032   2.7579220555325298E-032   3.8780003012226904E-032   3.8081785951286181E-030  -3.3377684933893237E-032   1.0672369453934052E-030  -6.2430696312949149E-031   2.9483296292755951E-017  -7.1970859032413276E-016  -1.8540865514711414E-016   1.5010283724072610E-030   4.7841121329522393E-032   9.5045588210934084E-032   1.5017566010435103E-030  -1.9057715744565094E-031   1.6910616026011327E-030  -2.3828975336612773E-016  -1.3590608199313095E-016
  -4.0298500723535717E-017   6.5821671325156218E-017   2.6385448901874250E-016  -6.4363045412589149E-017  -1.7914939195353090E-016  -7.3109454766309281E-017   1.1941353688076315E-016   4.7868425582733291E-016   7.2613646948085223E-030  -5.1779749425679461E-031   2.0532260131419421E-031   6.6688285928738910E-030  -6.9735341205325698E-032   8.0352341288527045E-030  -8.1900990746987741E-017   3.7970473996150133E-031  -6.0942807190978219E-032   3.0846727901106735E-031   1.1142910489107496E-031  -1.3055519540193743E-031  -3.3149183472789034E-031  -7.8681836582457383E-032   1.9351279007017731E-031  -6.2430696312949149E-031   1.8713231578963317E-030  -8.7536418536116813E-017   1.4297785938474043E-016   5.7314482099052836E-016   3.2044823834780277E-031  -1.9881498873887185E-031  -4.0475895922878871E-031   1.1409827432731357E-030   8.1474146274359203E-031  -3.8956685533785877E-031   1.0932848122029515E-015   6.7421259295929769E-016
  0.25358572896156900        3.8451230047198415E-016  -6.7098434894754568E-016  -8.7990858716438287E-016   4.4958572267913463E-015  0.46005469305387314        5.5158785525200038E-017   3.2956675549125538E-016  -9.4371855069670987E-016   7.4348920532386059E-018  -2.2302319574083599E-017  -9.2348535437279246E-016  -9.7519136758760853E-017  -9.6311513656978414E-016  -2.3774120399794235E-015  -4.1618876113661524E-016  -5.7014970440506331E-018  -3.5893796003961183E-017  -2.3856482749292495E-016  -3.5918671503214162E-017  -2.1711491033746236E-016   6.5619211937742330E-018  -7.7345871019756862E-017   2.9483296292755951E-017  -8.7536418536116813E-017  0.55083901650469680        2.1987281244827128E-016  -3.7201115296169474E-016  -7.4783716260157965E-017   1.5569741828653657E-017   4.3276304958094843E-017  -1.1937560148359723E-016  -3.1871122358031098E-018  -1.1094740770928993E-016   2.2955728300532854E-016   9.1097410558206779E-017
   4.9738282882540868E-016  0.25358572896156950       -1.4732613458183497E-016   3.7099446135346687E-016   1.4588806454836298E-015  -5.1946836589211731E-016  0.46005469305386915        2.5756577860108765E-017  -2.8824733945290542E-016   2.9066132768173323E-017  -6.2721059784799626E-017  -2.7504575347761829E-016  -6.3554192651128519E-017  -3.4988879042856212E-016   2.7503249844823201E-016   2.2181185516312719E-017  -8.1043162055234999E-016   6.7321828082902678E-017   6.8423800885247817E-018  -9.3822335650469106E-019   1.4403840536387368E-017  -2.9239178762844982E-015   3.5802561826712565E-017  -7.1970859032413276E-016   1.4297785938474043E-016   2.1987281244827128E-016  0.55083901650469047        4.2983872754545627E-016  -1.5683862549545691E-016  -1.3934151149554175E-017  -2.7248002413774223E-018  -1.8234785552537627E-016   3.3306985856475498E-017  -1.5829177155767454E-016  -5.2074511898615648E-016  -1.8216658593973066E-016
  -1.3948970339119340E-016  -4.3863601173563943E-016  0.25358572896156939       -3.4207018488102353E-016   1.2942960761831354E-015   6.4622896403109149E-017   1.2907020287625248E-015  0.46005469305386654       -1.7197013828332994E-016  -3.5195455750710929E-017   2.0475277422902712E-017  -1.2823233348853798E-016   6.7896445554595831E-017  -1.8797365392749613E-016  -3.1498604623676648E-015   6.3363805466411386E-017  -1.7096333755462321E-016   1.6860033520924297E-016   6.1669628924267624E-017  -2.1565363196254337E-017   6.1697826826754937E-017  -5.1285237106497229E-016  -3.8743946428831591E-016  -1.8540865514711414E-016   5.7314482099052836E-016  -3.7201115296169474E-016   4.2983872754545627E-016  0.55083901650469036        7.4287264107491902E-016   4.4167923984627610E-017  -2.3459460974528334E-017   7.9125040258770113E-016  -6.5714308110878441E-017   6.9750787886676764E-016   1.9700715481332835E-015   7.5369964709824208E-016
  -3.4427632455344587E-017  -7.2202650836109580E-017   3.4199084409080458E-016   3.5444995171173567E-015   8.8128210154905201E-015  -6.2458537973237177E-017  -1.3098989641140077E-016   6.2043906591161028E-016   7.8913274043976501E-028   2.2549525467018807E-030   5.3368921285282662E-030   8.1968564664736850E-028  -2.0994862871022190E-030   8.0761187504580099E-028   6.2090363769261698E-015   3.1660662876815324E-030   2.2169551638469976E-030  -5.2329287501336206E-031   2.5843580865124355E-030  -9.9604197865245104E-032   7.1479770233408127E-031   4.6179043684250146E-030  -7.3577374515381481E-031   1.5010283724072610E-030   3.2044823834780277E-031  -7.4783716260157965E-017  -1.5683862549545691E-016   7.4287264107491902E-016   1.3671383543190403E-028  -1.4350340199706125E-031   8.5066572464934953E-031   1.4917421208473530E-028  -1.8866367598005252E-031   1.4093822466276761E-028  -2.5956688317865199E-015  -5.8065687854860975E-016
   7.1677281620608012E-018  -6.4147632445175136E-018   2.0333264102154469E-017   5.0774456723543633E-018   1.6367081789237557E-017   1.3003677269197684E-017  -1.1637649908591121E-017   3.6888564721707486E-017  -3.1493842743496075E-030   8.7180214910198829E-032  -4.7136947300073725E-032  -3.0854247381245577E-030   3.6294267862135690E-032  -3.3461386614269637E-030   2.8564112522655415E-018  -6.1020778966891844E-032  -6.1960727195184096E-032  -9.1407334433707997E-033  -8.6968523540268455E-033   1.9672587287350138E-032   8.2098368945163489E-032  -2.1428763774618252E-031  -1.4626832950533466E-031   4.7841121329522393E-032  -1.9881498873887185E-031   1.5569741828653657E-017  -1.3934151149554175E-017   4.4167923984627610E-017  -1.4350340199706125E-031   5.1489021068750858E-032   7.0494372924035959E-032  -3.1718291312149537E-031  -1.7708158324971568E-031  -2.6416304912438099E-032  -2.0849540933108313E-016  -1.3074052542588807E-016
   1.9922795972583591E-017  -1.2543963567956605E-018  -1.0799860456545494E-017   3.9314043587541989E-017   1.0353446444745295E-016   3.6143894309331886E-017  -2.2757232169832190E-018  -1.9593083994537501E-017   2.1221470266992489E-030   1.6241699898762123E-031  -3.2260382563945404E-032   2.4856510715932025E-030   1.9504101844389220E-032   1.9818948425304679E-030   5.9533155515142234E-017  -9.1744615043623502E-032  -7.5531296235312504E-032  -4.7700969189238749E-032  -9.8680155892106064E-033   3.2049900747253720E-032   1.1495314527743501E-031  -3.0578268261627473E-031  -1.6497368485769187E-031   9.5045588210934084E-032  -4.0475895922878871E-031   4.3276304958094843E-017  -2.7248002413774223E-018  -2.3459460974528334E-017   8.5066572464934953E-031   7.0494372924035959E-032   1.2218593154419383E-031   6.8158291318220340E-031  -2.6260729603907570E-031   1.0759249229335721E-030  -3.4537906167317257E-016  -2.0728156760055092E-016
  -5.4956072491981163E-017  -8.3946148479817313E-017   3.6426216030328545E-016   3.8327785702873775E-015   9.5169369671670752E-015  -9.9701190462411989E-017  -1.5229492499474883E-016   6.6084364067216544E-016   8.6773526750040327E-028   2.1433198735476527E-030   5.9671024716697857E-030   9.0071459394861088E-028  -2.3822786055049703E-030   8.8847359217960441E-028   6.7344215519651093E-015   3.6470805498220091E-030   2.6625833342432208E-030  -5.0478847243306680E-031   2.8443928108111225E-030  -1.8070959145441742E-031   5.0679236289425616E-031   5.9290097593544751E-030  -4.0490202508071093E-031   1.5017566010435103E-030   1.1409827432731357E-030  -1.1937560148359723E-016  -1.8234785552537627E-016   7.9125040258770113E-016   1.4917421208473530E-028  -3.1718291312149537E-031   6.8158291318220340E-031   1.6330827167166487E-028   3.7365679925633415E-031   1.5335531588950127E-028  -2.1150589853195390E-015  -1.8906221017464116E-016
  -1.4672275481263963E-018   1.5333293457536564E-017  -3.0252415363101083E-017  -4.0460295573693810E-017  -1.1426182722590675E-016  -2.6618411140782995E-018   2.7817628555038195E-017  -5.4883867956623122E-017   6.5035759797072772E-030  -3.3887165715225970E-031   1.4274904700067131E-031   6.0905578155009001E-030  -1.1444965209920811E-031   7.1048530668857363E-030  -4.8833284017614181E-017   1.7376643287978415E-031   2.0812570518239480E-031   6.1521362952467246E-032   3.7068353222966581E-033  -7.8558780975252301E-032  -3.1437096169848918E-031   7.5951660315583628E-031   4.5943285606839089E-031  -1.9057715744565094E-031   8.1474146274359203E-031  -3.1871122358031098E-018   3.3306985856475498E-017  -6.5714308110878441E-017  -1.8866367598005252E-031  -1.7708158324971568E-031  -2.6260729603907570E-031   3.7365679925633415E-031   6.3426126733815415E-031  -6.5392903856316279E-031   7.7720413554976045E-016   4.8088269046204426E-016
  -5.1076046571433485E-017  -7.2871625059855393E-017   3.2110660032986064E-016   3.6848780668414834E-015   9.1720903750483085E-015  -9.2662055645053557E-017  -1.3220354803299070E-016   5.8255091505845933E-016   8.0884429518075482E-028   2.5874757545285822E-030   5.3894705481808507E-030   8.4064540353920356E-028  -2.0902606356327703E-030   8.2744806036255062E-028   6.4384222010477404E-015   3.1491136290563507E-030   2.1249474712724362E-030  -6.1584120974819034E-031   2.6646906033684042E-030  -3.6896383041235055E-032   9.7445068366524544E-031   4.1505285929395031E-030  -1.0132539129827874E-030   1.6910616026011327E-030  -3.8956685533785877E-031  -1.1094740770928993E-016  -1.5829177155767454E-016   6.9750787886676764E-016   1.4093822466276761E-028  -2.6416304912438099E-032   1.0759249229335721E-030   1.5335531588950127E-028  -6.5392903856316279E-031   1.4565448523301931E-028  -3.2587690994680420E-015  -9.5910261427530392E-016
  -9.1547456456213891E-017   8.7642259347736602E-017   1.6515237534506527E-015 -0.11512242019890008      -0.30320474546228865        4.2492744328234531E-016  -9.6446526682650264E-016  -3.3444585359369528E-015  -6.3749450000969582E-015  -4.7055541369848949E-016   8.8106903338020159E-017  -7.4404963945484410E-015  -8.7350339673216162E-017  -5.9642054654733638E-015 -0.17428582538873022        1.6510378218144472E-016   2.5344528498214415E-016   1.0955937112354149E-016  -3.3703115953030943E-017  -9.9574430234133473E-017  -3.9506678224158886E-016   1.0050767902579979E-015   5.1390440033642277E-016  -2.3828975336612773E-016   1.0932848122029515E-015   2.2955728300532854E-016  -5.2074511898615648E-016   1.9700715481332835E-015  -2.5956688317865199E-015  -2.0849540933108313E-016  -3.4537906167317257E-016  -2.1150589853195390E-015   7.7720413554976045E-016  -3.2587690994680420E-015   1.0128498002898156       0.60791943051172048     
  -7.8238500266564187E-017   1.5159931735987480E-016   7.8080643298995245E-016  -4.4480830148952835E-002 -0.12111029543569549        1.5601529911865142E-016  -5.4642740848211532E-016  -2.4186672852999967E-015   2.0282078038572907E-015  -2.7405364384938875E-016   9.4655221820441804E-017   1.5990264779314287E-015  -7.0959851969055331E-017   2.4227103266478029E-015  -6.0954457903232784E-002   1.2525881879341671E-016   1.7382732729027568E-016   6.2306855442054708E-017  -2.1659425610522344E-018  -6.2271601792491726E-017  -2.4019926316978711E-016   6.5668924601462123E-016   3.1680802606076985E-016  -1.3590608199313095E-016   6.7421259295929769E-016   9.1097410558206779E-017  -1.8216658593973066E-016   7.5369964709824208E-016  -5.8065687854860975E-016  -1.3074052542588807E-016  -2.0728156760055092E-016  -1.8906221017464116E-016   4.8088269046204426E-016  -9.5910261427530392E-016  0.60791943051172048       0.37228084941244477     
