 1.3144813906907455E-004  2.8381945492191512E-015 -1.1550533958788361E-016 -1.0774027368839395E-016 -3.0309950934400455E-015  2.2921699666268324E-017  5.4025948134771040E-016 -4.0001571961242378E-004 -3.9423303004565277E-018 -5.3402559653394624E-018 -1.9394285482374540E-018  6.4374224457180551E-015 -2.3922486240562278E-016 -2.5453072067258338E-016 -7.0680805267103989E-015  2.0945106881736595E-017  1.1396697033265962E-015 -5.9456681884977305E-017 -5.9651559885238570E-017 -3.9666994340708486E-017 -7.8799619363687373E-003  8.2898826076441182E-015 -3.1016108308103648E-016 -3.4684975475389147E-016 -1.0014780228091784E-014  2.7686701287748978E-017  1.1448053743437346E-015 -1.8572976813934837E-016 -1.8583215834041754E-016 -1.2580545201361321E-016 -8.1299212985137525E-020  4.4360462373791276E-021  5.5133554504306784E-020 -4.0167754314892169E-020  1.8639748084498496E-021 -3.4591657704928939E-020  4.4481530013340368E-021  5.4146678426777026E-020  7.3620365970828102E-021  1.1576516029263017E-019 -9.9913590679736874E-003  1.2488421834440563E-014 -4.5754342886723667E-016 -5.1813360813673326E-016 -1.4310302581375868E-014  3.8642430657741639E-017  2.1175760665544006E-015  5.8826015596291506E-003  7.5427220883372735E-017  2.7380356290827363E-018 -7.7823940877302671E-017 -1.0261624095651688E-003
 2.8381945492191512E-015  2.9883435693074167E-002 -4.4712433323372827E-016 -3.1970470659611271E-016 -1.4941717846536660E-002  1.1856964664958959E-016 -1.4941717846537765E-002 -2.4493585576321227E-015  2.5041401653370634E-017  1.0738421594766479E-017  4.6386521340040157E-017  6.8764961868632082E-002 -9.1430258442023793E-016 -2.7077808301395105E-016 -3.4382480934315431E-002  5.8688822023226736E-016 -3.4382480934316249E-002 -3.2732270895689343E-016  2.4469363344706398E-016 -1.8321121391417683E-017 -1.1978499364760452E-014  9.3715937872858479E-002 -1.1733037655095204E-015 -2.3323724332517224E-016 -4.6857968936428032E-002  8.3693754630517648E-016 -4.6857968936428296E-002 -9.5213190727405762E-016  6.7802924493168458E-016 -5.4858219715097836E-017  1.0771020028024711E-018 -1.2436422338851163E-017  1.1424179041851696E-018  2.7243303529911696E-018  8.0320459249122308E-019  4.0498292636085206E-018 -3.1147380047524113E-017  6.2188261870683993E-019 -8.8053406449308566E-018 -5.7264397227398060E-018 -1.7353541062360543E-014  1.3767919336238521E-001 -1.7274435220601654E-015 -3.3395905369878131E-016 -6.8839596681184015E-002  1.2259478017608601E-015 -6.8839596681185972E-002  9.6225427531053611E-015  7.9109654423687601E-017  2.0557823157430399E-015 -7.7625181854748729E-016 -2.2068088929257942E-015
-1.1550533958788361E-016 -4.4712433323372827E-016  2.9883435693078539E-002 -8.8942402931112998E-017 -2.4960064158993105E-016 -7.4210900306129924E-017  5.4836984428429885E-016  2.9576011706944951E-016 -5.0741500414325877E-017  1.1249118572714786E-016  1.3749028895545987E-017 -7.6779700274400599E-017  6.8764961868636412E-002 -1.4507560935660227E-016 -6.7485110028637427E-016 -1.8316331669434306E-016  5.7726507583246629E-016 -2.4069953734254650E-016 -9.6081162614526198E-017  2.8076737150687974E-016  1.0427309195945576E-015 -1.3884880510984930E-016  9.3715937872864655E-002 -3.0529917573735016E-017 -8.1660375500276714E-016 -2.0785007335029234E-016  9.5201650027081090E-016 -9.0334596949473312E-016  1.0331650204610861E-016  2.9669594702029330E-016 -5.9377867920746783E-017  2.5515698539854756E-017 -5.4114731109515377E-017 -1.8385322369278993E-017 -1.9095546476894922E-018 -2.4266760913113273E-017  7.7735813297927182E-017 -6.3748886741319105E-017  2.9367596402409460E-017 -1.3407447976303603E-016  1.3509797109282404E-015 -2.8952751598928970E-016  1.3767919336238871E-001  6.9371038760447377E-018 -1.3659785150284531E-015 -3.5861748262242994E-016  1.2967985566984331E-015 -4.0084998116652439E-015  2.0375178217428308E-015 -2.1652444456812927E-015 -3.8148175484869704E-016  2.7614074794607770E-015
-1.0774027368839395E-016 -3.1970470659611271E-016 -8.8942402931112998E-017  2.9883435693074809E-002 -1.3638020822991738E-017 -2.6353268699082122E-016  3.4174717674015823E-016 -1.7706122935069470E-017  3.1365783422740203E-017 -4.3603866879248407E-017  9.2207019005639749E-017 -5.4699627625560525E-016  1.5833121817673455E-017  6.8764961868631416E-002 -3.7164801567603096E-016 -4.6152155457279471E-016  7.4540226148387826E-016 -1.3982171365078347E-016  4.0327817266900315E-016 -7.5924315464212922E-016 -5.3686208399438805E-016 -5.6657612550095698E-016  1.7955948504980416E-016  9.3715937872859881E-002 -2.0142043623215101E-016 -6.4864696970355017E-016  1.0326008947992435E-015 -3.6332722710499643E-016  9.7697548507606924E-016 -2.0503622287052075E-015  4.6748591515596707E-018 -6.1050026493448098E-018  2.0663077059842405E-017 -2.7638196509527632E-018 -4.9899317453717668E-020 -3.3817385853218616E-018 -3.1681056066949349E-017  2.2351342908298902E-017 -9.7749360408541907E-018  4.3708170022610259E-017 -4.9147554434287725E-016 -7.2084801248037958E-016  3.4660703822521981E-016  1.3767919336238124E-001 -2.8081202013458934E-016 -8.9217881465814402E-016  1.5896416720671197E-015  5.2676314803805395E-016  9.6393464229875924E-016 -4.2458913379314297E-016  9.4995844694565762E-016 -1.3265969440006636E-015
-3.0309950934400455E-015 -1.4941717846536660E-002 -2.4960064158993105E-016 -1.3638020822991738E-017  2.9883435693076391E-002 -2.6090715807559838E-016 -1.4941717846538114E-002  2.0863317952065240E-015  3.7154485844365624E-017 -7.0194603284888963E-017  1.4935352025025743E-016 -3.4382480934313744E-002  1.0322817051647083E-016  1.6151126423450107E-016  6.8764961868635344E-002 -4.0787188024985918E-016 -3.4382480934318768E-002  3.3285032626752599E-016 -6.4095084729132207E-016 -9.6972830907710563E-017 -5.6787046575996790E-015 -4.6857968936428962E-002 -5.5384445506001619E-018  2.7231012199485096E-016  9.3715937872860769E-002 -7.3918105544041308E-016 -4.6857968936433375E-002  9.3870396327624320E-016 -2.1226472430663430E-015 -1.7830819244591911E-016 -2.4535027846447251E-017 -8.6137042064838060E-018  2.4152654198146094E-018 -1.4399333097607964E-017  2.8613421724811242E-018 -1.4600707047238847E-017 -1.8787477605613922E-017  4.5308612058187221E-018 -1.0937551836552471E-017  1.2125056658077354E-017 -1.1179353463552622E-014 -6.8839596681188234E-002 -1.1697817216912295E-017  4.0750229694464078E-016  1.3767919336238651E-001 -1.0919210181625911E-015 -6.8839596681195048E-002  2.6130436609626841E-015 -6.1943381829708477E-016 -8.0208586589652241E-016 -4.2301914257482935E-016  2.4271354856519922E-015
 2.2921699666268324E-017  1.1856964664958959E-016 -7.4210900306129924E-017 -2.6353268699082122E-016 -2.6090715807559838E-016  2.9883435693072648E-002  1.9681974401717790E-016 -4.5082823169069672E-017  5.4236284638243899E-017  3.3817729891350603E-017  8.1934911154876907E-017 -4.7090123061041494E-016 -1.2853871608955216E-017 -7.0207424183107076E-017  8.9081510944881331E-017  6.8764961868628682E-002  4.1923807820243078E-016  1.4970679652716234E-016 -3.4016290789987681E-017  3.8797316885795650E-016 -1.0212398956936764E-015 -4.2870201127500741E-016  4.0385470791210901E-017 -1.5296697776981540E-016 -1.4090469191651856E-016  9.3715937872856370E-002  7.1408524220510506E-016  7.4592928143309403E-016 -5.7428213628414254E-017  1.4532341437138767E-015  8.3057849856230524E-017  2.2340811946104869E-018  1.8493778923633324E-017  3.6699763842447605E-017  1.6709387376412822E-018  3.5083888214963883E-017 -7.5195126707215839E-018  2.2203480720699811E-017  9.5230319403623897E-019  4.7237683932809981E-017 -1.0489569731533140E-015 -7.1859412002527427E-016  9.0315863667233477E-018 -1.3190655074794411E-016 -2.4371625900172234E-016  1.3767919336237580E-001  9.4251137664233716E-016  2.5821403051801973E-015 -3.1874700722885184E-016 -1.9262800203039145E-016  3.3826599046375457E-016 -1.0624171619134803E-015
 5.4025948134771040E-016 -1.4941717846537765E-002  5.4836984428429885E-016  3.4174717674015823E-016 -1.4941717846538114E-002  1.9681974401717790E-016  2.9883435693074518E-002 -6.9729128113861176E-016 -6.0470805140217465E-017  6.4698091607249781E-017 -1.9587246391503950E-016 -3.4382480934318935E-002  4.7117924656189118E-016  1.2819540678147845E-016 -3.4382480934316180E-002 -5.5247263635278674E-017  6.8764961868631874E-002  4.4139003119725628E-017  5.0378244504386947E-016  1.1269910676581179E-016 -3.4574876069276188E-015 -4.6857968936430329E-002  7.1462493151763069E-016 -1.3084795522461034E-017 -4.6857968936427651E-002  6.9825858755112717E-017  9.3715937872857424E-002  1.4052735699912282E-016  1.7704112723093217E-015  2.2510528431092781E-016  2.3457925843643601E-017  2.1050126545335918E-017 -3.5576833239991751E-018  1.1675002744614936E-017 -3.6645467649724805E-018  1.0550877783629970E-017  4.9934857653138467E-017 -5.1527438245248061E-018  1.9742892481485263E-017 -6.3986169353365826E-018  2.0028376867323563E-015 -6.8839596681198142E-002  1.0564082066312918E-015 -3.4869874063813032E-017 -6.8839596681195048E-002  1.1411071779817538E-016  1.3767919336237472E-001  9.4066888478041907E-015 -2.4620029068100265E-016 -1.4861621179957696E-015  1.1991036290345619E-015 -3.2079003245725718E-015
-4.0001571961242378E-004 -2.4493585576321227E-015  2.9576011706944951E-016 -1.7706122935069470E-017  2.0863317952065240E-015 -4.5082823169069672E-017 -6.9729128113861176E-016  1.2179930993353634E-003  3.9840396801121870E-018 -1.4815090779454305E-018  2.2478505228231743E-018 -5.3453931279359653E-015  5.9534151113462461E-016 -1.9600644844754986E-017  5.0828483653390647E-015 -4.7613012243392723E-018 -1.2845915191040255E-015 -2.0942791710450777E-017 -1.7723928750535627E-016  5.0824952154223704E-017  2.4044877284718661E-002 -5.8257047057031692E-015  7.6149458798513145E-016 -2.7495544263747320E-017  8.0757575197728859E-015 -3.1060468456094111E-018 -5.2449670531029848E-016  1.2897570151111706E-017 -5.2814629229198555E-016  1.6129049829895311E-016  2.4294208739305321E-019 -4.6194263747684181E-021 -1.6505101959434975E-019  1.2200707112501774E-019 -5.1344585847555430E-021  1.0664728864452173E-019 -1.4771914332658784E-020 -1.6233259771035195E-019 -1.2679278775717801E-020 -3.5130970603500751E-019  3.0436522524504916E-002 -9.4817133210911226E-015  1.1244227598204589E-015 -1.2729262399074243E-017  1.0662210299187521E-014  2.1351228577703331E-018 -2.0701917170829927E-015 -1.9119325225054908E-002  1.9317665253759897E-015  5.7695037798154394E-016  1.0227419149392179E-016  3.8057806521566502E-003
-3.9423303004565277E-018  2.5041401653370634E-017 -5.0741500414325877E-017  3.1365783422740203E-017  3.7154485844365624E-017  5.4236284638243899E-017 -6.0470805140217465E-017  3.9840396801121870E-018  3.8619829449671123E-004  2.2463925760581161E-017 -2.3086478423719739E-017  1.0669763791830584E-016 -7.7538504551435086E-017  8.9007761493386059E-017  5.0097857115210926E-017  6.7558425366225071E-017 -1.5805057983234950E-016  7.7541764373687521E-003  1.2246093212201385E-016 -5.7861062851869754E-016  4.9244268143409328E-017  1.2692266554568789E-016 -1.1301416212996502E-016  1.1894342231033559E-016  8.7961866990152701E-017  1.4568574724788992E-016 -2.0195845795609161E-016  2.3769290925143006E-002  4.1171747305573094E-016 -1.6906738300803982E-015  1.8766464064362669E-016 -5.8265253432787084E-018  4.7372619933194377E-018  6.4430308983716190E-017  1.6819934410824452E-018  1.0220842506493898E-016 -4.0296131898033507E-018  5.9510406342293871E-019 -3.6933939980641952E-018 -3.8299944540708603E-018  7.8841673906634850E-017  1.8889164735666175E-016 -1.7229839148693953E-016  1.7395489747650309E-016  1.1267568044046078E-016  1.9334662017676225E-016 -3.0192305014475625E-016 -1.1669012729632928E-016 -8.7862298964809724E-003 -2.7314352919255161E-015 -8.1637682134162387E-016  1.6214739355223909E-016
-5.3402559653394624E-018  1.0738421594766479E-017  1.1249118572714786E-016 -4.3603866879248407E-017 -7.0194603284888963E-017  3.3817729891350603E-017  6.4698091607249781E-017 -1.4815090779454305E-018  2.2463925760581161E-017  3.8619829449666585E-004 -1.0308399038506945E-017 -9.7801879657483261E-018  2.6656077797368208E-016 -1.3983846343032731E-016 -1.9658127367440759E-017  8.5666794334237849E-017  3.9532822991059358E-017  2.9885039917152905E-016  7.7541764373681857E-003 -4.2946100165359975E-017  1.5076943037544500E-016  3.8627820110123383E-018  3.2911863137984819E-016 -1.8234723003461327E-016 -1.6152533666706461E-016  1.2229724112911724E-016  1.4563018453886291E-016  1.1023895679358153E-015  2.3769290925141420E-002 -3.0886317458823923E-016  1.8971720951043928E-018  1.0724072423325178E-016 -5.6578379131673399E-018  8.4154843154182300E-019 -6.6980337932712565E-018  3.0306598742097348E-018  2.7847774818188915E-016 -8.2703214065608657E-018  1.4175514589209077E-016 -1.4082884765824203E-018  2.0225223179071428E-016 -3.8608435401058436E-017  5.0161926335935074E-016 -2.7362910163557311E-016 -1.5949199335858893E-016  1.4948059282344853E-016  1.4268981641385456E-016 -1.2842518119355252E-017  4.5964272070060898E-016 -8.7862298964767570E-003  5.0011554333370453E-016 -2.2441962720849566E-017
-1.9394285482374540E-018  4.6386521340040157E-017  1.3749028895545987E-017  9.2207019005639749E-017  1.4935352025025743E-016  8.1934911154876907E-017 -1.9587246391503950E-016  2.2478505228231743E-018 -2.3086478423719739E-017 -1.0308399038506945E-017  3.8619829449672955E-004  1.0763183030154261E-016  2.5206197108930469E-017  3.0646939948279098E-016  3.6398107381145912E-016  1.0856396820764411E-016 -4.7179782161463083E-016  1.0690298129508391E-016 -5.2126159978183198E-017  7.7541764373690930E-003 -9.8937679712363510E-018  1.4406848327535099E-016  2.8659861054073723E-017  3.8681487783115762E-016  4.7935384157960126E-016  1.9600147503984833E-016 -6.2070016625142732E-016  3.4701171140946274E-016 -3.2373934552038810E-016  2.3769290925143741E-002  7.7523707275222672E-018  4.3582028625978528E-018  8.6118282978297136E-017 -1.8138541726419454E-018  6.3445800223381764E-018  5.1316020062956057E-018 -2.1050462296905247E-017  8.7292017676904712E-017  8.0993573781348847E-019  1.5781104215287387E-016 -3.4666608262606479E-017  2.2667766016068248E-016  5.1149664892975791E-017  5.9883430798660493E-016  7.1532542518413805E-016  2.6915111076292241E-016 -9.0289766527190454E-016 -4.9472786787105374E-017 -9.4559379999275999E-016 -1.7339981292951521E-015 -8.7862298964871896E-003  1.3247347445873909E-016
 6.4374224457180551E-015  6.8764961868632082E-002 -7.6779700274400599E-017 -5.4699627625560525E-016 -3.4382480934313744E-002 -4.7090123061041494E-016 -3.4382480934318935E-002 -5.3453931279359653E-015  1.0669763791830584E-016 -9.7801879657483261E-018  1.0763183030154261E-016  1.5823548635307474E-001  8.7125088353968771E-017 -1.8830494439294367E-016 -7.9117743176532918E-002 -3.6081496835585668E-016 -7.9117743176540911E-002  2.3527783058919197E-016  8.4618009846931879E-017 -7.8751429913116326E-017 -2.1357538281096761E-014  2.1565033420182556E-001  2.8652871392866450E-016  5.3661564309410513E-017 -1.0782516710090584E-001 -4.0710969681771487E-016 -1.0782516710091475E-001  8.3382184309105489E-016 -2.6453080581079364E-016 -1.4723369746079265E-016  2.4785261946672768E-018 -2.8617529680892499E-017  2.6288250262213039E-018  6.2689737139096456E-018  1.8482591407055918E-018  9.3190875957871295E-018 -7.1673432174104242E-017  1.4310180061449412E-018 -2.0262024752050969E-017 -1.3177146470769131E-017 -3.2586689260699142E-014  3.1681445797956376E-001  4.1031896985342577E-016  1.0055829954449616E-016 -1.5840722898975601E-001 -6.0735401348389993E-016 -1.5840722898977275E-001  4.5133897673431139E-015 -1.0910059183027521E-015 -5.1275339715929350E-015  9.0279710851568832E-016 -6.3055193980200610E-015
-2.3922486240562278E-016 -9.1430258442023793E-016  6.8764961868636412E-002  1.5833121817673455E-017  1.0322817051647083E-016 -1.2853871608955216E-017  4.7117924656189118E-016  5.9534151113462461E-016 -7.7538504551435086E-017  2.6656077797368208E-016  2.5206197108930469E-017  8.7125088353968771E-017  1.5823548635307155E-001  1.7614015932073969E-016  4.9380768183439846E-018 -5.6838117908701078E-017 -4.9392595559299528E-016  3.3804087809414849E-016 -2.0612887466203280E-016  4.9913216003766130E-016  3.9523088063516290E-016  4.1352731103526702E-017  2.1565033420182178E-001  6.1533754733952430E-016  2.4198444337625957E-016  1.2667498336512024E-017 -2.9576053504264710E-016  4.8069717795084812E-016  5.1745922550472038E-016  2.6208397279476240E-016 -1.3663478541580243E-016  5.8714334428126681E-017 -1.2452374818934565E-016 -4.2306580965152462E-017 -4.3940882127185472E-018 -5.5840396198210864E-017  1.7887836901222398E-016 -1.4669296432171277E-016  6.7577960831765031E-017 -3.0851962883899041E-016  8.8038695950022905E-016 -1.3849043087876830E-016  3.1681445797954544E-001  1.0256313986946786E-015 -2.2486547341038083E-017 -9.9864211314461661E-017 -6.6697987557515372E-016 -7.5841691662553168E-016 -1.3937803927150159E-015  1.7914770584401623E-015  1.5372734093682766E-016  2.3459851409812932E-016
-2.5453072067258338E-016 -2.7077808301395105E-016 -1.4507560935660227E-016  6.8764961868631416E-002  1.6151126423450107E-016 -7.0207424183107076E-017  1.2819540678147845E-016 -1.9600644844754986E-017  8.9007761493386059E-017 -1.3983846343032731E-016  3.0646939948279098E-016 -1.8830494439294367E-016  1.7614015932073969E-016  1.5823548635306831E-001 -4.1159626853276975E-016  1.7142393021367460E-016  2.0275512304638351E-016  9.7669257553507230E-017  1.2306313963462970E-016  1.5361981159110588E-016 -7.4971471045632413E-016  1.5406934523444140E-016  6.0189495583088076E-016  2.1565033420182203E-001  1.4082699178664786E-016  1.8921060407574799E-016  3.1496125601033978E-016  3.1330532416686513E-016 -1.9949581035554422E-016  1.0956957321564858E-015  1.0757347802981538E-017 -1.4048260002701846E-017  4.7547936612877094E-017 -6.3598427858724037E-018 -1.1482363330618839E-019 -7.7817399330383245E-018 -7.2901477419738103E-017  5.1432815777562281E-017 -2.2493166817284354E-017  1.0057714500511874E-016 -5.6283108925086063E-016  4.8430254135460151E-016  1.0760925201632010E-015  3.1681445797954477E-001  2.4209597838487831E-016  4.1755944791951187E-016  6.2912337128421087E-016  1.7614731063785254E-016 -2.2150251790027308E-015  5.0864375828099274E-016 -3.3301496249228820E-016  1.3567011109661337E-015
-7.0680805267103989E-015 -3.4382480934315431E-002 -6.7485110028637427E-016 -3.7164801567603096E-016  6.8764961868635344E-002  8.9081510944881331E-017 -3.4382480934316180E-002  5.0828483653390647E-015  5.0097857115210926E-017 -1.9658127367440759E-017  3.6398107381145912E-016 -7.9117743176532918E-002  4.9380768183439846E-018 -4.1159626853276975E-016  1.5823548635307794E-001  6.4795357177703102E-016 -7.9117743176538510E-002  7.6733254052542403E-017  1.2407334922333614E-015  1.5645718146511783E-016 -7.6710411062863875E-015 -1.0782516710091326E-001 -3.2590149792932656E-016 -4.4338626316987591E-016  2.1565033420182497E-001  4.6278432346431788E-016 -1.0782516710091530E-001  1.1390389123010527E-017  3.6621286841905234E-015  8.0022304443092231E-016 -5.6457706926189384E-017 -1.9821048937909416E-017  5.5577824518577232E-018 -3.3134395976443646E-017  6.5842524736639478E-018 -3.3597778838773555E-017 -4.3231982909312482E-017  1.0425993224143842E-017 -2.5168469338664770E-017  2.7901044154081708E-017 -1.8775004960763223E-014 -1.5840722898977350E-001 -4.8836165004227309E-016 -6.3068950874532431E-016  3.1681445797955821E-001  6.6564645550722536E-016 -1.5840722898977722E-001  3.4614898800183952E-015 -1.6914712888545758E-015  1.5299583705870121E-015 -4.1131042411526587E-017 -3.9202400091999159E-015
 2.0945106881736595E-017  5.8688822023226736E-016 -1.8316331669434306E-016 -4.6152155457279471E-016 -4.0787188024985918E-016  6.8764961868628682E-002 -5.5247263635278674E-017 -4.7613012243392723E-018  6.7558425366225071E-017  8.5666794334237849E-017  1.0856396820764411E-016 -3.6081496835585668E-016 -5.6838117908701078E-017  1.7142393021367460E-016  6.4795357177703102E-016  1.5823548635306714E-001 -2.0029705780334091E-016 -8.1583052564370753E-016  4.6431444542455870E-017 -6.4177749623674596E-016 -2.3351103924243373E-016 -7.6158258777048357E-019  5.2653073753344774E-017  1.0317791874138134E-016  2.8275506095159964E-016  2.1565033420182100E-001  5.2268681948370178E-017 -1.8220250313213494E-015  3.0513097073368720E-016 -1.4790840018488243E-015  1.9112494081720062E-016  5.1408582914196334E-018  4.2556151024652993E-017  8.4450057454348285E-017  3.8450076409815334E-018  8.0731755882539518E-017 -1.7303197911490207E-017  5.1092569167444405E-017  2.1913508706949242E-018  1.0869893166781789E-016  1.0075560769820472E-016 -2.0538189423220999E-016 -3.0793099591400009E-017  3.6394352032715931E-016  3.2520863942648753E-016  3.1681445797954250E-001 -1.7024508496419962E-016  4.1670535957379469E-016  1.1129684470651989E-015  1.0129170745688670E-015 -9.4460405468694357E-016 -5.9495743991629148E-016
 1.1396697033265962E-015 -3.4382480934316249E-002  5.7726507583246629E-016  7.4540226148387826E-016 -3.4382480934318768E-002  4.1923807820243078E-016  6.8764961868631874E-002 -1.2845915191040255E-015 -1.5805057983234950E-016  3.9532822991059358E-017 -4.7179782161463083E-016 -7.9117743176540911E-002 -4.9392595559299528E-016  2.0275512304638351E-016 -7.9117743176538510E-002 -2.0029705780334091E-016  1.5823548635307200E-001 -2.9992412501108477E-016 -1.1172559253912289E-015 -8.1335294097830593E-017 -1.2839930314611233E-015 -1.0782516710091103E-001 -5.0858640933121743E-016 -1.5802581066514305E-016 -1.0782516710091025E-001  6.5527312193307599E-017  2.1565033420181992E-001 -8.7054501654070690E-016 -2.7687723864897119E-015 -6.6425449883125561E-016  5.3979180731517149E-017  4.8438578618803034E-017 -8.1866074780783715E-018  2.6865422262528534E-017 -8.4325116143699417E-018  2.4278691242984095E-017  1.1490541508341772E-016 -1.1857011230287826E-017  4.5430494090719197E-017 -1.4723897683311867E-017  1.2697711913871067E-014 -1.5840722898978840E-001 -7.2567219928608099E-016 -2.6850366915396044E-016 -1.5840722898978912E-001  1.0931322667504841E-016  3.1681445797953511E-001  8.0848431919246810E-015  9.5716719042730312E-016  3.0986529147044405E-015 -8.6159932540771325E-016 -2.4048047118534787E-015
-5.9456681884977305E-017 -3.2732270895689343E-016 -2.4069953734254650E-016 -1.3982171365078347E-016  3.3285032626752599E-016  1.4970679652716234E-016  4.4139003119725628E-017 -2.0942791710450777E-017  7.7541764373687521E-003  2.9885039917152905E-016  1.0690298129508391E-016  2.3527783058919197E-016  3.3804087809414849E-016  9.7669257553507230E-017  7.6733254052542403E-017 -8.1583052564370753E-016 -2.9992412501108477E-016  1.5651880902607665E-001 -1.3426319412998767E-015 -1.0285323123022300E-015 -2.2621470016763242E-016 -1.0311695744953454E-016  2.6739024042763509E-016 -2.4362234629716279E-019  4.1323201705894480E-016 -3.4917424978634581E-017 -1.0722047542034304E-016  4.7839897418996080E-001 -1.5613280546451333E-015 -6.4692787636204056E-016  3.7322936882711946E-015 -9.4368189025254547E-017  9.5345782829093547E-017  1.2182697172283118E-015  1.8710635005434952E-017  2.0458974136725921E-015 -1.1617533063783920E-016  1.2236922279366082E-017 -1.8711861818640536E-017 -1.0728960348689115E-016  1.6404847728578026E-017 -5.3016215580113365E-017  2.8586697676751218E-016  3.6778605776373725E-017  2.9555445266306872E-016 -4.3650736669177029E-016 -3.1676530709094478E-016  2.3655021132362577E-017 -2.1761433771107846E-001  2.6496695162921301E-015 -1.8317278949436724E-016 -1.6884373511104843E-016
-5.9651559885238570E-017  2.4469363344706398E-016 -9.6081162614526198E-017  4.0327817266900315E-016 -6.4095084729132207E-016 -3.4016290789987681E-017  5.0378244504386947E-016 -1.7723928750535627E-016  1.2246093212201385E-016  7.7541764373681857E-003 -5.2126159978183198E-017  8.4618009846931879E-017 -2.0612887466203280E-016  1.2306313963462970E-016  1.2407334922333614E-015  4.6431444542455870E-017 -1.1172559253912289E-015 -1.3426319412998767E-015  1.5651880902607465E-001  1.6097035056528653E-015  3.6156583256991002E-016  2.4966565475997247E-016 -8.8327918918414011E-016  3.5063713823992026E-016 -8.9266409318996974E-016  2.2814200378866684E-016  3.9109745671626940E-016 -8.3349396697455073E-016  4.7839897418995658E-001  1.1774412335899486E-015  4.8162146162932983E-017  2.1560674137414403E-015 -1.0125343385280739E-016  1.8533197490831273E-017 -1.3526515466035543E-016  5.9915261683750347E-017  5.5579320067728730E-015 -1.4510256235306118E-016  2.8484570140813296E-015 -5.6417567140645244E-017  6.1449108928908048E-016 -4.2009008512624617E-016 -9.7278760593342481E-016  3.8487479486617163E-016  1.4104486760268924E-016 -3.1969199870359946E-016 -8.7943881829698939E-016  1.0053211908502691E-016  4.0701630481743651E-017 -2.1761433771106498E-001  9.8660510467507930E-017  4.6103034582367159E-017
-3.9666994340708486E-017 -1.8321121391417683E-017  2.8076737150687974E-016 -7.5924315464212922E-016 -9.6972830907710563E-017  3.8797316885795650E-016  1.1269910676581179E-016  5.0824952154223704E-017 -5.7861062851869754E-016 -4.2946100165359975E-017  7.7541764373690930E-003 -7.8751429913116326E-017  4.9913216003766130E-016  1.5361981159110588E-016  1.5645718146511783E-016 -6.4177749623674596E-016 -8.1335294097830593E-017 -1.0285323123022300E-015  1.6097035056528653E-015  1.5651880902607737E-001 -8.4617408741368289E-017 -1.2118554450111551E-016  5.7664248142625991E-016 -3.9959153004988408E-016 -1.1659599398143046E-016  3.0435498709188957E-017  2.9099660946022978E-016 -2.2929888304227995E-015  3.0202595513688732E-015  4.7839897418996274E-001  1.7033312777629052E-016  8.2734052709802378E-017  1.7205342900491269E-015 -4.7550505979726872E-017  1.1547616593510354E-016  9.1334107012538118E-017 -4.3330034159395336E-016  1.7539788625604654E-015  2.9517418543610758E-017  3.1014334109888961E-015 -4.8619008216667363E-016  8.9686097304552102E-017  1.0251144345703840E-015  4.8848970861348779E-018  3.3461666551093621E-017 -3.0401132146956611E-016  6.4105455023760303E-016 -1.3315608995294375E-016 -1.3883065778883366E-015  2.2799002277335433E-016 -2.1761433771106298E-001 -1.4270064013638502E-016
-7.8799619363687373E-003 -1.1978499364760452E-014  1.0427309195945576E-015 -5.3686208399438805E-016 -5.6787046575996790E-015 -1.0212398956936764E-015 -3.4574876069276188E-015  2.4044877284718661E-002  4.9244268143409328E-017  1.5076943037544500E-016 -9.8937679712363510E-018 -2.1357538281096761E-014  3.9523088063516290E-016 -7.4971471045632413E-016 -7.6710411062863875E-015 -2.3351103924243373E-016 -1.2839930314611233E-015 -2.2621470016763242E-016  3.6156583256991002E-016 -8.4617408741368289E-017  4.7854059844846702E-001 -1.2750878215334746E-015 -5.6292318754651173E-016 -1.0815859955061916E-015  1.1074888302653580E-014 -1.9507344824579650E-016  2.1127864331037616E-014 -6.1589157905799590E-016  1.1205094234452051E-015 -2.6034852604867333E-016  4.5545720873648170E-018  3.9740058362331913E-019 -3.0791998488717073E-018  2.3202354833354996E-018 -6.4536858557121180E-020  2.1271724215222949E-018 -1.0008401836435858E-019 -3.0450312048495200E-018  2.9609398319378983E-019 -6.7956685191340477E-018  6.0190138328942622E-001 -1.8572585480931782E-014 -7.1458919386880974E-016 -9.3009850140338014E-016 -5.6389701907003130E-015 -1.1652141899894664E-016  7.4560587278545856E-015 -4.6903262848855848E-001 -3.9078498492486761E-015 -1.1788250470527261E-015  3.5679413617590599E-017  1.2240855439289781E-001
 8.2898826076441182E-015  9.3715937872858479E-002 -1.3884880510984930E-016 -5.6657612550095698E-016 -4.6857968936428962E-002 -4.2870201127500741E-016 -4.6857968936430329E-002 -5.8257047057031692E-015  1.2692266554568789E-016  3.8627820110123383E-018  1.4406848327535099E-016  2.1565033420182556E-001  4.1352731103526702E-017  1.5406934523444140E-016 -1.0782516710091326E-001 -7.6158258777048357E-019 -1.0782516710091103E-001 -1.0311695744953454E-016  2.4966565475997247E-016 -1.2118554450111551E-016 -1.2750878215334746E-015  2.9389783362242239E-001  2.8331289784289810E-016  6.3401046613043160E-016 -1.4694891681121069E-001  1.1420297240403290E-016 -1.4694891681120495E-001 -7.4737994492033147E-017  4.0403870737698024E-016 -3.0786237198199863E-016  3.3778453526825043E-018 -3.9001237850932827E-017  3.5826792619516432E-018  8.5436352342043098E-018  2.5188894765068574E-018  1.2700465621238694E-017 -9.7679730115943575E-017  1.9502547651312212E-018 -2.7613985396643341E-017 -1.7958399255060271E-017 -8.0948625657874862E-015  4.3176878535840241E-001  4.0445478310940843E-016  9.6180359681876015E-016 -2.1588439267917911E-001  1.5613654366034065E-016 -2.1588439267917561E-001  1.1274124143160651E-014  1.5452959340031386E-015  3.1032768083600177E-015 -6.3342152048586216E-016  2.7728453893695125E-015
-3.1016108308103648E-016 -1.1733037655095204E-015  9.3715937872864655E-002  1.7955948504980416E-016 -5.5384445506001619E-018  4.0385470791210901E-017  7.1462493151763069E-016  7.6149458798513145E-016 -1.1301416212996502E-016  3.2911863137984819E-016  2.8659861054073723E-017  2.8652871392866450E-016  2.1565033420182178E-001  6.0189495583088076E-016 -3.2590149792932656E-016  5.2653073753344774E-017 -5.0858640933121743E-016  2.6739024042763509E-016 -8.8327918918414011E-016  5.7664248142625991E-016 -5.6292318754651173E-016  2.8331289784289810E-016  2.9389783362241811E-001  1.3359585594877003E-015 -1.1638808231887742E-016  1.9825883415473535E-016 -1.6746283913603682E-016  1.3936828022143905E-016 -1.2810228259145305E-015  2.1727289483624796E-017 -1.8621194156641910E-016  8.0018497327515653E-017 -1.6970648324218055E-016 -5.7657283674749984E-017 -5.9884581734751906E-018 -7.6101766927535261E-017  2.4378336963483547E-016 -1.9991967358350367E-016  9.2098240248891363E-017 -4.2046422455767594E-016 -7.6620623739663641E-017  1.4296615419474478E-016  4.3176878535837865E-001  2.1345093377937574E-015 -7.0200398719381739E-016  1.2029250877863915E-016 -5.7635903505735239E-016  2.5809833771669040E-015  5.4998908234101530E-016 -9.3575350326826161E-016 -1.9266453812866005E-016 -1.0715445948733040E-015
-3.4684975475389147E-016 -2.3323724332517224E-016 -3.0529917573735016E-017  9.3715937872859881E-002  2.7231012199485096E-016 -1.5296697776981540E-016 -1.3084795522461034E-017 -2.7495544263747320E-017  1.1894342231033559E-016 -1.8234723003461327E-016  3.8681487783115762E-016  5.3661564309410513E-017  6.1533754733952430E-016  2.1565033420182203E-001 -4.4338626316987591E-016  1.0317791874138134E-016 -1.5802581066514305E-016 -2.4362234629716279E-019  3.5063713823992026E-016 -3.9959153004988408E-016 -1.0815859955061916E-015  6.3401046613043160E-016  1.3359585594877003E-015  2.9389783362242478E-001  3.5442164466270674E-016  7.8478994802006714E-017 -1.6204099592099063E-016  1.6203552444890762E-016  2.5928859904087597E-016 -3.9106678421731686E-016  1.4660590378964085E-017 -1.9145591386353880E-017  6.4800435461700870E-017 -8.6674756330136921E-018 -1.5648673674487716E-019 -1.0605300087283261E-017 -9.9353364606804312E-017  7.0094920975075304E-017 -3.0654684693052524E-017  1.3707099104825141E-016 -8.1446332521614209E-016  1.2834704647668135E-015  2.2253437048840305E-015  4.3176878535838703E-001  5.6079586346380128E-016  3.0420693255433031E-016 -1.2997932027483796E-017  6.2448435754271045E-016  1.3088569452693971E-015 -3.7213378385485816E-016 -2.7722053762142531E-016 -1.3054730993694299E-015
-1.0014780228091784E-014 -4.6857968936428032E-002 -8.1660375500276714E-016 -2.0142043623215101E-016  9.3715937872860769E-002 -1.4090469191651856E-016 -4.6857968936427651E-002  8.0757575197728859E-015  8.7961866990152701E-017 -1.6152533666706461E-016  4.7935384157960126E-016 -1.0782516710090584E-001  2.4198444337625957E-016  1.4082699178664786E-016  2.1565033420182497E-001  2.8275506095159964E-016 -1.0782516710091025E-001  4.1323201705894480E-016 -8.9266409318996974E-016 -1.1659599398143046E-016  1.1074888302653580E-014 -1.4694891681121069E-001 -1.1638808231887742E-016  3.5442164466270674E-016  2.9389783362241484E-001 -1.8886700153231044E-016 -1.4694891681120903E-001  1.1065681240520662E-015 -3.1322136317505311E-015  7.0526130937793385E-017 -7.6943065348391164E-017 -2.7013004012003533E-017  7.5743922604680177E-018 -4.5157023437523663E-017  8.9733111019552776E-018 -4.5788542140622549E-017 -5.8918462460522156E-017  1.4209005672444348E-017 -3.4300705545462582E-017  3.8024779618526707E-017  2.9041495547632180E-015 -2.1588439267918808E-001 -1.9091762445675477E-016  5.4815231259554113E-016  4.3176878535838498E-001 -3.0104296133572947E-016 -2.1588439267918669E-001  1.8068430804179493E-014  1.5530344586886441E-015 -8.9725906801895834E-016  5.5436982881358770E-017  2.8576550033433663E-016
 2.7686701287748978E-017  8.3693754630517648E-016 -2.0785007335029234E-016 -6.4864696970355017E-016 -7.3918105544041308E-016  9.3715937872856370E-002  6.9825858755112717E-017 -3.1060468456094111E-018  1.4568574724788992E-016  1.2229724112911724E-016  1.9600147503984833E-016 -4.0710969681771487E-016  1.2667498336512024E-017  1.8921060407574799E-016  4.6278432346431788E-016  2.1565033420182100E-001  6.5527312193307599E-017 -3.4917424978634581E-017  2.2814200378866684E-016  3.0435498709188957E-017 -1.9507344824579650E-016  1.1420297240403290E-016  1.9825883415473535E-016  7.8478994802006714E-017 -1.8886700153231044E-016  2.9389783362242411E-001  5.3417306670240552E-016  8.1727956835431794E-016  8.3170963977093109E-016  8.5832844472899460E-016  2.6047354048997677E-016  7.0061895354845014E-018  5.7997408813435181E-017  1.1509228134047896E-016  5.2401468336651642E-018  1.1002481515382595E-016 -2.3581565035590595E-017  6.9631217814229331E-017  2.9864700928371444E-018  1.4813972189048677E-016  2.4058417132409780E-016 -1.1226260778955857E-016  1.4709811363665931E-016  4.0568978167925519E-016 -3.9768754721013031E-016  4.3176878535838503E-001  4.4653926495329045E-016 -6.7170397576869518E-016  2.7438062664519577E-016 -1.4054378026382248E-015  5.8253025750052900E-016  4.6841758877634279E-016
 1.1448053743437346E-015 -4.6857968936428296E-002  9.5201650027081090E-016  1.0326008947992435E-015 -4.6857968936433375E-002  7.1408524220510506E-016  9.3715937872857424E-002 -5.2449670531029848E-016 -2.0195845795609161E-016  1.4563018453886291E-016 -6.2070016625142732E-016 -1.0782516710091475E-001 -2.9576053504264710E-016  3.1496125601033978E-016 -1.0782516710091530E-001  5.2268681948370178E-017  2.1565033420181992E-001 -1.0722047542034304E-016  3.9109745671626940E-016  2.9099660946022978E-016  2.1127864331037616E-014 -1.4694891681120495E-001 -1.6746283913603682E-016 -1.6204099592099063E-016 -1.4694891681120903E-001  5.3417306670240552E-016  2.9389783362241217E-001 -3.1512694469606680E-016  1.9732626966320518E-015  4.0287020871917190E-016  7.3565219995717893E-017  6.6014241862931858E-017 -1.1157071522418666E-017  3.6613388203328093E-017 -1.1492200578460771E-017  3.3088076519389226E-017  1.5659819257645507E-016 -1.6159260437574785E-017  6.1914690942098342E-017 -2.0066380363463921E-017  4.7672913957819657E-014 -2.1588439267920440E-001 -2.3014768075161960E-016 -2.8262739866315099E-016 -2.1588439267921306E-001  8.1887567765760474E-016  4.3176878535835955E-001  2.6944367047461573E-014 -5.7641879764076772E-016 -1.4195552732213149E-015  5.8770110788698229E-016 -1.7489909729478964E-015
-1.8572976813934837E-016 -9.5213190727405762E-016 -9.0334596949473312E-016 -3.6332722710499643E-016  9.3870396327624320E-016  7.4592928143309403E-016  1.4052735699912282E-016  1.2897570151111706E-017  2.3769290925143006E-002  1.1023895679358153E-015  3.4701171140946274E-016  8.3382184309105489E-016  4.8069717795084812E-016  3.1330532416686513E-016  1.1390389123010527E-017 -1.8220250313213494E-015 -8.7054501654070690E-016  4.7839897418996080E-001 -8.3349396697455073E-016 -2.2929888304227995E-015 -6.1589157905799590E-016 -7.4737994492033147E-017  1.3936828022143905E-016  1.6203552444890762E-016  1.1065681240520662E-015  8.1727956835431794E-016 -3.1512694469606680E-016  1.4645315338742282E+000  5.0897344002106069E-015  8.7422925691444200E-016  1.1500493092295594E-014 -3.2711357396081189E-016  2.9188376354545718E-016  3.8605376482229605E-015  8.2552536148621887E-017  6.2818826728132647E-015 -2.9711276695962314E-016  3.7028163053616333E-017 -1.5012187816554631E-016 -2.7803568222163669E-016  3.2060027032520068E-016  1.0886925857580375E-016 -1.5472462365513951E-016  2.6333938175118731E-016  6.3597793621148092E-016 -3.0402795300320031E-017 -8.6014165147689159E-016  1.5646566000213771E-016 -5.9813017869671614E-001 -1.9981780053595758E-015 -1.1921077524405409E-016  1.1322344061547048E-016
-1.8583215834041754E-016  6.7802924493168458E-016  1.0331650204610861E-016  9.7697548507606924E-016 -2.1226472430663430E-015 -5.7428213628414254E-017  1.7704112723093217E-015 -5.2814629229198555E-016  4.1171747305573094E-016  2.3769290925141420E-002 -3.2373934552038810E-016 -2.6453080581079364E-016  5.1745922550472038E-016 -1.9949581035554422E-016  3.6621286841905234E-015  3.0513097073368720E-016 -2.7687723864897119E-015 -1.5613280546451333E-015  4.7839897418995658E-001  3.0202595513688732E-015  1.1205094234452051E-015  4.0403870737698024E-016 -1.2810228259145305E-015  2.5928859904087597E-016 -3.1322136317505311E-015  8.3170963977093109E-016  1.9732626966320518E-015  5.0897344002106069E-015  1.4645315338742180E+000 -2.4397101771734265E-015  1.3078565806465605E-016  6.6043168937994765E-015 -3.3103316310250869E-016  5.4072986103607194E-017 -4.1332962871401243E-016  1.8522579048719105E-016  1.7092918005617294E-014 -4.7984286760239543E-016  8.7277374288283820E-015 -1.2585678050405567E-016  1.8946833097681917E-015 -1.9895544648258019E-015 -8.2142315157592594E-016  6.7377915434287650E-018  3.4382813033302996E-017 -7.0394808828458684E-016 -1.5191349107366949E-015  3.4717164221090800E-016 -1.4230760212386305E-015 -5.9813017869672025E-001 -9.5176297250621422E-016 -3.0878389111823179E-017
-1.2580545201361321E-016 -5.4858219715097836E-017  2.9669594702029330E-016 -2.0503622287052075E-015 -1.7830819244591911E-016  1.4532341437138767E-015  2.2510528431092781E-016  1.6129049829895311E-016 -1.6906738300803982E-015 -3.0886317458823923E-016  2.3769290925143741E-002 -1.4723369746079265E-016  2.6208397279476240E-016  1.0956957321564858E-015  8.0022304443092231E-016 -1.4790840018488243E-015 -6.6425449883125561E-016 -6.4692787636204056E-016  1.1774412335899486E-015  4.7839897418996274E-001 -2.6034852604867333E-016 -3.0786237198199863E-016  2.1727289483624796E-017 -3.9106678421731686E-016  7.0526130937793385E-017  8.5832844472899460E-016  4.0287020871917190E-016  8.7422925691444200E-016 -2.4397101771734265E-015  1.4645315338742293E+000  4.9757172495841145E-016  2.6159121574818404E-016  5.2883805054798113E-015 -1.2713524001213931E-016  3.7390446632645991E-016  2.9954518528046711E-016 -1.3104097879868640E-015  5.3743732217259377E-015  6.8304160514934033E-017  9.6193065596735752E-015 -1.5121265125498296E-015  4.2518179495420294E-016  5.8353986225759294E-016  1.2761926351929116E-015  7.6159538617659722E-016  1.4402390220607803E-016  1.1908491459732987E-015 -2.8983786055561414E-016 -4.7117979268321596E-017  1.0384737778048022E-015 -5.9813017869672547E-001  1.7029986857316628E-016
