  0.12158554964643209       -3.8651355698203101E-016  -2.2733912553400216E-016  -1.0252595885746902E-016  -3.9436292005464206E-016  0.17125846758882834        3.0534521308980857E-016   5.4178486060911792E-017   5.4131878789760610E-017  -2.8103869821514218E-018   1.1241383764476943E-017   2.4970492156689370E-017  -4.2979358815929783E-018   1.1178247049968457E-017  -2.4004096726110218E-017   1.1977295598052485E-016  -5.1755703864952958E-017  -3.2543199919656801E-017  -2.0645348024214768E-016  -7.3846669122197335E-018  -1.4750984151319056E-016  -1.3948593671734306E-016  -5.1883948222182384E-017  -4.7615039554273907E-017  -3.7900230198749295E-017  0.19408538439759565       -1.4828497587812693E-016   1.3854296760743949E-016   1.1376047467301749E-017  -5.6745180455413297E-018  -7.6250891903157767E-018   1.9511126861653668E-017   2.5130627859859685E-018   2.5999987054257898E-017  -2.3753242588656443E-016  -1.8827937049667559E-016
  -3.8651355698203101E-016  0.12158554964643399        3.7596969085458558E-017   4.5474322529973123E-016   1.9552666181045094E-015  -5.9719210913217023E-016  0.17125846758883093       -1.4917944267043169E-016   4.3416310047531085E-017  -1.1922023181447099E-019   2.5997767354539866E-018   3.5139966062487673E-017   7.6153821532876854E-018   2.7912830564960390E-017   1.1724366675598578E-015  -1.4431116276472983E-017  -3.0364642641605464E-016   6.1713832918312287E-018   1.7769871386857918E-017  -4.9843827365084869E-018   1.8242643122585198E-017  -4.2385251646081460E-017  -1.9179961091641780E-017  -3.9734152983577546E-016   5.2705228870808834E-017  -6.3088143288763190E-016  0.19408538439759751       -7.4837054955812560E-017   7.0029302155270204E-017   3.7877292008577776E-018   5.3521423452977123E-018   6.9129168498461522E-017  -3.5915197610477009E-018   6.8550536083190273E-017  -5.4982316910546018E-016  -1.7728664788805501E-016
  -2.2733912553400216E-016   3.7596969085458558E-017  0.12158554964643334       -1.1024033442677457E-015  -1.4076686144968524E-016  -3.5742079868700305E-016  -6.0401354780069458E-017  0.17125846758883081        1.5817325042858191E-016   5.2572069053888369E-017   2.9868408601587446E-017   2.5069318052892025E-016  -5.7527716749224978E-017   4.3338908294615065E-017  -8.3589343649827122E-016  -1.3916040414454526E-016   2.9736294564302118E-017  -3.8043338300198516E-016  -5.5580361862741204E-017  -1.8990083726434190E-018  -4.4602863567965991E-017   1.4819534092219718E-016  -4.7742252540977095E-016   6.1220027430539202E-017  -3.4571799026241225E-016  -3.4679109988759340E-016   3.2539391826268550E-016  0.19408538439759684        1.0445739406951098E-016   6.9303181329776708E-018  -4.2415146689769957E-018   4.9270781038834143E-017  -5.9912165264428215E-018   1.1354547947734698E-016   1.0553977033362765E-015   5.5869360796311623E-016
  -1.0252595885746902E-016   4.5474322529973123E-016  -1.1024033442677457E-015   7.5792834030688996E-002  0.20879628549601781        1.3220494790148406E-016  -1.0298985155631012E-015  -1.6081868011484783E-015  -7.4070508098802783E-016   1.4792210650664540E-016   4.5837242353472372E-017  -2.5862031224385248E-015  -9.1069599045935774E-017  -2.6770814492953447E-015  0.15802781608093100       -1.4750761444677990E-016   1.1033393854343625E-016   6.3027109284609718E-017  -4.2372055535377308E-017   1.6556062499109359E-017  -5.0435240758944459E-017   4.2502247290625134E-016   1.1714205239977859E-016   1.5974299832990274E-016   7.7555375156045418E-017   7.3499497830738208E-017  -2.4926510217145930E-016  -1.3773023777164679E-015   8.2530803304664782E-017   7.6932617943462953E-018  -1.7712409496964379E-017   2.4299623869042896E-016  -7.7141662260166903E-018   2.1447503750492350E-016 -0.10047353064091567       -4.0538659506848103E-002
  -3.9436292005464206E-016   1.9552666181045094E-015  -1.4076686144968524E-016  0.20879628549601781       0.57544598454610529        1.9383373574545729E-016  -1.8549679936826510E-015  -3.2170172004060974E-016  -2.0388886783376466E-015   4.1187700522225880E-016   1.2352160616027128E-016  -7.1165293613378661E-015  -2.4949028849699908E-016  -7.3641137967500467E-015  0.43499606248438666       -4.0187350487259775E-016   2.9769044626456018E-016   1.7102641797375376E-016  -1.2370311394445086E-016   4.8221457695976616E-017  -1.3532515961639719E-016   1.1898091520172752E-015   3.2986656898771505E-016   4.4100601721459838E-016   2.0324520473089536E-016   2.1984162107346510E-017   4.4271534952428115E-016   8.4949636735923493E-016   2.4523541547264799E-016   2.5382187333438552E-017  -4.4056980686563737E-017   6.7127685888318862E-016  -2.8960307710398029E-017   6.0588947660811028E-016 -0.29116112897179497      -0.12140684885916833     
  0.17125846758882834       -5.9719210913217023E-016  -3.5742079868700305E-016   1.3220494790148406E-016   1.9383373574545729E-016  0.24122490547736267        3.5576287286490882E-016   2.3906657903304079E-017   7.6247075710861818E-017  -3.9585507430317548E-018   1.5833971739903930E-017   3.5172010441437850E-017  -6.0538272435921856E-018   1.5745040966402849E-017   5.6056069044517566E-016   1.6870535157720295E-016  -7.2900131295767380E-017  -4.5838494499422577E-017  -2.9079859208160575E-016  -1.0401620445179250E-017  -2.0777394587829057E-016  -1.9647193142499714E-016  -7.3080768979768218E-017  -6.7067827813085897E-017  -5.3384101679652185E-017  0.27337759799563743       -2.9310502231335181E-016   1.3576018203139303E-016   1.6023651347822467E-017  -7.9928023322720730E-018  -1.0740265547666403E-017   2.7482259996973068E-017   3.5397568455631294E-018   3.6622098211423763E-017   3.6223913023219956E-017   8.6066360819484486E-017
   3.0534521308980857E-016  0.17125846758883093       -6.0401354780069458E-017  -1.0298985155631012E-015  -1.8549679936826510E-015   3.5576287286490882E-016  0.24122490547736614       -3.6979425598049002E-016   6.1153737008432554E-017  -1.6792681585867008E-019   3.6618971669047741E-018   4.9496151117400167E-017   1.0726592769191577E-017   3.9316420434252972E-017  -1.8212692269964609E-015  -2.0326846950903161E-017  -4.2769903025530907E-016   8.6926583671794518E-018   2.5029626890806476E-017  -7.0207171149286547E-018   2.5695546181507091E-017  -5.9701446976097319E-017  -2.7015798789577954E-017  -5.5967260671155690E-016   7.4237578039339792E-017   4.6785130746370171E-016  0.27337759799563982       -2.8636264005320744E-016   9.8639279160245591E-017   5.3351792253821838E-018   7.5387223155912699E-018   9.7371402252678670E-017  -5.0588098041305528E-018   9.6556373649158614E-017   1.8638565753945844E-015   9.3069725779385268E-016
   5.4178486060911792E-017  -1.4917944267043169E-016  0.17125846758883081       -1.6081868011484783E-015  -3.2170172004060974E-016   2.3906657903304079E-017  -3.6979425598049002E-016  0.24122490547736719        2.2279381522488390E-016   7.4050016719295867E-017   4.2070936071759852E-017   3.5311210959856678E-016  -8.1030259294843496E-017   6.1044713315788023E-017  -1.3333697744218630E-015  -1.9601340481776727E-016   4.1884847777235765E-017  -5.3585675585639804E-016  -7.8287326317360253E-017  -2.6748348367299369E-018  -6.2825048592833547E-017   2.0873950123138282E-016  -6.7247012767413526E-016   8.6231037438156210E-017  -4.8695863449565823E-016   1.0916108873308186E-016   1.3566531434130006E-016  0.27337759799564021        1.4713272497174657E-016   9.7616506797748056E-018  -5.9743555428816550E-018   6.9400010792015044E-017  -8.4388857417291118E-018   1.5993368351318799E-016  -1.3291517733821454E-016  -3.2939183020783071E-016
   5.4131878789760610E-017   4.3416310047531085E-017   1.5817325042858191E-016  -7.4070508098802783E-016  -2.0388886783376466E-015   7.6247075710861818E-017   6.1153737008432554E-017   2.2279381522488390E-016   7.4947831792928089E-030  -1.3497879390777252E-030  -4.2122593656545909E-031   2.5676746990938954E-029   8.2509471385019219E-031   2.6304581182441903E-029  -1.5466218792663439E-015   1.3381195327973000E-030  -1.2121340093929117E-030  -1.1402248932374711E-030   2.1044368138240284E-031  -1.5219464739738148E-031   3.9943010037252052E-031  -3.9137735472538966E-030  -1.7488539295674656E-030  -1.6383934848152677E-030  -1.2740221643368410E-030   8.6409993075873450E-017   6.9304874215771739E-017   2.5248984110463987E-016  -5.2328381252406318E-031  -3.9857590349298253E-032   1.9718560781344278E-031  -2.2650444814635948E-030   1.6844827440206718E-032  -1.8135055937510332E-030   8.8758486015081042E-016   3.3232895505896613E-016
  -2.8103869821514218E-018  -1.1922023181447099E-019   5.2572069053888369E-017   1.4792210650664540E-016   4.1187700522225880E-016  -3.9585507430317548E-018  -1.6792681585867008E-019   7.4050016719295867E-017  -1.3497879390777252E-030   3.8875264618674448E-031   5.3529913784617838E-032  -4.7980856002336048E-030  -1.7796779928803521E-031  -5.0158881669627343E-030   3.0235319754149999E-016  -2.7164586588494789E-031   1.1917228185792507E-031  -8.6680049501860059E-032  -2.2510335297781073E-031   7.7779651308598649E-032  -5.0508975668653465E-032   1.2312634187342803E-030   1.4980223874742711E-031   3.5634321704476050E-031  -1.8099593619244361E-031  -4.4861830976047297E-018  -1.9030965922489131E-019   8.3920089686417559E-017   5.2147683856695976E-031   9.2075779116261421E-032   4.7398370417467232E-032   5.2793239200059259E-031  -1.5378248538096930E-031   7.3263001110455394E-031  -4.4981760948862103E-016  -2.5086903998790715E-016
   1.1241383764476943E-017   2.5997767354539866E-018   2.9868408601587446E-017   4.5837242353472372E-017   1.2352160616027128E-016   1.5833971739903930E-017   3.6618971669047741E-018   4.2070936071759852E-017  -4.2122593656545909E-031   5.3529913784617838E-032   6.6700626799505364E-032  -1.5884044589278272E-030  -8.4880689224203117E-032  -1.7264760190592501E-030   9.9383419680239867E-017  -1.6240667000524785E-031   1.3224366008988738E-031  -2.9330250008757407E-032   1.9435311678173168E-032  -2.0238699922683472E-032  -9.4834662710205359E-032   6.9365054402253956E-032  -1.3112038584850514E-031   8.8299590796894101E-032   7.5104845971381389E-032   1.7944470337420918E-017   4.1499887816911117E-018   4.7678540596650967E-017  -1.2030434167239051E-031  -4.0579219204066817E-032  -6.4929933241710289E-032   1.4165544332893908E-031   7.9585063092049432E-032  -5.5471078123657318E-033   9.8776982376985117E-017   8.3478415749308817E-017
   2.4970492156689370E-017   3.5139966062487673E-017   2.5069318052892025E-016  -2.5862031224385248E-015  -7.1165293613378661E-015   3.5172010441437850E-017   4.9496151117400167E-017   3.5311210959856678E-016   2.5676746990938954E-029  -4.7980856002336048E-030  -1.5884044589278272E-030   8.9037853489427896E-029   3.0351544660583902E-030   9.1795907133987053E-029  -5.4033330583098320E-015   4.9117657267720489E-030  -4.0043285832571770E-030  -3.0240650238620820E-030   1.0684076421366093E-030  -4.8732869110459157E-031   1.7208644539218209E-030  -1.3625368884496918E-029  -4.7661745471244398E-030  -5.4186993457222039E-030  -3.6882167229965722E-030   3.9860062177787203E-017   5.6093457164879755E-017   4.0017816632239427E-016  -2.0001047279501001E-030  -1.1285348379177658E-031   7.4881096300921309E-031  -8.1056752988409404E-030   1.0741402101894053E-033  -6.5724905552142237E-030   2.9635828546675332E-015   1.0686478157465199E-015
  -4.2979358815929783E-018   7.6153821532876854E-018  -5.7527716749224978E-017  -9.1069599045935774E-017  -2.4949028849699908E-016  -6.0538272435921856E-018   1.0726592769191577E-017  -8.1030259294843496E-017   8.2509471385019219E-031  -1.7796779928803521E-031  -8.4880689224203117E-032   3.0351544660583902E-030   1.4507537611228417E-031   3.2580307687409005E-030  -1.9180677678264455E-016   2.6310115242940003E-031  -1.9894992825855807E-031   9.1208322215051392E-032   4.6493708266259690E-032  -4.3921361542563564E-033   1.0834112058632205E-031  -4.7226228589942495E-031   1.2593478076948366E-031  -2.3882999039147447E-031   1.6654112327835802E-032  -6.8607374817234951E-018   1.2156332531732931E-017  -9.1830723727101831E-017  -4.4325325731432450E-032   1.1410129234153974E-032   5.0469554343265944E-032  -3.0119175504699744E-031  -3.1453298889681835E-032  -2.2364670625641903E-031   4.0097122737721096E-017  -5.8684130600903425E-018
   1.1178247049968457E-017   2.7912830564960390E-017   4.3338908294615065E-017  -2.6770814492953447E-015  -7.3641137967500467E-015   1.5745040966402849E-017   3.9316420434252972E-017   6.1044713315788023E-017   2.6304581182441903E-029  -5.0158881669627343E-030  -1.7264760190592501E-030   9.1795907133987053E-029   3.2580307687409005E-030   9.5049487499937357E-029  -5.5966514471355108E-015   5.3633276911849887E-030  -4.2333513017612593E-030  -2.4765851115980528E-030   1.1584452281771899E-030  -4.7362601683344790E-031   1.9134383853201819E-030  -1.4157751989109536E-029  -4.0054166508136112E-030  -5.6751071677587060E-030  -3.3066958575865123E-030   1.7843686045688365E-017   4.4556877569607489E-017   6.9181318834279551E-017  -2.0829598273195161E-030  -8.6689674128138708E-032   8.3075188411490701E-031  -8.4665662792267510E-030  -6.5645689050619579E-032  -6.8622312124518356E-030   2.9234907144776676E-015   1.0085675630260471E-015
  -2.4004096726110218E-017   1.1724366675598578E-015  -8.3589343649827122E-016  0.15802781608093100       0.43499606248438666        5.6056069044517566E-016  -1.8212692269964609E-015  -1.3333697744218630E-015  -1.5466218792663439E-015   3.0235319754149999E-016   9.9383419680239867E-017  -5.4033330583098320E-015  -1.9180677678264455E-016  -5.5966514471355108E-015  0.32996341859174455       -3.1376618329143862E-016   2.3871963626978520E-016   1.3501687891885111E-016  -7.8681728218560938E-017   3.0900121101632838E-017  -1.1016605988799525E-016   8.5992352284742187E-016   2.3432075078690299E-016   3.3175939817517027E-016   1.7612030912938918E-016   4.5870425638163028E-016  -1.7270557325323038E-016  -5.6548502119618544E-016   1.4730886050050925E-016   1.0237453653470538E-017  -4.3494041072444302E-017   5.0406419695056034E-016  -5.4035841222272191E-018   4.2633255014577223E-016 -0.18957314980546627       -7.1043034028135915E-002
   1.1977295598052485E-016  -1.4431116276472983E-017  -1.3916040414454526E-016  -1.4750761444677990E-016  -4.0187350487259775E-016   1.6870535157720295E-016  -2.0326846950903161E-017  -1.9601340481776727E-016   1.3381195327973000E-030  -2.7164586588494789E-031  -1.6240667000524785E-031   4.9117657267720489E-030   2.6310115242940003E-031   5.3633276911849887E-030  -3.1376618329143862E-016   6.4716923731913870E-031  -3.7694607906386621E-031   2.3289959512246135E-031  -1.8556871674182610E-031   1.0518332927346163E-032   6.7120392724206566E-032  -7.8651272160154293E-031   3.9912440936421378E-031  -3.6367754335706341E-031   1.2939051272214800E-032   1.9119196540638056E-016  -2.3036197623403719E-017  -2.2213988923733314E-016   4.6059947788389706E-032   4.6814065722536866E-032   1.1686963071408437E-031  -4.8458492327506378E-031  -1.1466136556677334E-031  -2.5773042056087341E-031  -6.4435538480099396E-017  -9.7085466110256970E-017
  -5.1755703864952958E-017  -3.0364642641605464E-016   2.9736294564302118E-017   1.1033393854343625E-016   2.9769044626456018E-016  -7.2900131295767380E-017  -4.2769903025530907E-016   4.1884847777235765E-017  -1.2121340093929117E-030   1.1917228185792507E-031   1.3224366008988738E-031  -4.0043285832571770E-030  -1.9894992825855807E-031  -4.2333513017612593E-030   2.3871963626978520E-016  -3.7694607906386621E-031   1.1063208516738802E-030   6.2858726653427430E-032   1.4435046595359888E-031  -2.6731576683212850E-032  -1.5838033395753108E-031   3.4184303253652479E-031  -5.7042548339853327E-032   1.2363306277497276E-030   1.7561349468409509E-031  -8.2616936869621173E-017  -4.8470672348229546E-016   4.7467648728452864E-017  -4.8542900849751521E-031  -9.9908017740663942E-032  -1.5656536336173524E-031   1.3777953973360341E-031   1.8985392216611838E-031  -2.2221460750241777E-031   2.1666449750585230E-016   1.8665663673016376E-016
  -3.2543199919656801E-017   6.1713832918312287E-018  -3.8043338300198516E-016   6.3027109284609718E-017   1.7102641797375376E-016  -4.5838494499422577E-017   8.6926583671794518E-018  -5.3585675585639804E-016  -1.1402248932374711E-030  -8.6680049501860059E-032  -2.9330250008757407E-032  -3.0240650238620820E-030   9.1208322215051392E-032  -2.4765851115980528E-030   1.3501687891885111E-016   2.3289959512246135E-031   6.2858726653427430E-032   1.2791019345824266E-030   2.6804460583292430E-031  -5.9856289853141929E-033   1.0008153880167015E-031  -2.7391730243691235E-031   1.5289971844578809E-030  -7.6020235106945776E-032   1.2682670778350145E-030  -5.1948274151834813E-017   9.8512964899433626E-018  -6.0728071380466426E-016  -4.4533602242947917E-031  -5.7538343630137935E-032  -4.8870853162164024E-032   2.6627810917335869E-032   9.2389538049956043E-032  -3.3834013391688778E-031   6.7313215448465629E-017   6.8411117078343573E-017
  -2.0645348024214768E-016   1.7769871386857918E-017  -5.5580361862741204E-017  -4.2372055535377308E-017  -1.2370311394445086E-016  -2.9079859208160575E-016   2.5029626890806476E-017  -7.8287326317360253E-017   2.1044368138240284E-031  -2.2510335297781073E-031   1.9435311678173168E-032   1.0684076421366093E-030   4.6493708266259690E-032   1.1584452281771899E-030  -7.8681728218560938E-017  -1.8556871674182610E-031   1.4435046595359888E-031   2.6804460583292430E-031   5.9848058574876756E-031  -7.0066107816863491E-032   2.0002045337794516E-031  -6.0765256308494650E-031   3.6622223210948222E-032  -1.2099410316731919E-031   4.7949220214835421E-031  -3.2955892529614023E-016   2.8365807687207080E-017  -8.8722187204458651E-017  -6.0588491459285790E-031  -1.1511112978473260E-031  -1.0770764903462857E-031  -2.3382918295954541E-031   2.1912859360784208E-031  -6.2924602526149088E-031   4.6052638471639886E-016   2.9637747537426895E-016
  -7.3846669122197335E-018  -4.9843827365084869E-018  -1.8990083726434190E-018   1.6556062499109359E-017   4.8221457695976616E-017  -1.0401620445179250E-017  -7.0207171149286547E-018  -2.6748348367299369E-018  -1.5219464739738148E-031   7.7779651308598649E-032  -2.0238699922683472E-032  -4.8732869110459157E-031  -4.3921361542563564E-033  -4.7362601683344790E-031   3.0900121101632838E-017   1.0518332927346163E-032  -2.6731576683212850E-032  -5.9856289853141929E-033  -7.0066107816863491E-032   3.1821459232752689E-032   3.5980197192702442E-032   3.0033214157831819E-031   1.1241998507238313E-031   6.3036901999228374E-032  -8.7157180573064794E-032  -1.1788044882588787E-017  -7.9565034020339371E-018  -3.0313616301485469E-018   2.0118078589406492E-031   4.5890560250904192E-032   4.6354978188340913E-032   6.7927481062253742E-032  -8.2816617356894647E-032   1.9922022926838661E-031  -1.7338282997602410E-016  -1.1136392735845755E-016
  -1.4750984151319056E-016   1.8242643122585198E-017  -4.4602863567965991E-017  -5.0435240758944459E-017  -1.3532515961639719E-016  -2.0777394587829057E-016   2.5695546181507091E-017  -6.2825048592833547E-017   3.9943010037252052E-031  -5.0508975668653465E-032  -9.4834662710205359E-032   1.7208644539218209E-030   1.0834112058632205E-031   1.9134383853201819E-030  -1.1016605988799525E-016   6.7120392724206566E-032  -1.5838033395753108E-031   1.0008153880167015E-031   2.0002045337794516E-031   3.5980197192702442E-032   2.8433525901637083E-031   1.0190511176451034E-031   2.6165783756633980E-031  -1.1688028919987353E-031  -2.2627637035074188E-032  -2.3546798427748982E-016   2.9120486876698440E-017  -7.1198953707869830E-017   1.6412514419781245E-031   6.0862407446541174E-032   9.2474015371713907E-032  -1.6589684953617049E-031  -1.0865911659335908E-031   1.3768228983582001E-032  -1.4271767111586254E-016  -1.1488911970042538E-016
  -1.3948593671734306E-016  -4.2385251646081460E-017   1.4819534092219718E-016   4.2502247290625134E-016   1.1898091520172752E-015  -1.9647193142499714E-016  -5.9701446976097319E-017   2.0873950123138282E-016  -3.9137735472538966E-030   1.2312634187342803E-030   6.9365054402253956E-032  -1.3625368884496918E-029  -4.7226228589942495E-031  -1.4157751989109536E-029   8.5992352284742187E-016  -7.8651272160154293E-031   3.4184303253652479E-031  -2.7391730243691235E-031  -6.0765256308494650E-031   3.0033214157831819E-031   1.0190511176451034E-031   4.1863129708544514E-030   6.8827599863935864E-031   1.2354748539625306E-030  -7.5648360704298448E-031  -2.2265953252314398E-016  -6.7659009499411443E-017   2.3656223780258800E-016   1.9185700723021337E-030   3.7680604057681123E-031   2.6436918732208924E-031   1.5186231526228723E-030  -6.4120684117856000E-031   2.4370824348216950E-030  -1.6616521361828529E-015  -9.7073317974076169E-016
  -5.1883948222182384E-017  -1.9179961091641780E-017  -4.7742252540977095E-016   1.1714205239977859E-016   3.2986656898771505E-016  -7.3080768979768218E-017  -2.7015798789577954E-017  -6.7247012767413526E-016  -1.7488539295674656E-030   1.4980223874742711E-031  -1.3112038584850514E-031  -4.7661745471244398E-030   1.2593478076948366E-031  -4.0054166508136112E-030   2.3432075078690299E-016   3.9912440936421378E-031  -5.7042548339853327E-032   1.5289971844578809E-030   3.6622223210948222E-032   1.1241998507238313E-031   2.6165783756633980E-031   6.8827599863935864E-031   2.2876507130629060E-030   1.1668661852716797E-031   1.1847202876229407E-030  -8.2821651619376372E-017  -3.0616714996375756E-017  -7.6210318276868417E-016   2.1773347231790008E-031   1.0745620186487429E-031   1.2850043514336287E-031   2.1668662598153106E-031  -2.1152152511952944E-031   2.9825300462400474E-031  -5.7036316812577731E-016  -3.4362499989802700E-016
  -4.7615039554273907E-017  -3.9734152983577546E-016   6.1220027430539202E-017   1.5974299832990274E-016   4.4100601721459838E-016  -6.7067827813085897E-017  -5.5967260671155690E-016   8.6231037438156210E-017  -1.6383934848152677E-030   3.5634321704476050E-031   8.8299590796894101E-032  -5.4186993457222039E-030  -2.3882999039147447E-031  -5.6751071677587060E-030   3.3175939817517027E-016  -3.6367754335706341E-031   1.2363306277497276E-030  -7.6020235106945776E-032  -1.2099410316731919E-031   6.3036901999228374E-032  -1.1688028919987353E-031   1.2354748539625306E-030   1.1668661852716797E-031   1.6882367624159763E-030  -2.0752455321347841E-031  -7.6007249890070264E-017  -6.3427096212965137E-016   9.7724709813295720E-017   6.1102591915984963E-032   2.5450532289357002E-032  -3.5984161191845847E-032   3.1047513527376426E-031  -3.7791122374679581E-032   3.3212989268294241E-031  -2.6633287696226257E-016  -1.2238099242833802E-016
  -3.7900230198749295E-017   5.2705228870808834E-017  -3.4571799026241225E-016   7.7555375156045418E-017   2.0324520473089536E-016  -5.3384101679652185E-017   7.4237578039339792E-017  -4.8695863449565823E-016  -1.2740221643368410E-030  -1.8099593619244361E-031   7.5104845971381389E-032  -3.6882167229965722E-030   1.6654112327835802E-032  -3.3066958575865123E-030   1.7612030912938918E-016   1.2939051272214800E-032   1.7561349468409509E-031   1.2682670778350145E-030   4.7949220214835421E-031  -8.7157180573064794E-032  -2.2627637035074188E-032  -7.5648360704298448E-031   1.1847202876229407E-030  -2.0752455321347841E-031   1.5338004824990948E-030  -6.0499629834896628E-017   8.4132650918636785E-017  -5.5186499734850128E-016  -9.3605564959682854E-031  -1.8421594017194991E-031  -2.0020602626300184E-031   5.4210532812608702E-032   3.3035065014719801E-031  -7.1332115068189046E-031   5.0045247496879141E-016   3.6687497470571117E-016
  0.19408538439759565       -6.3088143288763190E-016  -3.4679109988759340E-016   7.3499497830738208E-017   2.1984162107346510E-017  0.27337759799563743        4.6785130746370171E-016   1.0916108873308186E-016   8.6409993075873450E-017  -4.4861830976047297E-018   1.7944470337420918E-017   3.9860062177787203E-017  -6.8607374817234951E-018   1.7843686045688365E-017   4.5870425638163028E-016   1.9119196540638056E-016  -8.2616936869621173E-017  -5.1948274151834813E-017  -3.2955892529614023E-016  -1.1788044882588787E-017  -2.3546798427748982E-016  -2.2265953252314398E-016  -8.2821651619376372E-017  -7.6007249890070264E-017  -6.0499629834896628E-017  0.30981589955634892       -2.5888489124427813E-016   2.4685476463874124E-016   1.8159432202569822E-017  -9.0581571522492328E-018  -1.2171827744925019E-017   3.1145350479447549E-017   4.0115684655927064E-018   4.1503431093847136E-017  -5.8714546078888912E-016  -3.5536400033109684E-016
  -1.4828497587812693E-016  0.19408538439759751        3.2539391826268550E-016  -2.4926510217145930E-016   4.4271534952428115E-016  -2.9310502231335181E-016  0.27337759799563982        1.3566531434130006E-016   6.9304874215771739E-017  -1.9030965922489131E-019   4.1499887816911117E-018   5.6093457164879755E-017   1.2156332531732931E-017   4.4556877569607489E-017  -1.7270557325323038E-016  -2.3036197623403719E-017  -4.8470672348229546E-016   9.8512964899433626E-018   2.8365807687207080E-017  -7.9565034020339371E-018   2.9120486876698440E-017  -6.7659009499411443E-017  -3.0616714996375756E-017  -6.3427096212965137E-016   8.4132650918636785E-017  -2.5888489124427813E-016  0.30981589955634981        3.0415936696365210E-016   1.1178683706595990E-016   6.0463013909157516E-018   8.5435531398140394E-018   1.1034996576588122E-016  -5.7330948901539417E-018   1.0942630259152134E-016  -4.6620360405163290E-017  -7.3923838116379772E-017
   1.3854296760743949E-016  -7.4837054955812560E-017  0.19408538439759684       -1.3773023777164679E-015   8.4949636735923493E-016   1.3576018203139303E-016  -2.8636264005320744E-016  0.27337759799564021        2.5248984110463987E-016   8.3920089686417559E-017   4.7678540596650967E-017   4.0017816632239427E-016  -9.1830723727101831E-017   6.9181318834279551E-017  -5.6548502119618544E-016  -2.2213988923733314E-016   4.7467648728452864E-017  -6.0728071380466426E-016  -8.8722187204458651E-017  -3.0313616301485469E-018  -7.1198953707869830E-017   2.3656223780258800E-016  -7.6210318276868417E-016   9.7724709813295720E-017  -5.5186499734850128E-016   2.4685476463874124E-016   3.0415936696365210E-016  0.30981589955634936        1.6674393906272261E-016   1.1062774011780830E-017  -6.7706730557232953E-018   7.8650287845062481E-017  -9.5636986954895185E-018   1.8125112807447078E-016  -1.7494740916033922E-017  -1.2178535018755782E-016
   1.1376047467301749E-017   7.0029302155270204E-017   1.0445739406951098E-016   8.2530803304664782E-017   2.4523541547264799E-016   1.6023651347822467E-017   9.8639279160245591E-017   1.4713272497174657E-016  -5.2328381252406318E-031   5.2147683856695976E-031  -1.2030434167239051E-031  -2.0001047279501001E-030  -4.4325325731432450E-032  -2.0829598273195161E-030   1.4730886050050925E-016   4.6059947788389706E-032  -4.8542900849751521E-031  -4.4533602242947917E-031  -6.0588491459285790E-031   2.0118078589406492E-031   1.6412514419781245E-031   1.9185700723021337E-030   2.1773347231790008E-031   6.1102591915984963E-032  -9.3605564959682854E-031   1.8159432202569822E-017   1.1178683706595990E-016   1.6674393906272261E-016   1.5099295346955480E-030   3.1797203408768286E-031   3.2101829102056136E-031   4.8294837887147548E-031  -5.7119644997056945E-031   1.4579088357866834E-030  -1.1457336751959642E-015  -7.4564669871829637E-016
  -5.6745180455413297E-018   3.7877292008577776E-018   6.9303181329776708E-018   7.6932617943462953E-018   2.5382187333438552E-017  -7.9928023322720730E-018   5.3351792253821838E-018   9.7616506797748056E-018  -3.9857590349298253E-032   9.2075779116261421E-032  -4.0579219204066817E-032  -1.1285348379177658E-031   1.1410129234153974E-032  -8.6689674128138708E-032   1.0237453653470538E-017   4.6814065722536866E-032  -9.9908017740663942E-032  -5.7538343630137935E-032  -1.1511112978473260E-031   4.5890560250904192E-032   6.0862407446541174E-032   3.7680604057681123E-031   1.0745620186487429E-031   2.5450532289357002E-032  -1.8421594017194991E-031  -9.0581571522492328E-018   6.0463013909157516E-018   1.1062774011780830E-017   3.1797203408768286E-031   7.2314116578165371E-032   7.8514131890327836E-032   6.0200839597873177E-032  -1.3157962410192980E-031   2.8335325859378038E-031  -2.5300692714708676E-016  -1.6847509701756319E-016
  -7.6250891903157767E-018   5.3521423452977123E-018  -4.2415146689769957E-018  -1.7712409496964379E-017  -4.4056980686563737E-017  -1.0740265547666403E-017   7.5387223155912699E-018  -5.9743555428816550E-018   1.9718560781344278E-031   4.7398370417467232E-032  -6.4929933241710289E-032   7.4881096300921309E-031   5.0469554343265944E-032   8.3075188411490701E-031  -4.3494041072444302E-017   1.1686963071408437E-031  -1.5656536336173524E-031  -4.8870853162164024E-032  -1.0770764903462857E-031   4.6354978188340913E-032   9.2474015371713907E-032   2.6436918732208924E-031   1.2850043514336287E-031  -3.5984161191845847E-032  -2.0020602626300184E-031  -1.2171827744925019E-017   8.5435531398140394E-018  -6.7706730557232953E-018   3.2101829102056136E-031   7.8514131890327836E-032   9.5524068545761865E-032  -2.1074480062433182E-032  -1.4560208383207585E-031   2.3481670065220200E-031  -2.5115974463141516E-016  -1.7643370027088284E-016
   1.9511126861653668E-017   6.9129168498461522E-017   4.9270781038834143E-017   2.4299623869042896E-016   6.7127685888318862E-016   2.7482259996973068E-017   9.7371402252678670E-017   6.9400010792015044E-017  -2.2650444814635948E-030   5.2793239200059259E-031   1.4165544332893908E-031  -8.1056752988409404E-030  -3.0119175504699744E-031  -8.4665662792267510E-030   5.0406419695056034E-016  -4.8458492327506378E-031   1.3777953973360341E-031   2.6627810917335869E-032  -2.3382918295954541E-031   6.7927481062253742E-032  -1.6589684953617049E-031   1.5186231526228723E-030   2.1668662598153106E-031   3.1047513527376426E-031   5.4210532812608702E-032   3.1145350479447549E-017   1.1034996576588122E-016   7.8650287845062481E-017   4.8294837887147548E-031   6.0200839597873177E-032  -2.1074480062433182E-032   8.5547151750763222E-031  -8.6746035408770452E-032   8.8988774660577377E-031  -4.3016787459458267E-016  -2.0310563625886907E-016
   2.5130627859859685E-018  -3.5915197610477009E-018  -5.9912165264428215E-018  -7.7141662260166903E-018  -2.8960307710398029E-017   3.5397568455631294E-018  -5.0588098041305528E-018  -8.4388857417291118E-018   1.6844827440206718E-032  -1.5378248538096930E-031   7.9585063092049432E-032   1.0741402101894053E-033  -3.1453298889681835E-032  -6.5645689050619579E-032  -5.4035841222272191E-018  -1.1466136556677334E-031   1.8985392216611838E-031   9.2389538049956043E-032   2.1912859360784208E-031  -8.2816617356894647E-032  -1.0865911659335908E-031  -6.4120684117856000E-031  -2.1152152511952944E-031  -3.7791122374679581E-032   3.3035065014719801E-031   4.0115684655927064E-018  -5.7330948901539417E-018  -9.5636986954895185E-018  -5.7119644997056945E-031  -1.3157962410192980E-031  -1.4560208383207585E-031  -8.6746035408770452E-032   2.4092051132002634E-031  -4.9674925470321899E-031   4.5711754276677301E-016   3.0663269204968972E-016
   2.5999987054257898E-017   6.8550536083190273E-017   1.1354547947734698E-016   2.1447503750492350E-016   6.0588947660811028E-016   3.6622098211423763E-017   9.6556373649158614E-017   1.5993368351318799E-016  -1.8135055937510332E-030   7.3263001110455394E-031  -5.5471078123657318E-033  -6.5724905552142237E-030  -2.2364670625641903E-031  -6.8622312124518356E-030   4.2633255014577223E-016  -2.5773042056087341E-031  -2.2221460750241777E-031  -3.3834013391688778E-031  -6.2924602526149088E-031   1.9922022926838661E-031   1.3768228983582001E-032   2.4370824348216950E-030   2.9825300462400474E-031   3.3212989268294241E-031  -7.1332115068189046E-031   4.1503431093847136E-017   1.0942630259152134E-016   1.8125112807447078E-016   1.4579088357866834E-030   2.8335325859378038E-031   2.3481670065220200E-031   8.8988774660577377E-031  -4.9674925470321899E-031   1.6703334872804745E-030  -1.1566063373327476E-015  -7.0517972452851273E-016
  -2.3753242588656443E-016  -5.4982316910546018E-016   1.0553977033362765E-015 -0.10047353064091567      -0.29116112897179497        3.6223913023219956E-017   1.8638565753945844E-015  -1.3291517733821454E-016   8.8758486015081042E-016  -4.4981760948862103E-016   9.8776982376985117E-017   2.9635828546675332E-015   4.0097122737721096E-017   2.9234907144776676E-015 -0.18957314980546627       -6.4435538480099396E-017   2.1666449750585230E-016   6.7313215448465629E-017   4.6052638471639886E-016  -1.7338282997602410E-016  -1.4271767111586254E-016  -1.6616521361828529E-015  -5.7036316812577731E-016  -2.6633287696226257E-016   5.0045247496879141E-016  -5.8714546078888912E-016  -4.6620360405163290E-017  -1.7494740916033922E-017  -1.1457336751959642E-015  -2.5300692714708676E-016  -2.5115974463141516E-016  -4.3016787459458267E-016   4.5711754276677301E-016  -1.1566063373327476E-015  0.96642769821354046       0.61776827805363910     
  -1.8827937049667559E-016  -1.7728664788805501E-016   5.5869360796311623E-016  -4.0538659506848103E-002 -0.12140684885916833        8.6066360819484486E-017   9.3069725779385268E-016  -3.2939183020783071E-016   3.3232895505896613E-016  -2.5086903998790715E-016   8.3478415749308817E-017   1.0686478157465199E-015  -5.8684130600903425E-018   1.0085675630260471E-015  -7.1043034028135915E-002  -9.7085466110256970E-017   1.8665663673016376E-016   6.8411117078343573E-017   2.9637747537426895E-016  -1.1136392735845755E-016  -1.1488911970042538E-016  -9.7073317974076169E-016  -3.4362499989802700E-016  -1.2238099242833802E-016   3.6687497470571117E-016  -3.5536400033109684E-016  -7.3923838116379772E-017  -1.2178535018755782E-016  -7.4564669871829637E-016  -1.6847509701756319E-016  -1.7643370027088284E-016  -2.0310563625886907E-016   3.0663269204968972E-016  -7.0517972452851273E-016  0.61776827805363910       0.40348115535360446     
