  0.16389152633222098        4.1566926034194481E-009   5.8860313084784533E-008   2.2392697702627686E-015  -6.8061378115484878E-018   7.7668802764197757E-017   7.9496738411574881E-017  -2.7510654385941136E-017  -5.3520879143723036E-017  -1.8362950791016076E-017  0.14128153404131674       -5.3837886177598257E-010  -2.6534855022480870E-009   3.5777931951347922E-015   3.6866143654344352E-010   8.1060591619436784E-012   3.3674175673585576E-010   1.7738897489410796E-010   4.7134762528534205E-010  -6.7196248288287344E-010  -3.9648963763907768E-010  -5.9825687771472798E-010   5.2384192590200377E-010   1.9492023741990501E-010   2.4181715542106893E-016   4.6295690891614643E-016   6.2543802123055214E-016  -3.5516610101825182E-016  -1.9490548665917187E-016   7.2111828178613446E-017   8.6423190011460801E-002   6.2005014943009881E-010   9.3206425619309179E-009   1.6809379248144696E-015   3.2837535639166387E-015   4.4122216658107654E-015  -2.2823165309151376E-015  -1.5061938233815239E-015   5.0907156968257955E-016 -0.11880669967210511       -6.2934626378297031E-010  -1.0665544358664487E-008  -4.3807661172380103E-016   3.2033281792280857E-010   1.2065963803750942E-010  -4.3100101060221087E-011  -2.0313548567165952E-010  -5.1702983140973499E-011  -2.2662581088085739E-010  -7.7620543287497152E-011  -1.8047503092160997E-010  -1.6520401541808643E-011   1.6664257440904247E-010  -9.4187021144080634E-016   2.4814497201011830E-002   1.2923289045918404E-010   2.2016616372814646E-009  -5.2457946891556403E-017   7.8266704795638275E-017
   4.1566926034194481E-009  0.16389144924573154        1.4312039175873825E-008   3.3808454500131745E-015  -3.3669135578726145E-016   1.3269445796033647E-017  -2.2049362889002276E-017  -3.7171745555619094E-016   2.2150980245813029E-017  -4.0267549977593253E-016   5.1848509439154094E-010  0.14128153339642141       -9.7845547133328627E-011   2.1354405341695343E-015  -2.8844368846355966E-010   6.9452108131973270E-010  -4.1690356103834055E-011   2.5602230464362975E-010   9.3708404993454446E-010   1.3096714841819917E-010  -7.3907059209036477E-010  -4.0186679844884806E-010   2.9704232873050133E-010   3.3060806746873380E-010   2.4749933650727555E-016   2.8323608546971244E-016  -1.1860255608108422E-016   6.2887073532881534E-016  -1.3880530434441684E-016  -2.5775218789415800E-017   9.7368254856956595E-010   8.6423176489067444E-002   2.4163493035777890E-009   3.6558920025485348E-016   2.0237070032625110E-015  -8.8510158529305526E-016   2.5869093826568845E-015  -8.9524598171639571E-016  -1.6850856225461430E-015  -1.1869625669963015E-009 -0.11880668380387269       -2.9228984854406409E-009  -7.9968155568962438E-015  -1.3695608837399928E-011  -1.0932481483866603E-010  -7.0452834111771560E-011   1.1403157744642862E-010  -1.7481373250136107E-011  -9.5656570061776659E-011   8.4916187149941522E-011  -6.5063889943090028E-011  -4.6013545303451197E-012   1.0100887080898187E-010  -1.6456969355789433E-014   2.4558322283287260E-010   2.4814493932461063E-002   6.0728162775065822E-010   1.5147689367254630E-014  -4.5877956333689032E-015
   5.8860313084784533E-008   1.4312039175873825E-008  0.16389149244809231       -8.4613163991371651E-015   1.1723951034652212E-015   2.4733150657216432E-017  -3.3901097598559369E-017   1.2193041993598273E-015   3.3543976183255623E-017   1.1481399028419570E-015   3.5582795133591845E-009   3.5227236390302606E-010  0.14128153371600830       -3.1642343069063859E-015  -3.3490386941440263E-010  -1.1344725037355172E-010   7.5098991687917552E-010  -4.2491132015441758E-012   1.9682444847565835E-010   4.5356849103018326E-010   1.1802409680621090E-010  -5.1064120671228051E-010  -4.4900270690672375E-011  -1.7917296429404804E-010  -5.5614278370953143E-016  -1.9952937088362958E-016  -4.3931622354938246E-016   4.7032943852852779E-016   2.8952216250171363E-016   5.8068814103815053E-016   1.1445212990326235E-008   2.5783100500973674E-009   8.6423184127763522E-002  -5.3737811962135033E-015  -1.2456676619195534E-015  -2.9587893324292855E-015   1.6464594899252204E-015   2.1309479347505157E-015   2.2506836058836830E-015  -1.3988462982901430E-008  -3.1682584535905345E-009 -0.11880669293112105        5.6923504229409731E-015   1.8806330639096626E-011  -8.4104255420796891E-011   2.2012389075293394E-010  -6.0921250914029955E-011  -6.3280193396189672E-011   3.5689625706232375E-011   1.2575935788015967E-010   2.7894873973194386E-012  -8.4620354026913703E-011  -1.6615671154301873E-010   9.3956537116937061E-015   2.8953914083398371E-009   6.5843118348056142E-010   2.4814495823572109E-002  -8.1431161626255780E-015   2.4143574518872859E-015
   2.2392697702627686E-015   3.3808454500131745E-015  -8.4613163991371651E-015  0.47637632545754405       -1.6285791807109909E-008  -6.0811029225646964E-010  -2.5084654455795405E-008   1.5565549844138484E-008  -3.7794001866169527E-009   7.2098398617943754E-010  -2.7287191354250513E-015  -2.9649135070682525E-015  -3.7735009915956780E-016  0.77165865452516236        1.0508210478249931E-015   3.7202436008849760E-016   7.3677852058272019E-016  -2.2934512711375187E-016   1.2774900636133609E-016   1.8828467693910138E-016   5.4442628421098313E-016   3.0675336767988187E-016   2.1048458275378484E-016  -2.3733190454041314E-016  -1.3418931710525955E-008  -1.8399455459496161E-009  -1.5621020051798312E-008   1.0295518120753957E-008  -2.5229438394657209E-009   3.1237020532330062E-009  -2.0617233960085075E-015   3.3553554407220016E-015  -4.2937395264173333E-015  -3.0115613956235984E-008  -5.5976581374532228E-009  -3.2705760974231890E-008   2.2183801536338378E-008  -4.0882835738307791E-009   7.9316313675251930E-009  -5.5598452645150838E-014   5.1079041315078534E-014   6.3362724593926704E-015 -0.30788015624136827       -7.1775554963402836E-017   2.1652751715308554E-016   1.2423070984088091E-016   6.0664013010550323E-017   2.2450773031318696E-017   4.4666557832194467E-016   4.2357741727353193E-016  -2.7050291926073259E-017  -5.7921975043789942E-017   1.3932249396314663E-016 -0.62479787928137565        1.3925126402889633E-014  -1.2843578681091958E-014  -1.3614831864416413E-015  0.40110153806593551      -0.10938285192276075     
  -6.8061378115484878E-018  -3.3669135578726145E-016   1.1723951034652212E-015  -1.6285791807109909E-008   3.6400504253178016E-004   2.7111773100961268E-011  -7.0589511838432422E-011  -1.8200262143408411E-004   4.8165293000804908E-012  -1.8200242109684759E-004  -7.2311747810170165E-017  -2.8789156623394786E-016   1.1673782860721452E-015  -2.4819503927579147E-008   1.4625820510552365E-017   1.8367983009844488E-017   8.0591517323648460E-018  -6.7193631011707126E-018  -1.0215193235963570E-017  -1.4573773587151022E-018   3.3281772679140633E-017   4.1682414768485368E-018   7.5438204254008322E-018   3.2290531652962850E-018   3.5929927736102472E-003   1.8968516236949290E-010  -3.9124910786244188E-010  -1.7964969973460951E-003  -3.8161809559890224E-011  -1.7964957762648997E-003   2.5790838438099049E-016  -5.0007276139078057E-016   5.6081495987091842E-016   2.4771629321130237E-002   8.7645188391413285E-010  -2.6990903196245144E-009  -1.2385818199248505E-002   6.2183361127529169E-011  -1.2385811121885280E-002   1.3372350554268195E-014  -1.3884195678466081E-014  -1.6789560466895771E-015   1.0028206598399176E-008  -1.5578489029394031E-017   1.1058347334832427E-017   1.3410957686138472E-018   1.2278045245759448E-017   4.7294176624378168E-018   1.0795247506209092E-017   2.3429697276287665E-017   4.0327087197869117E-018   1.2712796894800214E-017   2.4918145902215063E-018   1.9411326971863825E-008  -3.3457285505430407E-015   3.4867598668124481E-015   3.8365009603203839E-016  -1.2360766452226836E-008   3.3520571460365798E-009
   7.7668802764197757E-017   1.3269445796033647E-017   2.4733150657216432E-017  -6.0811029225646964E-010   2.7111773100961268E-011   3.6400491471232939E-004  -7.2062188611618150E-011   7.7786312222147555E-012  -1.7711439873122535E-010  -3.4890266168726524E-011  -3.5904238133634554E-017  -3.3538075942673134E-017   4.3175315836954888E-017  -7.3229760796528825E-010  -5.1409844189172953E-020   1.2863184431604602E-019  -6.2566499108107302E-018   9.4649421906124396E-018  -2.4653436818574394E-018  -8.1881538855897929E-018   1.5790130827513567E-018   9.7263711046881973E-018  -1.0692060239852771E-017  -9.6120051751890959E-018   1.9303323139509327E-010   3.5929917742669581E-003  -4.2654298814443261E-010   5.6320431445222161E-011  -9.6365498869005318E-010  -2.4935361994482175E-010   5.7021734872321872E-017   1.0458412799020421E-017   6.1694107222994523E-017   8.8668642309731333E-010   2.4771625227330625E-002  -2.3796132717681971E-009   2.3885356210037571E-010  -5.8907142178863137E-009  -1.1255399479339969E-009   7.9238208874036040E-016  -3.9427482639090556E-016   1.5076666616532435E-015   3.1244479740556061E-010   3.2424278825484358E-018  -4.2698433883331294E-018  -6.9301499274289514E-018   9.5250871261481375E-018   5.6008160709831248E-019  -5.8810541793600742E-018  -6.1978757758459073E-018  -1.6077949487882366E-017   2.2633440008968399E-019  -1.2441006223450223E-017   5.1830087897289495E-010  -1.9937213933085762E-016   9.8517774024819544E-017  -3.7935492608999336E-016  -3.1992125046764899E-010   8.4913783606045314E-011
   7.9496738411574881E-017  -2.2049362889002276E-017  -3.3901097598559369E-017  -2.5084654455795405E-008  -7.0589511838432422E-011  -7.2062188611618150E-011   3.6400495120183693E-004   1.1094694531840249E-010  -5.5962812780270432E-011  -4.0357558082507650E-011  -6.1623341737099761E-017   6.7784339820608614E-017   4.8538872575761044E-017  -3.8850229042067545E-008   1.4500260278124691E-018  -4.9142490008234795E-018   1.0683316081431938E-017  -3.6830800789588982E-018  -7.2454237219012679E-018   3.2746171600347012E-018  -6.9927599917464082E-017   1.8766397098088446E-017  -2.4566036169255717E-017  -3.3408166872059786E-017  -3.0034169203159379E-010  -4.2965850868218519E-010   3.5929921559209677E-003   5.0937762989704573E-010  -3.7378721108618760E-010  -2.0903579481119224E-010   8.4812470732698763E-019   3.3789514115358621E-017   4.5335083571683599E-017  -2.0872517125177465E-009  -2.4101294372885419E-009   2.4771626334121850E-002   3.8887792591193313E-009  -1.9371618085638440E-009  -1.8015272151315610E-009  -1.8280117398060999E-015  -5.3048167565716678E-016   1.2488002319259418E-015   1.5617910101524617E-008   1.9097253313821889E-018  -2.5987530071797530E-017  -2.1439345262677615E-018   2.0237458481333485E-018   8.2858067048074097E-020  -1.3482678073760672E-018  -7.9014757684263746E-018  -1.3526917430779425E-017  -1.5745420539243919E-017  -1.4043044403423105E-017   3.0463834191419349E-008   4.5614475544124628E-016   1.3098957711602825E-016  -3.1336861306938156E-016  -1.9408798729464308E-008   5.2665049402412113E-009
  -2.7510654385941136E-017  -3.7171745555619094E-016   1.2193041993598273E-015   1.5565549844138484E-008  -1.8200262143408411E-004   7.7786312222147555E-012   1.1094694531840249E-010   3.6400520238755976E-004   1.3809435067899788E-011  -1.8200258095508209E-004   4.0430116546926852E-017  -4.0166663771570740E-016   1.0301612003359472E-015   2.4024077780421064E-008  -4.8461510294840605E-018  -1.0162573154430238E-017  -1.8920514664573657E-017   6.0794076308766445E-018  -6.4691923756137044E-018  -2.5559769184135729E-018   1.2833456411165487E-017  -2.6022520304559081E-017   1.2403065286839823E-017  -3.1709889476534383E-017  -1.7964969469962870E-003   6.2138458017162466E-011   4.8725496696920947E-010   3.5929935527860561E-003   1.1988568744279331E-010  -1.7964966057905638E-003   2.8038739000307393E-016  -4.3585454266594191E-016   5.6959452703984168E-016  -1.2385817792178230E-002   2.6145586732926376E-010   3.6919695681844564E-009   2.4771634743105196E-002   4.4620542302472836E-010  -1.2385816950927987E-002   1.5148281744988792E-014  -1.2358433482653581E-014  -5.9516445818438549E-015  -9.6722536383063771E-009   5.2812311185472677E-018   8.2601913309870030E-018  -1.0004935035508777E-017  -1.6156980387418481E-018  -3.4679234054577718E-018  -6.9173526972117573E-018   7.2499739215439106E-018   3.8699031280030378E-018  -3.4848583401596137E-018  -1.9981030248084120E-017  -1.8832339822997496E-008  -3.7908268292068294E-015   3.1056609731060762E-015   1.4523556160640124E-015   1.1999323578047630E-008  -3.2557658222901635E-009
  -5.3520879143723036E-017   2.2150980245813029E-017   3.3543976183255623E-017  -3.7794001866169527E-009   4.8165293000804908E-012  -1.7711439873122535E-010  -5.5962812780270432E-011   1.3809435067899788E-011   3.6400512527545953E-004  -1.8625934913842810E-011   1.3945147953773348E-017   5.4148479744549476E-017  -5.7677347290072297E-017  -5.8832087195801153E-009  -7.7955591274374458E-018   4.8735946810068245E-018   7.7284077425382572E-018   7.2088778826450658E-019   1.2616357933068806E-017   2.3631811236172444E-018  -1.8551488032147647E-018   2.3961582116980251E-017  -2.2014253141514147E-017   1.8518320939286176E-017  -7.2581695158555620E-012  -9.6746478813727459E-010  -3.4902201877423078E-010   1.1957227123916194E-010   3.5929930511324178E-003  -1.1231403916844845E-010   1.1897928582827296E-017   1.6946720450094671E-017  -6.0057223092770498E-018   3.2383271990976145E-010  -5.9927094364091515E-009  -1.7453607945885432E-009   4.2328665533034200E-010   2.4771632208382442E-002  -7.4711896758646271E-010   3.1514978040236932E-015   1.4983613249108135E-016   1.1840105522936632E-017   2.3586270475962992E-009   2.5073106546552965E-018   5.4281581233617177E-018   6.0980025801173365E-018  -3.6954351952222527E-018   5.2516422443651539E-018   1.5368766327081590E-018  -2.2520410406938185E-019   4.5373259757259512E-018   5.2586981617619158E-018   1.7228743984339242E-017   4.5798073320646242E-009  -7.8786063517829196E-016  -3.8484045916550921E-017  -1.8549956161413518E-018  -2.9132069500120462E-009   7.8977550017001369E-010
  -1.8362950791016076E-017  -4.0267549977593253E-016   1.1481399028419570E-015   7.2098398617943754E-010  -1.8200242109684759E-004  -3.4890266168726524E-011  -4.0357558082507650E-011  -1.8200258095508209E-004  -1.8625934913842810E-011   3.6400500205268759E-004  -1.9477775742542655E-017  -2.6236598572238645E-016   8.5517790140056022E-016   7.9663205605134544E-010  -9.7796670897953878E-018  -8.2053806674919756E-018   1.0861383102883440E-017   6.3993205251334123E-019   1.6684390402877762E-017   4.0133744901481356E-018  -4.6115239763094333E-017   2.1854255458836232E-017  -1.9946900579561479E-017   2.8480838695508674E-017  -1.7964958266055849E-003  -2.5182225669566114E-010  -9.6007088658523228E-011  -1.7964965554558175E-003  -8.1723587094628259E-011   3.5929923820629448E-003   2.0929791355447676E-016  -4.1658531120093195E-016   5.7669395730403303E-016  -1.2385811528894263E-002  -1.1378983493620982E-009  -9.9288772550186409E-010  -1.2385816543966014E-002  -5.0838677931155036E-010   2.4771628072864846E-002   1.2335159220932823E-014  -1.3308543874042878E-014  -3.3331633362796370E-015  -3.5633103349694832E-010   1.0297267412426950E-017  -1.9318605469838961E-017   8.6638862771834211E-018  -1.0662340312180092E-017  -1.2615268351363878E-018  -3.8779144487398429E-018  -3.0679619321485507E-017  -7.9026115347418299E-018  -9.2279413495407450E-018   1.7489180385427967E-017  -5.7973230051746448E-010  -3.0878701882734018E-015   3.3404170291595923E-015   8.0185755581169155E-016   3.6185049186793105E-010  -9.6395294286614213E-011
  0.14128153404131674        5.1848509439154094E-010   3.5582795133591845E-009  -2.7287191354250513E-015  -7.2311747810170165E-017  -3.5904238133634554E-017  -6.1623341737099761E-017   4.0430116546926852E-017   1.3945147953773348E-017  -1.9477775742542655E-017  0.12179080296649625       -3.1058928332777837E-009  -4.2958125901263560E-008  -4.6126660400687169E-015   3.1767638596932541E-010   6.9200937970978679E-012   2.9031892753841366E-010   1.5309871987752028E-010   4.0640235707330852E-010  -5.7927381543716097E-010  -3.4180711599249307E-010  -5.1565592538935422E-010   4.5166340816471877E-010   1.6795488078953125E-010  -4.2876097550760499E-016  -6.1473904391379590E-016  -7.4831104382759082E-016   3.4821691896093986E-016   4.2989656041907597E-016   4.2770750267345778E-017   7.4493555117975063E-002  -1.0926746958841368E-009  -1.6981834213264198E-008  -2.9399033442309069E-015  -4.1611372713344325E-015  -5.0720126780269213E-015   2.5484144400975394E-015   2.8213786649830114E-015   3.1294074796697220E-016 -0.10278213895385634        1.1020023378136411E-009   1.7872046973364269E-008  -8.0786566085385125E-016   2.7616842707634328E-010   1.0410494884562773E-010  -3.7602501594214635E-011  -1.7514998685114299E-010  -4.4755378670271077E-011  -1.9535999705229532E-010  -6.6897933586529990E-011  -1.5556551756591601E-010  -1.4351651154405946E-011   1.4397851828347804E-010  -2.4261072962015992E-015   2.1482685602482059E-002  -2.0816278992899187E-010  -3.4595243227504676E-009   3.3923110957641454E-015  -1.1138261932096925E-015
  -5.3837886177598257E-010  0.14128153339642141        3.5227236390302606E-010  -2.9649135070682525E-015  -2.8789156623394786E-016  -3.3538075942673134E-017   6.7784339820608614E-017  -4.0166663771570740E-016   5.4148479744549476E-017  -2.6236598572238645E-016  -3.1058928332777837E-009  0.12179085913586742       -1.0415823461982758E-008  -7.0762458201601472E-015  -2.4870015580453023E-010   5.9895516768723440E-010  -3.5874566925600133E-011   2.2067825813422075E-010   8.0793181418287846E-010   1.1298942487740820E-010  -6.3728217754024753E-010  -3.4648719993758498E-010   2.5604528136908878E-010   2.8499570689929012E-010   2.1721757810748300E-016  -2.0051820295246991E-016   7.5366240423787395E-016  -2.7685899007582912E-016   2.2651665124561812E-016   7.9585724085126787E-016  -1.3450448029956077E-009   7.4493578369440219E-002  -4.2627787048609414E-009   3.3549547768844793E-016  -1.3202659066907167E-015   5.1380630217110424E-015  -3.4228755577146389E-015   1.6156535579356901E-015   4.1809389742318607E-015   1.3921555719357559E-009 -0.10278216217301259        4.8279121907472375E-009   1.2169662542817026E-014  -1.1752052505292664E-011  -9.4734063733622820E-011  -6.0787549291651183E-011   9.8339561530585083E-011  -1.5515281346701659E-011  -8.2572166480276937E-011   7.3638445419109764E-011  -5.6130664166757931E-011  -4.0615475387258158E-012   8.7146267058057921E-011   2.7818994088504135E-014  -2.6906053578886685E-010   2.1482690043813198E-002  -9.5558824517380238E-010  -2.4550666305187956E-014   7.3826956884199051E-015
  -2.6534855022480870E-009  -9.7845547133328627E-011  0.14128153371600830       -3.7735009915956780E-016   1.1673782860721452E-015   4.3175315836954888E-017   4.8538872575761044E-017   1.0301612003359472E-015  -5.7677347290072297E-017   8.5517790140056022E-016  -4.2958125901263560E-008  -1.0415823461982758E-008  0.12179082758376082        8.2909362683472927E-015  -2.8873716562965300E-010  -9.7734080476409205E-011   6.4740228573940248E-010  -3.6012807935167436E-012   1.6976949176610526E-010   3.9098170721331573E-010   1.0168800669607666E-010  -4.4024149779212641E-010  -3.8696057546432099E-011  -1.5443233747497732E-010   1.0670670826978585E-015   4.6145679458777561E-017   3.9071811885807948E-016   1.9141367478883435E-016  -6.0507186812956952E-016  -8.3137404715717357E-016  -1.8424903855060643E-008  -4.3604274464191215E-009   7.4493565395132536E-002   6.0244681828953224E-015   4.2845706758283025E-016   2.7540892842272558E-015  -5.6087484212417000E-017  -4.0558491234645824E-015  -7.2422587159227153E-015   1.9565529427999134E-008   4.9474482599015928E-009 -0.10278214792861273       -4.3385503902058771E-015   1.6482956321925916E-011  -7.2557626349580918E-011   1.8965601938205330E-010  -5.2504730905765255E-011  -5.4673953396573441E-011   3.0390278820175721E-011   1.0854402916923224E-010   2.6564601630522152E-012  -7.3070096110030534E-011  -1.4334719875954120E-010  -1.1711102114649062E-014  -3.8157787514473649E-009  -9.8083592738789986E-010   2.1482687248338895E-002   9.0278982425681321E-015  -2.6335731938622304E-015
   3.5777931951347922E-015   2.1354405341695343E-015  -3.1642343069063859E-015  0.77165865452516236       -2.4819503927579147E-008  -7.3229760796528825E-010  -3.8850229042067545E-008   2.4024077780421064E-008  -5.8832087195801153E-009   7.9663205605134544E-010  -4.6126660400687169E-015  -7.0762458201601472E-015   8.2909362683472927E-015   1.2505300820865948        1.7180585525334848E-015   6.1364094410580612E-016   1.2102448399955225E-015  -3.4748097381238258E-016   2.0225113404788741E-016   3.2063490900601253E-016   8.5021797224202109E-016   4.7924741716919662E-016   3.3911980641028402E-016  -3.9407461661019928E-016  -6.1919135734413604E-009  -4.6702952274146279E-010  -7.5214517025114842E-009   4.8182917620481537E-009  -1.6987802786423574E-009   1.3740900183274092E-009  -1.2718982309382192E-015   1.7567992699523485E-015  -1.3823664333878569E-015   5.8239069880939023E-008   8.2333651036164210E-009   6.9453778947449997E-008  -4.5716409673735471E-008   9.8194483040701380E-009  -1.2522943306625838E-008   2.0771011767761656E-014  -8.4567607954913148E-015   1.0369028189127756E-015 -0.48435134658381396       -5.0674436498191944E-017   3.3246730431225469E-016   1.9577433929915229E-016   6.9175682194252265E-017   3.0937963357542063E-017   6.9204137145743053E-016   6.8355801982475846E-016  -4.6958645398479885E-017  -1.0832634287321815E-016   2.4047284727709455E-016 -0.97979264477595784       -5.1884820861508288E-015   2.1170111953645766E-015  -2.0977197259524095E-016  0.61898169509732293      -0.16778230284751394     
   3.6866143654344352E-010  -2.8844368846355966E-010  -3.3490386941440263E-010   1.0508210478249931E-015   1.4625820510552365E-017  -5.1409844189172953E-020   1.4500260278124691E-018  -4.8461510294840605E-018  -7.7955591274374458E-018  -9.7796670897953878E-018   3.1767638596932541E-010  -2.4870015580453023E-010  -2.8873716562965300E-010   1.7180585525334848E-015   2.3870324965603307E-018  -1.0830895878759555E-018  -8.5292309149508592E-019  -4.9080462369326489E-019  -1.3621469555017236E-018  -2.7116314688430032E-018   3.9969203417969899E-019   3.3413554906219353E-019   5.4686173963754563E-019   3.8673347252539692E-019   1.4436774491894351E-016  -5.0746627742269605E-019   1.4313332049036172E-017  -4.7835337280324023E-017  -7.6947725554560515E-017  -9.6532408064057868E-017   2.1079404617639047E-010  -1.4568521277914535E-010  -1.7197379344900608E-010   9.9533313293274244E-016  -3.4987032610860064E-018   9.8682387334392049E-017  -3.2979734133111072E-016  -5.3051051326645501E-016  -6.6553579372314612E-016   5.9565153041269364E-010   5.4689236710069387E-010   4.8638367413854419E-010  -2.7014317249231778E-016   4.0996794590249501E-019   9.1190748950306929E-019   7.5196047155730744E-019  -4.8666511421165098E-019   9.7488026494272510E-019  -6.3300185540969182E-020  -1.1078938951918228E-018  -4.5297121903235342E-019   5.7449180498621443E-019  -2.2284098057287328E-019  -4.5918492074241485E-016  -1.6016092870153396E-010  -1.2822152873468652E-010  -1.1168112822434842E-010   9.6847426597544335E-018   2.6330425628537740E-017
   8.1060591619436784E-012   6.9452108131973270E-010  -1.1344725037355172E-010   3.7202436008849760E-016   1.8367983009844488E-017   1.2863184431604602E-019  -4.9142490008234795E-018  -1.0162573154430238E-017   4.8735946810068245E-018  -8.2053806674919756E-018   6.9200937970978679E-012   5.9895516768723440E-010  -9.7734080476409205E-011   6.1364094410580612E-016  -1.0830895878759555E-018   4.3347883736818476E-018  -4.0294763216076714E-019   8.2591129345591546E-019   4.4518723975870179E-018   6.2722675926255261E-019  -4.0733649730002436E-018  -1.8016025697357979E-018   1.1301794196185213E-018   1.6431948411966685E-018   1.8130528305983661E-016   1.2696944237415499E-018  -4.8506985074923974E-017  -1.0031211441719637E-016   4.8105908365257632E-017  -8.0993148161209084E-017   1.3102196882608754E-011   3.3391050178941117E-010  -6.7959514298356364E-011   1.2499961894539910E-015   8.7538093880881872E-018  -3.3442786225546336E-016  -6.9159468788358717E-016   3.3166275072619838E-016  -5.5840149297381973E-016   4.5883664258723284E-010  -2.2050881611758922E-009  -3.4608900565798697E-010   4.3216921652959576E-017   4.7921774081688313E-019  -2.8671643586529415E-018  -2.5272260005529955E-019   7.6158250765856551E-019  -2.0159896351259620E-018  -1.4044954059552246E-018   2.4414614533219724E-018  -2.0563318934342230E-019  -4.0840918129142713E-019   3.4164386110295910E-019   1.4944872735002467E-016  -1.1508805503895431E-010   5.3106398825752865E-010   9.0031637957277647E-011  -2.9366731772590130E-016   1.0017765008656614E-016
   3.3674175673585576E-010  -4.1690356103834055E-011   7.5098991687917552E-010   7.3677852058272019E-016   8.0591517323648460E-018  -6.2566499108107302E-018   1.0683316081431938E-017  -1.8920514664573657E-017   7.7284077425382572E-018   1.0861383102883440E-017   2.9031892753841366E-010  -3.5874566925600133E-011   6.4740228573940248E-010   1.2102448399955225E-015  -8.5292309149508592E-019  -4.0294763216076714E-019   4.2475836279136602E-018   3.8374431491151641E-019   1.8640302485397573E-018   7.6063809592845601E-019  -3.1983913566938071E-019  -3.5130243728437588E-018   8.3205057606806162E-019  -5.4763779865147094E-019   7.9549803161072530E-017  -6.1757628595724802E-017   1.0545244935803035E-016  -1.8675941515594953E-016   7.6285008615582184E-017   1.0720961631511905E-016   1.7322988280317666E-010  -3.0380749085937806E-011   3.9383401955434082E-010   5.4845042966621933E-016  -4.2578350832437710E-016   7.2703443582246854E-016  -1.2875993917144604E-015   5.2594155029433016E-016   7.3914895631283739E-016  -4.7260273260093695E-010  -4.1179547227681055E-010  -6.5903404192790898E-010  -4.4307609953125926E-017   9.1568944984756821E-019  -6.6425409549049768E-019   5.6101189832875063E-019  -6.9822465271218448E-019  -1.0849088697971332E-018  -5.3029287805633314E-019   9.7444167572319219E-019  -3.0695782092007493E-019  -6.4310294655684260E-019  -1.8939395830006155E-019   4.0939898889693524E-018   1.0817663570637363E-010   1.0432253449588751E-010   1.4239813798679028E-010  -3.0366910260140307E-016   1.1340402559295060E-016
   1.7738897489410796E-010   2.5602230464362975E-010  -4.2491132015441758E-012  -2.2934512711375187E-016  -6.7193631011707126E-018   9.4649421906124396E-018  -3.6830800789588982E-018   6.0794076308766445E-018   7.2088778826450658E-019   6.3993205251334123E-019   1.5309871987752028E-010   2.2067825813422075E-010  -3.6012807935167436E-012  -3.4748097381238258E-016  -4.9080462369326489E-019   8.2591129345591546E-019   3.8374431491151641E-019   1.2949309475139623E-018   2.3016010109245646E-018  -6.3643220682603400E-019  -1.6265706373072755E-018  -1.0602805896570522E-018   1.3563583989966207E-018   5.0426041951452665E-019  -6.6324957594277672E-017   9.3425831357820518E-017  -3.6354777571679209E-017   6.0008280744247988E-017   7.1157028160306649E-018   6.3166697704778055E-018   6.9833410029045423E-011   1.3814336168077460E-010  -1.0287855623138081E-011  -4.5727266297735644E-016   6.4411770898283311E-016  -2.5064542402125093E-016   4.1372278635135249E-016   4.9058689470819308E-017   4.3549880487857564E-017  -1.3766003508581638E-009  -2.0412636861180612E-011  -4.2054365744565024E-010   7.6678405289713720E-016   7.0936443369247982E-019   4.3000500129856081E-019  -1.7841860827036527E-018  -1.7546003219284429E-019  -6.5575972646004461E-019  -7.7630047269931182E-019   5.2174564385672058E-020   5.3867824470446909E-020  -5.0000197677885035E-019   1.2897030524934442E-018   1.6907252288758563E-015   3.3922881104934137E-010  -2.5800809457094745E-012   1.0538766913009423E-010  -1.5165706058169741E-015   4.5739392802472997E-016
   4.7134762528534205E-010   9.3708404993454446E-010   1.9682444847565835E-010   1.2774900636133609E-016  -1.0215193235963570E-017  -2.4653436818574394E-018  -7.2454237219012679E-018  -6.4691923756137044E-018   1.2616357933068806E-017   1.6684390402877762E-017   4.0640235707330852E-010   8.0793181418287846E-010   1.6976949176610526E-010   2.0225113404788741E-016  -1.3621469555017236E-018   4.4518723975870179E-018   1.8640302485397573E-018   2.3016010109245646E-018   7.5462843015197462E-018  -4.7398484116830571E-019  -5.7497466969474958E-018  -4.7592230901764770E-018   3.2621973787007374E-018   2.1579133459401620E-018  -1.0083133838410857E-016  -2.4334693856557641E-017  -7.1517498899368848E-017  -6.3855625375759831E-017   1.2453256167857581E-016   1.6468697361475547E-016   2.3804932327125292E-010   4.7787273048654907E-010   9.0938098231510391E-011  -6.9517440815194592E-016  -1.6777376937466745E-016  -4.9307223116612410E-016  -4.4024808932414682E-016   8.5858077412280965E-016   1.1354225047985363E-015  -8.9450587104710607E-010  -1.5357997185810850E-009  -8.1919881298276479E-010  -2.0314338766811562E-016   1.5361656162419888E-018  -1.4959965319249340E-018  -1.2525198179440076E-018   5.0822098368509183E-020  -1.8772600026862369E-018  -2.1117993073229592E-018   1.7066280637732802E-018  -5.0445703606831457E-019  -7.9368746062478387E-019   1.3095654455938760E-018  -4.3849780858794675E-016   2.0973426044756777E-010   3.5625928331120871E-010   1.9913017984966278E-010   3.6555430460742589E-016  -1.0823020112614694E-016
  -6.7196248288287344E-010   1.3096714841819917E-010   4.5356849103018326E-010   1.8828467693910138E-016  -1.4573773587151022E-018  -8.1881538855897929E-018   3.2746171600347012E-018  -2.5559769184135729E-018   2.3631811236172444E-018   4.0133744901481356E-018  -5.7927381543716097E-010   1.1298942487740820E-010   3.9098170721331573E-010   3.2063490900601253E-016  -2.7116314688430032E-018   6.2722675926255261E-019   7.6063809592845601E-019  -6.3643220682603400E-019  -4.7398484116830571E-019   4.2743127381607385E-018   1.0902299868947044E-018   6.1184234993900378E-019  -2.0899404688181486E-018  -1.0230564358720863E-018  -1.4385374916056204E-017  -8.0822992287528540E-017   3.2322935151856170E-017  -2.5229458478218067E-017   2.3326298563384182E-017   3.9614841045856222E-017  -3.5262232763174469E-010   5.7314716106938842E-011   2.4101418601531970E-010  -9.9178920733391720E-017  -5.5722832862663595E-016   2.2284816702255796E-016  -1.7394271839562103E-016   1.6082148581947452E-016   2.7312163811375473E-016   5.7747980541927584E-010  -7.1332209508324466E-010  -2.3200929085357729E-010   2.8104744135834784E-016  -1.2593237290350054E-018  -1.6534450438997265E-018   7.7538242414493986E-019   8.2835080605954351E-019  -6.5216312299931266E-019   8.6117110019107933E-019   1.4342019679392940E-018   5.5381394445868815E-019  -2.7074626755316306E-019  -9.9074115247893599E-019   6.5801267514162344E-016  -1.2435897870105624E-010   1.7460767155255304E-010   4.4448520535470223E-011  -7.0315677440662668E-016   2.2028302380547869E-016
  -3.9648963763907768E-010  -7.3907059209036477E-010   1.1802409680621090E-010   5.4442628421098313E-016   3.3281772679140633E-017   1.5790130827513567E-018  -6.9927599917464082E-017   1.2833456411165487E-017  -1.8551488032147647E-018  -4.6115239763094333E-017  -3.4180711599249307E-010  -6.3728217754024753E-010   1.0168800669607666E-010   8.5021797224202109E-016   3.9969203417969899E-019  -4.0733649730002436E-018  -3.1983913566938071E-019  -1.6265706373072755E-018  -5.7497466969474958E-018   1.0902299868947044E-018   4.9875039502870552E-018   3.1143811570625939E-018  -2.6180538789853942E-018  -2.0829456808180121E-018   3.2851530559221629E-016   1.5585933008716122E-017  -6.9023575514237384E-016   1.2667544016408290E-016  -1.8311664774887661E-017  -4.5519075851704964E-016  -2.0699040720305543E-010  -3.6738976573395937E-010   6.9283064364654511E-011   2.2649252480753419E-015   1.0745592026372051E-016  -4.7587807046383162E-015   8.7335467411826061E-016  -1.2624855380822200E-016  -3.1382799312882108E-015   3.9724757258813355E-010   1.7116185597187105E-009   2.8539261496889087E-010  -1.1673144924066756E-015  -1.1572949550228994E-018   1.7501137458982721E-018   9.9096469332169003E-019  -1.9390699591390388E-019   1.7723815251741855E-018   1.7465592089749680E-018  -1.6502132017674303E-018   6.1068478058683252E-019   4.6388375091952546E-019  -1.1938043491160743E-018  -2.5464034190631156E-015  -8.7521154454941148E-011  -4.0621294392866615E-010  -7.4977086113853289E-011   2.2031387607496872E-015  -6.5857237503129651E-016
  -5.9825687771472798E-010  -4.0186679844884806E-010  -5.1064120671228051E-010   3.0675336767988187E-016   4.1682414768485368E-018   9.7263711046881973E-018   1.8766397098088446E-017  -2.6022520304559081E-017   2.3961582116980251E-017   2.1854255458836232E-017  -5.1565592538935422E-010  -3.4648719993758498E-010  -4.4024149779212641E-010   4.7924741716919662E-016   3.3413554906219353E-019  -1.8016025697357979E-018  -3.5130243728437588E-018  -1.0602805896570522E-018  -4.7592230901764770E-018   6.1184234993900378E-019   3.1143811570625939E-018   4.9551191491275142E-018  -2.3767667859457329E-018  -1.0747828064930910E-018   4.1143696694183289E-017   9.6006391837813617E-017   1.8523811775994867E-016  -2.5686106153688110E-016   2.3651815436812600E-016   2.1571735474405385E-016  -3.2421450208126169E-010  -2.0400308893404880E-010  -2.6314423503861220E-010   2.8366226493957029E-016   6.6190931701598203E-016   1.2771109807113048E-015  -1.7709100981832516E-015   1.6306574882533075E-015   1.4872478360706212E-015  -2.6522407848110689E-011   7.0767458649687612E-010   6.9269694813217567E-010  -6.5263048974878293E-016  -1.4602474881670102E-018   8.1332184788157397E-019  -7.6987990921698086E-019   5.4787404374628860E-019   8.1216965151489731E-019   1.4111936159620307E-018  -9.1449073042723958E-019   6.5103121647276220E-019   4.1359851278969027E-019   8.8607182653449642E-020  -1.4233278582370469E-015   2.4606215506409974E-011  -1.6505804260805826E-010  -1.5804233429678084E-010   1.2304639193123811E-015  -3.6774098581579736E-016
   5.2384192590200377E-010   2.9704232873050133E-010  -4.4900270690672375E-011   2.1048458275378484E-016   7.5438204254008322E-018  -1.0692060239852771E-017  -2.4566036169255717E-017   1.2403065286839823E-017  -2.2014253141514147E-017  -1.9946900579561479E-017   4.5166340816471877E-010   2.5604528136908878E-010  -3.8696057546432099E-011   3.3911980641028402E-016   5.4686173963754563E-019   1.1301794196185213E-018   8.3205057606806162E-019   1.3563583989966207E-018   3.2621973787007374E-018  -2.0899404688181486E-018  -2.6180538789853942E-018  -2.3767667859457329E-018   2.3823065796090029E-018   1.1513662066055788E-018   7.4463075458811210E-017  -1.0553843425542012E-016  -2.4248448948456881E-016   1.2242721647396903E-016  -2.1729656841105877E-016  -1.9689029529369785E-016   2.6460529984997485E-010   1.5899286064685452E-010  -2.4994358598429315E-011   5.1338036799915707E-016  -7.2762730935775515E-016  -1.6717918967500800E-015   8.4406563190136553E-016  -1.4981356349372123E-015  -1.3574459962979702E-015  -9.9179955355887251E-010  -9.1270885278397354E-011  -3.6807132949628274E-011  -1.8324783638669112E-016   1.0734588352957125E-018   5.1916462198593700E-019  -1.0767934310617327E-018  -5.0143408998992488E-019  -3.6189046869031910E-019  -9.3875785157104019E-019  -2.2748938927722628E-019  -6.1368261173622348E-019  -2.1395188294544317E-019   1.2600079539202246E-018  -3.8215193010800621E-016   2.3250980714455972E-010   1.3923419234262026E-011   1.0561168320193591E-011   2.7824026492745272E-016  -7.9222138808126247E-017
   1.9492023741990501E-010   3.3060806746873380E-010  -1.7917296429404804E-010  -2.3733190454041314E-016   3.2290531652962850E-018  -9.6120051751890959E-018  -3.3408166872059786E-017  -3.1709889476534383E-017   1.8518320939286176E-017   2.8480838695508674E-017   1.6795488078953125E-010   2.8499570689929012E-010  -1.5443233747497732E-010  -3.9407461661019928E-016   3.8673347252539692E-019   1.6431948411966685E-018  -5.4763779865147094E-019   5.0426041951452665E-019   2.1579133459401620E-018  -1.0230564358720863E-018  -2.0829456808180121E-018  -1.0747828064930910E-018   1.1513662066055788E-018   1.2093096058565525E-018   3.1872923101766220E-017  -9.4877426797468539E-017  -3.2976282957940993E-016  -3.1299933382925654E-016   1.8278912398614841E-016   2.8112641503491824E-016   1.1253642933782638E-010   1.7469944438119087E-010  -9.7425069605289371E-011   2.1974548190483807E-016  -6.5412562288483666E-016  -2.2735261951774436E-015  -2.1579513858342528E-015   1.2602264154778799E-015   1.9382059060976210E-015   3.7202685791014620E-010  -2.2053524191324690E-010  -2.5075819691864310E-011  -9.4618318533849910E-017   4.0588694881847459E-019  -1.1109621087293865E-019   1.5564268551418098E-019   1.1207719317355745E-019   2.0329727947455694E-019  -6.5659355658794704E-019  -4.4703441592580150E-020  -2.5645242926735241E-019   1.7107518870854228E-019   7.5147072374715477E-020  -2.4600008526682825E-016  -9.8970681190151162E-011   4.5269565156751925E-011   1.1657563051504518E-011   3.3080017969713415E-016  -1.0777874512662148E-016
   2.4181715542106893E-016   2.4749933650727555E-016  -5.5614278370953143E-016  -1.3418931710525955E-008   3.5929927736102472E-003   1.9303323139509327E-010  -3.0034169203159379E-010  -1.7964969469962870E-003  -7.2581695158555620E-012  -1.7964958266055849E-003  -4.2876097550760499E-016   2.1721757810748300E-016   1.0670670826978585E-015  -6.1919135734413604E-009   1.4436774491894351E-016   1.8130528305983661E-016   7.9549803161072530E-017  -6.6324957594277672E-017  -1.0083133838410857E-016  -1.4385374916056204E-017   3.2851530559221629E-016   4.1143696694183289E-017   7.4463075458811210E-017   3.1872923101766220E-017   3.5465434713326451E-002   1.1361768241262577E-009   5.1188658630510920E-011  -1.7732719153154209E-002  -9.1759727628461746E-010  -1.7732715560179621E-002   2.7856497191186231E-016  -5.3078288096637511E-016  -7.9648430746135113E-016  0.24451387959474949        3.5758626541956484E-009   3.3663899539962621E-010 -0.12225694556338278       -3.1154843039344815E-009 -0.12225693403140173        3.8431669947676476E-015  -6.8554632038636922E-015  -4.4387837490169397E-015   7.2673512732430259E-009  -1.5377096523587045E-016   1.0915414895998288E-016   1.3237450651011753E-017   1.2119317611738977E-016   4.6682874886728019E-017   1.0655705973597507E-016   2.3126803106707984E-016   3.9805752159367951E-017   1.2548445891330237E-016   2.4596115819785379E-017   6.2374221698435860E-009  -9.5831186946531407E-016   1.7232675813110627E-015   1.1141536899475192E-015  -5.4517178417011666E-009   1.5492741893079189E-009
   4.6295690891614643E-016   2.8323608546971244E-016  -1.9952937088362958E-016  -1.8399455459496161E-009   1.8968516236949290E-010   3.5929917742669581E-003  -4.2965850868218519E-010   6.2138458017162466E-011  -9.6746478813727459E-010  -2.5182225669566114E-010  -6.1473904391379590E-016  -2.0051820295246991E-016   4.6145679458777561E-017  -4.6702952274146279E-010  -5.0746627742269605E-019   1.2696944237415499E-018  -6.1757628595724802E-017   9.3425831357820518E-017  -2.4334693856557641E-017  -8.0822992287528540E-017   1.5585933008716122E-017   9.6006391837813617E-017  -1.0553843425542012E-016  -9.4877426797468539E-017   1.1361768241262577E-009   3.5465427438399005E-002  -1.4302216242185761E-009   4.1139201906365529E-010  -1.8050857112721721E-009  -1.5475684197771456E-009   2.1288279042160808E-016   2.7812616787510755E-016   5.7996642093481283E-017   3.4490382176353419E-009  0.24451385703780384       -4.3215355567332963E-009   1.3611950796199641E-009  -5.0110379696404663E-009  -4.8102329294391375E-009  -1.9511281489994717E-015   9.7814249388789338E-016  -1.4851700734503362E-015   8.7212545021728852E-010   3.2005132263279417E-017  -4.2146448132336151E-017  -6.8405594806186345E-017   9.4019488230203615E-017   5.5284167012402984E-018  -5.8050270477232303E-017  -6.1177527795311884E-017  -1.5870098023616335E-016   2.2340719343377355E-018  -1.2280169543014713E-016   7.3133059810952129E-010   4.8718647112599331E-016  -2.5104870191979906E-016   3.6538113663375867E-016  -6.7643398743262835E-010   1.9534279737623162E-010
