 4.2597704722824337E-006 -4.2660072380689312E-018 -5.5831357229806518E-018 -2.4648841389165681E-018 -2.4704573206588736E-017 -3.0410980249982333E-005  2.1582133112637183E-017  3.1642024761395596E-017  1.4880463524590158E-016 -1.4200979102057980E-016 -1.7077289757785027E-016  4.2129847622909814E-017 -1.2163823938547611E-016 -1.6383044928686142E-016  2.4744880023207531E-016 -2.3860441633520799E-016 -2.8992270397685790E-016  6.2177557846916549E-017 -2.0918876945481079E-016 -2.9043624370332855E-016 -5.0736024725890790E-004  3.3431379421732727E-016  4.6755166816866973E-016  2.0815398571244916E-016 -2.5188407990192263E-003  1.6636742568768584E-015  2.3270843031554759E-015  4.0776809798002794E-016 -3.9845066919136376E-016 -4.8039727822457542E-016  1.0522838382636384E-016 -3.4373227513077697E-016 -4.7853964548579164E-016 -2.1042405624527023E-017 -1.2197530506370257E-019 -7.2399967684345832E-019 -8.3004514894646174E-018  4.8326403298669597E-020 -1.2906187000825458E-017 -2.1552526418380175E-019 -1.0855272559872960E-019  8.2698524901152374E-020  4.9261254656568554E-019  4.7968958451994213E-016 -3.6261752728502812E-016  9.7851470745606709E-017
-4.2660072380689312E-018  4.2597704722832926E-006 -2.6537826695007706E-019 -1.2913243948878028E-017  8.2829266037773358E-017  1.1567888648338548E-017 -3.0410980249987479E-005  6.1339084687855642E-018 -7.3621183567384947E-017  6.9395884728525813E-018  3.2442551585447337E-016  3.2099462386736163E-017  7.1207383701628558E-017  3.2340379280920650E-018 -1.1744727473172390E-016  1.6792965719042962E-017  5.4839468458355606E-016  6.8159487808824192E-017  1.2253733508611536E-016  1.8052422023460467E-017  1.7334250193748140E-016 -5.0736024725894595E-004  1.6658009362529610E-016  8.4310115229265257E-016  8.5981700563300623E-016 -2.5188407990194765E-003  8.2478275187326279E-016 -1.8683198091154804E-016  2.3957180504428910E-017  9.1010176598707011E-016  1.1552461873344303E-016  2.0233615323858421E-016  3.4867282458781398E-017 -8.6272349941322245E-020 -1.0692090293386445E-017 -4.0626910268191865E-019 -1.9653038121115267E-019  1.2140213279197290E-019 -1.0767027807568127E-019 -3.3139854469927123E-017 -4.7503077707707952E-019 -1.4216336232951298E-017 -8.5180662700483501E-019  1.6795551675404158E-015 -1.3174979835697646E-015  3.5434523188339673E-016
-5.5831357229806518E-018 -2.6537826695007706E-019  4.2597704722782748E-006  8.8543685579592612E-018 -3.2081553329488505E-017  1.2523495410171476E-017 -7.1165797434822091E-018 -3.0410980249968072E-005  1.2704543272183584E-016  1.5427842091181474E-016 -1.6237563082857010E-016 -1.1711503453670916E-016 -7.9780048302771595E-017  1.1122217589307736E-017  2.1853842864742280E-016  2.5839362704152467E-016 -2.6903829469831133E-016 -2.1410893221382681E-016 -1.3658932607401545E-016  6.7334373361504909E-018  1.9844044447522867E-016 -1.3595621761979039E-016 -5.0736024725864899E-004  1.4756318447744803E-016  9.7006914141635160E-016 -6.6463879181291991E-016 -2.5188407990179977E-003  3.4988683500453105E-016  4.3154448969025947E-016 -4.4998397633670976E-016 -3.6183604279672865E-016 -2.2315193740795002E-016  5.7794515133549434E-018 -8.5294427016307613E-019 -7.4819832925540076E-019 -1.0631785348397781E-017  3.9066590941113754E-019 -1.2171812187438906E-019  3.7282785724496212E-019 -1.7596401917348035E-018 -1.3060583876756974E-017 -1.3620653914742212E-018 -2.6528549189649487E-017  2.7005153982324407E-016 -2.1216404715702967E-016  5.7115169776658229E-017
-2.4648841389165681E-018 -1.2913243948878028E-017  8.8543685579592612E-018  3.0530266429171796E-005 -1.1064052720134992E-004  6.9790460765840150E-019  5.4204575604564238E-017 -7.2155214882711023E-017  5.0216223536874886E-015  1.5204219763175471E-016  4.0465714532279303E-016 -2.9720474124982451E-015  3.1301484833108636E-016 -1.9118182988230707E-015  8.7720760767767146E-015  2.4607604603988820E-016  7.0999373919049179E-016 -5.0666262945866258E-015  5.4613408112189749E-016 -3.1873977119454202E-015  4.1730678956999231E-017  6.2624283009612307E-016 -1.1989061963096646E-015 -3.3581676425865296E-003  1.9854593639598252E-016  3.2120914336385312E-015 -5.9478978736388843E-015  1.4671205894760070E-014  4.1482366890630414E-016  1.1662902455274028E-015 -8.0717288943546512E-015  8.9859890480655301E-016 -4.9726368944584612E-015  3.1063501853619046E-020  9.9222887354127309E-019 -1.9866860115517011E-019  1.4661164732130132E-018  1.4117299973270273E-020  6.1510975382698560E-019  4.8283442070625300E-018 -2.1756019333520112E-019  2.6955115927843428E-019  3.8150001318377295E-018 -6.8385540490694821E-003  5.3273905228645047E-003 -1.4351006419609077E-003
-2.4704573206588736E-017  8.2829266037773358E-017 -3.2081553329488505E-017 -1.1064052720134992E-004  4.0095707280484171E-004  2.3761071360056115E-016 -4.5367296542687698E-016  2.6144248212672286E-016 -6.1008641135985795E-015 -1.3195138754231521E-017 -1.1194891001548336E-015  2.2045964694757012E-015 -6.5209794722728828E-016  3.3970427987638774E-015 -1.1049528621931350E-014  3.0257343187335371E-017 -1.9781247913285575E-015  3.6753568863814292E-015 -1.1523686772876139E-015  5.4967706882125535E-015  3.8551329195719257E-015 -6.5610930736228671E-015  4.3440351580738371E-015  1.2169872125690687E-002  1.9170469294030146E-014 -3.2946639456798503E-014  2.1551205917940209E-014 -1.8904214419877258E-014  1.9927213844308525E-017 -3.2438460068222876E-015  4.9898422462504773E-015 -1.8905754585081406E-015  8.0187653530370877E-015 -1.1257295198166448E-019 -3.5957997919983717E-018  7.1996747296899738E-019 -5.3131504734591037E-018 -5.1160559481918640E-020 -2.2291344101074410E-018 -1.7497736216182025E-017  7.8842988626687500E-019 -9.7684317439968054E-019 -1.3825415734237969E-017  2.4782660414683407E-002 -1.9306261130233884E-002  5.2007502778238218E-003
-3.0410980249982333E-005  1.1567888648338548E-017  1.2523495410171476E-017  6.9790460765840150E-019  2.3761071360056115E-016  2.1710740655688009E-004 -1.9233910753642828E-017 -3.0747445262315287E-017  3.6323342487114536E-017  2.2477294297441682E-016  1.1204859122720135E-016 -1.8051906046930760E-016  1.2095335979742617E-016 -4.9303024571762247E-017  1.1701915843645432E-016  3.5064074490658450E-016  1.7169926396582031E-016 -2.3772964919524057E-016  2.1198605695856824E-016 -1.6289892964006222E-017  3.6221018384470826E-003 -1.3710151398790723E-016 -8.2114075611160728E-017  3.7278564970928068E-016  1.7982287611562325E-002 -7.0862524603583798E-016 -4.4984547514725709E-016  2.0066596866000845E-016  6.0972371006490728E-016  2.9387476485789761E-016 -4.1064652434762057E-016  3.3695137519283067E-016 -3.6010672159633711E-017  1.5022409916766224E-016  8.7079541436256485E-019  5.1687150791420009E-018  5.9257856251766658E-017 -3.4500762560581978E-019  9.2138719806274054E-017  1.5386590887429760E-018  7.7497011073782717E-019 -5.9039406548409302E-019 -3.5168163452170048E-018  3.6073363817417220E-016 -3.6006165043773150E-016  9.5787420025447995E-017
 2.1582133112637183E-017 -3.0410980249987479E-005 -7.1165797434822091E-018  5.4204575604564238E-017 -4.5367296542687698E-016 -1.9233910753642828E-017  2.1710740655690979E-004  2.0564499936929941E-017  1.8252878566370475E-016  2.8332303414092298E-017 -3.2321831071506219E-016  3.0925555300801319E-017 -1.0032897359377635E-016  5.9885733761645080E-017  2.5031048278453994E-016  1.3625063234029364E-017 -4.9835124645107431E-016 -4.0693462332743382E-017 -1.7526603650146451E-016  1.3375760787385620E-017 -1.8071641070651111E-016  3.6221018384472370E-003 -1.1593198301316869E-016 -1.8408973371258359E-015 -8.9144808153776489E-016  1.7982287611563532E-002 -5.5896507487546084E-016  3.6214881299988937E-016  4.9534915211819282E-017 -8.5277150342191874E-016 -8.8087810278428104E-017 -2.8882501571397149E-016 -1.3911177313297940E-017  6.1590800430396200E-019  7.6332034521325973E-017  2.9004007935032087E-018  1.4030524838103441E-018 -8.6670347303086076E-019  7.6867021861501181E-019  2.3658914637064584E-016  3.3912981166358778E-018  1.0149202245061981E-016  6.0811432633366319E-018 -3.4822803653536292E-015  2.7776420614887528E-015 -7.4421617982829919E-016
 3.1642024761395596E-017  6.1339084687855642E-018 -3.0410980249968072E-005 -7.2155214882711023E-017  2.6144248212672286E-016 -3.0747445262315287E-017  2.0564499936929941E-017  2.1710740655688846E-004 -7.9163702852813972E-017  8.1617673908951339E-017  2.8441888176013367E-016  2.7386416680128960E-018  3.1071256022008939E-016 -7.3871929390980710E-017 -1.4090643108627432E-016  1.8353433247839086E-016  4.2090140681928797E-016  9.9801460219350020E-017  5.3134948460988554E-016 -3.8588468160738697E-017 -4.3808862165919230E-016  4.6583873200097717E-016  3.6221018384470722E-003 -6.9800451058602599E-017 -2.0673594095257169E-015  2.2396976264413610E-015  1.7982287611562679E-002 -1.5319138248806313E-016  2.6989467545067321E-016  7.3475807082822544E-016  2.2283292323960342E-016  8.5996642026863692E-016 -2.5594957124162714E-017  6.0892650257171503E-018  5.3414719788497226E-018  7.5901510740109632E-017 -2.7890078427208492E-018  8.6895935461192645E-019 -2.6616599830894790E-018  1.2562269133046234E-017  9.3240976459626211E-017  9.7239379419144639E-018  1.8939029478629285E-016  7.5211269020826142E-017 -4.5828706083390477E-017  1.2616030514997982E-017
 1.4880463524590158E-016 -7.3621183567384947E-017  1.2704543272183584E-016  5.0216223536874886E-015 -6.1008641135985795E-015  3.6323342487114536E-017  1.8252878566370475E-016 -7.9163702852813972E-017  9.5640148347813619E-002 -7.1956976512241319E-017  4.8323973531729424E-016 -4.7820074173905942E-002  1.1595427775181871E-016 -4.7820074173899260E-002  1.6396960479969505E-001 -2.3866002918258841E-016  5.7276078091502660E-016 -8.1984802399842002E-002  2.1518585005630989E-016 -8.1984802399847193E-002 -1.1017525364459735E-015  1.3438710866376503E-015 -1.7902988073851200E-016 -1.3552646580481987E-014 -5.2111225966173854E-015  6.9159794702465262E-015 -1.7743228321325100E-015  2.7088540913951958E-001 -2.7180995558493655E-016  1.0500899769626286E-015 -1.3544270456974919E-001  7.4562811870949179E-016 -1.3544270456975457E-001  1.0824660211102141E-017  1.6935461542485845E-017 -2.8739015557930884E-017 -1.9233680476559541E-017  6.2622145717149361E-018  3.3332935319206486E-018  2.2553301084040963E-017 -1.3810710002559017E-017  2.5001361945828047E-017 -8.8022048098298525E-017 -7.4338019077901638E-015  8.7520868485874108E-015 -1.9768505876887019E-015
-1.4200979102057980E-016  6.9395884728525813E-018  1.5427842091181474E-016  1.5204219763175471E-016 -1.3195138754231521E-017  2.2477294297441682E-016  2.8332303414092298E-017  8.1617673908951339E-017 -7.1956976512241319E-017  9.5640148347801615E-002  4.9991247153138966E-016 -4.1775680959764824E-016 -1.8184694049840303E-016  1.0754497575578297E-016 -2.3019878680502355E-016  1.6396960479968450E-001 -2.2622882876838810E-016  1.9950693562248459E-016  1.3596882660513900E-017 -2.4615358988015394E-016  5.3698483206764531E-017  1.7815576518050239E-016 -7.0554129493296545E-016 -2.1481396354634709E-017  1.0901651281507184E-015  9.1395466732758315E-016 -1.5556069216573400E-015  1.0597572329732841E-016  2.7088540913950343E-001  2.2174800169465685E-016 -2.7182952438184476E-016 -3.1265959213421221E-017 -3.9104823580983715E-016 -2.1261411134833938E-018  4.8144461103379307E-017  1.5777743074977935E-016 -2.1334889855427814E-017  4.7830603311544771E-018  2.1580291080993007E-017  4.3578078374015000E-017  1.5635094715662977E-016  5.2662382064477251E-017  2.8098387306598978E-016 -1.4133821650764062E-015  8.9918663692398159E-016 -2.4660725347270591E-016
-1.7077289757785027E-016  3.2442551585447337E-016 -1.6237563082857010E-016  4.0465714532279303E-016 -1.1194891001548336E-015  1.1204859122720135E-016 -3.2321831071506219E-016  2.8441888176013367E-016  4.8323973531729424E-016  4.9991247153138966E-016  9.5640148347799311E-002  6.2925359511926124E-016  6.1948126630325798E-017  1.8015408980898769E-016  5.8720584869469818E-016  6.3196152038920971E-016  1.6396960479968242E-001  6.2237368463542342E-016  9.9520307196909589E-017 -4.1419359983418141E-016  1.4716724075153946E-016 -6.9446203324625584E-018  1.1785386359382921E-016  6.5650565432722115E-016  7.3701047134871888E-016 -1.9665060010140665E-015  2.3106534184684494E-015  5.1604291109923169E-016  1.0874716930970715E-015  2.7088540913950138E-001  7.5687991761267714E-016  1.7825078902335218E-016 -7.7362468912666953E-016 -2.7273231410477759E-017 -8.2507377345926886E-017  7.7312428618338128E-017  1.4659900907925438E-017  3.1136400361922657E-018  1.7859482591414107E-017 -2.1035183475799855E-016  6.8111285177133763E-017 -1.1544705134347878E-016  1.6745740107884163E-016  1.7393246211680176E-015 -1.1933207409952872E-015  3.2512971300989181E-016
 4.2129847622909814E-017  3.2099462386736163E-017 -1.1711503453670916E-016 -2.9720474124982451E-015  2.2045964694757012E-015 -1.8051906046930760E-016  3.0925555300801319E-017  2.7386416680128960E-018 -4.7820074173905942E-002 -4.1775680959764824E-016  6.2925359511926124E-016  9.5640148347813092E-002  1.2716746929509304E-015 -4.7820074173904256E-002 -8.1984802399844944E-002 -7.8236931016835027E-016  7.9339651165365812E-016  1.6396960479969294E-001  1.6615865169480515E-015 -8.1984802399846290E-002 -1.0657573900976823E-015  1.5756617793382076E-015 -1.4274806941526028E-015 -1.3185912514915532E-014 -5.4855292633304579E-015  7.8267585731558677E-015 -5.7307192216104796E-015 -1.3544270456975319E-001 -1.1763111346417565E-015  1.5553676299902005E-015  2.7088540913951537E-001  2.5596766205613673E-015 -1.3544270456975305E-001 -4.5428349817308520E-018 -1.0865409053894120E-017  8.8753784632087399E-017  2.0632452381908834E-018 -1.0826507790353017E-017  4.9010859390822272E-018 -1.3417622582974384E-017  8.0610278307853068E-017  2.5382693078979289E-017  4.8035918384868650E-017 -1.9840365977673947E-014  1.6147131844261005E-014 -4.1119940033579269E-015
-1.2163823938547611E-016  7.1207383701628558E-017 -7.9780048302771595E-017  3.1301484833108636E-016 -6.5209794722728828E-016  1.2095335979742617E-016 -1.0032897359377635E-016  3.1071256022008939E-016  1.1595427775181871E-016 -1.8184694049840303E-016  6.1948126630325798E-017  1.2716746929509304E-015  9.5640148347797632E-002  8.9401066084607498E-017  1.4332679528007438E-016 -3.8402215538005064E-016  2.8517549977481537E-017  5.0104699578640033E-016  1.6396960479968095E-001 -1.4487484486587002E-016 -3.0413384546487291E-017  5.7586111296494503E-018 -1.8210396542559935E-016  1.6860878276487530E-016 -3.4045633841842117E-017  1.4059368834447285E-016  5.2213340620058905E-016  1.6925040161740631E-016 -6.3603493906615277E-016  6.9108548501511036E-018  7.5475945388363260E-016  2.7088540913949860E-001 -3.4578440304450263E-016 -1.4061583682038646E-017  1.2050656487710013E-017  2.7231447820222673E-017  1.7828934942921913E-017  3.0476257435829416E-018  1.1455232461397303E-018  6.0590827945461644E-017  6.5350295035598397E-017 -4.1834014873411344E-019  9.1115157732061516E-017  7.3213869307896083E-016 -5.3001412761247781E-016  1.3925503060317478E-016
-1.6383044928686142E-016  3.2340379280920650E-018  1.1122217589307736E-017 -1.9118182988230707E-015  3.3970427987638774E-015 -4.9303024571762247E-017  5.9885733761645080E-017 -7.3871929390980710E-017 -4.7820074173899260E-002  1.0754497575578297E-016  1.8015408980898769E-016 -4.7820074173904256E-002  8.9401066084607498E-017  9.5640148347792178E-002 -8.1984802399835632E-002  3.6548516460704751E-016  8.4924925875075571E-016 -8.1984802399845944E-002  6.5854325361737242E-016  1.6396960479967407E-001 -1.0607178076318693E-015  1.6407242108689202E-015 -9.0096263623209332E-016  1.1586057887552273E-014 -5.3302082839003466E-015  7.8971152782389139E-015 -4.9435600209125016E-015 -1.3544270456974247E-001  3.6548311665402730E-016  1.0546646556785119E-015 -1.3544270456975782E-001  8.7656755798395355E-016  2.7088540913947540E-001 -6.2818252295080156E-018 -6.0700524884954874E-018 -6.0014769074205221E-017  1.7170435238324268E-017  4.5642932186366178E-018 -8.2343794710782914E-018 -9.1356785007572960E-018 -6.6799568305348591E-017 -5.0384055024680353E-017  3.9986129713321954E-017 -3.5823019269290563E-015 -8.6132067112114789E-016 -3.8652130043723442E-016
 2.4744880023207531E-016 -1.1744727473172390E-016  2.1853842864742280E-016  8.7720760767767146E-015 -1.1049528621931350E-014  1.1701915843645432E-016  2.5031048278453994E-016 -1.4090643108627432E-016  1.6396960479969505E-001 -2.3019878680502355E-016  5.8720584869469818E-016 -8.1984802399844944E-002  1.4332679528007438E-016 -8.1984802399835632E-002  2.8111657878647367E-001 -5.9268797442688480E-016  5.7097045437152902E-016 -1.4055828939322557E-001  2.7464608559005746E-016 -1.4055828939323806E-001 -9.7555888974028749E-016  1.2591932990422044E-015 -3.9343622673975190E-016 -4.1141240637301616E-014 -4.3998392095841617E-015  6.6700528339843107E-015 -3.4714119973404747E-015  4.6441765565941967E-001 -7.6678001503650652E-016  1.1155946214277385E-015 -2.3220882782968869E-001  1.1225779897090521E-015 -2.3220882782970392E-001  1.8558265410193642E-017  2.9034887379320325E-017 -4.9271410644712804E-017 -3.2975053270659658E-017  1.0736211373917964E-017  5.7147425276387704E-018  3.8666354345520544E-017 -2.3677678257960351E-017  4.2863415715338036E-017 -1.5090880440553509E-016 -4.9208505742386109E-014  4.3410995094670338E-014 -1.1041260537826369E-014
-2.3860441633520799E-016  1.6792965719042962E-017  2.5839362704152467E-016  2.4607604603988820E-016  3.0257343187335371E-017  3.5064074490658450E-016  1.3625063234029364E-017  1.8353433247839086E-016 -2.3866002918258841E-016  1.6396960479968450E-001  6.3196152038920971E-016 -7.8236931016835027E-016 -3.8402215538005064E-016  3.6548516460704751E-016 -5.9268797442688480E-016  2.8111657878647284E-001 -7.7364428859616670E-016  2.2881708871941401E-016 -1.0047868359717881E-016 -1.1198991843922458E-016 -4.8718167126778916E-016 -2.7763319734140622E-016 -4.8212066076728459E-016  1.5681778303570408E-015 -1.0066920086577713E-015 -1.3277917365454968E-015  9.4469644804925722E-016 -1.4361115892157108E-016  4.6441765565942045E-001 -2.5682656979607354E-016 -6.5302401654600869E-016 -2.5292537133892010E-016 -1.5845946960895239E-016 -3.6451482369164729E-018  8.2540945374801161E-017  2.7050044791097279E-016 -3.6577457463978913E-017  8.2002854008591627E-018  3.6998183933624254E-017  7.4712141421281677E-017  2.6805482277276222E-016  9.0286664377799981E-017  4.8173089876619253E-016  8.4526282134394183E-016 -1.0045746476944708E-015  2.6309949799789234E-016
-2.8992270397685790E-016  5.4839468458355606E-016 -2.6903829469831133E-016  7.0999373919049179E-016 -1.9781247913285575E-015  1.7169926396582031E-016 -4.9835124645107431E-016  4.2090140681928797E-016  5.7276078091502660E-016 -2.2622882876838810E-016  1.6396960479968242E-001  7.9339651165365812E-016  2.8517549977481537E-017  8.4924925875075571E-016  5.7097045437152902E-016 -7.7364428859616670E-016  2.8111657878647234E-001  5.7806739507021061E-016  3.3437652695763782E-017  2.1829395184506319E-016 -8.8060725965537399E-017  9.1883378250853616E-016 -9.1104338370380597E-016 -6.5989634875168136E-016 -4.2624137274306545E-016  1.2492888179289826E-015 -1.5645982166257188E-015  1.6352526307078012E-016 -1.2031596980381515E-015  4.6441765565942217E-001  4.8597434735947458E-016  8.3439889937899293E-017  2.0525877538113159E-016 -4.6758406937275901E-017 -1.4145421447142175E-016  1.3254776979799438E-016  2.5133567856182020E-017  5.3381590790330095E-018  3.0619069010547334E-017 -3.6063627890582567E-016  1.1677293172190257E-016 -1.9792741553722499E-016  2.8709620750296436E-016 -6.5388281300864181E-016  7.8653469208501472E-016 -2.0558396432951177E-016
 6.2177557846916549E-017  6.8159487808824192E-017 -2.1410893221382681E-016 -5.0666262945866258E-015  3.6753568863814292E-015 -2.3772964919524057E-016 -4.0693462332743382E-017  9.9801460219350020E-017 -8.1984802399842002E-002  1.9950693562248459E-016  6.2237368463542342E-016  1.6396960479969294E-001  5.0104699578640033E-016 -8.1984802399845944E-002 -1.4055828939322557E-001  2.2881708871941401E-016  5.7806739507021061E-016  2.8111657878646790E-001 -3.7756056843666880E-017 -1.4055828939323950E-001 -6.2997521698659681E-016  1.1379164384716120E-015 -8.6063427688625109E-016 -2.5772175672838351E-014 -3.4609826779604715E-015  5.6565484379227094E-015 -1.9476599281768705E-015 -2.3220882782968721E-001  5.7698824174069609E-016  1.3697373831072623E-015  4.6441765565940885E-001 -3.7572410712624975E-016 -2.3220882782970620E-001 -7.7884326769408043E-018 -1.8628126987817024E-017  1.5216332515168601E-016  3.5373168293546958E-018 -1.8561432979892578E-017  8.4026336053030733E-018 -2.3003752192953417E-017  1.3820174587002359E-016  4.3517186294742912E-017  8.2354855046029120E-017 -4.0461748770956104E-014  3.2705364989403549E-014 -8.4026208509756654E-015
-2.0918876945481079E-016  1.2253733508611536E-016 -1.3658932607401545E-016  5.4613408112189749E-016 -1.1523686772876139E-015  2.1198605695856824E-016 -1.7526603650146451E-016  5.3134948460988554E-016  2.1518585005630989E-016  1.3596882660513900E-017  9.9520307196909589E-017  1.6615865169480515E-015  1.6396960479968095E-001  6.5854325361737242E-016  2.7464608559005746E-016 -1.0047868359717881E-016  3.3437652695763782E-017 -3.7756056843666880E-017  2.8111657878647234E-001  6.1736392970620702E-016  2.4908654100717476E-017 -4.4476999219337007E-017 -3.3472224478272560E-016 -7.5454787816495619E-016  3.2415649380524345E-016 -2.8785187378969804E-017  7.8338844984037388E-016  3.2702046920162879E-016 -1.6812533014803351E-016 -1.1161825418444957E-017 -1.7321474934171018E-016  4.6441765565942145E-001  8.4022578064669705E-016 -2.4107786939189877E-017  2.0660166425933408E-017  4.6686771343844554E-017  3.0566696801423449E-017  5.2249813220217925E-018  1.9639345735384703E-018  1.0387953473862851E-016  1.1203937086716477E-016 -7.1722043561117046E-019  1.5621176527515109E-016 -8.7000783942136718E-016  7.4691450549288554E-016 -2.0724151284872520E-016
-2.9043624370332855E-016  1.8052422023460467E-017  6.7334373361504909E-018 -3.1873977119454202E-015  5.4967706882125535E-015 -1.6289892964006222E-017  1.3375760787385620E-017 -3.8588468160738697E-017 -8.1984802399847193E-002 -2.4615358988015394E-016 -4.1419359983418141E-016 -8.1984802399846290E-002 -1.4487484486587002E-016  1.6396960479967407E-001 -1.4055828939323806E-001 -1.1198991843922458E-016  2.1829395184506319E-016 -1.4055828939323950E-001  6.1736392970620702E-016  2.8111657878646468E-001 -6.8010575061326323E-016  1.3231804897756701E-015 -7.5491470293965197E-017  9.9304317854053518E-015 -3.4864662684291451E-015  6.1431524372527067E-015 -1.1816717528204937E-015 -2.3220882782971591E-001 -5.9155552419939790E-016 -2.3714314793007885E-016 -2.3220882782971550E-001  6.4848090332067613E-016  4.6441765565938875E-001 -1.0769832733348283E-017 -1.0406760391410459E-017 -1.0289191450700138E-016  2.9437736441293523E-017  7.8252216059737791E-018 -1.4117376132987066E-017 -1.5662602152248109E-017 -1.1452406761209382E-016 -8.6380602009972487E-017  6.8553949359505567E-017 -2.6369580606246297E-014  1.4281334144134379E-014 -4.9075883339267422E-015
-5.0736024725890790E-004  1.7334250193748140E-016  1.9844044447522867E-016  4.1730678956999231E-017  3.8551329195719257E-015  3.6221018384470826E-003 -1.8071641070651111E-016 -4.3808862165919230E-016 -1.1017525364459735E-015  5.3698483206764531E-017  1.4716724075153946E-016 -1.0657573900976823E-015 -3.0413384546487291E-017 -1.0607178076318693E-015 -9.7555888974028749E-016 -4.8718167126778916E-016 -8.8060725965537399E-017 -6.2997521698659681E-016  2.4908654100717476E-017 -6.8010575061326323E-016  6.0429176213500205E-002  5.3023066638725120E-017 -1.1845198629280551E-016  2.9099182531201639E-015  3.0000670198351659E-001 -2.0495202040212479E-016 -1.2991628736571296E-015 -1.4891306630896054E-015 -2.9685388426150527E-016  2.5017824101076628E-017 -1.3394838580155225E-015 -1.8006310993951246E-016 -1.2753692754750540E-015  2.5062571305308773E-015  1.4527876875811204E-017  8.6232029977610034E-017  9.8862583030176022E-016 -5.7559194999543933E-018  1.5371922666997085E-015  2.5670151021100034E-017  1.2929179650605086E-017 -9.8498133430692609E-018 -5.8672650332365222E-017 -7.2103078929019140E-016 -7.5699200175119887E-016  1.8379040419861166E-016
 3.3431379421732727E-016 -5.0736024725894595E-004 -1.3595621761979039E-016  6.2624283009612307E-016 -6.5610930736228671E-015 -1.3710151398790723E-016  3.6221018384472370E-003  4.6583873200097717E-016  1.3438710866376503E-015  1.7815576518050239E-016 -6.9446203324625584E-018  1.5756617793382076E-015  5.7586111296494503E-018  1.6407242108689202E-015  1.2591932990422044E-015 -2.7763319734140622E-016  9.1883378250853616E-016  1.1379164384716120E-015 -4.4476999219337007E-017  1.3231804897756701E-015  5.3023066638725120E-017  6.0429176213497068E-002  1.2016572569858346E-016 -1.2555227940867869E-016  3.5224291796183758E-016  3.0000670198350832E-001  8.6567281402823628E-016  1.2231209700616620E-015 -7.7812511041302770E-018  1.0262599940032396E-015  1.5318686416157672E-015 -6.1422209517633008E-017  1.5852085226148604E-015  1.0275474015884629E-017  1.2734821301438967E-015  4.8388708671897766E-017  2.3407764210583299E-017 -1.4459609153088745E-017  1.2824075678370958E-017  3.9471245850893559E-015  5.6578572503848221E-017  1.6932376786959381E-015  1.0145448533206322E-016  4.1906807308686577E-015 -2.1824515399511308E-015  6.5513488319869673E-016
 4.6755166816866973E-016  1.6658009362529610E-016 -5.0736024725864899E-004 -1.1989061963096646E-015  4.3440351580738371E-015 -8.2114075611160728E-017 -1.1593198301316869E-016  3.6221018384470722E-003 -1.7902988073851200E-016 -7.0554129493296545E-016  1.1785386359382921E-016 -1.4274806941526028E-015 -1.8210396542559935E-016 -9.0096263623209332E-016 -3.9343622673975190E-016 -4.8212066076728459E-016 -9.1104338370380597E-016 -8.6063427688625109E-016 -3.3472224478272560E-016 -7.5491470293965197E-017 -1.1845198629280551E-016  1.2016572569858346E-016  6.0429176213497526E-002 -1.7026230849658483E-015  1.2032490083883222E-015 -6.4118112757163546E-016  3.0000670198351004E-001  6.7790455515999411E-016 -1.3522545889542639E-015 -8.4760134224300584E-016 -4.5489692857242072E-016 -8.5073681715795955E-016  5.1184160801027355E-016  1.0158998439662718E-016  8.9114212091614956E-017  1.2662995056348861E-015 -4.6530289292045931E-017  1.4497245053918083E-017 -4.4405686894445844E-017  2.0958206282955381E-016  1.5555817169439306E-015  1.6222888963062064E-016  3.1596846271096985E-015  1.5897896388049215E-016  8.9075984735847318E-017 -1.9480494087365344E-017
 2.0815398571244916E-016  8.4310115229265257E-016  1.4756318447744803E-016 -3.3581676425865296E-003  1.2169872125690687E-002  3.7278564970928068E-016 -1.8408973371258359E-015 -6.9800451058602599E-017 -1.3552646580481987E-014 -2.1481396354634709E-017  6.5650565432722115E-016 -1.3185912514915532E-014  1.6860878276487530E-016  1.1586057887552273E-014 -4.1141240637301616E-014  1.5681778303570408E-015 -6.5989634875168136E-016 -2.5772175672838351E-014 -7.5454787816495619E-016  9.9304317854053518E-015  2.9099182531201639E-015 -1.2555227940867869E-016 -1.7026230849658483E-015  3.6938065843210821E-001  1.5395857326615748E-014 -1.1957846271279021E-014 -8.9139519151095989E-015 -8.7692422112702976E-014  1.6783403535332168E-015 -3.5844900037928602E-016 -7.5418310110566628E-014 -8.4616921916469821E-016 -1.5833064946829252E-014 -3.4168207155343320E-018 -1.0913992201332745E-016  2.1852494129280522E-017 -1.6126504863703764E-016 -1.5528282427864735E-018 -6.7658815776248563E-017 -5.3109229560504921E-016  2.3930469233312234E-017 -2.9649200185033397E-017 -4.1962981322625218E-016  7.5220473371699970E-001 -5.8598474778495491E-001  1.5785347143526421E-001
-2.5188407990192263E-003  8.5981700563300623E-016  9.7006914141635160E-016  1.9854593639598252E-016  1.9170469294030146E-014  1.7982287611562325E-002 -8.9144808153776489E-016 -2.0673594095257169E-015 -5.2111225966173854E-015  1.0901651281507184E-015  7.3701047134871888E-016 -5.4855292633304579E-015 -3.4045633841842117E-017 -5.3302082839003466E-015 -4.3998392095841617E-015 -1.0066920086577713E-015 -4.2624137274306545E-016 -3.4609826779604715E-015  3.2415649380524345E-016 -3.4864662684291451E-015  3.0000670198351659E-001  3.5224291796183758E-016  1.2032490083883222E-015  1.5395857326615748E-014  1.4894133409503465E+000 -5.4790711323253209E-016  2.5055630342596054E-015 -6.6603868592974601E-015  8.5887958873151368E-016  1.4228502410543854E-016 -7.2008066740689936E-015 -5.6271432317491975E-016 -6.5134453572225338E-015  1.2442564720669870E-014  7.2125100844272352E-017  4.2810755565371007E-016  4.9081320221321490E-015 -2.8575839259548281E-017  7.6315450771297841E-015  1.2744203760201535E-016  6.4188208236185831E-017 -4.8900385564859144E-017 -2.9128625319414438E-016 -1.6465281864631241E-015 -5.2640930386759405E-015  1.3181157199156063E-015
 1.6636742568768584E-015 -2.5188407990194765E-003 -6.6463879181291991E-016  3.2120914336385312E-015 -3.2946639456798503E-014 -7.0862524603583798E-016  1.7982287611563532E-002  2.2396976264413610E-015  6.9159794702465262E-015  9.1395466732758315E-016 -1.9665060010140665E-015  7.8267585731558677E-015  1.4059368834447285E-016  7.8971152782389139E-015  6.6700528339843107E-015 -1.3277917365454968E-015  1.2492888179289826E-015  5.6565484379227094E-015 -2.8785187378969804E-017  6.1431524372527067E-015 -2.0495202040212479E-016  3.0000670198350832E-001 -6.4118112757163546E-016 -1.1957846271279021E-014 -5.4790711323253209E-016  1.4894133409503416E+000 -1.8925520302153452E-015  6.7639548972139931E-015  4.4873702767630961E-017 -3.7719149970803646E-016  7.6170898172236105E-015  1.2298061038972359E-017  7.1663039309261280E-015  5.1013620637989017E-017  6.3223296731632537E-015  2.4023059408598572E-016  1.1621019152758325E-016 -7.1786178892503533E-017  6.3666409031654639E-017  1.9595895613519798E-014  2.8088999393013557E-016  8.4062481650431665E-015  5.0368096097105174E-016 -2.2765185817568852E-015  7.1460756604793083E-015 -1.5912868318441239E-015
 2.3270843031554759E-015  8.2478275187326279E-016 -2.5188407990179977E-003 -5.9478978736388843E-015  2.1551205917940209E-014 -4.4984547514725709E-016 -5.5896507487546084E-016  1.7982287611562679E-002 -1.7743228321325100E-015 -1.5556069216573400E-015  2.3106534184684494E-015 -5.7307192216104796E-015  5.2213340620058905E-016 -4.9435600209125016E-015 -3.4714119973404747E-015  9.4469644804925722E-016 -1.5645982166257188E-015 -1.9476599281768705E-015  7.8338844984037388E-016 -1.1816717528204937E-015 -1.2991628736571296E-015  8.6567281402823628E-016  3.0000670198351004E-001 -8.9139519151095989E-015  2.5055630342596054E-015 -1.8925520302153452E-015  1.4894133409503472E+000  8.5745683423641391E-016 -1.1984876952699398E-015  6.7935959318213299E-016  1.5827013512584132E-015 -1.8406577276344140E-016  1.2080744918453406E-015  5.0435365965784976E-016  4.4241643763287307E-016  6.2866708138910082E-015 -2.3100428480982696E-016  7.1973026094326656E-017 -2.2045648326313704E-016  1.0404911568255344E-015  7.7228413459979607E-015  8.0540158238428539E-016  1.5686571018908715E-014 -1.4973274031504230E-016  1.1737289984558005E-015 -2.9376609049731419E-016
 4.0776809798002794E-016 -1.8683198091154804E-016  3.4988683500453105E-016  1.4671205894760070E-014 -1.8904214419877258E-014  2.0066596866000845E-016  3.6214881299988937E-016 -1.5319138248806313E-016  2.7088540913951958E-001  1.0597572329732841E-016  5.1604291109923169E-016 -1.3544270456975319E-001  1.6925040161740631E-016 -1.3544270456974247E-001  4.6441765565941967E-001 -1.4361115892157108E-016  1.6352526307078012E-016 -2.3220882782968721E-001  3.2702046920162879E-016 -2.3220882782971591E-001 -1.4891306630896054E-015  1.2231209700616620E-015  6.7790455515999411E-016 -8.7692422112702976E-014 -6.6603868592974601E-015  6.7639548972139931E-015  8.5745683423641391E-016  7.6723955527367593E-001  1.0817325418279381E-016  5.6544389801078345E-016 -3.8361977763679639E-001  1.6641418607450516E-015 -3.8361977763683480E-001  3.0659117125411772E-017  4.7966983616710512E-017 -8.1398660731506350E-017 -5.4476320825012209E-017  1.7736720254860296E-017  9.4410203014057224E-018  6.3878614756750764E-017 -3.9116625122143918E-017  7.0812355237106067E-017 -2.4930835976626209E-016 -1.2146298689364077E-013  1.0300896871334577E-013 -2.6670159146171920E-014
-3.9845066919136376E-016  2.3957180504428910E-017  4.3154448969025947E-016  4.1482366890630414E-016  1.9927213844308525E-017  6.0972371006490728E-016  4.9534915211819282E-017  2.6989467545067321E-016 -2.7180995558493655E-016  2.7088540913950343E-001  1.0874716930970715E-015 -1.1763111346417565E-015 -6.3603493906615277E-016  3.6548311665402730E-016 -7.6678001503650652E-016  4.6441765565942045E-001 -1.2031596980381515E-015  5.7698824174069609E-016 -1.6812533014803351E-016 -5.9155552419939790E-016 -2.9685388426150527E-016 -7.7812511041302770E-018 -1.3522545889542639E-015  1.6783403535332168E-015  8.5887958873151368E-016  4.4873702767630961E-017 -1.1984876952699398E-015  1.0817325418279381E-016  7.6723955527368082E-001 -3.0007799963316583E-016 -7.4980750350027021E-016 -4.3272078131360809E-016 -9.3273988103590322E-016 -6.0219543294882807E-018  1.3636147861630343E-016  4.4687931396979302E-016 -6.0427660007571443E-017  1.3547252666651892E-017  6.1122719692619065E-017  1.2342793056872709E-016  4.4283902755832122E-016  1.4915776646349685E-016  7.9584183767982892E-016 -4.6151611519505056E-016 -2.1223423389716780E-016  4.4757905900328048E-017
-4.8039727822457542E-016  9.1010176598707011E-016 -4.4998397633670976E-016  1.1662902455274028E-015 -3.2438460068222876E-015  2.9387476485789761E-016 -8.5277150342191874E-016  7.3475807082822544E-016  1.0500899769626286E-015  2.2174800169465685E-016  2.7088540913950138E-001  1.5553676299902005E-015  6.9108548501511036E-018  1.0546646556785119E-015  1.1155946214277385E-015 -2.5682656979607354E-016  4.6441765565942217E-001  1.3697373831072623E-015 -1.1161825418444957E-017 -2.3714314793007885E-016  2.5017824101076628E-017  1.0262599940032396E-015 -8.4760134224300584E-016 -3.5844900037928602E-016  1.4228502410543854E-016 -3.7719149970803646E-016  6.7935959318213299E-016  5.6544389801078345E-016 -3.0007799963316583E-016  7.6723955527368748E-001  1.4952636864167114E-015  2.5499064181665104E-017 -6.4772341528225145E-016 -7.7247061791652775E-017 -2.3368893770532275E-016  2.1897507709508209E-016  4.1521822414435265E-017  8.8188869390898481E-018  5.0584125311067568E-017 -5.9578789667331168E-016  1.9291431131125606E-016 -3.2698529098260679E-016  4.7429628025788791E-016  4.0984703146824960E-016  1.3857614236794222E-016 -2.6931941003155457E-017
 1.0522838382636384E-016  1.1552461873344303E-016 -3.6183604279672865E-016 -8.0717288943546512E-015  4.9898422462504773E-015 -4.1064652434762057E-016 -8.8087810278428104E-017  2.2283292323960342E-016 -1.3544270456974919E-001 -2.7182952438184476E-016  7.5687991761267714E-016  2.7088540913951537E-001  7.5475945388363260E-016 -1.3544270456975782E-001 -2.3220882782968869E-001 -6.5302401654600869E-016  4.8597434735947458E-016  4.6441765565940885E-001 -1.7321474934171018E-016 -2.3220882782971550E-001 -1.3394838580155225E-015  1.5318686416157672E-015 -4.5489692857242072E-016 -7.5418310110566628E-014 -7.2008066740689936E-015  7.6170898172236105E-015  1.5827013512584132E-015 -3.8361977763679639E-001 -7.4980750350027021E-016  1.4952636864167114E-015  7.6723955527365595E-001 -8.0304685863723349E-016 -3.8361977763683386E-001 -1.2866852822068388E-017 -3.0774531699099909E-017  2.5138088635451465E-016  5.8438118317585154E-018 -3.0664350097788586E-017  1.3881541306403280E-017 -3.8003267935785424E-017  2.2831570838713332E-016  7.1892414624355917E-017  1.3605404874296967E-016 -1.3372289409950283E-013  1.0613043899215850E-013 -2.7916205525454337E-014
-3.4373227513077697E-016  2.0233615323858421E-016 -2.2315193740795002E-016  8.9859890480655301E-016 -1.8905754585081406E-015  3.3695137519283067E-016 -2.8882501571397149E-016  8.5996642026863692E-016  7.4562811870949179E-016 -3.1265959213421221E-017  1.7825078902335218E-016  2.5596766205613673E-015  2.7088540913949860E-001  8.7656755798395355E-016  1.1225779897090521E-015 -2.5292537133892010E-016  8.3439889937899293E-017 -3.7572410712624975E-016  4.6441765565942145E-001  6.4848090332067613E-016 -1.8006310993951246E-016 -6.1422209517633008E-017 -8.5073681715795955E-016 -8.4616921916469821E-016 -5.6271432317491975E-016  1.2298061038972359E-017 -1.8406577276344140E-016  1.6641418607450516E-015 -4.3272078131360809E-016  2.5499064181665104E-017 -8.0304685863723349E-016  7.6723955527368526E-001  7.9884781503951301E-016 -3.9827184656876093E-017  3.4131555308779636E-017  7.7128716461375876E-017  5.0497603987102549E-017  8.6319120235194963E-018  3.2445112075815211E-018  1.7161382015448233E-016  1.8509424874299461E-016 -1.1848814991117420E-018  2.5806909762730784E-016 -6.2196390849837185E-016  5.9877710619825927E-016 -1.7127213482316739E-016
-4.7853964548579164E-016  3.4867282458781398E-017  5.7794515133549434E-018 -4.9726368944584612E-015  8.0187653530370877E-015 -3.6010672159633711E-017 -1.3911177313297940E-017 -2.5594957124162714E-017 -1.3544270456975457E-001 -3.9104823580983715E-016 -7.7362468912666953E-016 -1.3544270456975305E-001 -3.4578440304450263E-016  2.7088540913947540E-001 -2.3220882782970392E-001 -1.5845946960895239E-016  2.0525877538113159E-016 -2.3220882782970620E-001  8.4022578064669705E-016  4.6441765565938875E-001 -1.2753692754750540E-015  1.5852085226148604E-015  5.1184160801027355E-016 -1.5833064946829252E-014 -6.5134453572225338E-015  7.1663039309261280E-015  1.2080744918453406E-015 -3.8361977763683480E-001 -9.3273988103590322E-016 -6.4772341528225145E-016 -3.8361977763683386E-001  7.9884781503951301E-016  7.6723955527359822E-001 -1.7792264303508181E-017 -1.7192451917464581E-017 -1.6998222562299338E-016  4.8632508993261135E-017  1.2927629842927794E-017 -2.3322561607878161E-017 -2.5875346820421513E-017 -1.8919908326496391E-016 -1.4270476986131119E-016  1.1325431102353160E-016 -1.0921427972988936E-013  7.4736679086607603E-014 -2.1884611624224054E-014
-2.1042405624527023E-017 -8.6272349941322245E-020 -8.5294427016307613E-019  3.1063501853619046E-020 -1.1257295198166448E-019  1.5022409916766224E-016  6.1590800430396200E-019  6.0892650257171503E-018  1.0824660211102141E-017 -2.1261411134833938E-018 -2.7273231410477759E-017 -4.5428349817308520E-018 -1.4061583682038646E-017 -6.2818252295080156E-018  1.8558265410193642E-017 -3.6451482369164729E-018 -4.6758406937275901E-017 -7.7884326769408043E-018 -2.4107786939189877E-017 -1.0769832733348283E-017  2.5062571305308773E-015  1.0275474015884629E-017  1.0158998439662718E-016 -3.4168207155343320E-018  1.2442564720669870E-014  5.1013620637989017E-017  5.0435365965784976E-016  3.0659117125411772E-017 -6.0219543294882807E-018 -7.7247061791652775E-017 -1.2866852822068388E-017 -3.9827184656876093E-017 -1.7792264303508181E-017  1.0412892677397270E-028  9.9247534557968791E-031  5.6813574399023562E-030  4.0921205651901738E-029 -2.1762195292572849E-031  6.3676826685736728E-029  2.1457108622334701E-030  3.1276039618365504E-030  1.8751194255847385E-031  2.8222936040619903E-030 -6.9579948433007934E-018  5.4204376422259007E-018 -1.4601658178963195E-018
