  0.14942446021913619       -6.4899877369578316E-009   2.5296928535630157E-008  -4.5410222938003044E-015  -9.5501812609241784E-017  -8.6367578847373961E-017  -2.5801734144316971E-017  -2.0190208294687561E-016  -2.7915363893058732E-017  -1.3564897475184283E-016  0.24326778906994545        8.7875349172388374E-009   1.0091128944114911E-008  -9.6059467667916003E-010  -8.1973015643474238E-010   3.4622008089308633E-009   1.9731027240275642E-009  -1.6394603744494978E-010  -6.8438134517332977E-010   8.9966744896117682E-010  -1.7240984895954160E-009  -3.8730018199286361E-010  -1.2955049633485800E-009  -8.5412358033490544E-015  -2.0839238351730355E-016  -9.4942167088716175E-017   1.5859482811108040E-016   9.4765426627525503E-017  -1.4440143256052780E-016   5.4951734876874806E-017  0.14272065174681489        1.7237264324784195E-009   1.0201161805914894E-008  -1.2842336101891433E-015  -8.6255162148741616E-016   7.4259804412930566E-016   1.0466983732989845E-015  -1.2445589854493222E-015   7.5804113114393408E-016 -0.22365643278683328       -3.7551630180076345E-009  -1.5389604853847970E-008   8.9749623717349715E-016   5.8395784456929764E-010  -7.9800763191739991E-010   1.8863204617823519E-009   4.6346628666598171E-011   3.1499660200496798E-010  -8.2981938429990068E-010   6.1689355979504332E-010  -7.3752117253430334E-010  -2.9642084709419427E-011  -8.5626461627276356E-010   4.1991487455211371E-015  -5.9509357044382948E-002  -9.9798888189318870E-010  -4.1113881487134935E-009  -1.1059342619856404E-015   1.6202283341883235E-016
  -6.4899877369578316E-009  0.14942447402821329       -1.4017456623819604E-008   1.2840469577005310E-015  -3.4139456013905141E-016   3.5480932154668163E-016  -9.9997621304813009E-017  -4.8961062327105717E-016  -1.2240001540663006E-016  -5.1519922819176269E-016  -1.3442306425848023E-008  0.24326779706166032       -8.4064412880712687E-010  -1.9784722032533106E-010   5.1633430482628419E-009  -1.0962785976775478E-009   1.2533501569490156E-009   2.6952835300144728E-009  -9.8791337862295202E-010  -3.7734966978226435E-009   1.0020363779160628E-009  -1.0065043181023377E-010   7.0241953703416264E-011  -1.8764708559846524E-015   5.7417486986304569E-016  -2.8469125995221738E-016   5.1126679240951170E-017   6.5706252682297789E-017  -1.2901405802718187E-016  -4.1938230199742702E-016  -8.0780907380891712E-009  0.14272065412663326       -1.7235850245423362E-009   3.2364480572994920E-015  -9.0950677232915605E-016  -4.1476296175539988E-016  -5.3526328396252391E-016  -9.8728041031633072E-016  -4.6893943261775598E-015   1.2364745853514948E-008 -0.22365643862776335        3.3380053046627955E-009   5.0458896784325930E-015  -1.7693469867005912E-010   2.8922524398181430E-009  -1.1144311060060613E-010   6.8170571164721328E-010   7.7070648834719428E-010  -4.4432382823036482E-010  -2.3715212634711401E-009  -4.1479746248117953E-011   2.8948135734449327E-010   1.1398128792436533E-010   4.0423193198335692E-015   3.2894317273341056E-009  -5.9509358595901105E-002   8.9479107134713433E-010  -5.1061618901688357E-015   1.5599674637842849E-015
   2.5296928535630157E-008  -1.4017456623819604E-008  0.14942442974675099       -6.7062279317960459E-016  -3.6524127087319690E-016   6.6822339300131718E-017  -1.9545212038198981E-016  -1.7262080045002411E-016  -1.3964307831917254E-016  -2.3587334046665980E-016   1.0811021435553465E-008  -1.2634533757787938E-008  0.24326777723785112        1.3084283667209894E-009   1.0985809385211512E-009   6.0365300737687653E-010   7.0964545577300726E-010  -2.6527630996074718E-009  -2.4650852098637817E-009  -1.8274971073619536E-010   1.8292795944396369E-009  -8.5339663444816007E-010  -1.8133743590327344E-009  -1.7082824796083978E-015  -4.2561333091685237E-016   9.4032362261701011E-017   1.2814337690694865E-016  -5.7353862193781985E-016  -2.9355806006591385E-016   2.1921832421193126E-017   1.0567788953060706E-008  -7.0549421456437765E-009  0.14272063815014965       -2.4237740561924398E-015   1.3138838000201111E-015  -6.3549520801313770E-016  -3.5540983901115877E-015  -2.8097905866051771E-015   6.6035830485157765E-016  -1.5944416807203252E-008   1.1988822860783384E-008 -0.22365641298644282        6.4762408339230419E-015   4.1807344836950412E-010   6.6933024844710962E-010   9.0276815314958025E-010  -6.5498993050049025E-012  -1.2925453906102076E-009  -5.5435489864953311E-010  -3.3384042326486292E-010   8.8571353640545003E-010  -2.2143681355184026E-010  -1.3330485511303020E-009   7.1021087910724808E-016  -4.2583628076349257E-009   3.1946852121464256E-009  -5.9509351753987430E-002  -3.1211745634275365E-015   9.8379983214203520E-016
  -4.5410222938003044E-015   1.2840469577005310E-015  -6.7062279317960459E-016  0.44676873652941645        1.0691527141697618E-008  -9.6651636870370360E-011   1.8859320270588324E-009  -1.0343986569061222E-008   4.5296753242402968E-009  -3.4775126685191420E-010   7.7250833179884590E-015   4.1662184257145813E-015   3.6737320738125477E-015  -5.4658364800414565E-016   2.7139883389006463E-017   5.4612160655083969E-016  -3.2101354641666882E-016   3.7455885901907131E-016   4.7608082765388752E-016   2.4051933388603535E-016   2.9001361328708463E-016   4.8452962875211787E-016   6.3811961348640161E-016  0.80058038926599406       -4.5353994786518851E-009   2.6381124454139987E-009  -5.7929457235612358E-009  -1.8341441741842470E-009   4.2465709709032706E-009   6.3695033364069110E-009  -4.3418831235143608E-015  -1.3788080369492544E-015  -9.6916884188082952E-016  -6.3858766963920173E-010   1.8911255216681406E-010  -4.1329343267684500E-009  -8.0742556605499307E-009   1.3527592153686494E-008   8.7128271527065551E-009   1.5775169785111647E-014  -2.4187229503035555E-014  -5.3785340115902110E-016 -0.30862055341137951       -6.3286428141451031E-019  -1.0087119676653959E-016   3.5068151831925535E-016   1.5325088031357989E-016  -4.8409630882747767E-016  -5.0656415086426706E-017   3.6733758009817484E-016  -1.3351194621482077E-016   2.5671625834220579E-016   1.9876382426472558E-016 -0.70388930105377878        4.9225374379671758E-015  -7.6119065447883487E-015  -1.5069498052086063E-016  0.43852262524865715      -0.11751143711862205     
  -9.5501812609241784E-017  -3.4139456013905141E-016  -3.6524127087319690E-016   1.0691527141697618E-008   2.9859544423783133E-004  -3.3344942437932565E-011   6.7305463181646662E-011  -1.4929766336080599E-004  -1.4511027336219418E-011  -1.4929778087643367E-004  -8.8040075391309899E-017  -7.0244734644268863E-016  -5.7619274598301930E-016  -6.2626512205315263E-018  -6.5543067201235734E-018  -1.5522782152667553E-017   8.0494867651274942E-018   2.0019336295711208E-018   5.9896585017496804E-018  -1.9769062831701760E-017   7.0258048737203828E-019   4.9250267558127532E-018   1.5547918230607900E-017   1.9174080803767966E-008   2.9011294652232212E-003  -1.5310273823539868E-010   4.5850189409430680E-010  -1.4505644459655168E-003   1.4041036036496509E-011  -1.4505650192580221E-003  -1.9638522463950111E-016  -2.3815914136038823E-016  -2.6447742188230942E-016   2.2600766590768685E-002  -6.0269500531764198E-010   2.7028372586904911E-009  -1.1300381658948767E-002  -4.2126175374333042E-010  -1.1300384931823405E-002  -3.0241897656608169E-015   3.5219424487181848E-015   3.0120272581143328E-015  -7.1800596737553902E-009  -4.5794656969429199E-018   9.5922656696335831E-018   7.3486578578051476E-018   7.3730056196432012E-018  -1.4487174145523150E-018   8.8033253116133346E-019   1.8151853186167050E-017   3.7264809168602184E-018   3.4107644099226056E-018  -2.2241764207690216E-018  -1.6438614022376637E-008  -9.6469435918205153E-016   1.0845555562179208E-015   9.2507857952937692E-016   1.0090192015785878E-008  -2.6886572048335460E-009
  -8.6367578847373961E-017   3.5480932154668163E-016   6.6822339300131718E-017  -9.6651636870370360E-011  -3.3344942437932565E-011   2.9859549695657574E-004   5.7019810967278675E-011   4.8637026102319600E-011   3.0028422660473175E-012  -1.5292009134899318E-011  -1.2716425195249610E-016   6.1291664312416264E-016   8.6741012707092586E-017  -2.2808330112734424E-018  -6.7625810880906927E-018  -1.8283110989807526E-017  -1.3295018280636488E-018   7.6185087909575318E-018   6.9378672169615771E-018  -1.7710788126637893E-017  -5.0765591489127165E-018  -1.1950127249690326E-017   1.3658184802509071E-017  -2.3676576033838339E-010  -3.0689385632422566E-010   2.9011298507673729E-003   3.6355408445205923E-010   3.8438883902035879E-010  -4.3359649953767109E-011  -7.7495040993595106E-011  -8.9338486452318407E-018   4.1745221342857794E-016   1.5552890111908139E-017  -1.8225486077510104E-009   2.2600768493686075E-002   2.0248087428951077E-009   1.7342879595801353E-009   2.2118050230711184E-010   8.8260618102051232E-011   2.2088448077527583E-015   1.4356017500760777E-015  -8.6241140441155718E-016   2.8360700487246717E-011   7.0304193423225636E-018  -2.0733636442104180E-017   2.0776371499162514E-017   4.1297419968192050E-018   2.4593963094636741E-018  -1.2882991169448774E-017   1.5949785123672354E-018  -1.3778720490622236E-017  -8.8095690725114945E-018  -2.0957735467826210E-017   1.4476555193929882E-010   6.9247769957354345E-016   4.8258308755941432E-016  -2.7019844625721780E-016  -5.6149431883503285E-011   1.2250984424521946E-011
  -2.5801734144316971E-017  -9.9997621304813009E-017  -1.9545212038198981E-016   1.8859320270588324E-009   6.7305463181646662E-011   5.7019810967278675E-011   2.9859547429958097E-004  -2.1929792436845373E-011  -4.8132929454580237E-011  -4.5375665519521234E-011  -8.6796008442670420E-017  -1.6911517539021247E-016  -2.8517931002606254E-016   6.3975503246673485E-019  -4.2243144297805521E-019   1.0342631121514546E-017   9.1229597796248708E-019   1.9402883920073343E-018  -9.2735534629527720E-019   8.0842586415276989E-018  -9.1105113898526036E-018   7.2550890079555297E-018   4.0180244229265665E-019   3.6210144821067337E-009   4.1768662478541378E-010   3.6193674738189968E-010   2.9011296407314871E-003  -9.6436948271385875E-011  -2.0852228940578057E-010  -3.2124958044162200E-010  -1.6212763587650584E-017  -8.3640504525160903E-017  -2.9112493475451919E-016   2.2264578017033236E-009   2.1621263998315798E-009   2.2600767704732357E-002  -2.3315559842104812E-010  -1.1141722458139146E-009  -1.9933022577583900E-009   1.4884151984873961E-016  -2.0419460198018576E-016  -3.0642225617278119E-015  -1.2684776762896557E-009   1.4408486456500899E-018  -9.2842784415542674E-018  -2.7237735372616926E-018  -1.3687569238327565E-018   1.1014310301095077E-018   8.2908887248433643E-021  -3.2310830506274485E-020  -5.6488889913487789E-018  -3.8975717630148756E-018   5.9476312502548132E-018  -3.2232750651664923E-009   4.4616025251447835E-017  -7.1116781204694927E-017  -9.8323867720814121E-016   1.9651222911270216E-009  -5.2495502194013906E-010
  -2.0190208294687561E-016  -4.8961062327105717E-016  -1.7262080045002411E-016  -1.0343986569061222E-008  -1.4929766336080599E-004   4.8637026102319600E-011  -2.1929792436845373E-011   2.9859526351967382E-004   6.3740280919860424E-013  -1.4929760015922075E-004  -4.0351297761632107E-016  -8.2637684620813368E-016  -2.0780406998951545E-016   1.3812084428288767E-017   1.0406961750758031E-017   8.0869426657918055E-018  -6.2063602738299134E-018   1.2987511131304952E-017  -9.8301543368453626E-018   5.8103076064154402E-018   1.4498797584097499E-018  -8.2252440427660356E-018  -1.2302673549735075E-017  -1.8119798206663672E-008  -1.4505643488003303E-003   3.4292267855109719E-010  -1.9517943157140288E-010   2.9011284492309170E-003  -4.4869125002386269E-011  -1.4505641004300728E-003  -7.7738895125606189E-017  -2.7746552998685311E-016  -2.2157877725630106E-017  -1.1300380567017316E-002   1.7664950925578785E-009  -1.3689373746234695E-009   2.2600759868730055E-002   3.4674517806297172E-010  -1.1300379301713882E-002   2.6438621520434735E-015   6.0508098407107726E-015   4.8549808311560643E-015   6.9140256812173337E-009   4.5535197390143820E-018  -2.1138253033696637E-018  -7.1386626261524691E-018  -6.1423379627337979E-018   1.7401834132586638E-019   9.6469692710033538E-019   6.7727917946897459E-019   3.5038365377352166E-018   3.0264689502851574E-018   6.9996505416993801E-018   1.5407539498294620E-008   8.2221023398960433E-016   1.8772821244799040E-015   1.5236703167224968E-015  -9.4780721964992778E-009   2.5241766479234218E-009
  -2.7915363893058732E-017  -1.2240001540663006E-016  -1.3964307831917254E-016   4.5296753242402968E-009  -1.4511027336219418E-011   3.0028422660473175E-012  -4.8132929454580237E-011   6.3740280919860424E-013   2.9859542265665736E-004   1.3873415788683322E-011   4.2156515202856564E-018  -1.5679842563430998E-016  -5.8741712701992858E-017   8.5099437063088011E-018   3.8716020556935576E-018  -1.9895757396203124E-017  -1.4853850446018343E-018  -4.0448100897333594E-018   2.6883335971588924E-018   2.2179942545114545E-018  -2.9346287189943202E-017  -5.5819857184021268E-018  -4.0414744346932011E-017   7.5142687979143534E-009  -1.5739229345099544E-011  -5.3081634636098614E-011  -3.5274749539284116E-010  -1.1713733099400339E-010   2.9011295773632550E-003   1.3287649881072522E-010   2.3792616513561403E-017  -4.2775034334481080E-017  -1.2182592031415855E-016  -7.6335449065342357E-010   8.6959291176955867E-011  -2.4534981176146871E-009  -1.8920433878706583E-010   2.2600765636075052E-002   9.5255901470325508E-010   1.8154998373576051E-015   2.0811310803171771E-015  -6.9580508695797649E-016  -2.9491463598848596E-009   4.0136093109436900E-018  -2.4853350131194452E-018  -1.4003880192849670E-017   2.6271876852731091E-018  -1.9211520340829316E-018   4.9740521303267648E-018  -3.8616670718880569E-018  -6.3979997115735360E-018  -4.5439337489429690E-018  -6.4715036303170810E-018  -6.2494702701751126E-009   5.7301401627399881E-016   6.5025518195943525E-016  -2.2624998857083226E-016   3.8409893928406470E-009  -1.0198382583125137E-009
  -1.3564897475184283E-016  -5.1519922819176269E-016  -2.3587334046665980E-016  -3.4775126685191420E-010  -1.4929778087643367E-004  -1.5292009134899318E-011  -4.5375665519521234E-011  -1.4929760015922075E-004   1.3873415788683322E-011   2.9859538103541565E-004  -2.0368654357918917E-016  -7.1696228883510064E-016  -5.0137538717176071E-016  -7.5494351479636902E-018  -3.8527036507227306E-018   7.4358386297536789E-018  -1.8431428688721423E-018  -1.4989459257972623E-017   3.8405148165171011E-018   1.3958779804274834E-017  -2.1524750292946176E-018   3.3002329305345870E-018  -3.2452330233801046E-018  -1.0546667393316571E-009  -1.4505651164171422E-003  -1.8981921619466939E-010  -2.6332241174348850E-010  -1.4505640032688289E-003   3.0826060900429807E-011   2.9011291196857749E-003  -2.3442608736585850E-016  -2.4508153886722231E-016  -2.0298650319768198E-016  -1.1300386023706588E-002  -1.1637944460853108E-009  -1.3338994885002766E-009  -1.1300378209807999E-002   7.4500776381724398E-011   2.2600764233519217E-002  -1.7373747829389898E-015   7.7422883163286036E-015   5.5797939140555347E-016   2.6601718202695949E-010   2.5945431211314940E-020  -7.4784935771096374E-018  -2.1000883482957817E-019  -1.2306834884392270E-018   1.2747070893686122E-018  -1.8450129200458870E-018  -1.8829080993994438E-017  -7.2303193737946779E-018  -6.4372490717975874E-018  -4.7754625516327885E-018   1.0310406639968952E-009  -5.5975186250204624E-016   2.4128852047737978E-015   1.5751775321544453E-016  -6.1197618197377219E-010   1.6442958627604555E-010
  0.24326778906994545       -1.3442306425848023E-008   1.0811021435553465E-008   7.7250833179884590E-015  -8.8040075391309899E-017  -1.2716425195249610E-016  -8.6796008442670420E-017  -4.0351297761632107E-016   4.2156515202856564E-018  -2.0368654357918917E-016  0.39608293620037355        9.6256542663196228E-009  -3.3016305742187047E-008  -1.5608540890756818E-009  -1.3331393051161243E-009   5.6344100814426350E-009   3.2083789440714846E-009  -2.6926215566367249E-010  -1.1143572326611045E-009   1.4616738640293947E-009  -2.8055369707789288E-009  -6.2790163733283618E-010  -2.1085174980587400E-009   1.3544348566900526E-014   2.0284882900365191E-016   5.0204739072517952E-017  -1.7268368150281065E-016  -4.8451099639773311E-016   3.0796809434313791E-016   1.9251065219202967E-016  0.23201213254105968        5.4423850992122925E-011  -1.2423930644984815E-008   2.1801800380382393E-015   1.8112675514148836E-016  -2.1541155688710884E-015  -3.3237811418313512E-015   2.2197805971566351E-015   1.9947180811367834E-015 -0.37407435571629560       -1.9192124217877744E-009   1.9914226973887902E-008  -2.9991003363373962E-015   9.5542970850955829E-010  -1.3036669806243444E-009   3.0775530172465782E-009   7.2360447373437243E-011   5.1825245040941863E-010  -1.3542216936154939E-009   1.0087848871443035E-009  -1.2030412019417246E-009  -4.9760221290504735E-011  -1.3971789114633713E-009  -3.5708705443734830E-015 -0.10003122050838870       -5.1429831465690721E-010   5.2465350628647923E-009   1.4642527537420555E-016   2.0351557390647937E-016
   8.7875349172388374E-009  0.24326779706166032       -1.2634533757787938E-008   4.1662184257145813E-015  -7.0244734644268863E-016   6.1291664312416264E-016  -1.6911517539021247E-016  -8.2637684620813368E-016  -1.5679842563430998E-016  -7.1696228883510064E-016   9.6256542663196228E-009  0.39608292567010633        1.5194778070370571E-008  -3.2010594347503125E-010   8.4064670883662367E-009  -1.7876876675821194E-009   2.0362077503557311E-009   4.3903540206602175E-009  -1.6067456441488603E-009  -6.1397245020273491E-009   1.6343473603924239E-009  -1.6913706069215946E-010   1.1428976847627422E-010   2.4352080628357206E-016  -4.0243916339461638E-016  -4.7751604934133634E-017   8.5165207382970647E-018   8.6890670007066316E-019   2.7165659914984399E-016   7.3862928938338674E-016   5.3158025324133463E-009  0.23201212231816512        7.0360602237963297E-009  -5.0614623542769581E-015   1.7110358447414195E-015  -1.2427232409252254E-015  -1.6856196693287804E-015   2.1190694543041486E-015   3.4388492134612747E-015  -9.3307708149443883E-009 -0.37407435045664789       -6.8463996974417212E-009   5.3893123611340384E-016  -2.9069822448890086E-010   4.7229992631278362E-009  -1.7929496347490875E-010   1.1162074866650712E-009   1.2521496713007308E-009  -7.2619639790079885E-010  -3.8777114386163874E-009  -6.9419165894870438E-011   4.7950317367497735E-010   1.8537945475635122E-010  -1.0932995781833534E-014  -2.5082710741869104E-009 -0.10003121945281333       -1.6613988863361944E-009   7.3683271014273800E-015  -2.1494655407065411E-015
   1.0091128944114911E-008  -8.4064412880712687E-010  0.24326777723785112        3.6737320738125477E-015  -5.7619274598301930E-016   8.6741012707092586E-017  -2.8517931002606254E-016  -2.0780406998951545E-016  -5.8741712701992858E-017  -5.0137538717176071E-016  -3.3016305742187047E-008   1.5194778070370571E-008  0.39608297845133345        2.1267458538110099E-009   1.7866027060630185E-009   9.8474946779483229E-010   1.1569676966844784E-009  -4.3185571232719820E-009  -4.0102948711839968E-009  -2.9572611333713875E-010   2.9740775147161533E-009  -1.3898447661206509E-009  -2.9506921607459246E-009   5.7634908591332540E-015  -4.2049005473268669E-016  -8.8759162519207865E-017   4.0455993274926981E-016  -4.6206869428236561E-017   1.1276206943594894E-015  -1.0961926731601023E-015  -1.2514937026361427E-008   9.6141005445969099E-009  0.23201214643898230       -1.8881038025392345E-015   2.5690967861428622E-016   5.7777869874308221E-016   9.8441969107313047E-016   7.9649995988773759E-015  -7.7720557981413509E-015   2.0079692469225776E-008  -1.0617749786169953E-008 -0.37407438148621908        7.1717556234051879E-015   6.8562264931038921E-010   1.0934509560420691E-009   1.4738499789359285E-009  -1.2114219037529154E-011  -2.1093717502226521E-009  -9.0774575499604743E-010  -5.4761960996009716E-010   1.4448452992197925E-009  -3.5874294908531459E-010  -2.1754553690482949E-009  -6.3825571022405029E-015   5.2911728599288264E-009  -2.6780729930520548E-009 -0.10003122740222231       -3.5018928226099487E-016   3.3443442171387653E-016
  -9.6059467667916003E-010  -1.9784722032533106E-010   1.3084283667209894E-009  -5.4658364800414565E-016  -6.2626512205315263E-018  -2.2808330112734424E-018   6.3975503246673485E-019   1.3812084428288767E-017   8.5099437063088011E-018  -7.5494351479636902E-018  -1.5608540890756818E-009  -3.2010594347503125E-010   2.1267458538110099E-009   1.8599148676051071E-017   8.3820122809891738E-018  -1.6063207878815719E-017  -8.8668138774370082E-018  -2.5834667380630492E-017  -1.6086196296909020E-017  -2.6140776823049748E-018   2.6453912903408292E-017  -4.8748860599872151E-018  -7.7445451022392840E-018  -9.9522100282813758E-016  -6.0847285987276236E-017  -2.2160395010525317E-017   6.2158686815358625E-018   1.3419700745472753E-016   8.2682010732906548E-017  -7.3349733358583154E-017  -9.4684678697969606E-010  -2.0833292622582844E-010   1.2828864500782006E-009  -4.7402072103009844E-016  -1.7263686569894704E-016   4.8423641245272157E-017   1.0454395664859384E-015   6.4412044403328500E-016  -5.7141889464693497E-016   5.8267374029068991E-010  -2.6802136321277827E-010  -9.9225952010767490E-010  -1.1048574239270324E-017  -8.6504271755596890E-020   7.2229864333906009E-018  -3.7882726186610633E-018  -1.0218828345474639E-018  -1.3552084894662829E-017   1.1380334984165925E-018  -3.9182324385999528E-018   1.1965380625138619E-017  -1.9661428234554328E-018  -6.0948188379408638E-018  -1.4474209561642131E-017   1.1213170903160065E-010  -9.9618267829186864E-011  -2.1554081069268374E-010   3.0234089086655989E-016  -1.1089129589282179E-016
  -8.1973015643474238E-010   5.1633430482628419E-009   1.0985809385211512E-009   2.7139883389006463E-017  -6.5543067201235734E-018  -6.7625810880906927E-018  -4.2243144297805521E-019   1.0406961750758031E-017   3.8716020556935576E-018  -3.8527036507227306E-018  -1.3331393051161243E-009   8.4064670883662367E-009   1.7866027060630185E-009   8.3820122809891738E-018   1.9115792440086772E-016  -5.2663293702054409E-017   3.7410715704682890E-017   7.4450132790342162E-017  -4.8656172202523564E-017  -1.3685100663176340E-016   5.7840089333896504E-017  -7.5524979622782183E-018  -3.8584344995264835E-018   3.2311648989654674E-017  -6.3680984004436819E-017  -6.5704832404783027E-017  -4.1042488712152625E-018   1.0111339665480973E-016   3.7616226993342975E-017  -3.7432413409022166E-017  -7.9661300078653081E-010   4.9280029194173300E-009   1.0679547639675496E-009  -4.9609617464341654E-016  -5.1186252026781230E-016  -3.1973475793822515E-017   7.8770715637007040E-016   2.9304294081854593E-016  -2.9161109198295785E-016   8.2896783507005326E-010  -7.8359505826835850E-009  -1.1006335858506472E-009  -4.2072344391911179E-016  -6.3556335984071756E-018   1.0901023962277579E-016  -7.5011152710015650E-018   2.3278210959397347E-017   1.5866508312718354E-017  -1.4751196615124448E-017  -8.7564496494268354E-017   8.8537852544117598E-018   8.4699990450587266E-018  -1.0082060945414257E-018  -9.4847574188145846E-016   2.0059964111572823E-010  -2.0903445799692468E-009  -2.6557235121018299E-010   8.9430425581559321E-016  -2.7054709954060957E-016
   3.4622008089308633E-009  -1.0962785976775478E-009   6.0365300737687653E-010   5.4612160655083969E-016  -1.5522782152667553E-017  -1.8283110989807526E-017   1.0342631121514546E-017   8.0869426657918055E-018  -1.9895757396203124E-017   7.4358386297536789E-018   5.6344100814426350E-009  -1.7876876675821194E-009   9.8474946779483229E-010  -1.6063207878815719E-017  -5.2663293702054409E-017   9.1187147038957607E-017   4.0074949107347167E-017  -3.4326605171074425E-017  -1.8525077584153716E-017   4.7776855553767175E-017  -4.0468557288118607E-017  -1.1436188073297654E-017  -3.7803278256704711E-017   9.6198058541519879E-016  -1.5081825277604291E-016  -1.7763721296809685E-016   1.0048816180822771E-016   7.8572246238356637E-017  -1.9330566297918544E-016   7.2246002615156222E-017   3.3278594484755251E-009  -1.0188449450051612E-009   5.5732294275717751E-010  -1.1749244958611586E-015  -1.3838532133070950E-015   7.8283641913166488E-016   6.1210411857864223E-016  -1.5059155122966715E-015   5.6282038706917493E-016  -4.5706526420935564E-009   2.4640147243899224E-009  -1.4643539300033130E-009  -7.8692755149206108E-016   1.6726506930237569E-017  -3.7702364093785922E-017   4.7823035565617258E-017  -4.3723905280939391E-018  -3.9826733333678889E-018  -1.8068842483062514E-017   3.1227064951365249E-017  -1.2744597326424483E-017  -4.1931645646025033E-018  -2.6145879938475493E-017  -1.7834863722640797E-015  -1.1854549606244693E-009   6.9690953735221310E-010  -4.1776467387189393E-010   1.4203271193435869E-015  -4.1209795452245630E-016
   1.9731027240275642E-009   1.2533501569490156E-009   7.0964545577300726E-010  -3.2101354641666882E-016   8.0494867651274942E-018  -1.3295018280636488E-018   9.1229597796248708E-019  -6.2063602738299134E-018  -1.4853850446018343E-018  -1.8431428688721423E-018   3.2083789440714846E-009   2.0362077503557311E-009   1.1569676966844784E-009  -8.8668138774370082E-018   3.7410715704682890E-017   4.0074949107347167E-017   4.0966582642237638E-017   7.8294657477795622E-018  -2.9071232520956525E-017  -2.0666540844506872E-017  -6.3771244772987226E-018  -9.6834996718851742E-018  -2.5116762661025569E-017  -5.5871809177283776E-016   7.8208309063240927E-017  -1.2917372651148975E-017   8.8638263207441790E-018  -6.0300531087046696E-017  -1.4431853120487460E-017  -1.7907778270036071E-017   1.9223712533548223E-009   1.2387072776830448E-009   6.6187411400227970E-010   6.0926878141257847E-016  -1.0063058821677679E-016   6.9052098221942438E-017  -4.6976128973016059E-016  -1.1242894621094771E-016  -1.3950751933378342E-016  -1.8522046297757280E-009  -6.6424490983822056E-010  -1.5264513943637208E-009   6.2855752685428782E-016   8.2436880108959363E-018   1.5829344621544000E-017   2.7466618692934534E-017   5.7981549289745626E-018   3.9634588212178343E-018  -1.6858410159467019E-017  -1.1972158826391231E-017  -5.2581670797549316E-018   2.3303877329898082E-019  -1.6553164484841636E-017   1.4223615551300479E-015  -4.3758098591905773E-010  -1.1594356718095539E-010  -4.2944314545057538E-010  -1.1931810645692232E-015   3.5100881281452646E-016
  -1.6394603744494978E-010   2.6952835300144728E-009  -2.6527630996074718E-009   3.7455885901907131E-016   2.0019336295711208E-018   7.6185087909575318E-018   1.9402883920073343E-018   1.2987511131304952E-017  -4.0448100897333594E-018  -1.4989459257972623E-017  -2.6926215566367249E-010   4.3903540206602175E-009  -4.3185571232719820E-009  -2.5834667380630492E-017   7.4450132790342162E-017  -3.4326605171074425E-017   7.8294657477795622E-018   9.6206948561407513E-017   2.6831342213640550E-017  -6.5352078595333293E-017  -1.2425738516238339E-017   1.3229159141999912E-017   3.4846630961151558E-017   6.4935413181598210E-016   1.9450552733210980E-017   7.4020761223223082E-017   1.8851633456683978E-017   1.2618580707127074E-016  -3.9299083836992657E-017  -1.4563634012034256E-016  -1.3375903731778500E-010   2.5515917793681125E-009  -2.5359425795042373E-009   1.5152628583320551E-016   5.7664635110746021E-016   1.4686051602688520E-016   9.8302953315286780E-016  -3.0615292332828356E-016  -1.1345557661420430E-015   9.1064020597780199E-010  -4.6977102722015851E-009   3.9067053901312864E-009  -7.9641486259156680E-016  -1.1714447889478755E-017   4.2440837671184618E-017  -2.0376573309196009E-017   1.2983757402904995E-017   3.5935504198434570E-017   2.7328076722541758E-018  -3.8971330308400687E-017  -1.5614775721983376E-017   9.8447632611427928E-018   2.6826232839783291E-017  -1.8015920659636324E-015   2.7567493014735290E-010  -1.2832287984563488E-009   1.0362695233381344E-009   1.5282192316311229E-015  -4.5084911871031574E-016
  -6.8438134517332977E-010  -9.8791337862295202E-010  -2.4650852098637817E-009   4.7608082765388752E-016   5.9896585017496804E-018   6.9378672169615771E-018  -9.2735534629527720E-019  -9.8301543368453626E-018   2.6883335971588924E-018   3.8405148165171011E-018  -1.1143572326611045E-009  -1.6067456441488603E-009  -4.0102948711839968E-009  -1.6086196296909020E-017  -4.8656172202523564E-017  -1.8525077584153716E-017  -2.9071232520956525E-017   2.6831342213640550E-017   5.0653367194032784E-017   2.4173440100531229E-017  -2.9113926670790470E-017   1.6223993339921583E-017   3.5507596994657218E-017   8.3220004913568769E-016   5.8194870314929051E-017   6.7407799263380949E-017  -9.0101935635980410E-018  -9.5508956316222754E-017   2.6119571923046285E-017   3.7314102248991311E-017  -6.5209462232517303E-010  -9.5920229978735613E-010  -2.3830458419902756E-009   4.5335750117229709E-016   5.2512922027033727E-016  -7.0192352878523869E-017  -7.4404671367700673E-016   2.0348013852163382E-016   2.9068930615214010E-016   1.0704750270849212E-009   1.0238382315944407E-009   2.8577055400856170E-009  -8.4375969077152883E-016  -8.1277928934287524E-018  -2.5519808605905487E-017  -2.2384715437587016E-017  -4.4272068443292931E-018   1.4218473634604617E-017   1.5331847685169968E-017   1.7228884146441653E-017  -1.0794829256263709E-017   2.4048107123708328E-018   2.4730483989748899E-017  -1.9102028384841478E-015   2.8713956134399154E-010   2.4959682278116738E-010   7.1862103475831086E-010   1.5786859928522788E-015  -4.6262130895412237E-016
   8.9966744896117682E-010  -3.7734966978226435E-009  -1.8274971073619536E-010   2.4051933388603535E-016  -1.9769062831701760E-017  -1.7710788126637893E-017   8.0842586415276989E-018   5.8103076064154402E-018   2.2179942545114545E-018   1.3958779804274834E-017   1.4616738640293947E-009  -6.1397245020273491E-009  -2.9572611333713875E-010  -2.6140776823049748E-018  -1.3685100663176340E-016   4.7776855553767175E-017  -2.0666540844506872E-017  -6.5352078595333293E-017   2.4173440100531229E-017   1.0166198504262984E-016  -3.7934218700218297E-017   4.5674153454979461E-019  -7.3362475023198491E-018   4.3255163956033039E-016  -1.9207476994240900E-016  -1.7207650918737352E-016   7.8545987090039856E-017   5.6452462144099484E-017   2.1549809247269926E-017   1.3562230168812839E-016   8.8854237273423210E-010  -3.6395951137273681E-009  -1.9198613239176129E-010  -1.4963265586835338E-015  -1.3405334517481502E-015   6.1189960288940631E-016   4.3978366331388367E-016   1.6788018597713641E-016   1.0565429465534194E-015  -4.9470078584905121E-010   4.6168407411107670E-009  -2.3446984626808044E-010  -1.2780840845533621E-016   7.0488769828125512E-018  -7.6603704413321298E-017   1.2937300199180382E-017  -1.6077930012992463E-017  -1.6976536362267657E-017   6.6208022409449017E-018   6.1679498806954330E-017  -4.3255658262242201E-018  -6.1481455834254648E-018  -6.4187874546048737E-018  -2.9255810996699599E-016  -8.8885976656209508E-011   1.1766847602595257E-009  -8.7873996128973726E-011   1.5332630341392065E-016  -3.8140007844742835E-017
  -1.7240984895954160E-009   1.0020363779160628E-009   1.8292795944396369E-009   2.9001361328708463E-016   7.0258048737203828E-019  -5.0765591489127165E-018  -9.1105113898526036E-018   1.4498797584097499E-018  -2.9346287189943202E-017  -2.1524750292946176E-018  -2.8055369707789288E-009   1.6343473603924239E-009   2.9740775147161533E-009   2.6453912903408292E-017   5.7840089333896504E-017  -4.0468557288118607E-017  -6.3771244772987226E-018  -1.2425738516238339E-017  -2.9113926670790470E-017  -3.7934218700218297E-017   4.9780124786263032E-017  -6.9459000311714251E-018  -6.9401288754785313E-018   5.0484056424979489E-016   6.8261890686648543E-018  -4.9323452965599043E-017  -8.8516981099736217E-017   1.4087012208804477E-017  -2.8512621159533456E-016  -2.0913215936272921E-017  -1.6598536574035822E-009   9.2797110686259269E-010   1.7864944923289980E-009   5.3178408874740226E-017  -3.8424617066344477E-016  -6.8957683356046042E-016   1.0974248873623172E-016  -2.2212281982990257E-015  -1.6292098584079274E-016   2.1987537555759005E-009  -2.3480104147261821E-009  -1.5934208126481866E-009  -5.6595456205486297E-016  -3.4233790806513028E-018   3.7412920600614755E-017  -1.1499584889150718E-017   4.5473841044059691E-018  -1.3719240414965991E-017   4.5688401446749788E-020  -2.7895090857064738E-017   1.8493599731422664E-017   1.2282562583259217E-020  -5.2129781956934472E-018  -1.2807163477183120E-015   5.6587502666343972E-010  -6.6730079056802623E-010  -3.6654204557060435E-010   1.0738476976527352E-015  -3.1586479752550525E-016
  -3.8730018199286361E-010  -1.0065043181023377E-010  -8.5339663444816007E-010   4.8452962875211787E-016   4.9250267558127532E-018  -1.1950127249690326E-017   7.2550890079555297E-018  -8.2252440427660356E-018  -5.5819857184021268E-018   3.3002329305345870E-018  -6.2790163733283618E-010  -1.6913706069215946E-010  -1.3898447661206509E-009  -4.8748860599872151E-018  -7.5524979622782183E-018  -1.1436188073297654E-017  -9.6834996718851742E-018   1.3229159141999912E-017   1.6223993339921583E-017   4.5674153454979461E-019  -6.9459000311714251E-018   6.9397166469655529E-018   1.3701050391903067E-017   8.6981322767091602E-016   4.7850999284104170E-017  -1.1610647244242281E-016   7.0489830825368457E-017  -7.9915755152777015E-017  -5.4234177700293671E-017   3.2064764825076654E-017  -3.9549144931846536E-010  -4.4958050613627062E-011  -8.1037837327462588E-010   3.7277524664322111E-016  -9.0450813867869735E-016   5.4913936876365735E-016  -6.2257038505485118E-016  -4.2250234998251454E-016   2.4979517999779535E-016  -1.6525618134835005E-010   1.6418080944574279E-009   1.4152116143470569E-009  -2.9609308482699046E-016  -3.1014416222963782E-018  -6.2353197338436605E-018  -9.8561114071381516E-018  -1.7073469139599976E-018   6.9099942446833012E-018   5.8684201796921586E-018   4.8125588521514304E-018  -3.0504324324913740E-018  -2.2138496926135867E-019   9.6199278857225626E-018  -6.7638268183391018E-016  -8.1346288709171806E-011   5.1165727562659255E-010   3.8346885264659127E-010   3.9224226103225361E-016  -1.0214157367874035E-016
  -1.2955049633485800E-009   7.0241953703416264E-011  -1.8133743590327344E-009   6.3811961348640161E-016   1.5547918230607900E-017   1.3658184802509071E-017   4.0180244229265665E-019  -1.2302673549735075E-017  -4.0414744346932011E-017  -3.2452330233801046E-018  -2.1085174980587400E-009   1.1428976847627422E-010  -2.9506921607459246E-009  -7.7445451022392840E-018  -3.8584344995264835E-018  -3.7803278256704711E-017  -2.5116762661025569E-017   3.4846630961151558E-017   3.5507596994657218E-017  -7.3362475023198491E-018  -6.9401288754785313E-018   1.3701050391903067E-017   3.3349445905979457E-017   1.1365074572564408E-015   1.5106212364443520E-016   1.3270184989669946E-016   3.9037800169113433E-018  -1.1953168699204325E-016  -3.9266653419881419E-016  -3.1530422802768429E-017  -1.2432581067708721E-009   6.7731515367406005E-011  -1.7469535496410027E-009   1.1768244986623008E-015   1.0337915809994192E-015   3.0411718014559451E-017  -9.3119194272959885E-016  -3.0590031099545660E-015  -2.4563249746619593E-016   1.7679087305440969E-009  -8.6458143149920436E-011   2.2790757521507249E-009  -6.1225354000179090E-016  -9.9154806728516906E-018   2.1581843457158892E-019  -2.7073733791412431E-017  -1.3044744383582618E-019   1.3193980671366800E-017   1.3433566270372107E-017  -2.4835341622575824E-018  -4.2848906530225984E-018   3.1162020940576632E-018   2.3373266430873768E-017  -1.3916713763286229E-015   4.6180751720176886E-010  -2.2067198099103762E-011   5.8457232001377574E-010   9.9641864680208901E-016  -2.8019069162677638E-016
  -8.5412358033490544E-015  -1.8764708559846524E-015  -1.7082824796083978E-015  0.80058038926599406        1.9174080803767966E-008  -2.3676576033838339E-010   3.6210144821067337E-009  -1.8119798206663672E-008   7.5142687979143534E-009  -1.0546667393316571E-009   1.3544348566900526E-014   2.4352080628357206E-016   5.7634908591332540E-015  -9.9522100282813758E-016   3.2311648989654674E-017   9.6198058541519879E-016  -5.5871809177283776E-016   6.4935413181598210E-016   8.3220004913568769E-016   4.3255163956033039E-016   5.0484056424979489E-016   8.6981322767091602E-016   1.1365074572564408E-015   1.4352065242724739       -8.0624809090653560E-009   4.1269086600555973E-009  -8.0397495342746877E-009   8.5122059247957793E-010   1.6879919211939661E-009   7.2111850733612657E-009  -9.3040915714826079E-015  -4.8781672233962914E-015  -2.3085622012938220E-015  -5.5008345667159141E-010  -4.3705157819293538E-009   1.0844932336430376E-008   1.7663308505051279E-008  -2.1797211486959550E-008  -1.7113242948684081E-008  -3.9857811717621698E-015   9.0300884447848850E-015  -2.1002960490670439E-015 -0.53778813026186134       -1.9597897682674970E-017  -1.7121063630718915E-016   6.1420158679260734E-016   2.8521776167887926E-016  -8.4614229920829196E-016  -7.2248659381688540E-017   6.5927656385107188E-016  -2.2847230954876192E-016   4.5644888598877212E-016   3.6224495498050093E-016  -1.2269860453376460       -1.4214154244220105E-015   2.6029342278668348E-015  -6.6763307337018497E-016  0.75290889815855089      -0.20058644896599009     
  -2.0839238351730355E-016   5.7417486986304569E-016  -4.2561333091685237E-016  -4.5353994786518851E-009   2.9011294652232212E-003  -3.0689385632422566E-010   4.1768662478541378E-010  -1.4505643488003303E-003  -1.5739229345099544E-011  -1.4505651164171422E-003   2.0284882900365191E-016  -4.0243916339461638E-016  -4.2049005473268669E-016  -6.0847285987276236E-017  -6.3680984004436819E-017  -1.5081825277604291E-016   7.8208309063240927E-017   1.9450552733210980E-017   5.8194870314929051E-017  -1.9207476994240900E-016   6.8261890686648543E-018   4.7850999284104170E-017   1.5106212364443520E-016  -8.0624809090653560E-009   2.8187141955490005E-002  -1.3215582219383452E-009   2.1594083327110062E-009  -1.4093570010358821E-002   1.3533380089678463E-009  -1.4093571945134269E-002  -1.2336753641090028E-016   5.5284496212306828E-016  -4.9231261473298698E-016  0.21958724139456981       -4.5627239454773310E-009   8.3789255228662495E-009 -0.10979361895786990        5.3872427288173167E-009 -0.10979362243673375        1.5179131088152026E-015   3.6342632215900251E-015  -1.7966927481437124E-015   2.9977853766603041E-009  -4.4493722422099331E-017   9.3197857873451714E-017   7.1398909705610790E-017   7.1635538744052525E-017  -1.4075551894656311E-017   8.5532127447495032E-018   1.7636172269195047E-016   3.6206242380578630E-017   3.3138681969129722E-017  -2.1610016071577124E-017   6.2876078903358526E-009   4.5336907304274703E-016   1.1573820702032819E-015  -6.0050644421416972E-016  -3.7759548576788929E-009   9.9591031220162605E-010
  -9.4942167088716175E-017  -2.8469125995221738E-016   9.4032362261701011E-017   2.6381124454139987E-009  -1.5310273823539868E-010   2.9011298507673729E-003   3.6193674738189968E-010   3.4292267855109719E-010  -5.3081634636098614E-011  -1.8981921619466939E-010   5.0204739072517952E-017  -4.7751604934133634E-017  -8.8759162519207865E-017  -2.2160395010525317E-017  -6.5704832404783027E-017  -1.7763721296809685E-016  -1.2917372651148975E-017   7.4020761223223082E-017   6.7407799263380949E-017  -1.7207650918737352E-016  -4.9323452965599043E-017  -1.1610647244242281E-016   1.3270184989669946E-016   4.1269086600555973E-009  -1.3215582219383452E-009   2.8187144470693773E-002   1.6661917763221088E-009   2.4752094550122418E-009  -1.2204818874024660E-009  -1.1536517994884332E-009  -9.5334017609139157E-017  -2.1685670497946902E-016  -1.1111678830516225E-016  -4.7742396192260677E-009  0.21958725029551154        5.1355671922069352E-009   7.0384194035946486E-009  -4.0770865358130850E-009  -2.2641800765160363E-009  -6.1270679518554663E-016  -1.1017958509755701E-015   2.6281409430059688E-016  -1.7707139477251876E-009   6.8306990023884213E-017  -2.0144639567019072E-016   2.0186159247731724E-016   4.0124238780369912E-017   2.3895289870959161E-017  -1.2517010741360326E-016   1.5496736900930164E-017  -1.3387295222344070E-016  -8.5593052428359086E-017  -2.0362368127500104E-016  -3.2722295375084815E-009  -1.9677078827603698E-016  -3.5102101491508780E-016   6.6059263515244256E-017   2.0486988378291339E-009  -5.4349979927060286E-010
