   2.0164246954619890E-016   2.5448477501852165E-017   6.8587795240625417E-024   2.0164249205289228E-016  -1.2422612639326978E-024  -4.0328513908832945E-016  -1.0011280848784157E-008  -1.3465348904429844E-018   5.4046373108516556E-019  -6.0358938533456974E-019  -5.6505925988776818E-009   9.9189400478715458E-018  -3.9811904364707726E-018   4.4461945151430193E-018  -1.0064671181584555E-016  -3.1098614420193557E-017   2.1582457958306490E-024  -1.0064671887799279E-016   3.4683132993979429E-024   2.0129257644512267E-016   2.3265723364206058E-016  -9.3382212095954156E-017   1.0428930254627106E-016   3.2095106457149933E-009  -2.5533068387938508E-017   2.2326076232726293E-017  -1.0361694365302769E-024  -2.5533070992049926E-017   3.1529536123061608E-024   5.1065806400735450E-017   8.1209160664431839E-016  -3.2595123376870397E-016   3.6402249434573981E-016   2.7687302777964564E-009  -1.6105916811856664E-009  -4.5135575066878160E-010
   2.5448477501852165E-017   3.2131801463649520E-018   8.4139369850414719E-025   2.5448480335747283E-017  -1.4619274062704249E-025  -5.0896980356150188E-017  -1.2633587047845161E-009   4.2548998894889822E-019  -1.6154180052681860E-019   5.6881716744444870E-019  -7.1352857199792362E-010  -3.1342715558894139E-018   1.1899616554773134E-018  -4.1900594215679863E-018  -1.2701963436989195E-017  -3.9291253797254801E-018   2.9715408405921169E-025  -1.2701964312098345E-017   4.4413584542901524E-025   2.5403818485531790E-017  -7.3517006779581745E-017   2.7911570028500670E-017  -9.8281421229063269E-017   3.8173717083866599E-010  -3.2130284397565328E-018   2.7936400933138361E-018  -1.7305079364858371E-025  -3.2130284834906417E-018   3.9714435555965634E-025   6.4260102484952258E-018  -2.5661159742667735E-016   9.7425520737639038E-017  -3.4305194658208053E-016   3.0696937411650285E-010  -1.7365888293743524E-010  -4.8236058397347593E-011
   6.8587795240625417E-024   8.4139369850414719E-025   1.5121196597542676E-030   6.8587811930623246E-024   2.4462451237931002E-031  -1.3717564910663713E-023  -3.4263529247422303E-016   1.0390318969580283E-018  -1.4083416256137472E-018   3.3750802538972034E-019  -1.8559693785195420E-016  -7.6537854715850239E-018   1.0374218615669102E-017  -2.4861738754892973E-018  -3.4276764608480539E-024  -9.8509237527810152E-025  -7.2425195388539700E-031  -3.4276779269093988E-024  -5.2412661645445913E-031   6.8553490956016858E-024  -1.7952606715615178E-016   2.4333614211977154E-016  -5.8315331337022951E-017   5.0395912516651598E-016  -1.0275564616697497E-024   1.1664088406865812E-024   4.8196214419108179E-031  -1.0275616972584374E-024   9.8515057229671890E-032   2.0551848352892300E-024  -6.2663692670789670E-016   8.4936641212733165E-016  -2.0355004722409589E-016   8.1293934332522421E-016  -5.5596654731202300E-016  -1.6309244446737784E-016
   2.0164249205289228E-016   2.5448480335747283E-017   6.8587811930623246E-024   2.0164251455958916E-016  -1.2422612955492533E-024  -4.0328518410173919E-016  -1.0011281966783975E-008   1.2989731063005834E-020  -2.5504397014261616E-019   4.7293226054821310E-019  -5.6505932277837599E-009  -9.5679401080012955E-020   1.8787311946840464E-018  -3.4837502299824257E-018  -1.0064672305086027E-016  -3.1098617871560819E-017   2.1582451360107198E-024  -1.0064673011300944E-016   3.4683133926858740E-024   2.0129259891506438E-016  -2.2442022442940077E-018   4.4067250091966103E-017  -8.1714323288337359E-017   3.2095111112426137E-009  -2.5533071281086864E-017   2.2326078835302107E-017  -1.0361695708688904E-024  -2.5533073885200023E-017   3.1529540527552046E-024   5.1065812187017709E-017  -7.8334066905483834E-018   1.5381702583514870E-016  -2.8522438386672201E-016   2.7687307821720737E-009  -1.6105919971618016E-009  -4.5135584119906582E-010
  -1.2422612639326978E-024  -1.4619274062704249E-025   2.4462451237931002E-031  -1.2422612955492533E-024   6.1458115939782676E-031   2.4845227603771872E-024   6.2597054455950586E-017   3.0665241035724807E-019  -1.1545428719501181E-018  -7.1134928890881498E-019   3.1924651553104522E-017  -2.2588837757267993E-018   8.5046691837074520E-018   5.2399880458258054E-018   6.2190132349470816E-025   1.5980999992206784E-025   4.3625053140049867E-031   6.2190119898069304E-025  -4.6559603655103082E-031  -1.2438081258154326E-024  -5.2984050144794881E-017   1.9948426315582586E-016   1.2290839434315453E-016  -1.9232077798437698E-016   2.2682114859448638E-025  -3.1542856128811175E-025  -3.8603940507136767E-031   2.2682293312606464E-025  -1.0411005604227786E-031  -4.5367709990784029E-025  -1.8494118139650218E-016   6.9630113633129832E-016   4.2901255809042854E-016  -3.3120213250321194E-016   2.2897122056586894E-016   6.7352349225758520E-017
  -4.0328513908832945E-016  -5.0896980356150188E-017  -1.3717564910663713E-023  -4.0328518410173919E-016   2.4845227603771872E-024   8.0657067816873079E-016   2.0022571617384311E-008   7.9437907586843903E-019  -2.9819009660589377E-019   5.9625344204772945E-021   1.1301190832683699E-008  -5.8516203013957442E-018   2.1965285477362743E-018  -4.3910769902395169E-020   2.0129352343707458E-016   6.2197260020542757E-017  -4.3164947143917244E-024   2.0129353756137611E-016  -6.9366302676396545E-024  -4.0258535250005749E-016  -1.3725482347533392E-016   5.1521434591035424E-017  -1.0299912686552540E-018  -6.4190226532587517E-009   5.1066161366581788E-017  -4.4652172731420549E-017   2.0723434697309434E-024   5.1066166574785125E-017  -6.3059104559570302E-024  -1.0213166198216692E-016  -4.7908886144502246E-016   1.7983591258175227E-016  -3.5951883295391825E-018  -5.5374599854959393E-009   3.2211826474578186E-009   9.0271126736720276E-010
  -1.0011280848784157E-008  -1.2633587047845161E-009  -3.4263529247422303E-016  -1.0011281966783975E-008   6.2597054455950586E-017   2.0022571617384311E-008  0.49705761523421438       -5.6485117820099379E-017  -6.8129699043770410E-017   1.9840545739803531E-017  0.28051049638052211        7.3886213785006154E-017   5.6631583629172991E-017   1.0526611822333033E-016   4.9969972791902112E-009   1.5436314918118246E-009  -1.0500060358273525E-016   4.9969976312227272E-009  -1.7163954139627320E-016  -9.9939526243497171E-009  -4.2930821147524291E-016   1.0403890327446162E-015   1.7163775744479259E-015 -0.16137538919937416        1.2684997965001693E-009  -1.1105501823385037E-009   4.7768950186719736E-017   1.2684999505596279E-009  -1.5660752717942576E-016  -2.5369836193861762E-009  -1.3393709733784301E-015   3.6683189253314192E-015   6.0833081199340877E-015 -0.14115500047344992        8.2537574270556205E-002   2.3167934478643709E-002
  -1.3465348904429844E-018   4.2548998894889822E-019   1.0390318969580283E-018   1.2989731063005834E-020   3.0665241035724807E-019   7.9437907586843903E-019  -5.6485117820099379E-017   3.6569218666829512E-006   9.7638535428782175E-013  -1.0139305738301955E-017  -2.4376915137660205E-017  -2.6937856260107455E-005  -4.6616902712008247E-012   3.5001588859677586E-017   2.7157866737153287E-019   7.4427280883066747E-019  -7.2407717731158795E-019  -1.1303583784484314E-018  -1.5016427487024277E-019   3.2224236028971186E-019  -6.3185036866847638E-004  -8.8131450824570270E-011   6.6489182624640270E-016   5.4026388281555049E-016  -7.5859030322376443E-020  -1.5250707435967447E-019  -3.4214669153754773E-019  -3.8829098404992472E-019   5.4917363757611964E-019  -4.7196728436491263E-019  -2.2054778750602772E-003  -2.9097076774868755E-010   2.3278822259723908E-015   9.6876962442905406E-016  -6.7363184859086775E-016  -1.9858843967466661E-016
   5.4046373108516556E-019  -1.6154180052681860E-019  -1.4083416256137472E-018  -2.5504397014261616E-019  -1.1545428719501181E-018  -2.9819009660589377E-019  -6.8129699043770410E-017   9.7638535428782175E-013   3.6569218666664498E-006   9.6406238018518039E-018  -5.0229760168485003E-017  -4.6616631568973926E-012  -2.6937856260050988E-005  -3.6151531418140902E-017  -7.7797409539908590E-019  -1.1513128383726582E-018   3.2659442420242397E-020   4.0804675112155241E-019   1.3425927919005528E-018   1.6841055176336886E-018  -8.8130614286572991E-011  -6.3185036866704014E-004  -8.8555886774034535E-016  -1.0447663679839530E-015   4.2585732138542150E-019   8.0961221813570699E-019   2.3451065928430526E-019   1.1434550236128796E-018   4.4348261468595614E-019  -1.9558558638244903E-019  -2.9096787057720591E-010  -2.2054778750553094E-003  -3.0959474959291446E-015  -1.9149391784731282E-015   1.3383966172060600E-015   3.9466460263932077E-016
  -6.0358938533456974E-019   5.6881716744444870E-019   3.3750802538972034E-019   4.7293226054821310E-019  -7.1134928890881498E-019   5.9625344204772945E-021   1.9840545739803531E-017  -1.0139305738301955E-017   9.6406238018518039E-018   3.6569205248543788E-006   4.1420080129745298E-017   4.9655375479643358E-017  -3.2075391947837561E-017  -2.6937849146126213E-005   3.9017297055214350E-019  -3.4900988343886204E-019  -1.7340403147668920E-018  -6.6011008810664565E-019   2.8385409872739700E-019  -1.4702636473620360E-018   1.0856759436392779E-015  -7.7858254719056542E-016  -6.3185025550701365E-004   5.3048526793593808E-016  -1.1988107372886569E-019  -8.0274185425966264E-020  -1.1881944748610519E-019   3.2596978764020123E-019  -7.7250623681271118E-020   5.5821579847184322E-019   3.7857626710784641E-015  -2.7238825563752992E-015  -2.2054774687588295E-003   9.8818346302804908E-016  -6.8832788425804375E-016  -2.0279611831548841E-016
  -5.6505925988776818E-009  -7.1352857199792362E-010  -1.8559693785195420E-016  -5.6505932277837599E-009   3.1924651553104522E-017   1.1301190832683699E-008  0.28051049638052211       -2.4376915137660205E-017  -5.0229760168485003E-017   4.1420080129745298E-017  0.15845199501347815        4.3968875713913186E-017  -9.5726658565581933E-018  -9.7375121761435505E-017   2.8203376469357395E-009   8.7264242649736818E-010  -6.7234433895468244E-017   2.8203378404263505E-009  -9.8940888643708018E-017  -5.6406511529009748E-009   2.6112779652982185E-016  -1.0180380874280368E-015  -2.3726559327433645E-015  -8.3580353588904144E-002   7.1294670627152705E-010  -6.1908396399332882E-010   4.0564827050387106E-017   7.1294670155727492E-010  -8.8142776402773176E-017  -1.4258828086825000E-009   9.2840335095379974E-016  -3.4804028396394628E-015  -8.2990996821664767E-015  -6.6009917310080157E-002   3.7060337955460682E-002   1.0268489803705198E-002
   9.9189400478715458E-018  -3.1342715558894139E-018  -7.6537854715850239E-018  -9.5679401080012955E-020  -2.2588837757267993E-018  -5.8516203013957442E-018   7.3886213785006154E-017  -2.6937856260107455E-005  -4.6616631568973926E-012   4.9655375479643358E-017   4.3968875713913186E-017   1.9843139294316490E-004   1.5697805613649212E-011  -7.3427985869552363E-017  -2.0005243380891024E-018  -5.4825121603491225E-018   5.3337445308938594E-018   8.3265165460783731E-018   1.1061508003041755E-018  -2.3737148865366464E-018   4.6543773779138247E-003   2.1194875409696756E-010  -5.7243979471015153E-016  -9.6016696577194549E-016   5.5879602185809461E-019   1.1234118472460993E-018   2.5203434270682851E-018   2.8602531443365239E-018  -4.0453583444982942E-018   3.4766400592757366E-018   1.6246134905012602E-002   6.1714074520896248E-010  -2.0502064028958284E-015  -1.7390495764583603E-015   1.2092236547014598E-015   3.5732339069420049E-016
  -3.9811904364707726E-018   1.1899616554773134E-018   1.0374218615669102E-017   1.8787311946840464E-018   8.5046691837074520E-018   2.1965285477362743E-018   5.6631583629172991E-017  -4.6616902712008247E-012  -2.6937856260050988E-005  -3.2075391947837561E-017  -9.5726658565581933E-018   1.5697805613649212E-011   1.9843139294322844E-004  -2.0540657331577028E-017   5.7307589329591262E-018   8.4808735151697697E-018  -2.4057861500341554E-019  -3.0057861171328253E-018  -9.8898946552987220E-018  -1.2405558123410984E-017   2.1194727680014502E-010   4.6543773779144917E-003  -2.0487267951556528E-016   1.3522037675951335E-015  -3.1369766222370940E-018  -5.9638240362452532E-018  -1.7274679436619738E-018  -8.4229918148745492E-018  -3.2668101682423832E-018   1.4407321812819163E-018   6.1713575642376644E-010   1.6246134905015260E-002  -6.7902565623230438E-016   2.4088573965882846E-015  -1.6874235353241420E-015  -4.9725161599977574E-016
   4.4461945151430193E-018  -4.1900594215679863E-018  -2.4861738754892973E-018  -3.4837502299824257E-018   5.2399880458258054E-018  -4.3910769902395169E-020   1.0526611822333033E-016   3.5001588859677586E-017  -3.6151531418140902E-017  -2.6937849146126213E-005  -9.7375121761435505E-017  -7.3427985869552363E-017  -2.0540657331577028E-017   1.9843136094633846E-004  -2.8741151970861963E-018   2.5709010711547346E-018   1.2773402127564294E-017   4.8625491363828324E-018  -2.0909447823681230E-018   1.0830347702689490E-017  -1.1401362049156790E-015  -2.8860463920873144E-016   4.6543770229917729E-003  -6.5953489006163745E-016   8.8307521466368554E-019   5.9132383605105773E-019   8.7525565029286084E-019  -2.4011808044960164E-018   5.6904863888089949E-019  -4.1119647148954556E-018  -3.9516882198139050E-015  -9.6144719315409584E-016   1.6246133582837819E-002  -1.2828686711670904E-015   8.8062657117837843E-016   2.5814832894067450E-016
  -1.0064671181584555E-016  -1.2701963436989195E-017  -3.4276764608480539E-024  -1.0064672305086027E-016   6.2190132349470816E-025   2.0129352343707458E-016   4.9969972791902112E-009   2.7157866737153287E-019  -7.7797409539908590E-019   3.9017297055214350E-019   2.8203376469357395E-009  -2.0005243380891024E-018   5.7307589329591262E-018  -2.8741151970861963E-018   5.0236288971014852E-017   1.5521642325335168E-017  -1.0729366432143735E-024   5.0236292498796044E-017  -1.7300368073960540E-024  -1.0047215533798403E-016  -4.6924027997531062E-017   1.3441983048201004E-016  -6.7414833156869734E-017  -1.6060431279213849E-009   1.2746073196269163E-017  -1.1147906127913458E-017   5.0981740472847981E-025   1.2746074545739990E-017  -1.5738835073130818E-024  -2.5491982351333298E-017  -1.6378863100625548E-016   4.6919330570208870E-016  -2.3531191734265008E-016  -1.3893708177475180E-009   8.0906319872894381E-010   2.2680869344771968E-010
  -3.1098614420193557E-017  -3.9291253797254801E-018  -9.8509237527810152E-025  -3.1098617871560819E-017   1.5980999992206784E-025   6.2197260020542757E-017   1.5436314918118246E-009   7.4427280883066747E-019  -1.1513128383726582E-018  -3.4900988343886204E-019   8.7264242649736818E-010  -5.4825121603491225E-018   8.4808735151697697E-018   2.5709010711547346E-018   1.5521642325335168E-017   4.8091237910056335E-018  -4.0720937612239008E-025   1.5521643365951734E-017  -5.5415851441328935E-025  -3.1043149584409378E-017  -1.2859700244148425E-016   1.9892611070512696E-016   6.0302681145348565E-017  -4.2498986335074208E-010   3.9096723894170758E-018  -3.3711063246800523E-018   2.8670866518884889E-025   3.9096719358472318E-018  -4.8393639013447637E-025  -7.8192790116115972E-018  -4.4886868982923545E-016   6.9435290416329419E-016   2.1048690436983206E-016  -2.9956475050286927E-010   1.5952899611106185E-010   4.3414638555564236E-011
   2.1582457958306490E-024   2.9715408405921169E-025  -7.2425195388539700E-031   2.1582451360107198E-024   4.3625053140049867E-031  -4.3164947143917244E-024  -1.0500060358273525E-016  -7.2407717731158795E-019   3.2659442420242397E-020  -1.7340403147668920E-018  -6.7234433895468244E-017   5.3337445308938594E-018  -2.4057861500341554E-019   1.2773402127564294E-017  -1.0729366432143735E-024  -4.0720937612239008E-025   1.4177708131696066E-030  -1.0729356526059562E-024   5.5270432181628329E-032   2.1458389579453307E-024   1.2510752232067235E-016  -5.6429805793183788E-018   2.9961105484757315E-016  -3.6933010508334666E-016  -1.1064536635681470E-025  -1.7720268881230714E-025  -6.1673180200561368E-031  -1.1064060569221087E-025  -4.7850837821704818E-032   2.2120174277634602E-025   4.3668863113475462E-016  -1.9696864190614181E-017   1.0457943557008737E-015  -7.0531932077215206E-016   4.9523457170476355E-016   1.4623694197402462E-016
  -1.0064671887799279E-016  -1.2701964312098345E-017  -3.4276779269093988E-024  -1.0064673011300944E-016   6.2190119898069304E-025   2.0129353756137611E-016   4.9969976312227272E-009  -1.1303583784484314E-018   4.0804675112155241E-019  -6.6011008810664565E-019   2.8203378404263505E-009   8.3265165460783731E-018  -3.0057861171328253E-018   4.8625491363828324E-018   5.0236292498796044E-017   1.5521643365951734E-017  -1.0729356526059562E-024   5.0236296026578887E-017  -1.7300364448895488E-024  -1.0047216239353344E-016   1.9530552108891212E-016  -7.0503285023083980E-017   1.1405523556902684E-016  -1.6060435039455990E-009   1.2746074196728150E-017  -1.1147907181611185E-017   5.0981720446491509E-025   1.2746075546202515E-017  -1.5738836710401010E-024  -2.5491984352295134E-017   6.8171521151629581E-016  -2.4609218557822466E-016   3.9811054999168089E-016  -1.3893713946646614E-009   8.0906358979771884E-010   2.2680880790763236E-010
   3.4683132993979429E-024   4.4413584542901524E-025  -5.2412661645445913E-031   3.4683133926858740E-024  -4.6559603655103082E-031  -6.9366302676396545E-024  -1.7163954139627320E-016  -1.5016427487024277E-019   1.3425927919005528E-018   2.8385409872739700E-019  -9.8940888643708018E-017   1.1061508003041755E-018  -9.8898946552987220E-018  -2.0909447823681230E-018  -1.7300368073960540E-024  -5.5415851441328935E-025   5.5270432181628329E-032  -1.7300364448895488E-024   6.0951932183848563E-031   3.4600524192816824E-024   2.5945717209906246E-017  -2.3197590584667023E-016  -4.9044895448925048E-017  -4.9324029300607688E-017  -3.9706207312298894E-025   2.7625468241280229E-025  -1.1639467840010838E-031  -3.9706053002304231E-025   1.8502055461958402E-031   7.9409663330439904E-025   9.0563702989702341E-017  -8.0971342851651134E-016  -1.7119152984031148E-016  -1.4268422551275085E-016   1.0499594374182847E-016   3.1353720603915846E-017
   2.0129257644512267E-016   2.5403818485531790E-017   6.8553490956016858E-024   2.0129259891506438E-016  -1.2438081258154326E-024  -4.0258535250005749E-016  -9.9939526243497171E-009   3.2224236028971186E-019   1.6841055176336886E-018  -1.4702636473620360E-018  -5.6406511529009748E-009  -2.3737148865366464E-018  -1.2405558123410984E-017   1.0830347702689490E-017  -1.0047215533798403E-016  -3.1043149584409378E-017   2.1458389579453307E-024  -1.0047216239353344E-016   3.4600524192816824E-024   2.0094346547294327E-016  -5.5677453693720286E-017  -2.9098292447413764E-016   2.5403506769936816E-016   3.2120967022643212E-009  -2.5492048758917549E-017   2.2295743125393249E-017  -1.0195871227314010E-024  -2.5492051458140758E-017   3.1477547252463212E-024   5.0983769441877462E-017  -1.9434251418713772E-016  -1.0156778146458663E-015   8.8671107152476259E-016   2.7787735721277946E-009  -1.6181500109136262E-009  -4.5362444610829839E-010
   2.3265723364206058E-016  -7.3517006779581745E-017  -1.7952606715615178E-016  -2.2442022442940077E-018  -5.2984050144794881E-017  -1.3725482347533392E-016  -4.2930821147524291E-016  -6.3185036866847638E-004  -8.8130614286572991E-011   1.0856759436392779E-015   2.6112779652982185E-016   4.6543773779138247E-003   2.1194727680014502E-010  -1.1401362049156790E-015  -4.6924027997531062E-017  -1.2859700244148425E-016   1.2510752232067235E-016   1.9530552108891212E-016   2.5945717209906246E-017  -5.5677453693720286E-017  0.10917238676160891        1.3062710853790969E-009   2.2845833840164087E-016   9.4088189323377876E-016   1.3107024843052517E-017   2.6350614744554210E-017   5.9116803684485283E-017   6.7089666572004721E-017  -9.4887323897960589E-017   8.1547582221346908E-017  0.38106693532149366        1.6822706010272376E-009  -4.2463455711752585E-016   1.2986137559705874E-015  -9.1982952296060473E-016  -2.4606563791608702E-016
  -9.3382212095954156E-017   2.7911570028500670E-017   2.4333614211977154E-016   4.4067250091966103E-017   1.9948426315582586E-016   5.1521434591035424E-017   1.0403890327446162E-015  -8.8131450824570270E-011  -6.3185036866704014E-004  -7.7858254719056542E-016  -1.0180380874280368E-015   2.1194875409696756E-010   4.6543773779144917E-003  -2.8860463920873144E-016   1.3441983048201004E-016   1.9892611070512696E-016  -5.6429805793183788E-018  -7.0503285023083980E-017  -2.3197590584667023E-016  -2.9098292447413764E-016   1.3062710853790969E-009  0.10917238676160525       -2.7393214920793524E-016  -9.6124863574777658E-017  -7.3580447998682178E-017  -1.3988660654515118E-016  -4.0519234344058033E-017  -1.9756843964929922E-016  -7.6625812515686563E-017   3.3793574604609947E-017   1.6822745352581083E-009  0.38106693532148861       -1.0979241062310241E-016  -1.5588805780903858E-015   9.1961162159749941E-016   2.7616033003752269E-016
   1.0428930254627106E-016  -9.8281421229063269E-017  -5.8315331337022951E-017  -8.1714323288337359E-017   1.2290839434315453E-016  -1.0299912686552540E-018   1.7163775744479259E-015   6.6489182624640270E-016  -8.8555886774034535E-016  -6.3185025550701365E-004  -2.3726559327433645E-015  -5.7243979471015153E-016  -2.0487267951556528E-016   4.6543770229917729E-003  -6.7414833156869734E-017   6.0302681145348565E-017   2.9961105484757315E-016   1.1405523556902684E-016  -4.9044895448925048E-017   2.5403506769936816E-016   2.2845833840164087E-016  -2.7393214920793524E-016  0.10917238771552910        1.7723513165511363E-015   2.0713274719340642E-017   1.3870024572953121E-017   2.0529868708994092E-017  -5.6321754826081365E-017   1.3347521768410629E-017  -9.6449626729330905E-017   1.4533797884803967E-015   1.2115112244578258E-016  0.38106693669688635        1.0976947056727179E-015  -1.0702888260709068E-015  -3.4783882100179001E-016
   3.2095106457149933E-009   3.8173717083866599E-010   5.0395912516651598E-016   3.2095111112426137E-009  -1.9232077798437698E-016  -6.4190226532587517E-009 -0.16137538919937416        5.4026388281555049E-016  -1.0447663679839530E-015   5.3048526793593808E-016  -8.3580353588904144E-002  -9.6016696577194549E-016   1.3522037675951335E-015  -6.5953489006163745E-016  -1.6060431279213849E-009  -4.2498986335074208E-010  -3.6933010508334666E-016  -1.6060435039455990E-009  -4.9324029300607688E-017   3.2120967022643212E-009   9.4088189323377876E-016  -9.6124863574777658E-017   1.7723513165511363E-015  0.43115525882785771       -5.5953558559269537E-010   7.4718385903846719E-010   6.7252427621042517E-016  -5.5954027025393677E-010   6.2850202473286052E-017   1.1191463476551569E-009  -4.5220611129126947E-016   2.2960122714578934E-015   2.6468753186833633E-015  0.73603381359124509      -0.50813275717267037      -0.14941570884880012     
  -2.5533068387938508E-017  -3.2130284397565328E-018  -1.0275564616697497E-024  -2.5533071281086864E-017   2.2682114859448638E-025   5.1066161366581788E-017   1.2684997965001693E-009  -7.5859030322376443E-020   4.2585732138542150E-019  -1.1988107372886569E-019   7.1294670627152705E-010   5.5879602185809461E-019  -3.1369766222370940E-018   8.8307521466368554E-019   1.2746073196269163E-017   3.9096723894170758E-018  -1.1064536635681470E-025   1.2746074196728150E-017  -3.9706207312298894E-025  -2.5492048758917549E-017   1.3107024843052517E-017  -7.3580447998682178E-017   2.0713274719340642E-017  -5.5953558559269537E-010   3.2948321476534836E-018  -2.9849146983546300E-018  -1.4639877034588850E-025   3.2948343481462688E-018  -4.0434691811442145E-025  -6.5896548685935719E-018   4.5750160358282479E-017  -2.5683303983872081E-016   7.2299823119655868E-017  -6.2938353809555685E-010   3.9833959214137242E-010   1.1445808833168559E-010
   2.2326076232726293E-017   2.7936400933138361E-018   1.1664088406865812E-024   2.2326078835302107E-017  -3.1542856128811175E-025  -4.4652172731420549E-017  -1.1105501823385037E-009  -1.5250707435967447E-019   8.0961221813570699E-019  -8.0274185425966264E-020  -6.1908396399332882E-010   1.1234118472460993E-018  -5.9638240362452532E-018   5.9132383605105773E-019  -1.1147906127913458E-017  -3.3711063246800523E-018  -1.7720268881230714E-025  -1.1147907181611185E-017   2.7625468241280229E-025   2.2295743125393249E-017   2.6350614744554210E-017  -1.3988660654515118E-016   1.3870024572953121E-017   7.4718385903846719E-010  -2.9849146983546300E-018   2.8759078188997901E-018   5.9559825271000444E-025  -2.9849197734835958E-018   3.6215539056129725E-025   5.9698757395850023E-018   9.1976993958410720E-017  -4.8827511992841700E-016   4.8413408123687148E-017   1.0199195997214889E-009  -6.7574449123283157E-010  -1.9660453623163477E-010
  -1.0361694365302769E-024  -1.7305079364858371E-025   4.8196214419108179E-031  -1.0361695708688904E-024  -3.8603940507136767E-031   2.0723434697309434E-024   4.7768950186719736E-017  -3.4214669153754773E-019   2.3451065928430526E-019  -1.1881944748610519E-019   4.0564827050387106E-017   2.5203434270682851E-018  -1.7274679436619738E-018   8.7525565029286084E-019   5.0981740472847981E-025   2.8670866518884889E-025  -6.1673180200561368E-031   5.0981720446491509E-025  -1.1639467840010838E-031  -1.0195871227314010E-024   5.9116803684485283E-017  -4.0519234344058033E-017   2.0529868708994092E-017   6.7252427621042517E-016  -1.4639877034588850E-025   5.9559825271000444E-025   1.3053322610974368E-030  -1.4640711373265575E-025  -1.3673520408476138E-032   2.9294514650694209E-025   2.0634759384554644E-016  -1.4143265601470355E-016   7.1659641631269620E-017   1.2402127125705689E-015  -8.6642763497045774E-016  -2.5552770414987433E-016
  -2.5533070992049926E-017  -3.2130284834906417E-018  -1.0275616972584374E-024  -2.5533073885200023E-017   2.2682293312606464E-025   5.1066166574785125E-017   1.2684999505596279E-009  -3.8829098404992472E-019   1.1434550236128796E-018   3.2596978764020123E-019   7.1294670155727492E-010   2.8602531443365239E-018  -8.4229918148745492E-018  -2.4011808044960164E-018   1.2746074545739990E-017   3.9096719358472318E-018  -1.1064060569221087E-025   1.2746075546202515E-017  -3.9706053002304231E-025  -2.5492051458140758E-017   6.7089666572004721E-017  -1.9756843964929922E-016  -5.6321754826081365E-017  -5.5954027025393677E-010   3.2948343481462688E-018  -2.9849197734835958E-018  -1.4640711373265575E-025   3.2948365486960350E-018  -4.0434708287278854E-025  -6.5896592705573076E-018   2.3417693026926254E-016  -6.8961394306717458E-016  -1.9659145370865093E-016  -6.2939202739341490E-010   3.9834550747909608E-010   1.1445983176500195E-010
   3.1529536123061608E-024   3.9714435555965634E-025   9.8515057229671890E-032   3.1529540527552046E-024  -1.0411005604227786E-031  -6.3059104559570302E-024  -1.5660752717942576E-016   5.4917363757611964E-019   4.4348261468595614E-019  -7.7250623681271118E-020  -8.8142776402773176E-017  -4.0453583444982942E-018  -3.2668101682423832E-018   5.6904863888089949E-019  -1.5738835073130818E-024  -4.8393639013447637E-025  -4.7850837821704818E-032  -1.5738836710401010E-024   1.8502055461958402E-031   3.1477547252463212E-024  -9.4887323897960589E-017  -7.6625812515686563E-017   1.3347521768410629E-017   6.2850202473286052E-017  -4.0434691811442145E-025   3.6215539056129725E-025  -1.3673520408476138E-032  -4.0434708287278854E-025   1.8760813037468574E-031   8.0869132989796568E-025  -3.3120482725303655E-016  -2.6746290096795484E-016   4.6589612439701055E-017   6.6351320562576098E-017  -4.1262136671257370E-017  -1.1797169656091703E-017
   5.1065806400735450E-017   6.4260102484952258E-018   2.0551848352892300E-024   5.1065812187017709E-017  -4.5367709990784029E-025  -1.0213166198216692E-016  -2.5369836193861762E-009  -4.7196728436491263E-019  -1.9558558638244903E-019   5.5821579847184322E-019  -1.4258828086825000E-009   3.4766400592757366E-018   1.4407321812819163E-018  -4.1119647148954556E-018  -2.5491982351333298E-017  -7.8192790116115972E-018   2.2120174277634602E-025  -2.5491984352295134E-017   7.9409663330439904E-025   5.0983769441877462E-017   8.1547582221346908E-017   3.3793574604609947E-017  -9.6449626729330905E-017   1.1191463476551569E-009  -6.5896548685935719E-018   5.9698757395850023E-018   2.9294514650694209E-025  -6.5896592705573076E-018   8.0869132989796568E-025   1.3179290901324525E-017   2.8464236847817258E-016   1.1795669454622709E-016  -3.3665805908176136E-016   1.2589089816967478E-009  -7.9677865734080897E-010  -2.2894553790980825E-010
   8.1209160664431839E-016  -2.5661159742667735E-016  -6.2663692670789670E-016  -7.8334066905483834E-018  -1.8494118139650218E-016  -4.7908886144502246E-016  -1.3393709733784301E-015  -2.2054778750602772E-003  -2.9096787057720591E-010   3.7857626710784641E-015   9.2840335095379974E-016   1.6246134905012602E-002   6.1713575642376644E-010  -3.9516882198139050E-015  -1.6378863100625548E-016  -4.4886868982923545E-016   4.3668863113475462E-016   6.8171521151629581E-016   9.0563702989702341E-017  -1.9434251418713772E-016  0.38106693532149366        1.6822745352581083E-009   1.4533797884803967E-015  -4.5220611129126947E-016   4.5750160358282479E-017   9.1976993958410720E-017   2.0634759384554644E-016   2.3417693026926254E-016  -3.3120482725303655E-016   2.8464236847817258E-016   1.3301166485661196       -4.1711647778082308E-009   8.0737825279564301E-016  -2.2268626190566363E-015   1.4983053522174057E-015   5.2890209682971100E-016
  -3.2595123376870397E-016   9.7425520737639038E-017   8.4936641212733165E-016   1.5381702583514870E-016   6.9630113633129832E-016   1.7983591258175227E-016   3.6683189253314192E-015  -2.9097076774868755E-010  -2.2054778750553094E-003  -2.7238825563752992E-015  -3.4804028396394628E-015   6.1714074520896248E-010   1.6246134905015260E-002  -9.6144719315409584E-016   4.6919330570208870E-016   6.9435290416329419E-016  -1.9696864190614181E-017  -2.4609218557822466E-016  -8.0971342851651134E-016  -1.0156778146458663E-015   1.6822706010272376E-009  0.38106693532148861        1.2115112244578258E-016   2.2960122714578934E-015  -2.5683303983872081E-016  -4.8827511992841700E-016  -1.4143265601470355E-016  -6.8961394306717458E-016  -2.6746290096795484E-016   1.1795669454622709E-016  -4.1711647778082308E-009   1.3301166485661291        3.3771203607028955E-015  -6.3459509477251322E-016  -1.4335565894607408E-016  -2.4662607225093729E-017
   3.6402249434573981E-016  -3.4305194658208053E-016  -2.0355004722409589E-016  -2.8522438386672201E-016   4.2901255809042854E-016  -3.5951883295391825E-018   6.0833081199340877E-015   2.3278822259723908E-015  -3.0959474959291446E-015  -2.2054774687588295E-003  -8.2990996821664767E-015  -2.0502064028958284E-015  -6.7902565623230438E-016   1.6246133582837819E-002  -2.3531191734265008E-016   2.1048690436983206E-016   1.0457943557008737E-015   3.9811054999168089E-016  -1.7119152984031148E-016   8.8671107152476259E-016  -4.2463455711752585E-016  -1.0979241062310241E-016  0.38106693669688635        2.6468753186833633E-015   7.2299823119655868E-017   4.8413408123687148E-017   7.1659641631269620E-017  -1.9659145370865093E-016   4.6589612439701055E-017  -3.3665805908176136E-016   8.0737825279564301E-016   3.3771203607028955E-015   1.3301166465455374       -2.5900580014496622E-015   7.3947091958431043E-016   1.0493892784583147E-016
   2.7687302777964564E-009   3.0696937411650285E-010   8.1293934332522421E-016   2.7687307821720737E-009  -3.3120213250321194E-016  -5.5374599854959393E-009 -0.14115500047344992        9.6876962442905406E-016  -1.9149391784731282E-015   9.8818346302804908E-016  -6.6009917310080157E-002  -1.7390495764583603E-015   2.4088573965882846E-015  -1.2828686711670904E-015  -1.3893708177475180E-009  -2.9956475050286927E-010  -7.0531932077215206E-016  -1.3893713946646614E-009  -1.4268422551275085E-016   2.7787735721277946E-009   1.2986137559705874E-015  -1.5588805780903858E-015   1.0976947056727179E-015  0.73603381359124509       -6.2938353809555685E-010   1.0199195997214889E-009   1.2402127125705689E-015  -6.2939202739341490E-010   6.6351320562576098E-017   1.2589089816967478E-009  -2.2268626190566363E-015  -6.3459509477251322E-016  -2.5900580014496622E-015   1.2978237657697402      -0.90056066766717224      -0.26514762733161878     
  -1.6105916811856664E-009  -1.7365888293743524E-010  -5.5596654731202300E-016  -1.6105919971618016E-009   2.2897122056586894E-016   3.2211826474578186E-009   8.2537574270556205E-002  -6.7363184859086775E-016   1.3383966172060600E-015  -6.8832788425804375E-016   3.7060337955460682E-002   1.2092236547014598E-015  -1.6874235353241420E-015   8.8062657117837843E-016   8.0906319872894381E-010   1.5952899611106185E-010   4.9523457170476355E-016   8.0906358979771884E-010   1.0499594374182847E-016  -1.6181500109136262E-009  -9.1982952296060473E-016   9.1961162159749941E-016  -1.0702888260709068E-015 -0.50813275717267037        3.9833959214137242E-010  -6.7574449123283157E-010  -8.6642763497045774E-016   3.9834550747909608E-010  -4.1262136671257370E-017  -7.9677865734080897E-010   1.4983053522174057E-015  -1.4335565894607408E-016   7.3947091958431043E-016 -0.90056066766717224       0.62539254384436882       0.18416748778780992     
  -4.5135575066878160E-010  -4.8236058397347593E-011  -1.6309244446737784E-016  -4.5135584119906582E-010   6.7352349225758520E-017   9.0271126736720276E-010   2.3167934478643709E-002  -1.9858843967466661E-016   3.9466460263932077E-016  -2.0279611831548841E-016   1.0268489803705198E-002   3.5732339069420049E-016  -4.9725161599977574E-016   2.5814832894067450E-016   2.2680869344771968E-010   4.3414638555564236E-011   1.4623694197402462E-016   2.2680880790763236E-010   3.1353720603915846E-017  -4.5362444610829839E-010  -2.4606563791608702E-016   2.7616033003752269E-016  -3.4783882100179001E-016 -0.14941570884880012        1.1445808833168559E-010  -1.9660453623163477E-010  -2.5552770414987433E-016   1.1445983176500195E-010  -1.1797169656091703E-017  -2.2894553790980825E-010   5.2890209682971100E-016  -2.4662607225093729E-017   1.0493892784583147E-016 -0.26514762733161878       0.18416748778780992        5.4236862515726181E-002
