  0.13698174499656607       -1.5945029092568738E-008  -4.6133893966724093E-009  -4.2469129647198823E-015   2.0722972825292601E-016  -1.8027452883132433E-016  -8.5227917863693004E-017   9.5210659278017332E-017  -1.3250041917458834E-016   4.8502163370615486E-016  0.31485322199121429       -1.3193616104450030E-008  -3.9476826058581441E-009  -4.2982119342108217E-015   5.4709996064850353E-010   2.9642723489900540E-010   3.8251790670079301E-011   4.1338737269062820E-010  -5.4140401474856471E-010  -1.1473688938244344E-009   6.4570733163662651E-010  -6.1607236374207606E-010  -1.1627319872149157E-009   4.3068387449438518E-010  -2.0316771521643175E-016  -1.9459269291555487E-015  -3.6705475591437533E-016   2.1888582029684294E-016  -3.6249921665241644E-017  -7.1303750328809906E-017  0.18654381019025432       -8.3268528428367310E-009  -2.0378286025120513E-009  -2.7303966329853997E-015  -1.3326578604227304E-014  -2.7991364014655697E-015   1.7960258864391833E-015  -7.0035074130189383E-016   9.1443976432838075E-017 -0.31778739512728099        1.5474872080835329E-008   4.2232515344960619E-009   9.3520173433163544E-015   1.9365559156987670E-010   1.3974023191115820E-010   2.8184754707176775E-011   1.6842500024499579E-010  -2.4644312953398259E-010  -4.2822800271474893E-010   2.4373182506536392E-010  -2.4036157159227574E-010  -4.6673991213998541E-010   1.5814785677328426E-010   1.7707409183945018E-014  -8.5947550492746203E-002   4.2170150104382968E-009   1.1549890754140689E-009  -1.5256736762586950E-014   3.6594354796469131E-015
  -1.5945029092568738E-008  0.13698175283891448        3.6623452654192075E-009  -2.4549232946102517E-015  -2.4848590866430507E-016  -1.2811642688435503E-016   3.5393799416626027E-017  -4.0997790624016664E-016  -2.9356979202412037E-017  -2.0790967879349441E-016  -1.3070821808722346E-008  0.31485322852070829        2.8071994817666784E-009  -5.4018412384467147E-015   7.3567552795712065E-010  -7.1728801874613045E-010   2.0420435981325211E-011   1.7345975433359193E-010  -4.5753825723656696E-010  -1.1604742830899899E-009   7.5711278849555089E-011   4.3833071611586221E-010   6.1571618969060468E-010  -3.4193361121220546E-010  -7.2401693671625775E-017   1.0758239717135344E-016   1.1193454654578813E-016   9.5392992937470261E-016  -1.5924560038534998E-016  -6.8254130273152131E-017  -8.2567349945754528E-009  0.18654381416392274        2.2342354256496707E-009  -1.2582436954902018E-015   5.0622386220792924E-016   7.6318200777029219E-016   3.8809184303942721E-015  -6.5712891749409921E-016  -1.9057332272252856E-015   1.5361587866628617E-008 -0.31778740267969169       -3.7177017287153696E-009   2.3431809754003494E-015   2.5554476400011277E-010  -3.0538702551491667E-010   3.6210580352808723E-012   1.0329688253568562E-010  -1.9007082342185856E-010  -4.4614735702993132E-010   5.0535580163718968E-011   1.5470357069675359E-010   2.3758873850456966E-010  -1.1800849413691518E-010   7.7847035457054474E-015   4.1864833859006805E-009  -8.5947552552490411E-002  -1.0092354293214135E-009  -5.0462873110823439E-015   1.1211507662234690E-015
  -4.6133893966724093E-009   3.6623452654192075E-009  0.13698174483219699       -5.9987718781762016E-015   9.1869306985291726E-016  -1.6575792686441552E-016   1.3039575187330381E-016   7.4686884149546202E-016   2.6223134073173350E-016   7.6585255324027106E-016  -4.0892917125960083E-009   2.7935177138898367E-009  0.31485322176071051       -7.2257321654792286E-015  -2.7524557900782773E-010  -5.1840030017737066E-010  -4.3931544774369343E-010   5.6631455387695840E-010  -1.9810053148502872E-009  -1.9703099973900828E-010   4.2286170598369458E-010   2.3989502162587588E-010  -4.8933395100596505E-011   1.4860439091801983E-010  -3.9691192285105200E-016   1.7078831349026874E-017  -3.6251604195874751E-017   7.9400267076995220E-016   1.6550271583165287E-016   5.0930597056936817E-016  -2.1185746509331572E-009   2.2084277657668356E-009  0.18654381024385772       -3.5673200187082771E-015  -1.5423282514025148E-016   2.5851046779958664E-016   3.3515358393357262E-015   1.2673584274661405E-015   1.1389953066998478E-015   4.3550116890205145E-009  -3.6895492117766139E-009 -0.31778739505458042        1.0321885441242050E-015  -1.0207357397388815E-010  -1.9304341216957525E-010  -1.8157977563247074E-010   2.2656162372387871E-010  -7.4276078367939499E-010  -8.9613501505791217E-011   1.7583860767203406E-010   1.0449493975896827E-010  -4.2869805857033231E-011   5.7449954890050125E-011   3.9744530477114096E-015   1.1905520588363015E-009  -1.0017691567701620E-009  -8.5947550471727821E-002  -9.7618444728259743E-016   7.0353343302935085E-017
  -4.2469129647198823E-015  -2.4549232946102517E-015  -5.9987718781762016E-015  0.43148751748943043       -4.7300003193450729E-011  -2.1662600952091944E-010   2.0994527020697331E-010   2.5184656474582065E-011   2.4138376202875894E-010   2.2360211486576549E-011   2.1655936331722648E-015   3.9632949741375041E-015   1.7369504213899580E-015  0.82264021131727272       -5.4140251107615746E-016   2.8331437547688571E-016  -1.4479195313680212E-015  -2.7695149351549874E-016   3.3006813285869638E-016  -2.8338529261150036E-017  -1.1120316565796980E-015   2.3991001993825628E-016   3.2494833196834427E-016  -8.2250748807439121E-016   3.4631152831343313E-010   2.0915247416153661E-009   7.0400408829023326E-010  -6.3114407625152759E-010  -4.1255319372850351E-010   2.8495599863057746E-010  -4.6289495365238494E-015  -8.9533785151558515E-017  -7.4339167658056957E-015  -1.8952178269281416E-010   2.8649147278535043E-010   6.4719748608917215E-010  -6.5991264838710375E-011   3.5337721540608444E-010   2.5560337157992215E-010  -7.1506492565576117E-016   1.2149409450868793E-014   1.7399291678198190E-014 -0.32371476836761948       -1.4051825281166411E-016   1.7617059798006012E-016  -1.8284347822941444E-016  -3.8771763000884195E-016   3.4314423491955755E-016   5.7619316872038776E-017  -3.1789628578644011E-016  -6.2500817887624931E-017   1.8416714133458309E-016   2.1514048586925408E-016 -0.76242454488854616       -4.0181543111376360E-016   4.0082905290725120E-015   5.2835952959698857E-015  0.44811923738987530       -9.2921250897822938E-002
   2.0722972825292601E-016  -2.4848590866430507E-016   9.1869306985291726E-016  -4.7300003193450729E-011   4.4307192651483985E-004   1.1297932488297261E-011   1.7691660969895317E-013  -2.2153595982040105E-004  -1.9084156468706096E-013  -2.2153596669512512E-004   6.3473933372702074E-016  -4.5084854920084306E-016   2.4021153130383456E-015  -8.9464700045485905E-011  -5.7297273347382719E-018  -1.0024571434600385E-018  -1.4418412107709462E-018   1.8434146695559570E-017  -4.4585455737717727E-018  -1.4553981977683717E-017  -2.1231536755073497E-017  -1.3702860036075611E-017  -2.6442795944033611E-018  -4.9261739591686772E-017   3.8523227712745681E-003   6.1145075958251759E-011  -4.1712530160563364E-012  -1.9261613688141938E-003   2.9090944459604201E-012  -1.9261614024626630E-003   4.2170606830707863E-016  -3.9412563569455629E-016   1.2553769228155527E-015   2.7157339883004249E-002   3.2504121266129476E-010  -1.8362598804156534E-011  -1.3578669838592993E-002   7.2936814473381543E-012  -1.3578670044419495E-002   3.3862629227053845E-015  -9.8898826178610459E-016  -3.6510411500279596E-015   2.9897110593983735E-011   1.7997736878119231E-018  -1.8669618949410877E-017  -1.2023168233566902E-017  -9.3875595181984431E-018   4.3859969750415362E-019   4.1746964353646139E-018  -1.1836530824400492E-017  -6.4489623440315648E-018  -1.0715890120505331E-017  -1.3238862648479446E-017   9.6296979603847031E-011   1.1373828013934581E-015  -3.5114281737613598E-016  -1.0616010835339148E-015  -5.5492972849215325E-011   1.1620245711129409E-011
  -1.8027452883132433E-016  -1.2811642688435503E-016  -1.6575792686441552E-016  -2.1662600952091944E-010   1.1297932488297261E-011   4.4307191284516568E-004   3.1109983555216364E-012   3.0305864500290146E-012   2.4832489952716625E-012  -1.4328324759792939E-011   4.8127439159984692E-016  -3.0674880619931063E-016  -3.3663938902619573E-016  -4.7392109196393155E-010  -1.6320759304055718E-019  -1.7040567751479022E-017  -1.0637000725156954E-017   4.1788809227078101E-018  -8.3687169167028352E-018  -1.3866836567979331E-017   1.2340641610775940E-017   4.6239980424595866E-018  -8.7426271227424018E-018   5.0982474379211252E-018   6.4199070502236165E-011   3.8523226969350297E-003   8.8070859860615813E-012   2.0517087325359961E-011   1.0838834325774163E-011  -8.4716107762338326E-011  -2.4585466555942026E-016  -4.8458046316953401E-017  -2.6924034892151562E-016   3.4492875923277310E-010   2.7157339476672104E-002   9.9352096929254435E-011   9.2873379816051586E-011   8.5098160147040601E-011  -4.3780218194142120E-010  -1.4042116969678410E-015   3.9388320182504783E-015  -7.2691026190767002E-017   1.6045035580042197E-010   7.4433605455602903E-018  -3.1751429994313006E-018   3.2204539651933307E-018  -4.6036270097114338E-018   1.0115462646699449E-018  -8.5968312387456983E-018   3.4178604816010614E-018  -9.9036257798485564E-018  -2.2784389204460039E-018  -8.5257761108342029E-018   5.5159877158631790E-010  -4.5620534911348376E-016   1.2702240470506897E-015  -4.3909417622143797E-017  -3.2717295149179121E-010   6.9563097427893126E-011
  -8.5227917863693004E-017   3.5393799416626027E-017   1.3039575187330381E-016   2.0994527020697331E-010   1.7691660969895317E-013   3.1109983555216364E-012   4.4307191437985163E-004  -7.0035438629603665E-012  -4.3890279318593701E-012   6.8265615167173028E-012  -1.4200417159270320E-017   3.4309550203602212E-017   2.5794736800364431E-016   3.5126428218672260E-010  -1.5662490983535192E-017   1.2516184548355497E-018   1.2994897371416507E-017   5.2175208625566427E-018   1.9727271024803268E-018  -1.3184157941528792E-017  -2.6176214403176545E-018   7.8020442109347892E-018   1.0406926644231297E-017   2.0930578451173338E-017   3.8867220908135198E-012   9.5070473784329002E-012   3.8523227003264271E-003  -3.9624191820649870E-011  -2.7291181725501601E-011   3.5737163489455009E-011  -9.0729929565862305E-017   5.9132669222849081E-017   1.6204914585712910E-016   3.0406240235232410E-011   9.6321974118911684E-011   2.7157339525713371E-002  -2.6373788023189437E-010  -1.2466812352527476E-010   2.3333207785048910E-010  -8.2690243342416832E-017   6.6324353280686261E-016  -5.6217952288609474E-016  -1.4408088994817116E-010  -1.3530310119002107E-018   2.8977652844787907E-018   3.0550624798422918E-017  -6.9205277098361233E-018   2.3733592554019183E-018  -8.3360231105667511E-018   1.5560647650605125E-017   2.1091223776931094E-017   2.1294497297928911E-018   2.9710335655884824E-017  -2.6889011879558202E-010  -3.2257951292528599E-017   2.1885002356419699E-016  -1.6822626786518199E-016   1.5197355182530734E-010  -3.0271496233435772E-011
   9.5210659278017332E-017  -4.0997790624016664E-016   7.4686884149546202E-016   2.5184656474582065E-011  -2.2153595982040105E-004   3.0305864500290146E-012  -7.0035438629603665E-012   4.4307191462564070E-004   1.5824918813651824E-012  -2.2153595480453426E-004   9.4134028852642220E-017  -1.1555192990749719E-015   1.5836806784473967E-015   6.4971702602489042E-011   2.7526708829544930E-018  -1.0291290012826823E-017   8.9341560740246348E-018  -1.7641119354056779E-017   4.4083677910464423E-018   2.1040152306165104E-017   2.8066773146444538E-017   1.2535588414691742E-017  -1.6152933691472480E-017   4.9492403550211608E-018  -1.9261613662246485E-003   1.9063939833588344E-011  -2.5004293240049595E-011   3.8523227051985155E-003   6.8966398534759679E-012  -1.9261613389724979E-003   1.3037972304547097E-016  -6.5718713921698895E-016   8.3337205110059033E-016  -1.3578669839290659E-002   8.2725109469926213E-011  -1.6060357069485294E-010   2.7157339530579097E-002   4.2463013296722283E-011  -1.3578669691284904E-002  -3.0701634705338529E-016  -4.7033893238443036E-016  -3.2496043268174351E-015  -1.8721406145760195E-011   5.0057986966836084E-020   1.0981843383931830E-017   1.2925507292959776E-017   8.1678826781540122E-018  -2.4924693510085837E-018  -7.5263432033779698E-018   7.4230712812807284E-018   2.0406374980485138E-017   2.0319330205827223E-018   6.1986755088646969E-018  -1.0654036887629181E-010  -9.0702868758225700E-017  -2.1392526761910535E-016  -9.7355054602275551E-016   6.5362578243208777E-011  -1.4418107786405326E-011
  -1.3250041917458834E-016  -2.9356979202412037E-017   2.6223134073173350E-016   2.4138376202875894E-010  -1.9084156468706096E-013   2.4832489952716625E-012  -4.3890279318593701E-012   1.5824918813651824E-012   4.4307192492580518E-004  -1.3915704236041793E-012  -2.3811735270238675E-016   3.1633684056979227E-020   4.9339790975127686E-016   4.5273549785563109E-010   1.2301881536834563E-018  -2.4542871224767823E-017   1.1205267584321431E-017   2.3584226607812543E-018   1.4862933699300811E-017   1.2183974395019167E-017  -6.5143165644970786E-018  -7.2419770769807443E-018  -4.3899781567420786E-018  -2.4449340365550781E-019  -1.9568370076508571E-012   5.8139413550627308E-012  -2.8398728905566260E-011   8.3522939830720800E-012   3.8523227576027436E-003  -6.3954984076300095E-012  -1.1861744011912986E-016  -2.8900059902365731E-017   2.6807103400721712E-016  -2.0731010280592292E-011   6.9686867131520995E-011  -1.3076941154177268E-010   5.2973366702751345E-011   2.7157339839247716E-002  -3.2242390136154026E-011   2.6994722515534036E-015  -1.2487880216929702E-017  -3.0268866682362687E-015  -1.6930674593845459E-010   6.0636684451373020E-018   1.2747000502416006E-017  -1.1500957076158809E-018   2.8698894286703304E-018   1.6892319123254649E-018   8.5655741527877901E-018   2.5778741607940374E-017   1.0370773047000337E-018  -2.3684215606377887E-018  -6.7967142897491393E-018  -4.1024129499107648E-010   8.6513522253319928E-016  -7.4530370099272467E-018  -9.5833186041953890E-016   2.3528773831172291E-010  -4.8159753512643657E-011
   4.8502163370615486E-016  -2.0790967879349441E-016   7.6585255324027106E-016   2.2360211486576549E-011  -2.2153596669512512E-004  -1.4328324759792939E-011   6.8265615167173028E-012  -2.2153595480453426E-004  -1.3915704236041793E-012   4.4307192149964033E-004   1.0685064468494084E-015  -3.6890722720440186E-016   1.6144779746974244E-015   2.4963587457675640E-011   2.9770499570858268E-018   1.1293744171599868E-017  -7.4923225364323503E-018  -7.9301589672826584E-019   5.0142624969089191E-020  -6.4861730601289137E-018  -6.8352255396700110E-018   1.1672694346212745E-018   1.8797201711250589E-017   4.4312506584678785E-017  -1.9261614050558869E-003  -8.0207327489456509E-011   2.9174974704084806E-011  -1.9261613363781888E-003  -9.8050396644650275E-012   3.8523227414349950E-003   7.2183309808432906E-016  -3.8575736775979597E-016   1.0360336902121721E-015  -1.3578670043755655E-002  -4.0775442028061224E-010   1.7896214028257218E-010  -1.3578669691942869E-002  -4.9751797842451607E-011   2.7157339735703230E-002   2.7475122737621175E-016  -3.1431388529521205E-015  -3.5305085658923213E-015  -1.1278948063172790E-011  -1.8498350886159824E-018   7.6877734278245950E-018  -9.0234247746854911E-019   1.2196829193721772E-018   2.0538570630800633E-018   3.3516452689053237E-018   4.4134643070126191E-018  -1.3957413396624651E-017   8.6839528463915108E-018   7.0401902539071074E-018   9.9756486253741540E-012   1.5122261195575825E-016  -1.0508403398114426E-015  -1.0548988838169164E-015  -9.7689057050528140E-012   2.7830597269282908E-012
  0.31485322199121429       -1.3070821808722346E-008  -4.0892917125960083E-009   2.1655936331722648E-015   6.3473933372702074E-016   4.8127439159984692E-016  -1.4200417159270320E-017   9.4134028852642220E-017  -2.3811735270238675E-016   1.0685064468494084E-015  0.72370880715662822        2.3866117829593079E-008   5.8980257829652303E-009   1.1617654669625867E-014   1.2573966324426802E-009   6.8131966366534815E-010   8.8029085189497450E-011   9.5028672425342485E-010  -1.2444980897928193E-009  -2.6371924055040983E-009   1.4840981540876796E-009  -1.4160928908748068E-009  -2.6724404347883860E-009   9.8988456233084188E-010   9.9864707923267529E-016   3.2805159050682261E-015   7.3181533179818248E-016  -5.8860679653909257E-016   5.5586751849255776E-016  -5.3849808780273555E-016  0.42849830131765998        1.3009658816560737E-008   4.2056443323753418E-009   4.0135223420830071E-015   2.4057045228106328E-014   4.6732324261257865E-015  -3.5310134851336243E-015   2.8162669879812770E-015  -2.4214043541394658E-015 -0.73746844373064824       -1.8205314720261441E-008  -4.9809706544068095E-009  -1.3236520072148687E-014   4.4560014082887323E-010   3.2314449130472674E-010   6.5196848455433168E-011   3.8684002555833858E-010  -5.6694250415591037E-010  -9.8464536704696558E-010   5.5947214334032535E-010  -5.5275317865060184E-010  -1.0737531184499090E-009   3.6340439982772760E-010  -3.3301143897700363E-014 -0.19984759017136686       -4.7984853972362707E-009  -1.2937625425732228E-009   2.6603181071914677E-014  -6.3272185036720865E-015
  -1.3193616104450030E-008  0.31485322852070829        2.7935177138898367E-009   3.9632949741375041E-015  -4.5084854920084306E-016  -3.0674880619931063E-016   3.4309550203602212E-017  -1.1555192990749719E-015   3.1633684056979227E-020  -3.6890722720440186E-016   2.3866117829593079E-008  0.72370879574243330       -6.4748811704515123E-009   5.7112154763567680E-015   1.6907827385553264E-009  -1.6487097843990398E-009   4.6989783498723853E-011   3.9881837920680084E-010  -1.0516192055607579E-009  -2.6672465986558427E-009   1.7406912059923257E-010   1.0074350550038728E-009   1.4151842220137669E-009  -7.8592344953388628E-010   8.4891334625733011E-016   2.2610727227008041E-016  -1.3133258900115887E-016   3.1203445468284962E-016   2.1919239204931842E-016   7.1119841867623706E-016   1.3003698919420586E-008  0.42849829478000129       -2.5278200334799203E-009   4.2496093008836064E-015   9.4828596410761294E-016  -1.0232960496457167E-015  -4.3776434935161748E-015   2.6271119648582640E-015   1.7785105061322884E-015  -1.8178402356031130E-008 -0.73746843478117818        4.4075289804598045E-009  -7.6036924325031991E-015   5.8681616364605188E-010  -7.0199147205992437E-010   8.4830830582596541E-012   2.3911175713808293E-010  -4.3670529208496606E-010  -1.0264110067884383E-009   1.1586820907830413E-010   3.5513029714113873E-010   5.4654346903493635E-010  -2.7102205998340974E-010  -1.0815060956610206E-014  -4.7908251354816561E-009 -0.19984758781077022        1.1780084826308384E-009   9.3134726574618303E-015  -2.1904315936476416E-015
  -3.9476826058581441E-009   2.8071994817666784E-009  0.31485322176071051        1.7369504213899580E-015   2.4021153130383456E-015  -3.3663938902619573E-016   2.5794736800364431E-016   1.5836806784473967E-015   4.9339790975127686E-016   1.6144779746974244E-015   5.8980257829652303E-009  -6.4748811704515123E-009  0.72370880696464834        1.3294977770978842E-014  -6.3268996523373277E-010  -1.1915746141749649E-009  -1.0096757438831572E-009   1.3018008404510438E-009  -4.5531553938181759E-009  -4.5295160893527613E-010   9.7198324563626161E-010   5.5125295833697198E-010  -1.1248967032030184E-010   3.4160820227192105E-010   1.5862170261215351E-015   4.1489837559210094E-016  -4.4707471297277975E-016   6.3808207903067792E-016  -6.2836727442898293E-016  -1.3167720155261093E-016   4.2126996031716384E-009  -2.5685813458554540E-009  0.42849830164765451        9.3995850592920339E-015   2.2900441739139871E-015  -1.9988943328370357E-015  -6.8660665972087206E-016  -4.1526638897875132E-015  -6.5786303148447294E-015  -5.0112846521245405E-009   4.4386435853844761E-009 -0.73746844375530796       -4.2143266749511385E-015  -2.3494305091432823E-010  -4.4364437760018981E-010  -4.1762559964701383E-010   5.2067945420512230E-010  -1.7068244132737175E-009  -2.0546555985515376E-010   4.0458034493249234E-010   2.4013439150304806E-010  -9.9159354131312840E-011   1.3228110713552099E-010  -7.7890721150519479E-015  -1.3023892940097705E-009   1.1859797691374132E-009 -0.19984759016648568        4.1080159912560866E-015  -7.6786417813411662E-016
  -4.2982119342108217E-015  -5.4018412384467147E-015  -7.2257321654792286E-015  0.82264021131727272       -8.9464700045485905E-011  -4.7392109196393155E-010   3.5126428218672260E-010   6.4971702602489042E-011   4.5273549785563109E-010   2.4963587457675640E-011   1.1617654669625867E-014   5.7112154763567680E-015   1.3294977770978842E-014   1.5693288252408413       -1.0641841923740338E-015   5.2369147150462534E-016  -2.7080005829870941E-015  -5.6460608057723293E-016   6.6139359609339013E-016  -4.5758485701561519E-017  -2.0218394337081829E-015   4.1089376976282953E-016   5.9447991526647432E-016  -1.4979831099454749E-015   6.6564837579235545E-010   3.4450528843852660E-009   9.0660786863879888E-010  -1.0495288267970865E-009  -8.5605578298955921E-010   3.8411804716654318E-010  -2.9845698108529309E-015  -2.4763048178507957E-015  -9.5381977550892642E-015  -3.2287168953572464E-010  -3.2726750433375056E-009  -1.8249935433691533E-009   9.4971023257637314E-010   1.9745144216367223E-010  -6.2665059614236782E-010   6.2298429694643040E-015  -7.9631058018855220E-015  -3.4899508948554279E-015 -0.59683737327092989       -2.8762191460633285E-016   3.5926510372492296E-016  -3.4768736435811405E-016  -7.2783324377224740E-016   6.4139677132333766E-016   1.0386743234507431E-016  -6.2284284599949333E-016  -8.8837103664487967E-017   3.6346333325321039E-016   3.8911907956364097E-016  -1.4119031524343200        2.1706222390178289E-015  -2.6286987439979543E-015  -1.3435200761903329E-015  0.81553483071986888      -0.16757193361100978     
   5.4709996064850353E-010   7.3567552795712065E-010  -2.7524557900782773E-010  -5.4140251107615746E-016  -5.7297273347382719E-018  -1.6320759304055718E-019  -1.5662490983535192E-017   2.7526708829544930E-018   1.2301881536834563E-018   2.9770499570858268E-018   1.2573966324426802E-009   1.6907827385553264E-009  -6.3268996523373277E-010  -1.0641841923740338E-015   6.6917606086133832E-018  -1.6263091163824206E-018   1.1437338481310955E-018   1.4424733668255937E-018  -6.3929352787057243E-019  -1.0420308103466749E-017   2.1357589147776660E-018  -5.8716521835746209E-019  -1.2390620588757451E-018  -4.1476836654108783E-019  -4.9817533948511339E-017  -1.4190229007351880E-018  -1.3617872320924688E-016   2.3933341561405210E-017   1.0695976858154449E-017   2.5884194667934463E-017   7.4689508547725085E-010   1.0045906941804220E-009  -3.7424794369123372E-010  -3.5119375949675497E-016  -1.0003526199636073E-017  -9.6000571517843144E-016   1.6872050229918581E-016   7.5402367313990797E-017   1.8247325578309827E-016  -1.2217767634483285E-009  -1.6363641857612157E-009   6.5360378093164813E-010  -2.8016868896605339E-016   2.3539844921059435E-018  -7.0683186170467139E-019   4.9304446396003938E-019   7.5745322432072211E-019  -5.1191303240317009E-019  -3.9156094942828910E-018   8.9857314066889630E-019  -3.3254547739479474E-019  -4.9871472209613811E-019  -1.1961673287698373E-019  -4.5021296235481403E-016  -3.2777348310660949E-010  -4.3861620558015717E-010   1.7761614614770728E-010   7.4798675689408920E-016  -2.0695228883264222E-016
   2.9642723489900540E-010  -7.1728801874613045E-010  -5.1840030017737066E-010   2.8331437547688571E-016  -1.0024571434600385E-018  -1.7040567751479022E-017   1.2516184548355497E-018  -1.0291290012826823E-017  -2.4542871224767823E-017   1.1293744171599868E-017   6.8131966366534815E-010  -1.6487097843990398E-009  -1.1915746141749649E-009   5.2369147150462534E-016  -1.6263091163824206E-018   6.3594090099424898E-018   1.6380713300187451E-018  -2.1574024408852348E-018   8.7209795843951269E-018   4.3393914050580260E-018  -5.9948411032596075E-019  -4.5359242785730874E-018  -5.5551204225531668E-018   2.1600713286422516E-018  -8.7159217251181959E-018  -1.4816053025855979E-016   1.0882297308568662E-017  -8.9478412930406939E-017  -2.1338986306415445E-016   9.8194326828275790E-017   4.0399335681112164E-010  -9.7649639597231116E-010  -7.0550184127611399E-010  -6.1443765693608730E-017  -1.0444726857020546E-015   7.6715847202951012E-017  -6.3078711633275927E-016  -1.5043134753233501E-015   6.9223087293182182E-016  -6.7960798926286620E-010   1.6722081784226198E-009   1.2145646145837724E-009  -5.6557410149448139E-016  -5.3212490170871629E-019   2.6297926644587828E-018   7.2899472228705341E-019  -1.0353407497379772E-018   3.2725821516594055E-018   1.7492888815014921E-018  -4.0215219297839825E-019  -1.7247487221142878E-018  -2.0902556242023563E-018   7.4221542668394937E-019  -1.2242261232381000E-015  -1.8335058304143896E-010   4.5271661981913908E-010   3.2915520813739170E-010   9.6816905272780063E-016  -2.2742760368232364E-016
   3.8251790670079301E-011   2.0420435981325211E-011  -4.3931544774369343E-010  -1.4479195313680212E-015  -1.4418412107709462E-018  -1.0637000725156954E-017   1.2994897371416507E-017   8.9341560740246348E-018   1.1205267584321431E-017  -7.4923225364323503E-018   8.8029085189497450E-011   4.6989783498723853E-011  -1.0096757438831572E-009  -2.7080005829870941E-015   1.1437338481310955E-018   1.6380713300187451E-018   1.4240012224641923E-018  -1.6731762742296579E-018   6.1345878836512966E-018   1.3869355547131363E-019  -1.1646360877670863E-018  -8.7737708287422296E-019  -7.5529876342126334E-020  -4.0731712724058179E-019  -1.2536173760597503E-017  -9.2484237953701445E-017   1.1298513926212226E-016   7.7678726793794086E-017   9.7425072295091691E-017  -6.5142555779858898E-017   5.0378362216795117E-011   2.6956900249161968E-011  -5.9975327525675565E-010  -8.8375015618958081E-017  -6.5197696425434368E-016   7.9650021113695622E-016   5.4760405462957155E-016   6.8680791510816111E-016  -4.5922904203316044E-016  -1.3278859837272137E-010  -6.9274771867245744E-011   9.8095749043427114E-010   2.2124709778254068E-015   4.1904971193561549E-019   6.2501039102316060E-019   5.9241580049390199E-019  -6.6112378369553745E-019   2.2846776603839424E-018   9.8903734626109129E-020  -4.9166028318521007E-019  -3.8262561690692435E-019   3.4625405555107017E-020  -1.5634972365166893E-019   4.8668827642553084E-015  -3.8385800313619010E-011  -1.9965049435355733E-011   2.6316065838366162E-010  -3.6536842517096563E-015   8.4270227547271726E-016
   4.1338737269062820E-010   1.7345975433359193E-010   5.6631455387695840E-010  -2.7695149351549874E-016   1.8434146695559570E-017   4.1788809227078101E-018   5.2175208625566427E-018  -1.7641119354056779E-017   2.3584226607812543E-018  -7.9301589672826584E-019   9.5028672425342485E-010   3.9881837920680084E-010   1.3018008404510438E-009  -5.6460608057723293E-016   1.4424733668255937E-018  -2.1574024408852348E-018  -1.6731762742296579E-018   3.8109604591476848E-018  -1.0402044172565314E-017  -5.7461434787766720E-018   3.7928627578873088E-018  -3.1423475131670439E-019  -2.9312636897156752E-018   1.4811899957243012E-018   1.6027706074179342E-016   3.6333603893346832E-017   4.5364130866279481E-017  -1.5338208321100029E-016   2.0505483148411132E-017  -6.8949728392781347E-018   5.6113875912428203E-010   2.3429772444279171E-010   7.6923303305513193E-010   1.1298893798460043E-015   2.5613743211939318E-016   3.1979904468810601E-016  -1.0812825622951230E-015   1.4455547993426043E-016  -4.8606815272910605E-017  -1.0057730726525808E-009  -4.5183146896200353E-010  -1.3647748429734429E-009  -5.7733875944459267E-016   4.8295744505695345E-019  -7.5004045382257161E-019  -6.5908452000213966E-019   1.5851378541274532E-018  -4.0541984167061310E-018  -2.2330493197457146E-018   1.5225076301315345E-018  -1.0288425702722753E-019  -1.2926149238633403E-018   5.6791628602692090E-019  -1.1199479683549499E-015  -2.7464123746387064E-010  -1.2497433787092911E-010  -3.7197245402653171E-010   1.2111886078749017E-015  -3.1046285945109495E-016
  -5.4140401474856471E-010  -4.5753825723656696E-010  -1.9810053148502872E-009   3.3006813285869638E-016  -4.4585455737717727E-018  -8.3687169167028352E-018   1.9727271024803268E-018   4.4083677910464423E-018   1.4862933699300811E-017   5.0142624969089191E-020  -1.2444980897928193E-009  -1.0516192055607579E-009  -4.5531553938181759E-009   6.6139359609339013E-016  -6.3929352787057243E-019   8.7209795843951269E-018   6.1345878836512966E-018  -1.0402044172565314E-017   3.2319672645930847E-017   1.1259594752931166E-017  -8.9195527232996170E-018  -2.5000522947964962E-018   3.2459025987055680E-018  -2.7085235912847972E-018  -3.8765043125110211E-017  -7.2762471747422958E-017   1.7152042824773311E-017   3.8328960404537611E-017   1.2922693744379336E-016   4.3606723045897440E-019  -7.3604363520454660E-010  -6.2363772399054769E-010  -2.7008836200796673E-009  -2.7327808275339324E-016  -5.1294642913313518E-016   1.2091505705250773E-016   2.7020393698286959E-016   9.1099839971562817E-016   3.0741335093130005E-018   1.2881146433023246E-009   1.0471818809116769E-009   4.5155644740695759E-009   4.4135712260198336E-016  -1.4983484572731876E-019   3.2512283608436317E-018   2.4979105803212260E-018  -4.2833181707080052E-018   1.2357902529503480E-017   4.4842667142470409E-018  -3.6675128328128570E-018  -1.0781067462533079E-018   1.6692595867780299E-018  -1.0581778585690701E-018   8.2904355341826122E-016   3.5018010144893211E-010   2.8241566387640911E-010   1.2167595094524763E-009  -9.7250514700086383E-016   2.5370741706410481E-016
  -1.1473688938244344E-009  -1.1604742830899899E-009  -1.9703099973900828E-010  -2.8338529261150036E-017  -1.4553981977683717E-017  -1.3866836567979331E-017  -1.3184157941528792E-017   2.1040152306165104E-017   1.2183974395019167E-017  -6.4861730601289137E-018  -2.6371924055040983E-009  -2.6672465986558427E-009  -4.5295160893527613E-010  -4.5758485701561519E-017  -1.0420308103466749E-017   4.3393914050580260E-018   1.3869355547131363E-019  -5.7461434787766720E-018   1.1259594752931166E-017   1.9726215927845907E-017  -6.6581335896076145E-018   1.1018627805455557E-018   4.5933717286060823E-018  -9.2461584993951128E-019  -1.2654069825726459E-016  -1.2056628199870955E-016  -1.1463066845451854E-016   1.8293519050627195E-016   1.0593449083395636E-016  -5.6394500000994599E-017  -1.5631585178130242E-009  -1.5821006240119064E-009  -2.6712279306070886E-010  -8.9206145968992291E-016  -8.4994423136134406E-016  -8.0810051875974259E-016   1.2896202001200881E-015   7.4679592992315151E-016  -3.9755874081194852E-016   2.6449957199019371E-009   2.6472494039667415E-009   4.8786777329471392E-010   1.9869082640507302E-016  -3.6411300875541479E-018   1.6983568900064808E-018  -2.4079507353423302E-021  -2.6013235412594297E-018   4.7409426840059384E-018   7.4863074207345153E-018  -2.7280023172468455E-018   5.4899194029319114E-019   1.9616181415678546E-018  -4.0739424297910704E-019   4.1376596006094518E-016   7.1441154997970905E-010   7.1344107141028275E-010   1.3367393829437750E-010  -3.6815199795763247E-016   8.9743639123370433E-017
   6.4570733163662651E-010   7.5711278849555089E-011   4.2286170598369458E-010  -1.1120316565796980E-015  -2.1231536755073497E-017   1.2340641610775940E-017  -2.6176214403176545E-018   2.8066773146444538E-017  -6.5143165644970786E-018  -6.8352255396700110E-018   1.4840981540876796E-009   1.7406912059923257E-010   9.7198324563626161E-010  -2.0218394337081829E-015   2.1357589147776660E-018  -5.9948411032596075E-019  -1.1646360877670863E-018   3.7928627578873088E-018  -8.9195527232996170E-018  -6.6581335896076145E-018   4.3913917156128538E-018  -1.9215307555573103E-018  -5.2921871271225040E-018   2.3001939481886952E-018  -1.8459925925193939E-016   1.0729664700794322E-016  -2.2759108761939203E-017   2.4402869374566692E-016  -5.6639220269447656E-017  -5.9429431479802839E-017   8.8034754484126796E-010   1.0236482935818700E-010   5.7532414159529192E-010  -1.3013511975086955E-015   7.5639863030586225E-016  -1.6044263176673719E-016   1.7203049986278376E-015  -3.9928393381888179E-016  -4.1895380180816306E-016  -1.4719389146204010E-009  -1.9466675351750838E-010  -9.9476903393447516E-010   2.9428059932463256E-015   7.3507555028477934E-019  -1.1325778767274370E-019  -4.2729312377978882E-019   1.5558805182221654E-018  -3.5565378347636304E-018  -2.5420181406118588E-018   1.7224501978119811E-018  -7.2522727726853390E-019  -2.1976487066133804E-018   8.5902317476907474E-019   6.2869327379942400E-015  -3.9663254926959305E-010  -5.3716503160625137E-011  -2.6981379960342350E-010  -5.1801498792162048E-015   1.2334391471930847E-015
  -6.1607236374207606E-010   4.3833071611586221E-010   2.3989502162587588E-010   2.3991001993825628E-016  -1.3702860036075611E-017   4.6239980424595866E-018   7.8020442109347892E-018   1.2535588414691742E-017  -7.2419770769807443E-018   1.1672694346212745E-018  -1.4160928908748068E-009   1.0074350550038728E-009   5.5125295833697198E-010   4.1089376976282953E-016  -5.8716521835746209E-019  -4.5359242785730874E-018  -8.7737708287422296E-019  -3.1423475131670439E-019  -2.5000522947964962E-018   1.1018627805455557E-018  -1.9215307555573103E-018   4.5952016637192656E-018   7.1139254519028065E-018  -2.7711749111124969E-018  -1.1914056409698909E-016   4.0203716785392823E-017   6.7835466866690385E-017   1.0899164091893789E-016  -6.2965933283474066E-017   1.0148927528643183E-017  -8.3821577723496553E-010   5.9804646127543823E-010   3.2904122793663765E-010  -8.3989348441147544E-016   2.8342016852316876E-016   4.7821300108358357E-016   7.6834761211379903E-016  -4.4388472429096853E-016   7.1545879886633035E-017   1.4487996172062440E-009  -9.8807371696172891E-010  -4.9616522050457672E-010  -1.1776814028154814E-015  -2.2826339187968973E-019  -1.9495300000916360E-018  -4.3271696706628027E-019  -3.5642926700964131E-020  -8.0353541418104056E-019   3.4183189101428898E-019  -6.2682433937059209E-019   1.7621230712981445E-018   2.7905040732785978E-018  -9.9089478449297324E-019  -2.4689625036223563E-015   3.9293450101164426E-010  -2.6561294218994583E-010  -1.3080227025939157E-010   2.1537913278991865E-015  -5.2197889673711476E-016
  -1.1627319872149157E-009   6.1571618969060468E-010  -4.8933395100596505E-011   3.2494833196834427E-016  -2.6442795944033611E-018  -8.7426271227424018E-018   1.0406926644231297E-017  -1.6152933691472480E-017  -4.3899781567420786E-018   1.8797201711250589E-017  -2.6724404347883860E-009   1.4151842220137669E-009  -1.1248967032030184E-010   5.9447991526647432E-016  -1.2390620588757451E-018  -5.5551204225531668E-018  -7.5529876342126334E-020  -2.9312636897156752E-018   3.2459025987055680E-018   4.5933717286060823E-018  -5.2921871271225040E-018   7.1139254519028065E-018   1.2655339613163444E-017  -5.2461167609822550E-018  -2.2990859375492651E-017  -7.6013428999683845E-017   9.0483815168206835E-017  -1.4044289220232370E-016  -3.8169009967552492E-017   1.6343375536157670E-016  -1.5851001579747661E-009   8.3916701862861185E-010  -6.6383485978425285E-011  -1.6207638391590861E-016  -5.3586438396953929E-016   6.3787482610851875E-016  -9.9006641943158015E-016  -2.6907629591816246E-016   1.1521428133683626E-015   2.6544131266647034E-009  -1.4110494343003320E-009   1.2007180381396546E-010  -7.8106253789320659E-016  -4.5406457627177115E-019  -2.4778431884430143E-018  -1.5571307424797571E-019  -1.0520930632270168E-018   1.4990297326254553E-018   1.6611634231014156E-018  -1.9087577395112172E-018   2.6977408645661314E-018   5.0387132181918111E-018  -1.8947199890345398E-018  -1.6754702250627864E-015   7.1548665887490170E-010  -3.8065225952634202E-010   3.2841792464229761E-011   1.3631542614335505E-015  -3.2325078576962560E-016
   4.3068387449438518E-010  -3.4193361121220546E-010   1.4860439091801983E-010  -8.2250748807439121E-016  -4.9261739591686772E-017   5.0982474379211252E-018   2.0930578451173338E-017   4.9492403550211608E-018  -2.4449340365550781E-019   4.4312506584678785E-017   9.8988456233084188E-010  -7.8592344953388628E-010   3.4160820227192105E-010  -1.4979831099454749E-015  -4.1476836654108783E-019   2.1600713286422516E-018  -4.0731712724058179E-019   1.4811899957243012E-018  -2.7085235912847972E-018  -9.2461584993951128E-019   2.3001939481886952E-018  -2.7711749111124969E-018  -5.2461167609822550E-018   2.3690780069214628E-018  -4.2830998673862494E-016   4.4327096782955422E-017   1.8198251800785136E-016   4.3031532218851429E-017  -2.1257613304846601E-018   3.8527845332403967E-016   5.8722186678777326E-010  -4.6585111107598618E-010   2.0172842346833812E-010  -3.0194146659381318E-015   3.1248841226858510E-016   1.2829042217412620E-015   3.0335514038585987E-016  -1.4985771815558568E-017   2.7160595221505254E-015  -9.8090067536860120E-010   7.8809828283788679E-010  -3.6128792226782085E-010   2.1220922500310718E-015  -1.4217802375209565E-019   9.8729124588579819E-019  -1.1898685474476052E-019   5.1928418899947390E-019  -1.1037901600445528E-018  -3.2848437048249741E-019   8.3362893269895620E-019  -1.0282477236870153E-018  -2.1057257587309716E-018   8.5509468970311601E-019   4.5383043335725124E-015  -2.6426605668728158E-010   2.1285627948029971E-010  -9.8640721724869361E-011  -3.7273545308229398E-015   8.8659727768988597E-016
  -2.0316771521643175E-016  -7.2401693671625775E-017  -3.9691192285105200E-016   3.4631152831343313E-010   3.8523227712745681E-003   6.4199070502236165E-011   3.8867220908135198E-012  -1.9261613662246485E-003  -1.9568370076508571E-012  -1.9261614050558869E-003   9.9864707923267529E-016   8.4891334625733011E-016   1.5862170261215351E-015   6.6564837579235545E-010  -4.9817533948511339E-017  -8.7159217251181959E-018  -1.2536173760597503E-017   1.6027706074179342E-016  -3.8765043125110211E-017  -1.2654069825726459E-016  -1.8459925925193939E-016  -1.1914056409698909E-016  -2.2990859375492651E-017  -4.2830998673862494E-016   3.3494315134821616E-002   2.3573960383475517E-010  -1.5848005371267281E-011  -1.6747157512180227E-002   2.2706266011470576E-011  -1.6747157622661282E-002  -4.7441712377602063E-016  -9.3823678792065741E-017  -6.8248313371044923E-017  0.23612156983508700        7.4018250308928476E-010  -1.5707294723907312E-011 -0.11806078466458132        4.5177606766496233E-011 -0.11806078517057733       -2.1679743418055993E-015  -8.6356353083141229E-016  -1.1105177354280840E-015  -3.2573983036692742E-010   1.5648280518281763E-017  -1.6232441499243027E-016  -1.0453634388219378E-016  -8.1620874226734097E-017   3.8134819210579906E-018   3.6297222471636155E-017  -1.0291364138859077E-016  -5.6070997489657982E-017  -9.3170117705305916E-017  -1.1510631208473424E-016  -5.3686388108574245E-010  -6.9538059506473912E-016  -2.5492104282854880E-016  -3.1744998502335932E-016   3.3737017788601506E-010  -7.0280855413689643E-011
  -1.9459269291555487E-015   1.0758239717135344E-016   1.7078831349026874E-017   2.0915247416153661E-009   6.1145075958251759E-011   3.8523226969350297E-003   9.5070473784329002E-012   1.9063939833588344E-011   5.8139413550627308E-012  -8.0207327489456509E-011   3.2805159050682261E-015   2.2610727227008041E-016   4.1489837559210094E-016   3.4450528843852660E-009  -1.4190229007351880E-018  -1.4816053025855979E-016  -9.2484237953701445E-017   3.6333603893346832E-017  -7.2762471747422958E-017  -1.2056628199870955E-016   1.0729664700794322E-016   4.0203716785392823E-017  -7.6013428999683845E-017   4.4327096782955422E-017   2.3573960383475517E-010   3.3494314875488096E-002  -7.5944358718685671E-011   1.1504107336428417E-010  -4.2934041209529767E-011  -3.5078024190161460E-010  -2.1104255299515883E-015  -1.2540096507766696E-016  -1.9491866366794172E-016   7.2590689797758463E-010  0.23612156903051859       -2.1136844332092388E-010   3.6092848490447944E-010  -2.2712329042006027E-010  -1.0868357558142728E-009   2.6184378242092683E-015  -3.7414238904784994E-015   1.0078338035858013E-016  -1.8621634113232716E-009   6.4716864320973793E-017  -2.7606531296564492E-017   2.8000479528036050E-017  -4.0026578937973117E-017   8.7949625072113785E-018  -7.4745815259874222E-017   2.9716847938779947E-017  -8.6107834409899087E-017  -1.9810051673750051E-017  -7.4128010928006598E-017  -2.7915654440657309E-009   8.2662117840932026E-016  -1.2031472064108252E-015   4.7435232214707654E-017   1.8086648031100590E-009  -3.8085691969785635E-010
