 1.8054910022951106E-006 -5.5323393711315637E-012 -3.1284017864963748E-012 -1.6848167948379057E-016 -9.2432765473920638E-017 -2.0746649789928252E-005  4.4066787347589329E-011  2.4558874761775105E-011  4.9656510077666920E-017 -2.6207037343797516E-016 -5.3167606844250736E-016 -2.4817518670609601E-016 -5.9239190182817529E-017  2.2506848669795812E-016 -3.3158794563724055E-004  5.0311693250800664E-010  2.8622541556296889E-010  1.4107281222346129E-017 -4.9766792689631821E-016 -1.0139159436083901E-015 -4.4626328684217873E-016 -7.8766157499179286E-017  4.5083167283257426E-016  2.8960873561521050E-016 -1.6332282802828551E-003  2.3983996017787768E-009  1.3723350053047737E-009  8.6135862482166762E-006 -8.0077554049326623E-006 -1.1351328292263671E-006 -3.0822374867809027E-006 -8.2791534515250428E-006 -8.4741011418198835E-006  4.0723912521950456E-006 -1.1328025487415906E-005  2.5440692024021778E-006  9.2894897367827353E-006  9.1073214398319351E-018 -7.3592926521450256E-016 -1.4996336075213764E-015 -6.6396906767141197E-016 -1.1313179870112713E-016  6.6620157376133008E-016  5.2312244090654787E-016 -3.8553272465531657E-016  9.0857540955647817E-017
-5.5323393711315637E-012  1.8054938841513334E-006 -1.8464286722303274E-012  3.8673767440101927E-016 -1.0377977002370002E-017  4.4870082747419210E-011 -2.0746668425156622E-005  1.4971259737774057E-011  8.1992220272154445E-017 -1.4103967282035805E-016 -3.6478912527254388E-017  1.6209016847870667E-018 -6.6080843694332590E-017 -3.8188375288192552E-017  5.3842446056810754E-010 -3.3158820274898146E-004  1.7588489150364983E-010  6.6957560436351658E-017 -2.2021651569498164E-016 -5.5443914996794567E-017  1.1061065802295885E-017 -1.2802361631548549E-016 -4.6078665062248418E-017 -2.0760043780196777E-015  2.5757508446012239E-009 -1.6332295895476884E-003  8.7745739873242717E-010 -5.9686324946951560E-006 -3.0822046121986264E-006 -7.1699771218383554E-006  5.4636852903412989E-006 -1.3080453254034543E-005  2.5440755041711379E-006  2.2305192292604320E-006  1.0430174505646451E-005  8.9649039168146807E-008 -2.4300076567556701E-006  8.2862074009981845E-017 -3.3514456948950945E-016 -9.7609016574092658E-017  1.2211104413910555E-017 -1.8821030245208703E-016 -7.5923310115251141E-017 -3.8656054884664892E-015  2.9469704131130547E-015 -6.9841611804757707E-016
-3.1284017864963748E-012 -1.8464286722303274E-012  1.8055014893992406E-006 -6.6181477387502206E-016 -1.1798100935397174E-016  2.4885797180354921E-011  1.4582078059336600E-011 -2.0746725708429488E-005 -1.5001262346711657E-016  6.3935158093993717E-017 -3.3255594265494862E-016 -1.1410218095172126E-016  5.8272276806135443E-018  2.2032136584263738E-016  3.0028966125692880E-010  1.5916759517385984E-010 -3.3158892198501141E-004 -1.7384911971347141E-016  4.2283098457503321E-017 -6.0193218440016871E-016 -2.4425071940336428E-016  6.7377639459538738E-017  3.9108000993564087E-016  8.6169911373354628E-016  1.4431633044224542E-009  7.9329362962518926E-010 -1.6332330072681128E-003 -8.4610458731124295E-007 -7.1699900006195353E-006 -8.4741058817888701E-006 -1.1328042765683695E-005  2.9376402213829196E-006  1.2463211189662484E-005  7.7741827949109019E-006  8.9637561626322572E-008 -3.2601707187411754E-006  6.2494137064226705E-006 -2.3908342533934120E-016  4.8306629512857146E-017 -8.9535737130690044E-016 -3.5409347161784556E-016  9.2969337702263424E-017  5.7994242226732633E-016  1.6021280743627578E-015 -1.1815874852876607E-015  2.7848788293649252E-016
-1.6848167948379057E-016  3.8673767440101927E-016 -6.6181477387502206E-016  7.0203782092817724E-001  2.3588867919450954E-001 -8.4286308788812951E-016 -3.6431337776800778E-016  1.2771893850640713E-015  7.7135409882235408E-008  7.8570161343662280E-008  6.7610981392625731E-008  1.7544993537609843E-008  3.5275802870684040E-008 -9.4680712048249683E-008 -2.0794963404174978E-016 -5.6654281206810834E-016  1.7960499827620044E-015  7.0990752885746010E-008  4.1864645288940455E-008  5.9154796748259724E-008 -8.7079768106595988E-010  3.1903932382149486E-008 -7.0120150945982499E-008 -1.8231017239520803E-001 -6.3947450287807817E-015 -4.6539374877121990E-015  1.2030791562230625E-014 -5.2902108425584401E-016 -6.1005523926527900E-018 -2.4338497103695249E-017 -1.9998026113079690E-016 -9.7133028601572502E-017 -4.1622599358924966E-016 -9.5756004575677864E-017 -9.1455619370496256E-017  2.0278984793445379E-017 -2.1092287259230457E-016  1.1543168550307780E-007  6.1343362490342620E-008  9.9578412057810745E-008 -8.5264077968274785E-009  5.6308380077837304E-008 -1.0690537539007995E-007 -2.6317445175979876E-001  1.5212239106513981E-001 -3.3691262301609862E-002
-9.2432765473920638E-017 -1.0377977002370002E-017 -1.1798100935397174E-016  2.3588867919450954E-001  7.9860485005351284E-002  2.4536192589884809E-016  7.3269986778444557E-016 -5.2012399863420639E-016 -9.5967937153126152E-008 -9.0831498171122421E-008 -1.1859115928111057E-007 -2.9900077208456593E-009 -5.7985616106398281E-008  9.8957833889532463E-008  8.2258100401133753E-015  1.1547352787527707E-014 -1.3412002791489867E-014 -1.6271841605464171E-007 -2.2768110191235307E-007 -2.5911866647098794E-007 -2.2331356216563889E-008 -1.2067273163304769E-007  1.8504969884111938E-007 -4.5655914128714441E-002  3.8717135764489656E-014  5.6682049427013035E-014 -6.5629114414426917E-014 -2.5798983062015187E-016 -7.9853598149590254E-019 -8.7230228252420743E-017 -6.5829479988562702E-016  7.6724318421854042E-016  5.2530690345514560E-016  1.2572911090889288E-016 -1.1779753075194723E-016 -2.0094889544025030E-016  4.8553016685416800E-017 -2.3361580352167575E-007 -3.3820758947099764E-007 -3.8036766930765774E-007 -3.5475572209100911E-008 -1.7563178882015762E-007  2.6909133544247149E-007 -5.8998071943815129E-002  2.8527482937683410E-002 -5.9586444684521988E-003
-2.0746649789928252E-005  4.4870082747419210E-011  2.4885797180354921E-011 -8.4286308788812951E-016  2.4536192589884809E-016  2.3839691084544582E-004 -2.9147178145724501E-010 -1.5508819873949128E-010  5.1559721706873385E-017  2.5666129777163412E-016  4.4119543661280564E-016  9.5943587452159796E-017  1.2024862092782332E-016 -4.5258374204519809E-016  3.8102316621709334E-003 -2.3466623854610097E-009 -1.2573425907884796E-009  1.6577901048971041E-016  5.1002329100636135E-016  8.7641515963404411E-016  2.4560449670425260E-016  2.0711482121878763E-016 -6.2598320621486698E-016  4.3135263441080558E-016  1.8767202447989573E-002 -1.0642715044754253E-008 -5.7625485963400981E-009 -9.8977472676358243E-005  9.2016096306144057E-005  1.3043782036530274E-005  3.5417581567468015E-005  9.5134735715807138E-005  9.7374632719338341E-005 -4.6795360775983607E-005  1.3016868057054708E-004 -2.9233531670104426E-005 -1.0674426720483516E-004  3.0679041425387665E-016  7.5053551630091721E-016  1.2869154716816531E-015  4.3483894346541535E-016  2.9875344172361236E-016 -8.7193387979315065E-016  7.6060172976315187E-016 -5.6962102344436816E-016  1.3327004053496628E-016
 4.4066787347589329E-011 -2.0746668425156622E-005  1.4582078059336600E-011 -3.6431337776800778E-016  7.3269986778444557E-016 -2.9147178145724501E-010  2.3839695859514625E-004 -9.5791129252318067E-011 -2.0467212282458110E-016  1.6799102471717311E-016  1.3822528441982997E-016 -5.9879669211231511E-017  6.6184965312982675E-017 -2.5741751119440124E-016 -2.6048480227728980E-009  3.8102319573192801E-003 -8.0252164321500258E-010 -1.5438656697876268E-016  1.2304920134360675E-016  8.3047483799089185E-017  7.2860476067956408E-017  1.1874493794947799E-016 -2.8549147410411716E-016  3.1214546234957628E-015 -1.1953987578451619E-008  1.8767204394316898E-002 -4.0808165479612468E-009  6.8584600599346521E-005  3.5417279133295169E-005  8.2389210860641488E-005 -6.2782340507796760E-005  1.5030567031290175E-004 -2.9233556982100838E-005 -2.5630645599780633E-005 -1.1985150081752419E-004 -1.0301596125079508E-006  2.7922742312152137E-005 -1.0992350754669617E-016  3.1885485806979961E-016  2.9993348179285087E-016  1.7964633360292666E-016  1.5831520806701429E-016 -2.8977125990898965E-016  5.7768039552098839E-015 -4.4963275067448072E-015  1.0680623659589159E-015
 2.4558874761775105E-011  1.4971259737774057E-011 -2.0746725708429488E-005  1.2771893850640713E-015 -5.2012399863420639E-016 -1.5508819873949128E-010 -9.5791129252318067E-011  2.3839727086804962E-004  1.3343561532837078E-016  3.9748890858270723E-016  3.1215551303153472E-016  1.0644720651975762E-016  1.1814145962251900E-016  2.6334017586696970E-016 -1.3589128772717365E-009 -6.8190121442230495E-010  3.8102346925618954E-003  1.6207928010565391E-016  6.0349015373570352E-016  4.8042372437662825E-016  3.9971330244934661E-017  1.2902735836125199E-016  1.0842965001380806E-016 -1.7565757893938099E-015 -6.2807011739877960E-009 -3.4657534871487816E-009  1.8767216431951603E-002  9.7224173306172425E-006  8.2389257057485622E-005  9.7374612591957771E-005  1.3016870849021217E-004 -3.3755851363304736E-005 -1.4321270012431143E-004 -8.9331911002545484E-005 -1.0299753521604906E-006  3.7462078279536819E-005 -7.1811052712646714E-005  1.3326133478488555E-016  9.6532328219201833E-016  7.8344628980061099E-016 -6.6787803004331717E-017  3.1605521015330124E-016  8.5601539404791105E-017 -3.7727575819315707E-015  2.7933758727940937E-015 -6.6185372505834575E-016
 4.9656510077666920E-017  8.1992220272154445E-017 -1.5001262346711657E-016  7.7135409882235408E-008 -9.5967937153126152E-008  5.1559721706873385E-017 -2.0467212282458110E-016  1.3343561532837078E-016  9.2223229300924761E-002 -1.6551891279656741E-003 -2.3462110109698057E-004 -4.5629029519055279E-002 -1.4819868207289685E-003 -4.6594199781861308E-002 -1.7449939493651213E-015 -2.7500716134643701E-015  2.3627727145107542E-015  1.2026976968138221E-001  1.1396714186042194E-002  1.6155873222118713E-003 -6.3457710679681478E-002  1.0204408573683293E-002 -5.6812059001691485E-002  1.1917334943053695E-008 -7.8617293213394197E-015 -1.3003539696209083E-014  1.2227771321857713E-014  3.1847978825618625E-017 -6.0605979814007192E-018  5.6857446283787213E-017  1.3843900409263929E-016 -1.6705517463164372E-016 -9.6547699246043102E-017  5.2832176585426729E-018  3.6094474239248914E-017  9.7692696367283450E-017  3.8250631017406435E-017  1.7323792913907396E-001  1.8121886243116739E-002  2.5689404082473843E-003 -9.1902580605284223E-002  1.6226004171217015E-002 -8.1335348533779911E-002  2.4694783235865831E-008 -1.1776358487829608E-008  2.5074811614511584E-009
-2.6207037343797516E-016 -1.4103967282035805E-016  6.3935158093993717E-017  7.8570161343662280E-008 -9.0831498171122421E-008  2.5666129777163412E-016  1.6799102471717311E-016  3.9748890858270723E-016 -1.6551891279656741E-003  8.9418919909319619E-002 -1.7112729265388107E-003  1.1293217773656848E-003 -2.7036549041279806E-003  5.2586735059787296E-004  7.0280193708623242E-017  9.6992271079620076E-016 -1.0974642278332386E-016  1.1396704803221670E-002  1.3957860494797947E-001  1.1783036238193115E-002 -7.7759981623718062E-003  1.8616310089910944E-002 -3.6207066408513733E-003  6.0761457744998261E-009  9.5277393863065874E-016  4.6826543679101249E-015  1.9993109848221809E-015  4.9019439710976755E-017 -1.7196990645974903E-017  1.6889359213177471E-016  2.4546315213276013E-017  6.6699422192434729E-017 -2.2696476901877789E-017 -1.3060090361714633E-016  7.8276261114505739E-017 -4.6355278239486806E-019  2.1506806376521584E-016  1.8121872332136128E-002  2.0394086386478372E-001  1.8736178193703518E-002 -1.2364595022315125E-002  2.9601746506247466E-002 -5.7572773098195484E-003  2.0172441931600414E-008 -7.8576578614803546E-009  1.6173743211354299E-009
-5.3167606844250736E-016 -3.6478912527254388E-017 -3.3255594265494862E-016  6.7610981392625731E-008 -1.1859115928111057E-007  4.4119543661280564E-016  1.3822528441982997E-016  3.1215551303153472E-016 -2.3462110109698057E-004 -1.7112729265388107E-003  8.8132033520298428E-002 -2.3414514228619343E-003  6.0718432470113510E-004  2.5760725239556657E-003 -1.9913178503917317E-016  8.2241447167622359E-016 -5.6329493135083849E-017  1.6155793300226332E-003  1.1783044442809861E-002  1.4843952730204069E-001  1.6122164289033888E-002 -4.1808978859606636E-003 -1.7737743619058666E-002  1.2445061746719642E-008 -1.1170936010240468E-016  5.1488992003513609E-015  2.4961114478256469E-015  1.3298937686987135E-017  7.1050034239745715E-017  1.5940222003540342E-016 -1.3066339115058541E-017  8.3578252584775517E-017 -3.9864808133861668E-017  1.5252082982214811E-016  1.2493449004100706E-016  5.1452266937998852E-017  2.3924383734518084E-016  2.5689283577039618E-003  1.8736190378401282E-002  2.1803059783991613E-001  2.5635813870968929E-002 -6.6480357146033748E-003 -2.8204742228679622E-002  4.3067307142850147E-008 -1.9646305665291372E-008  4.2159174863323637E-009
-2.4817518670609601E-016  1.6209016847870667E-018 -1.1410218095172126E-016  1.7544993537609843E-008 -2.9900077208456593E-009  9.5943587452159796E-017 -5.9879669211231511E-017  1.0644720651975762E-016 -4.5629029519055279E-002  1.1293217773656848E-003 -2.3414514228619343E-003  9.0690279953876185E-002  2.1558394483201966E-003 -4.5061250434814328E-002 -1.4143565378387394E-015 -3.4452997732005746E-015  2.7284261236229194E-015 -6.3457715295549444E-002 -7.7760046750935362E-003  1.6122161883211715E-002  1.3082486593516565E-001 -1.4844337670217166E-002 -6.7367150639613169E-002 -1.1571914268016046E-009 -7.1976076599900843E-015 -1.5195492889670688E-014  1.2898748879956468E-014 -1.0191628485063325E-016  1.1803725395755487E-016 -5.3157396001650062E-017  4.8118427895379593E-017 -1.6340623911062452E-016 -1.5241478582157928E-016  2.8285762473331735E-016  4.9547772841809473E-017  1.0354846983962096E-016 -1.0448806206403059E-016 -9.1902588211650676E-002 -1.2364605508939433E-002  2.5635811457481429E-002  1.9002156143904964E-001 -2.3603942233816504E-002 -9.8118973227424286E-002 -6.8958510814000513E-009  3.7763497500776805E-009 -8.3933417306303782E-010
-5.9239190182817529E-017 -6.6080843694332590E-017  5.8272276806135443E-018  3.5275802870684040E-008 -5.7985616106398281E-008  1.2024862092782332E-016  6.6184965312982675E-017  1.1814145962251900E-016 -1.4819868207289685E-003 -2.7036549041279806E-003  6.0718432470113510E-004  2.1558394483201966E-003  9.0175975436489836E-002 -6.7385262759362893E-004 -2.4813718264781601E-016 -1.2238999825091897E-016  7.0416433290215458E-016  1.0204408762089921E-002  1.8616316107578378E-002 -4.1809019884638497E-003 -1.4844336754715283E-002  1.3436601050808694E-001  4.6399279926245644E-003  5.9156394903938530E-009 -5.7952117585979053E-016 -6.7305919422667540E-016  3.8665674763760918E-015  9.6379208609198036E-017  5.5583332843700151E-018  6.5818638106780840E-017  7.0645148400598181E-017  1.0312057159708123E-017  1.5257335838432397E-017 -1.2068094089184566E-016 -6.4840250164009459E-017  3.0842898597216829E-017 -2.6524203354492190E-017  1.6226004921398814E-002  2.9601756030722841E-002 -6.6480428896741346E-003 -2.3603940635376776E-002  1.9565232845710889E-001  7.3779357139819937E-003  2.1172912014295268E-008 -9.7109728042294916E-009  2.0804616130465616E-009
 2.2506848669795812E-016 -3.8188375288192552E-017  2.2032136584263738E-016 -9.4680712048249683E-008  9.8957833889532463E-008 -4.5258374204519809E-016 -2.5741751119440124E-016  2.6334017586696970E-016 -4.6594199781861308E-002  5.2586735059787296E-004  2.5760725239556657E-003 -4.5061250434814328E-002 -6.7385262759362893E-004  9.1655450216660883E-002 -1.7166675333446858E-015 -2.1471192626991158E-015  2.9516657640445329E-015 -5.6812054385823443E-002 -3.6207095109522525E-003 -1.7737749205425798E-002 -6.7367155255474181E-002  4.6399290965291468E-003  1.2417920964128536E-001 -1.0760252578914183E-008 -8.9573710395706029E-015 -1.2891702638180501E-014  1.4488409551903961E-014  6.7088371769970609E-017 -1.3336536131047916E-016  4.7605439609402752E-018  1.8034737349805217E-016 -1.9163181609798780E-016 -1.1394431907914176E-016 -3.6070466983793935E-016  8.0189848480725848E-018 -8.2497870345785319E-017 -9.8796840573224298E-018 -8.1335340927410044E-002 -5.7572807341825724E-003 -2.8204751865731743E-002 -9.8118980833750813E-002  7.3779380625924769E-003  1.7945432176117637E-001 -1.7799173379067075E-008  8.0002157861501293E-009 -1.6681972039632693E-009
-3.3158794563724055E-004  5.3842446056810754E-010  3.0028966125692880E-010 -2.0794963404174978E-016  8.2258100401133753E-015  3.8102316621709334E-003 -2.6048480227728980E-009 -1.3589128772717365E-009 -1.7449939493651213E-015  7.0280193708623242E-017 -1.9913178503917317E-016 -1.4143565378387394E-015 -2.4813718264781601E-016 -1.7166675333446858E-015  6.0897875177700449E-002 -4.6829028715950546E-009 -2.1980117274889022E-009 -1.5534854671790878E-015 -1.6763575351483369E-016 -1.9091702306271356E-016 -1.2396912801120066E-015 -1.7132733446011484E-016 -6.3671238614136588E-016 -5.0696813574601370E-016  2.9995098814048643E-001 -8.4299344033089696E-009 -3.9463124990035681E-009 -1.5819288394253955E-003  1.4706684215334185E-003  2.0847631529901425E-004  5.6606944711993341E-004  1.5205132138183231E-003  1.5563108051860322E-003 -7.4791790426903667E-004  2.0804488576897148E-003 -4.6723125621251255E-004 -1.7060640940707351E-003 -1.2581418325160892E-015 -3.7271120457663273E-016 -4.8002125612036750E-016 -6.5621636291964936E-016 -3.2202614662762025E-016 -1.6826399785730963E-016 -2.7967826162998972E-016 -5.0166742833906450E-016  1.3362805251303193E-016
 5.0311693250800664E-010 -3.3158820274898146E-004  1.5916759517385984E-010 -5.6654281206810834E-016  1.1547352787527707E-014 -2.3466623854610097E-009  3.8102319573192801E-003 -6.8190121442230495E-010 -2.7500716134643701E-015  9.6992271079620076E-016  8.2241447167622359E-016 -3.4452997732005746E-015 -1.2238999825091897E-016 -2.1471192626991158E-015 -4.6829028715950546E-009  6.0897872414714442E-002  7.4447873348535842E-010 -2.1141972221155798E-015 -1.0941254237468962E-015 -1.9144968304364231E-015 -2.3639548153534984E-015  2.3539749847721382E-016 -1.3877880980379668E-015 -1.5953683509936346E-015 -9.0626227772228063E-009  2.9995098240425638E-001  1.6208700284736643E-009  1.0961675767928061E-003  5.6606565903645229E-004  1.3168042027296304E-003 -1.0034317935988331E-003  2.4022943205441920E-003 -4.6723133626529808E-004 -4.0964821683287130E-004 -1.9155517804550191E-003 -1.6464903219756417E-005  4.4628009505275046E-004 -1.2890162976141798E-015  5.8365116676790860E-016 -5.6180538679864383E-017 -2.2468790814161328E-015  1.2014608911696762E-016  1.8922042302406265E-017 -4.1861908488266918E-015  1.8351917383151148E-015 -4.0667688029313687E-016
 2.8622541556296889E-010  1.7588489150364983E-010 -3.3158892198501141E-004  1.7960499827620044E-015 -1.3412002791489867E-014 -1.2573425907884796E-009 -8.0252164321500258E-010  3.8102346925618954E-003  2.3627727145107542E-015 -1.0974642278332386E-016 -5.6329493135083849E-017  2.7284261236229194E-015  7.0416433290215458E-016  2.9516657640445329E-015 -2.1980117274889022E-009  7.4447873348535842E-010  6.0897880078668198E-002  1.5325194885702951E-015 -1.6590452308989234E-015 -1.5000697212790476E-015  1.9738354376116552E-015 -1.2522094833433757E-015  1.4559591372752179E-015  6.7996491222751886E-015 -4.2319302506754752E-009  1.9557160474414914E-009  2.9995099722189650E-001  1.5539028926970735E-004  1.3168042678520916E-003  1.5563106140958172E-003  2.0804488436147778E-003 -5.3950907148156370E-004 -2.2889267935245500E-003 -1.4277664381070502E-003 -1.6461497768079634E-005  5.9874541910846357E-004 -1.1477357664122986E-003  4.3508949707832636E-016 -1.2165674854497213E-015 -1.0263323549027538E-015  8.5491437891780572E-016  5.4506508300472701E-017  1.1405667028430160E-015  3.3467469206325441E-015 -2.8779808875980255E-015  6.3923307801884336E-016
 1.4107281222346129E-017  6.6957560436351658E-017 -1.7384911971347141E-016  7.0990752885746010E-008 -1.6271841605464171E-007  1.6577901048971041E-016 -1.5438656697876268E-016  1.6207928010565391E-016  1.2026976968138221E-001  1.1396704803221670E-002  1.6155793300226332E-003 -6.3457715295549444E-002  1.0204408762089921E-002 -5.6812054385823443E-002 -1.5534854671790878E-015 -2.1141972221155798E-015  1.5325194885702951E-015  1.6095253915830204E-001  3.9774960956392436E-002  5.6384150626648689E-003 -9.2073062702262148E-002  3.5613706597458508E-002 -6.8879476456028654E-002  3.1089132521059488E-008 -6.4953820427878028E-015 -9.8285899105872445E-015  8.8509543048086373E-015  6.7449968639422998E-017 -2.0966496604066980E-017  1.0392065336209942E-016  1.2826351572454034E-016 -1.2100072186978293E-016 -5.5872215110487505E-017 -2.6145193915865616E-017  3.7936454354339699E-017  1.0520415533670856E-016  1.0724903023062236E-016  2.3235469399283143E-001  6.0427520887450584E-002  8.5660796608349916E-003 -1.3379560210482755E-001  5.4105601045753599E-002 -9.8559091887989128E-002  5.9751724969389023E-008 -3.0957569729656974E-008  6.7403279342237010E-009
-4.9766792689631821E-016 -2.2021651569498164E-016  4.2283098457503321E-017  4.1864645288940455E-008 -2.2768110191235307E-007  5.1002329100636135E-016  1.2304920134360675E-016  6.0349015373570352E-016  1.1396714186042194E-002  1.3957860494797947E-001  1.1783044442809861E-002 -7.7760046750935362E-003  1.8616316107578378E-002 -3.6207095109522525E-003 -1.6763575351483369E-016 -1.0941254237468962E-015 -1.6590452308989234E-015  3.9774960956392436E-002  2.2834116775001917E-001  4.1123242498800672E-002 -2.7138504387170019E-002  6.4971534446717424E-002 -1.2636456569224182E-002  4.4552959722405283E-008  5.4428812905876258E-016 -5.3713872408889685E-015 -3.5192954468596578E-015  6.2797468065273509E-017 -8.3032172137012575E-017  2.1691762577297208E-016  4.8483182809575638E-017  2.3492655428351265E-017  4.3916531322711876E-017 -1.6123217993662677E-016  2.0851018107230884E-016  7.1566385800650106E-018  3.9702489047020310E-016  6.0427520591352743E-002  3.3473387469330845E-001  6.2475882421042135E-002 -4.1229772207171625E-002  9.8707047598569603E-002 -1.9197748384176577E-002  9.1123503541238899E-008 -4.5103277397651187E-008  9.7593136915257437E-009
-1.0139159436083901E-015 -5.5443914996794567E-017 -6.0193218440016871E-016  5.9154796748259724E-008 -2.5911866647098794E-007  8.7641515963404411E-016  8.3047483799089185E-017  4.8042372437662825E-016  1.6155873222118713E-003  1.1783036238193115E-002  1.4843952730204069E-001  1.6122161883211715E-002 -4.1809019884638497E-003 -1.7737749205425798E-002 -1.9091702306271356E-016 -1.9144968304364231E-015 -1.5000697212790476E-015  5.6384150626648689E-003  4.1123242498800672E-002  2.5926609593764549E-001  5.6266918005651194E-002 -1.4591450463146350E-002 -6.1905333068317317E-002  4.7341908921891534E-008  6.5364706418897311E-016 -6.9318693065370755E-015 -2.3577554341564540E-015 -6.4762421238854109E-017  9.9665471288243326E-017  1.8235526514871959E-016 -3.2315659402494107E-017  4.0891000480854518E-017 -1.4863350689022586E-018  3.9664478122213842E-016  3.4084157534114610E-016  1.0304686524895520E-016  4.2740678912501842E-016  8.5660797964372606E-003  6.2475882081584048E-002  3.8171612338134792E-001  8.5482688271178053E-002 -2.2167849071243084E-002 -9.4048768067632876E-002  1.1249235282295559E-007 -5.5867891607104363E-008  1.2147641943137920E-008
-4.4626328684217873E-016  1.1061065802295885E-017 -2.4425071940336428E-016 -8.7079768106595988E-010 -2.2331356216563889E-008  2.4560449670425260E-016  7.2860476067956408E-017  3.9971330244934661E-017 -6.3457710679681478E-002 -7.7759981623718062E-003  1.6122164289033888E-002  1.3082486593516565E-001 -1.4844336754715283E-002 -6.7367155255474181E-002 -1.2396912801120066E-015 -2.3639548153534984E-015  1.9738354376116552E-015 -9.2073062702262148E-002 -2.7138504387170019E-002  5.6266918005651194E-002  1.9779020990057208E-001 -5.1807182788357421E-002 -1.0571714719830530E-001  5.5694216092948669E-009 -6.4236589117604308E-015 -8.7440573614644075E-015  9.2097675147402922E-015 -1.5080521016975567E-016  1.9415283375419025E-016 -6.1523133383981139E-017 -4.8019581191975382E-017 -9.0430686287032209E-017 -1.6041252620742041E-016  5.0621674070558990E-016  5.3224034362253160E-017  1.3393300767298264E-016 -8.5248120703306374E-017 -1.3379560266080823E-001 -4.1229773447981920E-002  8.5482690298240849E-002  2.8831978156576266E-001 -7.8707301024610321E-002 -1.5452417890499390E-001  1.6940483024067803E-009 -4.0487385254313335E-010  4.3545843726012319E-011
-7.8766157499179286E-017 -1.2802361631548549E-016  6.7377639459538738E-017  3.1903932382149486E-008 -1.2067273163304769E-007  2.0711482121878763E-016  1.1874493794947799E-016  1.2902735836125199E-016  1.0204408573683293E-002  1.8616310089910944E-002 -4.1808978859606636E-003 -1.4844337670217166E-002  1.3436601050808694E-001  4.6399290965291468E-003 -1.7132733446011484E-016  2.3539749847721382E-016 -1.2522094833433757E-015  3.5613706597458508E-002  6.4971534446717424E-002 -1.4591450463146350E-002 -5.1807182788357421E-002  2.1014895558449537E-001  1.6193476190897400E-002  2.2509203452380632E-008  3.0604010590674440E-016  6.7760597554773415E-016 -4.9524362183200958E-015  1.6672292289752468E-016 -6.5166675522479503E-017  9.0799375857742174E-017  5.0418757267713457E-017  5.5526523282474038E-017  1.1603091756803892E-016 -2.2715627066340600E-016 -8.2752275120949237E-017  1.0920458226684415E-017  5.6035643081290834E-017  5.4105600962496607E-002  9.8707047946844054E-002 -2.2167850275646460E-002 -7.8707300065820357E-002  3.0709562439110066E-001  2.4601699103335567E-002  5.5184675985358840E-008 -2.7999649635114922E-008  6.1148073809478404E-009
 4.5083167283257426E-016 -4.6078665062248418E-017  3.9108000993564087E-016 -7.0120150945982499E-008  1.8504969884111938E-007 -6.2598320621486698E-016 -2.8549147410411716E-016  1.0842965001380806E-016 -5.6812059001691485E-002 -3.6207066408513733E-003 -1.7737743619058666E-002 -6.7367150639613169E-002  4.6399279926245644E-003  1.2417920964128536E-001 -6.3671238614136588E-016 -1.3877880980379668E-015  1.4559591372752179E-015 -6.8879476456028654E-002 -1.2636456569224182E-002 -6.1905333068317317E-002 -1.0571714719830530E-001  1.6193476190897400E-002  1.7459662365431808E-001 -3.6658702290342051E-008 -3.9747945232962293E-015 -1.0319898481894683E-014  6.3810327759212647E-015  7.9527230840035681E-017 -2.0324226098623167E-016 -5.4162212247340379E-017  1.5405579101010871E-016 -1.4956840339316616E-016 -1.2879168950242678E-017 -5.1483100218908649E-016 -2.5162839698245560E-017 -1.6244653609288446E-016 -6.2423768832141398E-017 -9.8559091332007104E-002 -1.9197747439471158E-002 -9.4048769959077447E-002 -1.5452417946092833E-001  2.4601699978854467E-002  2.5308327079296011E-001 -6.1446075267041021E-008  3.1362689253169570E-008 -6.7839327728288720E-009
 2.8960873561521050E-016 -2.0760043780196777E-015  8.6169911373354628E-016 -1.8231017239520803E-001 -4.5655914128714441E-002  4.3135263441080558E-016  3.1214546234957628E-015 -1.7565757893938099E-015  1.1917334943053695E-008  6.0761457744998261E-009  1.2445061746719642E-008 -1.1571914268016046E-009  5.9156394903938530E-009 -1.0760252578914183E-008 -5.0696813574601370E-016 -1.5953683509936346E-015  6.7996491222751886E-015  3.1089132521059488E-008  4.4552959722405283E-008  4.7341908921891534E-008  5.5694216092948669E-009  2.2509203452380632E-008 -3.6658702290342051E-008  4.5263854112367191E-001 -9.5616037098112531E-016  3.8479221776927389E-015  1.6075056237488999E-014 -9.0670751798296288E-016 -4.4180975352199625E-018  7.2486081744275947E-017  4.2766731295295145E-016  2.2468056763455222E-017  2.6062496194453624E-016  1.3675579425296834E-016 -7.3737787938532308E-017 -1.0667202264410697E-017 -3.6004159180413680E-017  3.7523984814169585E-008  8.1617223590652694E-008  6.6400914658956527E-008  2.1703678613295202E-008  2.5455485629059392E-008 -5.9227832025496915E-008  8.3288291889863197E-001 -6.2626135041734410E-001  1.4803948102656544E-001
-1.6332282802828551E-003  2.5757508446012239E-009  1.4431633044224542E-009 -6.3947450287807817E-015  3.8717135764489656E-014  1.8767202447989573E-002 -1.1953987578451619E-008 -6.2807011739877960E-009 -7.8617293213394197E-015  9.5277393863065874E-016 -1.1170936010240468E-016 -7.1976076599900843E-015 -5.7952117585979053E-016 -8.9573710395706029E-015  2.9995098814048643E-001 -9.0626227772228063E-009 -4.2319302506754752E-009 -6.4953820427878028E-015  5.4428812905876258E-016  6.5364706418897311E-016 -6.4236589117604308E-015  3.0604010590674440E-016 -3.9747945232962293E-015 -9.5616037098112531E-016  1.4774012233418587E+000  2.7449508139411842E-008  1.3042706359378542E-008 -7.7917513672647043E-003  7.2437414538477161E-003  1.0268454407850532E-003  2.7881611499990669E-003  7.4892509749482066E-003  7.6655702825522100E-003 -3.6838515125569315E-003  1.0247199296970756E-002 -2.3013360131917985E-003 -8.4031768049968557E-003 -4.5062560247424037E-015  2.1039923071387269E-016 -1.0345902724265762E-017 -3.6916563530882425E-015  1.0944838373569518E-016 -2.0599926180094808E-015  9.1158336528343072E-016 -3.8463964288832832E-015  9.6617789360599466E-016
 2.3983996017787768E-009 -1.6332295895476884E-003  7.9329362962518926E-010 -4.6539374877121990E-015  5.6682049427013035E-014 -1.0642715044754253E-008  1.8767204394316898E-002 -3.4657534871487816E-009 -1.3003539696209083E-014  4.6826543679101249E-015  5.1488992003513609E-015 -1.5195492889670688E-014 -6.7305919422667540E-016 -1.2891702638180501E-014 -8.4299344033089696E-009  2.9995098240425638E-001  1.9557160474414914E-009 -9.8285899105872445E-015 -5.3713872408889685E-015 -6.9318693065370755E-015 -8.7440573614644075E-015  6.7760597554773415E-016 -1.0319898481894683E-014  3.8479221776927389E-015  2.7449508139411842E-008  1.4774012338654321E+000 -4.4489489869903309E-010  5.3991462276584993E-003  2.7881428869600440E-003  6.4858869278887031E-003 -4.9423787007082049E-003  1.1832442351041843E-002 -2.3013360905962056E-003 -2.0177124209763762E-003 -9.4350029834230249E-003 -8.1097607566635484E-005  2.1981413245718119E-003 -5.5219443344644888E-015  2.9180224692162683E-015  3.4554817509598500E-015 -6.8166979838987400E-015 -1.5138265476985828E-016 -4.9841244754755973E-015  1.2484391601313917E-015 -7.6109419993351443E-015  1.9430724945139609E-015
 1.3723350053047737E-009  8.7745739873242717E-010 -1.6332330072681128E-003  1.2030791562230625E-014 -6.5629114414426917E-014 -5.7625485963400981E-009 -4.0808165479612468E-009  1.8767216431951603E-002  1.2227771321857713E-014  1.9993109848221809E-015  2.4961114478256469E-015  1.2898748879956468E-014  3.8665674763760918E-015  1.4488409551903961E-014 -3.9463124990035681E-009  1.6208700284736643E-009  2.9995099722189650E-001  8.8509543048086373E-015 -3.5192954468596578E-015 -2.3577554341564540E-015  9.2097675147402922E-015 -4.9524362183200958E-015  6.3810327759212647E-015  1.6075056237488999E-014  1.3042706359378542E-008 -4.4489489869903309E-010  1.4774011939033957E+000  7.6537079843268067E-004  6.4858868935662216E-003  7.6655692911164613E-003  1.0247199253124289E-002 -2.6573384532640534E-003 -1.1274051933095179E-002 -7.0324282333705228E-003 -8.1080399387655627E-005  2.9491056524593327E-003 -5.6531442455568341E-003  4.0863527197307169E-015  8.7767919492416566E-016  2.3691690996779581E-015  3.4970820115546812E-015  2.1065757662983337E-015  4.3882802260698235E-015 -1.6003509125094994E-014  1.0531690721830530E-014 -2.7057142347012138E-015
 8.6135862482166762E-006 -5.9686324946951560E-006 -8.4610458731124295E-007 -5.2902108425584401E-016 -2.5798983062015187E-016 -9.8977472676358243E-005  6.8584600599346521E-005  9.7224173306172425E-006  3.1847978825618625E-017  4.9019439710976755E-017  1.3298937686987135E-017 -1.0191628485063325E-016  9.6379208609198036E-017  6.7088371769970609E-017 -1.5819288394253955E-003  1.0961675767928061E-003  1.5539028926970735E-004  6.7449968639422998E-017  6.2797468065273509E-017 -6.4762421238854109E-017 -1.5080521016975567E-016  1.6672292289752468E-016  7.9527230840035681E-017 -9.0670751798296288E-016 -7.7917513672647043E-003  5.3991462276584993E-003  7.6537079843268067E-004  6.1220988491175198E-005 -2.4653920779290263E-005  2.2258226932179763E-005 -2.7457928152859669E-005  2.3668966032749594E-006 -5.4678646996545939E-005  8.4116046625380229E-006 -8.8565412367852135E-005  1.3368568884058367E-005  4.9422458010249121E-005  1.0158699377521953E-016  1.4057160680517550E-016 -3.9320766015803888E-017 -2.3537591580124971E-016  2.4836908318068973E-016  1.3078479266286504E-016 -1.8341529911931840E-015  1.4382214401778211E-015 -3.4321130420596803E-016
-8.0077554049326623E-006 -3.0822046121986264E-006 -7.1699900006195353E-006 -6.1005523926527900E-018 -7.9853598149590254E-019  9.2016096306144057E-005  3.5417279133295169E-005  8.2389257057485622E-005 -6.0605979814007192E-018 -1.7196990645974903E-017  7.1050034239745715E-017  1.1803725395755487E-016  5.5583332843700151E-018 -1.3336536131047916E-016  1.4706684215334185E-003  5.6606565903645229E-004  1.3168042678520916E-003 -2.0966496604066980E-017 -8.3032172137012575E-017  9.9665471288243326E-017  1.9415283375419025E-016 -6.5166675522479503E-017 -2.0324226098623167E-016 -4.4180975352199625E-018  7.2437414538477161E-003  2.7881428869600440E-003  6.4858868935662216E-003 -2.4653920779290263E-005  6.9251505550211386E-005  5.0927125281770678E-005  4.9329075805949905E-005  4.7384242799602850E-005 -1.6252370141490953E-005 -5.2742661288648492E-005  3.2080688132601063E-005  1.5102000231693760E-006 -6.1870371152959538E-005 -2.9890496750578122E-017 -7.7282765986847061E-017  1.9629760147705778E-016  2.7975414696233938E-016 -6.1670480200695199E-017 -2.8029327641554026E-016 -2.1190246900907940E-016  1.2829280461859058E-016 -3.0905272488332285E-017
-1.1351328292263671E-006 -7.1699771218383554E-006 -8.4741058817888701E-006 -2.4338497103695249E-017 -8.7230228252420743E-017  1.3043782036530274E-005  8.2389210860641488E-005  9.7374612591957771E-005  5.6857446283787213E-017  1.6889359213177471E-016  1.5940222003540342E-016 -5.3157396001650062E-017  6.5818638106780840E-017  4.7605439609402752E-018  2.0847631529901425E-004  1.3168042027296304E-003  1.5563106140958172E-003  1.0392065336209942E-016  2.1691762577297208E-016  1.8235526514871959E-016 -6.1523133383981139E-017  9.0799375857742174E-017 -5.4162212247340379E-017  7.2486081744275947E-017  1.0268454407850532E-003  6.4858869278887031E-003  7.6655692911164613E-003  2.2258226932179763E-005  5.0927125281770678E-005  6.8960342162011971E-005  3.3408608014661143E-005  4.3362744521358081E-005 -6.3271153102060717E-005 -4.7906395188385324E-005 -3.4718802577870877E-005  1.3346048437091256E-005 -2.5522136721754063E-005  1.5013433429963072E-016  3.9966698280209546E-016  3.5884474634065113E-016 -1.1049668208756469E-016  1.7975055377394628E-016 -6.0699482867590224E-017 -1.3524903963480562E-016  6.7718006150052206E-017 -1.6720439607590419E-017
-3.0822374867809027E-006  5.4636852903412989E-006 -1.1328042765683695E-005 -1.9998026113079690E-016 -6.5829479988562702E-016  3.5417581567468015E-005 -6.2782340507796760E-005  1.3016870849021217E-004  1.3843900409263929E-016  2.4546315213276013E-017 -1.3066339115058541E-017  4.8118427895379593E-017  7.0645148400598181E-017  1.8034737349805217E-016  5.6606944711993341E-004 -1.0034317935988331E-003  2.0804488436147778E-003  1.2826351572454034E-016  4.8483182809575638E-017 -3.2315659402494107E-017 -4.8019581191975382E-017  5.0418757267713457E-017  1.5405579101010871E-016  4.2766731295295145E-016  2.7881611499990669E-003 -4.9423787007082049E-003  1.0247199253124289E-002 -2.7457928152859669E-005  4.9329075805949905E-005  3.3408608014661143E-005  9.2869859643051589E-005 -4.3880733719741451E-005 -5.6031183320442918E-005 -4.8978954534203582E-005  5.0339307093065136E-005  1.6383087277330977E-005 -6.2422010385320716E-005  1.0665684489344240E-016  7.7110645851169236E-017 -5.6276234206013853E-017 -1.4909775663499499E-016  1.4373685281855748E-016  1.6406767739735152E-016  4.7765416385978372E-016 -3.4203052982378037E-016  7.8423302243250104E-017
-8.2791534515250428E-006 -1.3080453254034543E-005  2.9376402213829196E-006 -9.7133028601572502E-017  7.6724318421854042E-016  9.5134735715807138E-005  1.5030567031290175E-004 -3.3755851363304736E-005 -1.6705517463164372E-016  6.6699422192434729E-017  8.3578252584775517E-017 -1.6340623911062452E-016  1.0312057159708123E-017 -1.9163181609798780E-016  1.5205132138183231E-003  2.4022943205441920E-003 -5.3950907148156370E-004 -1.2100072186978293E-016  2.3492655428351265E-017  4.0891000480854518E-017 -9.0430686287032209E-017  5.5526523282474038E-017 -1.4956840339316616E-016  2.2468056763455222E-017  7.4892509749482066E-003  1.1832442351041843E-002 -2.6573384532640534E-003  2.3668966032749594E-006  4.7384242799602850E-005  4.3362744521358081E-005 -4.3880733719741451E-005  1.3750971150215311E-004  4.0705208699160178E-005 -2.2185043550681462E-005 -2.3473530977443563E-005 -1.7619883521862858E-005 -1.4824544500942612E-005 -6.3965194218070800E-017  1.0820796674481544E-016  1.5475035095497390E-016 -3.7553654696798134E-017  5.3440043527985345E-017 -1.1075088084886656E-016  9.0671288638461568E-017 -1.3526012957127688E-016  3.3819974258423811E-017
-8.4741011418198835E-006  2.5440755041711379E-006  1.2463211189662484E-005 -4.1622599358924966E-016  5.2530690345514560E-016  9.7374632719338341E-005 -2.9233556982100838E-005 -1.4321270012431143E-004 -9.6547699246043102E-017 -2.2696476901877789E-017 -3.9864808133861668E-017 -1.5241478582157928E-016  1.5257335838432397E-017 -1.1394431907914176E-016  1.5563108051860322E-003 -4.6723133626529808E-004 -2.2889267935245500E-003 -5.5872215110487505E-017  4.3916531322711876E-017 -1.4863350689022586E-018 -1.6041252620742041E-016  1.1603091756803892E-016 -1.2879168950242678E-017  2.6062496194453624E-016  7.6655702825522100E-003 -2.3013360905962056E-003 -1.1274051933095179E-002 -5.4678646996545939E-005 -1.6252370141490953E-005 -6.3271153102060717E-005 -5.6031183320442918E-005  4.0705208699160178E-005  1.2939028628142793E-004  3.7693602639112705E-005  6.8483662412572780E-005 -3.4318904549254054E-005 -3.8851750501055585E-006 -1.7178134451171632E-018 -1.2247650442545328E-019 -7.4242535855256504E-017 -1.3890873908844852E-016  9.8768933371771267E-017  2.3030249360285886E-017  8.3428539838532827E-016 -6.1169405672100592E-016  1.4581268074780176E-016
 4.0723912521950456E-006  2.2305192292604320E-006  7.7741827949109019E-006 -9.5756004575677864E-017  1.2572911090889288E-016 -4.6795360775983607E-005 -2.5630645599780633E-005 -8.9331911002545484E-005  5.2832176585426729E-018 -1.3060090361714633E-016  1.5252082982214811E-016  2.8285762473331735E-016 -1.2068094089184566E-016 -3.6070466983793935E-016 -7.4791790426903667E-004 -4.0964821683287130E-004 -1.4277664381070502E-003 -2.6145193915865616E-017 -1.6123217993662677E-016  3.9664478122213842E-016  5.0621674070558990E-016 -2.2715627066340600E-016 -5.1483100218908649E-016  1.3675579425296834E-016 -3.6838515125569315E-003 -2.0177124209763762E-003 -7.0324282333705228E-003  8.4116046625380229E-006 -5.2742661288648492E-005 -4.7906395188385324E-005 -4.8978954534203582E-005 -2.2185043550681462E-005  3.7693602639112705E-005  4.5415538723754156E-005 -1.2279565817229167E-005 -8.1886778039949750E-006  4.4859966700169673E-005 -2.6315209067622987E-017 -2.7838796778929378E-016  5.4733516875815211E-016  7.6945883976169665E-016 -3.8298343729294574E-016 -7.5089323130493319E-016  4.7293761202788646E-016 -3.3338140719193547E-016  7.9591893775391023E-017
