  0.19279268550953194        4.0770225757507636E-008   5.1347383994417894E-008   8.2335769806670407E-009   3.4893475290699427E-008   3.5053504541662487E-008   1.7476595141580692E-008   4.8227855272614798E-009   4.4719198145103740E-008  -3.9716258085550095E-008  0.25955532521038682        1.3043545261652625E-008   1.7167403974148416E-008   7.8970661161272764E-009  -1.9567595025013855E-009   2.2339516048091638E-009   1.1560594260158602E-009  -8.5256455355426337E-010  -5.6013227682757040E-011   3.4778199571215969E-009  -8.9482984452914205E-010  -8.1858470466353017E-010  -1.0334115168823871E-009  -2.5153887393219140E-010   7.5526482660096583E-009   5.2310085778151079E-009   6.2206442576732684E-010  -2.2541997376120665E-009   3.3414859951709425E-009  -5.2984511743762686E-009  0.14101993815826780        1.0158446467882065E-008   1.4038980853926122E-008   3.3333092986770740E-009   3.0195480737894722E-009   1.2682205101346743E-009   8.3426447918001635E-010   5.0073961702806392E-009  -4.1675777639844353E-009 -0.15995636562176974       -1.2417859454386585E-008  -1.6572429611887845E-008  -6.0337121126287812E-009  -8.2892660385727019E-009  -8.3098515605481818E-009  -3.6268077070833704E-009   1.2419594393978118E-010  -8.0119065951325972E-009   8.1650696596909673E-009  -1.9218928849633218E-009   4.6397807791484259E-002   3.7824199426178972E-009   5.0457897072835835E-009   1.4362010850304359E-009  -3.3406859883636836E-010
   4.0770225757507636E-008  0.19279272303259931        2.6345852032167382E-008  -4.2278279754163100E-008   1.6827343216564198E-008  -1.9699401254424738E-008  -4.7614381822700057E-008  -2.1102569011756591E-008  -8.7731952040015139E-009   4.2752230919469701E-009   1.2930482245488126E-008  0.25955533597888686        5.3253262967025126E-009  -1.1768772456655818E-008  -5.5129263391268113E-010   9.9684229938887085E-010  -6.4226835128673775E-010   2.6708193613258391E-009  -9.3535432923589184E-010  -1.9311827618186776E-009  -1.2743758477347566E-009   8.3263514956092424E-011   7.1292055817593344E-010   4.1665744316905239E-010  -9.1688103492397249E-010   3.6414214574481676E-009  -1.8754502772024530E-009   2.3866441611615761E-009   3.8981350479416856E-009  -1.4697595504512231E-009   9.5976911096287034E-009  0.14101994889067457        7.0403828093035792E-009   2.2941189880794386E-009  -2.6972955874417249E-009  -5.3423216562084255E-009  -3.3101176099191311E-009  -1.6577729097334250E-009   1.0160033050349587E-009  -1.2083453603085404E-008 -0.15995637744424621       -7.5376674969914491E-009   1.2489638149496726E-008  -2.5935186266628125E-009   2.2224211315716400E-009   8.0675202411300446E-009   2.7224901975803799E-009   3.4600597043828916E-010  -1.2897124515019117E-010   1.1671990575621707E-008   3.6852340838516723E-009   4.6397811378064500E-002   2.2892580996256555E-009  -4.9897127652119679E-009   1.6255442523384026E-009
   5.1347383994417894E-008   2.6345852032167382E-008  0.19279291908752186       -3.9396329751964312E-008   1.3299699233414745E-008   1.6105617292705176E-010   3.9094807078586632E-009  -3.1388929390545549E-008   1.7150361075179280E-008   1.8089224336398489E-008   1.3635936595019877E-008   9.7781941308287805E-009  0.25955539561948676       -1.7388305014403750E-008   6.5561811216053363E-010  -1.8745772901961939E-011  -6.6526719447774128E-011  -6.3781329620988036E-010   6.0542236188518280E-010  -2.4179109934502184E-010   4.4131635771509848E-010  -1.0244391187161740E-009  -5.7334223986071236E-010   8.1316184917295006E-010  -2.8113413527036365E-009   6.4873420237208225E-010   7.1135145953886484E-009  -2.9708759366695129E-009   3.3500075017717379E-009   5.7822107065230829E-009   1.3484069359575621E-008   8.0515784150040781E-009  0.14102000028048814        1.9555151991650125E-009   5.3421108475224517E-012  -7.7156916590517956E-011  -3.0508444903210153E-009   1.0775530875612341E-009   1.0953256392875874E-009  -1.5350522942505650E-008  -9.2533583458320531E-009 -0.15995643796537895        1.4314146441507700E-008  -1.1195681282259634E-009  -2.2399871003772336E-010  -2.3601396889324040E-009   6.6160737125655640E-009  -4.5366855135325261E-009  -5.4965074570212096E-009   1.2562049737698222E-008   4.6690329401860191E-009   2.8152613059265333E-009   4.6397829803241301E-002  -5.4522123073142383E-009   1.7579523280286528E-009
   8.2335769806670407E-009  -4.2278279754163100E-008  -3.9396329751964312E-008  0.61487049770227309       -4.9092155488209636E-009   2.8519129978573045E-009   3.1609137240141214E-009  -7.0992598450641807E-009   4.9389531575367159E-009   1.2009073734473131E-008   3.7317786378190604E-009   9.0556901558357045E-009   1.6076906697084871E-008  0.75836910746678643        1.7853528294032331E-009   3.1559331308261375E-009  -3.3104667156447183E-010  -1.0004095546021489E-009   2.5236648008506556E-010  -1.3948919709716177E-009  -3.2886721795559142E-009  -2.8357962550815679E-009   1.2562840506017544E-009   2.3604262701995846E-009   1.3429361194278069E-008  -2.9684110322931874E-009  -1.0711109118565474E-008   5.8684714069683760E-009  -5.2944912116929560E-009  -1.9298315174247277E-008   5.8632597190272967E-009   1.2320785628563592E-008   1.4806512063910401E-008  -6.7671216327579357E-010  -5.9602230570245781E-010   1.1887879673231253E-009  -1.5758931473437549E-009   1.5383130136990967E-009   2.2517781066234040E-009  -7.3142669492045129E-009  -5.8828927974253369E-009  -9.1309957086998964E-009 -0.45461739280212171        2.2684230443034644E-009  -3.2080361250661637E-009   6.8838005211288116E-010  -1.8898652575715074E-010   8.8350082501849912E-010  -2.0796224998970692E-009 -0.30283212556625044        2.3929127303268572E-009   1.7014334774191015E-009   2.6820909099737713E-009  0.14766709979593901       -4.3402018513192128E-002
   3.4893475290699427E-008   1.6827343216564198E-008   1.3299699233414745E-008  -4.9092155488209636E-009   1.9397394086542903E-004   3.0856280343283744E-012   9.0417352135516039E-013  -9.6986962817313151E-005  -2.5753458903098970E-012  -9.6986978047974338E-005   4.6955081493456926E-008   2.2689253194319599E-008   1.7908520491179256E-008  -6.1909022712147095E-009   5.5988999766809517E-011   1.4889303492064254E-011   1.1449062944166304E-011  -3.0874060997997245E-011   1.6338157417743888E-011  -4.4243089445891703E-011  -9.1079201338806017E-012  -4.0898946520423004E-012  -2.6697279051973012E-012  -5.4851983556663673E-012  -8.7814065121998787E-005  -5.6257438743658881E-012  -7.2983492518517862E-012   4.3907003767675772E-005   7.3308559344289343E-012   4.3907061354404499E-005   2.5549139164341052E-008   1.2209669077736378E-008   9.6741410211832383E-009   3.6186477165525517E-003   1.5765466484863494E-011   3.2527684821585903E-011  -1.8093237751209358E-003  -2.2643636718279920E-011  -1.8093239414320164E-003  -2.8903510151569830E-008  -1.4481307446298749E-008  -1.1390901703394623E-008   3.3403839934071232E-009   1.7924807298584883E-002   4.3905041096657709E-011   1.5430323274236123E-010  -8.9624033496885844E-003  -1.1415817926940025E-010  -8.9624039488935252E-003   2.2032765972169306E-009   8.6677581438037688E-009   4.4307948387164037E-009   3.4793063461081249E-009  -9.1752110154563463E-010   2.9127264677834615E-010
   3.5053504541662487E-008  -1.9699401254424738E-008   1.6105617292705176E-010   2.8519129978573045E-009   3.0856280343283744E-012   1.9397393436482527E-004   4.5316243121929509E-012   3.6868907926995604E-013   6.3235268022943607E-012  -3.4542741264457053E-012   4.7230271476056462E-008  -2.6600545455325779E-008   2.2136919617043734E-010   3.6135631356133934E-009  -1.0816938684782925E-011   5.4254344802090060E-011  -1.6920597425703349E-011   1.8803129691030534E-011   1.1201615262789734E-011  -4.2906812165810966E-012  -2.5984989112604712E-011   1.6360382841277751E-011  -1.9391815118756603E-011   4.1757630379054810E-013  -6.7332756480069524E-012  -8.7814042626660133E-005  -8.7090311876563210E-012  -5.4128312721633715E-012  -1.4920926109627429E-011   1.2146365402435354E-011   2.5603602998814039E-008  -1.4212031595724199E-008   1.0741310231960234E-010   5.4692119294821623E-011   3.6186476322353635E-003   4.2798202136554594E-011  -7.6899506811544834E-012   4.1951849888748230E-011  -4.7001911615632852E-011  -2.9469151526955144E-008   1.7399729375870745E-008  -1.6346072019713087E-010  -1.9752382339448865E-009   2.3681937458266910E-010   1.7924807004871462E-002   1.7914711216123480E-010  -8.6537730452362524E-011   1.2022278691381105E-010  -1.5028152806072682E-010  -1.3168520086272869E-009   8.9441336356493967E-009  -5.4273051915498629E-009   5.3079577509979971E-011   5.5974863472589114E-010  -1.7610247959322478E-010
   1.7476595141580692E-008  -4.7614381822700057E-008   3.9094807078586632E-009   3.1609137240141214E-009   9.0417352135516039E-013   4.5316243121929509E-012   1.9397396058532882E-004  -6.3004093502355226E-012   2.5658554938103302E-012   5.3962412997838324E-012   2.3517376422098546E-008  -6.4124964423767171E-008   5.2077568555768960E-009   3.9430633897985350E-009  -5.5727026634035573E-012  -3.2536098974804231E-012   6.2796108246783204E-011  -4.8866882163000235E-012   1.2150863984484196E-011   1.2363246454218089E-011  -7.2689237757764902E-012  -9.7635591946047855E-012   1.3005911217418959E-011  -3.9528096649181676E-011  -6.9447985306632428E-012  -8.3047716765454663E-012  -8.7814098443236401E-005   1.4222068744250278E-011  -1.3813753298188625E-011  -7.2771852881255139E-012   1.2845763390660812E-008  -3.4682575229830440E-008   2.9439277186329674E-009  -1.3184871226403388E-011   5.4501171107807215E-011   3.6186479149702454E-003  -5.1737411493708447E-011   5.9958564455600047E-011   6.4922360510860244E-011  -1.4402176007331545E-008   4.0343777136706537E-008  -2.7147157136297670E-009  -2.1677910971086699E-009  -6.7418420259946190E-011   2.3612147829832217E-010   1.7924808209979715E-002  -2.2992851626229607E-010   1.9850450585744490E-010   2.9734692382955894E-010  -1.4271464350210237E-009   4.3433137585415956E-009  -1.2296994923951186E-008   7.1747450478253289E-010   6.1455152865355893E-010  -1.9277707718770110E-010
   4.8227855272614798E-009  -2.1102569011756591E-008  -3.1388929390545549E-008  -7.0992598450641807E-009  -9.6986962817313151E-005   3.6868907926995604E-013  -6.3004093502355226E-012   1.9397395335963956E-004   1.5382616493403262E-012  -9.6986990541911497E-005   6.5175882776337603E-009  -2.8460323953339938E-008  -4.2286231328956140E-008  -8.7598018591283592E-009  -2.4964478091821730E-011  -1.2893037755139219E-011  -4.7862486081286067E-012   4.5989348936302744E-011  -1.6858712710546376E-011  -1.2495974838727995E-011   1.9551463312352341E-011   1.4859658532110567E-011  -1.3337988662437643E-011  -7.5082744859830780E-012   4.3907003608068608E-005  -7.0500543215806267E-012   1.4527847880172510E-011  -8.7814071981597328E-005  -3.0782440587864804E-012   4.3907068373237578E-005   3.4424822249821033E-009  -1.5275799010379806E-008  -2.2910907486658829E-008  -1.8093237553262901E-003   3.2251539849524960E-011  -7.7905346165134351E-011   3.6186478419407420E-003   3.3517120649533666E-013  -1.8093240866149706E-003  -4.4242068279251288E-009   1.8303005499431441E-008   2.6418463241992976E-008   5.0961202335123888E-009  -8.9624032525674469E-003   1.1443591123459534E-010  -3.5406025790580558E-010   1.7924807871505646E-002   6.6426505503621121E-012  -8.9624046189373842E-003   3.3573524255898655E-009   1.4208491584169096E-009  -5.6159796864838404E-009  -8.0283526565321724E-009  -1.5908998567581584E-009   4.8199974358676615E-010
   4.4719198145103740E-008  -8.7731952040015139E-009   1.7150361075179280E-008   4.9389531575367159E-009  -2.5753458903098970E-012   6.3235268022943607E-012   2.5658554938103302E-012   1.5382616493403262E-012   1.9397397102212469E-004   1.0372207501335274E-012   6.0236332309486818E-008  -1.1834953614721921E-008   2.3096404524868688E-008   6.0816905119252926E-009   7.4293451808738625E-012  -2.0456232811068658E-012  -5.7017047627270200E-012   3.6512865697088499E-012   4.3627989265307265E-011  -1.3618802019804543E-011  -1.0034719764600092E-011   1.9973137509187106E-011   1.5508587823422678E-011  -1.0637343208263505E-011   7.7344148537752389E-012  -1.7223014895412529E-011  -1.2593781173839913E-011  -3.9889003033180935E-012  -8.7814111943207399E-005  -3.7458622706943085E-012   3.2548048885770758E-008  -6.3433396150534530E-009   1.2578098760134628E-008  -2.5006866668335080E-011   1.0960690352069059E-010   2.5233995651692270E-011   2.6026937011947886E-011   3.6186480366127531E-003  -1.0205037740850287E-012  -3.7957805337915134E-008   7.7326654055772782E-009  -1.4227797726819502E-008  -3.5476473747403536E-009  -1.2939961593282668E-010   4.5339347653629530E-010   2.5074956335333771E-011   1.3892193280125411E-010   1.7924808681629805E-002  -9.5223504803339017E-012  -2.3294219915362903E-009   1.1578150720411980E-008  -2.3766681265933414E-009   4.2968390613750283E-009   1.1102229255051286E-009  -3.3575808449626043E-010
  -3.9716258085550095E-008   4.2752230919469701E-009   1.8089224336398489E-008   1.2009073734473131E-008  -9.6986978047974338E-005  -3.4542741264457053E-012   5.3962412997838324E-012  -9.6986990541911497E-005   1.0372207501335274E-012   1.9397396858932938E-004  -5.3472666072244550E-008   5.7710672464200102E-009   2.4377702836414992E-008   1.4951455653331334E-008  -3.1024521673240632E-011  -1.9962657338352093E-012  -6.6628143363235287E-012  -1.5115287939218939E-011   5.2055529305740513E-013   5.6739064283189088E-011  -1.0443543181647135E-011  -1.0769763882757428E-011   1.6007716568805360E-011   1.2993472843866876E-011   4.3907061513866102E-005   1.2675778733715948E-011  -7.2295011141272893E-012   4.3907068213733739E-005  -4.2526736778651416E-012  -8.7814129727390176E-005  -2.8991619355660939E-008   3.0661276212964672E-009   1.3236762834715042E-008  -1.8093239612236207E-003  -4.8016204462226276E-011   4.5377763333429878E-011  -1.8093240668120656E-003   2.2311012041752776E-011   3.6186480280366055E-003   3.3327716969710868E-008  -3.8217037848698667E-009  -1.5027538663467741E-008  -8.4367384791989759E-009  -8.9624040460043533E-003  -1.5833698029581150E-010   1.9975753035862715E-010  -8.9624045217787194E-003   1.0752814283268766E-010   1.7924808567779487E-002  -5.5606682802059347E-009  -1.0088600286135735E-008   1.1852058794965466E-009   4.5490229503102504E-009   2.5084338100309945E-009  -7.7329220656290754E-010
  0.25955532521038682        1.2930482245488126E-008   1.3635936595019877E-008   3.7317786378190604E-009   4.6955081493456926E-008   4.7230271476056462E-008   2.3517376422098546E-008   6.5175882776337603E-009   6.0236332309486818E-008  -5.3472666072244550E-008  0.34954239803492965       -3.8912153953734810E-008  -5.1590279508544778E-008   1.4432064031947747E-009  -2.6328959760386049E-009   3.0063525218524661E-009   1.5558603185037726E-009  -1.1477625485959500E-009  -7.5742519727990660E-011   4.6801459070550637E-009  -1.2040373652803560E-009  -1.1021227675753424E-009  -1.3909670677566338E-009  -3.3819608595303740E-010   1.0192340488693171E-008   7.0299053853262671E-009   8.5121267544566819E-010  -3.0526645467298526E-009   4.4845314815628693E-009  -7.1396795041714116E-009  0.18944023599058263       -1.7083155817142542E-008  -2.1730324546831567E-008   4.0524590070931825E-009   4.7040933226144656E-009   1.4831027018311897E-009   1.5390122929559054E-009   7.2010023047517541E-009  -5.5914766750772764E-009 -0.22742814895755378        1.6342019233644104E-008   2.2712514339901183E-008  -4.2795801799462951E-009  -1.3258848080238732E-008  -8.0208218647939083E-009  -5.9272560177847013E-009   2.1793489604573091E-009  -8.5670134262595244E-009   1.1079498534373349E-008  -8.0970995351675886E-010   7.5954427183360845E-002  -4.7298528079082365E-009  -6.7146589923383055E-009   1.8641539336203701E-009  -3.6658608790973716E-010
   1.3043545261652625E-008  0.25955533597888686        9.7781941308287805E-009   9.0556901558357045E-009   2.2689253194319599E-008  -2.6600545455325779E-008  -6.4124964423767171E-008  -2.8460323953339938E-008  -1.1834953614721921E-008   5.7710672464200102E-009  -3.8912153953734810E-008  0.34954235902793929       -2.7417290473519121E-008   6.5540060487047673E-008  -7.4140800316646466E-010   1.3436287567571812E-009  -8.6485699629321200E-010   3.5946023185355433E-009  -1.2600621921290274E-009  -2.5998992125828091E-009  -1.7151707699578381E-009   1.1183843816460173E-010   9.5752552223364842E-010   5.6126666830259666E-010  -1.2571598090565461E-009   4.9536668811772948E-009  -2.5157691049804719E-009   3.2478797664585509E-009   5.2685253858557376E-009  -1.9907151468439238E-009  -1.7754947612175866E-008  0.18944022132338217       -9.3274819115344194E-009   3.6814042417933871E-009  -5.0023184549720616E-009  -7.4792488181127509E-009  -5.3111456022521825E-009  -2.6336134100124367E-009   1.6297475942936612E-009   1.6715875355807759E-008 -0.22742813302946846        1.0828087367008617E-008  -3.1741864732509246E-008  -6.3935204634046581E-010  -3.6583979577860471E-009   9.4851411484279479E-009  -4.3302008437793173E-010  -1.4377322694400841E-009   1.0723725750521979E-009  -1.6494983646754116E-008  -4.8388835767793243E-009   7.5954422468086175E-002  -3.2177183790665897E-009   9.1853775788646491E-009  -2.5659411989212770E-009
   1.7167403974148416E-008   5.3253262967025126E-009  0.25955539561948676        1.6076906697084871E-008   1.7908520491179256E-008   2.2136919617043734E-010   5.2077568555768960E-009  -4.2286231328956140E-008   2.3096404524868688E-008   2.4377702836414992E-008  -5.1590279508544778E-008  -2.7417290473519121E-008  0.34954216430227564        6.1852680482770646E-008   8.8326038805402234E-010  -2.5291533172387296E-011  -8.7298985115793913E-011  -8.5868046351324829E-010   8.1406810594862706E-010  -3.2633822837979209E-010   5.9445301843953025E-010  -1.3779190551248612E-009  -7.7225085954285957E-010   1.0921144887656555E-009  -3.7897645125301449E-009   8.7091768444726163E-010   9.6177408703739678E-009  -3.9901703463191879E-009   4.5134804772630629E-009   7.7799261224401796E-009  -1.9896186513137696E-008  -1.1220447267125691E-008  0.18944014086800501        2.6504455598468837E-009   8.9714485798725306E-011  -1.1026939426848833E-009  -4.5563018491903612E-009   1.5613188626147794E-009   1.9058515821486628E-009   2.1371929202707337E-008   1.2292113548961839E-008 -0.22742805000853095       -3.1576789353458174E-008  -1.4553522443055595E-009   1.0004660786841783E-010  -8.0211080711510116E-009   6.6891636089629035E-009  -5.5155209324135610E-009  -5.2338138524949754E-009  -1.6803928471303280E-008  -6.3143094843793606E-009  -3.6576541459378874E-009   7.5954398070390880E-002   9.2890107223792885E-009  -2.6056290911029797E-009
   7.8970661161272764E-009  -1.1768772456655818E-008  -1.7388305014403750E-008  0.75836910746678643       -6.1909022712147095E-009   3.6135631356133934E-009   3.9430633897985350E-009  -8.7598018591283592E-009   6.0816905119252926E-009   1.4951455653331334E-008   1.4432064031947747E-009   6.5540060487047673E-008   6.1852680482770646E-008  0.93738043022653761        2.2015277221774286E-009   3.8918319962344410E-009  -4.0727732026350667E-010  -1.2331520740635404E-009   3.1094572149203448E-010  -1.7205065256455353E-009  -4.0557331671279907E-009  -3.4980432698126965E-009   1.5495055997888338E-009   2.9108551735715721E-009   1.6676813535044310E-008  -3.7321399157807919E-009  -1.3262027923879280E-008   7.2615286802942883E-009  -6.5371103319559455E-009  -2.3938953130774246E-008   5.7829283905578474E-009   4.4791918666297288E-008   4.1132321878920595E-008  -3.1226809103866626E-009   9.4435891994993094E-010   2.1557877697087032E-009  -1.8779554746080572E-009   1.6159575248936050E-009   4.9995905568288395E-009  -3.2596360641779565E-009  -3.9931096231551146E-008  -3.6726356406238280E-008 -0.52942453987205007       -8.2065446139347316E-009   4.1698181830616458E-009   4.0974682061861982E-009   1.9818903642515264E-010  -3.5296354509337692E-010   8.0081265961180549E-009 -0.33526292212745434        9.4386138185209465E-010   1.1856306786851146E-008   1.0910223906146207E-008  0.15934729054236604       -5.0552713609770976E-002
  -1.9567595025013855E-009  -5.5129263391268113E-010   6.5561811216053363E-010   1.7853528294032331E-009   5.5988999766809517E-011  -1.0816938684782925E-011  -5.5727026634035573E-012  -2.4964478091821730E-011   7.4293451808738625E-012  -3.1024521673240632E-011  -2.6328959760386049E-009  -7.4140800316646466E-010   8.8326038805402234E-010   2.2015277221774286E-009   4.6175152190680579E-017  -1.5262660309584810E-017  -8.8348080636108708E-018  -1.3114784750941431E-017   1.1240499713059954E-017  -4.8835554874910901E-017   3.6615525823804946E-018  -4.4201786243234759E-018   1.0350156183749397E-017   9.8796994702233059E-018  -2.5347027731368396E-011   4.8967390511460945E-012   2.5228045370761413E-012   1.1301647336391265E-011  -3.3635520936117008E-012   1.4045380393562712E-011  -1.4401105310710283E-009  -4.0789088972250345E-010   4.7620517575314409E-010   1.0445001115778670E-009  -2.0178816805945682E-010  -1.0396023384996207E-010  -4.6571842778301788E-010   1.3860348571442838E-010  -5.7878168379739344E-010   1.3335572054291876E-009   3.0547583604446935E-010  -6.5217891424927718E-010  -1.3277822444180659E-009   5.1738841876976695E-009  -9.9954836493639951E-010  -5.1496232039194459E-010  -2.3069150535573951E-009   6.8656633368244351E-010  -2.8669691341399783E-009  -8.8868827626579182E-010  -3.8029576172552352E-010  -8.0786400735624387E-011   2.0415330528995894E-010   4.3575730793140333E-010  -1.2945544051784217E-010
   2.2339516048091638E-009   9.9684229938887085E-010  -1.8745772901961939E-011   3.1559331308261375E-009   1.4889303492064254E-011   5.4254344802090060E-011  -3.2536098974804231E-012  -1.2893037755139219E-011  -2.0456232811068658E-012  -1.9962657338352093E-012   3.0063525218524661E-009   1.3436287567571812E-009  -2.5291533172387296E-011   3.8918319962344410E-009  -1.5262660309584810E-017   6.3900212247997890E-017   3.5058319938352708E-018   6.1619246512547516E-019  -2.1092526848563930E-019   1.9860664675601248E-017  -4.2182591595928022E-017  -1.9781519090680061E-017  -7.3062782588889968E-018   1.2131187885655785E-017  -6.7401844854289694E-012  -2.4561304107832393E-011   1.4728706927022626E-012   5.8367900253770056E-012   9.2632943032289656E-013   9.0339445766234052E-013   1.6413472755793557E-009   7.2031363563612932E-010  -1.3408412000234888E-011   2.7775623277178735E-010   1.0121267394718688E-009  -6.0696658200008153E-011  -2.4052226509598720E-010  -3.8170994676547256E-011  -3.7233967679985509E-011  -1.6125083685958043E-009  -1.1127514300357049E-009   2.5393871818955853E-011  -2.3436833645810383E-009   1.3758525603971253E-009   5.0135237360184348E-009  -3.0065811446608733E-010  -1.1914160540163854E-009  -1.8907867803960267E-010  -1.8443650638153385E-010  -1.5665892404516251E-009   4.6815041696853928E-010   3.5925798330684026E-010  -8.4374909172417102E-012   7.7078882602921857E-010  -2.2926061621605752E-010
   1.1560594260158602E-009  -6.4226835128673775E-010  -6.6526719447774128E-011  -3.3104667156447183E-010   1.1449062944166304E-011  -1.6920597425703349E-011   6.2796108246783204E-011  -4.7862486081286067E-012  -5.7017047627270200E-012  -6.6628143363235287E-012   1.5558603185037726E-009  -8.6485699629321200E-010  -8.7298985115793913E-011  -4.0727732026350667E-010  -8.8348080636108708E-018   3.5058319938352708E-018   3.2012793446425990E-017  -1.8202500594450589E-017   4.9859138839585638E-018   3.0055556879193480E-017   2.6851666548380310E-019  -8.5930008666243208E-018  -3.8661067716102513E-018  -1.7456068013356115E-017  -5.1830041548402692E-012   7.6602753807681783E-012  -2.8428341534019633E-011   2.1668161835079856E-012   2.5813603372029707E-012   3.0161879715777126E-012   8.4887398003909269E-010  -4.6893362414270161E-010  -6.1634887123559776E-011   2.1358321738364853E-010  -3.1566441823533938E-010   1.1714771889772446E-009  -8.9291129783663398E-011  -1.0637251307782873E-010  -1.2429208759960166E-010  -8.5138900098270441E-010   5.5975682979679696E-010  -3.6708181022186942E-010   2.6126584185449819E-010   1.0579746767301951E-009  -1.5636295885721679E-009   5.8028589238513315E-009  -4.4229965444547764E-010  -5.2691165266406431E-010  -6.1567502228445565E-010   1.8280312074864966E-010   2.4771316940224018E-010  -1.7169443269735863E-010   1.4225567203782184E-010  -9.8950935713660318E-011   2.8887472675264855E-011
  -8.5256455355426337E-010   2.6708193613258391E-009  -6.3781329620988036E-010  -1.0004095546021489E-009  -3.0874060997997245E-011   1.8803129691030534E-011  -4.8866882163000235E-012   4.5989348936302744E-011   3.6512865697088499E-012  -1.5115287939218939E-011  -1.1477625485959500E-009   3.5946023185355433E-009  -8.5868046351324829E-010  -1.2331520740635404E-009  -1.3114784750941431E-017   6.1619246512547516E-019  -1.8202500594450589E-017   5.7876217097021260E-017  -1.7934701369106312E-017  -4.0280826350773108E-017  -7.7416183814294758E-018   1.8331801580594056E-017   9.7703927316606850E-018  -9.6391066440310103E-020   1.3976970933184639E-011  -8.5125424797614550E-012   2.2118816585238468E-012  -2.0819913579179839E-011  -1.6531158550601305E-012   6.8429426468056698E-012  -6.2400731093465062E-010   1.9604291377880284E-009  -4.6667066873076620E-010  -5.7596656384539083E-010   3.5078661352409519E-010  -9.1148768276998194E-011   8.5795008094275725E-010   6.8123046354634527E-011  -2.8198351709601000E-010   6.9338306572735319E-010  -1.9895405045003041E-009   5.2381507270301740E-010   7.5116203323158182E-010  -2.8530243269478580E-009   1.7376058971948267E-009  -4.5150074827758644E-010   4.2498169903976064E-009   3.3744471659892553E-010  -1.3967926634494022E-009   5.0666059886247308E-010  -2.0795686378795819E-010   5.8321498097551317E-010  -1.5740558615550660E-010  -2.5019097177114876E-010   7.3997730495339375E-011
  -5.6013227682757040E-011  -9.3535432923589184E-010   6.0542236188518280E-010   2.5236648008506556E-010   1.6338157417743888E-011   1.1201615262789734E-011   1.2150863984484196E-011  -1.6858712710546376E-011   4.3627989265307265E-011   5.2055529305740513E-013  -7.5742519727990660E-011  -1.2600621921290274E-009   8.1406810594862706E-010   3.1094572149203448E-010   1.1240499713059954E-017  -2.1092526848563930E-019   4.9859138839585638E-018  -1.7934701369106312E-017   1.9702031330334192E-017   2.8539880453593920E-018   5.8814690267921403E-019  -8.4911550636970140E-019  -5.7820141391026412E-019  -3.0833839698587767E-018  -7.3964798151309496E-012  -5.0710717541924534E-012  -5.5006958342198567E-012   7.6320986757921541E-012  -1.9750836066081075E-011  -2.3561886093138208E-013  -3.9093642110395427E-011  -6.7977256194619918E-010   4.4874255316440779E-010   3.0479467544641633E-010   2.0896820150395655E-010   2.2667390391144355E-010  -3.1450481520717968E-010   8.1389286212976745E-010   9.7101397603248049E-012   1.0740450804722499E-010   9.1786919161811010E-010  -3.0921720055295662E-010  -1.9165737088730662E-010   1.5097866452944513E-009   1.0351144206062826E-009   1.1228186932016971E-009  -1.5578853579415142E-009   4.0315812447728892E-009   4.8098712647079450E-011  -1.3038347229564519E-010  -3.7532681636175680E-011  -2.8739413696763442E-010   7.9823960385875000E-011   6.6106008898267391E-011  -1.9496338985940382E-011
   3.4778199571215969E-009  -1.9311827618186776E-009  -2.4179109934502184E-010  -1.3948919709716177E-009  -4.4243089445891703E-011  -4.2906812165810966E-012   1.2363246454218089E-011  -1.2495974838727995E-011  -1.3618802019804543E-011   5.6739064283189088E-011   4.6801459070550637E-009  -2.5998992125828091E-009  -3.2633822837979209E-010  -1.7205065256455353E-009  -4.8835554874910901E-017   1.9860664675601248E-017   3.0055556879193480E-017  -4.0280826350773108E-017   2.8539880453593920E-018   1.0580036642158876E-016   2.8291889081057922E-018  -1.2401455003052690E-017  -2.3656512879395153E-017  -1.3158595903681375E-017   2.0029646495972374E-011   1.9428765826746721E-012  -5.5965759777236809E-012   5.6571570911867921E-012   6.1657958600229954E-012  -2.5686803586071995E-011   2.5561081189398093E-009  -1.4131861642216236E-009  -1.7222589974716374E-010  -8.2537784923910389E-010  -8.0059333141291020E-011   2.3062592861941808E-010  -2.3312301791980467E-010  -2.5407919070189369E-010   1.0585008671609653E-009  -2.4825494597932379E-009   1.5797010307168801E-009   3.5117551280960816E-010   1.0302440767849445E-009  -4.0884720118333603E-009  -3.9657082535204994E-010   1.1423945590336817E-009  -1.1547645476169634E-009  -1.2585703837625954E-009   5.2432365594495810E-009   6.8563924394932973E-010   7.1819370904226192E-010  -4.7482884403059750E-010  -1.1649393063289831E-010  -3.3443842406117854E-010   9.9685451604633664E-011
  -8.9482984452914205E-010  -1.2743758477347566E-009   4.4131635771509848E-010  -3.2886721795559142E-009  -9.1079201338806017E-012  -2.5984989112604712E-011  -7.2689237757764902E-012   1.9551463312352341E-011  -1.0034719764600092E-011  -1.0443543181647135E-011  -1.2040373652803560E-009  -1.7151707699578381E-009   5.9445301843953025E-010  -4.0557331671279907E-009   3.6615525823804946E-018  -4.2182591595928022E-017   2.6851666548380310E-019  -7.7416183814294758E-018   5.8814690267921403E-019   2.8291889081057922E-018   3.7437271950954550E-017   1.4728636117991443E-017  -8.0448338087431658E-018  -1.1178212427451685E-017   4.1230450632102378E-012   1.1763626165813715E-011   3.2909080269505729E-012  -8.8511608710769935E-012   4.5427608158767645E-012   4.7281158103692993E-012  -6.5852453619158651E-010  -9.3534950830486267E-010   3.2111308781518098E-010  -1.6990723625911259E-010  -4.8475763529502389E-010  -1.3560833456476978E-010   3.6473743922491827E-010  -1.8719844888531059E-010  -1.9483020296147712E-010   6.1107021633463758E-010   9.5133281331076493E-010  -4.2047453198206135E-010   2.4389742464487648E-009  -8.4162764116532838E-010  -2.4012249633646732E-009  -6.7172987520837732E-010   1.8067102598251307E-009  -9.2727888808521476E-010  -9.6508261865872832E-010   1.6284888424162992E-009  -1.7496100670994113E-010  -2.7966460426856263E-010   1.3129037499883381E-010  -8.0041128687803869E-010   2.3822305426338816E-010
  -8.1858470466353017E-010   8.3263514956092424E-011  -1.0244391187161740E-009  -2.8357962550815679E-009  -4.0898946520423004E-012   1.6360382841277751E-011  -9.7635591946047855E-012   1.4859658532110567E-011   1.9973137509187106E-011  -1.0769763882757428E-011  -1.1021227675753424E-009   1.1183843816460173E-010  -1.3779190551248612E-009  -3.4980432698126965E-009  -4.4201786243234759E-018  -1.9781519090680061E-017  -8.5930008666243208E-018   1.8331801580594056E-017  -8.4911550636970140E-019  -1.2401455003052690E-017   1.4728636117991443E-017   2.7204655133610182E-017   2.0980835596774515E-020  -1.3872333791186246E-017   1.8513720479341923E-012  -7.4066074856258465E-012   4.4200169347019120E-012  -6.7270512664947622E-012  -9.0422005899652449E-012   4.8756792207948404E-012  -5.9852768920488478E-010   6.2384447020594106E-011  -7.5680842478795309E-010  -7.6294827390224577E-011   3.0521151729463319E-010  -1.8213998893277621E-010   2.7720865426830190E-010   3.7261112379723081E-010  -2.0091382687429975E-010   6.8557191323329854E-010  -2.0887586338438771E-011   6.0537968396455452E-010   2.0902990365853570E-009  -3.7792284925790277E-010   1.5118515101138438E-009  -9.0222208569116182E-010   1.3731403559847423E-009   1.8457125019422484E-009  -9.9521750672582793E-010   1.3887015955316955E-009  -2.0705557652460830E-010   1.9739973561202443E-012  -1.6331297813301501E-010  -6.7865971239632710E-010   2.0255547243868052E-010
  -1.0334115168823871E-009   7.1292055817593344E-010  -5.7334223986071236E-010   1.2562840506017544E-009  -2.6697279051973012E-012  -1.9391815118756603E-011   1.3005911217418959E-011  -1.3337988662437643E-011   1.5508587823422678E-011   1.6007716568805360E-011  -1.3909670677566338E-009   9.5752552223364842E-010  -7.7225085954285957E-010   1.5495055997888338E-009   1.0350156183749397E-017  -7.3062782588889968E-018  -3.8661067716102513E-018   9.7703927316606850E-018  -5.7820141391026412E-019  -2.3656512879395153E-017  -8.0448338087431658E-018   2.0980835596774515E-020   1.8099579806156349E-017   2.8659736117120579E-018   1.2085307095051610E-012   8.7787396196084008E-012  -5.8880946913622712E-012   6.0382819792408382E-012  -7.0210714083277790E-012  -7.2468126897138898E-012  -7.5784396838247938E-010   5.3459487737212726E-010  -4.1741002513282346E-010  -4.9801410412617314E-011  -3.6175596668118723E-010   2.4263464258015930E-010  -2.4882409484577224E-010   2.8932360669288998E-010   2.9862550525676753E-010   7.9267227587702974E-010  -1.6361981598126756E-010   5.3873091757923632E-010  -9.2854428962957732E-010  -2.4668888462668057E-010  -1.7919416063883591E-009   1.2018798567413551E-009  -1.2325388078514611E-009   1.4331515653792276E-009   1.4792276924774948E-009  -6.1825798956010714E-010  -2.3341757115830012E-010   1.5965998512614295E-011  -1.6770657346723968E-010   3.0307657107050983E-010  -9.0348001408527554E-011
  -2.5153887393219140E-010   4.1665744316905239E-010   8.1316184917295006E-010   2.3604262701995846E-009  -5.4851983556663673E-012   4.1757630379054810E-013  -3.9528096649181676E-011  -7.5082744859830780E-012  -1.0637343208263505E-011   1.2993472843866876E-011  -3.3819608595303740E-010   5.6126666830259666E-010   1.0921144887656555E-009   2.9108551735715721E-009   9.8796994702233059E-018   1.2131187885655785E-017  -1.7456068013356115E-017  -9.6391066440310103E-020  -3.0833839698587767E-018  -1.3158595903681375E-017  -1.1178212427451685E-017  -1.3872333791186246E-017   2.8659736117120579E-018   2.3350820237765743E-017   2.4832511269732173E-012  -1.8908058462767358E-013   1.7894734311611026E-011   3.3989976560425562E-012   4.8156465020846470E-012  -5.8822487848640327E-012  -1.8659718517425136E-010   3.0302381076179738E-010   6.1003348829342150E-010  -1.0232869003474026E-010   7.7914496112403437E-012  -7.3740782144088488E-010  -1.4006541628654359E-010  -1.9844338882462300E-010   2.4239410631818242E-010   1.2359207589432630E-010  -4.0164713901035960E-010  -1.7765357126865640E-010  -1.7527546001074768E-009  -5.0688053566906454E-010   3.8594672572605770E-011  -3.6527161157368289E-009  -6.9380751324300665E-010  -9.8298030104815710E-010   1.2006880489111217E-009  -1.1713320771628713E-009  -3.0303160591152861E-011   1.2650183109615076E-010   1.5704057450288372E-011   5.7959755849300569E-010  -1.7250697924076175E-010
   7.5526482660096583E-009  -9.1688103492397249E-010  -2.8113413527036365E-009   1.3429361194278069E-008  -8.7814065121998787E-005  -6.7332756480069524E-012  -6.9447985306632428E-012   4.3907003608068608E-005   7.7344148537752389E-012   4.3907061513866102E-005   1.0192340488693171E-008  -1.2571598090565461E-009  -3.7897645125301449E-009   1.6676813535044310E-008  -2.5347027731368396E-011  -6.7401844854289694E-012  -5.1830041548402692E-012   1.3976970933184639E-011  -7.3964798151309496E-012   2.0029646495972374E-011   4.1230450632102378E-012   1.8513720479341923E-012   1.2085307095051610E-012   2.4832511269732173E-012   3.9754360815126359E-005   4.9650222684420821E-012   6.2629138962451241E-012  -1.9877155824803865E-005  -6.2894180565350978E-012  -1.9877204990359393E-005   5.4399253270267795E-009  -5.8478855831225077E-010  -2.0120227551763895E-009  -1.6382002903841447E-003  -1.0675630824929740E-010  -1.3665789502789460E-010   8.1909963170494573E-004   1.3268728787419790E-010   8.1910065867938037E-004  -8.5827283952708671E-009   2.3407918136848904E-009   3.1445894603889108E-009  -8.9780537711060502E-009  -8.1147508190185201E-003  -5.1333733866886110E-010  -6.7384079751396354E-010   4.0573729168134594E-003   6.5815915502987465E-010   4.0573779022038048E-003  -5.5285072351223191E-009   3.0266036040240672E-009  -8.5873111474367172E-010  -1.0266177517416135E-009   2.2536711543405629E-009  -7.1451228212094627E-010
   5.2310085778151079E-009   3.6414214574481676E-009   6.4873420237208225E-010  -2.9684110322931874E-009  -5.6257438743658881E-012  -8.7814042626660133E-005  -8.3047716765454663E-012  -7.0500543215806267E-012  -1.7223014895412529E-011   1.2675778733715948E-011   7.0299053853262671E-009   4.9536668811772948E-009   8.7091768444726163E-010  -3.7321399157807919E-009   4.8967390511460945E-012  -2.4561304107832393E-011   7.6602753807681783E-012  -8.5125424797614550E-012  -5.0710717541924534E-012   1.9428765826746721E-012   1.1763626165813715E-011  -7.4066074856258465E-012   8.7787396196084008E-012  -1.8908058462767358E-013   4.9650222684420821E-012   3.9754341778787576E-005   6.7752222582997699E-012   5.5666387813168002E-012   1.3258553588875524E-011  -1.0531778066225915E-011   3.8208897344963361E-009   2.4904422655780938E-009   4.8165900036894609E-010  -1.0371377175454393E-010  -1.6381998874449139E-003  -1.3609157637073506E-010  -1.2494461087108798E-010  -2.8698405442741472E-010   2.2865826628204621E-010  -4.8453534450671075E-009  -6.1979951332937578E-009  -4.4471430332169537E-010   1.6968445528018120E-009  -4.9830844600570460E-010  -8.1147488791892732E-003  -6.5925307553464232E-010  -5.9697635717892126E-010  -1.3819161963651467E-009   1.0952847506388242E-009   8.9646658218150407E-010   1.5052616974584662E-009   2.3837510184503298E-009   1.2468034304532958E-010  -1.7370523150333235E-010   7.4248297694393291E-011
   6.2206442576732684E-010  -1.8754502772024530E-009   7.1135145953886484E-009  -1.0711109118565474E-008  -7.2983492518517862E-012  -8.7090311876563210E-012  -8.7814098443236401E-005   1.4527847880172510E-011  -1.2593781173839913E-011  -7.2295011141272893E-012   8.5121267544566819E-010  -2.5157691049804719E-009   9.6177408703739678E-009  -1.3262027923879280E-008   2.5228045370761413E-012   1.4728706927022626E-012  -2.8428341534019633E-011   2.2118816585238468E-012  -5.5006958342198567E-012  -5.5965759777236809E-012   3.2909080269505729E-012   4.4200169347019120E-012  -5.8880946913622712E-012   1.7894734311611026E-011   6.2629138962451241E-012   6.7752222582997699E-012   3.9754386943806687E-005  -1.1724109858099409E-011   1.1430723891575715E-011   5.4611575218492358E-012   3.7944868224990829E-010  -1.4367538743946053E-009   5.0812747651667462E-009  -1.2255152857261592E-010  -1.4894389936740058E-010  -1.6382008353173112E-003   2.4120743472787778E-010  -2.4048488683025196E-010  -1.1865594135998327E-010  -2.0852882895937381E-009   1.1747651973534122E-009  -8.8223705751909660E-009   7.3523183914597233E-009  -6.0609922781886047E-010  -7.2246660699899523E-010  -8.1147534859714269E-003   1.1828793520324934E-009  -1.1466429157778177E-009  -5.7678011846493255E-010   4.6246180342480499E-009   7.6237210323466763E-010  -2.6547013662752076E-010   3.1187156402946262E-009  -2.0134733490361753E-009   6.2554475418885695E-010
