  0.15656742471000670       -3.1558084742508287E-009  -7.7310975832361041E-009   6.6798987249883984E-016   7.2011020333845207E-017   1.6668438741477155E-017   5.6338326758064572E-017   9.2508520633323610E-017  -3.2402104384413172E-017  -1.4141473625977076E-017  0.13818421853587232        3.2195483590084580E-009  -1.7271913021533754E-009   9.2933923503810452E-016   2.1090043123447749E-010  -4.1500928480347509E-011   1.6266637564729734E-010   9.5058405740018287E-011  -5.5514089053273920E-010  -3.7795954697441415E-010   3.5168551975428585E-011  -1.3772966957146609E-011  -5.6825516816663548E-012  -1.1097751580814790E-010   8.4762092359448343E-002   6.6493202920908613E-010  -2.1513825581908678E-009  -2.1354012099344507E-017   1.6951832520418745E-016   7.0350334907635706E-016   7.3543202009007187E-016  -1.0389454290464155E-016  -4.4742884490547422E-016  -9.9861302682100778E-002  -9.6548132862241154E-010   2.4699043148290633E-009  -5.3088918256502155E-016   9.7760924584959537E-016   4.0176663815221705E-015   3.8266339069645734E-015  -5.0476412997515521E-016  -2.9171793265667510E-015  -4.4315299640200625E-011   5.3820421765191838E-011   1.4295716964264253E-011   1.4219387548868272E-010  -5.8214247262967271E-011  -8.2716451732337608E-011  -2.5087204214550329E-011   9.2120430444468649E-012  -2.0162311455042955E-011  -1.7521302101717511E-011  -1.7351741980920632E-015  -2.2962332824974378E-015   3.8495423910393008E-015  -1.4091751397985528E-002  -1.3528216661879287E-010   3.5124545612249425E-010  -2.4579739033121126E-015
  -3.1558084742508287E-009  0.15656743592858105        7.2031280897502639E-009   2.7555615303732589E-015  -4.4276897164475268E-016   1.0508369541534054E-017   8.7215625645092572E-017  -3.4118837724696495E-016   1.8317857197778215E-017  -4.1659408286080396E-016  -3.3260860955548307E-009  0.13818421900777225       -5.3667978915401189E-009   2.2034567919910332E-015  -1.2644028031637059E-009  -1.2245805646197280E-009   7.3710564528100451E-010   1.8809543297238214E-010  -4.1478977354088173E-010   1.5082807911086546E-009   1.9338768264226288E-009   1.3147416770175064E-009  -1.3700325693771404E-009  -1.5293569546582668E-009  -1.9087720953357358E-009   8.4762094158633297E-002  -2.2661188015944437E-010  -5.7928959146543325E-016  -1.5415425289815530E-016   1.4232723540917334E-016  -6.5974376887594303E-017   5.4062663244078910E-017  -1.1811698854954185E-016   2.2397008076586257E-009  -9.9861304525039010E-002   6.3226002292931521E-010  -1.7630630096957982E-015  -7.0005918961079469E-016   8.4980725495256520E-016   1.1454708285302866E-015   2.9773609290343840E-016   7.2192749524337151E-016  -1.1828452073494654E-010  -1.8141829875763888E-010   8.0954056950414256E-011   3.3440615318571910E-011  -3.4305000982807644E-011   1.2525513300367208E-010   2.8783599766974947E-010   9.0031010061382617E-011  -2.0477120094755346E-010  -1.2744456442755984E-010  -2.2135234217813310E-015  -2.3954137353439301E-015   3.7591710884026802E-015   3.1566898387125269E-010  -1.4091751648451181E-002   8.1317470207141441E-011  -2.3955876192133700E-015
  -7.7310975832361041E-009   7.2031280897502639E-009  0.15656743201829940        4.0803132151060644E-015   3.5758784536197046E-016   4.0362849304239204E-017  -7.3002599805941318E-017   4.0438643957990825E-016   3.4611624486074235E-017   3.5595367956585516E-016   1.4754804614328722E-009   5.1455220395750230E-009  0.13818421849552379        8.7395784377452693E-015   5.1521390502183100E-010   8.2129981137136188E-010   1.7889083656312671E-010  -2.7056276476765578E-010   3.8058096897250005E-011  -4.2067130489087588E-010  -4.7432600089152929E-010  -6.9639221481977343E-010  -1.8492210694946263E-010   3.8574266514295618E-010  -9.0556760121465865E-010   3.7388803727853479E-009   8.4762094031594098E-002   1.2687264741329688E-016  -4.5796343957140223E-016  -1.6422233890751035E-015  -1.7155469095278688E-016  -5.8615422383658981E-017   2.9091821731158454E-016   9.0861125947299802E-010  -4.4331015390952126E-009  -9.9861304850614507E-002   6.8847072482462280E-016  -2.5561929501502189E-015  -9.1427498029635135E-015  -1.0248154769711812E-015  -3.0166300013666000E-016   1.4499637776772027E-015   5.3703631483126600E-011   9.0689657200664118E-011  -2.0288553199824580E-011  -1.5294855491212936E-011   9.8194453199281553E-012  -5.6756844811866288E-011  -3.6198767516597907E-011   7.2696295215577141E-011  -4.2122142961033908E-011  -3.9055853244952054E-011  -7.6293644040462291E-015  -9.3396550015164874E-015   1.4569830929167514E-014   1.3153194811075938E-010  -6.3210278360687339E-010  -1.4091751720153069E-002  -9.2694819068255698E-015
   6.6798987249883984E-016   2.7555615303732589E-015   4.0803132151060644E-015  0.47120886606307621       -3.6344991608098543E-010   7.1114810979352872E-010  -5.0453528591595668E-009  -2.4754024113850240E-008   2.2486048032940019E-008   2.5117336582562894E-008  -8.7044271372915958E-016   5.9676900106812537E-017  -9.6951563691299939E-015  0.72630548666983885       -3.6138319980888526E-016   8.8084654157784649E-016   2.4059827242388367E-016   4.4798366601016091E-016   5.7740911503337080E-016  -3.8700292854838677E-016   2.8933358854387933E-016   2.6359038389788173E-016   3.7112713721499047E-016  -7.1451300296879095E-016   3.9893023254987752E-016   1.0173566782506882E-016   5.6518351872138751E-015  -1.3932448729772650E-009   1.2458287268920653E-010  -6.4016747552181644E-010  -3.1395173529622391E-009   2.4755040189367012E-010   4.5325905718529861E-009   7.8917631529647110E-015   1.1163276674205108E-014  -2.7473371583169825E-015  -8.3453113596081847E-011  -1.1203377312930461E-009  -1.9417264576762441E-009  -1.3287769877995961E-008   4.2374280714556904E-009   1.3371273441873298E-008  -1.0970879267256589E-018   3.2165387593804530E-016  -3.0678332169815469E-017   1.8032602638755978E-016  -1.2471206145749981E-016   8.2976156165531186E-017   8.4634451937694357E-017  -4.0879735054980690E-016   4.6738499910088602E-016  -4.7398292152858931E-016 -0.35181510796221421      -0.44450855504242226       0.56781890656655254        1.3529220066208920E-015   1.8791671330096210E-015  -4.0160122465939780E-016 -0.35849943221636421     
   7.2011020333845207E-017  -4.4276897164475268E-016   3.5758784536197046E-016  -3.6344991608098543E-010   2.6510525078275450E-004   1.7424974534025579E-011  -2.1090634666160781E-012  -1.3255262026174862E-004   8.4818729069616649E-012  -1.3255263052079234E-004   1.0795225150556229E-016  -3.5654958323177481E-016   3.7530801250750462E-016  -5.3374700571870202E-010  -2.0836934458789619E-018  -1.1662752003217050E-017  -7.8810602085728495E-018  -2.1431640071282482E-018  -1.6489022079377412E-018   9.7740027763977144E-018   2.3038447900149661E-018  -1.8751166643902550E-017  -5.5149477503001100E-018  -3.6108145696443623E-017  -5.7967999031375270E-017  -2.2699338007021749E-016   2.0715894884605123E-016   3.7313440630023110E-003   1.3270523989056715E-010  -1.7741861939680106E-011  -1.8656720477551573E-003   1.2990843959345776E-010  -1.8656720152469023E-003  -3.8955298630207319E-015  -1.6984987830842668E-015   5.3563914972017123E-016   2.0851639486310775E-002   6.7149258152986934E-010  -1.4217640098594282E-010  -1.0425819602681725E-002   5.4794796901200008E-010  -1.0425819883625205E-002   6.2900283873882534E-018  -6.4531520056636700E-018  -8.3490654176682718E-018  -3.4941041384838888E-018  -3.1435357477234315E-018  -7.0621291684868659E-018  -6.2653244679201629E-018  -1.1323076288368372E-017   5.9584641859340179E-018  -4.0964925305572439E-018   2.6457247018821946E-010   2.7780218109129587E-010  -3.5707357703049285E-010  -6.5694280774960463E-016  -2.9317003376912838E-016   9.6718649738077317E-017   2.2484420184380328E-010
   1.6668438741477155E-017   1.0508369541534054E-017   4.0362849304239204E-017   7.1114810979352872E-010   1.7424974534025579E-011   2.6510528162255770E-004  -7.2470986190766401E-012  -1.9257311680976019E-012   1.1438825780471963E-011  -1.5499442824809356E-011  -1.5268144950845566E-017   3.7563689843304086E-017   8.2020430804986685E-017   1.1249990452658061E-009   1.1172999133522231E-017  -7.7711229812752260E-018  -9.9753585306522562E-018  -4.0873031697276291E-018  -5.1179057805758190E-018   1.3658580515253703E-018  -7.5169103878960868E-018   4.5331785964558945E-018  -9.7775600727322056E-018   2.0700183466731064E-018  -7.1837999054320452E-018   2.3761359844471517E-017   2.0594765070246364E-017   1.2896507706569641E-010   3.7313443300785280E-003  -1.0106603965184649E-010   8.6698658335235228E-012   7.3121589631696025E-011  -1.3763510343039347E-010  -1.0611702294932164E-015  -5.6195597139065449E-016  -2.0917008846746382E-015   6.8473544143852283E-010   2.0851640663945365E-002  -4.4017668417564963E-010   3.2087920136992448E-011   3.5831443304335661E-010  -7.1682328219518612E-010  -2.2245367121629744E-018   1.9644145543341788E-018  -2.8522813068346508E-019   4.4313977218586569E-018  -4.8644801692875852E-019  -2.3319242616547177E-018  -1.7930744979658018E-018  -5.2930549177964354E-018  -4.5775408165252274E-018  -1.4134228411675058E-017  -5.2609718672361593E-010  -6.4976943855716986E-010   8.1784525416434294E-010  -1.7839163570768562E-016  -9.3269366708028296E-017  -3.5150420495080252E-016  -5.1566388560651663E-010
   5.6338326758064572E-017   8.7215625645092572E-017  -7.3002599805941318E-017  -5.0453528591595668E-009  -2.1090634666160781E-012  -7.2470986190766401E-012   2.6510525836562600E-004  -2.3060479690413846E-012  -3.2460933179240271E-012   4.4153879602388976E-012  -7.7611743386953330E-017   2.7962211856734023E-017   2.4618768491695818E-016  -7.6753659983464810E-009   2.9466938615342699E-018   1.8614929570293301E-017  -4.0330890464932252E-017  -5.7575997064674003E-018  -1.2777987423555531E-017  -3.8387222300202823E-018   4.4390497786326897E-017  -2.9559376598263904E-017   9.2777650460937176E-018  -5.8075697545484127E-017   3.9109860936216125E-017  -2.2557451241503697E-017   1.3239609680333460E-017   3.1864391998264252E-012  -4.2240033883579720E-011   3.7313440680045579E-003  -2.3116748331410720E-011   2.1242913229499908E-011   1.9930554978956541E-011  -1.5433760017178667E-015  -5.7475145374640127E-016  -1.1020261148437462E-015  -3.2836553946764621E-011  -1.0200880962770739E-010   2.0851639814352257E-002  -1.0399363628080229E-010   1.1365182167974791E-010   1.3683005877657598E-010  -4.3269641091622433E-019   7.0687983662690765E-018  -5.9249466611499020E-018   3.2759944207140765E-018   9.3504413251133716E-019  -4.0188446835320853E-018   2.2943919294715638E-017  -8.4699131338812324E-018  -2.5644027182720077E-018  -3.0130407919583070E-017   3.7120690453298227E-009   4.6322854628227526E-009  -5.9038431035179329E-009  -2.6046881947381182E-016  -9.6919977760860373E-017  -1.8415317233060303E-016   3.7262510355806252E-009
   9.2508520633323610E-017  -3.4118837724696495E-016   4.0438643957990825E-016  -2.4754024113850240E-008  -1.3255262026174862E-004  -1.9257311680976019E-012  -2.3060479690413846E-012   2.6510525009330242E-004  -1.6657252780822326E-011  -1.3255262983142039E-004  -5.7251319439429477E-017  -3.2907871900847940E-016   3.5350463016612669E-016  -3.7549591074434940E-008   7.8943065684225951E-018   5.1401449809133745E-018  -3.7072716106509842E-018   1.5236556480071005E-018   1.5250961364291301E-018  -5.3019035984358242E-018   5.6361630683462961E-018   3.1665975300948358E-018   1.6951603420556492E-017   2.6118335579256157E-018   5.7131560821695792E-017  -3.0397501876117335E-016   2.4466759362341532E-016  -1.8656720214588697E-003  -3.3575243938741941E-011  -1.8350970286496142E-011   3.7313441229462623E-003  -1.8868253933602950E-010  -1.8656721014878065E-003  -2.8341327917403732E-015  -5.9724533169068839E-015  -5.6696975277221821E-016  -1.0425819431563225E-002  -1.8451508993639337E-010  -7.1176348822318941E-011   2.0851639418109216E-002  -9.9021862210206567E-010  -1.0425819986541815E-002  -1.3791389346644919E-018   4.7752210897888882E-018   1.1208529780135740E-017   5.2416292944309703E-018   8.8256335359016613E-020   3.2393211441781543E-018   7.3621343174894611E-018   6.8786752611704041E-018  -8.1102745940739356E-018  -1.9177385396922411E-019   1.8095421438274050E-008   2.2504116517226056E-008  -2.8621816883792381E-008  -4.7563004061863418E-016  -1.0134960083663489E-015  -8.8665224237430982E-017   1.8061702634328943E-008
  -3.2402104384413172E-017   1.8317857197778215E-017   3.4611624486074235E-017   2.2486048032940019E-008   8.4818729069616649E-012   1.1438825780471963E-011  -3.2460933179240271E-012  -1.6657252780822326E-011   2.6510530398302849E-004   8.1753572271571711E-012  -2.5737103169526099E-018   3.5819845820942019E-018   4.7296698143080349E-017   3.4387704534644948E-008   7.3903480139571091E-019  -1.4008529452235881E-017  -6.8241219201283177E-018  -1.2243901242899435E-018   3.8561652156886120E-018   3.8085651662127301E-018  -7.7178418000550424E-018  -1.5465633225529052E-018  -4.0027828571371451E-018  -2.7909057329847218E-017  -2.8822451340669474E-017   3.4053550308419995E-017   3.6389689588050079E-017   5.1969567903778376E-011   1.0173155544226598E-010  -6.0511449764898096E-011  -6.5319068691727647E-011   3.7313444664092300E-003   1.3349489346901687E-011   3.7358196706222577E-017  -4.2762630845472190E-016  -5.7706615942707885E-016   7.7637758093814225E-011   5.3004212868247420E-010  -3.7229536946569116E-010  -3.0370448294933558E-010   2.0851641554108017E-002   2.2606654428895724E-010   1.2283153800450608E-018   2.3413692463658612E-018  -6.9333373781601384E-019   2.6418014401031948E-018   8.2677814876869887E-019   6.6474372945612881E-019  -2.9536397180092494E-018  -6.9556068912155171E-018  -3.2296682271774266E-018   8.4417457782663466E-019  -1.6532832340104387E-008  -2.0702020499433461E-008   2.6324658275102202E-008   5.7599550727327603E-018  -7.1530610385137426E-017  -9.6242635651322334E-017  -1.6613411193362468E-008
  -1.4141473625977076E-017  -4.1659408286080396E-016   3.5595367956585516E-016   2.5117336582562894E-008  -1.3255263052079234E-004  -1.5499442824809356E-011   4.4153879602388976E-012  -1.3255262983142039E-004   8.1753572271571711E-012   2.6510526035186573E-004   8.4188489108282572E-017  -3.7153779697025133E-016   2.5809362389245823E-016   3.8083123676180579E-008  -5.8105992577701733E-018   6.5226214799023561E-018   1.1588328193666448E-017   6.1950489536617307E-019   1.2380819408047041E-019  -4.4721143161807467E-018  -7.9400246354916681E-018   1.5584552561926307E-017  -1.1436647618076403E-017   3.3496327177763864E-017  -7.8663654710394211E-017  -2.9889226392666022E-016   1.3568030823372311E-016  -1.8656720415404354E-003  -9.9132803323316732E-011   3.6096724276240965E-011  -1.8656720751892273E-003   5.8773781084090534E-011   3.7313441167298252E-003  -4.3186215111186139E-015  -3.8087522864711875E-015  -1.8874191608215071E-015  -1.0425820054730752E-002  -4.8699317985342669E-010   2.1337449951084744E-010  -1.0425819815416995E-002   4.4226887234961811E-010   2.0851639870139729E-002  -4.9108892011494226E-018   1.6779362473364321E-018  -2.8594679493657397E-018  -1.7475268994961556E-018   3.0552835749331345E-018   3.8228094300338673E-018  -1.0968196880879426E-018   4.4444063454399496E-018   2.1518182767833052E-018   4.2882650941818160E-018  -1.8359954718007034E-008  -2.2781891938197055E-008   2.8978905861830114E-008  -7.2722819952962642E-016  -6.4952048760426006E-016  -3.1192227321506640E-016  -1.8286558752116574E-008
  0.13818421853587232       -3.3260860955548307E-009   1.4754804614328722E-009  -8.7044271372915958E-016   1.0795225150556229E-016  -1.5268144950845566E-017  -7.7611743386953330E-017  -5.7251319439429477E-017  -2.5737103169526099E-018   8.4188489108282572E-017  0.12195954770137993        2.3641777797292220E-009   5.8001104498807705E-009  -1.3736749950347744E-015   1.8615421894035277E-010  -3.6654887874846980E-011   1.4357992132927091E-010   8.3896680889920400E-011  -4.8999872460984038E-010  -3.3360336498045508E-010   3.1049836343733328E-011  -1.2165114759218266E-011  -5.0027650490529740E-012  -9.7949861780089736E-011   7.4803175696085827E-002   2.9562195723127786E-010   2.5914132002702011E-009   5.9636908339777462E-016  -2.7553181627601301E-016  -1.1757055555010225E-015  -1.3133109911591633E-015   2.7466637601602232E-016   9.5386262236696729E-016  -8.8589575385948985E-002  -4.0146477071050961E-010  -3.2896374667577580E-009   2.9638780881211569E-015  -1.5114624620861778E-015  -6.4934911390131795E-015  -7.5904318286860987E-015   1.6017061951504678E-015   4.9619134671202889E-015  -3.9149151177198666E-011   4.7578034419058223E-011   1.2577074000237277E-011   1.2538786822376471E-010  -5.1205277082857852E-011  -7.2844178299307536E-011  -2.2179414402345005E-011   8.1470931847436532E-012  -1.7821144512984258E-011  -1.5446575438930825E-011   9.2203093182898125E-016   1.5595528388836549E-015  -2.2500561620835663E-015  -1.2513611084237359E-002  -5.2900707276289537E-011  -4.6666555177361620E-010   1.4435091233508839E-015
   3.2195483590084580E-009  0.13818421900777225        5.1455220395750230E-009   5.9676900106812537E-017  -3.5654958323177481E-016   3.7563689843304086E-017   2.7962211856734023E-017  -3.2907871900847940E-016   3.5819845820942019E-018  -3.7153779697025133E-016   2.3641777797292220E-009  0.12195953979672068       -5.8067223010853506E-009  -1.6385986887487294E-015  -1.1159471114913314E-009  -1.0808023498889874E-009   6.5056577944086383E-010   1.6600499877443154E-010  -3.6608239594933421E-010   1.3311967966344839E-009   1.7068520409908064E-009   1.1603239638804544E-009  -1.2092197643840083E-009  -1.3497577496210040E-009   1.5673290304353652E-009   7.4803172135439369E-002  -8.3809006947436761E-010  -3.4455022826765174E-017   2.6058676804868806E-016  -5.6578681424115008E-016  -4.6931890543383948E-016  -1.3058589034871246E-016  -1.6966943861208999E-016  -1.7774106446864256E-009  -8.8589573914959863E-002   2.5378411113693931E-009   1.1057852945399231E-015   1.5988244240825201E-015  -3.1133255502125176E-015  -1.2839093243130841E-015  -7.3336849438427099E-016   2.6986764032132875E-016  -1.0440110404057980E-010  -1.6005962848243162E-010   7.1388483807457468E-011   2.9555361492049450E-011  -3.0291340866154601E-011   1.1051378042671289E-010   2.5381520192334338E-010   7.9664944329684876E-011  -1.8048418311181354E-010  -1.1258841921792354E-010   1.5296352824702199E-015   2.9024884992206159E-015  -4.4302504152683646E-015  -2.4907023409133916E-010  -1.2513610948300441E-002   3.8429647888573218E-010   2.8367916983000842E-015
  -1.7271913021533754E-009  -5.3667978915401189E-009  0.13818421849552379       -9.6951563691299939E-015   3.7530801250750462E-016   8.2020430804986685E-017   2.4618768491695818E-016   3.5350463016612669E-016   4.7296698143080349E-017   2.5809362389245823E-016   5.8001104498807705E-009  -5.8067223010853506E-009  0.12195954193619624       -1.2633465403865724E-014   4.5470997074520856E-010   7.2487480252822076E-010   1.5792491954841634E-010  -2.3880338740811759E-010   3.3592327277662168E-011  -3.7125589211415134E-010  -4.1860312778212577E-010  -6.1460711673631495E-010  -1.6325748053651375E-010   3.4040837927783052E-010   1.9573503491993539E-009  -3.0281658421182805E-009   7.4803173699781025E-002   9.5506210117268059E-016   2.4295245978102018E-016   2.9194012200563632E-015  -2.0006197233454957E-016   1.8259480738541056E-016  -5.3720223868572719E-016  -2.6076485284188724E-009   4.8519527316055381E-009  -8.8589570358807282E-002   5.3140527893060895E-015   1.3614878942133985E-015   1.6345779322456699E-014  -1.1765648644975846E-015   1.0426981631239800E-015  -3.1575525052861342E-015   4.7409535778317726E-011   7.9976764997251116E-011  -1.7994251470901052E-011  -1.3482937664965162E-011   8.6932357362129411E-012  -5.0124262890745373E-011  -3.2085488624229299E-011   6.3989819108296731E-011  -3.6928000695604086E-011  -3.4277269140112263E-011   6.8744709467137251E-015   1.0268420401487409E-014  -1.3664595214639155E-014  -3.6941978087416954E-010   7.1424797148342553E-010  -1.2513610312165576E-002   8.6921288990171824E-015
   9.2933923503810452E-016   2.2034567919910332E-015   8.7395784377452693E-015  0.72630548666983885       -5.3374700571870202E-010   1.1249990452658061E-009  -7.6753659983464810E-009  -3.7549591074434940E-008   3.4387704534644948E-008   3.8083123676180579E-008  -1.3736749950347744E-015  -1.6385986887487294E-015  -1.2633465403865724E-014   1.1203550709792831       -5.5064010413651925E-016   1.3133695222363500E-015   4.0813989319069203E-016   6.5419815866947140E-016   8.8218794097226921E-016  -5.9110665809119826E-016   3.4722189229056320E-016   4.1423237702942583E-016   5.6375490324483620E-016  -1.0855458506891507E-015   4.7279000482974374E-016  -1.0814517765263411E-015   1.0099886467435373E-014  -1.7650218336400193E-009   5.8841490430846612E-010   4.6050505766798596E-010   3.8498869630030585E-009  -3.5571407738532876E-009  -2.0851344318821199E-009   3.4209168754826091E-015  -4.2223942295035955E-015  -5.7405888420461670E-015   2.0062966987109269E-009   4.8553263351379997E-010   5.0952240073004700E-009   2.7990673174569527E-008  -1.5464031686492469E-008  -2.9996879863102047E-008  -3.0434568650375168E-017   4.7466571217678975E-016  -5.9256690180525584E-017   2.9706948496398792E-016  -1.6959926962638494E-016   1.4245072785576413E-016   1.1656772473599979E-016  -6.1328316266438934E-016   6.7672885901626793E-016  -6.9410385358943868E-016 -0.52105357574769040      -0.65072305818624743       0.81464923412391299        6.1654012597440092E-016  -7.4625599328658480E-016  -8.3583250573309293E-016 -0.51360528828615892     
   2.1090043123447749E-010  -1.2644028031637059E-009   5.1521390502183100E-010  -3.6138319980888526E-016  -2.0836934458789619E-018   1.1172999133522231E-017   2.9466938615342699E-018   7.8943065684225951E-018   7.3903480139571091E-019  -5.8105992577701733E-018   1.8615421894035277E-010  -1.1159471114913314E-009   4.5470997074520856E-010  -5.5064010413651925E-016   1.2194898689530128E-017   1.2530585636283966E-017  -5.1473577576474236E-018  -2.2802133302482993E-018   2.7195297258794875E-018  -1.4080917373320553E-017  -1.7134033031934537E-017  -1.2930059415130855E-017   1.0457504297340996E-017   1.3474181082912802E-017   1.1295813867388779E-010  -6.8429899036886005E-010   2.7971906907413042E-010  -2.9327963006935401E-017   1.5725944148925719E-016   4.1474530814046334E-017   1.1111167856432755E-016   1.0402120382746243E-017  -8.1783708000429537E-017  -2.1746185842610890E-010   8.2145120396062562E-010  -2.7458321454431949E-010  -1.6389165629689276E-016   8.7880320842668182E-016   2.3176956569102583E-016   6.2091849928134980E-016   5.8129522668578843E-017  -4.5702683906453149E-016   1.0642758393910969E-018   1.8558870561564903E-018  -6.9614580045983794E-019  -1.5233542323909421E-019   2.6001776403643596E-019  -1.2755181338997876E-018  -2.4605705181712372E-018  -4.5879884613742162E-019   1.4454575304662647E-018   8.6086517233973625E-019   4.2878440346992054E-016   5.9878701332136972E-016  -8.8916229039582952E-016  -3.2964367680402184E-011   1.1632936157782596E-010  -3.7263744599909307E-011   5.6687784001245853E-016
  -4.1500928480347509E-011  -1.2245805646197280E-009   8.2129981137136188E-010   8.8084654157784649E-016  -1.1662752003217050E-017  -7.7711229812752260E-018   1.8614929570293301E-017   5.1401449809133745E-018  -1.4008529452235881E-017   6.5226214799023561E-018  -3.6654887874846980E-011  -1.0808023498889874E-009   7.2487480252822076E-010   1.3133695222363500E-015   1.2530585636283966E-017   1.3906030274474702E-017  -4.8711160524117931E-018  -2.9158745105436993E-018   3.6026657302552771E-018  -1.3895701488447499E-017  -1.7626016865305921E-017  -1.3925729260231897E-017   9.7421187081670032E-018   1.4010447011812432E-017  -2.0478562319775950E-011  -6.6260841064557125E-010   4.4411197740507523E-010  -1.6415274187438542E-016  -1.0937819718910902E-016   2.6200439703184588E-016   7.2347867927609717E-017  -1.9716996151554038E-016   9.1804880687533341E-017   1.6185660989218667E-010   8.0501725974150024E-010  -5.5932352580487866E-010  -9.1732461298300597E-016  -6.1123140244039744E-016   1.4641430077739856E-015   4.0429711068364743E-016  -1.1018326902181821E-015   5.1302750664146210E-016   1.2308398443755497E-018   1.8493485331012038E-018  -7.3509332143878392E-019  -3.4740749900609503E-019   2.8619865476211150E-019  -1.3039471568856938E-018  -2.4220764722972734E-018  -3.5445104998162998E-019   1.4003498671313922E-018   8.1213167759622789E-019  -1.7617546146197665E-015  -2.6220236932900388E-015   4.2124782919430406E-015   2.6557701616279953E-011   1.1425649430819203E-010  -7.9902332658753165E-011  -2.6977601363372993E-015
   1.6266637564729734E-010   7.3710564528100451E-010   1.7889083656312671E-010   2.4059827242388367E-016  -7.8810602085728495E-018  -9.9753585306522562E-018  -4.0330890464932252E-017  -3.7072716106509842E-018  -6.8241219201283177E-018   1.1588328193666448E-017   1.4357992132927091E-010   6.5056577944086383E-010   1.5792491954841634E-010   4.0813989319069203E-016  -5.1473577576474236E-018  -4.8711160524117931E-018   3.8624215321115953E-018   6.7105151423799700E-019  -2.4901007374623894E-018   6.2349095905066571E-018   8.6166230865964343E-018   5.3828772361487434E-018  -6.6895046356468304E-018  -6.8910191931803242E-018   8.7110308960045329E-011   3.9855591244498278E-010   9.3995037079684295E-011  -1.1092553035516441E-016  -1.4040271367674665E-016  -5.6765536218904886E-016  -5.2179484867935623E-017  -9.6049367083780204E-017   1.6310501263886199E-016  -1.6865917101808908E-010  -5.0393463636029242E-010  -3.0824900735327927E-010  -6.1987827584650923E-016  -7.8460381383312284E-016  -3.1721934346971142E-015  -2.9159138686952532E-016  -5.3674672798574011E-016   9.1146966377139969E-016  -5.4231912333924875E-019  -7.0695650638813092E-019   3.2492599447555765E-019   2.8183429252863502E-019  -1.7549935166756862E-019   4.4578581224885812E-019   1.2068716772113276E-018   4.6096077605290128E-019  -9.1230877742636071E-019  -5.8575540764001755E-019   7.4895295131466020E-016   1.2794140985348663E-015  -2.3602227893048643E-015  -2.5582350542093386E-011  -7.2039865274426988E-011  -4.8829179272831888E-011   1.5222499812821335E-015
   9.5058405740018287E-011   1.8809543297238214E-010  -2.7056276476765578E-010   4.4798366601016091E-016  -2.1431640071282482E-018  -4.0873031697276291E-018  -5.7575997064674003E-018   1.5236556480071005E-018  -1.2243901242899435E-018   6.1950489536617307E-019   8.3896680889920400E-011   1.6600499877443154E-010  -2.3880338740811759E-010   6.5419815866947140E-016  -2.2802133302482993E-018  -2.9158745105436993E-018   6.7105151423799700E-019   7.5237103757407984E-019  -9.0148162571274747E-019   2.3068934249716170E-018   3.1590156276655685E-018   2.7757385784539406E-018  -1.3224491881880681E-018  -2.5691190270555544E-018   5.1501310174221482E-011   1.0223097189232022E-010  -1.4584738193517553E-010  -3.0164914526214389E-017  -5.7528606457635893E-017  -8.1037879463231054E-017   2.1445719318849500E-017  -1.7233527030646150E-017   8.7191939543707495E-018  -5.7987070551823082E-011  -9.2722337627684516E-011   2.1539775773720667E-010  -1.6856871524311340E-016  -3.2148355598059202E-016  -4.5285898133625761E-016   1.1984379443308215E-016  -9.6305049094166033E-017   4.8724919530254607E-017  -2.6238868082961086E-019  -3.3979555509785068E-019   1.5316039907078387E-019   1.4958908751077725E-019  -9.6209241694138107E-020   2.0245755870272809E-019   4.1978775154676887E-019  -8.1357429741033300E-021  -2.2343269442209163E-019  -1.0810620607484122E-019  -1.2386329959600875E-015  -1.8893465845596295E-015   3.1202578706073455E-015  -8.1101755716338163E-012  -1.2336142803977626E-011   3.1571500599414609E-011  -2.0012630682232327E-015
  -5.5514089053273920E-010  -4.1478977354088173E-010   3.8058096897250005E-011   5.7740911503337080E-016  -1.6489022079377412E-018  -5.1179057805758190E-018  -1.2777987423555531E-017   1.5250961364291301E-018   3.8561652156886120E-018   1.2380819408047041E-019  -4.8999872460984038E-010  -3.6608239594933421E-010   3.3592327277662168E-011   8.8218794097226921E-016   2.7195297258794875E-018   3.6026657302552771E-018  -2.4901007374623894E-018  -9.0148162571274747E-019   3.0939730086672567E-018  -2.7473269050650651E-018  -5.3647293560080595E-018  -3.6017747876101647E-018   3.5949944840175588E-018   4.5406174479142926E-018  -2.9763514691248309E-010  -2.2494768860353746E-010   2.0398037422179656E-011  -2.3208226375811384E-017  -7.2034295763805265E-017  -1.7984948264331894E-016   2.1466070840839828E-017   5.4274952019175597E-017   1.7421560149500121E-018   5.5185196439886580E-010   2.3802749893929910E-010  -3.8279462363833682E-011  -1.2969308748303326E-016  -4.0254480835736056E-016  -1.0050417675066575E-015   1.1995751867106950E-016   3.0330136367114829E-016   9.7355668111854074E-018   4.9980073106868590E-019   2.7967868793301660E-019  -2.5883674235052933E-019  -5.4540096567278579E-019   2.2385839636316381E-019  -1.2522749990723941E-019  -6.8330205150686604E-019  -2.5407255244311028E-019   6.3711270703102431E-019   3.8230003700482588E-019  -6.2561632806570149E-016  -8.6022945408925247E-016   1.2509147039115958E-015   8.3304303120455742E-011   3.2860277802144028E-011  -5.7863132518561671E-012  -7.9650308878995212E-016
  -3.7795954697441415E-010   1.5082807911086546E-009  -4.2067130489087588E-010  -3.8700292854838677E-016   9.7740027763977144E-018   1.3658580515253703E-018  -3.8387222300202823E-018  -5.3019035984358242E-018   3.8085651662127301E-018  -4.4721143161807467E-018  -3.3360336498045508E-010   1.3311967966344839E-009  -3.7125589211415134E-010  -5.9110665809119826E-016  -1.4080917373320553E-017  -1.3895701488447499E-017   6.2349095905066571E-018   2.3068934249716170E-018  -2.7473269050650651E-018   1.6584545026285040E-017   1.9828739443016486E-017   1.4571779560829260E-017  -1.2707784207531809E-017  -1.5508450799049639E-017  -2.0302074149797836E-010   8.1585348125375995E-010  -2.2943624439494239E-010   1.3756870177357590E-016   1.9224389060685355E-017  -5.4029901180889134E-017  -7.4624267183578191E-017   5.3605628447135026E-017  -6.2944443475863730E-017   3.4984232092414665E-010  -1.0093703002167551E-009   1.5299643017971978E-010   7.6876668209528484E-016   1.0743046186628875E-016  -3.0193196523299815E-016  -4.1701816012473578E-016   2.9956100942431371E-016  -3.5174852595015961E-016  -1.1654930576425673E-018  -2.1501463263549001E-018   7.8083513439272250E-019   5.4869815794444121E-020  -2.5271163967849165E-019   1.5087579855239418E-018   2.8814214239814226E-018   6.2367711367077950E-019  -1.7158539139957710E-018  -1.0468775912775463E-018   4.2358135903173327E-016   5.8348421582926942E-016  -8.5059428387147945E-016   5.2354198994771294E-011  -1.4373607436693645E-010   1.8423384661465974E-011   5.4168650366289740E-016
   3.5168551975428585E-011   1.9338768264226288E-009  -4.7432600089152929E-010   2.8933358854387933E-016   2.3038447900149661E-018  -7.5169103878960868E-018   4.4390497786326897E-017   5.6361630683462961E-018  -7.7178418000550424E-018  -7.9400246354916681E-018   3.1049836343733328E-011   1.7068520409908064E-009  -4.1860312778212577E-010   3.4722189229056320E-016  -1.7134033031934537E-017  -1.7626016865305921E-017   8.6166230865964343E-018   3.1590156276655685E-018  -5.3647293560080595E-018   1.9828739443016486E-017   2.5360602991282437E-017   1.8329932671611103E-017  -1.6399361721171751E-017  -2.0084842691587102E-017   1.8252908963187193E-011   1.0440238340483898E-009  -2.5905263648242238E-010   3.2426599968414970E-017  -1.0580015903848585E-016   6.2479420095569303E-016   7.9328988318013170E-017  -1.0862842086081870E-016  -1.1175559791902876E-016  -7.5966860633780881E-011  -1.4331367827345611E-009   1.4849375721374534E-010   1.8120759223713074E-016  -5.9123645927009793E-016   3.4914988801000945E-015   4.4330931121043106E-016  -6.0704148926564793E-016  -6.2451690644741225E-016  -1.6362895614937304E-018  -2.4910068632385122E-018   1.0033968840930178E-018   5.0186565446711982E-019  -4.4321153707486917E-019   1.6934581042167368E-018   3.5093027890109992E-018   9.2798781345968980E-019  -2.2174288536376326E-018  -1.4395857978742926E-018  -2.6750173891141324E-015  -4.2619783485560250E-015   7.3665104554832662E-015  -1.2189972538094704E-011  -2.0771754191111119E-010   1.6724658077399321E-011  -4.7359257703828559E-015
  -1.3772966957146609E-011   1.3147416770175064E-009  -6.9639221481977343E-010   2.6359038389788173E-016  -1.8751166643902550E-017   4.5331785964558945E-018  -2.9559376598263904E-017   3.1665975300948358E-018  -1.5465633225529052E-018   1.5584552561926307E-017  -1.2165114759218266E-011   1.1603239638804544E-009  -6.1460711673631495E-010   4.1423237702942583E-016  -1.2930059415130855E-017  -1.3925729260231897E-017   5.3828772361487434E-018   2.7757385784539406E-018  -3.6017747876101647E-018   1.4571779560829260E-017   1.8329932671611103E-017   1.4170195925133357E-017  -1.0666852407444436E-017  -1.4574092186132326E-017  -6.7701191175475305E-012   7.1537699916028568E-010  -3.7841993389158293E-010  -2.6392172505410165E-016   6.3804274775501369E-017  -4.1604680572511025E-016   4.4569987641017298E-017  -2.1767993037774924E-017   2.1935172965562207E-016   5.5495507994503082E-011  -5.9316557484641445E-010   3.4828236117113625E-010  -1.4748574536347689E-015   3.5655347272890876E-016  -2.3249686861819553E-015   2.4906771079256016E-016  -1.2164471505544004E-016   1.2257897381686539E-015  -1.2193704689524221E-018  -1.9843121404789235E-018   7.8703921457398328E-019   3.2884684783818679E-019  -3.3117634482849680E-019   1.3071161070035551E-018   2.6768636355576916E-018   2.8312922250742422E-019  -1.6072312370093775E-018  -7.9768346767408418E-019   9.9579584936053301E-019   7.2218657641478013E-017  -2.4687387391440620E-016   9.1137875279813733E-012  -7.6965098780368207E-011   4.6514249728066688E-011   1.6270325391412095E-016
  -5.6825516816663548E-012  -1.3700325693771404E-009  -1.8492210694946263E-010   3.7112713721499047E-016  -5.5149477503001100E-018  -9.7775600727322056E-018   9.2777650460937176E-018   1.6951603420556492E-017  -4.0027828571371451E-018  -1.1436647618076403E-017  -5.0027650490529740E-012  -1.2092197643840083E-009  -1.6325748053651375E-010   5.6375490324483620E-016   1.0457504297340996E-017   9.7421187081670032E-018  -6.6895046356468304E-018  -1.3224491881880681E-018   3.5949944840175588E-018  -1.2707784207531809E-017  -1.6399361721171751E-017  -1.0666852407444436E-017   1.2260318315016320E-017   1.2936647399513715E-017  -4.0102522432825829E-012  -7.3812184154338384E-010  -9.6555109721237945E-011  -7.7622671741248971E-017  -1.3761869614299705E-016   1.3058417626666768E-016   2.3859327378082218E-016  -5.6339212271801535E-017  -1.6097059585608437E-016  -5.9937286857093194E-011   1.1177067751090771E-009   3.6008839186425604E-010  -4.3377396300803039E-016  -7.6904604413478265E-016   7.2973549213938715E-016   1.3333160152491782E-015  -3.1483693034726630E-016  -8.9954205256066404E-016   9.6450741534142033E-019   1.4927482104677151E-018  -6.1113810981070932E-019  -3.2592026522498419E-019   3.0844098248375059E-019  -9.6810718673045129E-019  -2.2862628693593735E-018  -8.9057615638349645E-019   1.5747378707428397E-018   1.1193008006811549E-018  -4.8347994070179879E-016  -6.8490551355400114E-016   1.0362398853098506E-015  -1.0203290156302173E-011   1.6441986251512228E-010   5.7462233803510779E-011  -6.6137605428851169E-016
  -1.1097751580814790E-010  -1.5293569546582668E-009   3.8574266514295618E-010  -7.1451300296879095E-016  -3.6108145696443623E-017   2.0700183466731064E-018  -5.8075697545484127E-017   2.6118335579256157E-018  -2.7909057329847218E-017   3.3496327177763864E-017  -9.7949861780089736E-011  -1.3497577496210040E-009   3.4040837927783052E-010  -1.0855458506891507E-015   1.3474181082912802E-017   1.4010447011812432E-017  -6.8910191931803242E-018  -2.5691190270555544E-018   4.5406174479142926E-018  -1.5508450799049639E-017  -2.0084842691587102E-017  -1.4574092186132326E-017   1.2936647399513715E-017   1.5999203279226171E-017  -5.9881446079306392E-011  -8.3027666560082479E-010   2.1200909170610624E-010  -5.0822054065420649E-016   2.9135441555724102E-017  -8.1741281470992321E-016   3.6760839919318322E-017  -3.9281818898580938E-016   4.7145970844286374E-016   8.4347338195593163E-011   8.1773341638144760E-010  -2.9817040558173003E-011  -2.8400574578852271E-015   1.6281577274375368E-016  -4.5678975880934600E-015   2.0542828738371402E-016  -2.1951615723779447E-015   2.6346291731978718E-015   1.3130918339695065E-018   2.0059698505081386E-018  -8.2880533487814729E-019  -4.5517717886351543E-019   3.7765240549896248E-019  -1.3065415868926756E-018  -2.8947585663802975E-018  -5.5459107714172173E-019   1.8779284580538916E-018   1.0311354802966946E-018   9.2643523715488301E-016   1.3115015168996299E-015  -1.9825071806475866E-015   1.2274981894860292E-011   1.1106227772589438E-010   1.7295139788522817E-012   1.2652620451538575E-015
   8.4762092359448343E-002  -1.9087720953357358E-009  -9.0556760121465865E-010   3.9893023254987752E-016  -5.7967999031375270E-017  -7.1837999054320452E-018   3.9109860936216125E-017   5.7131560821695792E-017  -2.8822451340669474E-017  -7.8663654710394211E-017   7.4803175696085827E-002   1.5673290304353652E-009   1.9573503491993539E-009   4.7279000482974374E-016   1.1295813867388779E-010  -2.0478562319775950E-011   8.7110308960045329E-011   5.1501310174221482E-011  -2.9763514691248309E-010  -2.0302074149797836E-010   1.8252908963187193E-011  -6.7701191175475305E-012  -4.0102522432825829E-012  -5.9881446079306392E-011   4.6382742350371188E-002   2.5237443644260685E-010   6.1396040019784810E-010  -6.5910673692519263E-016   1.0018541346722397E-016   8.2649929406270126E-016   1.0472596127928426E-015  -2.2064268232782214E-016  -3.6106725174059587E-016  -2.0408369581072720E-002  -3.7161335010392248E-010  -6.5117165357160112E-010  -3.4948998389048284E-015   4.6252944575912691E-016   4.6323692225180031E-015   5.8063862768421479E-015  -1.1833800413127564E-015  -2.1988166242730287E-015  -2.1238093447178932E-011   2.3430636610855029E-011   1.0717761662445448E-011   8.5179572689897487E-011  -4.4417011748468419E-011  -5.6672873351603854E-011  -1.0776100827357070E-011   3.7498437514907792E-012  -8.9729318656507775E-012  -1.0783320320224806E-011   7.9537622886101009E-017   6.3054443098657043E-016  -1.0674896452786834E-015  -1.9557751699317205E-003  -5.1362886837843439E-011  -8.7467920040342023E-011   6.8983122104464658E-016
   6.6493202920908613E-010   8.4762094158633297E-002   3.7388803727853479E-009   1.0173566782506882E-016  -2.2699338007021749E-016   2.3761359844471517E-017  -2.2557451241503697E-017  -3.0397501876117335E-016   3.4053550308419995E-017  -2.9889226392666022E-016   2.9562195723127786E-010   7.4803172135439369E-002  -3.0281658421182805E-009  -1.0814517765263411E-015  -6.8429899036886005E-010  -6.6260841064557125E-010   3.9855591244498278E-010   1.0223097189232022E-010  -2.2494768860353746E-010   8.1585348125375995E-010   1.0440238340483898E-009   7.1537699916028568E-010  -7.3812184154338384E-010  -8.3027666560082479E-010   2.5237443644260685E-010   4.6382741133416984E-002  -2.4731600585250937E-010   2.3623690906972417E-016   2.8428558918568333E-016  -7.9027341027852006E-016  -4.0161640125140562E-016   4.5567205966486604E-016  -2.7060663659976262E-016  -2.6959431991437193E-010  -2.0408363689907102E-002  -8.2465840442555465E-010   2.3209826613105863E-015   1.6640282405150223E-015  -4.4142449227144227E-015  -1.6018427292875895E-015   2.5261152055924821E-015  -6.3732215706775360E-016  -6.3676879758322113E-011  -1.0249218029091851E-010   4.8312342175410163E-011   1.5050345489354042E-011  -1.7515942139440099E-011   7.0381380946028219E-011   1.7251480965980223E-010   3.3535887756263296E-011  -1.2897041173903263E-010  -6.1005960620389142E-011   4.9885562283515985E-015   8.2592589841355609E-015  -1.4090552121776696E-014  -3.7462375629207399E-011  -1.9557742176964368E-003  -1.5615610711709400E-010   9.0539737992333668E-015
