  0.52166946655715951        4.9333115538763595E-016   9.0692970090105446E-016  -2.6848839891934614E-016  -3.9271795796120886E-009   1.1957435930171721E-008  -2.2071871102546314E-008   7.1687715598578012E-009   1.1647609157729725E-008  -3.2416643644618748E-009  0.69772320662492660       -7.7037455039197296E-016  -1.4188071373311106E-015   8.0525100867206856E-016   1.2695384467398381E-008  -2.3459310883327185E-008   2.7359018792119506E-008  -2.4083260635638949E-008  -2.3827043695862900E-008   1.1387929702147381E-008   2.6754954730209256E-016   6.6693492262469078E-016  -3.6840118440813582E-016 -0.32895865138661884        1.3162680012368328E-008  -2.5435797432920602E-008   3.1588237087276009E-008  -2.4903204761010518E-008  -2.5716777504455365E-008   1.1740557272997210E-008  -7.9440538535050987E-018  -1.8239062583244089E-015   7.3870506196264129E-016 -0.33186425485368870       0.17651435909771621       -3.9582202388820473E-002
   4.9333115538763595E-016   1.2773905851133272E-007  -3.0737837851303901E-013   4.9090866170075653E-013   3.8252768506836866E-019   2.8685721972995781E-020  -3.9910657872660910E-020  -4.7898056342218270E-019  -5.5711654190354214E-019   2.6859568163129914E-021   6.4798835717500312E-016  -8.0167945097127447E-006   1.1203519652463000E-011  -1.7628969179957576E-011   1.2848267346083187E-019   2.0986775464830358E-019   1.3566454010268140E-019   1.8814530193799906E-019   1.5326507388984403E-019  -3.1272929270940025E-019  -1.0820113941334453E-004   1.3072995984090778E-010  -2.0894856651538362E-010  -7.0210976448708819E-016  -4.3932538989961341E-019  -8.3051024028621652E-020  -1.4115777818895737E-019   1.5969965069231546E-019   2.1105583252132620E-019  -8.2146961371562429E-020  -4.1539871096603326E-004   4.9863338313538109E-010  -7.9633680728706826E-010  -1.0736104696172579E-015   6.8009081032515538E-016  -1.5934647864253783E-016
   9.0692970090105446E-016  -3.0737837851303901E-013   1.2773864602250057E-007  -3.0409685266747460E-013  -6.1739341912802676E-019  -6.5523438473528290E-019   1.1787055040658233E-019  -3.2402202069293037E-019  -1.5910338975655564E-019   7.4830022653333968E-019   1.2020802483064738E-015   1.1203455085629435E-011  -8.0167791882362252E-006   1.1100086158829073E-011   4.8230328709887534E-019   8.8938290230167257E-019  -4.8526939022528549E-020   3.3650363804138759E-019   1.9190151312113774E-019  -9.0802218525080845E-019   1.3072903646167153E-010  -1.0820096415700376E-004   1.2932490292655346E-010  -9.3788549630645164E-016  -1.3040769685251732E-020  -5.0848043963447768E-019  -6.1066685608786021E-020  -1.2918794741404019E-019  -9.0205572287410578E-020   2.9950965551249881E-019   4.9862985053596043E-010  -4.1539804180348687E-004   4.9331339415785378E-010  -1.2843940969372921E-015   7.8522971208715082E-016  -1.8245831862210249E-016
  -2.6848839891934614E-016   4.9090866170075653E-013  -3.0409685266747460E-013   1.2773903837110439E-007  -6.0838262176066882E-019  -1.0502564153237987E-018   3.2121568451711173E-019  -2.2134024330288485E-020   5.0248064521727081E-019   8.6713006925683878E-019  -3.3850724514194902E-016  -1.7628997569478830E-011   1.1099938488438489E-011  -8.0167937763419137E-006   8.3190560745748821E-019   1.2445430235200764E-018  -2.7578296775767220E-019   4.3727418135717341E-019  -1.3925500160249015E-019  -1.1414636502853105E-018  -2.0894895556355214E-010   1.2932283646895493E-010  -1.0820113084716458E-004   8.5294364720043534E-016  -1.4595173448161912E-019  -7.0521549658996332E-019  -3.9608603170687997E-021  -3.6593103609897524E-019  -5.4940558303723282E-020   5.5212919871377683E-019  -7.9633830176934226E-010   4.9330547923408695E-010  -4.1539867829445796E-004   1.4955617010005293E-015  -9.8613603105540439E-016   2.3306726928240603E-016
  -3.9271795796120886E-009   3.8252768506836866E-019  -6.1739341912802676E-019  -6.0838262176066882E-019   2.9566104598560559E-017  -9.0023143387628394E-017   1.6617161336414249E-016  -5.3970669028432871E-017  -8.7690534523102118E-017   2.4405110839865352E-017  -5.2532986666484541E-009  -2.4007360918330447E-017   3.8746733878948945E-017   3.8181773421320487E-017  -9.5589933774875647E-017   1.7664713392394925E-016  -2.0602929944746804E-016   1.8133436966392485E-016   1.7941506126273125E-016  -8.5744840391325957E-017  -3.2402286877942536E-016   5.2295728231317300E-016   5.1533235615423209E-016   2.4503925749312165E-009  -9.9026252746584608E-017   1.9135611214355907E-016  -2.3763496131828234E-016   1.8735350097151318E-016   1.9347035701353041E-016  -8.8327493234079636E-017  -1.2439673300915000E-015   2.0077033220527991E-015   1.9784301676716787E-015   2.4478415248473316E-009  -1.2947142811718132E-009   2.8987675542715902E-010
   1.1957435930171721E-008   2.8685721972995781E-020  -6.5523438473528290E-019  -1.0502564153237987E-018  -9.0023143387628394E-017   2.7410345532183407E-016  -5.0596133364810254E-016   1.6433037172100854E-016   2.6700109116262222E-016  -7.4308892485788297E-017   1.5995420666213082E-008  -1.7996721620688429E-018   4.1123336401355907E-017   6.5912888952955119E-017   2.9105659778572923E-016  -5.3786632308605647E-016   6.2733628037527783E-016  -5.5213499046217541E-016  -5.4629395903985760E-016   2.6107962474948333E-016  -2.4289722061685653E-017   5.5503457218762078E-016   8.8961349956987126E-016  -7.4531080440107139E-009   3.0149497729341733E-016  -5.8260094188606936E-016   7.2349909276080618E-016  -5.7041587498739406E-016  -5.8903807220322969E-016   2.6892164374414137E-016  -9.3251560499679981E-017   2.1308522345965863E-015   3.4153458123022252E-015  -7.4380040482897609E-009   3.9318888992500634E-009  -8.8018011853315221E-010
  -2.2071871102546314E-008  -3.9910657872660910E-020   1.1787055040658233E-019   3.2121568451711173E-019   1.6617161336414249E-016  -5.0596133364810254E-016   9.3394270792721537E-016  -3.0333357566325156E-016  -4.9285122953652981E-016   1.3716503458014407E-016  -2.9525708588972795E-008   2.5035184946991841E-018  -7.3998198756812845E-018  -2.0158576865329857E-017  -5.3725824392788084E-016   9.9284487934152191E-016  -1.1580026094841925E-015   1.0191798485930935E-015   1.0084010719426530E-015  -4.8192387938371715E-016   3.3789117846977617E-017  -9.9874864619468175E-017  -2.7207600882085367E-016   1.3749239710283670E-008  -5.5650037402856621E-016   1.0753653849731708E-015  -1.3354332466110053E-015   1.0528754851149923E-015   1.0872471737939813E-015  -4.9637648824934127E-016   1.2972101673861867E-016  -3.8343284757957169E-016  -1.0445364468458525E-015   1.3713642230024338E-008  -7.2469797593658514E-009   1.6221380054800804E-009
   7.1687715598578012E-009  -4.7898056342218270E-019  -3.2402202069293037E-019  -2.2134024330288485E-020  -5.3970669028432871E-017   1.6433037172100854E-016  -3.0333357566325156E-016   9.8519340804891229E-017   1.6007237311016216E-016  -4.4549669178850200E-017   9.5894879897771932E-009   3.0060842154065793E-017   2.0336164163196919E-017   1.3888685574562379E-018   1.7449191509793146E-016  -3.2245527550918139E-016   3.7608974846445573E-016  -3.3101165866250815E-016  -3.2750792665238271E-016   1.5652048192509692E-016   4.0572561856097831E-016   2.7447374406047314E-016   1.8745082888437378E-017  -4.4734963081484478E-009   1.8076618710679462E-016  -3.4930860471998012E-016   4.3378787068307671E-016  -3.4200201087881809E-016  -3.5316801882245746E-016   1.6123627101478602E-016   1.5576351521489996E-015   1.0537415404607117E-015   7.1964907194596143E-017  -4.4692978178406596E-009   2.3640435948023278E-009  -5.2930027056122001E-010
   1.1647609157729725E-008  -5.5711654190354214E-019  -1.5910338975655564E-019   5.0248064521727081E-019  -8.7690534523102118E-017   2.6700109116262222E-016  -4.9285122953652981E-016   1.6007237311016216E-016   2.6008275887640621E-016  -7.2383459591024738E-017   1.5580951585045620E-008   3.4964890011714103E-017   9.9864439447917448E-018  -3.1535655119603519E-017   2.8351474272700526E-016  -5.2392894036486642E-016   6.1108017977627148E-016  -5.3782808704254878E-016  -5.3213821727425614E-016   2.5431454443567840E-016   4.7191479575499455E-016   1.3478561137335822E-016  -4.2563104991992094E-016  -7.2604958794212637E-009   2.9368423289178372E-016  -5.6750774254919498E-016   7.0475583136805826E-016  -5.5563826896585829E-016  -5.7377810101622893E-016   2.6195476279033728E-016   1.8117443071637127E-015   5.1745997844737781E-016  -1.6340547585527184E-015  -7.2462558239951320E-009   3.8306703500877098E-009  -8.5753070658410678E-010
  -3.2416643644618748E-009   2.6859568163129914E-021   7.4830022653333968E-019   8.6713006925683878E-019   2.4405110839865352E-017  -7.4308892485788297E-017   1.3716503458014407E-016  -4.4549669178850200E-017  -7.2383459591024738E-017   2.0145009342599535E-017  -4.3362867384862633E-009  -1.6871246936391484E-019  -4.6963144630005516E-017  -5.4420297466531079E-017  -7.8903756837147199E-017   1.4581143047300052E-016  -1.7006429843000470E-016   1.4968065668661948E-016   1.4809620498719937E-016  -7.0777233716314314E-017  -2.2770686569405001E-018  -6.3385301206475515E-016  -7.3450038660970493E-016   2.0231289655975640E-009  -8.1741710807434670E-017   1.5795592229224855E-016  -1.9615716350235934E-016   1.5465187105300173E-016   1.5970112972746683E-016  -7.2910362483818855E-017  -8.7419456779488285E-018  -2.4334468869285096E-015  -2.8198456971571692E-015   2.0214627830854843E-009  -1.0693270737653388E-009   2.3942265656429209E-010
  0.69772320662492660        6.4798835717500312E-016   1.2020802483064738E-015  -3.3850724514194902E-016  -5.2532986666484541E-009   1.5995420666213082E-008  -2.9525708588972795E-008   9.5894879897771932E-009   1.5580951585045620E-008  -4.3362867384862633E-009  0.93350202092212586       -9.8958630863283192E-016  -1.8931660380191133E-015   1.0364066472780339E-015   1.6987027927115344E-008  -3.1393781683348975E-008   3.6619562885824197E-008  -3.2224301374596540E-008  -3.1885455396747056E-008   1.5237345650612211E-008   5.5514061090267763E-016   1.0117617705150684E-015  -8.2129171594942937E-016 -0.42947180741802349        1.7579140395618818E-008  -3.3968637354756428E-008   4.2182353738015588E-008  -3.3259047277088583E-008  -3.4344039181816915E-008   1.5679950447767566E-008   8.5310182134280087E-016  -2.0227694534406129E-015  -3.1473220958732175E-016 -0.42350563331149987       0.22232817189645968       -4.9672302076148631E-002
  -7.7037455039197296E-016  -8.0167945097127447E-006   1.1203455085629435E-011  -1.7628997569478830E-011  -2.4007360918330447E-017  -1.7996721620688429E-018   2.5035184946991841E-018   3.0060842154065793E-017   3.4964890011714103E-017  -1.6871246936391484E-019  -9.8958630863283192E-016   5.0312719508182160E-004  -1.9556829940079724E-010   2.7921321994568751E-010  -8.0626893877572704E-018  -1.3172367747695827E-017  -8.5126949651455293E-018  -1.1809178570814206E-017  -9.6201519839563821E-018   1.9627208781417715E-017   6.7906113486845728E-003  -1.3541277713437615E-009   1.9493359627883216E-009   1.2603086555927830E-015   2.7572492951259643E-017   5.2105829094893380E-018   8.8609235622703214E-018  -1.0024194650138847E-017  -1.3247289462247362E-017   5.1562424421212557E-018   2.6070069282163981E-002  -4.9943036095577700E-009   7.1169474298421849E-009   2.1165151225304666E-015  -1.3427706050132537E-015   3.1558542550886222E-016
  -1.4188071373311106E-015   1.1203519652463000E-011  -8.0167791882362252E-006   1.1099938488438489E-011   3.8746733878948945E-017   4.1123336401355907E-017  -7.3998198756812845E-018   2.0336164163196919E-017   9.9864439447917448E-018  -4.6963144630005516E-017  -1.8931660380191133E-015  -1.9556829940079724E-010   5.0312689663037434E-004  -1.9550525477356751E-010  -3.0267708663830735E-017  -5.5819535678990957E-017   3.0483725859979349E-018  -2.1121281567422984E-017  -1.2046089478903165E-017   5.6988063119769378E-017  -1.3541245121006879E-009   6.7906092996338902E-003  -1.3527097886308482E-009   8.0554323460429917E-016   8.1992237939435037E-019   3.1909072084084826E-017   3.8360136156590517E-018   8.1049930681321399E-018   5.6583730314789004E-018  -1.8795725795345038E-017  -4.9942918736984924E-009   2.6070061645914831E-002  -4.9935173433713211E-009   6.1588899720713176E-016  -3.0419234600389679E-016   6.5864888746227797E-017
   8.0525100867206856E-016  -1.7628969179957576E-011   1.1100086158829073E-011  -8.0167937763419137E-006   3.8181773421320487E-017   6.5912888952955119E-017  -2.0158576865329857E-017   1.3888685574562379E-018  -3.1535655119603519E-017  -5.4420297466531079E-017   1.0364066472780339E-015   2.7921321994568751E-010  -1.9550525477356751E-010   5.0312718235688602E-004  -5.2210069159367289E-017  -7.8105847854159285E-017   1.7307191351988506E-017  -2.7442271907474371E-017   8.7401930161917963E-018   7.1636990444842723E-017   1.9493363318388827E-009  -1.3527051834666093E-009   6.7906112605328299E-003  -1.0287635265103311E-015   9.1592540984179888E-018   4.4259739224520118E-017   2.4733032097195788E-019   2.2966507952514235E-017   3.4490497427838844E-018  -3.4651640927216089E-017   7.1169489015365198E-009  -4.9935008236079179E-009   2.6070068957239619E-002  -1.5163626253186148E-015   9.5410493945363805E-016  -2.2303271500725959E-016
   1.2695384467398381E-008   1.2848267346083187E-019   4.8230328709887534E-019   8.3190560745748821E-019  -9.5589933774875647E-017   2.9105659778572923E-016  -5.3725824392788084E-016   1.7449191509793146E-016   2.8351474272700526E-016  -7.8903756837147199E-017   1.6987027927115344E-008  -8.0626893877572704E-018  -3.0267708663830735E-017  -5.2210069159367289E-017   3.0912228667814402E-016  -5.7131033192263581E-016   6.6644545836733239E-016  -5.8640210494628078E-016  -5.8025574793498280E-016   2.7728113503310527E-016  -1.0882021097499456E-016  -4.0851725377048887E-016  -7.0466962482272465E-016  -7.7621846997300624E-009   3.1973246532997334E-016  -6.1781948503877867E-016   7.6719682107919959E-016  -6.0492181926383327E-016  -6.2464808008671697E-016   2.8519014696822243E-016  -4.1777540682131505E-016  -1.5683527668252565E-015  -2.7053213177349955E-015  -7.6046238478867117E-009   3.9769380693090085E-009  -8.8755450816111632E-010
  -2.3459310883327185E-008   2.0986775464830358E-019   8.8938290230167257E-019   1.2445430235200764E-018   1.7664713392394925E-016  -5.3786632308605647E-016   9.9284487934152191E-016  -3.2245527550918139E-016  -5.2392894036486642E-016   1.4581143047300052E-016  -3.1393781683348975E-008  -1.3172367747695827E-017  -5.5819535678990957E-017  -7.8105847854159285E-017  -5.7131033192263581E-016   1.0559326227547188E-015  -1.2318615188146832E-015   1.0837671308569542E-015   1.0724603650349558E-015  -5.1245924011346777E-016  -1.7778524357924698E-016  -7.5338692490704000E-016  -1.0541792777741355E-015   1.4204320590485653E-008  -5.9048091363437539E-016   1.1409657653725108E-015  -1.4167949574265854E-015   1.1171689917695603E-015   1.1535787146574775E-015  -5.2668954442129851E-016  -6.8254136058053220E-016  -2.8923534841318222E-015  -4.0471359848833532E-015   1.3782683064434686E-008  -7.1666361966819308E-009   1.5967935119678711E-009
   2.7359018792119506E-008   1.3566454010268140E-019  -4.8526939022528549E-020  -2.7578296775767220E-019  -2.0602929944746804E-016   6.2733628037527783E-016  -1.1580026094841925E-015   3.7608974846445573E-016   6.1108017977627148E-016  -1.7006429843000470E-016   3.6619562885824197E-008  -8.5126949651455293E-018   3.0483725859979349E-018   1.7307191351988506E-017   6.6644545836733239E-016  -1.2318615188146832E-015   1.4372644412590127E-015  -1.2642314045430288E-015  -1.2511330030757576E-015   5.9778880695647761E-016  -1.1489373946047170E-016   4.1144379702492858E-017   2.3359131698243213E-016  -1.6325003919908568E-008   6.8804973693462660E-016  -1.3294577294392301E-015   1.6507939913906443E-015  -1.3017679569648845E-015  -1.3441581185516035E-015   6.1371993156297529E-016  -4.4109255797835571E-016   1.5795857246893063E-016   8.9678856589706441E-016  -1.5607663350018490E-008   8.0429511883965873E-009  -1.7873942610914891E-009
  -2.4083260635638949E-008   1.8814530193799906E-019   3.3650363804138759E-019   4.3727418135717341E-019   1.8133436966392485E-016  -5.5213499046217541E-016   1.0191798485930935E-015  -3.3101165866250815E-016  -5.3782808704254878E-016   1.4968065668661948E-016  -3.2224301374596540E-008  -1.1809178570814206E-017  -2.1121281567422984E-017  -2.7442271907474371E-017  -5.8640210494628078E-016   1.0837671308569542E-015  -1.2642314045430288E-015   1.1123995385745942E-015   1.1007367956270470E-015  -5.2599993106528731E-016  -1.5938665230151882E-016  -2.8507099110236289E-016  -3.7038259233455678E-016   1.4733272857009364E-008  -6.0655581358738402E-016   1.1720499153722641E-015  -1.4554320413606252E-015   1.1475807483167103E-015   1.1850041432286191E-015  -5.4102643907072588E-016  -6.1190671705935661E-016  -1.0944256550526674E-015  -1.4219486307751900E-015   1.4442198425956779E-008  -7.5552066600374622E-009   1.6862930111186875E-009
  -2.3827043695862900E-008   1.5326507388984403E-019   1.9190151312113774E-019  -1.3925500160249015E-019   1.7941506126273125E-016  -5.4629395903985760E-016   1.0084010719426530E-015  -3.2750792665238271E-016  -5.3213821727425614E-016   1.4809620498719937E-016  -3.1885455396747056E-008  -9.6201519839563821E-018  -1.2046089478903165E-017   8.7401930161917963E-018  -5.8025574793498280E-016   1.0724603650349558E-015  -1.2511330030757576E-015   1.1007367956270470E-015   1.0892474125040861E-015  -5.2048352629327384E-016  -1.2984187792522796E-016  -1.6258471959651565E-016   1.1796521693874881E-016   1.4441696949898961E-008  -5.9977291632721060E-016   1.1589226365223746E-015  -1.4390966449140541E-015   1.1347489971363514E-015   1.1717338639479740E-015  -5.3497756998790865E-016  -4.9848038342289912E-016  -6.2418438499855147E-016   4.5288422280708817E-016   1.4027255373764623E-008  -7.2982514875304948E-009   1.6264031878424427E-009
   1.1387929702147381E-008  -3.1272929270940025E-019  -9.0802218525080845E-019  -1.1414636502853105E-018  -8.5744840391325957E-017   2.6107962474948333E-016  -4.8192387938371715E-016   1.5652048192509692E-016   2.5431454443567840E-016  -7.0777233716314314E-017   1.5237345650612211E-008   1.9627208781417715E-017   5.6988063119769378E-017   7.1636990444842723E-017   2.7728113503310527E-016  -5.1245924011346777E-016   5.9778880695647761E-016  -5.2599993106528731E-016  -5.2048352629327384E-016   2.4871997671085149E-016   2.6490478852749113E-016   7.6915785973473137E-016   9.6687057948296100E-016  -6.9711015126425012E-009   2.8682464910055933E-016  -5.5423294098501551E-016   6.8823833305284331E-016  -5.4266139037674130E-016  -5.6035860184342126E-016   2.5583745258668393E-016   1.0170050234056518E-015   2.9529003253467886E-015   3.7119461095262699E-015  -6.8375690953131770E-009   3.5782599853812532E-009  -7.9873621714014658E-010
   2.6754954730209256E-016  -1.0820113941334453E-004   1.3072903646167153E-010  -2.0894895556355214E-010  -3.2402286877942536E-016  -2.4289722061685653E-017   3.3789117846977617E-017   4.0572561856097831E-016   4.7191479575499455E-016  -2.2770686569405001E-018   5.5514061090267763E-016   6.7906113486845728E-003  -1.3541245121006879E-009   1.9493363318388827E-009  -1.0882021097499456E-016  -1.7778524357924698E-016  -1.1489373946047170E-016  -1.5938665230151882E-016  -1.2984187792522796E-016   2.6490478852749113E-016   9.1651580235867780E-002  -9.2728997148163028E-010   1.7570845057458969E-009  -1.6696154835122798E-015   3.7214092157179658E-016   7.0325582269807807E-017   1.1959491768089023E-016  -1.3529526115984421E-016  -1.7879671016280944E-016   6.9593159536494148E-017  0.35186272986036027       -8.0158298244987992E-010   1.7948491565748662E-009  -1.3855037287542575E-015   1.1412509649822770E-015  -2.6917787011379442E-016
   6.6693492262469078E-016   1.3072995984090778E-010  -1.0820096415700376E-004   1.2932283646895493E-010   5.2295728231317300E-016   5.5503457218762078E-016  -9.9874864619468175E-017   2.7447374406047314E-016   1.3478561137335822E-016  -6.3385301206475515E-016   1.0117617705150684E-015  -1.3541277713437615E-009   6.7906092996338902E-003  -1.3527051834666093E-009  -4.0851725377048887E-016  -7.5338692490704000E-016   4.1144379702492858E-017  -2.8507099110236289E-016  -1.6258471959651565E-016   7.6915785973473137E-016  -9.2728997148163028E-010   9.1651579291644095E-002  -9.0047955711347992E-010   3.9192416607828895E-016   1.1066927401588811E-017   4.3066992745868062E-016   5.1775166312909471E-017   1.0939066676033334E-016   7.6369006872268781E-017  -2.5368201737308095E-016  -8.0159346696610280E-010  0.35186272934410173       -7.6151637741057280E-010  -3.8767545070378960E-016  -4.0132338480228900E-017   1.2487166611284664E-017
  -3.6840118440813582E-016  -2.0894856651538362E-010   1.2932490292655346E-010  -1.0820113084716458E-004   5.1533235615423209E-016   8.8961349956987126E-016  -2.7207600882085367E-016   1.8745082888437378E-017  -4.2563104991992094E-016  -7.3450038660970493E-016  -8.2129171594942937E-016   1.9493359627883216E-009  -1.3527097886308482E-009   6.7906112605328299E-003  -7.0466962482272465E-016  -1.0541792777741355E-015   2.3359131698243213E-016  -3.7038259233455678E-016   1.1796521693874881E-016   9.6687057948296100E-016   1.7570845057458969E-009  -9.0047955711347992E-010   9.1651580174356526E-002   6.3096326616314967E-016   1.2362029979989204E-016   5.9736587400433254E-016   3.3374204352377376E-018   3.0997518877667182E-016   4.6551816933761126E-017  -4.6768689953301355E-016   1.7948498970036348E-009  -7.6153203478919180E-010  0.35186272980644445        1.0816335043201466E-015  -6.5545778497353146E-016   1.5411392322990532E-016
 -0.32895865138661884       -7.0210976448708819E-016  -9.3788549630645164E-016   8.5294364720043534E-016   2.4503925749312165E-009  -7.4531080440107139E-009   1.3749239710283670E-008  -4.4734963081484478E-009  -7.2604958794212637E-009   2.0231289655975640E-009 -0.42947180741802349        1.2603086555927830E-015   8.0554323460429917E-016  -1.0287635265103311E-015  -7.7621846997300624E-009   1.4204320590485653E-008  -1.6325003919908568E-008   1.4733272857009364E-008   1.4441696949898961E-008  -6.9711015126425012E-009  -1.6696154835122798E-015   3.9192416607828895E-016   6.3096326616314967E-016  0.56312843049971473       -9.1704484508785058E-009   1.7775547795515822E-008  -2.2165064358233670E-008   1.7346828554721746E-008   1.7966403542910472E-008  -8.1763983927457910E-009  -2.1585836312703838E-015   2.8112898260077213E-015  -3.3526752688691227E-016  0.89857713138588580      -0.57712445538200785       0.13562498345474069     
   1.3162680012368328E-008  -4.3932538989961341E-019  -1.3040769685251732E-020  -1.4595173448161912E-019  -9.9026252746584608E-017   3.0149497729341733E-016  -5.5650037402856621E-016   1.8076618710679462E-016   2.9368423289178372E-016  -8.1741710807434670E-017   1.7579140395618818E-008   2.7572492951259643E-017   8.1992237939435037E-019   9.1592540984179888E-018   3.1973246532997334E-016  -5.9048091363437539E-016   6.8804973693462660E-016  -6.0655581358738402E-016  -5.9977291632721060E-016   2.8682464910055933E-016   3.7214092157179658E-016   1.1066927401588811E-017   1.2362029979989204E-016  -9.1704484508785058E-009   3.3424765451664115E-016  -6.4603924073604458E-016   8.0252400775350937E-016  -6.3237373058336784E-016  -6.5316233640905617E-016   2.9812689128326586E-016   1.4286989535575772E-015   4.2487329282936877E-017   4.7459497746428095E-016  -1.0059972450941527E-008   5.5934267197879126E-009  -1.2694793040859389E-009
  -2.5435797432920602E-008  -8.3051024028621652E-020  -5.0848043963447768E-019  -7.0521549658996332E-019   1.9135611214355907E-016  -5.8260094188606936E-016   1.0753653849731708E-015  -3.4930860471998012E-016  -5.6750774254919498E-016   1.5795592229224855E-016  -3.3968637354756428E-008   5.2105829094893380E-018   3.1909072084084826E-017   4.4259739224520118E-017  -6.1781948503877867E-016   1.1409657653725108E-015  -1.3294577294392301E-015   1.1720499153722641E-015   1.1589226365223746E-015  -5.5423294098501551E-016   7.0325582269807807E-017   4.3066992745868062E-016   5.9736587400433254E-016   1.7775547795515822E-008  -6.4603924073604458E-016   1.2486833016235393E-015  -1.5511552471172179E-015   1.2222616196230388E-015   1.2624501901950863E-015  -5.7622395388628154E-016   2.6998940726046607E-016   1.6533999527119389E-015   2.2933677442930395E-015   1.9545512885292074E-008  -1.0880093086593846E-008   2.4700927593241492E-009
   3.1588237087276009E-008  -1.4115777818895737E-019  -6.1066685608786021E-020  -3.9608603170687997E-021  -2.3763496131828234E-016   7.2349909276080618E-016  -1.3354332466110053E-015   4.3378787068307671E-016   7.0475583136805826E-016  -1.9615716350235934E-016   4.2182353738015588E-008   8.8609235622703214E-018   3.8360136156590517E-018   2.4733032097195788E-019   7.6719682107919959E-016  -1.4167949574265854E-015   1.6507939913906443E-015  -1.4554320413606252E-015  -1.4390966449140541E-015   6.8823833305284331E-016   1.1959491768089023E-016   5.1775166312909471E-017   3.3374204352377376E-018  -2.2165064358233670E-008   8.0252400775350937E-016  -1.5511552471172179E-015   1.9269183843046681E-015  -1.5183191730533807E-015  -1.5682555439949460E-015   7.1579712070024288E-016   4.5914087246067602E-016   1.9877156861553160E-016   1.2812939711567411E-017  -2.4447515255745206E-008   1.3629577677040293E-008  -3.0955464541271815E-009
  -2.4903204761010518E-008   1.5969965069231546E-019  -1.2918794741404019E-019  -3.6593103609897524E-019   1.8735350097151318E-016  -5.7041587498739406E-016   1.0528754851149923E-015  -3.4200201087881809E-016  -5.5563826896585829E-016   1.5465187105300173E-016  -3.3259047277088583E-008  -1.0024194650138847E-017   8.1049930681321399E-018   2.2966507952514235E-017  -6.0492181926383327E-016   1.1171689917695603E-015  -1.3017679569648845E-015   1.1475807483167103E-015   1.1347489971363514E-015  -5.4266139037674130E-016  -1.3529526115984421E-016   1.0939066676033334E-016   3.0997518877667182E-016   1.7346828554721746E-008  -6.3237373058336784E-016   1.2222616196230388E-015  -1.5183191730533807E-015   1.1964079316681501E-015   1.2357380746132743E-015  -5.6403574345849131E-016  -5.1941663184453832E-016   4.1996567758109094E-016   1.1900362965881428E-015   1.9026718409782710E-008  -1.0578255857398227E-008   2.4007866309623167E-009
  -2.5716777504455365E-008   2.1105583252132620E-019  -9.0205572287410578E-020  -5.4940558303723282E-020   1.9347035701353041E-016  -5.8903807220322969E-016   1.0872471737939813E-015  -3.5316801882245746E-016  -5.7377810101622893E-016   1.5970112972746683E-016  -3.4344039181816915E-008  -1.3247289462247362E-017   5.6583730314789004E-018   3.4490497427838844E-018  -6.2464808008671697E-016   1.1535787146574775E-015  -1.3441581185516035E-015   1.1850041432286191E-015   1.1717338639479740E-015  -5.6035860184342126E-016  -1.7879671016280944E-016   7.6369006872268781E-017   4.6551816933761126E-017   1.7966403542910472E-008  -6.5316233640905617E-016   1.2624501901950863E-015  -1.5682555439949460E-015   1.2357380746132743E-015   1.2763689450250641E-015  -5.8257733063631757E-016  -6.8642452303252173E-016   2.9319108505473047E-016   1.7871857838886405E-016   1.9750758088704518E-008  -1.0993073043165813E-008   2.4956664445945282E-009
   1.1740557272997210E-008  -8.2146961371562429E-020   2.9950965551249881E-019   5.5212919871377683E-019  -8.8327493234079636E-017   2.6892164374414137E-016  -4.9637648824934127E-016   1.6123627101478602E-016   2.6195476279033728E-016  -7.2910362483818855E-017   1.5679950447767566E-008   5.1562424421212557E-018  -1.8795725795345038E-017  -3.4651640927216089E-017   2.8519014696822243E-016  -5.2668954442129851E-016   6.1371993156297529E-016  -5.4102643907072588E-016  -5.3497756998790865E-016   2.5583745258668393E-016   6.9593159536494148E-017  -2.5368201737308095E-016  -4.6768689953301355E-016  -8.1763983927457910E-009   2.9812689128326586E-016  -5.7622395388628154E-016   7.1579712070024288E-016  -5.6403574345849131E-016  -5.8257733063631757E-016   2.6590957933443824E-016   2.6717747577272243E-016  -9.7391946249206402E-016  -1.7955128014139655E-015  -8.9667623461347567E-009   4.9848372346057137E-009  -1.1313091038152120E-009
  -7.9440538535050987E-018  -4.1539871096603326E-004   4.9862985053596043E-010  -7.9633830176934226E-010  -1.2439673300915000E-015  -9.3251560499679981E-017   1.2972101673861867E-016   1.5576351521489996E-015   1.8117443071637127E-015  -8.7419456779488285E-018   8.5310182134280087E-016   2.6070069282163981E-002  -4.9942918736984924E-009   7.1169489015365198E-009  -4.1777540682131505E-016  -6.8254136058053220E-016  -4.4109255797835571E-016  -6.1190671705935661E-016  -4.9848038342289912E-016   1.0170050234056518E-015  0.35186272986036027       -8.0159346696610280E-010   1.7948498970036348E-009  -2.1585836312703838E-015   1.4286989535575772E-015   2.6998940726046607E-016   4.5914087246067602E-016  -5.1941663184453832E-016  -6.8642452303252173E-016   2.6717747577272243E-016   1.3508482924807550        7.5124730651319267E-009  -1.2116248149425003E-008   2.3131652047140917E-015  -6.8155180548293559E-016   1.6474049659685378E-016
  -1.8239062583244089E-015   4.9863338313538109E-010  -4.1539804180348687E-004   4.9330547923408695E-010   2.0077033220527991E-015   2.1308522345965863E-015  -3.8343284757957169E-016   1.0537415404607117E-015   5.1745997844737781E-016  -2.4334468869285096E-015  -2.0227694534406129E-015  -4.9943036095577700E-009   2.6070061645914831E-002  -4.9935008236079179E-009  -1.5683527668252565E-015  -2.8923534841318222E-015   1.5795857246893063E-016  -1.0944256550526674E-015  -6.2418438499855147E-016   2.9529003253467886E-015  -8.0158298244987992E-010  0.35186272934410173       -7.6153203478919180E-010   2.8112898260077213E-015   4.2487329282936877E-017   1.6533999527119389E-015   1.9877156861553160E-016   4.1996567758109094E-016   2.9319108505473047E-016  -9.7391946249206402E-016   7.5124730651319267E-009   1.3508483024336513        7.4249379396960869E-009  -1.5248728155650032E-015   2.7193907842889901E-016  -7.3041410463115146E-017
   7.3870506196264129E-016  -7.9633680728706826E-010   4.9331339415785378E-010  -4.1539867829445796E-004   1.9784301676716787E-015   3.4153458123022252E-015  -1.0445364468458525E-015   7.1964907194596143E-017  -1.6340547585527184E-015  -2.8198456971571692E-015  -3.1473220958732175E-016   7.1169474298421849E-009  -4.9935173433713211E-009   2.6070068957239619E-002  -2.7053213177349955E-015  -4.0471359848833532E-015   8.9678856589706441E-016  -1.4219486307751900E-015   4.5288422280708817E-016   3.7119461095262699E-015   1.7948491565748662E-009  -7.6151637741057280E-010  0.35186272980644445       -3.3526752688691227E-016   4.7459497746428095E-016   2.2933677442930395E-015   1.2812939711567411E-017   1.1900362965881428E-015   1.7871857838886405E-016  -1.7955128014139655E-015  -1.2116248149425003E-008   7.4249379396960869E-009   1.3508482929733865        6.9870765178460440E-017   4.5492280738080748E-017  -7.2573258522067109E-018
 -0.33186425485368870       -1.0736104696172579E-015  -1.2843940969372921E-015   1.4955617010005293E-015   2.4478415248473316E-009  -7.4380040482897609E-009   1.3713642230024338E-008  -4.4692978178406596E-009  -7.2462558239951320E-009   2.0214627830854843E-009 -0.42350563331149987        2.1165151225304666E-015   6.1588899720713176E-016  -1.5163626253186148E-015  -7.6046238478867117E-009   1.3782683064434686E-008  -1.5607663350018490E-008   1.4442198425956779E-008   1.4027255373764623E-008  -6.8375690953131770E-009  -1.3855037287542575E-015  -3.8767545070378960E-016   1.0816335043201466E-015  0.89857713138588580       -1.0059972450941527E-008   1.9545512885292074E-008  -2.4447515255745206E-008   1.9026718409782710E-008   1.9750758088704518E-008  -8.9667623461347567E-009   2.3131652047140917E-015  -1.5248728155650032E-015   6.9870765178460440E-017   1.5469539414030757       -1.0150151845624511       0.23964239631497417     
  0.17651435909771621        6.8009081032515538E-016   7.8522971208715082E-016  -9.8613603105540439E-016  -1.2947142811718132E-009   3.9318888992500634E-009  -7.2469797593658514E-009   2.3640435948023278E-009   3.8306703500877098E-009  -1.0693270737653388E-009  0.22232817189645968       -1.3427706050132537E-015  -3.0419234600389679E-016   9.5410493945363805E-016   3.9769380693090085E-009  -7.1666361966819308E-009   8.0429511883965873E-009  -7.5552066600374622E-009  -7.2982514875304948E-009   3.5782599853812532E-009   1.1412509649822770E-015  -4.0132338480228900E-017  -6.5545778497353146E-016 -0.57712445538200785        5.5934267197879126E-009  -1.0880093086593846E-008   1.3629577677040293E-008  -1.0578255857398227E-008  -1.0993073043165813E-008   4.9848372346057137E-009  -6.8155180548293559E-016   2.7193907842889901E-016   4.5492280738080748E-017  -1.0150151845624511       0.66976437791838195      -0.15832112101559614     
  -3.9582202388820473E-002  -1.5934647864253783E-016  -1.8245831862210249E-016   2.3306726928240603E-016   2.8987675542715902E-010  -8.8018011853315221E-010   1.6221380054800804E-009  -5.2930027056122001E-010  -8.5753070658410678E-010   2.3942265656429209E-010  -4.9672302076148631E-002   3.1558542550886222E-016   6.5864888746227797E-017  -2.2303271500725959E-016  -8.8755450816111632E-010   1.5967935119678711E-009  -1.7873942610914891E-009   1.6862930111186875E-009   1.6264031878424427E-009  -7.9873621714014658E-010  -2.6917787011379442E-016   1.2487166611284664E-017   1.5411392322990532E-016  0.13562498345474069       -1.2694793040859389E-009   2.4700927593241492E-009  -3.0955464541271815E-009   2.4007866309623167E-009   2.4956664445945282E-009  -1.1313091038152120E-009   1.6474049659685378E-016  -7.3041410463115146E-017  -7.2573258522067109E-018  0.23964239631497417      -0.15832112101559614        3.7434134614709687E-002
