  0.13613929740198982        2.1534423756309027E-008   1.8900020982998481E-008   1.1661329324262562E-015  -3.8953143697843315E-016   6.5172284101528862E-019  -3.7534829162863657E-019  -3.6598983209913036E-016  -8.3022550013548267E-018  -3.6457101995088378E-016   6.8529685988324054E-002  -4.6448549044749533E-009  -4.5048731353490793E-009  -1.2573812037637324E-015  -2.0018312799865701E-016   4.1799774400453004E-017   1.0628838607193187E-016  -1.2190386619457206E-016  -2.9169727631529220E-017  -8.7884805289044708E-017   4.5177874121758096E-002   2.8587642999469334E-009   2.6574054965156121E-009   6.9546473546365758E-010  -6.9193836055633648E-010   7.8946467525538656E-010   2.7907700953461473E-011  -3.1803636720055764E-010  -9.6095785939113421E-010   6.1724896880958895E-010  -4.4012565274520971E-010  -1.3618759264129982E-010  -2.6038176229838923E-010  -2.0047959450616147E-016   2.6652669927426351E-016   6.7668803035052198E-016   3.2379056481445551E-016  -2.1196470770328856E-016   5.3532892729459024E-016  -5.8074696327248550E-002  -2.4277344522671515E-009  -2.1713171555754478E-009   9.2563043574417069E-016   1.0171160247751579E-010  -1.3113649381612905E-010   1.4480100785275624E-010  -2.5217203661999041E-011  -1.0338331792285675E-010  -1.1123794540039899E-010   1.0909296026984580E-010  -7.3320870863581338E-011  -1.5226701415877287E-011  -5.3277952617314703E-011   3.8075977125944320E-015  -3.0629096552260141E-015   1.1557031851830766E-002   4.8308416872733539E-010   4.3305644209594339E-010   8.9894696650016150E-016
   2.1534423756309027E-008  0.13613932124282555        3.3571432370011634E-008   1.5955975613191334E-015  -7.1504799263731861E-016   1.7500916862816942E-017  -4.7886571568239433E-019  -6.6774999335161208E-016  -1.7178287075023109E-017  -6.4722746914654719E-016  -5.7773853409272843E-009   6.8529680682675606E-002  -7.3267801488799613E-009  -2.3942600497068238E-015  -6.4490163185610588E-016   1.1842668872012745E-016  -8.3540839196911231E-017  -3.5505173637834008E-016  -5.4983905719539662E-017   3.6427304766442617E-017   2.5653570258484667E-009   4.5177876363656770E-002   3.4558256406341846E-009   2.2204080553881822E-010  -1.8152630604142897E-010   6.8589452536859912E-010   1.9324904933510252E-010   9.4808987041584005E-010  -4.9114535314023369E-010  -2.0680005456549936E-013   1.1358553202208801E-009   1.8181174061988743E-010  -1.3578516605752640E-009  -2.3384336651007487E-015   7.7274376376650161E-016  -5.3179217728140419E-016  -4.0092970105974967E-016  -3.6995612603206486E-016   2.0744803906035220E-015  -1.9436763190367074E-009  -5.8074697816103034E-002  -2.5680081225468833E-009  -6.6658537266611517E-016   6.9130057956705540E-011  -2.8758284932887943E-011   1.3581803912184033E-010  -8.3189150765664440E-012   1.6351406478006239E-010  -8.4427695193427016E-011  -2.7609398193185974E-011   7.7472724842444538E-011   6.5799650547051568E-011  -1.5897727275125958E-010  -2.4818192571125229E-015   2.4280931095305361E-015   3.8653811521158233E-010   1.1557032129254860E-002   4.9329092142048027E-010  -7.4222645563442894E-016
   1.8900020982998481E-008   3.3571432370011634E-008  0.13613925235218585       -1.2159595663024837E-015   8.1829772086714682E-017  -3.3180065730391809E-017  -3.9958460288068482E-018   6.9795180624521692E-017  -3.1539573776371768E-018   1.0371256398427216E-016  -4.9050047632751824E-009  -7.8883537267141746E-009   6.8529696532448447E-002  -1.0822439517066616E-015  -1.6677262597234593E-016  -2.5180901867383269E-016  -8.6342432344578373E-017  -1.8321746000184735E-016   1.8246875737322139E-016   1.3246696797207023E-016   2.5373053660970166E-009   3.3032138088857708E-009   4.5177869034822592E-002   8.1178293062267529E-010   5.6679076509589666E-010  -8.3641578353858138E-010  -1.8181954964568542E-010   5.9545978747932345E-010  -9.0730093345777075E-010   4.0594459353152435E-010   3.1286819078291273E-010  -1.1114237330605504E-009   3.9024452505718836E-010  -7.8102488886603358E-016  -1.6432133009043288E-015  -5.4723622956149173E-016  -9.0652850362772659E-016   1.1505237278118079E-015   1.1769073333891343E-015  -1.9947123261108249E-009  -2.3299631708401214E-009  -5.8074692459766090E-002   1.5957076868685960E-015   1.1529406581706649E-010   1.0259773682935009E-010  -1.2932026296726852E-010  -3.7664434594686272E-011   7.6186656772596030E-011  -1.1701841679629231E-010   1.0108609079694630E-010   4.1723263647353766E-012  -2.3821896164471930E-010   9.3286599140538765E-011   2.4192849862796078E-015  -2.1898294813929738E-015   3.9807882743044221E-010   4.4608447580878975E-010   1.1557031096142612E-002   6.4731173389051915E-016
   1.1661329324262562E-015   1.5955975613191334E-015  -1.2159595663024837E-015  0.50534805041405551       -3.2911774852595772E-009  -5.5001467813490071E-009  -3.7294372650257874E-009  -1.1027080927523465E-008  -1.4214723434164427E-008   1.4318548252395574E-008   1.2109594555886121E-015   3.1020312473953645E-015  -1.5269671737097763E-016  0.75090547729814672        4.2597916872895638E-009   2.1775854847926880E-009   5.4411645867036458E-010  -7.8861328422286799E-009  -6.7496034859595374E-009   3.6265460935002985E-009  -2.0340408021893873E-015   8.7902691664176605E-016   6.1739995893194006E-016   6.9493813273413170E-016  -1.2095801286157330E-016  -2.5371337446213602E-016   4.2924749644624387E-016  -1.3881914624267884E-016   2.7414219298466475E-016  -4.2790926119973094E-016  -1.8811600392050767E-016  -9.8940507166352938E-017  -4.4024857021915192E-017   5.0501136787614301E-009  -5.1358312695803284E-010  -4.9176884905120661E-009  -1.8007217191022238E-008  -1.5792405035355473E-008   1.2957183358364423E-008  -4.3129299908409394E-014   1.9079789307980682E-015  -1.1746292269999311E-014 -0.30061232081883477        2.6490040642092663E-016   2.8812064042159824E-017   1.9945343704850319E-017  -1.7108839076381439E-017  -1.2554671559962063E-016   3.9681992745149056E-017  -1.9940751679114783E-016  -6.5900583468937872E-017  -1.9462703456903576E-016   8.0489316856950803E-017 -0.58483426504064540       0.37870079576202104        1.0236312765318938E-014  -5.0927860336552124E-016   2.7410591051447861E-015 -0.10246198397071478     
  -3.8953143697843315E-016  -7.1504799263731861E-016   8.1829772086714682E-017  -3.2911774852595772E-009   4.0018376797878541E-004   4.0419892433684103E-013  -7.6236358170845629E-012  -2.0009184261239103E-004   2.2602273110095140E-011  -2.0009192536856894E-004  -1.8603821954966930E-016  -3.2536001266429051E-016   6.2659309675445619E-017  -5.1374960339943497E-009   3.9654745513082604E-003   9.3169834859880801E-011   2.6060076188068159E-011  -1.9827371130152751E-003   1.6675030160797119E-010  -1.9827374382946016E-003   7.8558638328135319E-018  -2.1095975877117700E-016   1.3229677434257448E-016   2.4126687383988499E-017  -9.6159143283476092E-018   7.5172019200145926E-018  -2.4395356300322353E-017   8.2847719187375236E-018  -7.4077817768072770E-018  -4.6550775290792320E-018  -5.6518892172540874E-018   1.1130544782078530E-017   1.8048181807796252E-017   2.5922786241819384E-002   3.3510063807705511E-010  -2.4783075336335872E-011  -1.2961391779723457E-002   1.2678416122800367E-009  -1.2961394462096220E-002   8.0048255959298086E-015   9.1260994955165728E-016   8.8680316274795850E-015   1.9477194221725591E-009  -1.4734711967001643E-017   2.6688852602607030E-018   8.9151473150116266E-018   8.0416225549544845E-018  -2.6592225780736488E-018   1.0531255307907476E-017   7.5571364415838434E-018   7.8643331196333847E-018   2.3165743819298323E-018   5.7727764549827116E-018   3.8958473835999565E-009  -2.4786099378514398E-009  -1.8902169177968747E-015  -2.0591572600580143E-016  -2.1015559842961764E-015   6.6749107327019036E-010
   6.5172284101528862E-019   1.7500916862816942E-017  -3.3180065730391809E-017  -5.5001467813490071E-009   4.0419892433684103E-013   4.0018378112947423E-004  -6.1260538459100508E-011   1.9670086394704590E-011   2.2180570152948517E-011  -2.0074370634313013E-011  -5.6434081845677710E-018   5.8084782252234696E-018   4.2950173961196553E-017  -8.1548262798167899E-009  -3.0966537495108751E-011   3.9654746039839020E-003  -2.9037631223825198E-010   8.8834877627327427E-011   1.4947326369550636E-010  -5.7868296188908498E-011  -7.3704424352239183E-018  -3.2314330079796835E-017   5.3797932289425055E-018   3.6633330683202290E-018   1.3637484413438263E-018  -9.3390270684528535E-018  -1.2628763049393592E-017   1.5862582126985069E-017   1.4230072013193841E-017   3.3579375240175405E-017  -7.8874040558743458E-018   3.4359187703566127E-017   1.5904022898796171E-018  -3.4568660555738216E-010   2.5922786673742426E-002  -2.0208176148545704E-009   5.1857122900286200E-010   8.0871479542633990E-010  -1.7288431564987976E-010  -8.5413176125012288E-016   4.1802978513371659E-015  -3.2233540590806645E-017   3.2625806774250941E-009   2.4964485873340558E-018   1.9321837811249810E-017   4.2371417588129718E-018  -2.8815021729089680E-018  -3.4471453244581794E-018   9.0659670117636156E-019   2.9817358935778873E-017  -1.6882195776536029E-018   3.8233524776673625E-018  -1.4949334726486120E-017   6.2561313809913296E-009  -4.0414677568177705E-009   2.0202931213955469E-016  -9.8828537594691449E-016   7.3358415128993423E-018   1.0917915338230088E-009
  -3.7534829162863657E-019  -4.7886571568239433E-019  -3.9958460288068482E-018  -3.7294372650257874E-009  -7.6236358170845629E-012  -6.1260538459100508E-011   4.0018385529049357E-004  -3.6944527219240098E-011   5.4302832558747472E-011   4.4568055656753188E-011  -1.3891336743309365E-017   1.2817198887144039E-017   2.3870309461708410E-017  -5.3364287754294817E-009  -4.0174275463899381E-011  -2.5291835415849159E-010   3.9654749425721038E-003  -1.3804400980474877E-010   2.7234366043237551E-010   1.7821823718193599E-010  -8.4752381882494717E-018   7.0153704290029132E-018   4.5533294218498294E-017   8.9454058425310454E-018  -4.9838569395728359E-018  -7.9910170815713325E-018   6.5345306125484277E-018   6.1641379697923513E-018  -4.6403728889013534E-019  -1.0220935518269504E-017  -2.0081980090075148E-017   4.1789526730568001E-018  -1.9514962513085950E-017  -5.0557592446242149E-010  -1.9702027495494659E-009   2.5922789083342411E-002  -5.9604854760964643E-010   1.7174239455240617E-009   1.1016244729360654E-009  -4.0043615117291040E-019  -1.9733270162305065E-016  -3.8624339734319345E-016   2.1842778131276727E-009   5.0452357906772865E-018  -1.9550822588091661E-018  -1.2001960550381626E-017  -1.2644077945542515E-018  -9.6442224162521340E-019   4.3834160544385958E-019   1.7621640957058418E-019  -7.5410908550503332E-020  -5.9690973726525637E-018  -1.2979714120616260E-017   4.1725781922028342E-009  -2.7132869493063918E-009   5.0024465759922087E-019   4.6204320472914485E-017   9.0054153690778371E-017   7.3454034486481668E-010
  -3.6598983209913036E-016  -6.6774999335161208E-016   6.9795180624521692E-017  -1.1027080927523465E-008  -2.0009184261239103E-004   1.9670086394704590E-011  -3.6944527219240098E-011   4.0018375398789900E-004  -2.3903281198822454E-011  -2.0009191137315761E-004  -1.7172083764685822E-016  -3.0886871474355386E-016   6.6568632533378272E-017  -1.5441376233676405E-008  -1.9827370943043317E-003   1.1892859910912595E-010  -2.8574638334218224E-010   3.9654744859428485E-003  -1.5676632061527145E-010  -1.9827373916375631E-003   6.8806592426597356E-017  -1.7869502084139942E-016   1.0014995162002524E-016  -1.4091466267744550E-017  -1.7502811123522212E-017   1.4853999415877394E-018   1.1369402133172530E-017  -3.3067346650948185E-017  -1.5443470681033138E-018  -1.3376250130538863E-017   3.0685805045158414E-018  -2.6089509228121536E-017  -7.9172759367705079E-017  -1.2961391752000210E-002   7.4191016570706405E-010  -1.7502795241941097E-009   2.5922785788165131E-002  -1.1139813738223890E-009  -1.2961394036169055E-002   1.1676038739824340E-014   1.7993899406166599E-015  -7.2867629149230841E-016   6.2347003809782023E-009   2.6258875401331468E-018  -4.5424138265441000E-018  -1.7493402766287273E-017   2.5489792158243787E-019   2.3131518282045422E-017  -8.4873057723532837E-018  -3.2827182096611479E-018  -2.6023831011371165E-017  -8.4968364466669679E-019  -1.8653861106279148E-017   1.1728613047366528E-008  -7.5382946537236493E-009  -2.7601544995145856E-015  -4.1567497179074384E-016   1.6912267873464550E-016   2.0304242991487917E-009
  -8.3022550013548267E-018  -1.7178287075023109E-017  -3.1539573776371768E-018  -1.4214723434164427E-008   2.2602273110095140E-011   2.2180570152948517E-011   5.4302832558747472E-011  -2.3903281198822454E-011   4.0018382928324616E-004   1.3011420871437193E-012  -4.4847145748120788E-018  -3.9061203572339236E-018   2.2936654681050170E-017  -2.0257835105766250E-008   4.0459685479244110E-011   1.2988958372649224E-010   2.9984326362248076E-010  -8.1844685636936550E-011   3.9654748016335331E-003   4.1384971642096544E-011  -3.1110736425310326E-017   2.5094732938633611E-017   2.1343656763128566E-017   2.2738811108305225E-018   5.8710493716247802E-018  -3.2692194427427117E-017   3.3951962831063022E-018   5.2099266587324455E-018   7.1993693850022984E-018  -3.4996392808653221E-019   5.0404614446801951E-018   1.6915483636409219E-018  -2.0047900389337566E-017   2.0039326138403220E-010   5.8424824473368265E-010   1.7632485090358342E-009  -4.2653078852211546E-010   2.5922788252297695E-002   2.2613681273141941E-010  -5.7683412399020331E-016   8.0524467748527403E-016  -6.4380583824976512E-016   8.1019086215544815E-009   3.9699570286896530E-018  -9.2757216854553056E-018   1.7205995520515003E-017  -4.4488509569781780E-019  -9.9033220657145481E-018   5.9756670867279007E-018  -1.0106849024756352E-017  -3.7221039221552983E-018   6.3756678186935221E-018  -3.7714735981094677E-017   1.5330485335130536E-008  -9.8350568459480549E-009   1.3731363018922369E-016  -1.9168859236354540E-016   1.5188839440709881E-016   2.6482010437592001E-009
  -3.6457101995088378E-016  -6.4722746914654719E-016   1.0371256398427216E-016   1.4318548252395574E-008  -2.0009192536856894E-004  -2.0074370634313013E-011   4.4568055656753188E-011  -2.0009191137315761E-004   1.3011420871437193E-012   4.0018383674155075E-004  -2.0503791736969468E-016  -3.8763892871129412E-016  -3.3980220859192955E-019   2.0579304614333078E-008  -1.9827374570254765E-003  -2.1209927933789366E-010   2.5968524313692898E-010  -1.9827373729042834E-003  -9.9826531065406777E-012   3.9654748299304231E-003   7.0952436742556101E-017  -2.8172920813204304E-016   3.1100311027981645E-017  -1.0035225090244471E-017   2.7118740099911963E-017  -9.0026169787477802E-018   1.3025948096723523E-017   2.4782568048159086E-017   8.9521402492855596E-018   1.8031319012678368E-017   2.5832963792224970E-018   1.4958961398283136E-017   6.1124598020235099E-017  -1.2961394489960034E-002  -1.0770163300686732E-009   1.7750556439176276E-009  -1.2961394008289426E-002  -1.5385155789034170E-010   2.5922788498253888E-002   1.1926768596380252E-014  -1.7093214159556690E-015   2.4704324132428929E-015  -8.1825492498109336E-009   1.2108825782712442E-017   1.8735404123132874E-018   8.5782576244911594E-018  -8.2965022435553082E-018  -2.0472263001097395E-017  -2.0439695866269803E-018  -4.2744337681316323E-018   1.8159508848973113E-017  -1.4668817396105508E-018   1.2881074864246324E-017  -1.5624701949956268E-008   1.0017033210976078E-008  -2.8193010415614883E-015   4.1687438506193599E-016  -5.8512983344201306E-016  -2.6979474747758161E-009
   6.8529685988324054E-002  -5.7773853409272843E-009  -4.9050047632751824E-009   1.2109594555886121E-015  -1.8603821954966930E-016  -5.6434081845677710E-018  -1.3891336743309365E-017  -1.7172083764685822E-016  -4.4847145748120788E-018  -2.0503791736969468E-016   3.4496418894409485E-002  -1.0702971579798669E-008  -9.5258295827841685E-009   1.8085290972993306E-016  -3.6951151990872257E-018  -3.7826379425749155E-017  -8.2277116968240886E-017   5.8968737478705395E-017  -1.7524106485583303E-017  -2.6121183929923003E-016   2.2742963883629619E-002  -4.0797484088514256E-009  -3.4485405439180900E-009   3.5009238554102219E-010  -3.4829330842689464E-010   3.9740195851411472E-010   1.4041299714748590E-011  -1.6008388267006307E-010  -4.8373262495991199E-010   3.1070226128503983E-010  -2.2154965941778677E-010  -6.8557296906321774E-011  -1.3107247858656932E-010   5.3268874342366058E-016  -2.5082830103264529E-016  -5.4696439635723875E-016   9.4854621247177761E-016  -1.2521879096419551E-016  -1.1499654751200110E-015  -2.9151871841781286E-002   5.6062868008894238E-009   4.9777226506325029E-009  -2.8891341005459230E-015   5.1209822430294363E-011  -6.5972216641613207E-011   7.2891518201307511E-011  -1.2646674407987199E-011  -5.1958945723825273E-011  -5.6055849375372713E-011   5.4893101126670456E-011  -3.6902083343692553E-011  -7.6744206129376285E-012  -2.6824842376022846E-011  -5.3281637940887003E-015   5.0777485357578922E-015   5.7982096801403741E-003  -1.1058246072822674E-009  -9.8706341399999439E-010  -1.5257573450246088E-015
  -4.6448549044749533E-009   6.8529680682675606E-002  -7.8883537267141746E-009   3.1020312473953645E-015  -3.2536001266429051E-016   5.8084782252234696E-018   1.2817198887144039E-017  -3.0886871474355386E-016  -3.9061203572339236E-018  -3.8763892871129412E-016  -1.0702971579798669E-008   3.4496407511702021E-002  -1.6165841167495418E-008   2.3342114524938199E-015   1.7665019579171410E-017   2.8417474244523047E-017   8.7415699494511474E-017   9.0759186225739118E-017   1.9051612477899663E-017  -5.9369572994785446E-016  -3.8517119108272503E-009   2.2742959228021959E-002  -6.5297695385884518E-009   1.1177000603260858E-010  -9.1371108202302564E-011   3.4526382890971211E-010   9.7280943334196445E-011   4.7724777134636267E-010  -2.4723478442055305E-010  -9.9580197315497585E-014   5.7176418922066481E-010   9.1508725527753726E-011  -6.8351207513964752E-010   1.0615446017647815E-015   1.8563233268576357E-016   5.7859658171007147E-016   1.5609742403909131E-015   1.1911945480371898E-016  -2.9572548989105365E-015   5.3609571265295033E-009  -2.9151867666756415E-002   6.6604827535176838E-009   1.4777217612780838E-015   3.4785810034272498E-011  -1.4489109458856537E-011   6.8343380111770499E-011  -4.1529890721603317E-012   8.2305800099977447E-011  -4.2516521231536862E-011  -1.3829270924404534E-011   3.9092569644189689E-011   3.3042755065469158E-011  -8.0077889913771287E-011   3.0415952912695186E-015  -3.6120807759811970E-015  -1.0568898670790359E-009   5.7982089329543041E-003  -1.2350803828221410E-009   1.1339942032533732E-015
  -4.5048731353490793E-009  -7.3267801488799613E-009   6.8529696532448447E-002  -1.5269671737097763E-016   6.2659309675445619E-017   4.2950173961196553E-017   2.3870309461708410E-017   6.6568632533378272E-017   2.2936654681050170E-017  -3.3980220859192955E-019  -9.5258295827841685E-009  -1.6165841167495418E-008   3.4496440925170561E-002   1.0615280890443017E-016   1.2569831623793951E-016   4.6436582332063006E-016   2.1311635789777221E-016   2.1966635140413269E-016   3.3508821303130419E-016  -4.5474184642928524E-016  -3.3761323583236173E-009  -6.4199427786045348E-009   2.2742972389902728E-002   4.0863250787491363E-010   2.8530946333948969E-010  -4.2101593821764102E-010  -9.1524365352083538E-011   2.9974377887421316E-010  -4.5671336864232890E-010   2.0433413214349587E-010   1.5749255373050425E-010  -5.5945304508506476E-010   1.9642638226887806E-010   9.7825280486335525E-016   3.0370320297335626E-015   1.4018705075069642E-015   1.5813259379950709E-015   2.1691996502695769E-015  -2.8169750529136431E-015   4.9007048357182103E-009   6.5580550307579741E-009  -2.9151881514751486E-002  -3.0393712601387588E-016   5.8029690556330752E-011   5.1609363942860054E-011  -6.5058907017175283E-011  -1.8959811021572336E-011   3.8372756227070559E-011  -5.8895002532249955E-011   5.0831516606055121E-011   2.1689499400986040E-012  -1.1980700114077711E-010   4.6878847176748215E-011  -1.1381431004028370E-015   9.6228439723751514E-016  -9.7183332407256444E-010  -1.2152695584674210E-009   5.7982115154144882E-003  -2.8513025984544500E-016
  -1.2573812037637324E-015  -2.3942600497068238E-015  -1.0822439517066616E-015  0.75090547729814672       -5.1374960339943497E-009  -8.1548262798167899E-009  -5.3364287754294817E-009  -1.5441376233676405E-008  -2.0257835105766250E-008   2.0579304614333078E-008   1.8085290972993306E-016   2.3342114524938199E-015   1.0615280890443017E-016   1.1163576933677100        3.9025426672952010E-009   3.4242794337950176E-009   2.8411575735421213E-009  -2.2969708821729108E-009  -1.3761083295580932E-009  -1.6052659590196251E-009  -2.7183339658205280E-015  -3.3384828445805799E-016   1.4854294475610232E-015   1.0312018651280246E-015  -1.6255908632478336E-016  -3.6796755292891066E-016   6.5721398511098618E-016  -2.3116738028941354E-016   4.0979287337007076E-016  -6.5240887753101623E-016  -2.7494791119285377E-016  -1.2909976331370501E-016  -4.9556660480470959E-017  -8.3909375175492492E-009   4.7459644564658535E-010   5.9829381842068704E-009   3.4797503719920740E-008   3.3056045093181836E-008  -2.6406446423267295E-008   1.3581371974364794E-014   5.0166139026655888E-015   3.8089686772499042E-015 -0.43190297660789312        4.2403080624188505E-016   4.5396219848676009E-017   4.2776826249407122E-017  -4.5564421932554903E-017  -1.6874750498521626E-016   3.7851164670510267E-017  -2.8970533281984625E-016  -9.5279997707916425E-017  -2.8585893060075290E-016   1.1085936177656693E-016 -0.83670803225750801       0.53224339551539823       -3.1423914409999837E-015  -1.1945661475507118E-015  -9.7352237025872730E-016 -0.14307686184421436     
  -2.0018312799865701E-016  -6.4490163185610588E-016  -1.6677262597234593E-016   4.2597916872895638E-009   3.9654745513082604E-003  -3.0966537495108751E-011  -4.0174275463899381E-011  -1.9827370943043317E-003   4.0459685479244110E-011  -1.9827374570254765E-003  -3.6951151990872257E-018   1.7665019579171410E-017   1.2569831623793951E-016   3.9025426672952010E-009   3.9294418403067882E-002   5.7669637298016512E-010   6.0871511503040757E-010  -1.9647209855741917E-002  -1.6605692473301220E-010  -1.9647208547341980E-002   6.0890769773393565E-017  -1.3617030571922041E-016  -5.5965587090421501E-016   2.3907464491915897E-016  -9.5285420411947568E-017   7.4488990358616279E-017  -2.4173680286895049E-016   8.2094944121788040E-017  -7.3404721871426886E-017  -4.6127778683623866E-017  -5.6005306470283273E-017   1.1029406534833134E-016   1.7884185307772650E-016  0.25687236056609652        1.0552085531165842E-009   2.0455660156418352E-009 -0.12843618180497993        6.7606147300163545E-010 -0.12843617876111951        3.9427642806391511E-015  -4.6774626517877272E-015  -4.3917650237883018E-015  -2.0886891540520971E-009  -1.4600820632131912E-016   2.6446350324292750E-017   8.8341360829238194E-017   7.9685462297839242E-017  -2.6350707184243722E-017   1.0435566140880964E-016   7.4884736257447888E-017   7.7928649619400276E-017   2.2955129535627990E-017   5.7203343104042381E-017  -2.8762468254934166E-009   1.9469875368793928E-009  -9.3266054485948075E-016   1.1058278814347980E-015   1.0488836067682145E-015  -5.2353861731175119E-010
   4.1799774400453004E-017   1.1842668872012745E-016  -2.5180901867383269E-016   2.1775854847926880E-009   9.3169834859880801E-011   3.9654746039839020E-003  -2.5291835415849159E-010   1.1892859910912595E-010   1.2988958372649224E-010  -2.1209927933789366E-010  -3.7826379425749155E-017   2.8417474244523047E-017   4.6436582332063006E-016   3.4242794337950176E-009   5.7669637298016512E-010   3.9294418155733202E-002   6.3165373583034249E-010   1.2734344829580177E-010   5.9032782699164546E-010  -7.0403938581465496E-010   9.1656174859330587E-017  -1.0707116011288879E-015   8.7997152482038261E-017   3.6300550088572303E-017   1.3513545755122955E-017  -9.2541694605708731E-017  -1.2514005649242380E-016   1.5718444202592251E-016   1.4100771444636392E-016   3.3274246009980541E-016  -7.8157382256955135E-017   3.4046978828298002E-016   1.5759502235897146E-017   2.3504020136588541E-009  0.25687235981704210        2.9144098245209417E-009   2.1658019695825105E-010   2.1902503073267217E-009  -2.5669791606223088E-009   6.9037675830726432E-016  -2.4474899708834937E-015   1.9583404072210888E-016  -1.1084179482817299E-009   2.4737682014856636E-017   1.9146269041154301E-016   4.1986409233401981E-017  -2.8553205655288708E-017  -3.4158227933914496E-017   8.9835962504847362E-018   2.9546413934343473E-016  -1.6728845686012993E-017   3.7886125155063213E-017  -1.4813492132734986E-016  -2.9926666764383793E-009   1.8529019076801109E-009  -1.6721798398034112E-016   6.0069104387215828E-016  -5.0611874000389344E-017  -5.0043984971990334E-010
   1.0628838607193187E-016  -8.3540839196911231E-017  -8.6342432344578373E-017   5.4411645867036458E-010   2.6060076188068159E-011  -2.9037631223825198E-010   3.9654749425721038E-003  -2.8574638334218224E-010   2.9984326362248076E-010   2.5968524313692898E-010  -8.2277116968240886E-017   8.7415699494511474E-017   2.1311635789777221E-016   2.8411575735421213E-009   6.0871511503040757E-010   6.3165373583034249E-010   3.9294417584022114E-002  -5.7177109394641685E-010   3.3784138191256378E-010  -3.6944497567501853E-011  -4.8329600435317390E-017   7.9678507666932291E-017   4.9279530968492589E-016   8.8641272307932672E-017  -4.9385724150470452E-017  -7.9184050275119293E-017   6.4751544554157298E-017   6.1081249056131041E-017  -4.5981840752147411E-018  -1.0128061970313242E-016  -1.9899503204363643E-016   4.1409809901737089E-017  -1.9337637025562139E-016   1.5718006112717947E-009   9.8953748884724861E-010  0.25687235802394998       -7.0195425867118531E-010   1.5850343748898088E-009  -8.6984634403163207E-010  -1.0204849613614339E-016   2.5481370109550585E-016  -3.8384538526100110E-016  -6.8283039056882656E-010   4.9993923935276059E-017  -1.9373149406674785E-017  -1.1892902806676690E-016  -1.2529183146060859E-017  -9.5565847657133202E-018   4.3435865298208722E-018   1.7461684227392861E-018  -7.4726308943735215E-019  -5.9148590273541073E-017  -1.2861770367306513E-016  -2.0950901658242113E-009   1.2566787430000058E-009   2.6413741715294507E-017  -6.4475326686876191E-017   7.7358584003874098E-017  -3.3702189445796716E-010
  -1.2190386619457206E-016  -3.5505173637834008E-016  -1.8321746000184735E-016  -7.8861328422286799E-009  -1.9827371130152751E-003   8.8834877627327427E-011  -1.3804400980474877E-010   3.9654744859428485E-003  -8.1844685636936550E-011  -1.9827373729042834E-003   5.8968737478705395E-017   9.0759186225739118E-017   2.1966635140413269E-016  -2.2969708821729108E-009  -1.9647209855741917E-002   1.2734344829580177E-010  -5.7177109394641685E-010   3.9294418481434633E-002  -1.7316212595674617E-011  -1.9647208625683265E-002   1.7477108875470828E-017  -2.6530518465752119E-017   9.0312053910733079E-016  -1.3963408752363932E-016  -1.7343776319621816E-016   1.4719014613012632E-017   1.1266105948721995E-016  -3.2766877647736621E-016  -1.5303113926003762E-017  -1.3254712974687581E-016   3.0406972706089382E-017  -2.5852444661673349E-016  -7.8453357328735270E-016 -0.12843618274231627        4.8028130861657575E-010  -2.5716401549187907E-009  0.25687236081726600       -9.9689888250909803E-010 -0.12843617807499069        4.6642111476930898E-015  -4.8492916681999260E-015   5.2033099806405075E-015   3.2067671761196618E-009   2.6020334975210126E-017  -4.5011451878869752E-017  -1.7334444970397069E-016   2.5257335455413612E-018   2.2921318243857687E-016  -8.4101766249869398E-017  -3.2528944349649875E-017  -2.5787366136935531E-016  -8.4196187235493929E-018  -1.8484361221967414E-016   2.6831679110860107E-009  -2.3000387872831104E-009  -1.1033949318726914E-015   1.1525658167206605E-015  -1.2531843224820303E-015   6.4053578826865473E-010
  -2.9169727631529220E-017  -5.4983905719539662E-017   1.8246875737322139E-016  -6.7496034859595374E-009   1.6675030160797119E-010   1.4947326369550636E-010   2.7234366043237551E-010  -1.5676632061527145E-010   3.9654748016335331E-003  -9.9826531065406777E-012  -1.7524106485583303E-017   1.9051612477899663E-017   3.3508821303130419E-016  -1.3761083295580932E-009  -1.6605692473301220E-010   5.9032782699164546E-010   3.3784138191256378E-010  -1.7316212595674617E-011   3.9294417344572022E-002   1.8337285481983516E-010  -1.9685264390743016E-016   1.6078356578148389E-016   3.9425029914696870E-016   2.2532366524395977E-017   5.8176981315930755E-017  -3.2395136146471046E-016   3.3643568945065791E-017   5.1625804987135605E-017   7.1339577924335769E-017  -3.4679573630658435E-018   4.9946570948170772E-017   1.6761740845747417E-017  -1.9865732525235754E-016  -1.7206816613491132E-009   1.2345506785377235E-009   2.5776458592069566E-010   9.6192974089147890E-010  0.25687235735331743        7.5874484132223969E-010  -1.1541005805980348E-016   3.6970216823681504E-016   2.3272800598572085E-016   2.8527174912110803E-009   3.9338906557000507E-017  -9.1914354131064059E-017   1.7049651515383130E-016  -4.4084324587882099E-018  -9.8133352918661836E-017   5.9213682696396864E-017  -1.0015018179958178E-016  -3.6882847195864403E-017   6.3177307661976541E-017  -3.7372031055118972E-016   1.8360988434453546E-009  -1.7928735890836521E-009   3.3050689766523976E-017  -9.8639081557378251E-017  -6.4808613757240908E-017   5.0550401552249955E-010
  -8.7884805289044708E-017   3.6427304766442617E-017   1.3246696797207023E-016   3.6265460935002985E-009  -1.9827374382946016E-003  -5.7868296188908498E-011   1.7821823718193599E-010  -1.9827373916375631E-003   4.1384971642096544E-011   3.9654748299304231E-003  -2.6121183929923003E-016  -5.9369572994785446E-016  -4.5474184642928524E-016  -1.6052659590196251E-009  -1.9647208547341980E-002  -7.0403938581465496E-010  -3.6944497567501853E-011  -1.9647208625683265E-002   1.8337285481983516E-010   3.9294417173031816E-002   3.0206378650548380E-018  -2.8401564164998090E-016  -3.5575073540782973E-016  -9.9440560810943851E-017   2.6872318774615421E-016  -8.9208009634896216E-017   1.2907574080722867E-016   2.4557382725831621E-016   8.8707842955455066E-017   1.7867490378208643E-016   2.5598326848699505E-017   1.4823038336675779E-016   6.0569172883981257E-016 -0.12843617782388494       -1.5354870150622729E-009   5.2607102444046271E-010 -0.12843617901222429        3.2083556272975224E-010  0.25687235683615312        4.6019304115981329E-015   2.3267254624158122E-015   2.8718139540598767E-015  -1.1181663513587001E-009   1.1998787290107359E-016   1.8565107835210004E-017   8.5003091928429351E-017  -8.2211191363981246E-017  -2.0286246181395901E-016  -2.0253901724070524E-017  -4.2355804451443521E-017   1.7994500661699550E-016  -1.4535500263659980E-017   1.2764027066536221E-016   1.9291513450092071E-010   3.5313559839742372E-010  -1.0864781020458993E-015  -5.3714689470015844E-016  -6.6476262429688541E-016  -1.1701788439552997E-010
   4.5177874121758096E-002   2.5653570258484667E-009   2.5373053660970166E-009  -2.0340408021893873E-015   7.8558638328135319E-018  -7.3704424352239183E-018  -8.4752381882494717E-018   6.8806592426597356E-017  -3.1110736425310326E-017   7.0952436742556101E-017   2.2742963883629619E-002  -3.8517119108272503E-009  -3.3761323583236173E-009  -2.7183339658205280E-015   6.0890769773393565E-017   9.1656174859330587E-017  -4.8329600435317390E-017   1.7477108875470828E-017  -1.9685264390743016E-016   3.0206378650548380E-018   1.5677040543395269E-002  -5.4279775249048421E-010  -3.3258332527585970E-010   2.3583309298067158E-010  -2.2254576387301850E-010   2.6293033842320816E-010   5.8199920605377625E-012  -1.0093093039600826E-010  -3.2221681361140418E-010   2.0083269580806375E-010  -1.4575635240972428E-010  -4.6899430738522685E-011  -8.7336280763163971E-011   2.7806732750952647E-016   5.1245196058868826E-016  -3.1273669159421964E-016  -5.2172155538598455E-017  -1.2690018266821256E-015  -1.4608293068129187E-016   2.1774143119804995E-002   1.9894484969509725E-009   1.6215408544167061E-009   2.1637852480959352E-015   3.8947273517214299E-011  -2.3843743561735757E-011   4.8911394844878716E-011   1.5306810691849280E-011   6.9244505220770506E-012  -6.7557223520201483E-011   2.5145045630553465E-011  -2.1254735422927124E-011  -9.8917666860410005E-012  -2.0613999554303750E-011   4.3848775209916455E-015  -3.5100308012117257E-015  -5.8885621403674728E-003  -4.2839941678015334E-010  -3.5128989407390842E-010   1.0160275968199835E-015
   2.8587642999469334E-009   4.5177876363656770E-002   3.3032138088857708E-009   8.7902691664176605E-016  -2.1095975877117700E-016  -3.2314330079796835E-017   7.0153704290029132E-018  -1.7869502084139942E-016   2.5094732938633611E-017  -2.8172920813204304E-016  -4.0797484088514256E-009   2.2742959228021959E-002  -6.4199427786045348E-009  -3.3384828445805799E-016  -1.3617030571922041E-016  -1.0707116011288879E-015   7.9678507666932291E-017  -2.6530518465752119E-017   1.6078356578148389E-016  -2.8401564164998090E-016  -5.4279775249048421E-010   1.5677039491064460E-002  -1.3477755227789325E-009   7.3456009196947776E-011  -5.7500191072991499E-011   2.2703170883979658E-010   6.5833871546759909E-011   3.1426019732084515E-010  -1.6438454658613755E-010   2.2732114836813242E-012   3.7614873395381405E-010   5.4451952358341504E-011  -4.4958402573085238E-010   2.5509126271494156E-016  -6.7076511810862108E-015   4.9500480986502351E-016   1.0359437171227893E-015   9.8328013264604167E-016  -1.5357533039370590E-015   2.0466852498202849E-009   2.1774147582238508E-002   5.6762637624712974E-009  -1.9296126201309984E-015   1.6521666199398417E-011  -1.5967211139908107E-011   3.2725060945392436E-011   1.4603013268829280E-011   5.2378805116097538E-011  -3.6768790484663214E-011   2.5370601411202355E-011   7.3135023418621240E-011  -1.8072192104741775E-011  -7.8903378074513805E-011  -4.7431053185422820E-015   4.3547373396079211E-015  -4.4067812072235871E-010  -5.8885631326232295E-003  -1.2581078543445371E-009  -1.3159397486711152E-015
   2.6574054965156121E-009   3.4558256406341846E-009   4.5177869034822592E-002   6.1739995893194006E-016   1.3229677434257448E-016   5.3797932289425055E-018   4.5533294218498294E-017   1.0014995162002524E-016   2.1343656763128566E-017   3.1100311027981645E-017  -3.4485405439180900E-009  -6.5297695385884518E-009   2.2742972389902728E-002   1.4854294475610232E-015  -5.5965587090421501E-016   8.7997152482038261E-017   4.9279530968492589E-016   9.0312053910733079E-016   3.9425029914696870E-016  -3.5575073540782973E-016  -3.3258332527585970E-010  -1.3477755227789325E-009   1.5677041999241321E-002   2.6828866998884080E-010   1.8736603893897197E-010  -2.6814821900249259E-010  -6.0392333012431795E-011   1.9846657420373778E-010  -2.9955448256761000E-010   1.2971326567271815E-010   1.0448093558294702E-010  -3.6139503033609465E-010   1.2199665027059852E-010  -3.0991732006610675E-015   5.5637778802397126E-016   3.2511287858401900E-015   5.3795179362579814E-015   2.5525312770037393E-015  -2.6244141144233640E-015   1.6095592124157073E-009   5.6484465618108475E-009   2.1774136356604638E-002  -7.1902008701835721E-016   3.4771722886151299E-011   1.5843511722845027E-011  -2.3683938616549646E-011  -1.2656207781569288E-011   3.6322418098716087E-011  -3.3994830946451662E-011   6.8594968485493722E-012   3.5887927129909649E-011  -2.5046515501520088E-011  -9.0938560942708800E-012  -2.6553353084917823E-015   1.9411462726008104E-015  -3.4812826829072315E-010  -1.2509569998116242E-009  -5.8885606423317791E-003  -5.6053754758070637E-016
   6.9546473546365758E-010   2.2204080553881822E-010   8.1178293062267529E-010   6.9493813273413170E-016   2.4126687383988499E-017   3.6633330683202290E-018   8.9454058425310454E-018  -1.4091466267744550E-017   2.2738811108305225E-018  -1.0035225090244471E-017   3.5009238554102219E-010   1.1177000603260858E-010   4.0863250787491363E-010   1.0312018651280246E-015   2.3907464491915897E-016   3.6300550088572303E-017   8.8641272307932672E-017  -1.3963408752363932E-016   2.2532366524395977E-017  -9.9440560810943851E-017   2.3583309298067158E-010   7.3456009196947776E-011   2.6828866998884080E-010   8.7944670548435865E-018  -3.9875851231832466E-019   1.5620173443703905E-019  -6.5223983248172934E-019   3.5049728225047798E-018  -1.1146683681765461E-017   5.5512605935946639E-018   1.4711951952633971E-018  -7.0490303510414565E-018  -1.2128997702232428E-018   1.5628598047503852E-015   2.3730103754319106E-016   5.7945868713491428E-016  -9.1280482388293458E-016   1.4729685109287648E-016  -6.5005498236493101E-016   5.6168644419791205E-012  -1.0839981472599016E-010  -4.1233938491887126E-010  -4.4992044923820140E-016   1.3658332883045855E-018   7.1289850785272376E-020   1.6960531048331162E-019  -1.9815412824322425E-019   4.7937282258424325E-019  -1.6342645462272046E-018   1.0650288224815262E-018  -2.7198886298995558E-019  -1.5001746836039867E-018   7.6354041455610243E-020  -8.8408006881075949E-016   5.9608331119300451E-016  -1.2573038193308229E-011   2.2090320512126803E-011   8.4559557811885668E-011  -1.6357031559587230E-016
  -6.9193836055633648E-010  -1.8152630604142897E-010   5.6679076509589666E-010  -1.2095801286157330E-016  -9.6159143283476092E-018   1.3637484413438263E-018  -4.9838569395728359E-018  -1.7502811123522212E-017   5.8710493716247802E-018   2.7118740099911963E-017  -3.4829330842689464E-010  -9.1371108202302564E-011   2.8530946333948969E-010  -1.6255908632478336E-016  -9.5285420411947568E-017   1.3513545755122955E-017  -4.9385724150470452E-017  -1.7343776319621816E-016   5.8176981315930755E-017   2.6872318774615421E-016  -2.2254576387301850E-010  -5.7500191072991499E-011   1.8736603893897197E-010  -3.9875851231832466E-019   6.2034134508845502E-018  -8.4118500854880155E-018  -1.1851666844576206E-018   2.8766173355097779E-018   1.7201066464389982E-018  -1.4735510652908777E-018   2.0242682601593442E-018  -4.2264591385785233E-018   4.7610826041606717E-018  -6.2289232311681135E-016   8.8339705090785368E-017  -3.2284044689482383E-016  -1.1337836485361650E-015   3.8030994895367577E-016   1.7566759657209910E-015   7.1922478722353908E-010   2.4164458645571122E-010  -2.8516744617182764E-010   5.1412662556963069E-016  -9.7458623972634831E-020   1.3288006698131079E-018  -1.5163039136074212E-018   2.9667436161596134E-019   1.0313894017524366E-018  -1.6593547983625417E-019  -4.4685730603940526E-020   4.7177711733984520E-019  -1.2688537548234643E-018   7.7857102949816264E-019   1.1063859593318466E-015  -1.0022262868568523E-015  -1.5919736647688919E-010  -5.4310641286918129E-011   5.8393180364941196E-011   2.9891992257079159E-016
   7.8946467525538656E-010   6.8589452536859912E-010  -8.3641578353858138E-010  -2.5371337446213602E-016   7.5172019200145926E-018  -9.3390270684528535E-018  -7.9910170815713325E-018   1.4853999415877394E-018  -3.2692194427427117E-017  -9.0026169787477802E-018   3.9740195851411472E-010   3.4526382890971211E-010  -4.2101593821764102E-010  -3.6796755292891066E-016   7.4488990358616279E-017  -9.2541694605708731E-017  -7.9184050275119293E-017   1.4719014613012632E-017  -3.2395136146471046E-016  -8.9208009634896216E-017   2.6293033842320816E-010   2.2703170883979658E-010  -2.6814821900249259E-010   1.5620173443703905E-019  -8.4118500854880155E-018   1.3303824343001374E-017   2.2455596622001019E-018  -7.0748182818751831E-019  -2.4550342590341863E-018   1.0080214636777307E-018   1.2582686115057900E-018   7.0594980090588683E-018  -1.0854016246510188E-017   4.8694357635256072E-016  -6.0495621377995311E-016  -5.1763568900419608E-016   9.6219957763237358E-017  -2.1177092259309801E-015  -5.8316353308145404E-016  -2.8005306951912786E-010  -3.2751573587763418E-010   9.2127705845790485E-010   3.8340125333613231E-016   1.9442596165729578E-019  -1.7533735399745096E-018   2.5946522833721697E-018   5.9036730807389494E-020  -3.3377794670865053E-020  -3.1985113625917602E-019  -5.3918540353358543E-019   3.7789923677891411E-019   2.4767666833059676E-018  -2.2156459064032843E-018   8.0171527422761436E-016  -6.6940220067091258E-016   5.3582002471567405E-011   6.6500050391017225E-011  -2.0472757601987063E-010   1.9570753102447145E-016
