 1.2075402207095376E-006 -6.4138922952871723E-019 -1.9359467405089068E-018 -1.8563551740252538E-017 -1.2625732853845522E-018 -5.8928803936397661E-018  2.7640952510754555E-017 -1.1765738218207726E-017  3.2502163776789818E-017  1.7375341052999546E-017 -1.6908703658882029E-017 -1.0003737676951264E-005  3.4640471169148457E-018  6.4430619924082023E-018 -1.7539383774478506E-017 -8.1623946605769045E-017  3.3217275906395755E-016 -1.6389403234422250E-016  3.6705232789680216E-016  1.8645803604296763E-016 -3.4755724469454785E-004  5.7638897994760691E-017  1.9289650714411635E-016  9.2224235479807155E-017 -4.0918526452635608E-017 -1.5806819984274290E-016  6.4639085533291338E-016 -3.1939756984132444E-016  7.1506342399679553E-016  3.6084657514356160E-016 -1.1866281975757369E-003  2.3243939325373623E-016  6.7545795345846936E-016  2.0441163120988232E-017  9.1746639795431680E-020  4.1385925235469518E-019  6.9121731531575475E-018  1.9602445658247731E-019  5.3571576770603103E-018  5.6585768366353798E-019 -9.9404985745579571E-020 -4.3590536922392415E-019  2.4952941647151692E-019  1.5244176427982237E-016 -6.2525611582178644E-017 -2.4808486614639125E-016  1.0165119540550321E-015 -5.0392205882636700E-016  1.1252245687637539E-015  5.6662802877372653E-016  6.7643725088127340E-016 -2.7364223061080589E-004  8.9841735396653521E-016  5.6646090677283864E-016 -7.0104933692770059E-016
-6.4138922952871723E-019  1.2075402207125123E-006  1.5248181237353508E-018 -5.0172900468030865E-016 -3.2879403153561207E-018  7.6100814032454441E-018  8.0158412523359316E-018  1.7568807157869488E-017 -1.8079661471078834E-017 -1.9225282045588899E-017 -5.1502689564816833E-016  6.6091863291884758E-018 -1.0003737676960361E-005 -5.6950260208640310E-018 -2.5177840092343041E-017  1.0534992081752763E-016  8.3996800247629336E-017  2.1857003053123125E-016 -2.1376889523201217E-016 -1.9355513039131573E-016  2.7572616499022064E-016 -3.4755724469493621E-004 -9.9041868456550929E-017  6.2173439369027016E-016 -4.8671094913635549E-017  2.0278583295445830E-016  1.6564408240620042E-016  4.2916977288752622E-016 -4.1551395841537309E-016 -3.7931764545076370E-016  8.6523399122490242E-016 -1.1866281975770525E-003 -3.8613860373071280E-016 -3.6111988362523881E-019  1.3497085461959091E-017 -1.9240943304601027E-019  6.7404642219784130E-019  1.1876656538186864E-019  2.2253361556502784E-020  2.5050092992850055E-017  4.9977973420427727E-020  7.1809191997724746E-018 -3.4985905729064788E-019  7.3021472495268217E-016 -7.5745426468850743E-017  3.1977741874092155E-016  2.5927077256768587E-016  6.7375175740929434E-016 -6.5342561018081200E-016 -5.9557601374632493E-016  3.1076934343418431E-016 -1.8974554458033041E-015 -2.7364223061149365E-004 -1.2569697886710692E-015 -1.9362085602033500E-016
-1.9359467405089068E-018  1.5248181237353508E-018  1.2075402207149226E-006  6.6379111919247522E-016 -4.7226426589795211E-017 -1.9525859841566340E-017 -9.8394369007645728E-018 -7.2213348094073643E-018  1.8312790770225656E-018  4.9907475391802417E-017  6.8743390865521432E-016  7.5507163896208671E-018 -3.7515089233894387E-018 -1.0003737676968128E-005 -5.3131545432975425E-016 -2.3219580437146637E-016 -1.1263498477610218E-016 -8.9924825882417919E-017  3.6653233500194152E-017  6.1629200530562556E-016  2.0293638866792076E-016 -2.5668486433593932E-017 -3.4755724469501335E-004 -8.8314233829873198E-016 -1.0342820147961299E-015 -4.5119713464814421E-016 -2.1726806353872597E-016 -1.7387545509308636E-016  6.8038285486089168E-017  1.2001297602344478E-015  7.2757080850534116E-016 -1.4506625067855941E-016 -1.1866281975774151E-003  4.7186944628042811E-019  1.2742764817084151E-020  1.2465743803331209E-017 -3.1134477262593548E-019  1.9168543915500198E-020 -3.6934398551986141E-019 -1.8008304603435522E-019  9.7473563805698962E-018  1.1240689141126517E-019  1.8054566229825107E-017 -9.2133254418424235E-016 -1.6244094114595256E-015 -7.1036404004509615E-016 -3.4203246317935987E-016 -2.7063882876790932E-016  1.0694318837734391E-016  1.8900516068201495E-015  2.7171294562200769E-015  1.0942886408214094E-015 -1.4618975517979866E-015 -2.7364223061378132E-004 -2.1626125493851525E-015
-1.8563551740252538E-017 -5.0172900468030865E-016  6.6379111919247522E-016  6.1140706433178704E-001 -2.0712988086376075E-014  1.1828789888577098E-016 -2.1442646673009435E-016 -2.2610426712664761E-014 -6.2848287575937110E-016 -1.8244571049738839E-014  6.4449925274278597E-001  4.0988956775845550E-017 -3.7253821759147558E-017 -2.2962850873662433E-015 -1.6920297667198759E-014  1.0181577797356074E-016  2.2198372046488247E-017 -1.2032825021630940E-014  1.2664572026476103E-016 -2.5966220924355015E-014  9.4308867973490955E-016 -1.4400386857520717E-015 -5.0327310793135804E-018 -2.7819408878284047E-001  1.6828344975145171E-014  4.1042293667943372E-016  5.1547518948380357E-016  2.2674264761192122E-014 -3.8765544521002377E-016 -3.8493760628319560E-016  3.2956836640787517E-015 -4.6098814414864084E-015 -1.3444074481623374E-015  1.4672953299856648E-017  2.5533580165411860E-017  8.9965879912760674E-018  1.8962154204685946E-017 -7.3441362161013408E-018  4.2844271913934074E-017  8.5377523492559209E-017  1.2708518554636633E-017  1.3640424604656313E-017  2.6643092988975997E-017 -2.0399018347151737E-001  2.5622214903542244E-015  6.1333943967434109E-016  7.1184180893430987E-016  1.2125314144408674E-014 -6.7028089455918902E-016 -2.1266560317806902E-014  9.6713269832536308E-002 -2.0508390646027113E-015  2.7985331991509178E-015  1.2820657480648831E-015 -2.7901355356478280E-002
-1.2625732853845522E-018 -3.2879403153561207E-018 -4.7226426589795211E-017 -2.0712988086376075E-014  6.3318781699631262E-004  4.8873801056573130E-018 -2.4350503167666626E-017 -3.1659390849798495E-004 -1.6212210610439629E-017 -3.1659390849821361E-004 -2.1731097961750177E-014  3.8298467125332471E-018  1.8814804204352945E-017  4.2597321975474132E-017  7.3699810296548414E-003  2.8813350360160784E-016 -2.9500463486967857E-016 -3.6849905148265238E-003 -1.1744620033450548E-016 -3.6849905148283344E-003 -4.2325876141584960E-016  8.0142188823389098E-016  6.0479189095148356E-016  2.2383686944854496E-014  1.4348987544094015E-002  5.7281111277841488E-016 -5.5860806431876159E-016 -7.1744937720448869E-003 -2.5402856901335472E-016 -7.1744937720483494E-003 -1.3639484552935301E-015  2.6677689439543465E-015  1.9983028994120754E-015  4.7771314033194067E-018  6.8737204418440531E-018 -5.2161240603701224E-018 -5.3131987907123669E-018  2.2081817616558782E-018 -4.2835010120589783E-018  1.5904476009993416E-017 -3.5098507094192855E-018  7.3373304503853853E-018 -1.0802789181709946E-017  2.5590253134927211E-014  2.2567246989706625E-002  8.8815131464583173E-016 -8.6451570728550012E-016 -1.1283623494850171E-002 -3.8977068100853899E-016 -1.1283623494855562E-002 -1.1543779019837414E-014  1.9973754138486786E-015 -3.5332108095315546E-015 -3.7775079002606281E-016  2.0548313762625719E-015
-5.8928803936397661E-018  7.6100814032454441E-018 -1.9525859841566340E-017  1.1828789888577098E-016  4.8873801056573130E-018  6.3318781699670283E-004  3.1767123653825280E-017 -4.2777704935183930E-017  3.8066719440800966E-017 -3.2322777267278058E-018  1.5881346573618751E-016 -3.1772077709132168E-018  2.6764104004031250E-018  4.8833798524852813E-018 -2.7583458520748319E-016  7.3699810296572535E-003  2.5835351924196078E-016 -1.6832238727829321E-016  7.4308506396837550E-017  3.8071759286822163E-016 -4.8305851340060106E-016  4.9797765672492748E-016 -1.0377851005291751E-016 -2.6050031270430318E-016 -4.4839891348572809E-016  1.4348987544097967E-002  5.3676139054311911E-016 -3.5187781508002083E-016  1.5835450355530033E-016  7.9266020830402676E-016 -1.6133996853408293E-015  1.6318409253735057E-015 -3.2637483104207365E-016 -3.5686811875363415E-018 -6.2410486891879422E-018  5.8703170696053851E-018  1.8935415780921561E-018 -6.9652915613129500E-019  1.0821739420830194E-018 -1.0302363754042728E-017  2.1983826563377078E-018 -5.7038328441982284E-018  8.5772548254304822E-018 -3.4577860097738064E-016 -6.8136685529857078E-016  2.2567246989713040E-002  8.2991102325827975E-016 -4.8951728087696928E-016  2.4932584209053426E-016  1.2893332235195643E-015  5.5214591710655351E-016  1.1268447383501555E-015 -4.1313850826365465E-016 -2.4487538276381662E-016 -1.5215379133770576E-015
 2.7640952510754555E-017  8.0158412523359316E-018 -9.8394369007645728E-018 -2.1442646673009435E-016 -2.4350503167666626E-017  3.1767123653825280E-017  6.3318781699651288E-004  4.1579153314819095E-017 -4.9994637404042186E-017 -4.5382331247981610E-017 -1.5409219497076972E-016 -1.5639777020940596E-018 -1.2857497469745149E-017  4.9201894509925747E-018 -2.7321894746591851E-017  8.0369874167244037E-017  7.3699810296560852E-003  1.7499023063900040E-016 -5.1359503943605439E-016 -2.4367443826600964E-016  3.0861509221350551E-017 -1.7373171216633977E-016  2.1819697150900547E-016  1.9174552225255438E-016  1.7875783318953359E-017  1.9015635555968119E-016  1.4348987544095845E-002  4.1031631217684935E-016 -9.9754392571818756E-016 -4.2468199096235623E-016  1.7595355853644695E-016 -5.7384680850733379E-016  6.5690641256655897E-016  4.1626138855130627E-018  1.8426528569001604E-018 -6.1291935342918011E-018  6.7443741871514653E-019 -5.1231539335585790E-019  1.3875029206531125E-018  2.3899681597518470E-018 -5.5251583979057903E-018  2.0099813045313128E-018 -1.2557342943051674E-017  1.6434155480925542E-016  6.9551569365097890E-017  2.8566694365909460E-016  2.2567246989709744E-002  7.0456878178924485E-016 -1.5404208941408393E-015 -6.1284527799709345E-016 -1.3007320861503112E-015  1.8673227629275524E-015 -5.0695096339603210E-016 -1.0282025303133097E-015 -3.0672066329161224E-015
-1.1765738218207726E-017  1.7568807157869488E-017 -7.2213348094073643E-018 -2.2610426712664761E-014 -3.1659390849798495E-004 -4.2777704935183930E-017  4.1579153314819095E-017  6.3318781699636152E-004  1.6608622029780493E-017 -3.1659390849843013E-004 -2.4193369775793514E-014 -1.5741863727269920E-017  2.4182122687981337E-017 -2.6273387423176833E-017 -3.6849905148262775E-003 -3.1365968850007305E-016  2.7447933249166198E-016  7.3699810296551259E-003  1.2153906353572370E-016 -3.6849905148288930E-003 -5.1772936676352602E-016  1.2894867084820920E-015 -3.6021642243985031E-016  2.3509725899327008E-014 -7.1744937720447854E-003 -6.4195610632868916E-016  5.2846724392334340E-016  1.4348987544094256E-002  2.4741493576139436E-016 -7.1744937720495585E-003 -1.8045256377763030E-015  4.0577272953834371E-015 -1.1655862910775062E-015 -1.2517394103525786E-019 -6.7392889985642701E-018  1.2667429142016747E-018  4.9983500018678432E-018  4.1582995195201085E-019  1.1759997912114575E-019 -1.5112017070217865E-017  2.8047212862580115E-018 -7.5494709820255131E-018  5.4939673260242491E-018  2.4508616131067988E-014 -1.1283623494849668E-002 -1.0149216536637211E-015  8.3938932193764339E-016  2.2567246989707277E-002  3.9161382470209005E-016 -1.1283623494857214E-002 -1.1003939674817377E-014 -1.8081956123365094E-015 -6.4972130373883552E-015  2.0162207137543990E-015  4.6132638566498020E-015
 3.2502163776789818E-017 -1.8079661471078834E-017  1.8312790770225656E-018 -6.2848287575937110E-016 -1.6212210610439629E-017  3.8066719440800966E-017 -4.9994637404042186E-017  1.6608622029780493E-017  6.3318781699652437E-004  5.4406620268038219E-017 -7.1687343180875257E-016 -3.5057765727441969E-018  7.2645225852794314E-018  5.2836248320296381E-018 -1.4365678785328545E-017  3.7518138552514506E-016 -6.4332152344116607E-017  1.0007186052049466E-016  7.3699810296561112E-003 -1.1058862159547767E-017  8.9831131532591562E-017  6.4853789766882473E-017  1.8016544461974620E-016  5.2475176610744038E-016 -1.4837306730444670E-016  6.8033008697129875E-016 -1.3204227208187456E-016  1.1796119636658063E-016  1.4348987544096019E-002 -3.1441863002461604E-017  1.9539744271121802E-016  1.4853049964668718E-016  5.9418142428793319E-016  1.6770248473236309E-019 -4.2915373328229877E-018 -7.0543947627826011E-018 -3.1937235901772827E-018 -1.3123259604291180E-018 -2.0533922417663145E-018 -4.2416115603152244E-018 -4.8783719990650141E-018 -7.0580763336169763E-018 -1.2158012327404279E-017  4.9670456100184727E-016 -2.6508743117240015E-016  1.0820202156137207E-015 -1.9472271017885892E-016  1.2598429244306061E-016  2.2567246989709903E-002 -1.1535911115305866E-016  1.0405299850847398E-015 -2.9839782014800793E-015 -1.0464643329674201E-015  1.6905010662531396E-015  1.5555664907720607E-015
 1.7375341052999546E-017 -1.9225282045588899E-017  4.9907475391802417E-017 -1.8244571049738839E-014 -3.1659390849821361E-004 -3.2322777267278058E-018 -4.5382331247981610E-017 -3.1659390849843013E-004  5.4406620268038219E-017  6.3318781699658302E-004 -1.7451828591443478E-014 -3.3972018057449453E-017  3.0407562539917982E-017  1.0500990987073259E-017 -3.6849905148272346E-003 -4.5300677271889542E-016 -3.0718158051935846E-016 -3.6849905148292265E-003  6.3393301025189934E-016  7.3699810296565214E-003 -8.3205953691845740E-016  1.0473580390069567E-015  4.9186470904859422E-016  2.2150423813987468E-014 -7.1744937720466407E-003 -8.6275387875560866E-016 -6.0780373789519471E-016 -7.1744937720505803E-003  1.2481335409645988E-015  1.4348987544096531E-002 -2.7239692513614734E-015  3.4597417505758824E-015  1.8576856193657101E-015 -4.6519574622071573E-018 -1.3443144336553854E-019  3.9493811461374580E-018  3.1484878887434987E-019 -2.6240117136169817E-018  4.1659010329672320E-018 -7.9245893993859510E-019  7.0512942315567222E-019  2.1214053158020516E-019  5.3088218556061386E-018  2.4735530978167975E-014 -1.1283623494852887E-002 -1.3386644223682686E-015 -9.7822141012476889E-016 -1.1283623494859014E-002  1.9511302296038003E-015  2.2567246989710615E-002 -1.3475077143475108E-014  2.7959494619039778E-015 -1.8973141576223441E-015  3.7294534652864457E-015  1.6638148512368381E-015
-1.6908703658882029E-017 -5.1502689564816833E-016  6.8743390865521432E-016  6.4449925274278597E-001 -2.1731097961750177E-014  1.5881346573618751E-016 -1.5409219497076972E-016 -2.4193369775793514E-014 -7.1687343180875257E-016 -1.7451828591443478E-014  6.8001476014384643E-001  7.1080828984506024E-017 -9.4941248865790821E-017 -2.3392842023066566E-015 -2.2046380052127354E-014  5.7044497434499651E-016  7.9695484545215020E-016 -2.1670253618842810E-014 -5.4667841957997942E-016 -1.1701645887839151E-014  2.0607464149193217E-015 -3.3259557491082670E-015  1.1040672817333109E-015 -2.7662279806826257E-001  7.3642668710930928E-015  1.3214187118085501E-015  2.0693495660778026E-015  3.8075846189481496E-015 -1.7746879421307157E-015  2.7333433095091126E-014  7.1354452970730717E-015 -1.0263792569119340E-014  1.7748444797095957E-015  1.3461412375793461E-017  2.7508715020110048E-017  1.4980507801446684E-017  1.8842180289670332E-017 -1.1671577070252343E-017  5.1588324326762262E-017  9.6554118334961292E-017  2.2313554131661248E-017  5.0852191918467471E-018  2.4859907023399290E-017 -1.9249790495876726E-001 -1.2074338343218525E-014  2.0517265793558282E-015  3.1541095814165859E-015 -1.6858052041724249E-014 -2.8588642013920501E-015  2.2987943578883130E-014  9.0462702704045633E-002 -3.8011547163620344E-015  2.3825478971883215E-014 -1.5532886117463294E-014 -2.7878581815039404E-002
-1.0003737676951264E-005  6.6091863291884758E-018  7.5507163896208671E-018  4.0988956775845550E-017  3.8298467125332471E-018 -3.1772077709132168E-018 -1.5639777020940596E-018 -1.5741863727269920E-017 -3.5057765727441969E-018 -3.3972018057449453E-017  7.1080828984506024E-017  9.6478748510600419E-005 -2.1985587178932650E-017 -6.9456701674853198E-018  1.3257230523614434E-016  1.0821585811347096E-016 -5.1235665330869587E-017 -1.1886019275339576E-017 -3.2896275927856269E-017 -1.7593215037081796E-016  3.5984907523840862E-003 -4.4463131093630527E-016 -1.8595422510842005E-016  8.9962734790244227E-017  3.0458287305947685E-016  2.0871714419007260E-016 -1.0933844474468009E-016  1.5109928773209426E-017 -5.5728391163631627E-017 -3.2030777697744367E-016  1.2063956668905473E-002 -1.5050894558443771E-015 -6.4279636301234334E-016 -1.9157365268584028E-016  1.4194012505564040E-019 -2.7696457214905510E-018 -6.0272501057846201E-017  1.2045918053676734E-018 -4.6278226166760312E-017 -4.3033621035098920E-018 -2.7706032135281685E-019  3.1997029547444809E-018 -1.4273910396836938E-018  7.0194674749894050E-017  4.7233497209860461E-016  3.1984251119490297E-016 -1.6843448127745585E-016  2.3535770785191143E-017 -9.3633001194849225E-017 -4.9436843508885549E-016 -1.5656289044795797E-015 -3.2043509418669147E-003  6.7350638954799526E-016 -2.0965759510438510E-017  1.9121235332338498E-015
 3.4640471169148457E-018 -1.0003737676960361E-005 -3.7515089233894387E-018 -3.7253821759147558E-017  1.8814804204352945E-017  2.6764104004031250E-018 -1.2857497469745149E-017  2.4182122687981337E-017  7.2645225852794314E-018  3.0407562539917982E-017 -9.4941248865790821E-017 -2.1985587178932650E-017  9.6478748510569356E-005  1.3447495070609272E-017  1.6949646678046157E-017 -1.2648735917940726E-016 -8.7725454858567214E-017 -1.5990887555943306E-017  8.6508541358885340E-017  5.0041039822906735E-017 -4.1660468477755355E-016  3.5984907523836794E-003  1.6772607608350734E-016 -7.0380599730959602E-016 -5.0898699655959611E-018 -2.3192827213315036E-016 -1.7399331188445643E-016 -8.8972344159722648E-017  1.5341998340978760E-016  8.5412947194055166E-017 -1.3804062060085409E-015  1.2063956668903785E-002  6.4314872871840044E-016  1.3998612110166679E-018 -1.2450807610877990E-016 -1.2421334528837909E-018 -2.6796941220377692E-018 -3.9274899545217735E-019 -1.7081185518504745E-018 -2.3920695951723995E-016  1.3208951191004116E-018 -6.3043997149440498E-017 -1.8826820632112740E-018 -1.0069444894651367E-015 -1.3504404991009305E-017 -3.7257597828862012E-016 -2.7147191454009518E-016 -1.4476278196647409E-016  2.4695104566600756E-016  1.1753399935659188E-016  2.4429861234082069E-016  1.3582884816898384E-015 -3.2043509418690341E-003  1.8363132195386993E-015  4.1318639846671953E-016
 6.4430619924082023E-018 -5.6950260208640310E-018 -1.0003737676968128E-005 -2.2962850873662433E-015  4.2597321975474132E-017  4.8833798524852813E-018  4.9201894509925747E-018 -2.6273387423176833E-017  5.2836248320296381E-018  1.0500990987073259E-017 -2.3392842023066566E-015 -6.9456701674853198E-018  1.3447495070609272E-017  9.6478748510608550E-005  3.1233052384191659E-016  8.9508056972185079E-017  8.8769356079281986E-018 -2.0968442186892166E-016 -2.1166772392110153E-017 -8.8672483620917991E-017 -2.9463194037290828E-017  1.3118846287074471E-016  3.5984907523842501E-003  3.0076716602011523E-015  6.2599731298792191E-016  1.7410557823590848E-016  7.2700823258842137E-018 -3.9234580880031184E-016 -2.2760127365094787E-017 -1.6520092782406562E-016 -1.1375991294803569E-016  5.5814727839553394E-016  1.2063956668905950E-002 -1.3355600128798076E-018  4.5374425362919701E-020 -1.1696610597654444E-016  8.0198360305816590E-019  9.7551223361468639E-019  1.6181506552652457E-018 -2.6136712491093001E-018 -9.1654823230931277E-017 -1.8221355276385712E-018 -1.6338271015714386E-016  3.4453301803786732E-015  9.7535186831087192E-016  2.8258333826281493E-016  6.8747668780115532E-018 -6.2896121846137389E-016 -2.8191684128214863E-017 -2.7265635194265655E-016 -4.7625950450482970E-015 -7.3343566463213437E-016  2.4180961052944225E-015 -3.2043509418669658E-003  2.9108669881867887E-015
-1.7539383774478506E-017 -2.5177840092343041E-017 -5.3131545432975425E-016 -1.6920297667198759E-014  7.3699810296548414E-003 -2.7583458520748319E-016 -2.7321894746591851E-017 -3.6849905148262775E-003 -1.4365678785328545E-017 -3.6849905148272346E-003 -2.2046380052127354E-014  1.3257230523614434E-016  1.6949646678046157E-017  3.1233052384191659E-016  8.5782794487640215E-002 -5.1976652148955083E-016 -4.5341334853313168E-016 -4.2891397243819566E-002  6.6136332521745124E-016 -4.2891397243820822E-002 -7.0148849697043093E-016  6.1241880307560993E-016  9.8532435093794256E-017  1.6707124229165351E-014  1.6701484639484515E-001 -8.7299958928421775E-016 -6.9855145973180989E-016 -8.3507423197417205E-002  9.9920072216522007E-016 -8.3507423197418884E-002 -2.5020968081358893E-015  2.8214428052991730E-015  7.1419071167688396E-017  5.5603356339942401E-017  8.0006576089879015E-017 -6.0713005432565683E-017 -6.1842905443306923E-017  2.5702101740772397E-017 -4.9857752079266018E-017  1.8511993335027171E-016 -4.0852859848124003E-017  8.5402758512156860E-017 -1.2573891853133712E-016  3.0613347289760814E-014  2.6267116602883356E-001 -1.5226535310368900E-015 -9.3588331528853369E-016 -1.3133558301441059E-001  1.6809470482255333E-015 -1.3133558301441262E-001 -6.7330744209320206E-015 -2.0228510393424422E-015 -6.4528122836934850E-015  4.0062703554974236E-015  4.3141453849384130E-015
-8.1623946605769045E-017  1.0534992081752763E-016 -2.3219580437146637E-016  1.0181577797356074E-016  2.8813350360160784E-016  7.3699810296572535E-003  8.0369874167244037E-017 -3.1365968850007305E-016  3.7518138552514506E-016 -4.5300677271889542E-016  5.7044497434499651E-016  1.0821585811347096E-016 -1.2648735917940726E-016  8.9508056972185079E-017 -5.1976652148955083E-016  8.5782794487643518E-002 -3.6450199412642213E-016  1.8474805019160238E-016  7.6219412727175699E-017 -4.0375688903441472E-016  9.6546768690170793E-017 -1.9348224719176795E-017 -2.2031995979045930E-016 -8.1447088286246008E-017  2.0166160409472419E-017  1.6701484639484293E-001 -3.2432552737261617E-016  7.7628875550168713E-017  3.0921445959567421E-016 -1.8735013540704338E-016  1.3961852649465957E-016 -5.5665655589303845E-016 -2.9426028911119985E-016 -4.1537616402617533E-017 -7.2642601783651752E-017  6.8327476113240809E-017  2.2039851580777758E-017 -8.1072416895686528E-018  1.2595948958289029E-017 -1.1991422353610464E-016  2.5588045186910251E-017 -6.6389685223869554E-017  9.9834841500508059E-017 -6.8136455433173360E-016  3.1051550220180470E-016  2.6267116602883239E-001 -6.6055017358793259E-016  8.6736173798874463E-016  4.8745729675387468E-016  2.0122792321091629E-016 -3.3302943854665563E-016  1.1002918013235921E-015 -1.0928252230469554E-015  1.5360477271602096E-015  1.1253356092082040E-015
 3.3217275906395755E-016  8.3996800247629336E-017 -1.1263498477610218E-016  2.2198372046488247E-017 -2.9500463486967857E-016  2.5835351924196078E-016  7.3699810296560852E-003  2.7447933249166198E-016 -6.4332152344116607E-017 -3.0718158051935846E-016  7.9695484545215020E-016 -5.1235665330869587E-017 -8.7725454858567214E-017  8.8769356079281986E-018 -4.5341334853313168E-016 -3.6450199412642213E-016  8.5782794487642033E-002 -4.0050428251614534E-016  4.8355416892853498E-017 -2.6411164921746888E-016  1.8139312298279057E-016 -1.4503353961696791E-016  2.6532907864584495E-016 -8.9078977697303881E-016 -5.5511151230515842E-017 -3.0937708991949511E-016  1.6701484639484182E-001  2.9923979957902419E-017  1.2007539059891329E-016  6.6786853827302547E-017  5.6771875929984839E-016 -2.3315633618762554E-017  4.1493419167178066E-016  4.8450688005307721E-017  2.1447532998914115E-017 -7.1340665221674791E-017  7.8501052108736027E-018 -5.9630880899309228E-018  1.6149821473723072E-017  2.7818002061861209E-017 -6.4310006423621077E-017  2.3395150201420604E-017 -1.4616102329973262E-016 -1.1763604837225539E-015  3.9681799513084197E-016 -6.5079235403556946E-016  2.6267116602883106E-001  7.3682379641687191E-016  5.1320709833996000E-016  7.4332900945950354E-016  9.3301482195907893E-016 -2.1533384671903033E-015  2.2985372989927313E-015  7.6561537831885867E-016 -9.0017817710619738E-016
-1.6389403234422250E-016  2.1857003053123125E-016 -8.9924825882417919E-017 -1.2032825021630940E-014 -3.6849905148265238E-003 -1.6832238727829321E-016  1.7499023063900040E-016  7.3699810296551259E-003  1.0007186052049466E-016 -3.6849905148292265E-003 -2.1670253618842810E-014 -1.1886019275339576E-017 -1.5990887555943306E-017 -2.0968442186892166E-016 -4.2891397243819566E-002  1.8474805019160238E-016 -4.0050428251614534E-016  8.5782794487640215E-002  3.2786273695961654E-016 -4.2891397243821169E-002 -1.0138239770437525E-015  1.3971090114350197E-015  7.3509057141700839E-018  3.3228861725375643E-014 -8.3507423197421590E-002 -1.3010426067618456E-018 -8.5044818410053209E-016  1.6701484639484154E-001  7.7021722333559364E-016 -8.3507423197420966E-002 -3.0439716356313015E-015  3.7071768812862742E-015 -1.6580213654854784E-018 -1.4569603935572463E-018 -7.8441863123955396E-017  1.4744237012236287E-017  5.8178227224866827E-017  4.8400471000580747E-018  1.3688033658808052E-018 -1.7589611824062671E-016  3.2645515466733700E-017 -8.7871965359789502E-017  6.3946958364432438E-017  3.0216101381713912E-014 -1.3133558301441350E-001 -6.4184768610851697E-017 -1.2407609661969624E-015  2.6267116602883100E-001  1.2351231148984887E-015 -1.3133558301441300E-001 -1.1767076952416749E-014  5.9325096875106034E-015 -6.0869628826553816E-015  5.7038971632170954E-015  6.8752529365968991E-015
 3.6705232789680216E-016 -2.1376889523201217E-016  3.6653233500194152E-017  1.2664572026476103E-016 -1.1744620033450548E-016  7.4308506396837550E-017 -5.1359503943605439E-016  1.2153906353572370E-016  7.3699810296561112E-003  6.3393301025189934E-016 -5.4667841957997942E-016 -3.2896275927856269E-017  8.6508541358885340E-017 -2.1166772392110153E-017  6.6136332521745124E-016  7.6219412727175699E-017  4.8355416892853498E-017  3.2786273695961654E-016  8.5782794487641104E-002 -1.2143064331837650E-016 -2.2634325645447507E-016  3.5800296031652211E-016  2.9732965183005210E-017  2.1192391834332278E-015 -1.0928757898401611E-016 -4.3216298594990643E-016  9.9746599829402320E-018 -2.6020852139455557E-016  1.6701484639484146E-001 -3.5041414215223664E-016 -6.7566676538623171E-016  7.9228053609811147E-016 -8.6675483668122416E-016  1.9519708022113739E-018 -4.9951290726035079E-017 -8.2109532403758257E-017 -3.7173302520687710E-017 -1.5274800262234789E-017 -2.3900431218138512E-017 -4.9370180372366112E-017 -5.6781744884467846E-017 -8.2152383997811301E-017 -1.4151302000125905E-016  1.9436090336354393E-015 -5.4990734188064685E-016 -5.4871471949057388E-016  1.7005711074822128E-016 -1.0963452368141791E-015  2.6267116602882923E-001 -1.3183898417500092E-015 -1.2046055338415716E-015  2.1420910573030142E-015 -1.1128043208519142E-015 -1.6568903653963751E-015  7.7484802178247798E-017
 1.8645803604296763E-016 -1.9355513039131573E-016  6.1629200530562556E-016 -2.5966220924355015E-014 -3.6849905148283344E-003  3.8071759286822163E-016 -2.4367443826600964E-016 -3.6849905148288930E-003 -1.1058862159547767E-017  7.3699810296565214E-003 -1.1701645887839151E-014 -1.7593215037081796E-016  5.0041039822906735E-017 -8.8672483620917991E-017 -4.2891397243820822E-002 -4.0375688903441472E-016 -2.6411164921746888E-016 -4.2891397243821169E-002 -1.2143064331837650E-016  8.5782794487642686E-002 -4.5092645983230026E-016  6.6219504525708631E-016 -1.1010615282026757E-016  3.8675788142086105E-014 -8.3507423197423908E-002 -5.6205040621807634E-016 -6.2710253656348673E-016 -8.3507423197425351E-002 -7.2858385995906198E-017  1.6701484639484121E-001 -1.6276388048393293E-015  1.7829583150384463E-015  3.5674038651100142E-016 -5.4146395946315143E-017 -1.5647129659703148E-018  4.5968768420308531E-017  3.6646782184972747E-018 -3.0542148840845025E-017  4.8488948713430508E-017 -9.2238151097369019E-018  8.2073443814009814E-018  2.4692068475880537E-018  6.1791960166832723E-017  4.4672297684271395E-014 -1.3133558301442066E-001 -6.7220534694346157E-016 -1.2446640940100360E-015 -1.3133558301442205E-001 -2.4980018054830310E-016  2.6267116602882773E-001 -1.0737342146161317E-014  4.2948525745082154E-016 -7.3919240527180673E-015  2.2782280046489489E-015  1.7964921855818237E-016
-3.4755724469454785E-004  2.7572616499022064E-016  2.0293638866792076E-016  9.4308867973490955E-016 -4.2325876141584960E-016 -4.8305851340060106E-016  3.0861509221350551E-017 -5.1772936676352602E-016  8.9831131532591562E-017 -8.3205953691845740E-016  2.0607464149193217E-015  3.5984907523840862E-003 -4.1660468477755355E-016 -2.9463194037290828E-017 -7.0148849697043093E-016  9.6546768690170793E-017  1.8139312298279057E-016 -1.0138239770437525E-015 -2.2634325645447507E-016 -4.5092645983230026E-016  1.3805594561760584E-001  4.7531423241764514E-016  2.0816681711721685E-017 -1.5090566614854692E-015  7.4493761350867408E-017  2.1118545560976026E-016 -2.0357419476877578E-016  2.7118230365518697E-018  6.3794341233552970E-017 -3.0068265577247691E-017  4.5961392691780811E-001  9.1593399531574231E-016 -3.3480163086352791E-016 -7.0587060742321163E-015  2.1279236258473367E-017 -8.4282756786350025E-017 -2.1485727594194083E-015  9.3114889701504924E-017 -1.6422210831619658E-015 -1.4254330271649227E-016 -2.9572451574263779E-017  1.0370830981817914E-016 -3.7995650136426925E-017 -1.3757542978856577E-015  3.7774031342836230E-017 -3.5357822875898964E-017 -1.4779999213514388E-016 -2.4687375105043355E-016 -1.2386672684663848E-016  3.1560165851130064E-016  4.9714864142361954E-015 -2.1048937324960204E-001 -7.8236028766553408E-016  1.3170887991353941E-015 -2.6687942729720462E-015
 5.7638897994760691E-017 -3.4755724469493621E-004 -2.5668486433593932E-017 -1.4400386857520717E-015  8.0142188823389098E-016  4.9797765672492748E-016 -1.7373171216633977E-016  1.2894867084820920E-015  6.4853789766882473E-017  1.0473580390069567E-015 -3.3259557491082670E-015 -4.4463131093630527E-016  3.5984907523836794E-003  1.3118846287074471E-016  6.1241880307560993E-016 -1.9348224719176795E-017 -1.4503353961696791E-016  1.3971090114350197E-015  3.5800296031652211E-016  6.6219504525708631E-016  4.7531423241764514E-016  1.3805594561761036E-001  9.7144514654701197E-017  2.3558551033490755E-015 -7.6895308273938274E-016  3.7112023067589017E-016 -1.3506743612382765E-016  2.0659701779517111E-016  6.2204056391672179E-018  2.8242511531577982E-016  8.2572837456495130E-016  4.5961392691781472E-001 -2.7755575615626892E-017  1.9785440514265590E-017 -4.5557966142775567E-015 -9.4556810810777689E-017 -4.0461400414829985E-017 -2.9310574234381068E-018 -8.6961232298731063E-017 -8.8849087035126119E-015  7.7335239889728669E-017 -2.2547414258698755E-015 -1.5206080169658807E-016  1.3886987379613232E-015 -1.3797371365583278E-015  2.9792524307572934E-016 -2.8432522865845205E-016 -1.1391875790155479E-016  3.1963593007169912E-016 -2.9486944729640121E-016  3.0442199992777235E-016  1.2385925618474444E-015 -2.1048937324960343E-001 -2.0816681711721701E-015  1.8330771675748764E-016
 1.9289650714411635E-016 -9.9041868456550929E-017 -3.4755724469501335E-004 -5.0327310793135804E-018  6.0479189095148356E-016 -1.0377851005291751E-016  2.1819697150900547E-016 -3.6021642243985031E-016  1.8016544461974620E-016  4.9186470904859422E-016  1.1040672817333109E-015 -1.8595422510842005E-016  1.6772607608350734E-016  3.5984907523842501E-003  9.8532435093794256E-017 -2.2031995979045930E-016  2.6532907864584495E-016  7.3509057141700839E-018  2.9732965183005210E-017 -1.1010615282026757E-016  2.0816681711721685E-017  9.7144514654701197E-017  1.3805594561760698E-001 -4.9001318426105836E-015  1.1628764858935464E-015 -3.0591081715730184E-016  2.9153040482709402E-016  1.0355907299012573E-015  5.3426113621541439E-016  2.1496010878197036E-016  8.3266726846886504E-016  8.6042284408449780E-016  4.5961392691780889E-001  2.4248955280389039E-019  4.3120610939097702E-018 -4.3119293144695849E-015 -4.3488281798648529E-018  5.4450114834433984E-017  3.0090856575380415E-017 -1.6521464251172647E-016 -3.3819605584937925E-015 -7.9452783840563876E-017 -5.9266825701709902E-015 -4.5967240769655051E-016  1.6812260764361953E-015 -1.3024354973022342E-016  1.6852818323862746E-016  1.4232155555680365E-015  1.2327329461414207E-015  4.3420541176653543E-017  2.7710273319283252E-015 -3.1658703436575626E-017 -3.9412917374193065E-015 -2.1048937324960201E-001 -1.6102243137861560E-015
 9.2224235479807155E-017  6.2173439369027016E-016 -8.8314233829873198E-016 -2.7819408878284047E-001  2.2383686944854496E-014 -2.6050031270430318E-016  1.9174552225255438E-016  2.3509725899327008E-014  5.2475176610744038E-016  2.2150423813987468E-014 -2.7662279806826257E-001  8.9962734790244227E-017 -7.0380599730959602E-016  3.0076716602011523E-015  1.6707124229165351E-014 -8.1447088286246008E-017 -8.9078977697303881E-016  3.3228861725375643E-014  2.1192391834332278E-015  3.8675788142086105E-014 -1.5090566614854692E-015  2.3558551033490755E-015 -4.9001318426105836E-015  5.7488524110626915E-001 -4.4050078304314029E-014 -5.4859898269958937E-016 -1.2800408454080592E-015 -2.1588232098381935E-014  3.1525683502882582E-015 -1.7211530156597159E-014 -8.8513585873021466E-016  6.3013729798235913E-015 -1.3419147060284973E-014  1.2962964904519476E-017 -3.4052291687744664E-018  1.8023230470358769E-016 -8.4190091550620225E-017 -8.5295322421112373E-017  1.2839294414397939E-016  1.0649949779223976E-016  2.7075211123268788E-016 -2.1768952784892667E-016 -1.4204084853710504E-016  6.9366375638703870E-001 -1.7778208509829101E-014 -8.3050842096661084E-016 -1.7707279532231526E-015  2.8346635256451284E-014  4.7914921769656431E-015  2.9362353309442005E-014 -5.0359016806445978E-001  4.8044125577003843E-016 -9.6121772549250484E-015  1.0277302942084743E-014  1.3491841054450301E-001
-4.0918526452635608E-017 -4.8671094913635549E-017 -1.0342820147961299E-015  1.6828344975145171E-014  1.4348987544094015E-002 -4.4839891348572809E-016  1.7875783318953359E-017 -7.1744937720447854E-003 -1.4837306730444670E-016 -7.1744937720466407E-003  7.3642668710930928E-015  3.0458287305947685E-016 -5.0898699655959611E-018  6.2599731298792191E-016  1.6701484639484515E-001  2.0166160409472419E-017 -5.5511151230515842E-017 -8.3507423197421590E-002 -1.0928757898401611E-016 -8.3507423197423908E-002  7.4493761350867408E-017 -7.6895308273938274E-016  1.1628764858935464E-015 -4.4050078304314029E-014  3.2516962268363442E-001  3.0878077872387166E-016  2.4980018054066022E-016 -1.6258481134180688E-001 -8.0144224589626575E-016 -1.6258481134180991E-001  2.0277661685834967E-016 -6.2866151348291099E-016  3.1401687756334239E-015  1.0825697709681167E-016  1.5576883565103010E-016 -1.1820521046270378E-016 -1.2040506974530343E-016  5.0040717371112863E-017 -9.7070570559633520E-017  3.6041932904832187E-016 -7.9538491991065346E-017  1.6627493519882883E-016 -2.4480743824907179E-016 -3.2297360424926118E-014  5.1140773285231922E-001  1.9645743365798587E-016  7.1036926341482156E-016 -2.5570386642614773E-001 -1.0269562977704786E-015 -2.5570386642615128E-001 -2.1173961902499322E-014  1.4632432558632796E-015  1.5144431781610258E-015  1.9311163109641220E-017 -9.9252785682937590E-016
-1.5806819984274290E-016  2.0278583295445830E-016 -4.5119713464814421E-016  4.1042293667943372E-016  5.7281111277841488E-016  1.4348987544097967E-002  1.9015635555968119E-016 -6.4195610632868916E-016  6.8033008697129875E-016 -8.6275387875560866E-016  1.3214187118085501E-015  2.0871714419007260E-016 -2.3192827213315036E-016  1.7410557823590848E-016 -8.7299958928421775E-016  1.6701484639484293E-001 -3.0937708991949511E-016 -1.3010426067618456E-018 -4.3216298594990643E-016 -5.6205040621807634E-016  2.1118545560976026E-016  3.7112023067589017E-016 -3.0591081715730184E-016 -5.4859898269958937E-016  3.0878077872387166E-016  3.2516962268361332E-001  1.3877787807814457E-016 -5.5381046970559566E-016 -5.2952434103644942E-016  7.2858385987993332E-017  2.6844285094854455E-016  3.9230485677269835E-016 -2.6867993018130925E-016 -8.0871679041529724E-017 -1.4143154289952258E-016  1.3303020723164219E-016  4.2910497942088868E-017 -1.5784397483858129E-017  2.4523687914703997E-017 -2.3346704597420621E-016  4.9818654917470207E-017 -1.2925742447647631E-016  1.9437348500535681E-016 -1.8308704779057605E-015  1.0239205316989157E-015  5.1140773285229035E-001 -6.6895274044662512E-017  5.7766291750117054E-016 -8.3526935367427594E-016  1.0755285551009296E-015 -1.3715509122368080E-015 -8.7175019886759131E-017  3.8076664081658388E-016 -6.3477610938233761E-017  1.2607341146150938E-015
 6.4639085533291338E-016  1.6564408240620042E-016 -2.1726806353872597E-016  5.1547518948380357E-016 -5.5860806431876159E-016  5.3676139054311911E-016  1.4348987544095845E-002  5.2846724392334340E-016 -1.3204227208187456E-016 -6.0780373789519471E-016  2.0693495660778026E-015 -1.0933844474468009E-016 -1.7399331188445643E-016  7.2700823258842137E-018 -6.9855145973180989E-016 -3.2432552737261617E-016  1.6701484639484182E-001 -8.5044818410053209E-016  9.9746599829402320E-018 -6.2710253656348673E-016 -2.0357419476877578E-016 -1.3506743612382765E-016  2.9153040482709402E-016 -1.2800408454080592E-015  2.4980018054066022E-016  1.3877787807814457E-016  3.2516962268361466E-001 -8.1532003370909933E-017  7.3725747721548941E-017 -8.9338259008542339E-017 -5.9405497938513247E-016  2.2492296445521179E-016 -7.1102156888600485E-017  9.4331086592170696E-017  4.1757283039768357E-017 -1.3889673698400442E-016  1.5283765512752189E-017 -1.1609836766535540E-017  3.1442901444838155E-017  5.4160270356348164E-017 -1.2520839299585253E-016  4.5549197139273295E-017 -2.8456826338098583E-016 -1.6229383166502327E-015  1.3331349912904440E-015 -7.8604657507448286E-017  5.1140773285229335E-001  1.2143064331754243E-015  7.3823325923366065E-016  1.1050188542039228E-015 -2.9148096917377645E-016  8.4768371104361744E-016 -1.7352830759759908E-015 -1.6942087973897626E-015  3.7116918558011670E-016
-3.1939756984132444E-016  4.2916977288752622E-016 -1.7387545509308636E-016  2.2674264761192122E-014 -7.1744937720448869E-003 -3.5187781508002083E-016  4.1031631217684935E-016  1.4348987544094256E-002  1.1796119636658063E-016 -7.1744937720505803E-003  3.8075846189481496E-015  1.5109928773209426E-017 -8.8972344159722648E-017 -3.9234580880031184E-016 -8.3507423197417205E-002  7.7628875550168713E-017  2.9923979957902419E-017  1.6701484639484154E-001 -2.6020852139455557E-016 -8.3507423197425351E-002  2.7118230365518697E-018  2.0659701779517111E-016  1.0355907299012573E-015 -2.1588232098381935E-014 -1.6258481134180688E-001 -5.5381046970559566E-016 -8.1532003370909933E-017  3.2516962268362026E-001 -2.4980018053702145E-016 -1.6258481134181541E-001  2.3885644491347266E-016 -9.1009469204590219E-016  3.0614377976905000E-015 -2.8366296270454073E-018 -1.5272241710958165E-016  2.8706298209502358E-017  1.1327012300678887E-016  9.4233316574705964E-018  2.6649922663383759E-018 -3.4246101849280932E-016  6.3559199530858047E-017 -1.7108235846861100E-016  1.2450155643031355E-016 -4.7092997817538342E-014 -2.5570386642613996E-001 -9.9226182825797911E-016  6.0715321650926902E-017  5.1140773285230312E-001 -3.4000580128568323E-016 -2.5570386642615428E-001 -2.0332616911523073E-014 -2.7521248014224852E-015 -1.4876065292040661E-015  4.2723105031748555E-016 -2.5128395036442720E-015
 7.1506342399679553E-016 -4.1551395841537309E-016  6.8038285486089168E-017 -3.8765544521002377E-016 -2.5402856901335472E-016  1.5835450355530033E-016 -9.9754392571818756E-016  2.4741493576139436E-016  1.4348987544096019E-002  1.2481335409645988E-015 -1.7746879421307157E-015 -5.5728391163631627E-017  1.5341998340978760E-016 -2.2760127365094787E-017  9.9920072216522007E-016  3.0921445959567421E-016  1.2007539059891329E-016  7.7021722333559364E-016  1.6701484639484146E-001 -7.2858385995906198E-017  6.3794341233552970E-017  6.2204056391672179E-018  5.3426113621541439E-016  3.1525683502882582E-015 -8.0144224589626575E-016 -5.2952434103644942E-016  7.3725747721548941E-017 -2.4980018053702145E-016  3.2516962268361660E-001 -3.6429192995512949E-016  2.1289677397524736E-016 -6.6346759212396633E-016  8.7146581816121858E-017  3.8003903421937125E-018 -9.7252685665693969E-017 -1.5986318729618525E-016 -7.2374576365380480E-017 -2.9739278543513252E-017 -4.6532954218956884E-017 -9.6121292627753828E-017 -1.1055124114986391E-016 -1.5994661722451506E-016 -2.7551883148069444E-016  2.3847755121540617E-015 -1.9671764217497483E-015 -5.7159138532592363E-016  4.1264734683632895E-016 -1.7347234759709662E-015  5.1140773285229413E-001 -2.0677903833790805E-015  6.6609578378210860E-016 -7.0807759150775320E-016  1.4372524941532602E-015  1.1810571163017436E-015 -1.1299074376705104E-015
