  0.23368998600261298        1.5038512684239291E-016   2.4543233242106821E-016  -5.5761284287451633E-017  0.52445289761310609       -1.0502157825303475E-016  -2.0601188702677099E-016   1.7821168569834583E-016   6.7104813939784331E-016  -1.1769329475628133E-017  -8.0679666826270611E-018   7.8194121547682749E-016   1.0922821776606557E-017   7.6320918647144497E-016  0.29808884230809579       -4.3105656980889297E-017   5.6857105880665226E-017  -9.3267050580263080E-017   5.4444107274173280E-002
   1.5038512684239291E-016  0.23607260554739626        2.9157355255458442E-016   3.0678037807003238E-017   3.7141847129871266E-016   6.8917567465518317E-002   4.4479994107887764E-018  -2.7368767211771819E-017  -3.8565980957193050E-017   2.3878945628293951E-018   1.7328760862261300E-018  -1.1961978534761800E-017  -1.5397715124099011E-020  -2.1440701147080408E-017   1.2426136841610066E-015  -5.7852058196966871E-002  -1.4534884910419606E-015  -6.3658199991569366E-016  -1.2600724271939069E-015
   2.4543233242106821E-016   2.9157355255458442E-016  0.23607260554739742        2.9726341503833810E-016   6.5813970349564702E-016   2.7073519981372075E-017   6.8917567465518678E-002   1.2877829624232939E-016  -3.6717271895096940E-017   6.6646801450229009E-018   8.7784978192015802E-019  -4.0141556006900883E-017   2.0384218388794945E-018  -3.5365762194808853E-017  -3.7273821581011380E-016  -8.1935699273571284E-016  -5.7852058196968793E-002   1.8007955751666539E-017   1.5564020045342891E-016
  -5.5761284287451633E-017   3.0678037807003238E-017   2.9726341503833810E-016  0.23607260554739748       -3.6908072633845521E-016   2.1741422211534194E-017   1.5458204269823448E-016   6.8917567465518692E-002   1.1974185101147364E-016  -6.4906945409745302E-018  -8.2218543638279240E-020   1.2000515263756301E-016   3.8971522739473366E-018   1.1539037187268405E-016  -4.6276025548427402E-017   6.2411731011517573E-016   5.4513621705100109E-016  -5.7852058196963929E-002  -3.9641083206443155E-016
  0.52445289761310609        3.7141847129871266E-016   6.5813970349564702E-016  -3.6908072633845521E-016   1.1805042712187370       -1.8133323960191955E-016  -4.8398990058989324E-016   2.9782136922243728E-016   1.2800424804786770E-015  -2.5811926633339203E-017  -1.7883961638458624E-017   1.5104341037986972E-015   2.3717565609628319E-017   1.4838227923096045E-015  0.58824724258725536        2.5521963498106428E-016   9.0025039325354899E-018  -5.1824475356912312E-016   7.3848986846860545E-002
  -1.0502157825303475E-016   6.8917567465518317E-002   2.7073519981372075E-017   2.1741422211534194E-017  -1.8133323960191955E-016   2.3359917372896125E-002   1.4851889814372694E-016   5.0534188568168476E-017   8.3875099537400627E-017  -1.5615070774473314E-017  -9.9378226014652573E-018  -9.1684244328588643E-017   3.8334115319004755E-018  -2.2406051633230316E-017  -1.2509178290015220E-015   6.2555493065707443E-002   1.7134981008680350E-015   5.6331823807332771E-016   1.1423517243308495E-015
  -2.0601188702677099E-016   4.4479994107887764E-018   6.8917567465518678E-002   1.5458204269823448E-016  -4.8398990058989324E-016   1.4851889814372694E-016   2.3359917372896371E-002  -6.9101358118589845E-017  -1.5570160302223406E-017  -5.4486608300686694E-017  -5.5159408324289340E-018   5.1804593114071482E-018  -1.1339168820016721E-017  -1.9260944444237906E-017   9.5493282270776506E-016   1.6740945516782384E-015   6.2555493065708706E-002  -1.6674783596807164E-015  -1.7273130718538867E-016
   1.7821168569834583E-016  -2.7368767211771819E-017   1.2877829624232939E-016   6.8917567465518692E-002   2.9782136922243728E-016   5.0534188568168476E-017  -6.9101358118589845E-017   2.3359917372895909E-002   3.6876803595014979E-017   4.2044925194939500E-017   1.2582444813196900E-019   2.7742655358041857E-017  -2.2414217377887517E-017   5.7968056490087870E-017   6.4622845872747046E-016   7.9038034854053867E-016  -1.3021184226465864E-015   6.2555493065704446E-002  -1.9781035023055997E-017
   6.7104813939784331E-016  -3.8565980957193050E-017  -3.6717271895096940E-017   1.1974185101147364E-016   1.2800424804786770E-015   8.3875099537400627E-017  -1.5570160302223406E-017   3.6876803595014979E-017   1.9470472755743969E-029  -4.4724456458968828E-031  -3.3472124959545571E-031   1.5671312205313012E-029   2.0318365403765314E-031   1.6721036352461798E-029   6.2245109943858162E-015   2.3417251248302162E-015  -1.0993145710936646E-016   1.7728959008170977E-017   2.8060698728742619E-015
  -1.1769329475628133E-017   2.3878945628293951E-018   6.6646801450229009E-018  -6.4906945409745302E-018  -2.5811926633339203E-017  -1.5615070774473314E-017  -5.4486608300686694E-017   4.2044925194939500E-017  -4.4724456458968828E-031   1.6617472971762375E-030   1.5559835278163907E-031  -3.8092206274333259E-032  -1.3160525672027186E-031   4.8192256386725366E-031  -3.0966529668152924E-017  -4.0049000279236844E-016  -1.3851107128831561E-015   1.0788060171708886E-015  -5.4833482543679635E-018
  -8.0679666826270611E-018   1.7328760862261300E-018   8.7784978192015802E-019  -8.2218543638279240E-020  -1.7883961638458624E-017  -9.9378226014652573E-018  -5.5159408324289340E-018   1.2582444813196900E-019  -3.3472124959545571E-031   1.5559835278163907E-031   4.4263568707949943E-032   2.1301320944629996E-031   7.3969240818588493E-033   2.9305996158365718E-032  -1.4056532855015495E-017  -2.5645969745551434E-016  -1.4172514288957593E-016   3.6932611972489886E-018  -8.4015295249187137E-018
   7.8194121547682749E-016  -1.1961978534761800E-017  -4.0141556006900883E-017   1.2000515263756301E-016   1.5104341037986972E-015  -9.1684244328588643E-017   5.1804593114071482E-018   2.7742655358041857E-017   1.5671312205313012E-029  -3.8092206274333259E-032   2.1301320944629996E-031   2.2666325646759455E-029  -1.5749197728319455E-032   1.9223331582914918E-029   6.9380338260802241E-015  -2.1591625851393709E-015   4.2413161983450778E-016  -2.0815024966432225E-016   2.7056947878994594E-015
   1.0922821776606557E-017  -1.5397715124099011E-020   2.0384218388794945E-018   3.8971522739473366E-018   2.3717565609628319E-017   3.8334115319004755E-018  -1.1339168820016721E-017  -2.2414217377887517E-017   2.0318365403765314E-031  -1.3160525672027186E-031   7.3969240818588493E-033  -1.5749197728319455E-032   2.2048278878596336E-031  -7.0426201183453993E-032   3.5231432212701483E-017   9.4092827342133785E-017  -2.9307637054403594E-016  -5.7834756127294073E-016   5.7108473587723125E-018
   7.6320918647144497E-016  -2.1440701147080408E-017  -3.5365762194808853E-017   1.1539037187268405E-016   1.4838227923096045E-015  -2.2406051633230316E-017  -1.9260944444237906E-017   5.7968056490087870E-017   1.6721036352461798E-029   4.8192256386725366E-031   2.9305996158365718E-032   1.9223331582914918E-029  -7.0426201183453993E-032   1.8005509192957132E-029   6.4653703908922020E-015  -3.9059587428813333E-016  -2.1041760913873122E-016   5.6700603038083053E-016   2.7322747901530099E-015
  0.29808884230809579        1.2426136841610066E-015  -3.7273821581011380E-016  -4.6276025548427402E-017  0.58824724258725536       -1.2509178290015220E-015   9.5493282270776506E-016   6.4622845872747046E-016   6.2245109943858162E-015  -3.0966529668152924E-017  -1.4056532855015495E-017   6.9380338260802241E-015   3.5231432212701483E-017   6.4653703908922020E-015   2.4572212043230777        3.7925498573747277E-016  -6.3472824805923393E-016  -5.5655261388827111E-016  0.60704411325160212     
  -4.3105656980889297E-017  -5.7852058196966871E-002  -8.1935699273571284E-016   6.2411731011517573E-016   2.5521963498106428E-016   6.2555493065707443E-002   1.6740945516782384E-015   7.9038034854053867E-016   2.3417251248302162E-015  -4.0049000279236844E-016  -2.5645969745551434E-016  -2.1591625851393709E-015   9.4092827342133785E-017  -3.9059587428813333E-016   3.7925498573747277E-016   1.9618156522752273        3.5469271732213455E-016   2.0505933557805757E-016  -3.2648514742513803E-016
   5.6857105880665226E-017  -1.4534884910419606E-015  -5.7852058196968793E-002   5.4513621705100109E-016   9.0025039325354899E-018   1.7134981008680350E-015   6.2555493065708706E-002  -1.3021184226465864E-015  -1.0993145710936646E-016  -1.3851107128831561E-015  -1.4172514288957593E-016   4.2413161983450778E-016  -2.9307637054403594E-016  -2.1041760913873122E-016  -6.3472824805923393E-016   3.5469271732213455E-016   1.9618156522752330       -3.0572244935961516E-016   2.4575645267248050E-017
  -9.3267050580263080E-017  -6.3658199991569366E-016   1.8007955751666539E-017  -5.7852058196963929E-002  -5.1824475356912312E-016   5.6331823807332771E-016  -1.6674783596807164E-015   6.2555493065704446E-002   1.7728959008170977E-017   1.0788060171708886E-015   3.6932611972489886E-018  -2.0815024966432225E-016  -5.7834756127294073E-016   5.6700603038083053E-016  -5.5655261388827111E-016   2.0505933557805757E-016  -3.0572244935961516E-016   1.9618156522752337        4.4416556726518425E-017
   5.4444107274173280E-002  -1.2600724271939069E-015   1.5564020045342891E-016  -3.9641083206443155E-016   7.3848986846860545E-002   1.1423517243308495E-015  -1.7273130718538867E-016  -1.9781035023055997E-017   2.8060698728742619E-015  -5.4833482543679635E-018  -8.4015295249187137E-018   2.7056947878994594E-015   5.7108473587723125E-018   2.7322747901530099E-015  0.60704411325160212       -3.2648514742513803E-016   2.4575645267248050E-017   4.4416556726518425E-017   2.1542208940437337     
