  0.37282482738651185       -3.5823172071726531E-016   7.3387383714642044E-017   5.4072773884968994E-017  0.64172532502394319        1.0565715868387236E-014   7.5424489085857136E-019   1.9840953617986525E-017   1.0024799568253855E-014   1.3785745610431271E-017   8.7204461866002065E-015   2.5864754099233300E-016   8.3627416824327913E-017   3.8371027309723548E-016 -0.50408636396748352        1.8628221691135072E-016  -4.7159940794521928E-017   2.1300265095635126E-016   9.0114875767227376E-002
  -3.5823172071726531E-016  0.85608569352768493        4.2037228732694221E-016  -1.5059568175823657E-015  -8.6604527409568053E-016   1.1727434444220711E-017  -4.1286809235309290E-017  -1.5182182786692286E-016   3.4423720102751180E-016  -2.6855399162109574E-017  -6.2559933374907634E-017  0.64807538517347130       -2.3153137393427947E-016   1.6424985286797589E-015   1.8695073820081301E-016  0.39005045251269688       -1.6389748716191810E-016   4.6484490518958199E-016   3.0893291061973868E-016
   7.3387383714642044E-017   4.2037228732694221E-016  0.85608569352768127       -2.8687989483966447E-016  -1.7010658009299101E-016  -2.8402301336414193E-016  -1.5848518703064837E-017  -7.6047134769200570E-017   2.1899678506486896E-016   3.8835185245471091E-017   1.3897298488395831E-016   7.1486870242831735E-016  0.64807538517347196        9.0151410642169694E-017  -7.4209479337563917E-016  -6.5212050169571878E-016  0.39005045251269843       -1.8215443530703729E-015   4.0639858722555693E-016
   5.4072773884968994E-017  -1.5059568175823657E-015  -2.8687989483966447E-016  0.85608569352768049       -3.2673946834766788E-016  -1.0848042095689067E-016   2.7376157077785906E-016   3.4382837235179104E-016  -1.9123402807492636E-016  -2.8551940140554027E-017  -2.3625116888738257E-016   1.5077593036941228E-015  -5.2990381180229029E-018  0.64807538517347396        7.4114082990967533E-016   1.2847999031860569E-015  -1.6562475674795907E-015  0.39005045251269155        9.9921029141295053E-016
  0.64172532502394319       -8.6604527409568053E-016  -1.7010658009299101E-016  -3.2673946834766788E-016   1.1087624405661414        1.8718924444387360E-014   2.2573900920340571E-018   3.3200941156095137E-017   1.7790756892028856E-014   2.3507122214668283E-017   1.5541541416872788E-014   3.0000107206352208E-016  -4.9180524889894890E-017   2.9428878371446075E-016 -0.78110473282997994        6.8708599579342774E-017   7.6569938847294175E-017   6.2269517693962607E-016   9.6195663062103920E-002
   1.0565715868387236E-014   1.1727434444220711E-017  -2.8402301336414193E-016  -1.0848042095689067E-016   1.8718924444387360E-014   3.9691484484399124E-028   1.2832717291856729E-030   8.7886037390851345E-031   3.7611316647577346E-028  -3.7580305791854216E-031   3.3517433798913076E-028  -1.3098111427494910E-016  -2.1942226527187399E-016  -2.3472704043346413E-017  -6.0698979657503787E-016   2.9388953374243989E-015  -3.6892054787974446E-017  -1.2795991302386611E-015   7.9510876355361608E-016
   7.5424489085857136E-019  -4.1286809235309290E-017  -1.5848518703064837E-017   2.7376157077785906E-016   2.2573900920340571E-018   1.2832717291856729E-030   4.2688533227239882E-031   1.8731048237687341E-031   1.3397317148605586E-031   3.6424162256381436E-032  -9.7354652417801683E-031  -5.6696574495809600E-017   1.1975137362025331E-018   2.3277773170507066E-016   2.1813054751181843E-017   5.1482733841390010E-016  -2.8399075373084046E-016  -4.1085211929031137E-016  -6.8268228735574931E-018
   1.9840953617986525E-017  -1.5182182786692286E-016  -7.6047134769200570E-017   3.4382837235179104E-016   3.3200941156095137E-017   8.7886037390851345E-031   1.8731048237687341E-031   3.6534855130556450E-031   1.9941208359910708E-031  -1.6097025253421178E-032  -8.2058460771463552E-032  -1.2237839088862341E-016  -8.0447916315608586E-017   2.7648165197483213E-016  -4.8698576239377487E-017   8.7006791804720191E-017   4.4523121978800864E-016  -1.8305965137425706E-016   1.3345615399344820E-017
   1.0024799568253855E-014   3.4423720102751180E-016   2.1899678506486896E-016  -1.9123402807492636E-016   1.7790756892028856E-014   3.7611316647577346E-028   1.3397317148605586E-031   1.9941208359910708E-031   3.6356860098581595E-028   9.3859189108948199E-031   3.2774801564633061E-028   2.9245210547002484E-016   1.8350949242144618E-016  -1.1445480430900226E-016   2.0643250445827337E-016  -5.1136302999615079E-016  -2.7198650317911620E-016  -7.2295758037797389E-016   6.7186752005961901E-016
   1.3785745610431271E-017  -2.6855399162109574E-017   3.8835185245471091E-017  -2.8551940140554027E-017   2.3507122214668283E-017  -3.7580305791854216E-031   3.6424162256381436E-032  -1.6097025253421178E-032   9.3859189108948199E-031   7.0452078348595472E-031   6.2818344869754399E-031   1.7460756254515807E-017   4.4849204568292633E-017   1.5766035493786772E-017  -2.3880716132217816E-017  -8.0490184324363875E-016  -3.0637331824743647E-016  -7.9706660335144151E-016   5.0248093672338395E-018
   8.7204461866002065E-015  -6.2559933374907634E-017   1.3897298488395831E-016  -2.3625116888738257E-016   1.5541541416872788E-014   3.3517433798913076E-028  -9.7354652417801683E-031  -8.2058460771463552E-032   3.2774801564633061E-028   6.2818344869754399E-031   3.0039970635466753E-028   6.1388722749530010E-017   8.4031372169199715E-017  -2.4213779135807782E-016   1.9067048007978231E-015  -2.3094986021859620E-015   5.0744880487024353E-016   1.2198822560497157E-015   4.5958271300338671E-016
   2.5864754099233300E-016  0.64807538517347130        7.1486870242831735E-016   1.5077593036941228E-015   3.0000107206352208E-016  -1.3098111427494910E-016  -5.6696574495809600E-017  -1.2237839088862341E-016   2.9245210547002484E-016   1.7460756254515807E-017   6.1388722749530010E-017  0.49498169068141523        6.8047238850621472E-017   3.1125818068800104E-015   2.7444946059790563E-017  0.20351895633955105        9.6788760816854391E-017   3.8631444777056240E-015  -4.2281015757647605E-016
   8.3627416824327913E-017  -2.3153137393427947E-016  0.64807538517347196       -5.2990381180229029E-018  -4.9180524889894890E-017  -2.1942226527187399E-016   1.1975137362025331E-018  -8.0447916315608586E-017   1.8350949242144618E-016   4.4849204568292633E-017   8.4031372169199715E-017   6.8047238850621472E-017  0.49498169068141867        5.0063035314518167E-017   4.8431834825909575E-016   3.1948049891358798E-016  0.20351895633955058        1.0699652427080542E-015   4.4349973805846287E-017
   3.8371027309723548E-016   1.6424985286797589E-015   9.0151410642169694E-017  0.64807538517347396        2.9428878371446075E-016  -2.3472704043346413E-017   2.3277773170507066E-016   2.7648165197483213E-016  -1.1445480430900226E-016   1.5766035493786772E-017  -2.4213779135807782E-016   3.1125818068800104E-015   5.0063035314518167E-017  0.49498169068142117       -1.1090721494857208E-015   2.7686457727132963E-015   2.9668176010529124E-016  0.20351895633955580       -2.2067236235173930E-016
 -0.50408636396748352        1.8695073820081301E-016  -7.4209479337563917E-016   7.4114082990967533E-016 -0.78110473282997994       -6.0698979657503787E-016   2.1813054751181843E-017  -4.8698576239377487E-017   2.0643250445827337E-016  -2.3880716132217816E-017   1.9067048007978231E-015   2.7444946059790563E-017   4.8431834825909575E-016  -1.1090721494857208E-015   2.7627732801610136        4.6083862433678352E-017   5.2675715054806791E-017  -7.9857756311699897E-016 -0.71002081316517984     
   1.8628221691135072E-016  0.39005045251269688       -6.5212050169571878E-016   1.2847999031860569E-015   6.8708599579342774E-017   2.9388953374243989E-015   5.1482733841390010E-016   8.7006791804720191E-017  -5.1136302999615079E-016  -8.0490184324363875E-016  -2.3094986021859620E-015  0.20351895633955105        3.1948049891358798E-016   2.7686457727132963E-015   4.6083862433678352E-017   2.1023380461090868        1.4410232718458510E-015   1.1919108820583613E-015  -5.9729717704690973E-016
  -4.7159940794521928E-017  -1.6389748716191810E-016  0.39005045251269843       -1.6562475674795907E-015   7.6569938847294175E-017  -3.6892054787974446E-017  -2.8399075373084046E-016   4.4523121978800864E-016  -2.7198650317911620E-016  -3.0637331824743647E-016   5.0744880487024353E-016   9.6788760816854391E-017  0.20351895633955058        2.9668176010529124E-016   5.2675715054806791E-017   1.4410232718458510E-015   2.1023380461090877       -1.8879525831680573E-015  -1.7687335051026698E-016
   2.1300265095635126E-016   4.6484490518958199E-016  -1.8215443530703729E-015  0.39005045251269155        6.2269517693962607E-016  -1.2795991302386611E-015  -4.1085211929031137E-016  -1.8305965137425706E-016  -7.2295758037797389E-016  -7.9706660335144151E-016   1.2198822560497157E-015   3.8631444777056240E-015   1.0699652427080542E-015  0.20351895633955580       -7.9857756311699897E-016   1.1919108820583613E-015  -1.8879525831680573E-015   2.1023380461090877       -2.5065432365870429E-016
   9.0114875767227376E-002   3.0893291061973868E-016   4.0639858722555693E-016   9.9921029141295053E-016   9.6195663062103920E-002   7.9510876355361608E-016  -6.8268228735574931E-018   1.3345615399344820E-017   6.7186752005961901E-016   5.0248093672338395E-018   4.5958271300338671E-016  -4.2281015757647605E-016   4.4349973805846287E-017  -2.2067236235173930E-016 -0.71002081316517984       -5.9729717704690973E-016  -1.7687335051026698E-016  -2.5065432365870429E-016   2.1930544972391779     
