  0.53969261143985381       -3.7550322505520587E-016   1.8251995164679513E-016   3.1540770221384253E-016  -4.3079349436792111E-017  -3.2462609334408277E-016  -9.0724228406945618E-017   1.5333834582370429E-016   5.0640444245950296E-017  -3.5721394921735341E-016  0.58186596479366703       -2.7906593253804864E-016   2.2037833478387871E-016   5.9408903042915417E-016   2.5299885499230015E-016   6.0035618782971847E-016   3.1648413670482250E-017  -2.6100454536612116E-016  -4.8449548555168420E-017  -1.3672032003772863E-016 -0.22604843658818549       -1.4040569614941879E-017  -6.0015481641761502E-016  -1.2629593336576658E-015   1.8633184191194142E-016 -0.24930854740541722        2.6158072294644461E-017  -5.1634651898298478E-016
  -3.7550322505520587E-016  0.53969261143986946        7.6845638563381200E-016   8.7472902450900449E-016  -4.9595052295002415E-016   6.4368782644887897E-017  -2.6068269059478350E-017  -4.1090007785801320E-016   4.8073671389505215E-017  -3.8022395860553937E-016   1.1341127178668892E-016  0.58186596479366748        5.3625858646627620E-016   7.0252795270042320E-016  -9.8600200030897264E-016  -1.4921337192476908E-016   1.1915866945932801E-016  -1.2014937214088139E-015  -7.3629369609420865E-016  -2.1893097489436739E-017   2.4504601023569268E-017 -0.22604843658819229       -1.2837413941942318E-015   9.0107650920341248E-016  -6.0214395515660352E-016   4.9382298161546077E-017 -0.24930854740542344       -1.0864728043981589E-015
   1.8251995164679513E-016   7.6845638563381200E-016  0.53969261143986746       -5.7495388475370707E-016  -2.6363810012857246E-017  -3.0858178972953781E-016  -1.0257946169291444E-016  -1.3414218692062145E-016   2.0700833894676399E-016  -1.0227996081071012E-016  -1.3885193267187088E-016   1.0111301998719287E-015  0.58186596479366681        3.7639960340623950E-016   4.2189291220663772E-016  -8.3133888935698135E-016   1.3719072649638442E-016  -3.8585556141232670E-016   5.0207541480547607E-016  -1.5752633957800241E-015  -1.6944293466406917E-016  -2.0294684478436232E-015 -0.22604843658818796        3.1423861603985129E-015  -9.9528050573542148E-016  -1.1966568694246530E-016  -1.7886438914607360E-015 -0.24930854740542033     
   3.1540770221384253E-016   8.7472902450900449E-016  -5.7495388475370707E-016  0.30728517768530078        4.4016415046469186E-016  -1.3685578463033486E-016  -8.9984135327257092E-016  -1.6005574810439544E-015  -6.6891244374469403E-017  -3.7586325087326039E-015   3.3422123674516268E-016   1.6949720006046335E-015   2.9374933045262232E-016  0.71030196638629395        1.4237349628986222E-014  -1.5058941790529160E-015   4.1873251584720461E-015   5.7976246394907592E-015   5.4675469287163640E-015  -1.1367683721765670E-014   5.1571097875649624E-016   7.1910351085622948E-016   5.4232150180636746E-016 -0.54678667374496226      -0.10339138663000169        3.9351591855844266E-016   4.3630634518356355E-016   5.2831189632845967E-016
  -4.3079349436792111E-017  -4.9595052295002415E-016  -2.6363810012857246E-017   4.4016415046469186E-016   3.1607732198483357E-003   1.4524510697932926E-016   7.7519555360207997E-017  -1.5803866099240685E-003   2.2333082445543669E-018  -1.5803866099242789E-003  -1.0874679285774195E-016  -5.1221135897268828E-016  -1.0162336377164399E-016  -8.5237056259971437E-016   7.8210718912924124E-002   1.4517433208263008E-015   1.0246777791501547E-015  -3.9105359456460501E-002  -1.1734116824903481E-016  -3.9105359456463498E-002   1.9642920077600032E-016  -3.4155058352631986E-016  -6.4407131212389685E-016  -8.3213422174424317E-015   2.7906049611385313E-015   1.7672727165049116E-016  -2.2754636674882824E-016  -5.3951915531199971E-016
  -3.2462609334408277E-016   6.4368782644887897E-017  -3.0858178972953781E-016  -1.3685578463033486E-016   1.4524510697932926E-016   3.1607732198480668E-003   2.5725581748195643E-017  -4.4134837005141890E-017   2.0395494578698737E-018  -9.8797605330384855E-017  -3.0480658950443727E-016   5.6928767518907401E-017  -1.5301305300286854E-016  -1.8762435302663359E-016   2.0253582678716487E-015   7.8210718912921459E-002   9.4543784693451554E-016  -2.0452457544402380E-016  -1.9379351503525937E-016  -1.7664143666653799E-015   8.4802922159173005E-016  -3.4994398775106587E-016   2.7705468292606874E-017  -1.8886207640295293E-015   6.6982668910696891E-016   7.5150089849201913E-016  -2.9766918953886885E-016   9.5223084961233757E-017
  -9.0724228406945618E-017  -2.6068269059478350E-017  -1.0257946169291444E-016  -8.9984135327257092E-016   7.7519555360207997E-017   2.5725581748195643E-017   3.1607732198484124E-003  -1.0436136771420000E-016   2.6942741623620271E-017   5.0294063550892310E-017  -3.8085790675698475E-017  -3.9973608773209585E-017  -6.6085432139825821E-017  -2.6597879605100354E-015   8.7373820201532603E-016  -3.8162900031953263E-016   7.8210718912925623E-002  -1.8904326956376234E-015   1.1107879956009683E-015   1.0521148703776121E-015   8.6961249325788869E-017   1.8890536604357723E-016   8.5688906294697172E-017   4.6290701382571878E-015  -4.9964493261428314E-016   9.2575986720724667E-017   1.5929020476927787E-016   9.5053464964191857E-017
   1.5333834582370429E-016  -4.1090007785801320E-016  -1.3414218692062145E-016  -1.6005574810439544E-015  -1.5803866099240685E-003  -4.4134837005141890E-017  -1.0436136771420000E-016   3.1607732198482654E-003  -3.1778664477731059E-017  -1.5803866099242017E-003   1.6786889644434336E-016  -4.1042911559409870E-016  -1.4331784167182357E-016  -4.1317060293808595E-015  -3.9105359456461201E-002  -7.8730738359398308E-016  -6.5491486338871782E-016   7.8210718912923222E-002  -1.9667766222067382E-016  -3.9105359456462103E-002   2.7019907421295195E-016   2.7629643419357922E-016  -5.6285218187501703E-016  -3.0539120300756013E-015   2.5409454903395143E-015   2.0215396585553638E-016   2.7592471238446949E-016  -4.5002284009855510E-016
   5.0640444245950296E-017   4.8073671389505215E-017   2.0700833894676399E-016  -6.6891244374469403E-017   2.2333082445543669E-018   2.0395494578698737E-018   2.6942741623620271E-017  -3.1778664477731059E-017   3.1607732198482993E-003   4.2590087137368156E-017   6.0112733537828925E-017   8.7412851681783020E-017   2.4644028049827242E-016  -1.0186542914813509E-015   1.5691962974243599E-016   3.3191324851338636E-016  -3.8311130797722593E-016  -5.2025949466485372E-016   7.8210718912924249E-002   3.6991622872489721E-016   8.0904492402693882E-017   3.2417456410542011E-016   2.8644018056322400E-016   3.4975234242522808E-015  -8.0531265226419683E-016   7.1984898390639055E-017   2.6245843670296459E-016   2.2097999703090763E-016
  -3.5721394921735341E-016  -3.8022395860553937E-016  -1.0227996081071012E-016  -3.7586325087326039E-015  -1.5803866099242789E-003  -9.8797605330384855E-017   5.0294063550892310E-017  -1.5803866099242017E-003   4.2590087137368156E-017   3.1607732198484974E-003  -3.2565357105222717E-016  -4.6437189014867962E-016  -3.6828528677242920E-017  -6.6460250344305069E-015  -3.9105359456463207E-002  -6.0721420296409258E-016   2.1054189750130521E-016  -3.9105359456462832E-002   6.3680106381165177E-016   7.8210718912926011E-002  -1.8572080078711397E-016   1.9771865557265514E-016   3.2902518243910440E-016  -2.6722070038930363E-015   3.6148993143187647E-015  -1.1741504606139400E-016   2.0848776880835847E-016   2.9044836275082342E-016
  0.58186596479366703        1.1341127178668892E-016  -1.3885193267187088E-016   3.3422123674516268E-016  -1.0874679285774195E-016  -3.0480658950443727E-016  -3.8085790675698475E-017   1.6786889644434336E-016   6.0112733537828925E-017  -3.2565357105222717E-016  0.62733671566844984        2.5900807509835142E-016  -1.2641830928364858E-016   6.3671226657666743E-016  -1.2626605934177061E-015   1.7949723821218367E-015   1.5161056094848000E-015  -2.0537395757621281E-016   8.9186881588791349E-017   1.3116866863491200E-015 -0.24488016815202915       -3.0164788449500765E-016   1.1132402155402832E-016  -9.2396587794750172E-016   6.5129413771945240E-017 -0.26975997608117441       -2.6891278853464759E-016   1.1124213618792426E-016
  -2.7906593253804864E-016  0.58186596479366748        1.0111301998719287E-015   1.6949720006046335E-015  -5.1221135897268828E-016   5.6928767518907401E-017  -3.9973608773209585E-017  -4.1042911559409870E-016   8.7412851681783020E-017  -4.6437189014867962E-016   2.5900807509835142E-016  0.62733671566843241        7.6934004432029081E-016   2.5867829746848395E-015  -5.2864054658379619E-016  -4.8287990598423896E-016  -1.5861827120026702E-016  -4.8549041909868939E-016   9.9491453916368522E-017  -1.3704929440924445E-015  -6.7380725023832908E-016 -0.24488016815201682        1.2514862545744592E-016   7.0304092993852083E-015  -3.2698483941159654E-015  -5.4251432486205468E-016 -0.26975997608116298        6.1193752467409720E-017
   2.2037833478387871E-016   5.3625858646627620E-016  0.58186596479366681        2.9374933045262232E-016  -1.0162336377164399E-016  -1.5301305300286854E-016  -6.6085432139825821E-017  -1.4331784167182357E-016   2.4644028049827242E-016  -3.6828528677242920E-017  -1.2641830928364858E-016   7.6934004432029081E-016  0.62733671566843330        2.4605731651851309E-015  -1.3828565644814018E-015   3.5499342435298695E-015   1.2514546194116121E-015  -4.0681163565488082E-016   1.1302646054610199E-015   1.3233159424119295E-016   5.6418483990806629E-016  -8.8906926010471715E-018 -0.24488016815201880       -3.4346139530276719E-015   2.8088721063244372E-016   4.8841572142247836E-016  -8.5705406318483362E-017 -0.26975997608116531     
   5.9408903042915417E-016   7.0252795270042320E-016   3.7639960340623950E-016  0.71030196638629395       -8.5237056259971437E-016  -1.8762435302663359E-016  -2.6597879605100354E-015  -4.1317060293808595E-015  -1.0186542914813509E-015  -6.6460250344305069E-015   6.3671226657666743E-016   2.5867829746848395E-015   2.4605731651851309E-015   1.6424018840243004       -1.1222273107191317E-014   2.9125010647219281E-016  -5.3842590954881903E-015   4.1606142858015265E-015  -9.5026811654976464E-015   2.6261300488346788E-014  -1.7875890283613845E-015  -2.3444844617503370E-015  -7.0417947031365547E-016  -1.2190778603770664      -0.25333316549445384       -1.5507596264818545E-015  -2.1527934419750310E-015  -6.0730543976864932E-016
   2.5299885499230015E-016  -9.8600200030897264E-016   4.2189291220663772E-016   1.4237349628986222E-014   7.8210718912924124E-002   2.0253582678716487E-015   8.7373820201532603E-016  -3.9105359456461201E-002   1.5691962974243599E-016  -3.9105359456463207E-002  -1.2626605934177061E-015  -5.2864054658379619E-016  -1.3828565644814018E-015  -1.1222273107191317E-014   1.9352595480323440       -2.8917569293990194E-015  -4.8851439386764620E-016 -0.96762977401617289       -3.8809016764116610E-016 -0.96762977401616801        3.8522035489699918E-016   9.5692612133219463E-016   4.6508043642577672E-016  -2.4338737656614979E-014   7.9584618403400567E-015   5.0585850319162440E-016   8.9524437023064511E-016   1.4909785289696912E-016
   6.0035618782971847E-016  -1.4921337192476908E-016  -8.3133888935698135E-016  -1.5058941790529160E-015   1.4517433208263008E-015   7.8210718912921459E-002  -3.8162900031953263E-016  -7.8730738359398308E-016   3.3191324851338636E-016  -6.0721420296409258E-016   1.7949723821218367E-015  -4.8287990598423896E-016   3.5499342435298695E-015   2.9125010647219281E-016  -2.8917569293990194E-015   1.9352595480323769       -1.8000737619233681E-015   2.4806748994375722E-015   2.1688515783671643E-015   1.7577356670878159E-015  -1.4790080009162867E-015   6.3483313787407728E-016  -2.2573940036614019E-015   1.4847395708298574E-015  -5.4785149358691508E-016  -1.0446832520625096E-015   5.5159616308064928E-016  -8.6421669364106637E-016
   3.1648413670482250E-017   1.1915866945932801E-016   1.3719072649638442E-016   4.1873251584720461E-015   1.0246777791501547E-015   9.4543784693451554E-016   7.8210718912925623E-002  -6.5491486338871782E-016  -3.8311130797722593E-016   2.1054189750130521E-016   1.5161056094848000E-015  -1.5861827120026702E-016   1.2514546194116121E-015  -5.3842590954881903E-015  -4.8851439386764620E-016  -1.8000737619233681E-015   1.9352595480323715        9.1522926390364527E-016   1.5094262645343278E-015   4.4972706114699355E-016  -1.3913803529850012E-015   1.6183881599021090E-016  -3.9007821357569551E-016   4.4457469364053201E-015  -1.1088979899155573E-015  -9.1157117553982218E-016   1.0678955096324932E-016  -3.8073440918838674E-017
  -2.6100454536612116E-016  -1.2014937214088139E-015  -3.8585556141232670E-016   5.7976246394907592E-015  -3.9105359456460501E-002  -2.0452457544402380E-016  -1.8904326956376234E-015   7.8210718912923222E-002  -5.2025949466485372E-016  -3.9105359456462832E-002  -2.0537395757621281E-016  -4.8549041909868939E-016  -4.0681163565488082E-016   4.1606142858015265E-015 -0.96762977401617289        2.4806748994375722E-015   9.1522926390364527E-016   1.9352595480323422        1.7171865058368677E-015 -0.96762977401617156        1.2138985140335657E-016   7.0843561979290343E-016  -4.2024767746102928E-016  -2.9211202827220719E-014   6.9377450336648258E-015   1.3178769451768793E-017   7.1508014558904002E-016  -2.5278586860170097E-016
  -4.8449548555168420E-017  -7.3629369609420865E-016   5.0207541480547607E-016   5.4675469287163640E-015  -1.1734116824903481E-016  -1.9379351503525937E-016   1.1107879956009683E-015  -1.9667766222067382E-016   7.8210718912924249E-002   6.3680106381165177E-016   8.9186881588791349E-017   9.9491453916368522E-017   1.1302646054610199E-015  -9.5026811654976464E-015  -3.8809016764116610E-016   2.1688515783671643E-015   1.5094262645343278E-015   1.7171865058368677E-015   1.9352595480323724       -1.1663304870512684E-015  -6.0972798892913692E-016   6.3680921648478880E-016   4.1562266521495765E-016   6.9931604981514718E-015  -9.3707705878686009E-016  -2.3920939712080734E-016   5.8126910132122245E-016   4.5408076314187831E-016
  -1.3672032003772863E-016  -2.1893097489436739E-017  -1.5752633957800241E-015  -1.1367683721765670E-014  -3.9105359456463498E-002  -1.7664143666653799E-015   1.0521148703776121E-015  -3.9105359456462103E-002   3.6991622872489721E-016   7.8210718912926011E-002   1.3116866863491200E-015  -1.3704929440924445E-015   1.3233159424119295E-016   2.6261300488346788E-014 -0.96762977401616801        1.7577356670878159E-015   4.4972706114699355E-016 -0.96762977401617156       -1.1663304870512684E-015   1.9352595480323389       -2.4696474752685120E-016   9.0720821453415311E-016  -7.8198775928813401E-016  -3.5229450408836715E-014   5.6463080596739381E-015  -2.8689323430885083E-016   7.7824000103536101E-016  -3.3287751938741751E-016
 -0.22604843658818549        2.4504601023569268E-017  -1.6944293466406917E-016   5.1571097875649624E-016   1.9642920077600032E-016   8.4802922159173005E-016   8.6961249325788869E-017   2.7019907421295195E-016   8.0904492402693882E-017  -1.8572080078711397E-016 -0.24488016815202915       -6.7380725023832908E-016   5.6418483990806629E-016  -1.7875890283613845E-015   3.8522035489699918E-016  -1.4790080009162867E-015  -1.3913803529850012E-015   1.2138985140335657E-016  -6.0972798892913692E-016  -2.4696474752685120E-016  0.83831470426786314        2.5743740424158165E-016  -1.3015141219899212E-016   2.2627464637796347E-015  -5.3268719593671247E-016  0.72199683256065317        2.3850004852500442E-016   2.3019814407530681E-017
  -1.4040569614941879E-017 -0.22604843658819229       -2.0294684478436232E-015   7.1910351085622948E-016  -3.4155058352631986E-016  -3.4994398775106587E-016   1.8890536604357723E-016   2.7629643419357922E-016   3.2417456410542011E-016   1.9771865557265514E-016  -3.0164788449500765E-016 -0.24488016815201682       -8.8906926010471715E-018  -2.3444844617503370E-015   9.5692612133219463E-016   6.3483313787407728E-016   1.6183881599021090E-016   7.0843561979290343E-016   6.3680921648478880E-016   9.0720821453415311E-016   2.5743740424158165E-016  0.83831470426785692        1.0773078781073615E-015  -4.1759494977700500E-015   1.9023781557068264E-015   1.4402137436041484E-016  0.72199683256064806        1.0738096535702392E-015
  -6.0015481641761502E-016  -1.2837413941942318E-015 -0.22604843658818796        5.4232150180636746E-016  -6.4407131212389685E-016   2.7705468292606874E-017   8.5688906294697172E-017  -5.6285218187501703E-016   2.8644018056322400E-016   3.2902518243910440E-016   1.1132402155402832E-016   1.2514862545744592E-016 -0.24488016815201880       -7.0417947031365547E-016   4.6508043642577672E-016  -2.2573940036614019E-015  -3.9007821357569551E-016  -4.2024767746102928E-016   4.1562266521495765E-016  -7.8198775928813401E-016  -1.3015141219899212E-016   1.0773078781073615E-015  0.83831470426784815        2.3865326004463498E-015  -6.9198770411137111E-016   2.9345879974097272E-017   1.2983615408839959E-015  0.72199683256064584     
  -1.2629593336576658E-015   9.0107650920341248E-016   3.1423861603985129E-015 -0.54678667374496226       -8.3213422174424317E-015  -1.8886207640295293E-015   4.6290701382571878E-015  -3.0539120300756013E-015   3.4975234242522808E-015  -2.6722070038930363E-015  -9.2396587794750172E-016   7.0304092993852083E-015  -3.4346139530276719E-015  -1.2190778603770664       -2.4338737656614979E-014   1.4847395708298574E-015   4.4457469364053201E-015  -2.9211202827220719E-014   6.9931604981514718E-015  -3.5229450408836715E-014   2.2627464637796347E-015  -4.1759494977700500E-015   2.3865326004463498E-015   4.9116873107035328       -1.0755919369259439        1.9134315542407704E-015  -2.0899377656869987E-015   8.9606656656685743E-016
   1.8633184191194142E-016  -6.0214395515660352E-016  -9.9528050573542148E-016 -0.10339138663000169        2.7906049611385313E-015   6.6982668910696891E-016  -4.9964493261428314E-016   2.5409454903395143E-015  -8.0531265226419683E-016   3.6148993143187647E-015   6.5129413771945240E-017  -3.2698483941159654E-015   2.8088721063244372E-016 -0.25333316549445384        7.9584618403400567E-015  -5.4785149358691508E-016  -1.1088979899155573E-015   6.9377450336648258E-015  -9.3707705878686009E-016   5.6463080596739381E-015  -5.3268719593671247E-016   1.9023781557068264E-015  -6.9198770411137111E-016  -1.0755919369259439       0.43758547793575836       -4.2962225130803359E-016   1.2303246610803280E-015  -2.3967625716729408E-016
 -0.24930854740541722        4.9382298161546077E-017  -1.1966568694246530E-016   3.9351591855844266E-016   1.7672727165049116E-016   7.5150089849201913E-016   9.2575986720724667E-017   2.0215396585553638E-016   7.1984898390639055E-017  -1.1741504606139400E-016 -0.26975997608117441       -5.4251432486205468E-016   4.8841572142247836E-016  -1.5507596264818545E-015   5.0585850319162440E-016  -1.0446832520625096E-015  -9.1157117553982218E-016   1.3178769451768793E-017  -2.3920939712080734E-016  -2.8689323430885083E-016  0.72199683256065317        1.4402137436041484E-016   2.9345879974097272E-017   1.9134315542407704E-015  -4.2962225130803359E-016  0.62805106126720966        1.3738216158203610E-016   1.3052071856399391E-016
   2.6158072294644461E-017 -0.24930854740542344       -1.7886438914607360E-015   4.3630634518356355E-016  -2.2754636674882824E-016  -2.9766918953886885E-016   1.5929020476927787E-016   2.7592471238446949E-016   2.6245843670296459E-016   2.0848776880835847E-016  -2.6891278853464759E-016 -0.26975997608116298       -8.5705406318483362E-017  -2.1527934419750310E-015   8.9524437023064511E-016   5.5159616308064928E-016   1.0678955096324932E-016   7.1508014558904002E-016   5.8126910132122245E-016   7.7824000103536101E-016   2.3850004852500442E-016  0.72199683256064806        1.2983615408839959E-015  -2.0899377656869987E-015   1.2303246610803280E-015   1.3738216158203610E-016  0.62805106126720545        1.2311112112241273E-015
  -5.1634651898298478E-016  -1.0864728043981589E-015 -0.24930854740542033        5.2831189632845967E-016  -5.3951915531199971E-016   9.5223084961233757E-017   9.5053464964191857E-017  -4.5002284009855510E-016   2.2097999703090763E-016   2.9044836275082342E-016   1.1124213618792426E-016   6.1193752467409720E-017 -0.26975997608116531       -6.0730543976864932E-016   1.4909785289696912E-016  -8.6421669364106637E-016  -3.8073440918838674E-017  -2.5278586860170097E-016   4.5408076314187831E-016  -3.3287751938741751E-016   2.3019814407530681E-017   1.0738096535702392E-015  0.72199683256064584        8.9606656656685743E-016  -2.3967625716729408E-016   1.3052071856399391E-016   1.2311112112241273E-015  0.62805106126720800     
