  0.32251420582281820        2.2724905270309280E-016   3.1006357015825709E-016   3.1557578477449934E-016  -3.4881860826816517E-008  -9.7538151207078328E-010  -4.0207414813581237E-008  -6.9398675425456712E-009  -6.1352828405806624E-010   4.1821713734011819E-008  0.62584412591944594        5.4405973287121272E-008   1.3620831637479921E-009   6.6217889283581838E-008   1.7513712128615966E-008   9.5082765491571000E-010  -7.1919692987056923E-008  -4.0670009546925758E-017  -2.0123955367578451E-016  -3.3683755782233791E-017 -0.47198445873119910        4.8079374353811879E-017  -5.4146363662938985E-017   2.1071500204686712E-016  0.10256279713322872     
   2.2724905270309280E-016   1.6200267009398408E-005  -2.3833769904252553E-012   1.6157787996073440E-014   8.7189687904821302E-021  -4.2217788703829016E-020  -2.1997884100366178E-018  -2.0860077702094782E-018   3.0823283275824140E-019   2.4656685252310619E-018   4.6636034350120420E-016  -9.9814778722522763E-019   3.1901293908290296E-018   1.0420045852885442E-018   9.2599141952288376E-019  -2.9289467540617476E-019  -1.3509864884524076E-018   1.1387700612150908E-003  -8.4231070049393268E-011   1.1156840635710404E-011   9.9040090784074873E-017   4.7848768714391539E-003  -3.5120582203695548E-010  -6.4900526571109855E-012  -9.2776364369788060E-017
   3.1006357015825709E-016  -2.3833769904252553E-012   1.6200369822054254E-005  -5.8131004278514784E-013  -1.6765297924250745E-018   2.3986508358215336E-019   1.3417430505478271E-018   7.7162850788987800E-020  -9.4415254904794566E-019   1.2336376799780879E-018   6.0539744984288760E-016   1.8523660121309184E-018  -1.9081244533630123E-018  -2.3404441698501902E-019   4.2114124774301315E-019   1.1006480587981335E-018  -2.9210042533913796E-018  -8.4230794312031561E-011   1.1387736973001281E-003  -2.0445192938034015E-011  -3.9623998577394991E-016  -3.5120465640400006E-010   4.7848920193511134E-003  -8.5742418282798052E-011   7.6573800659942272E-017
   3.1557578477449934E-016   1.6157787996073440E-014  -5.8131004278514784E-013   1.6200266951538725E-005   1.8411554229945108E-019  -3.5242281270578083E-019   1.3914151399757469E-018  -5.7585303501314444E-019  -1.9553123718754323E-019  -2.3355326308356157E-020   5.5514394673654482E-016  -1.2752767852790143E-018  -4.5682107005796133E-019   2.1315361701159702E-018   9.3787621120348636E-020   1.2707429620851437E-018   1.4974001087729062E-018   1.1156837947982218E-011  -2.0445212088462953E-011   1.1387700358492349E-003  -1.3959902809070220E-015  -6.4900689274492319E-012  -8.5742511272616100E-011   4.7848768824564590E-003   4.5777935784205249E-016
  -3.4881860826816517E-008   8.7189687904821302E-021  -1.6765297924250745E-018   1.8411554229945108E-019   3.7761762756236699E-015   1.0564700672273998E-016   4.3514686251880099E-015   7.4893303367299719E-016   6.6420360919456963E-017  -4.5251077337258385E-015  -6.7825054321030421E-008  -5.8889511882884031E-015  -1.4755749171403999E-016  -7.1647452055840312E-015  -1.8904743817835385E-015  -1.0292320513454099E-016   7.7794263879369601E-015   6.1465291955405338E-019  -1.1784603764687886E-016   1.2944390537167722E-017   4.8682869930396899E-008   2.5826228085433192E-018  -4.9516480936071675E-016   5.4389621187465808E-017  -1.0188678479312174E-008
  -9.7538151207078328E-010  -4.2217788703829016E-020   2.3986508358215336E-019  -3.5242281270578083E-019   1.0564700672273998E-016   2.9566077241367944E-018   1.2172238625004329E-016   2.0915460509379314E-017   1.8582930142719693E-018  -1.2656242329278518E-016  -1.8987357970419268E-009  -1.6474333301992568E-016  -4.1299103253438515E-018  -2.0038981585777207E-016  -5.2802341053099936E-017  -2.8793516859705430E-018   2.1754569692619149E-016  -2.9675758505330121E-018   1.6860918741269561E-017  -2.4772895193119882E-017   1.3233983458547354E-009  -1.2469140865616301E-017   7.0846097917733645E-017  -1.0409059851745971E-016  -2.7041486650380170E-010
  -4.0207414813581237E-008  -2.1997884100366178E-018   1.3417430505478271E-018   1.3914151399757469E-018   4.3514686251880099E-015   1.2172238625004329E-016   5.0148395298749444E-015   8.6385956822607525E-016   7.6538604362456815E-017  -5.2153263747090012E-015  -7.8132130996618115E-008  -6.7864129060416325E-015  -1.7000105353996594E-016  -8.2575998373248393E-015  -2.1804195890130740E-015  -1.1860676823655828E-016   8.9668334381458511E-015  -1.5462832409829313E-016   9.4317972751399770E-017   9.7809837972369674E-017   5.6949636196797418E-008  -6.4971634794146915E-016   3.9630455536648083E-016   4.1097673413516821E-016  -1.2063098211161716E-008
  -6.9398675425456712E-009  -2.0860077702094782E-018   7.7162850788987800E-020  -5.7585303501314444E-019   7.4893303367299719E-016   2.0915460509379314E-017   8.6385956822607525E-016   1.5011710735790482E-016   1.3171777824024312E-017  -8.9904982263171070E-016  -1.3402343056599471E-008  -1.1685203657685012E-015  -2.9195571061040438E-017  -1.4235124821873171E-015  -3.7863324574985214E-016  -2.0419420636197098E-017   1.5471537749212494E-015  -1.4663202476502376E-016   5.4244726869219098E-018  -4.0478080524727195E-017   1.1277430649846692E-008  -6.1611752223511224E-016   2.2792496422199566E-017  -1.7008054840695804E-016  -2.6355723040378674E-009
  -6.1352828405806624E-010   3.0823283275824140E-019  -9.4415254904794566E-019  -1.9553123718754323E-019   6.6420360919456963E-017   1.8582930142719693E-018   7.6538604362456815E-017   1.3171777824024312E-017   1.1682900889777795E-018  -7.9592111035665474E-017  -1.1930415265075308E-009  -1.0358211850521522E-016  -2.5954990591640570E-018  -1.2602067230866088E-016  -3.3248781523517553E-017  -1.8103428832615284E-018   1.3683091441332906E-016   2.1666726087584615E-017  -6.6367336032474236E-017  -1.3744494136909413E-017   8.5481778969813784E-010   9.1039113338439490E-017  -2.7886184841249850E-016  -5.7751532030207419E-017  -1.7865067624916306E-010
   4.1821713734011819E-008   2.4656685252310619E-018   1.2336376799780879E-018  -2.3355326308356157E-020  -4.5251077337258385E-015  -1.2656242329278518E-016  -5.2153263747090012E-015  -8.9904982263171070E-016  -7.9592111035665474E-017   5.4241556623882087E-015   8.1227369263463489E-008   7.0574690948624763E-015   1.7675300146893327E-016   8.5882546889203727E-015   2.2691068249299879E-015   1.2334258280256400E-016  -9.3265769010600342E-015   1.7331785812680350E-016   8.6713334580709421E-017  -1.6445494431826911E-018  -5.9960274197274692E-008   7.2824591205591795E-016   3.6435163543636452E-016  -6.9100197575233520E-018   1.2824244231258076E-008
  0.62584412591944594        4.6636034350120420E-016   6.0539744984288760E-016   5.5514394673654482E-016  -6.7825054321030421E-008  -1.8987357970419268E-009  -7.8132130996618115E-008  -1.3402343056599471E-008  -1.1930415265075308E-009   8.1227369263463489E-008   1.2197750953973248        1.0575576820292923E-007   2.6525057538035041E-009   1.2860926096407623E-007   3.3839771730983697E-008   1.8484299805041258E-009  -1.3959555458643362E-007  -2.4405071659264549E-017  -3.5159190907072694E-016  -3.0044638474597894E-016 -0.82363153874782402        2.2045534843485486E-016  -2.9324729938515955E-018  -5.5377320134776377E-016  0.16375575978789914     
   5.4405973287121272E-008  -9.9814778722522763E-019   1.8523660121309184E-018  -1.2752767852790143E-018  -5.8889511882884031E-015  -1.6474333301992568E-016  -6.7864129060416325E-015  -1.1685203657685012E-015  -1.0358211850521522E-016   7.0574690948624763E-015   1.0575576820292923E-007   9.1840233930814057E-015   2.3009146039712431E-016   1.1174319081919595E-014   2.9495020428640498E-015   1.6051117059936602E-016  -1.2133526711829090E-014  -7.0165842967827968E-017   1.3020476508641590E-016  -8.9647016463060281E-017  -7.6494167861782511E-008  -2.9482235909330615E-016   5.4709367829739077E-016  -3.7667821487166793E-016   1.6106511946312755E-008
   1.3620831637479921E-009   3.1901293908290296E-018  -1.9081244533630123E-018  -4.5682107005796133E-019  -1.4755749171403999E-016  -4.1299103253438515E-018  -1.7000105353996594E-016  -2.9195571061040438E-017  -2.5954990591640570E-018   1.7675300146893327E-016   2.6525057538035041E-009   2.3009146039712431E-016   5.7690125785448550E-018   2.7985775645279837E-016   7.3709189479092986E-017   4.0215281893885582E-018  -3.0380068178236303E-016   2.2424460849752234E-016  -1.3412799938768356E-016  -3.2111542779165634E-017  -1.8308276054380773E-009   9.4222958566192274E-016  -5.6357816401658737E-016  -1.3492609052949253E-016   3.7103074266272649E-010
   6.6217889283581838E-008   1.0420045852885442E-018  -2.3404441698501902E-019   2.1315361701159702E-018  -7.1647452055840312E-015  -2.0038981585777207E-016  -8.2575998373248393E-015  -1.4235124821873171E-015  -1.2602067230866088E-016   8.5882546889203727E-015   1.2860926096407623E-007   1.1174319081919595E-014   2.7985775645279837E-016   1.3598083164874048E-014   3.5927917142652094E-015   1.9529226282686715E-016  -1.4767112349870675E-014   7.3242605560304193E-017  -1.6456213051477212E-017   1.4982820558340323E-016  -9.4956136961126734E-008   3.0775035451630023E-016  -6.9145449089098669E-017   6.2954729551946978E-016   2.0312287857932421E-008
   1.7513712128615966E-008   9.2599141952288376E-019   4.2114124774301315E-019   9.3787621120348636E-020  -1.8904743817835385E-015  -5.2802341053099936E-017  -2.1804195890130740E-015  -3.7863324574985214E-016  -3.3248781523517553E-017   2.2691068249299879E-015   3.3839771730983697E-008   2.9495020428640498E-015   7.3709189479092986E-017   3.5927917142652094E-015   9.5506345470766624E-016   5.1541955157067353E-017  -3.9045659098134480E-015   6.5090163099045141E-017   2.9602126842587458E-017   6.5913309706833503E-018  -2.8163064583372690E-008   2.7349545183282038E-016   1.2438207157263547E-016   2.7695429035404316E-017   6.5376628827227890E-009
   9.5082765491571000E-010  -2.9289467540617476E-019   1.1006480587981335E-018   1.2707429620851437E-018  -1.0292320513454099E-016  -2.8793516859705430E-018  -1.1860676823655828E-016  -2.0419420636197098E-017  -1.8103428832615284E-018   1.2334258280256400E-016   1.8484299805041258E-009   1.6051117059936602E-016   4.0215281893885582E-018   1.9529226282686715E-016   5.1541955157067353E-017   2.8052950841884327E-018  -2.1205314805306095E-016  -2.0588572107085470E-017   7.7367863932150106E-017   8.9324639511128468E-017  -1.3336223426912324E-009  -8.6508936036416976E-017   3.2508379683584923E-016   3.7532371900163477E-016   2.8025109346300346E-010
  -7.1919692987056923E-008  -1.3509864884524076E-018  -2.9210042533913796E-018   1.4974001087729062E-018   7.7794263879369601E-015   2.1754569692619149E-016   8.9668334381458511E-015   1.5471537749212494E-015   1.3683091441332906E-016  -9.3265769010600342E-015  -1.3959555458643362E-007  -1.2133526711829090E-014  -3.0380068178236303E-016  -1.4767112349870675E-014  -3.9045659098134480E-015  -2.1205314805306095E-016   1.6038094309768082E-014  -9.4961716258607747E-017  -2.0532144903439043E-016   1.0526210291298615E-016   1.0465724421553152E-007  -3.9900959491884280E-016  -8.6271852430559150E-016   4.4228957767699816E-016  -2.2644177500598365E-008
  -4.0670009546925758E-017   1.1387700612150908E-003  -8.4230794312031561E-011   1.1156837947982218E-011   6.1465291955405338E-019  -2.9675758505330121E-018  -1.5462832409829313E-016  -1.4663202476502376E-016   2.1666726087584615E-017   1.7331785812680350E-016  -2.4405071659264549E-017  -7.0165842967827968E-017   2.2424460849752234E-016   7.3242605560304193E-017   6.5090163099045141E-017  -2.0588572107085470E-017  -9.4961716258607747E-017   8.0047893751844082E-002  -6.5142039145819420E-011   1.4886639648151709E-009   3.7222773981113013E-016  0.33634473583888225       -8.2814541804547039E-011   2.5035907542160054E-009  -1.3618761599637726E-016
  -2.0123955367578451E-016  -8.4231070049393268E-011   1.1387736973001281E-003  -2.0445212088462953E-011  -1.1784603764687886E-016   1.6860918741269561E-017   9.4317972751399770E-017   5.4244726869219098E-018  -6.6367336032474236E-017   8.6713334580709421E-017  -3.5159190907072694E-016   1.3020476508641590E-016  -1.3412799938768356E-016  -1.6456213051477212E-017   2.9602126842587458E-017   7.7367863932150106E-017  -2.0532144903439043E-016  -6.5142039145819420E-011   8.0047896924995782E-002  -1.9874616567871052E-012   4.8120510535597780E-016  -8.2814046825597717E-011  0.33634474002195569        3.1815770771924509E-012  -1.3818018338383833E-016
  -3.3683755782233791E-017   1.1156840635710404E-011  -2.0445192938034015E-011   1.1387700358492349E-003   1.2944390537167722E-017  -2.4772895193119882E-017   9.7809837972369674E-017  -4.0478080524727195E-017  -1.3744494136909413E-017  -1.6445494431826911E-018  -3.0044638474597894E-016  -8.9647016463060281E-017  -3.2111542779165634E-017   1.4982820558340323E-016   6.5913309706833503E-018   8.9324639511128468E-017   1.0526210291298615E-016   1.4886639648151709E-009  -1.9874616567871052E-012   8.0047890471637975E-002   1.5234362954684212E-016   2.5035904043575169E-009   3.1806967541563036E-012  0.33634473032258133       -2.7496971254939921E-017
 -0.47198445873119910        9.9040090784074873E-017  -3.9623998577394991E-016  -1.3959902809070220E-015   4.8682869930396899E-008   1.3233983458547354E-009   5.6949636196797418E-008   1.1277430649846692E-008   8.5481778969813784E-010  -5.9960274197274692E-008 -0.82363153874782402       -7.6494167861782511E-008  -1.8308276054380773E-009  -9.4956136961126734E-008  -2.8163064583372690E-008  -1.3336223426912324E-009   1.0465724421553152E-007   3.7222773981113013E-016   4.8120510535597780E-016   1.5234362954684212E-016   2.2925082191019275       -5.2565878248231824E-016  -2.0192655870746828E-016   5.6036940495078906E-016 -0.76240893042495217     
   4.8079374353811879E-017   4.7848768714391539E-003  -3.5120465640400006E-010  -6.4900689274492319E-012   2.5826228085433192E-018  -1.2469140865616301E-017  -6.4971634794146915E-016  -6.1611752223511224E-016   9.1039113338439490E-017   7.2824591205591795E-016   2.2045534843485486E-016  -2.9482235909330615E-016   9.4222958566192274E-016   3.0775035451630023E-016   2.7349545183282038E-016  -8.6508936036416976E-017  -3.9900959491884280E-016  0.33634473583888225       -8.2814046825597717E-011   2.5035904043575169E-009  -5.2565878248231824E-016   1.4132511928075728        4.5415009865832148E-010  -5.2433251047998963E-009   1.7372733908570060E-016
  -5.4146363662938985E-017  -3.5120582203695548E-010   4.7848920193511134E-003  -8.5742511272616100E-011  -4.9516480936071675E-016   7.0846097917733645E-017   3.9630455536648083E-016   2.2792496422199566E-017  -2.7886184841249850E-016   3.6435163543636452E-016  -2.9324729938515955E-018   5.4709367829739077E-016  -5.6357816401658737E-016  -6.9145449089098669E-017   1.2438207157263547E-016   3.2508379683584923E-016  -8.6271852430559150E-016  -8.2814541804547039E-011  0.33634474002195569        3.1806967541563036E-012  -2.0192655870746828E-016   4.5415009865832148E-010   1.4132511719381808        6.1821728359928892E-011   7.8439072251601117E-017
   2.1071500204686712E-016  -6.4900526571109855E-012  -8.5742418282798052E-011   4.7848768824564590E-003   5.4389621187465808E-017  -1.0409059851745971E-016   4.1097673413516821E-016  -1.7008054840695804E-016  -5.7751532030207419E-017  -6.9100197575233520E-018  -5.5377320134776377E-016  -3.7667821487166793E-016  -1.3492609052949253E-016   6.2954729551946978E-016   2.7695429035404316E-017   3.7532371900163477E-016   4.4228957767699816E-016   2.5035907542160054E-009   3.1815770771924509E-012  0.33634473032258133        5.6036940495078906E-016  -5.2433251047998963E-009   6.1821728359928892E-011   1.4132512043631258       -1.7009270133970990E-016
  0.10256279713322872       -9.2776364369788060E-017   7.6573800659942272E-017   4.5777935784205249E-016  -1.0188678479312174E-008  -2.7041486650380170E-010  -1.2063098211161716E-008  -2.6355723040378674E-009  -1.7865067624916306E-010   1.2824244231258076E-008  0.16375575978789914        1.6106511946312755E-008   3.7103074266272649E-010   2.0312287857932421E-008   6.5376628827227890E-009   2.8025109346300346E-010  -2.2644177500598365E-008  -1.3618761599637726E-016  -1.3818018338383833E-016  -2.7496971254939921E-017 -0.76240893042495217        1.7372733908570060E-016   7.8439072251601117E-017  -1.7009270133970990E-016  0.26668502132157396     
