  0.28931537094605836        8.3560216608453693E-016  -2.8893794045658292E-016  -7.7326848951135734E-017  0.52914526213996005        3.0809736466836445E-016   4.3075181389984675E-017  -6.6152437532336301E-017 -0.21547968850563862     
   8.3560216608453693E-016   3.3992082707227509E-030  -6.4409191583772312E-031  -5.0014357296707811E-031   1.5804807142034724E-015   1.4860318211008772E-030   4.9306929139010134E-031   1.7193615560273908E-031   7.6613637264524135E-016
  -2.8893794045658292E-016  -6.4409191583772312E-031   3.2534248215503447E-031   2.3757895463422939E-032  -5.1837191075231587E-016  -1.9253688705186729E-031   2.8191099463524514E-032   1.3618267868876940E-031   4.8339796275943544E-016
  -7.7326848951135734E-017  -5.0014357296707811E-031   2.3757895463422939E-032   9.8392408845037105E-032  -1.5608485965434391E-016  -2.4974915163999026E-031  -1.1502878545939940E-031  -8.4245290010938148E-032  -3.3228057531534438E-016
  0.52914526213996005        1.5804807142034724E-015  -5.1837191075231587E-016  -1.5608485965434391E-016  0.97054783288749291        5.9506556511035093E-016   9.8303730751730254E-017  -1.0176862338552351E-016 -0.32058048245067955     
   3.0809736466836445E-016   1.4860318211008772E-030  -1.9253688705186729E-031  -2.4974915163999026E-031   5.9506556511035093E-016   6.8864670178184675E-031   2.6882208553693966E-031   1.4907978229398174E-031   6.1023277704494416E-016
   4.3075181389984675E-017   4.9306929139010134E-031   2.8191099463524514E-032  -1.1502878545939940E-031   9.8303730751730254E-017   2.6882208553693966E-031   1.4427825490035763E-031   1.2589858874251495E-031   4.8716028875243596E-016
  -6.6152437532336301E-017   1.7193615560273908E-031   1.3618267868876940E-031  -8.4245290010938148E-032  -1.0176862338552351E-016   1.4907978229398174E-031   1.2589858874251495E-031   1.4878903876083445E-031   5.6053831342807715E-016
 -0.21547968850563862        7.6613637264524135E-016   4.8339796275943544E-016  -3.3228057531534438E-016 -0.32058048245067955        6.1023277704494416E-016   4.8716028875243596E-016   5.6053831342807715E-016   2.1161159296773913     
