  0.34297802076173861       -3.9335846419776748E-016   2.2165203453862706E-017  -1.0722794045798590E-016  0.62268005314133090        9.5035458258670756E-016   1.6755524268031822E-017  -7.7658185365922223E-018   1.2387184227323081E-015   1.7661060223138965E-017   1.6495696012184622E-017  -3.8711362365225346E-016   2.5354817472382392E-016  -2.4874338015964052E-017 -0.46857888354783978       -2.7842476882962587E-016  -1.3965701525102814E-016  -1.0634763946420497E-016   8.3864019630230921E-002
  -3.9335846419776748E-016  0.74576968602112481       -9.6535114084889439E-016   2.4661820587280214E-016   2.6185169236342816E-016  -2.9790529004260520E-016   7.7899544076162888E-017  -5.6606505488888224E-018  -3.3303142949994197E-018  -6.0358868833332828E-017   9.7442903403176015E-017  0.52916952810054319       -2.9140990865673451E-016   2.1409503086729722E-016  -2.0846800951341822E-015  0.31600887922818199       -9.9576522711465030E-017   2.6997338191026461E-016   9.7919191164268420E-016
   2.2165203453862706E-017  -9.6535114084889439E-016  0.74576968602112281       -6.1158371727253984E-017   5.0173773128627908E-016  -3.1989128602058976E-016   7.3082271119283104E-017  -1.0871709504594412E-016  -9.8546790252357471E-017   1.4952173069211276E-016  -1.4843142409793794E-016  -4.1864705657567511E-016  0.52916952810054352        6.5022447579447920E-016   9.8446254033690254E-016   7.2545476138442438E-016  0.31600887922818760        4.1232053330250077E-016  -5.2999819202806935E-016
  -1.0722794045798590E-016   2.4661820587280214E-016  -6.1158371727253984E-017  0.74576968602112459       -4.0291112018062279E-016   1.3701556143846658E-016  -1.5093457834281035E-016  -9.7262455916966003E-017   1.8033726361550852E-016   7.0756320281275763E-017   2.4010789099337266E-016   3.3323019284046493E-016   4.9420974193750564E-016  0.52916952810054485       -1.4774686235789924E-016   6.5439719390904023E-016   8.8020699263351550E-017  0.31600887922818532       -6.0610808556832148E-016
  0.62268005314133090        2.6185169236342816E-016   5.0173773128627908E-016  -4.0291112018062279E-016   1.1345408486181958        2.2175596391730897E-015   3.0303266251621619E-017  -1.4567322575542726E-017   2.7630638239509259E-015   3.1873701551044143E-017   5.5064910094296237E-016   8.5424336670749440E-017   7.2181698592027104E-016  -1.9404312378348971E-016 -0.76548285095826973        4.9407512788009431E-016   1.3755234613308210E-016  -6.6680224990905274E-017   9.4756148132581985E-002
   9.5035458258670756E-016  -2.9790529004260520E-016  -3.1989128602058976E-016   1.3701556143846658E-016   2.2175596391730897E-015   8.5772759808051258E-029  -4.6205822361111166E-032   3.2942485085198509E-031   8.9234043251578514E-029  -1.9662051173807814E-031   8.7637774510974017E-029  -2.0771892013484719E-016  -1.9453291492108876E-016   7.6543634276384800E-017   1.1612453442495422E-014  -2.0493623463016359E-016  -8.3271870847303763E-016   5.0230385999959284E-016  -1.1857084421533804E-015
   1.6755524268031822E-017   7.7899544076162888E-017   7.3082271119283104E-017  -1.5093457834281035E-016   3.0303266251621619E-017  -4.6205822361111166E-032   1.4158364410310963E-031  -2.2493004898539304E-031  -6.1127256036995027E-032  -1.4674417604718794E-032  -1.4725827290354037E-031   4.4435300982766530E-017   6.3244167429551930E-017  -9.4874521665876919E-017  -2.6101414470363419E-017   2.6588570839972160E-016  -2.1369524719791868E-016  -3.2656013243896337E-016   4.1042877815157759E-018
  -7.7658185365922223E-018  -5.6606505488888224E-018  -1.0871709504594412E-016  -9.7262455916966003E-017  -1.4567322575542726E-017   3.2942485085198509E-031  -2.2493004898539304E-031   2.4630879614154165E-030  -5.5309281234277127E-031  -8.4721853349069596E-032   3.1164013002541144E-031  -3.1711514720368142E-017  -8.5275505792065910E-017  -1.6564559556596480E-016  -8.1150697775241940E-019   5.9261735476671937E-016   1.2868953373369386E-016   2.0348888460791629E-015   1.3172600489293553E-018
   1.2387184227323081E-015  -3.3303142949994197E-018  -9.8546790252357471E-017   1.8033726361550852E-016   2.7630638239509259E-015   8.9234043251578514E-029  -6.1127256036995027E-032  -5.5309281234277127E-031   9.4501806232778446E-029   1.5438070558424770E-031   9.1561089190599749E-029   9.7448313426280580E-018  -9.7238151891812367E-017   1.4590122926092888E-016   1.1775896939541150E-014  -2.6154504521715096E-016   5.4505538063656684E-016  -3.0903726256552642E-016  -1.2196577997631719E-015
   1.7661060223138965E-017  -6.0358868833332828E-017   1.4952173069211276E-016   7.0756320281275763E-017   3.1873701551044143E-017  -1.9662051173807814E-031  -1.4674417604718794E-032  -8.4721853349069596E-032   1.5438070558424770E-031   1.5747955295752589E-031   4.8606240415234440E-032  -5.1743034840279012E-017   8.7147183604707251E-017   5.6681329948184878E-017  -2.9076032489587303E-017   1.6595302127118019E-016   4.7044219831595966E-016  -1.0913895072298800E-016   4.9527484679958746E-018
   1.6495696012184622E-017   9.7442903403176015E-017  -1.4843142409793794E-016   2.4010789099337266E-016   5.5064910094296237E-016   8.7637774510974017E-029  -1.4725827290354037E-031   3.1164013002541144E-031   9.1561089190599749E-029   4.8606240415234440E-032   9.3378530699907755E-029   6.0267877521379096E-017  -1.2672634077046211E-016   1.5752491116447054E-016   1.3676236169008054E-014   2.3194186109504596E-016   3.9698551627318983E-016   3.7774315583709829E-016  -1.4103908133421121E-015
  -3.8711362365225346E-016  0.52916952810054319       -4.1864705657567511E-016   3.3323019284046493E-016   8.5424336670749440E-017  -2.0771892013484719E-016   4.4435300982766530E-017  -3.1711514720368142E-017   9.7448313426280580E-018  -5.1743034840279012E-017   6.0267877521379096E-017  0.37965658068238234       -1.1789595718296603E-017   2.3777107743326771E-016   1.3956223686196442E-015  0.13446046770697404        4.3092393556956703E-016   9.1735677243912496E-016  -6.5506322461580093E-016
   2.5354817472382392E-016  -2.9140990865673451E-016  0.52916952810054352        4.9420974193750564E-016   7.2181698592027104E-016  -1.9453291492108876E-016   6.3244167429551930E-017  -8.5275505792065910E-017  -9.7238151891812367E-017   8.7147183604707251E-017  -1.2672634077046211E-016  -1.1789595718296603E-017  0.37965658068238439        7.9025198775598991E-016  -8.0744207070605613E-016   1.9689925839222573E-016  0.13446046770697145        2.6517156977879984E-016   4.0687959216755049E-016
  -2.4874338015964052E-017   2.1409503086729722E-016   6.5022447579447920E-016  0.52916952810054485       -1.9404312378348971E-016   7.6543634276384800E-017  -9.4874521665876919E-017  -1.6564559556596480E-016   1.4590122926092888E-016   5.6681329948184878E-017   1.5752491116447054E-016   2.3777107743326771E-016   7.9025198775598991E-016  0.37965658068238517        4.3060585423719248E-016   3.8304750698512571E-016   1.7606246141265805E-015  0.13446046770697273        3.6792631169860678E-016
 -0.46857888354783978       -2.0846800951341822E-015   9.8446254033690254E-016  -1.4774686235789924E-016 -0.76548285095826973        1.1612453442495422E-014  -2.6101414470363419E-017  -8.1150697775241940E-019   1.1775896939541150E-014  -2.9076032489587303E-017   1.3676236169008054E-014   1.3956223686196442E-015  -8.0744207070605613E-016   4.3060585423719248E-016   2.7205861057467149        2.5030074800529106E-016  -2.1627259018185671E-016   1.5406104196987178E-016 -0.69482946335150231     
  -2.7842476882962587E-016  0.31600887922818199        7.2545476138442438E-016   6.5439719390904023E-016   4.9407512788009431E-016  -2.0493623463016359E-016   2.6588570839972160E-016   5.9261735476671937E-016  -2.6154504521715096E-016   1.6595302127118019E-016   2.3194186109504596E-016  0.13446046770697404        1.9689925839222573E-016   3.8304750698512571E-016   2.5030074800529106E-016   2.0625230349267052       -2.6739599300066975E-016   4.9521283629366177E-016   2.2742231455985248E-016
  -1.3965701525102814E-016  -9.9576522711465030E-017  0.31600887922818760        8.8020699263351550E-017   1.3755234613308210E-016  -8.3271870847303763E-016  -2.1369524719791868E-016   1.2868953373369386E-016   5.4505538063656684E-016   4.7044219831595966E-016   3.9698551627318983E-016   4.3092393556956703E-016  0.13446046770697145        1.7606246141265805E-015  -2.1627259018185671E-016  -2.6739599300066975E-016   2.0625230349267030       -1.9964227753604972E-016   2.6387291925293098E-016
  -1.0634763946420497E-016   2.6997338191026461E-016   4.1232053330250077E-016  0.31600887922818532       -6.6680224990905274E-017   5.0230385999959284E-016  -3.2656013243896337E-016   2.0348888460791629E-015  -3.0903726256552642E-016  -1.0913895072298800E-016   3.7774315583709829E-016   9.1735677243912496E-016   2.6517156977879984E-016  0.13446046770697273        1.5406104196987178E-016   4.9521283629366177E-016  -1.9964227753604972E-016   2.0625230349266976       -1.3699849027470783E-016
   8.3864019630230921E-002   9.7919191164268420E-016  -5.2999819202806935E-016  -6.0610808556832148E-016   9.4756148132581985E-002  -1.1857084421533804E-015   4.1042877815157759E-018   1.3172600489293553E-018  -1.2196577997631719E-015   4.9527484679958746E-018  -1.4103908133421121E-015  -6.5506322461580093E-016   4.0687959216755049E-016   3.6792631169860678E-016 -0.69482946335150231        2.2742231455985248E-016   2.6387291925293098E-016  -1.3699849027470783E-016   2.1869861794906122     
