 5.8742162091928618E-001 -1.2199259995948900E-015 -7.2739307512336385E-016  6.4404127164184780E-016  7.1664650630917615E-001  2.9815474362882447E-015  1.1164276811960189E-016  2.4226428032025439E-016  1.7277159249493742E-014 -1.3026477154799954E-015  3.9382115797554559E-014 -2.7013939799949405E-016  6.2657774970956343E-016 -1.7167077836131703E-016  2.5375486490800585E-014  1.6454217377280184E-016  1.3670383122459782E-016  3.3974402869162094E-014 -2.9995776207509476E-015  9.1697222552674421E-014 -2.0330642775813690E-001  2.7393169801619354E-016 -1.6830970135399731E-016  6.8370431309520071E-017  9.7234867958413127E-017 -7.5780592423313167E-017  7.4808569146267131E-017 -2.9208497850898026E-016  2.6168586880048559E-018 -1.7697604524567450E-016  3.4303559854656269E-016  1.8253337594062163E-016 -1.1325815051955792E-015  5.6023435977875532E-016 -6.0763968549998904E-001  4.2080482804151403E-001 -1.8388629594310996E-001
-1.2199259995948900E-015  2.5624344888701917E-006 -6.3732876533775669E-018  2.3486106044995928E-018 -1.4899909197389210E-015 -2.8659032007614620E-017 -2.6275481060649540E-016 -3.4768025688248495E-017 -1.8876933419308030E-016 -4.2456468758517063E-016  2.1826194884473296E-016  2.2266888428320965E-004 -4.0226611104643773E-016  1.6603878645257978E-016 -1.5140191898860827E-016 -1.3755250463908403E-015 -1.8681266909625206E-016 -9.8443490107418934E-016 -2.2095857160717575E-015  1.1365153420199369E-015  4.2987233427182281E-016  1.4679203634251515E-017  1.6251968770292241E-018 -1.6831426871400683E-018  1.4444923814527726E-017  1.7374925124170645E-019  1.4178932403432543E-017  1.9382704148592778E-019 -6.7026398637914980E-019 -2.2517286755494544E-018  7.1815446921889951E-019  2.1057856159471221E-003 -3.8677828301247940E-015  1.5595164049031551E-015  1.2767477228418962E-015 -8.9032893833187730E-016  3.8952111272682227E-016
-7.2739307512336385E-016 -6.3732876533775669E-018  2.5624344888561445E-006  4.6237411008111038E-019 -8.6634478559370423E-016 -4.9425566228016011E-016  3.0562548207294066E-016  1.0463184717114622E-016  1.5720357076877455E-016 -5.7737699226102157E-017  3.4238429778918405E-016 -1.3791051634014931E-016  2.2266888428261030E-004  4.3286771736493274E-017 -2.5749806060091840E-015  1.5873600892482505E-015  5.4212024207646391E-016  8.1743135320034411E-016 -2.9094018391974163E-016  1.7667228350552878E-015  1.0488445950163488E-015  1.3291049772178413E-018  5.5404287833759958E-018  5.0516008612961290E-019  2.0021885538661049E-018  1.9284487556633595E-019 -3.0338053831976950E-020  1.7731735585884334E-017 -8.2053385603644878E-019  1.2188058602972276E-017  1.8393646285345388E-018 -1.3801893655740418E-015  2.1057856159413437E-003  3.6917083973131727E-016  2.9492724042231068E-015 -2.8042002384713600E-015  1.2774644106881942E-015
 6.4404127164184780E-016  2.3486106044995928E-018  4.6237411008111038E-019  2.5624344888665066E-006  7.7487515010643180E-016 -3.9239397322143511E-018 -1.0373065895785064E-016 -2.8578884311583538E-016  1.6255432061581663E-017 -1.1084282548033934E-016 -1.4222493302754463E-017  3.9363315124800329E-017 -1.7347234759739338E-018  2.2266888428306109E-004 -1.1522459888726596E-017 -5.3809674482382784E-016 -1.4824182729892674E-015  8.1782633885048169E-017 -5.7352082424928422E-016 -6.8168336631961345E-017 -5.2515753452177091E-016 -9.2007797846004722E-019 -7.7511015332010658E-019  7.0206718341160822E-018 -3.2550484435428880E-019 -7.8673891054472059E-019  6.2422086703460127E-019  3.1085901750524230E-018  6.5518536249739417E-018  1.9082479319666195E-018  2.6186610715884150E-017  3.7296554733501348E-016  3.9031278209499599E-018  2.1057856159455999E-003 -1.4834088909784628E-015  1.3142932873369656E-015 -5.9390712660558196E-016
 7.1664650630917615E-001 -1.4899909197389210E-015 -8.6634478559370423E-016  7.7487515010643180E-016  8.7453275708738532E-001  6.5641558494791630E-015  2.5842661177322389E-016  3.1829486457930669E-016  3.3560368399601986E-014 -1.9018234821722358E-015  3.3768919820326708E-014 -4.9590340481315170E-016  4.9456742878731030E-016 -3.4474099850746908E-016  4.6668387610585849E-014  8.4511727554366490E-016  2.2845830922436995E-016  1.0684062166037461E-013 -5.3645368049216645E-015  3.8457651629528371E-014 -2.4028332870601818E-001  3.2764505278742804E-016 -2.1629082728982572E-016  8.2838060415491188E-017  1.1116382553578448E-016 -9.7515560686015904E-017  8.7331420194971555E-017 -3.5232977769406135E-016 -1.2949931684457088E-017 -2.1411127628457588E-016  4.2733132010566333E-016 -1.3116453220308044E-015 -3.9945247821230219E-015 -8.0624291108945017E-016 -7.2014369546498302E-001  4.9133349495160356E-001 -2.1420199759735670E-001
 2.9815474362882447E-015 -2.8659032007614620E-017 -4.9425566228016011E-016 -3.9239397322143511E-018  6.5641558494791630E-015  6.1043351360899500E-002  3.5822039778921668E-016  2.3505503099487536E-016 -3.0521675680443859E-002  4.3368086899421474E-016 -3.0521675680447419E-002 -6.5267245686079544E-016  1.5194337696195245E-015 -8.8580502454237686E-016  3.1759954805286411E-001  1.0148132334464536E-015  1.2888995426508107E-015 -1.5879977402641399E-001  2.7061686225239749E-015 -1.5879977402642162E-001 -1.1312940229989469E-014  3.3895569829778201E-016 -1.3817915864192062E-016  1.0569729616895401E-016  1.7049585036401133E-016  5.9251495231503377E-017  9.1155031819079875E-017 -7.0927264043036130E-016  1.7143113527764418E-016 -1.6659125946899145E-016  4.5397608531355806E-016  5.0255408480294679E-016  6.0584754407336190E-016 -1.1076578165408948E-015  3.3456496390986523E-014 -2.4499452927136446E-014  1.1203950319664817E-014
 1.1164276811960189E-016 -2.6275481060649540E-016  3.0562548207294066E-016 -1.0373065895785064E-016  2.5842661177322389E-016  3.5822039778921668E-016  6.1043351360896926E-002  2.4025920142278798E-016 -4.8138576458355815E-016 -8.3266726846886593E-017 -9.2374025095753182E-017  2.2109320052826512E-016 -2.0378955240013730E-016  3.4065180836772623E-016  4.5796699765791336E-016  3.1759954805284529E-001  6.6960326172704803E-016 -6.2450045135163754E-016 -3.1918911957973078E-016 -1.5092094240995537E-016  4.7882107898691020E-018 -2.2867027726996785E-017  1.0176813547470064E-016 -1.6621058390669998E-016 -3.5033374647589969E-017 -7.6504259836715858E-017  1.0891563945745650E-016  5.1376356517010963E-017 -1.5087568731314088E-016 -1.6644024035644592E-016 -3.1080372089275150E-017  1.2213211702800664E-015  3.0991198826213166E-016 -2.6467956362707143E-016 -2.3555172247932468E-016  1.5111869197369021E-016 -1.2137169230495587E-017
 2.4226428032025439E-016 -3.4768025688248495E-017  1.0463184717114622E-016 -2.8578884311583538E-016  3.1829486457930669E-016  2.3505503099487536E-016  2.4025920142278798E-016  6.1043351360895351E-002 -4.1980308118637006E-016  2.4286128663675731E-017  5.4210108624310499E-017  1.7087121405511854E-016 -3.1175919385936606E-016  8.3346518950441851E-017 -6.4011296263533345E-016  6.9388939039072353E-016  3.1759954805284235E-001 -1.3183898417419832E-016 -4.9960036108131522E-016  1.5612511283799286E-016  9.3148735877484947E-016  2.9307184505844313E-017 -1.6722027731529786E-018  6.7681833886198462E-018 -1.9409557653594670E-017  6.1040342229148875E-017 -1.5368192469334597E-017  8.9989775856317128E-017 -1.7259534665312041E-016  5.9902965676675350E-017  2.1852031405397920E-017  6.6848156748512640E-016  6.7988183075452167E-016 -7.5099487925262638E-016  5.2724783533812120E-016 -9.1522818519470430E-016  5.0763767991770813E-016
 1.7277159249493742E-014 -1.8876933419308030E-016  1.5720357076877455E-016  1.6255432061581663E-017  3.3560368399601986E-014 -3.0521675680443859E-002 -4.8138576458355815E-016 -4.1980308118637006E-016  6.1043351360887906E-002 -7.2858385991013473E-017 -3.0521675680446760E-002  4.0011377530260188E-016 -4.8261662801546494E-016  1.9643778122891868E-016 -1.5879977402640580E-001 -1.5300261058115231E-015 -1.5959455978986211E-015  3.1759954805282181E-001  4.1633363423458309E-016 -1.5879977402642728E-001  1.3846815888163375E-014 -2.3511204900461286E-016  8.4476933800695176E-017  1.9766670054136527E-018 -1.7559865133928733E-016 -5.1826240955976073E-017 -1.6182897870767260E-016  3.8051929852949503E-016 -6.7389080536750872E-017  1.6259440861947751E-016 -1.3935365465733938E-016  3.1784890664691914E-016  4.7939684943470507E-016  8.3368008736324934E-016  1.1799052993352919E-014 -2.5087793289340552E-014  1.1914999977958541E-014
-1.3026477154799954E-015 -4.2456468758517063E-016 -5.7737699226102157E-017 -1.1084282548033934E-016 -1.9018234821722358E-015  4.3368086899421474E-016 -8.3266726846886593E-017  2.4286128663675731E-017 -7.2858385991013473E-017  6.1043351360896406E-002  6.6179700608517725E-016  3.6678256370134853E-016 -3.9037416616165869E-018 -3.6258918266230482E-016  1.0477729794900694E-015 -2.6367796834847419E-016  1.3739009929736322E-015  2.0816681711724493E-016  3.1759954805284435E-001  2.6784130469082477E-015 -2.1931713478810157E-015 -2.0873658011114512E-016 -1.1144497293706186E-017  1.1794514647387146E-016 -1.0742067398294660E-016 -8.1134013047752339E-020  4.6694117884348599E-017 -6.5464608226807089E-017 -5.1513056766547710E-018 -5.9360018119158979E-017  2.5992330429685331E-016  2.0849721948089498E-016 -1.4130175786661779E-015 -3.5359132396505517E-016  2.5621004360596527E-015 -4.8017785811250221E-016  1.5846079572958961E-016
 3.9382115797554559E-014  2.1826194884473296E-016  3.4238429778918405E-016 -1.4222493302754463E-017  3.3768919820326708E-014 -3.0521675680447419E-002 -9.2374025095753182E-017  5.4210108624310499E-017 -3.0521675680446760E-002  6.6179700608517725E-016  6.1043351360888655E-002  3.2499484261722049E-016 -5.7346230158263043E-016  5.2504418305318317E-016 -1.5879977402641549E-001 -5.9501015226000263E-016 -3.6949610038297555E-016 -1.5879977402642192E-001  2.1822821327791282E-015  3.1759954805282015E-001  1.4380415221129086E-014 -1.0384364929312462E-016  5.3702224841149214E-017 -1.0767396317434970E-016  5.1028009752773379E-018 -7.4252542755510811E-018  7.0673946888594479E-017  3.2875334190079438E-016 -1.0404205474095358E-016  3.9968508495074119E-018 -3.1462243065608795E-016 -1.3537227185108635E-016  3.2967147667797903E-015 -1.2800298627601480E-015 -4.3383772667153195E-015 -1.4536653076505264E-014  7.3474426351028458E-015
-2.7013939799949405E-016  2.2266888428320965E-004 -1.3791051634014931E-016  3.9363315124800329E-017 -4.9590340481315170E-016 -6.5267245686079544E-016  2.2109320052826512E-016  1.7087121405511854E-016  4.0011377530260188E-016  3.6678256370134853E-016  3.2499484261722049E-016  1.9349346195301355E-002  1.1830814106161631E-015  1.1405806854548374E-016 -3.5950320193897569E-015  4.1598489849650587E-016  3.7460574770181213E-016  1.8822239070387685E-015  1.8528484259923748E-015  1.7717699035291067E-015  1.3451875329546430E-016  1.2755845699089212E-015  1.4122537646246467E-016 -1.4626071646459790E-016  1.2552262636597862E-015  1.5098357474959119E-017  1.2321123026998475E-015  1.6843065165452879E-017 -5.8244194991938391E-017 -1.9566935820852247E-016  6.2405753238042301E-017  1.8298728637910180E-001  5.6760152133961112E-015  1.4571677198205014E-016 -1.3723374722420873E-016  1.5543305533032257E-016 -6.8696376986832816E-017
 6.2657774970956343E-016 -4.0226611104643773E-016  2.2266888428261030E-004 -1.7347234759739338E-018  4.9456742878731030E-016  1.5194337696195245E-015 -2.0378955240013730E-016 -3.1175919385936606E-016 -4.8261662801546494E-016 -3.9037416616165869E-018 -5.7346230158263043E-016  1.1830814106161631E-015  1.9349346195303263E-002  1.1969591984237558E-016  7.6063461867462408E-015 -1.3004877270131411E-015 -1.8187568483726476E-015 -2.5523136307554664E-015  8.0178604060249989E-016 -4.2568721475996206E-015 -6.0676937237159761E-016  1.1549576141817176E-016  4.8144883352409851E-016  4.3897096004477423E-017  1.7398497146145398E-016  1.6757717502257188E-017 -2.6362978742307779E-018  1.5408416474537565E-015 -7.1302255348874150E-017  1.0591105538490236E-015  1.5983599635649024E-016  4.6074255521943839E-015  1.8298728637911027E-001 -2.3314683517128390E-015 -6.1019279989876632E-017  2.2322086156777610E-016 -1.0812953383964451E-016
-1.7167077836131703E-016  1.6603878645257978E-016  4.3286771736493274E-017  2.2266888428306109E-004 -3.4474099850746908E-016 -8.8580502454237686E-016  3.4065180836772623E-016  8.3346518950441851E-017  1.9643778122891868E-016 -3.6258918266230482E-016  5.2504418305318317E-016  1.1405806854548374E-016  1.1969591984237558E-016  1.9349346195303360E-002 -3.8359152020241906E-015  1.9112721894363127E-015  8.2458229886357374E-016  7.7942098654571572E-016 -1.6103347787472132E-015  3.2382694351293367E-015  5.6514569883854304E-016 -7.9952380366406983E-017 -6.7355053870146587E-017  6.1007809995239470E-016 -2.8285523332098111E-017 -6.8365562590657276E-017  5.4243167820358020E-017  2.7012839117641408E-016  5.6933901842066258E-016  1.6582177604648856E-016  2.2755482790274808E-015  1.1241008124329814E-015  2.9073965457371244E-015  1.8298728637911058E-001  2.3086751636607153E-015 -2.1699774709577137E-015  9.8990151830412980E-016
 2.5375486490800585E-014 -1.5140191898860827E-016 -2.5749806060091840E-015 -1.1522459888726596E-017  4.6668387610585849E-014  3.1759954805286411E-001  4.5796699765791336E-016 -6.4011296263533345E-016 -1.5879977402640580E-001  1.0477729794900694E-015 -1.5879977402641549E-001 -3.5950320193897569E-015  7.6063461867462408E-015 -3.8359152020241906E-015  1.6524235756163630E+000 -1.9359513991899869E-015 -3.0114799542954780E-015 -8.2621178780811022E-001  7.8270723236082908E-015 -8.2621178780810434E-001 -4.6241600516728596E-014  1.7635364734950089E-015 -7.1892576925440299E-016  5.4992743264048963E-016  8.8706474682814185E-016  3.0827678506253999E-016  4.7426617744692999E-016 -3.6902408702159740E-015  8.9193089619984414E-016 -8.6674973666010342E-016  2.3619705718640265E-015  7.3017941320505772E-016  3.2407322439920607E-016  1.5453875892475224E-015  2.0766826592219793E-013 -1.6601191355058086E-013  7.6179843733592534E-014
 1.6454217377280184E-016 -1.3755250463908403E-015  1.5873600892482505E-015 -5.3809674482382784E-016  8.4511727554366490E-016  1.0148132334464536E-015  3.1759954805284529E-001  6.9388939039072353E-016 -1.5300261058115231E-015 -2.6367796834847419E-016 -5.9501015226000263E-016  4.1598489849650587E-016 -1.3004877270131411E-015  1.9112721894363127E-015 -1.9359513991899869E-015  1.6524235756162367E+000  7.2164496600635343E-016  1.8596235662471837E-015 -7.2164496600634554E-016 -1.3253287356461846E-015  4.4972984995156152E-016 -1.1897377043524819E-016  5.2948458943310112E-016 -8.6476913789143663E-016 -1.8227347789379936E-016 -3.9804037305565083E-016  5.6667199779156381E-016  2.6730360058272328E-016 -7.8498393411458180E-016 -8.6596400650564738E-016 -1.6170658898637775E-016 -5.9022844629535636E-016 -6.5915871886067174E-016 -6.3402652584036657E-017 -2.7880857924820446E-017 -3.1067230228353756E-016  4.3446912805389005E-016
 1.3670383122459782E-016 -1.8681266909625206E-016  5.4212024207646391E-016 -1.4824182729892674E-015  2.2845830922436995E-016  1.2888995426508107E-015  6.6960326172704803E-016  3.1759954805284235E-001 -1.5959455978986211E-015  1.3739009929736322E-015 -3.6949610038297555E-016  3.7460574770181213E-016 -1.8187568483726476E-015  8.2458229886357374E-016 -3.0114799542954780E-015  7.2164496600635343E-016  1.6524235756162489E+000  2.3314683517129222E-015  3.9412917374193183E-015 -2.5882074261572041E-015  3.3579586456594420E-015  1.5248095568549788E-016 -8.7002242368169296E-018  3.5213859289231423E-017 -1.0098506391374989E-016  3.1758389198446783E-016 -7.9958437304582212E-017  4.6820352264687441E-016 -8.9798811616639097E-016  3.1166628964157027E-016  1.1369289437210843E-016 -1.3867967862484504E-015  1.6769406447429359E-015 -2.1016027748005380E-016 -1.2237243908561252E-015 -2.2563544539806600E-016  5.3669403671736766E-016
 3.3974402869162094E-014 -9.8443490107418934E-016  8.1743135320034411E-016  8.1782633885048169E-017  1.0684062166037461E-013 -1.5879977402641399E-001 -6.2450045135163754E-016 -1.3183898417419832E-016  3.1759954805282181E-001  2.0816681711724493E-016 -1.5879977402642192E-001  1.8822239070387685E-015 -2.5523136307554664E-015  7.7942098654571572E-016 -8.2621178780811022E-001  1.8596235662471837E-015  2.3314683517129222E-015  1.6524235756162367E+000  5.2735593669698312E-015 -8.2621178780818505E-001  1.0624883613907078E-013 -1.2232532919790869E-015  4.3952101904384882E-016  1.0284306702907590E-017 -9.1361386720616407E-016 -2.6964428292253441E-016 -8.4197229269983014E-016  1.9797857513403565E-015 -3.5061544042098864E-016  8.4595471156503713E-016 -7.2503649868480408E-016 -2.3304115982962904E-016  2.1033670095170052E-015  2.0430903421417812E-015  1.5981183506569097E-013 -2.1284245053853725E-013  9.8929329427616482E-014
-2.9995776207509476E-015 -2.2095857160717575E-015 -2.9094018391974163E-016 -5.7352082424928422E-016 -5.3645368049216645E-015  2.7061686225239749E-015 -3.1918911957973078E-016 -4.9960036108131522E-016  4.1633363423458309E-016  3.1759954805284435E-001  2.1822821327791282E-015  1.8528484259923748E-015  8.0178604060249989E-016 -1.6103347787472132E-015  7.8270723236082908E-015 -7.2164496600634554E-016  3.9412917374193183E-015  5.2735593669698312E-015  1.6524235756162411E+000  7.3274719625267274E-015 -1.5325774070041316E-014 -1.0860256199475844E-015 -5.7983174659432011E-017  6.1365119017899915E-016 -5.5889391306208941E-016 -4.2212829573087068E-019  2.4294260400478475E-016 -3.4060269501529257E-016 -2.6801483180603998E-017 -3.0884141363063435E-016  1.3523425914974689E-015  5.6022620615243933E-016  4.2286799847203339E-016  7.7199956724309068E-016  2.2980733370118731E-015  7.6264666731921005E-015 -3.7697027482226964E-015
 9.1697222552674421E-014  1.1365153420199369E-015  1.7667228350552878E-015 -6.8168336631961345E-017  3.8457651629528371E-014 -1.5879977402642162E-001 -1.5092094240995537E-016  1.5612511283799286E-016 -1.5879977402642728E-001  2.6784130469082477E-015  3.1759954805282015E-001  1.7717699035291067E-015 -4.2568721475996206E-015  3.2382694351293367E-015 -8.2621178780810434E-001 -1.3253287356461846E-015 -2.5882074261572041E-015 -8.2621178780818505E-001  7.3274719625267274E-015  1.6524235756161996E+000  1.4278478221431085E-013 -5.4028318151591879E-016  2.7940475021010516E-016 -5.6021173934333026E-016  2.6549120377879734E-017 -3.8632502140165706E-017  3.6770611525283196E-016  1.7104551188754049E-015 -5.4131545577930092E-016  2.0795025095048019E-017 -1.6369340731785811E-015  6.0464988559675106E-017  5.1113271470490827E-015 -1.8694247996147849E-015  1.7317683816906297E-013 -2.3862380982052150E-013  1.1132708979972540E-013
-2.0330642775813690E-001  4.2987233427182281E-016  1.0488445950163488E-015 -5.2515753452177091E-016 -2.4028332870601818E-001 -1.1312940229989469E-014  4.7882107898691020E-018  9.3148735877484947E-016  1.3846815888163375E-014 -2.1931713478810157E-015  1.4380415221129086E-014  1.3451875329546430E-016 -6.0676937237159761E-016  5.6514569883854304E-016 -4.6241600516728596E-014  4.4972984995156152E-016  3.3579586456594420E-015  1.0624883613907078E-013 -1.5325774070041316E-014  1.4278478221431085E-013  3.2731008539362433E-001 -3.1196224062764395E-016 -3.0506522746530724E-016 -4.2664147034995338E-017 -2.8110136750712911E-016 -1.4172203567853190E-016 -1.5635849866311643E-016  2.3407659598562719E-016 -5.3625047298492453E-016  1.2085085243951034E-016  1.7419393663080496E-016  1.6088703790672011E-015 -5.3124659046073911E-015 -2.3801818957936970E-015  9.1233351788202199E-001 -8.7666106110689912E-001  3.9981801444531900E-001
 2.7393169801619354E-016  1.4679203634251515E-017  1.3291049772178413E-018 -9.2007797846004722E-019  3.2764505278742804E-016  3.3895569829778201E-016 -2.2867027726996785E-017  2.9307184505844313E-017 -2.3511204900461286E-016 -2.0873658011114512E-016 -1.0384364929312462E-016  1.2755845699089212E-015  1.1549576141817176E-016 -7.9952380366406983E-017  1.7635364734950089E-015 -1.1897377043524819E-016  1.5248095568549788E-016 -1.2232532919790869E-015 -1.0860256199475844E-015 -5.4028318151591879E-016 -3.1196224062764395E-016  8.8135171138781308E-029  1.1900619992597754E-029 -1.1682477475774558E-029  8.5606653074322330E-029  1.9035354699723777E-030  8.1595906266644125E-029  5.2151499856490820E-030 -5.2472579566399603E-030 -8.1401932612926840E-030 -2.8936768781026613E-030  1.2063237519176138E-014  1.0922465160772146E-015 -7.5611180735147519E-016 -8.7667164146290903E-016  8.1404654894335702E-016 -3.6986567757724928E-016
-1.6830970135399731E-016  1.6251968770292241E-018  5.5404287833759958E-018 -7.7511015332010658E-019 -2.1629082728982572E-016 -1.3817915864192062E-016  1.0176813547470064E-016 -1.6722027731529786E-018  8.4476933800695176E-017 -1.1144497293706186E-017  5.3702224841149214E-017  1.4122537646246467E-016  4.8144883352409851E-016 -6.7355053870146587E-017 -7.1892576925440299E-016  5.2948458943310112E-016 -8.7002242368169296E-018  4.3952101904384882E-016 -5.7983174659432011E-017  2.7940475021010516E-016 -3.0506522746530724E-016  1.1900619992597754E-029  1.4296245847957272E-029 -2.6113227932239227E-030  1.3456541630387159E-029  7.5354856623042673E-031  8.8295270434657842E-030  3.9126723244385720E-029 -4.0526534617882425E-030  2.4449243904156728E-029 -5.0991874524450968E-030  1.3355721762322557E-015  4.5530745425572705E-015 -6.3697855251619050E-016 -8.1855577666084754E-016  9.1308106344888848E-016 -4.2265837502686411E-016
 6.8370431309520071E-017 -1.6831426871400683E-018  5.0516008612961290E-019  7.0206718341160822E-018  8.2838060415491188E-017  1.0569729616895401E-016 -1.6621058390669998E-016  6.7681833886198462E-018  1.9766670054136527E-018  1.1794514647387146E-016 -1.0767396317434970E-016 -1.4626071646459790E-016  4.3897096004477423E-017  6.1007809995239470E-016  5.4992743264048963E-016 -8.6476913789143663E-016  3.5213859289231423E-017  1.0284306702907590E-017  6.1365119017899915E-016 -5.6021173934333026E-016 -4.2664147034995338E-017 -1.1682477475774558E-029 -2.6113227932239227E-030  2.1379948115533459E-029 -9.8829910559676973E-030 -1.9371243263334876E-030 -7.7802508409182077E-030  1.0388035837349153E-029  1.8969957590895122E-029  9.2367576756170278E-030  7.3136665613781892E-029 -1.3831915218003196E-015  4.1513601527960623E-016  5.7695249680689709E-015 -1.2263877663402277E-016  1.0303681994302924E-016 -4.6262831980215747E-017
 9.7234867958413127E-017  1.4444923814527726E-017  2.0021885538661049E-018 -3.2550484435428880E-019  1.1116382553578448E-016  1.7049585036401133E-016 -3.5033374647589969E-017 -1.9409557653594670E-017 -1.7559865133928733E-016 -1.0742067398294660E-016  5.1028009752773379E-018  1.2552262636597862E-015  1.7398497146145398E-016 -2.8285523332098111E-017  8.8706474682814185E-016 -1.8227347789379936E-016 -1.0098506391374989E-016 -9.1361386720616407E-016 -5.5889391306208941E-016  2.6549120377879734E-017 -2.8110136750712911E-016  8.5606653074322330E-029  1.3456541630387159E-029 -9.8829910559676973E-030  8.4158739779018894E-029  1.6132198230461136E-030  8.0308556911577838E-029  1.2401243080838708E-029 -4.1426480622819187E-030 -3.9400831198440778E-030  2.5823132817481504E-030  1.1870708470483559E-014  1.6453805455296844E-015 -2.6749695344286979E-016 -7.7666230894239791E-016  7.7365530497595078E-016 -3.5418749863865021E-016
-7.5780592423313167E-017  1.7374925124170645E-019  1.9284487556633595E-019 -7.8673891054472059E-019 -9.7515560686015904E-017  5.9251495231503377E-017 -7.6504259836715858E-017  6.1040342229148875E-017 -5.1826240955976073E-017 -8.1134013047752339E-020 -7.4252542755510811E-018  1.5098357474959119E-017  1.6757717502257188E-017 -6.8365562590657276E-017  3.0827678506253999E-016 -3.9804037305565083E-016  3.1758389198446783E-016 -2.6964428292253441E-016 -4.2212829573087068E-019 -3.8632502140165706E-017 -1.4172203567853190E-016  1.9035354699723777E-030  7.5354856623042673E-031 -1.9371243263334876E-030  1.6132198230461136E-030  6.1259583179984496E-031  8.3603252054890384E-031 -3.3138261950999605E-031 -1.5951964468823277E-030  2.3098268095302181E-031 -7.6300004967983748E-030  1.4278557193809927E-016  1.5847818425977153E-016 -6.4653496061184631E-016 -3.8048477787003547E-016  4.2353714444240875E-016 -1.9601461604180547E-016
 7.4808569146267131E-017  1.4178932403432543E-017 -3.0338053831976950E-020  6.2422086703460127E-019  8.7331420194971555E-017  9.1155031819079875E-017  1.0891563945745650E-016 -1.5368192469334597E-017 -1.6182897870767260E-016  4.6694117884348599E-017  7.0673946888594479E-017  1.2321123026998475E-015 -2.6362978742307779E-018  5.4243167820358020E-017  4.7426617744692999E-016  5.6667199779156381E-016 -7.9958437304582212E-017 -8.4197229269983014E-016  2.4294260400478475E-016  3.6770611525283196E-016 -1.5635849866311643E-016  8.1595906266644125E-029  8.8295270434657842E-030 -7.7802508409182077E-030  8.0308556911577838E-029  8.3603252054890384E-031  7.9350889661754234E-029  4.0919625883772421E-031 -1.8511152831547692E-030 -1.2999501716090315E-029  1.0819439811454097E-029  1.1652119121218727E-014 -2.4931539765232436E-017  5.1297909417023387E-016 -4.3384722580693573E-016  4.2477420837418576E-016 -1.9411491249620932E-016
-2.9208497850898026E-016  1.9382704148592778E-019  1.7731735585884334E-017  3.1085901750524230E-018 -3.5232977769406135E-016 -7.0927264043036130E-016  5.1376356517010963E-017  8.9989775856317128E-017  3.8051929852949503E-016 -6.5464608226807089E-017  3.2875334190079438E-016  1.6843065165452879E-017  1.5408416474537565E-015  2.7012839117641408E-016 -3.6902408702159740E-015  2.6730360058272328E-016  4.6820352264687441E-016  1.9797857513403565E-015 -3.4060269501529257E-016  1.7104551188754049E-015  2.3407659598562719E-016  5.2151499856490820E-030  3.9126723244385720E-029  1.0388035837349153E-029  1.2401243080838708E-029 -3.3138261950999605E-031  4.0919625883772421E-031  1.3520323112058731E-028 -4.1618253681691464E-031  8.8595744637895622E-029  3.9033575249114900E-029  1.5928531940109606E-016  1.4571780822027164E-014  2.5546114466295370E-015  6.6548382356416816E-016 -5.8758823775891556E-016  2.6542653492910166E-016
 2.6168586880048559E-018 -6.7026398637914980E-019 -8.2053385603644878E-019  6.5518536249739417E-018 -1.2949931684457088E-017  1.7143113527764418E-016 -1.5087568731314088E-016 -1.7259534665312041E-016 -6.7389080536750872E-017 -5.1513056766547710E-018 -1.0404205474095358E-016 -5.8244194991938391E-017 -7.1302255348874150E-017  5.6933901842066258E-016  8.9193089619984414E-016 -7.8498393411458180E-016 -8.9798811616639097E-016 -3.5061544042098864E-016 -2.6801483180603998E-017 -5.4131545577930092E-016 -5.3625047298492453E-016 -5.2472579566399603E-030 -4.0526534617882425E-030  1.8969957590895122E-029 -4.1426480622819187E-030 -1.5951964468823277E-030 -1.8511152831547692E-030 -4.1618253681691464E-031  1.9655931128621681E-029  1.2512941311792927E-030  6.6873678893186219E-029 -5.5081691553471044E-016 -6.7430734285831274E-016  5.3842543804313482E-015 -1.4653807542125255E-015  1.5249510372390912E-015 -7.0123750843449014E-016
-1.7697604524567450E-016 -2.2517286755494544E-018  1.2188058602972276E-017  1.9082479319666195E-018 -2.1411127628457588E-016 -1.6659125946899145E-016 -1.6644024035644592E-016  5.9902965676675350E-017  1.6259440861947751E-016 -5.9360018119158979E-017  3.9968508495074119E-018 -1.9566935820852247E-016  1.0591105538490236E-015  1.6582177604648856E-016 -8.6674973666010342E-016 -8.6596400650564738E-016  3.1166628964157027E-016  8.4595471156503713E-016 -3.0884141363063435E-016  2.0795025095048019E-017  1.2085085243951034E-016 -8.1401932612926840E-030  2.4449243904156728E-029  9.2367576756170278E-030 -3.9400831198440778E-030  2.3098268095302181E-031 -1.2999501716090315E-029  8.8595744637895622E-029  1.2512941311792927E-030  6.2600960627224764E-029  2.6349832276107502E-029 -1.8504503730890829E-015  1.0016036938310304E-014  1.5681809873593023E-015  3.4590555941044499E-016 -2.9634127061826586E-016  1.3337753739944768E-016
 3.4303559854656269E-016  7.1815446921889951E-019  1.8393646285345388E-018  2.6186610715884150E-017  4.2733132010566333E-016  4.5397608531355806E-016 -3.1080372089275150E-017  2.1852031405397920E-017 -1.3935365465733938E-016  2.5992330429685331E-016 -3.1462243065608795E-016  6.2405753238042301E-017  1.5983599635649024E-016  2.2755482790274808E-015  2.3619705718640265E-015 -1.6170658898637775E-016  1.1369289437210843E-016 -7.2503649868480408E-016  1.3523425914974689E-015 -1.6369340731785811E-015  1.7419393663080496E-016 -2.8936768781026613E-030 -5.0991874524450968E-030  7.3136665613781892E-029  2.5823132817481504E-030 -7.6300004967983748E-030  1.0819439811454097E-029  3.9033575249114900E-029  6.6873678893186219E-029  2.6349832276107502E-029  2.7434233767899551E-028  5.9017288358022329E-016  1.5115733081501403E-015  2.1519921159143131E-014  4.4547210215382529E-016 -5.8762752922431336E-016  2.7585607212015975E-016
 1.8253337594062163E-016  2.1057856159471221E-003 -1.3801893655740418E-015  3.7296554733501348E-016 -1.3116453220308044E-015  5.0255408480294679E-016  1.2213211702800664E-015  6.6848156748512640E-016  3.1784890664691914E-016  2.0849721948089498E-016 -1.3537227185108635E-016  1.8298728637910180E-001  4.6074255521943839E-015  1.1241008124329814E-015  7.3017941320505772E-016 -5.9022844629535636E-016 -1.3867967862484504E-015 -2.3304115982962904E-016  5.6022620615243933E-016  6.0464988559675106E-017  1.6088703790672011E-015  1.2063237519176138E-014  1.3355721762322557E-015 -1.3831915218003196E-015  1.1870708470483559E-014  1.4278557193809927E-016  1.1652119121218727E-014  1.5928531940109606E-016 -5.5081691553471044E-016 -1.8504503730890829E-015  5.9017288358022329E-016  1.7305156793627732E+000 -8.5487172896136991E-015  1.9428902930940255E-015 -6.2089816869266867E-016 -2.2248005331464656E-016  1.7349998439889306E-016
-1.1325815051955792E-015 -3.8677828301247940E-015  2.1057856159413437E-003  3.9031278209499599E-018 -3.9945247821230219E-015  6.0584754407336190E-016  3.0991198826213166E-016  6.7988183075452167E-016  4.7939684943470507E-016 -1.4130175786661779E-015  3.2967147667797903E-015  5.6760152133961112E-015  1.8298728637911027E-001  2.9073965457371244E-015  3.2407322439920607E-016 -6.5915871886067174E-016  1.6769406447429359E-015  2.1033670095170052E-015  4.2286799847203339E-016  5.1113271470490827E-015 -5.3124659046073911E-015  1.0922465160772146E-015  4.5530745425572705E-015  4.1513601527960623E-016  1.6453805455296844E-015  1.5847818425977153E-016 -2.4931539765232436E-017  1.4571780822027164E-014 -6.7430734285831274E-016  1.0016036938310304E-014  1.5115733081501403E-015 -8.5487172896136991E-015  1.7305156793627630E+000 -5.4400928206632805E-015  1.2130022385043682E-015  2.7934329808417812E-015 -1.4521157232981917E-015
 5.6023435977875532E-016  1.5595164049031551E-015  3.6917083973131727E-016  2.1057856159455999E-003 -8.0624291108945017E-016 -1.1076578165408948E-015 -2.6467956362707143E-016 -7.5099487925262638E-016  8.3368008736324934E-016 -3.5359132396505517E-016 -1.2800298627601480E-015  1.4571677198205014E-016 -2.3314683517128390E-015  1.8298728637911058E-001  1.5453875892475224E-015 -6.3402652584036657E-017 -2.1016027748005380E-016  2.0430903421417812E-015  7.7199956724309068E-016 -1.8694247996147849E-015 -2.3801818957936970E-015 -7.5611180735147519E-016 -6.3697855251619050E-016  5.7695249680689709E-015 -2.6749695344286979E-016 -6.4653496061184631E-016  5.1297909417023387E-016  2.5546114466295370E-015  5.3842543804313482E-015  1.5681809873593023E-015  2.1519921159143131E-014  1.9428902930940255E-015 -5.4400928206632805E-015  1.7305156793627599E+000  5.3357078969498828E-016  8.6984849134277517E-016 -4.3994917594932323E-016
-6.0763968549998904E-001  1.2767477228418962E-015  2.9492724042231068E-015 -1.4834088909784628E-015 -7.2014369546498302E-001  3.3456496390986523E-014 -2.3555172247932468E-016  5.2724783533812120E-016  1.1799052993352919E-014  2.5621004360596527E-015 -4.3383772667153195E-015 -1.3723374722420873E-016 -6.1019279989876632E-017  2.3086751636607153E-015  2.0766826592219793E-013 -2.7880857924820446E-017 -1.2237243908561252E-015  1.5981183506569097E-013  2.2980733370118731E-015  1.7317683816906297E-013  9.1233351788202199E-001 -8.7667164146290903E-016 -8.1855577666084754E-016 -1.2263877663402277E-016 -7.7666230894239791E-016 -3.8048477787003547E-016 -4.3384722580693573E-016  6.6548382356416816E-016 -1.4653807542125255E-015  3.4590555941044499E-016  4.4547210215382529E-016 -6.2089816869266867E-016  1.2130022385043682E-015  5.3357078969498828E-016  2.5466452862174438E+000 -2.4325894275350608E+000  1.1087157942656043E+000
 4.2080482804151403E-001 -8.9032893833187730E-016 -2.8042002384713600E-015  1.3142932873369656E-015  4.9133349495160356E-001 -2.4499452927136446E-014  1.5111869197369021E-016 -9.1522818519470430E-016 -2.5087793289340552E-014 -4.8017785811250221E-016 -1.4536653076505264E-014  1.5543305533032257E-016  2.2322086156777610E-016 -2.1699774709577137E-015 -1.6601191355058086E-013 -3.1067230228353756E-016 -2.2563544539806600E-016 -2.1284245053853725E-013  7.6264666731921005E-015 -2.3862380982052150E-013 -8.7666106110689912E-001  8.1404654894335702E-016  9.1308106344888848E-016  1.0303681994302924E-016  7.7365530497595078E-016  4.2353714444240875E-016  4.2477420837418576E-016 -5.8758823775891556E-016  1.5249510372390912E-015 -2.9634127061826586E-016 -5.8762752922431336E-016 -2.2248005331464656E-016  2.7934329808417812E-015  8.6984849134277517E-016 -2.4325894275350608E+000  2.3812291545626763E+000 -1.0881594711929528E+000
-1.8388629594310996E-001  3.8952111272682227E-016  1.2774644106881942E-015 -5.9390712660558196E-016 -2.1420199759735670E-001  1.1203950319664817E-014 -1.2137169230495587E-017  5.0763767991770813E-016  1.1914999977958541E-014  1.5846079572958961E-016  7.3474426351028458E-015 -6.8696376986832816E-017 -1.0812953383964451E-016  9.8990151830412980E-016  7.6179843733592534E-014  4.3446912805389005E-016  5.3669403671736766E-016  9.8929329427616482E-014 -3.7697027482226964E-015  1.1132708979972540E-013  3.9981801444531900E-001 -3.6986567757724928E-016 -4.2265837502686411E-016 -4.6262831980215747E-017 -3.5418749863865021E-016 -1.9601461604180547E-016 -1.9411491249620932E-016  2.6542653492910166E-016 -7.0123750843449014E-016  1.3337753739944768E-016  2.7585607212015975E-016  1.7349998439889306E-016 -1.4521157232981917E-015 -4.3994917594932323E-016  1.1087157942656043E+000 -1.0881594711929528E+000  4.9739830323687911E-001
