  0.19510241858535121        1.1109870801120339E-016   2.4526914575391620E-017  -4.0326690649662603E-016   8.6807552437565730E-002   1.0725378495899039E-016  -2.3755778616353603E-017   2.7045465589788281E-017  -3.3218130623885584E-017  -5.5516655162963082E-017  -3.0528266561204947E-017   2.4921272693208678E-019   2.0371025772498669E-017  -5.7351964276912677E-016   2.6321082358153130E-016  -4.0125012781427320E-016  -6.8343020391278086E-016  -4.5117695740846179E-016   3.5257033085069485E-017   2.0954483032135096E-016  -2.8932998788566134E-002   8.0497173667867878E-016  -2.0779993968190813E-017  -5.1043237248618233E-015  -1.4311556085932843E-015  -3.0709371128116475E-002   6.9365251527977098E-016  -1.7948944686765222E-017
   1.1109870801120339E-016  0.19510241858535157        8.5176606290591028E-017   2.8118443403953774E-016   9.6774349340594853E-017   8.6807552437564620E-002   3.4341914009148069E-017  -2.3829944271897230E-018  -2.5009338601934654E-017  -1.8108359590848093E-017  -1.0416386233836230E-017   8.2225647250520315E-018  -1.0921799403934080E-016   2.3584515744422513E-016   6.4471548533073967E-016  -3.6517128404475718E-016  -2.5794952538674519E-016   3.7804516709300993E-016   1.3422484136855907E-016  -9.7593003408644706E-016  -6.5429638880848502E-016  -2.8932998788570655E-002   1.0346240237248735E-015   5.4803288993785810E-015   1.4339583178218784E-015  -5.7354514071389132E-016  -3.0709371128120427E-002   8.9626193393036392E-016
   2.4526914575391620E-017   8.5176606290591028E-017  0.19510241858534916       -4.6978757077357981E-016  -1.3075451041175031E-017   9.2788836619990876E-018   8.6807552437565771E-002   1.9796999437207790E-017  -4.1496735105236700E-017  -1.7053238308525598E-016  -6.5785038188161823E-017  -2.3167281466441243E-018  -1.6436765972925929E-016  -8.9142402337699014E-016   1.2569008253772927E-015  -5.2995291663226378E-016  -2.4630885733277579E-015   1.3202812963098471E-016  -3.1453947302460949E-017  -1.3144573330430305E-015   1.7793318496617512E-015   1.7409343668953782E-016  -2.8932998788568996E-002   9.4570822772778160E-015   2.0593155582300396E-015   1.5461274073389079E-015   1.5050427578403248E-016  -3.0709371128118969E-002
  -4.0326690649662603E-016   2.8118443403953774E-016  -4.6978757077357981E-016  0.48556815433572087       -6.6685873970762831E-017   4.4953495849154355E-016  -3.9283033992284677E-017   4.1137048895262753E-015   6.5816473764756293E-017  -3.4443785244401861E-016   6.4920118582053052E-015  -2.4635603394443967E-016   3.9233827472972329E-015  0.69889005616863431        9.8881783343529289E-015   2.6810811233389228E-015   1.0165411962105202E-015  -4.2471461607575182E-015  -1.2561528686394062E-015   2.1937820244900037E-015   5.2872444339316013E-017  -9.4867237964807106E-016  -6.0517039495378326E-016 -0.47645704785178283       0.10328901305711424       -3.6613776395054846E-017  -7.7139147175337040E-016  -5.4916123734836497E-016
   8.6807552437565730E-002   9.6774349340594853E-017  -1.3075451041175031E-017  -6.6685873970762831E-017   3.8687511582368127E-002   4.7659345256315047E-017  -2.2350558426053807E-017  -3.8893355629028297E-018   1.9041581643571436E-016   9.9928066414160667E-017   9.8315596686295885E-017  -3.9713922057144623E-017  -8.6246070895775052E-017   4.1891698333810136E-017  -1.2923647876098102E-016   2.8027870316247159E-015   1.4959429137279895E-015   1.3777688621490530E-015  -5.8963716099276022E-016  -1.2400199123248366E-015  -6.1947474798252477E-003  -2.1565371404745778E-015   1.7610083958765715E-015   1.0401432217809737E-014   2.5516260480910670E-015  -7.8635023619289517E-003  -1.8793960605372597E-015   1.5334061855487471E-015
   1.0725378495899039E-016   8.6807552437564620E-002   9.2788836619990876E-018   4.4953495849154355E-016   4.7659345256315047E-017   3.8687511582367148E-002  -1.8055137772777567E-017   4.4867012161014646E-017   1.2278818681044716E-017   2.4077626906704983E-017  -1.1777730945694936E-016   3.9804246513422714E-017   1.7643512112356464E-017   4.8470011481636052E-016   8.5578683134926348E-016   1.7735712922291907E-016   3.4120908852448507E-016  -1.3691066885631836E-015   5.6050707343250680E-016   5.3578886968148004E-016   4.5819851056724037E-018  -6.1947474798228668E-003  -1.1239602258469960E-015  -8.0824791362132725E-015  -1.8141657677238149E-015   6.9086934152841567E-018  -7.8635023619268614E-003  -9.7344948760281240E-016
  -2.3755778616353603E-017   3.4341914009148069E-017   8.6807552437565771E-002  -3.9283033992284677E-017  -2.2350558426053807E-017  -1.8055137772777567E-017   3.8687511582368640E-002  -1.1472873974592548E-016  -8.8409780614767925E-018   1.4124925642247156E-016  -1.3500922387140167E-017   2.9894363379591595E-017   4.5527986143202287E-017  -2.6503032043272948E-016  -1.2536852523570830E-015  -2.7234284809425105E-017   1.9597202376405787E-015   1.8877697133876025E-016   4.9707203601438740E-016   1.0985327860910629E-015  -1.0838649237808663E-015  -4.7917261863227491E-016  -6.1947474798242251E-003  -7.4875629081341183E-015  -1.9001932634486396E-015  -9.3485650731952993E-016  -4.1965638229208137E-016  -7.8635023619280757E-003
   2.7045465589788281E-017  -2.3829944271897230E-018   1.9796999437207790E-017   4.1137048895262753E-015  -3.8893355629028297E-018   4.4867012161014646E-017  -1.1472873974592548E-016   9.0767602594919953E-003  -1.8256884617648264E-016  -5.7906666285213330E-017  -4.5383801297459768E-003   1.0808405104760745E-016  -4.5383801297463593E-003   4.9620179023858945E-015  0.13137790303234528       -6.2845440114943836E-016   1.1407721149008297E-015  -6.5688951516169991E-002   1.1504198201700574E-015  -6.5688951516175487E-002   9.3078107863505955E-017   6.3205171857285001E-016   2.2029930815568975E-016  -7.5655364105825266E-015  -2.7458127445256108E-016   8.2647800689814228E-017   5.4668419864391317E-016   1.8186153842055611E-016
  -3.3218130623885584E-017  -2.5009338601934654E-017  -4.1496735105236700E-017   6.5816473764756293E-017   1.9041581643571436E-016   1.2278818681044716E-017  -8.8409780614767925E-018  -1.8256884617648264E-016   9.0767602594931957E-003   1.4858387262939018E-017   7.5271036918546797E-017   1.6610083161596342E-016  -7.9214521227236435E-018  -1.8478608136017289E-016  -1.9658110046467261E-015  0.13137790303235478       -2.5099280293039412E-017   8.0365443126171749E-016   7.4083661500876606E-016   1.0475188696058132E-015  -1.4083628001331239E-016  -4.3539036824469762E-018  -4.4859305265812796E-016   7.1017799178191340E-017  -1.9904375614606513E-017  -1.3719129808662392E-016  -1.8549188435749465E-018  -3.9015144349212130E-016
  -5.5516655162963082E-017  -1.8108359590848093E-017  -1.7053238308525598E-016  -3.4443785244401861E-016   9.9928066414160667E-017   2.4077626906704983E-017   1.4124925642247156E-016  -5.7906666285213330E-017   1.4858387262939018E-017   9.0767602594932009E-003   1.5003575823851197E-016   5.2469998548149586E-017  -5.0178231795368010E-018  -6.7899739338268365E-016  -1.8334197549908794E-015   2.4155770293092902E-016  0.13137790303235478        1.8959826275615962E-015  -2.2416726949085063E-016  -6.1320103183531073E-017  -1.7717973572806531E-017   5.3180826931159305E-017   5.9079179471349258E-016   3.4562054600466535E-015   6.4186130366646772E-016  -4.2392634982500523E-017   5.0748675890315699E-017   5.0384958375733283E-016
  -3.0528266561204947E-017  -1.0416386233836230E-017  -6.5785038188161823E-017   6.4920118582053052E-015   9.8315596686295885E-017  -1.1777730945694936E-016  -1.3500922387140167E-017  -4.5383801297459768E-003   7.5271036918546797E-017   1.5003575823851197E-016   9.0767602594923908E-003   6.7691925900038359E-017  -4.5383801297456013E-003   9.6296875592021115E-015  -6.5688951516175167E-002   3.0822560156649655E-016   1.4121967554173111E-016  0.13137790303234861       -4.5491029397925124E-016  -6.5688951516172850E-002   2.6975106953784249E-016  -6.5102409652481225E-016   7.1065289073232649E-016  -9.5863177158483216E-015   7.5922787542637183E-016   2.3178335970368099E-016  -5.6092616470480709E-016   6.1630995975078805E-016
   2.4921272693208678E-019   8.2225647250520315E-018  -2.3167281466441243E-018  -2.4635603394443967E-016  -3.9713922057144623E-017   3.9804246513422714E-017   2.9894363379591595E-017   1.0808405104760745E-016   1.6610083161596342E-016   5.2469998548149586E-017   6.7691925900038359E-017   9.0767602594933328E-003  -1.0455393536080992E-016  -2.4839666228309018E-016   3.4293907638779504E-016   1.4892698450049825E-015   9.1308203538234892E-016   1.3661793612171228E-015  0.13137790303235583       -1.6243906583333588E-015   1.9568457827384195E-016   1.2798094567247963E-016  -4.7659012407243348E-016  -1.1858686474934078E-015  -3.8266676815265855E-016   1.7586237270045530E-016   1.0942760444353397E-016  -4.1805752634766521E-016
   2.0371025772498669E-017  -1.0921799403934080E-016  -1.6436765972925929E-016   3.9233827472972329E-015  -8.6246070895775052E-017   1.7643512112356464E-017   4.5527986143202287E-017  -4.5383801297463593E-003  -7.9214521227236435E-018  -5.0178231795368010E-018  -4.5383801297456013E-003  -1.0455393536080992E-016   9.0767602594914870E-003   6.2182521497194117E-015  -6.5688951516175043E-002  -1.3474701768875138E-015  -2.1141942363467706E-017  -6.5688951516166855E-002   3.3536406074050156E-016  0.13137790303234148       -2.9577018258167051E-016  -6.4992095195917638E-017   2.3786927342496233E-016  -6.5834760452918858E-015   2.5764241154318143E-016  -2.5667523585113110E-016  -5.5188263114097167E-017   2.2293935997367635E-016
  -5.7351964276912677E-016   2.3584515744422513E-016  -8.9142402337699014E-016  0.69889005616863431        4.1891698333810136E-017   4.8470011481636052E-016  -2.6503032043272948E-016   4.9620179023858945E-015  -1.8478608136017289E-016  -6.7899739338268365E-016   9.6296875592021115E-015  -2.4839666228309018E-016   6.2182521497194117E-015   1.0063204995359276        9.0035719119429026E-016  -1.6656014930331260E-016  -1.6844460517650314E-015  -1.7034780949933974E-015  -7.0268636462362889E-017   1.1717694316337181E-014  -2.9220420133395598E-016   1.0824916880052702E-015   3.9642341989182741E-016 -0.64948261763444770       0.15765783861397578       -3.2208114521786429E-016   9.7342535385502674E-016   2.8010951997532238E-016
   2.6321082358153130E-016   6.4471548533073967E-016   1.2569008253772927E-015   9.8881783343529289E-015  -1.2923647876098102E-016   8.5578683134926348E-016  -1.2536852523570830E-015  0.13137790303234528       -1.9658110046467261E-015  -1.8334197549908794E-015  -6.5688951516175167E-002   3.4293907638779504E-016  -6.5688951516175043E-002   9.0035719119429026E-016   1.9015764338522176        6.9844303951515939E-016   2.1060627200530924E-015 -0.95078821692611148       -1.0285554959826855E-015 -0.95078821692610904       -2.9229005256505500E-016  -9.6031422261130378E-016   4.5099532933256282E-016  -9.9375878066487613E-015  -1.9403030774889747E-015  -2.2395412275432281E-016  -8.8582205425316831E-016   2.2694871065553035E-016
  -4.0125012781427320E-016  -3.6517128404475718E-016  -5.2995291663226378E-016   2.6810811233389228E-015   2.8027870316247159E-015   1.7735712922291907E-016  -2.7234284809425105E-017  -6.2845440114943836E-016  0.13137790303235478        2.4155770293092902E-016   3.0822560156649655E-016   1.4892698450049825E-015  -1.3474701768875138E-015  -1.6656014930331260E-016   6.9844303951515939E-016   1.9015764338522405        2.0193265462542582E-017   3.2419084913327083E-016  -2.5192386154601620E-015  -2.6818282837515274E-015  -8.7065129547774306E-016   4.6996956053280467E-017   7.3273970425840893E-016   1.2118636021008781E-015   5.4531877018241765E-016  -9.7376734855899600E-016   6.8788806558116704E-017   6.2624745354257044E-016
  -6.8343020391278086E-016  -2.5794952538674519E-016  -2.4630885733277579E-015   1.0165411962105202E-015   1.4959429137279895E-015   3.4120908852448507E-016   1.9597202376405787E-015   1.1407721149008297E-015  -2.5099280293039412E-017  0.13137790303235478        1.4121967554173111E-016   9.1308203538234892E-016  -2.1141942363467706E-017  -1.6844460517650314E-015   2.1060627200530924E-015   2.0193265462542582E-017   1.9015764338522398       -1.9457011719294873E-015  -1.0210372315428567E-015  -1.4239640282881546E-016  -6.7869768197567008E-016  -1.8550476432482580E-016  -5.4165373213138616E-016  -1.8387795858372030E-015  -8.2282150035509445E-016  -9.8374203030720129E-016  -9.5187991599277168E-017  -6.0428186456057893E-016
  -4.5117695740846179E-016   3.7804516709300993E-016   1.3202812963098471E-016  -4.2471461607575182E-015   1.3777688621490530E-015  -1.3691066885631836E-015   1.8877697133876025E-016  -6.5688951516169991E-002   8.0365443126171749E-016   1.8959826275615962E-015  0.13137790303234861        1.3661793612171228E-015  -6.5688951516166855E-002  -1.7034780949933974E-015 -0.95078821692611148        3.2419084913327083E-016  -1.9457011719294873E-015   1.9015764338522314       -9.9157911970324689E-016 -0.95078821692611115       -3.8872858715823880E-016   9.7680498413906512E-016  -1.3175135860579832E-016  -1.6759780404932073E-014  -3.5546081086189459E-015  -3.7335817708899287E-016   8.9793380752137802E-016  -1.5810035018076487E-016
   3.5257033085069485E-017   1.3422484136855907E-016  -3.1453947302460949E-017  -1.2561528686394062E-015  -5.8963716099276022E-016   5.6050707343250680E-016   4.9707203601438740E-016   1.1504198201700574E-015   7.4083661500876606E-016  -2.2416726949085063E-016  -4.5491029397925124E-016  0.13137790303235583        3.3536406074050156E-016  -7.0268636462362889E-017  -1.0285554959826855E-015  -2.5192386154601620E-015  -1.0210372315428567E-015  -9.9157911970324689E-016   1.9015764338522434        3.2465214327634396E-015  -1.9026453552708267E-016  -4.8839262945233189E-016  -2.7141798242045994E-016  -7.9899374592174670E-016  -4.3160826969601170E-016  -8.0529391403128537E-017  -4.4949771118918555E-016  -2.9585733544660081E-016
   2.0954483032135096E-016  -9.7593003408644706E-016  -1.3144573330430305E-015   2.1937820244900037E-015  -1.2400199123248366E-015   5.3578886968148004E-016   1.0985327860910629E-015  -6.5688951516175487E-002   1.0475188696058132E-015  -6.1320103183531073E-017  -6.5688951516172850E-002  -1.6243906583333588E-015  0.13137790303234148        1.1717694316337181E-014 -0.95078821692610904       -2.6818282837515274E-015  -1.4239640282881546E-016 -0.95078821692611115        3.2465214327634396E-015   1.9015764338522145        5.6412366410843849E-016   1.4706512815783415E-016  -2.7915324774160440E-016  -1.4613285655131790E-014  -1.1682764262444904E-015   4.9517453433714186E-016   1.2859271523869520E-016  -3.6161146099922499E-017
  -2.8932998788566134E-002  -6.5429638880848502E-016   1.7793318496617512E-015   5.2872444339316013E-017  -6.1947474798252477E-003   4.5819851056724037E-018  -1.0838649237808663E-015   9.3078107863505955E-017  -1.4083628001331239E-016  -1.7717973572806531E-017   2.6975106953784249E-016   1.9568457827384195E-016  -2.9577018258167051E-016  -2.9220420133395598E-016  -2.9229005256505500E-016  -8.7065129547774306E-016  -6.7869768197567008E-016  -3.8872858715823880E-016  -1.9026453552708267E-016   5.6412366410843849E-016  0.70179788516013408        2.8801064138382749E-016  -8.4383416262205260E-017  -4.9077122247865924E-015  -1.4562638348416603E-015  0.61032195692562119       -1.4813992433548326E-017   2.1866028478427478E-016
   8.0497173667867878E-016  -2.8932998788570655E-002   1.7409343668953782E-016  -9.4867237964807106E-016  -2.1565371404745778E-015  -6.1947474798228668E-003  -4.7917261863227491E-016   6.3205171857285001E-016  -4.3539036824469762E-018   5.3180826931159305E-017  -6.5102409652481225E-016   1.2798094567247963E-016  -6.4992095195917638E-017   1.0824916880052702E-015  -9.6031422261130378E-016   4.6996956053280467E-017  -1.8550476432482580E-016   9.7680498413906512E-016  -4.8839262945233189E-016   1.4706512815783415E-016   2.8801064138382749E-016  0.70179788516013131        4.3764073974230114E-016   4.5692668549780152E-015   1.3757076677901326E-015   9.5263977103131442E-016  0.61032195692561864        6.7582082283009811E-016
  -2.0779993968190813E-017   1.0346240237248735E-015  -2.8932998788568996E-002  -6.0517039495378326E-016   1.7610083958765715E-015  -1.1239602258469960E-015  -6.1947474798242251E-003   2.2029930815568975E-016  -4.4859305265812796E-016   5.9079179471349258E-016   7.1065289073232649E-016  -4.7659012407243348E-016   2.3786927342496233E-016   3.9642341989182741E-016   4.5099532933256282E-016   7.3273970425840893E-016  -5.4165373213138616E-016  -1.3175135860579832E-016  -2.7141798242045994E-016  -2.7915324774160440E-016  -8.4383416262205260E-017   4.3764073974230114E-016  0.70179788516012542        2.4903194806430793E-015   7.2783882172492022E-016   4.5933296181096133E-016   5.4859634063231080E-018  0.61032195692561597     
  -5.1043237248618233E-015   5.4803288993785810E-015   9.4570822772778160E-015 -0.47645704785178283        1.0401432217809737E-014  -8.0824791362132725E-015  -7.4875629081341183E-015  -7.5655364105825266E-015   7.1017799178191340E-017   3.4562054600466535E-015  -9.5863177158483216E-015  -1.1858686474934078E-015  -6.5834760452918858E-015 -0.64948261763444770       -9.9375878066487613E-015   1.2118636021008781E-015  -1.8387795858372030E-015  -1.6759780404932073E-014  -7.9899374592174670E-016  -1.4613285655131790E-014  -4.9077122247865924E-015   4.5692668549780152E-015   2.4903194806430793E-015   3.8360275248814322       0.73317065889166011        6.7980244896446236E-016  -6.1922105072285202E-016  -1.4484614221670625E-015
  -1.4311556085932843E-015   1.4339583178218784E-015   2.0593155582300396E-015  0.10328901305711424        2.5516260480910670E-015  -1.8141657677238149E-015  -1.9001932634486396E-015  -2.7458127445256108E-016  -1.9904375614606513E-017   6.4186130366646772E-016   7.5922787542637183E-016  -3.8266676815265855E-016   2.5764241154318143E-016  0.15765783861397578       -1.9403030774889747E-015   5.4531877018241765E-016  -8.2282150035509445E-016  -3.5546081086189459E-015  -4.3160826969601170E-016  -1.1682764262444904E-015  -1.4562638348416603E-015   1.3757076677901326E-015   7.2783882172492022E-016  0.73317065889166011       0.22871746557071343       -7.8492516837743921E-017   8.3666280379182095E-017  -2.7130957883247777E-016
  -3.0709371128116475E-002  -5.7354514071389132E-016   1.5461274073389079E-015  -3.6613776395054846E-017  -7.8635023619289517E-003   6.9086934152841567E-018  -9.3485650731952993E-016   8.2647800689814228E-017  -1.3719129808662392E-016  -4.2392634982500523E-017   2.3178335970368099E-016   1.7586237270045530E-016  -2.5667523585113110E-016  -3.2208114521786429E-016  -2.2395412275432281E-016  -9.7376734855899600E-016  -9.8374203030720129E-016  -3.7335817708899287E-016  -8.0529391403128537E-017   4.9517453433714186E-016  0.61032195692562119        9.5263977103131442E-016   4.5933296181096133E-016   6.7980244896446236E-016  -7.8492516837743921E-017  0.53092818451957524        5.9746503684079670E-016   6.5242580413364317E-016
   6.9365251527977098E-016  -3.0709371128120427E-002   1.5050427578403248E-016  -7.7139147175337040E-016  -1.8793960605372597E-015  -7.8635023619268614E-003  -4.1965638229208137E-016   5.4668419864391317E-016  -1.8549188435749465E-018   5.0748675890315699E-017  -5.6092616470480709E-016   1.0942760444353397E-016  -5.5188263114097167E-017   9.7342535385502674E-016  -8.8582205425316831E-016   6.8788806558116704E-017  -9.5187991599277168E-017   8.9793380752137802E-016  -4.4949771118918555E-016   1.2859271523869520E-016  -1.4813992433548326E-017  0.61032195692561864        5.4859634063231080E-018  -6.1922105072285202E-016   8.3666280379182095E-017   5.9746503684079670E-016  0.53092818451957302        2.6162537807525445E-016
  -1.7948944686765222E-017   8.9626193393036392E-016  -3.0709371128118969E-002  -5.4916123734836497E-016   1.5334061855487471E-015  -9.7344948760281240E-016  -7.8635023619280757E-003   1.8186153842055611E-016  -3.9015144349212130E-016   5.0384958375733283E-016   6.1630995975078805E-016  -4.1805752634766521E-016   2.2293935997367635E-016   2.8010951997532238E-016   2.2694871065553035E-016   6.2624745354257044E-016  -6.0428186456057893E-016  -1.5810035018076487E-016  -2.9585733544660081E-016  -3.6161146099922499E-017   2.1866028478427478E-016   6.7582082283009811E-016  0.61032195692561597       -1.4484614221670625E-015  -2.7130957883247777E-016   6.5242580413364317E-016   2.6162537807525445E-016  0.53092818451957280     
