   2.0033982408100017E-004  -4.2303965830702142E-004   5.0409696018883122E-013   5.1511716814806685E-014   8.6809116029777799E-013   5.1543341970736673E-014   5.2702083241805767E-015   8.8749541732970477E-014  -1.9939332131149935E-002
  -4.2303965830702142E-004   8.9329494683076287E-004   9.1407572717046799E-015   9.4257608515048305E-016   1.5701376584200959E-014   9.2065060860919027E-016   8.8204554724275366E-017   1.6062757767022306E-015   4.2104101320471578E-002
   5.0409696018883122E-013   9.1407572717046799E-015  0.22349805393427330        2.2840174030853727E-002  0.38487143926616763        2.2849511705267275E-002   2.3350844210115818E-003   3.9347655613688644E-002  -6.8146526032385756E-014
   5.1511716814806685E-014   9.4257608515048305E-016   2.2840174030853727E-002   2.3341301661315571E-003   3.9331575812868391E-002   2.3350844210116087E-003   2.3863176262073547E-004   4.0210967661805262E-003  -6.5661295863192785E-015
   8.6809116029777799E-013   1.5701376584200959E-014  0.38487143926616763        3.9331575812868391E-002  0.66276203374179055        3.9347655613688484E-002   4.0210967661804637E-003   6.7758034493863473E-002  -1.1920426703506855E-013
   5.1543341970736673E-014   9.2065060860919027E-016   2.2849511705267275E-002   2.3350844210116087E-003   3.9347655613688484E-002   2.3360390660165939E-003   2.3872932167177743E-004   4.0227406981548286E-003  -7.6204009531346401E-015
   5.2702083241805767E-015   8.8204554724275366E-017   2.3350844210115818E-003   2.3863176262073547E-004   4.0210967661804637E-003   2.3872932167177743E-004   2.4396719153780683E-005   4.1110021322097735E-004  -1.0559267967250638E-015
   8.8749541732970477E-014   1.6062757767022306E-015   3.9347655613688644E-002   4.0210967661805262E-003   6.7758034493863473E-002   4.0227406981548286E-003   4.1110021322097735E-004   6.9272997014495335E-003  -1.2138291631801999E-014
  -1.9939332131149935E-002   4.2104101320471578E-002  -6.8146526032385756E-014  -6.5661295863192785E-015  -1.1920426703506855E-013  -7.6204009531346401E-015  -1.0559267967250638E-015  -1.2138291631801999E-014   1.9845129028143820     
