  0.23662231353716248        1.9077907027449114E-016   4.2774718126578975E-016  -5.4484132705499013E-017  0.51054918202950605       -5.4860415008450537E-016  -7.7094221504256843E-018   3.4399695691124042E-017  -4.3278531723429990E-016  -3.1570127849756898E-017  -3.9346772964871770E-016  -8.7312492134739814E-017  -9.9925001701769033E-017   3.9453375043896290E-017   7.2033346357140079E-018  -6.8164354452646284E-017  -7.0485486408003575E-017  0.25020867032551369       -4.5949131595932918E-002
   1.9077907027449114E-016   2.1055987946304783E-005  -3.8139225957381955E-018   1.0928310724814755E-017   4.8778391406776214E-016  -4.7858889621453409E-018  -6.5041319618936386E-019  -1.8655215272672835E-019   2.9989894621186760E-018   1.0403502965235240E-018   1.8669755777616635E-018   4.8272538834114509E-005  -5.3540485238899649E-018   8.9386063434766507E-018  -6.4721284567273761E-003   5.8655898690793908E-016  -1.4952994490400170E-015  -1.4589308737069772E-015   2.1229075313728788E-015
   4.2774718126578975E-016  -3.8139225957381955E-018   2.1055987946322926E-005  -1.6251492590556805E-017   9.4550538896052262E-016   2.3611572511646856E-018  -1.5012585722526644E-018  -1.0040040348891294E-018   4.7495271191860448E-019   3.2247218255174242E-018  -2.7517887697660763E-018  -8.0458737353308031E-018   4.8272538834126367E-005  -2.4429479063830680E-017   5.8061863896975851E-016  -6.4721284567301673E-003   3.5998133693490397E-015  -2.6793154381021475E-016  -6.2751317551972973E-017
  -5.4484132705499013E-017   1.0928310724814755E-017  -1.6251492590556805E-017   2.1055987946308730E-005  -7.7345342789896204E-017  -4.0291316654975545E-019   9.0594427506124689E-019  -1.5955894518950362E-018  -3.5962445207327958E-019   2.9258474457825901E-018   4.1163458106065133E-019   1.2423241985837914E-017  -3.4017992942784285E-018   4.8272538834109393E-005  -1.8518310748906329E-015   1.3874976717220762E-015  -6.4721284567279798E-003  -1.3234950236760346E-015   6.7116799115789320E-017
  0.51054918202950605        4.8778391406776214E-016   9.4550538896052262E-016  -7.7345342789896204E-017   1.1042775000095550       -1.1864920210539597E-015  -1.7042874929705611E-017   7.4407955264327971E-017  -9.3836199830060385E-016  -6.9818503296032530E-017  -8.5247191540553552E-016  -2.2310880537095391E-016  -2.2655980056834304E-016   4.7585646387292293E-017   5.9401749464825010E-017  -8.1754962740495640E-017  -1.2167876671601774E-016  0.46858458215852605       -5.8693245373941015E-002
  -5.4860415008450537E-016  -4.7858889621453409E-018   2.3611572511646856E-018  -4.0291316654975545E-019  -1.1864920210539597E-015   2.6380537127734325E-030  -1.9578609351940513E-032  -1.1965861157054816E-031   3.8560640785880745E-031   1.4438583312443030E-031   1.7878501953500968E-031  -1.0972033768732793E-017   5.4131421138211736E-018  -9.2371070540781299E-019   1.4710726574133107E-015  -7.2576566224473156E-016   1.2384627961673872E-016  -4.8205755769288234E-016   1.3145553987009175E-016
  -7.7094221504256843E-018  -6.5041319618936386E-019  -1.5012585722526644E-018   9.0594427506124689E-019  -1.7042874929705611E-017  -1.9578609351940513E-032   1.6642070276275377E-031   7.5470712133422360E-033  -1.2717017426742009E-031  -1.3488321338663718E-031   1.6955341208702766E-031  -1.4911243467344911E-018  -3.4417555193252300E-018   2.0769498116611155E-018   1.9992212032155343E-016   4.6145250230732425E-016  -2.7846652162719991E-016   2.4375482410422332E-018  -5.3265492543364920E-018
   3.4399695691124042E-017  -1.8655215272672835E-019  -1.0040040348891294E-018  -1.5955894518950362E-018   7.4407955264327971E-017  -1.1965861157054816E-031   7.5470712133422360E-033   1.7545249745339671E-031  -8.5176809640876756E-032  -3.8940865168173586E-031   2.5960680444855345E-032  -4.2768575191227006E-019  -2.3017596651087975E-018  -3.6580166162856669E-018   5.7341859209066347E-017   3.0860784596995817E-016   4.9044765428241331E-016   3.0979600934954159E-017  -5.2408946971441510E-018
  -4.3278531723429990E-016   2.9989894621186760E-018   4.7495271191860448E-019  -3.5962445207327958E-019  -9.3836199830060385E-016   3.8560640785880745E-031  -1.2717017426742009E-031  -8.5176809640876756E-032   1.2436650141951390E-030   2.3147858374132050E-031   9.2111803038190594E-031   6.8754235442399964E-018   1.0888671331382386E-018  -8.2446786029294433E-019  -9.2182067584314690E-016  -1.4598958596726011E-016   1.1054032021384686E-016  -3.4511383336310450E-016  -7.9803223621117895E-018
  -3.1570127849756898E-017   1.0403502965235240E-018   3.2247218255174242E-018   2.9258474457825901E-018  -6.9818503296032530E-017   1.4438583312443030E-031  -1.3488321338663718E-031  -3.8940865168173586E-031   2.3147858374132050E-031   9.5714313164697106E-031  -2.1694531289224823E-031   2.3850863810357127E-018   7.3929330672339997E-018   6.7077396135195804E-018  -3.1977985437032262E-016  -9.9120563448206882E-016  -8.9933849516744087E-016   1.3871440709699017E-017  -1.3431764903643791E-017
  -3.9346772964871770E-016   1.8669755777616635E-018  -2.7517887697660763E-018   4.1163458106065133E-019  -8.5247191540553552E-016   1.7878501953500968E-031   1.6955341208702766E-031   2.5960680444855345E-032   9.2111803038190594E-031  -2.1694531289224823E-031   1.1967264045594513E-030   4.2801910463514025E-018  -6.3086961576163978E-018   9.4370524671251633E-019  -5.7386553391178868E-016   8.4583684456450493E-016  -1.2652704269407674E-016  -2.9293862717452943E-016   1.0804560095251460E-016
  -8.7312492134739814E-017   4.8272538834114509E-005  -8.0458737353308031E-018   1.2423241985837914E-017  -2.2310880537095391E-016  -1.0972033768732793E-017  -1.4911243467344911E-018  -4.2768575191227006E-019   6.8754235442399964E-018   2.3850863810357127E-018   4.2801910463514025E-018   1.1066866163836487E-004  -1.0674709556714976E-017  -8.4646153088715241E-018  -1.4837872868443536E-002   1.1302310016304795E-015   4.5432052081995402E-016   5.8482150473307938E-016  -1.1501991326810390E-015
  -9.9925001701769033E-017  -5.3540485238899649E-018   4.8272538834126367E-005  -3.4017992942784285E-018  -2.2655980056834304E-016   5.4131421138211736E-018  -3.4417555193252300E-018  -2.3017596651087975E-018   1.0888671331382386E-018   7.3929330672339997E-018  -6.3086961576163978E-018  -1.0674709556714976E-017   1.1066866163832389E-004   2.1611168837744145E-017   2.8920648258752078E-016  -1.4837872868440793E-002  -2.1537138290503000E-015   3.0157666526259308E-016   2.2812847685185354E-016
   3.9453375043896290E-017   8.9386063434766507E-018  -2.4429479063830680E-017   4.8272538834109393E-005   4.7585646387292293E-017  -9.2371070540781299E-019   2.0769498116611155E-018  -3.6580166162856669E-018  -8.2446786029294433E-019   6.7077396135195804E-018   9.4370524671251633E-019  -8.4646153088715241E-018   2.1611168837744145E-017   1.1066866163832067E-004   7.0804034632402957E-016  -7.6219793890557137E-016  -1.4837872868440566E-002   1.1904438537275766E-015  -1.2190909411832755E-016
   7.2033346357140079E-018  -6.4721284567273761E-003   5.8061863896975851E-016  -1.8518310748906329E-015   5.9401749464825010E-017   1.4710726574133107E-015   1.9992212032155343E-016   5.7341859209066347E-017  -9.2182067584314690E-016  -3.1977985437032262E-016  -5.7386553391178868E-016  -1.4837872868443536E-002   2.8920648258752078E-016   7.0804034632402957E-016   1.9893840586915559        1.5783273125963511E-015  -3.6829263597165172E-015   9.2319984958411664E-017  -4.4325258103613146E-016
  -6.8164354452646284E-017   5.8655898690793908E-016  -6.4721284567301673E-003   1.3874976717220762E-015  -8.1754962740495640E-017  -7.2576566224473156E-016   4.6145250230732425E-016   3.0860784596995817E-016  -1.4598958596726011E-016  -9.9120563448206882E-016   8.4583684456450493E-016   1.1302310016304795E-015  -1.4837872868440793E-002  -7.6219793890557137E-016   1.5783273125963511E-015   1.9893840586915574        2.4669394131647304E-015   1.5132371260940737E-016   8.7785812508364607E-017
  -7.0485486408003575E-017  -1.4952994490400170E-015   3.5998133693490397E-015  -6.4721284567279798E-003  -1.2167876671601774E-016   1.2384627961673872E-016  -2.7846652162719991E-016   4.9044765428241331E-016   1.1054032021384686E-016  -8.9933849516744087E-016  -1.2652704269407674E-016   4.5432052081995402E-016  -2.1537138290503000E-015  -1.4837872868440566E-002  -3.6829263597165172E-015   2.4669394131647304E-015   1.9893840586915539        6.2051012048285496E-018   9.4813787657226914E-018
  0.25020867032551369       -1.4589308737069772E-015  -2.6793154381021475E-016  -1.3234950236760346E-015  0.46858458215852605       -4.8205755769288234E-016   2.4375482410422332E-018   3.0979600934954159E-017  -3.4511383336310450E-016   1.3871440709699017E-017  -2.9293862717452943E-016   5.8482150473307938E-016   3.0157666526259308E-016   1.1904438537275766E-015   9.2319984958411664E-017   1.5132371260940737E-016   6.2051012048285496E-018   2.3499107502806100      -0.57441166675150857     
  -4.5949131595932918E-002   2.1229075313728788E-015  -6.2751317551972973E-017   6.7116799115789320E-017  -5.8693245373941015E-002   1.3145553987009175E-016  -5.3265492543364920E-018  -5.2408946971441510E-018  -7.9803223621117895E-018  -1.3431764903643791E-017   1.0804560095251460E-016  -1.1501991326810390E-015   2.2812847685185354E-016  -1.2190909411832755E-016  -4.4325258103613146E-016   8.7785812508364607E-017   9.4813787657226914E-018 -0.57441166675150857        2.1430430041927515     
