  0.34273127967650602       -1.2293403281307951E-016  -8.4334050641662226E-017   2.5053651134462782E-016  0.56478608623777438       -3.6563305143625808E-016  -1.8737061230933882E-016  -1.5257576635697499E-016   7.6285020828812967E-015  -4.0924304518736509E-019  -2.4099377198735941E-018   7.5684962734732478E-015  -4.0028935469672628E-018   7.2894019233198376E-015  0.27408499256956048     
  -1.2293403281307951E-016  0.29023419720327642        1.7553571985719246E-016  -8.3122731245853485E-017  -3.5219603794828530E-017 -0.32676147066456557       -2.9551423106661934E-016  -6.2257768656138231E-017  -6.7183618864382628E-017  -1.0969457558958073E-017  -1.3927016707532691E-017  -1.0307455595051493E-016  -3.6392012781651720E-018  -1.0333068850183630E-016   2.9669734869357702E-016
  -8.4334050641662226E-017   1.7553571985719246E-016  0.29023419720327687        2.1919179795867912E-016  -1.8352111790393984E-016  -4.2973014850952971E-016 -0.32676147066456518        9.2109750816222031E-017   3.8689978538629050E-017   1.1719574736224062E-017   2.2411129364735179E-017   2.4833270516269000E-017  -5.4888229737477683E-018  -2.6096338349699844E-017   1.3599832594798938E-015
   2.5053651134462782E-016  -8.3122731245853485E-017   2.1919179795867912E-016  0.29023419720327565        6.1900871572919305E-016  -2.1973029915489580E-016   1.3363469402241658E-016 -0.32676147066456462       -2.3862220377953891E-016   2.7554794794232355E-017  -4.6548961002841400E-019  -2.1823589422994987E-016  -2.0611391455346465E-018  -2.5082609913490110E-016   6.4317910102502663E-016
  0.56478608623777438       -3.5219603794828530E-017  -1.8352111790393984E-016   6.1900871572919305E-016  0.93413015934695909       -8.2638427928099514E-016  -3.6616854552795251E-016  -5.2572756179542732E-016   1.2653031470752701E-014  -5.9383684783173508E-019  -3.9318059693230016E-018   1.2551590096722640E-014  -6.6588616206675171E-018   1.2097050666510074E-014  0.37016552663293861     
  -3.6563305143625808E-016 -0.32676147066456557       -4.2973014850952971E-016  -2.1973029915489580E-016  -8.2638427928099514E-016  0.36788586506946747        5.9400710643181862E-016   4.2283948254405732E-016   7.5638978163948966E-017   1.2350012916800421E-017   1.5679794128932442E-017   1.1604695041120293E-016   4.0972110563000129E-018   1.1633531839113582E-016   1.0710370331714142E-016
  -1.8737061230933882E-016  -2.9551423106661934E-016 -0.32676147066456518        1.3363469402241658E-016  -3.6616854552795251E-016   5.9400710643181862E-016  0.36788586506946602       -5.3199090098432459E-016  -4.3559285601382655E-017  -1.3194535700042621E-017  -2.5231670358078701E-017  -2.7958648820512029E-017   6.1796159253525213E-018   2.9380679397104262E-017   8.0575705346508044E-016
  -1.5257576635697499E-016  -6.2257768656138231E-017   9.2109750816222031E-017 -0.32676147066456462       -5.2572756179542732E-016   4.2283948254405732E-016  -5.3199090098432459E-016  0.36788586506946624        2.6865387673669398E-016  -3.1022689116532645E-017   5.2407356203251669E-019   2.4570185883516048E-016   2.3205427373104967E-018   2.8239368697470518E-016   3.8499302786273818E-016
   7.6285020828812967E-015  -6.7183618864382628E-017   3.8689978538629050E-017  -2.3862220377953891E-016   1.2653031470752701E-014   7.5638978163948966E-017  -4.3559285601382655E-017   2.6865387673669398E-016   1.7197961076648445E-028  -2.5730074283688534E-032  -4.6098221463537705E-032   1.7057235063002164E-028  -8.8790091782014777E-032   1.6450937039518799E-028   4.1458213545803399E-015
  -4.0924304518736509E-019  -1.0969457558958073E-017   1.1719574736224062E-017   2.7554794794232355E-017  -5.9383684783173508E-019   1.2350012916800421E-017  -1.3194535700042621E-017  -3.1022689116532645E-017  -2.5730074283688534E-032   3.5062600562136348E-033   1.3909442786014125E-033  -2.2986215926584557E-032  -2.7646932723905503E-034  -2.7667221449986268E-032  -2.2466071205088017E-018
  -2.4099377198735941E-018  -1.3927016707532691E-017   2.2411129364735179E-017  -4.6548961002841400E-019  -3.9318059693230016E-018   1.5679794128932442E-017  -2.5231670358078701E-017   5.2407356203251669E-019  -4.6098221463537705E-032   1.3909442786014125E-033   2.4169720923099954E-033  -4.5086277413417643E-032  -2.1847382724988469E-034  -4.6929736393729019E-032  -2.8689936518862945E-018
   7.5684962734732478E-015  -1.0307455595051493E-016   2.4833270516269000E-017  -2.1823589422994987E-016   1.2551590096722640E-014   1.1604695041120293E-016  -2.7958648820512029E-017   2.4570185883516048E-016   1.7057235063002164E-028  -2.2986215926584557E-032  -4.5086277413417643E-032   1.6918404115505549E-028  -8.7475210291997924E-032   1.6316607617806207E-028   4.1587814751772316E-015
  -4.0028935469672628E-018  -3.6392012781651720E-018  -5.4888229737477683E-018  -2.0611391455346465E-018  -6.6588616206675171E-018   4.0972110563000129E-018   6.1796159253525213E-018   2.3205427373104967E-018  -8.8790091782014777E-032  -2.7646932723905503E-034  -2.1847382724988469E-034  -8.7475210291997924E-032   2.1196532311151231E-034  -8.3116036558303956E-032  -1.7119163815121745E-018
   7.2894019233198376E-015  -1.0333068850183630E-016  -2.6096338349699844E-017  -2.5082609913490110E-016   1.2097050666510074E-014   1.1633531839113582E-016   2.9380679397104262E-017   2.8239368697470518E-016   1.6450937039518799E-028  -2.7667221449986268E-032  -4.6929736393729019E-032   1.6316607617806207E-028  -8.3116036558303956E-032   1.5739644179174998E-028   3.8074115435128700E-015
  0.27408499256956048        2.9669734869357702E-016   1.3599832594798938E-015   6.4317910102502663E-016  0.37016552663293861        1.0710370331714142E-016   8.0575705346508044E-016   3.8499302786273818E-016   4.1458213545803399E-015  -2.2466071205088017E-018  -2.8689936518862945E-018   4.1587814751772316E-015  -1.7119163815121745E-018   3.8074115435128700E-015   2.1610286812328927     
