  0.41318974757309579        2.8636913397247013E-017   4.1498706360653618E-016  -2.2524816169691632E-016  -1.6202049179656231E-016 -0.63383739684034701       -5.2546535915867776E-017  -1.1624997805473238E-018  -1.3967507070846396E-017   7.6154522916120468E-017  -1.6859158206726608E-017   2.2431894387227417E-017   5.7373951267794076E-017  -8.4643873163815342E-018   1.3342233167216469E-015
   2.8636913397247013E-017  0.41318974757309468       -1.9590178004097458E-017   2.1188254332129410E-016  -3.2527365209986716E-016   4.6167530790095640E-017 -0.63383739684034535        7.7771177085100840E-017  -1.2059392852593775E-016  -7.9567634109486209E-018  -6.1247928035644890E-018  -1.9012058734458675E-016   1.7950265765742639E-017  -2.1302655476589543E-016   1.6069136960175203E-016
   4.1498706360653618E-016  -1.9590178004097458E-017  0.41318974757309795        1.7949356021223862E-016   2.0919600726982740E-016  -3.2898574382899813E-016   1.0478136370714597E-016 -0.63383739684034668        1.2601801006769748E-017  -3.3238420844240450E-017  -4.9730816079955594E-018  -1.8187011443658571E-017  -6.3974812005440784E-018   5.5852104368947079E-018  -3.0618129869113692E-016
  -2.2524816169691632E-016   2.1188254332129410E-016   1.7949356021223862E-016  0.42440792609721861       0.59243784812523637        1.8949202417448199E-016  -4.0786251109180161E-016  -2.5981628787195292E-016   6.8759676909596388E-016   1.2049279512992897E-016   6.8346087005220665E-017   7.2001971131299514E-016  -4.1700221171792917E-017   6.8582010966156235E-016  0.31459382507339428     
  -1.6202049179656231E-016  -3.2527365209986716E-016   2.0919600726982740E-016  0.59243784812523637       0.83084895785328416       -1.5272399522069438E-016   3.4660064710727599E-016  -2.3949866872897034E-016   9.4720114514900880E-016   1.5686702222552518E-016   9.4926043041855484E-017   9.6266109786104679E-016  -5.8099158064295700E-017   8.8242485870592709E-016  0.35277516914544021     
 -0.63383739684034701        4.6167530790095640E-017  -3.2898574382899813E-016   1.8949202417448199E-016  -1.5272399522069438E-016  0.97231319991132048       -5.7603322610975949E-017  -4.7009513303401937E-016   2.1426302017739162E-017  -1.1682183511640247E-016   2.5862125121535716E-017  -3.4410760741544862E-017  -8.8012241667710283E-017   1.2984458723811786E-017   1.9472435535200688E-015
  -5.2546535915867776E-017 -0.63383739684034535        1.0478136370714597E-016  -4.0786251109180161E-016   3.4660064710727599E-016  -5.7603322610975949E-017  0.97231319991131793       -2.3395050003163775E-016   1.8499234838373883E-016   1.2205758340550395E-017   9.3954962571065040E-018   2.9164697061350158E-016  -2.7535895535592769E-017   3.2678496435054073E-016   5.1528504874901426E-016
  -1.1624997805473238E-018   7.7771177085100840E-017 -0.63383739684034668       -2.5981628787195292E-016  -2.3949866872897034E-016  -4.7009513303401937E-016  -2.3395050003163775E-016  0.97231319991131460       -1.9331294623223936E-017   5.0988085417753844E-017   7.6287592303554229E-018   2.7899065883077179E-017   9.8138031117787671E-018  -8.5677712598642732E-018  -8.5698059999824909E-016
  -1.3967507070846396E-017  -1.2059392852593775E-016   1.2601801006769748E-017   6.8759676909596388E-016   9.4720114514900880E-016   2.1426302017739162E-017   1.8499234838373883E-016  -1.9331294623223936E-017   1.1914004040991545E-030   2.3105584899329265E-031   1.1450535020825397E-031   1.3596441686674294E-030  -7.5296452792329143E-032   1.4191142968652217E-030   7.9254254866990241E-016
   7.6154522916120468E-017  -7.9567634109486209E-018  -3.3238420844240450E-017   1.2049279512992897E-016   1.5686702222552518E-016  -1.1682183511640247E-016   1.2205758340550395E-017   5.0988085417753844E-017   2.3105584899329265E-031   8.4372129849664901E-032   1.8223498348441362E-032   3.3836426894016114E-031  -1.4213123550571898E-033   4.1699338248538434E-031   3.4315388345985711E-016
  -1.6859158206726608E-017  -6.1247928035644890E-018  -4.9730816079955594E-018   6.8346087005220665E-017   9.4926043041855484E-017   2.5862125121535716E-017   9.3954962571065040E-018   7.6287592303554229E-018   1.1450535020825397E-031   1.8223498348441362E-032   1.1904502256511324E-032   1.2334778424250036E-031  -9.2592102103780937E-033   1.2319477748852564E-031   6.1400594867413400E-017
   2.2431894387227417E-017  -1.9012058734458675E-016  -1.8187011443658571E-017   7.2001971131299514E-016   9.6266109786104679E-016  -3.4410760741544862E-017   2.9164697061350158E-016   2.7899065883077179E-017   1.3596441686674294E-030   3.3836426894016114E-031   1.2334778424250036E-031   1.7778952945405707E-030  -7.6828437094887659E-032   2.0852880212016253E-030   1.4841645241084426E-015
   5.7373951267794076E-017   1.7950265765742639E-017  -6.3974812005440784E-018  -4.1700221171792917E-017  -5.8099158064295700E-017  -8.8012241667710283E-017  -2.7535895535592769E-017   9.8138031117787671E-018  -7.5296452792329143E-032  -1.4213123550571898E-033  -9.2592102103780937E-033  -7.6828437094887659E-032   1.2946041655601324E-032  -8.0055804526666057E-032  -3.3393772426160571E-017
  -8.4643873163815342E-018  -2.1302655476589543E-016   5.5852104368947079E-018   6.8582010966156235E-016   8.8242485870592709E-016   1.2984458723811786E-017   3.2678496435054073E-016  -8.5677712598642732E-018   1.4191142968652217E-030   4.1699338248538434E-031   1.2319477748852564E-031   2.0852880212016253E-030  -8.0055804526666057E-032   2.6742883888917112E-030   2.1868153377609741E-015
   1.3342233167216469E-015   1.6069136960175203E-016  -3.0618129869113692E-016  0.31459382507339428       0.35277516914544021        1.9472435535200688E-015   5.1528504874901426E-016  -8.5698059999824909E-016   7.9254254866990241E-016   3.4315388345985711E-016   6.1400594867413400E-017   1.4841645241084426E-015  -3.3393772426160571E-017   2.1868153377609741E-015   2.1681274477231325     
