 4.5225456302654566E-004 -1.0428815621052164E-003  5.1045557649449200E-018  1.2252441072060269E-017  7.2059372614051879E-018 -4.3056140400698010E-015  1.1679908845213311E-016  9.5319609672727123E-017 -1.2394335959714559E-014  3.0486608154660385E-017  1.6782968550265208E-014  2.7194073624891049E-016  2.6281379609047125E-016  4.2540838835510180E-017 -3.2312716444095099E-002 -7.5886564102857787E-015  2.0399206657015835E-016  1.6794093400512403E-016 -2.1769712655294009E-014  5.2219980406226264E-017  2.9414623594215723E-014  1.5066086164866882E-018  1.6043873940069480E-019  4.7886244633602094E-019  1.0467462144408424E-018  1.6167531406005683E-025  1.0467461985115939E-018  1.2984177473927511E-019  4.7886256699504325E-019  1.6043846962940862E-019  5.2538944567906776E-019  1.6446236835867066E-002  1.2592691891887878E-017 -4.1832128599849256E-017 -1.9583504272300765E-017 -5.7835526347893643E-003
-1.0428815621052164E-003  2.4053374346459568E-003 -5.6783271175264197E-018 -1.8882334371728569E-017 -1.7045957007899050E-017  1.0931821919359873E-014  3.6133118642537722E-016 -8.4970013092760106E-017  6.3659616972096533E-015  7.7963742557856260E-017 -1.7490420579518476E-014 -3.4901955482876973E-016 -1.7511038841686604E-016 -1.5327488937492405E-016  7.4617405082344518E-002  1.9265741559244122E-014  6.3882617984317649E-016 -1.5011386491578980E-016  1.1131047763672731E-014  1.4031262307021798E-016 -3.0525837987891000E-014 -3.4602495030010226E-018 -3.3806876452433688E-019 -1.1117142796244219E-018 -2.4022509108427852E-018 -3.7337604423910433E-025 -2.4022508740509277E-018 -2.9483887886088692E-019 -1.1117145583016254E-018 -3.3806814151325000E-019 -1.2080881971157228E-018 -3.7108764278243042E-002 -2.1037745034173792E-016 -9.2644588668918226E-017  6.9530755403423250E-017  1.2525575720258562E-002
 5.1045557649449200E-018 -5.6783271175264197E-018  1.1616985115222010E-003  1.0965813677290649E-016 -3.5442851654006023E-017  1.2892181707390921E-016  1.8058308391400902E-016 -6.6628797121056642E-017  5.9308327564461120E-018  1.6713016098545630E-016 -1.3302115388815871E-016  5.1124877034390372E-002  2.9581744473792077E-015 -9.9443608295355080E-016 -1.6580688628302211E-017  1.2628215868768347E-016  2.9612541925618515E-016 -1.2260295945125615E-016  6.3911483408450907E-018  2.8206571299797022E-016 -1.3454248753818425E-016 -3.8533716546856818E-016  1.5721601496548964E-017 -6.0996335900499893E-018 -1.1954575031790847E-016 -6.6819193447493100E-018 -1.5656756357762972E-016  2.5512182414449260E-017 -4.9583270697177310E-018  9.9049571079228112E-018 -2.1125958598767209E-017 -6.8721534977536407E-016 -2.3167404888384327E-002  1.1527050225348465E-016  1.6850242406361100E-015  5.1508222643786010E-016
 1.2252441072060269E-017 -1.8882334371728569E-017  1.0965813677290649E-016  1.1616985115222385E-003  6.1902477665901482E-017  3.5828553108986308E-016 -7.1849052562701386E-017  1.2159041562603325E-016 -4.6217434536157653E-017 -1.5775506362223574E-017 -3.1224814223508644E-016  1.8753589198956088E-015  5.1124877034391364E-002  2.3372297878736179E-015 -5.6222361717706552E-016  6.2336759779778074E-016 -1.3539008204461326E-016  1.9062460911115683E-016 -5.6057764304712642E-017 -1.9576819909175949E-017 -5.6507732030303519E-016  2.3857597503335081E-017 -1.3276914906471031E-016 -1.5770170741687117E-017 -4.3977878606725736E-018 -1.8199138106481357E-018  1.9026655667301143E-017 -4.1133589016533681E-016 -1.3021574169971704E-017 -2.1834592447422150E-016 -7.2133109620383284E-018 -9.0320236150677850E-016 -8.2150183426069199E-016 -2.3167404888384480E-002 -9.4963031397184914E-016  6.8674632489393130E-017
 7.2059372614051879E-018 -1.7045957007899050E-017 -3.5442851654006023E-017  6.1902477665901482E-017  1.1616985115222684E-003  1.9712436548617842E-016 -8.1689469699180872E-017  1.4511361593925016E-016 -7.5122140104459295E-017  7.6806793527123728E-017 -1.1970213953724841E-016 -2.5716716721843150E-016  5.4666631547499843E-016  5.1124877034391912E-002 -2.6053961238794380E-016  3.1478101247403625E-016 -1.2852213005358195E-016  2.7688135428881012E-016 -1.0641424485657053E-016  9.5769889355482271E-017 -2.1162471009166619E-016  4.3558567170698805E-018  6.8077217664475289E-018 -1.5591685905549667E-016  7.3429433739011798E-018 -6.8947327479455676E-019  2.2645243201874629E-018 -1.9684244020220433E-017 -2.6299497413695619E-016  8.2313026467560230E-019 -5.6703143068218147E-016  1.7100029875777778E-015  1.4909558504881866E-015  1.8960446201973855E-015 -2.3167404888386773E-002 -1.2875024269307835E-015
-4.3056140400698010E-015  1.0931821919359873E-014  1.2892181707390921E-016  3.5828553108986308E-016  1.9712436548617842E-016  3.7001762795624504E-001 -2.7254385112561939E-017 -4.5664293415835146E-018 -1.8500881397811797E-001  6.7203323739399157E-017 -1.8500881397812483E-001  1.3573102040915765E-015  1.5306596525975060E-016  6.0738356237765534E-016  2.5124467398010231E-016  6.5074781626164213E-001 -2.4488752997617437E-018  2.7680857505947806E-016 -3.2537390813082334E-001 -2.2630287598710458E-016 -3.2537390813082928E-001 -1.3176765840563509E-016 -8.8750755073689001E-017  1.7830101294380487E-017 -4.8755738878328995E-017  3.2108760071894246E-019 -5.5312347902207446E-017 -2.1873206141993847E-016  2.2700524191616204E-017 -9.1985586000361365E-017  5.5846946435941300E-017  1.4462401829577722E-015 -3.8309198666011655E-015 -2.4297427412129547E-015 -1.5905370033647511E-015  1.7273625433644461E-015
 1.1679908845213311E-016  3.6133118642537722E-016  1.8058308391400902E-016 -7.1849052562701386E-017 -8.1689469699180872E-017 -2.7254385112561939E-017  3.7001762795624227E-001 -7.9702131600603625E-017 -1.1046190532303552E-016  5.5107700247876741E-017  1.8461344458640131E-016 -1.6325601841251277E-016  8.2060016826520004E-016 -4.5564226183445031E-016 -5.4797595130144657E-017 -2.1950412330125617E-016  6.5074781626164369E-001  1.1062810539292689E-016  9.7544441892315230E-017  2.8459180727428021E-017 -2.6788517857163907E-016  1.5593242963454222E-016 -3.0661189955303079E-016  6.7916979063571634E-017  5.4401500137107466E-017 -1.0530090832615454E-018  9.7980878815951231E-017 -6.4166269989598027E-016  6.4767724868462725E-017 -3.0548133696745809E-016  1.8834043397231302E-016  3.3140654372982451E-017 -1.2501168144798819E-016 -2.6571218930224272E-015  2.3411710626433545E-016  1.7018118902502282E-017
 9.5319609672727123E-017 -8.4970013092760106E-017 -6.6628797121056642E-017  1.2159041562603325E-016  1.4511361593925016E-016 -4.5664293415835146E-018 -7.9702131600603625E-017  3.7001762795624521E-001  3.6280659064563093E-017  5.9144610152758668E-017  1.7874640191758789E-016 -1.2656308848071993E-016  1.2149261361030170E-015 -7.6678916421535539E-016 -3.3560040954059665E-017  1.5801424730297334E-016  6.1260938346194810E-017  6.5074781626164224E-001  4.1304712688028537E-016  1.7501258313549662E-016 -5.2048412137664420E-016  6.0585822895871346E-017 -1.2678217200235160E-016 -3.3227011895683016E-017  1.7355231800514689E-017 -7.5491779544930289E-019  2.3746362029508592E-017 -3.0261088030123757E-016 -2.8980753595276728E-017 -1.3764550486145522E-016 -4.5171837525788595E-017 -7.6669601595864336E-018 -1.8876205020850157E-016 -3.1724095659521690E-016 -2.5037152955520249E-016  6.7756850900652592E-018
-1.2394335959714559E-014  6.3659616972096533E-015  5.9308327564461120E-018 -4.6217434536157653E-017 -7.5122140104459295E-017 -1.8500881397811797E-001 -1.1046190532303552E-016  3.6280659064563093E-017  3.7001762795624438E-001 -2.0191951067096350E-016 -1.8500881397812452E-001  7.8124204081789629E-016 -9.2088362830747312E-016 -7.0098634135943990E-016  6.5300446233963803E-016 -3.2537390813082029E-001 -6.5831830294154056E-018  4.8166272311168346E-016  6.5074781626164513E-001 -1.1544779661310583E-015 -3.2537390813082812E-001  1.3982041533619082E-016 -1.7361969026440863E-017 -1.5754958134577651E-017  6.5399368045976749E-017  2.0381158625757814E-018  7.6196659617567908E-017  3.8584790265724277E-018 -1.5467538802808452E-017 -1.2506965281715287E-017 -1.8861584605854564E-017  9.8971452865795377E-016  1.7736947703069848E-015  1.8825791156622070E-015  7.6798941543797231E-016  1.0265304655770084E-015
 3.0486608154660385E-017  7.7963742557856260E-017  1.6713016098545630E-016 -1.5775506362223574E-017  7.6806793527123728E-017  6.7203323739399157E-017  5.5107700247876741E-017  5.9144610152758668E-017 -2.0191951067096350E-016  3.7001762795625065E-001  9.5025565686482347E-019  8.4605267528482940E-016 -7.4448908908950881E-017  1.0034152076368525E-015 -1.7999087248193125E-016 -3.2923060782442054E-016  2.1674124429314143E-016  4.8599994066559094E-017 -8.5608427813687218E-016  6.5074781626164524E-001  1.3589214027878683E-015 -3.0977896124315014E-016 -7.6617224638162095E-017 -2.1992885198781945E-018 -1.2287157340007277E-016 -1.7971944858360070E-018 -1.3921219257665662E-016 -1.7737139992060313E-016 -1.2879931943052711E-018 -7.8435327149616485E-017 -1.5376235726627625E-017  3.6295483110518017E-017  1.7304688155531606E-015 -9.5894043104727624E-016 -5.8754663228555917E-016 -1.4351124611912845E-017
 1.6782968550265208E-014 -1.7490420579518476E-014 -1.3302115388815871E-016 -3.1224814223508644E-016 -1.1970213953724841E-016 -1.8500881397812483E-001  1.8461344458640131E-016  1.7874640191758789E-016 -1.8500881397812452E-001  9.5025565686482347E-019  3.7001762795624527E-001 -2.0112076391891262E-015  7.6772669643470405E-016  1.8681059139073677E-016 -7.0395487022320062E-015 -3.2537390813081801E-001  1.0409240167809527E-016 -3.8315465908209193E-016 -3.2537390813081857E-001  1.1464656337020667E-015  6.5074781626165035E-001 -8.0527569305575916E-018  1.0611272410012866E-016 -2.0751431598026467E-018 -1.6643629167648445E-017 -2.3592034632946117E-018 -2.0884311715361328E-017  2.1487358239336292E-016 -7.2329853888077228E-018  1.0449255128207531E-016 -3.6985361830086976E-017  9.9244751656075582E-016  2.4540212930302275E-015  6.2336515898232269E-016  7.0236626374422208E-016  8.0297552324065362E-016
 2.7194073624891049E-016 -3.4901955482876973E-016  5.1124877034390372E-002  1.8753589198956088E-015 -2.5716716721843150E-016  1.3573102040915765E-015 -1.6325601841251277E-016 -1.2656308848071993E-016  7.8124204081789629E-016  8.4605267528482940E-016 -2.0112076391891262E-015  2.2712968804928764E+000 -6.2330852335046090E-015  1.8317497889678984E-015  3.0903983853110305E-016 -1.1504573437343130E-015 -1.1942459128098527E-015 -4.4017409624441177E-016  6.1204024651914814E-016  6.3383300721113318E-016  4.3016920166029710E-016 -1.7690812324926566E-014  6.2979542512622813E-016 -2.7041383712025009E-016 -5.6399208834873247E-015 -2.4514192503685876E-016 -7.3087341902269458E-015  1.0239204115610173E-015 -2.1743195758885222E-016  3.8956920194469989E-016 -9.6442243773712721E-016 -6.8508016497836791E-017 -8.2159153339676672E-001  3.2040406854051315E-015  1.0435465277181051E-015 -5.8030779144530735E-017
 2.6281379609047125E-016 -1.7511038841686604E-016  2.9581744473792077E-015  5.1124877034391364E-002  5.4666631547499843E-016  1.5306596525975060E-016  8.2060016826520004E-016  1.2149261361030170E-015 -9.2088362830747312E-016 -7.4448908908950881E-017  7.6772669643470405E-016 -6.2330852335046090E-015  2.2712968804928892E+000 -2.9301087722906036E-015 -1.2268126725952512E-016  5.3419253893480215E-016  1.7195041715246475E-015  1.1692735084162374E-015 -8.2985803584347660E-016  4.1693534730328829E-016  4.0430935630945716E-016  9.8655114128130360E-016 -6.1337687375062708E-015 -6.9901525304607272E-016 -1.6151629875702312E-016 -7.3861769171503588E-017  7.0038368800925673E-016 -1.8976109897266245E-014 -5.0410157011306808E-016 -9.9901505516317003E-015 -2.4019095911273938E-016  7.6664272999530149E-018  5.1008716351633945E-015 -8.2159153339676749E-001  3.4208822570115366E-015 -9.7139827040844181E-017
 4.2540838835510180E-017 -1.5327488937492405E-016 -9.9443608295355080E-016  2.3372297878736179E-015  5.1124877034391912E-002  6.0738356237765534E-016 -4.5564226183445031E-016 -7.6678916421535539E-016 -7.0098634135943990E-016  1.0034152076368525E-015  1.8681059139073677E-016  1.8317497889678984E-015 -2.9301087722906036E-015  2.2712968804928986E+000  3.0465787858088833E-016 -1.3452462179053296E-016 -1.2799695957037300E-016 -2.0596875093967028E-016 -1.1424874396053437E-016  2.0533873748960282E-016  9.7706386566005672E-017  1.9753817309769418E-016  1.5741036628395059E-016 -7.3809091648412674E-015  2.4689345618197586E-016 -1.5309018505894413E-019  4.8532215822306387E-017 -7.8096919239298293E-016 -1.1987238267986331E-014  2.3113444341357973E-016 -2.5908223367339248E-014 -3.2811931322411536E-016 -1.3973376016404240E-015  1.2701890494430358E-015 -8.2159153339676994E-001  2.5160321961111282E-016
-3.2312716444095099E-002  7.4617405082344518E-002 -1.6580688628302211E-017 -5.6222361717706552E-016 -2.6053961238794380E-016  2.5124467398010231E-016 -5.4797595130144657E-017 -3.3560040954059665E-017  6.5300446233963803E-016 -1.7999087248193125E-016 -7.0395487022320062E-015  3.0903983853110305E-016 -1.2268126725952512E-016  3.0465787858088833E-016  2.3316140027876902E+000  2.0363411608910776E-015  2.2187105044398839E-017 -7.5913403713136087E-017 -8.8353449177042610E-016 -2.2192800591801060E-016 -5.0828463438693714E-015 -1.0479809580947544E-016 -3.1043049737349894E-018 -3.4640138242934250E-017 -7.2911434360869158E-017 -1.1673862191595415E-023 -7.2911433209556705E-017 -8.1263506661819271E-018 -3.4640146961037588E-017 -3.1042854953783620E-018 -3.6218884961077458E-017 -9.8525559252997319E-001 -9.3820069308572749E-017  2.7036809313870684E-016  1.9500355119841211E-016  2.5627088928612202E-001
-7.5886564102857787E-015  1.9265741559244122E-014  1.2628215868768347E-016  6.2336759779778074E-016  3.1478101247403625E-016  6.5074781626164213E-001 -2.1950412330125617E-016  1.5801424730297334E-016 -3.2537390813082029E-001 -3.2923060782442054E-016 -3.2537390813081801E-001 -1.1504573437343130E-015  5.3419253893480215E-016 -1.3452462179053296E-016  2.0363411608910776E-015  1.1444663399100869E+000 -2.9653230111746268E-016  7.7919590253477463E-016 -5.7223316995506002E-001 -1.2027020283138538E-015 -5.7223316995504547E-001 -2.3173900236860316E-016 -1.5608542861803446E-016  3.1357693808074272E-017 -8.5746429921575432E-017  5.6469486643584816E-019 -9.7277499476120733E-017 -3.8468278417338659E-016  3.9923277783505262E-017 -1.6177450665773172E-016  9.8217694759046509E-017  3.4359691942568191E-015  3.4535047001275534E-015  1.0706145639283725E-015 -2.9615999910867860E-016 -2.7390206114393619E-015
 2.0399206657015835E-016  6.3882617984317649E-016  2.9612541925618515E-016 -1.3539008204461326E-016 -1.2852213005358195E-016 -2.4488752997617437E-018  6.5074781626164369E-001  6.1260938346194810E-017 -6.5831830294154056E-018  2.1674124429314143E-016  1.0409240167809527E-016 -1.1942459128098527E-015  1.7195041715246475E-015 -1.2799695957037300E-016  2.2187105044398839E-017 -2.9653230111746268E-016  1.1444663399101012E+000  5.4572920359170958E-016  4.9388147471075003E-016  2.2565929525696965E-016 -8.6677648772183123E-016  2.7423744276597586E-016 -5.3923653631325964E-016  1.1944518983277433E-016  9.5675596892826198E-017 -1.8519208536653987E-018  1.7231839271294509E-016 -1.1284883994317405E-015  1.1390661508529783E-016 -5.3724822257325917E-016  3.3123320853174386E-016  1.5964122200514496E-016  5.5601822697735089E-016  1.7524293603300952E-015  1.7313548567171707E-016 -4.8717997401271527E-017
 1.6794093400512403E-016 -1.5011386491578980E-016 -1.2260295945125615E-016  1.9062460911115683E-016  2.7688135428881012E-016  2.7680857505947806E-016  1.1062810539292689E-016  6.5074781626164224E-001  4.8166272311168346E-016  4.8599994066559094E-017 -3.8315465908209193E-016 -4.4017409624441177E-016  1.1692735084162374E-015 -2.0596875093967028E-016 -7.5913403713136087E-017  7.7919590253477463E-016  5.4572920359170958E-016  1.1444663399100865E+000  1.4410463323142330E-015  2.1758694625348761E-016 -2.1749447825494925E-015  1.0655192879233666E-016 -2.2297105688487408E-016 -5.8436149519273252E-017  3.0522543634691412E-017 -1.3276694668818172E-018  4.1762586610301041E-017 -5.3219996739270994E-016 -5.0968280132794516E-017 -2.4207633620475380E-016 -7.9443443786184901E-017  4.4758885070690938E-017 -2.8367168589580917E-017  4.0829633427788128E-016  8.7838642902575068E-016 -1.2292097944907964E-017
-2.1769712655294009E-014  1.1131047763672731E-014  6.3911483408450907E-018 -5.6057764304712642E-017 -1.0641424485657053E-016 -3.2537390813082334E-001  9.7544441892315230E-017  4.1304712688028537E-016  6.5074781626164513E-001 -8.5608427813687218E-016 -3.2537390813081857E-001  6.1204024651914814E-016 -8.2985803584347660E-016 -1.1424874396053437E-016 -8.8353449177042610E-016 -5.7223316995506002E-001  4.9388147471075003E-016  1.4410463323142330E-015  1.1444663399100996E+000 -2.8501295660863239E-015 -5.7223316995504514E-001  2.4590133840756201E-016 -3.0534392354119532E-017 -2.7708151792659529E-017  1.1501748220992273E-016  3.5844223265376034E-018  1.3400661510762799E-016  6.7858842685590858E-018 -2.7202669111923751E-017 -2.1995925951120386E-017 -3.3171757414083510E-017  6.3890384075518560E-016 -2.2153943238417194E-015 -1.6243964126662470E-016  7.2157067473604220E-016 -1.3930726224622371E-015
 5.2219980406226264E-017  1.4031262307021798E-016  2.8206571299797022E-016 -1.9576819909175949E-017  9.5769889355482271E-017 -2.2630287598710458E-016  2.8459180727428021E-017  1.7501258313549662E-016 -1.1544779661310583E-015  6.5074781626164524E-001  1.1464656337020667E-015  6.3383300721113318E-016  4.1693534730328829E-016  2.0533873748960282E-016 -2.2192800591801060E-016 -1.2027020283138538E-015  2.2565929525696965E-016  2.1758694625348761E-016 -2.8501295660863239E-015  1.1444663399100801E+000  4.4327319336303988E-015 -5.4480642899697275E-016 -1.3474626032467928E-016 -3.8678757267447610E-018 -2.1609351022644081E-016 -3.1607153246052277E-018 -2.4483166063364895E-016 -3.1194203314890014E-016 -2.2651860214909823E-018 -1.3794374647041545E-016 -2.7042094931232717E-017 -4.1175446585076248E-017  2.0273618591352626E-016 -1.0257232119755619E-016  1.3322502482901862E-015  1.0347589310736914E-017
 2.9414623594215723E-014 -3.0525837987891000E-014 -1.3454248753818425E-016 -5.6507732030303519E-016 -2.1162471009166619E-016 -3.2537390813082928E-001 -2.6788517857163907E-016 -5.2048412137664420E-016 -3.2537390813082812E-001  1.3589214027878683E-015  6.5074781626165035E-001  4.3016920166029710E-016  4.0430935630945716E-016  9.7706386566005672E-017 -5.0828463438693714E-015 -5.7223316995504547E-001 -8.6677648772183123E-016 -2.1749447825494925E-015 -5.7223316995504514E-001  4.4327319336303988E-015  1.1444663399101147E+000 -1.4162336038956011E-017  1.8661982097215813E-016 -3.6495420154146549E-018 -2.9271052288346401E-017 -4.1491171929735859E-018 -3.6729115631506346E-017  3.7789689990483631E-016 -1.2720608671581336E-017  1.8377043260885590E-016 -6.5045937344963042E-017 -3.3851632684294369E-015 -1.4417478366172009E-015 -8.5634341331012288E-016 -4.3171869277011912E-016 -4.1963426047568145E-016
 1.5066086164866882E-018 -3.4602495030010226E-018 -3.8533716546856818E-016  2.3857597503335081E-017  4.3558567170698805E-018 -1.3176765840563509E-016  1.5593242963454222E-016  6.0585822895871346E-017  1.3982041533619082E-016 -3.0977896124315014E-016 -8.0527569305575916E-018 -1.7690812324926566E-014  9.8655114128130360E-016  1.9753817309769418E-016 -1.0479809580947544E-016 -2.3173900236860316E-016  2.7423744276597586E-016  1.0655192879233666E-016  2.4590133840756201E-016 -5.4480642899697275E-016 -1.4162336038956011E-017  1.5405224896694543E-028 -5.0316062379323945E-030  1.0731044713299169E-030  5.2632670921049792E-029  4.8939192689327637E-031  6.7276861304065797E-029 -1.1097433415172821E-029  6.2087353359580891E-032 -5.0603030686351764E-030  5.5021885791679421E-030  7.1657320109939284E-017  8.9310077891305056E-016 -1.0634445788542885E-015 -3.2706121138498574E-017 -4.9030243253299830E-017
 1.6043873940069480E-019 -3.3806876452433688E-019  1.5721601496548964E-017 -1.3276914906471031E-016  6.8077217664475289E-018 -8.8750755073689001E-017 -3.0661189955303079E-016 -1.2678217200235160E-016 -1.7361969026440863E-017 -7.6617224638162095E-017  1.0611272410012866E-016  6.2979542512622813E-016 -6.1337687375062708E-015  1.5741036628395059E-016 -3.1043049737349894E-018 -1.5608542861803446E-016 -5.3923653631325964E-016 -2.2297105688487408E-016 -3.0534392354119532E-017 -1.3474626032467928E-016  1.8661982097215813E-016 -5.0316062379323945E-030  2.0870279856317856E-029  4.2945420529418412E-030  7.6491190299213587E-032 -3.1360550601118004E-031 -9.1816135066887284E-031  5.9605771497002972E-029  1.6466362137533731E-030  2.9478814678903605E-029  2.4658952181850909E-030  1.2762191206956894E-016 -8.8914737795870816E-016 -4.7731035682988259E-017 -1.4539018528800879E-015  2.1657499007627489E-017
 4.7886244633602094E-019 -1.1117142796244219E-018 -6.0996335900499893E-018 -1.5770170741687117E-017 -1.5591685905549667E-016  1.7830101294380487E-017  6.7916979063571634E-017 -3.3227011895683016E-017 -1.5754958134577651E-017 -2.1992885198781945E-018 -2.0751431598026467E-018 -2.7041383712025009E-016 -6.9901525304607272E-016 -7.3809091648412674E-015 -3.4640138242934250E-017  3.1357693808074272E-017  1.1944518983277433E-016 -5.8436149519273252E-017 -2.7708151792659529E-017 -3.8678757267447610E-018 -3.6495420154146549E-018  1.0731044713299169E-030  4.2945420529418412E-030  3.3817949052744510E-029  1.5881586710073361E-030 -5.8778463312877256E-031  1.5852713449730725E-030  6.1343253882565132E-030  4.5549637967937971E-029 -1.8849414798052670E-030  9.9532610183443900E-029  5.8057720726850847E-017  1.0331845647026048E-016  2.6824032589053269E-016 -1.7038091787811012E-015  6.4734960068214714E-017
 1.0467462144408424E-018 -2.4022509108427852E-018 -1.1954575031790847E-016 -4.3977878606725736E-018  7.3429433739011798E-018 -4.8755738878328995E-017  5.4401500137107466E-017  1.7355231800514689E-017  6.5399368045976749E-017 -1.2287157340007277E-016 -1.6643629167648445E-017 -5.6399208834873247E-015 -1.6151629875702312E-016  2.4689345618197586E-016 -7.2911434360869158E-017 -8.5746429921575432E-017  9.5675596892826198E-017  3.0522543634691412E-017  1.1501748220992273E-016 -2.1609351022644081E-016 -2.9271052288346401E-017  5.2632670921049792E-029  7.6491190299213587E-032  1.5881586710073361E-030  1.9472426544624598E-029 -2.7551064211276592E-031  2.3533663446021019E-029 -1.0903343219045391E-030  4.6603471420264587E-031 -6.5626966660201583E-031  2.7797296037551413E-030  3.0603588786648821E-017 -1.1281309694653212E-015  3.8458391876950992E-016 -8.5339505860098952E-016 -6.1593350690045163E-017
 1.6167531406005683E-025 -3.7337604423910433E-025 -6.6819193447493100E-018 -1.8199138106481357E-018 -6.8947327479455676E-019  3.2108760071894246E-019 -1.0530090832615454E-018 -7.5491779544930289E-019  2.0381158625757814E-018 -1.7971944858360070E-018 -2.3592034632946117E-018 -2.4514192503685876E-016 -7.3861769171503588E-017 -1.5309018505894413E-019 -1.1673862191595415E-023  5.6469486643584816E-019 -1.8519208536653987E-018 -1.3276694668818172E-018  3.5844223265376034E-018 -3.1607153246052277E-018 -4.1491171929735859E-018  4.8939192689327637E-031 -3.1360550601118004E-031 -5.8778463312877256E-031 -2.7551064211276592E-031  1.9828487594819366E-031 -2.0057448351325629E-031  1.5089921339990105E-031 -3.5729094147215206E-031  3.4381974295743321E-031 -9.3630318799283773E-031  4.8276447609500032E-024  5.8676811880751083E-016  9.4051195591300184E-017  2.9361896657505252E-016 -1.2880740136954473E-024
 1.0467461985115939E-018 -2.4022508740509277E-018 -1.5656756357762972E-016  1.9026655667301143E-017  2.2645243201874629E-018 -5.5312347902207446E-017  9.7980878815951231E-017  2.3746362029508592E-017  7.6196659617567908E-017 -1.3921219257665662E-016 -2.0884311715361328E-017 -7.3087341902269458E-015  7.0038368800925673E-016  4.8532215822306387E-017 -7.2911433209556705E-017 -9.7277499476120733E-017  1.7231839271294509E-016  4.1762586610301041E-017  1.3400661510762799E-016 -2.4483166063364895E-016 -3.6729115631506346E-017  6.7276861304065797E-029 -9.1816135066887284E-031  1.5852713449730725E-030  2.3533663446021019E-029 -2.0057448351325629E-031  3.0715366965076040E-029 -2.9865683546294395E-030  4.8450164888803646E-031 -2.0830666431581432E-030  4.1379737947401386E-030  3.0603588322762827E-017 -7.5627496636252791E-016 -1.6490636512058267E-015 -5.1912146833623286E-016 -6.1593350567904756E-017
 1.2984177473927511E-019 -2.9483887886088692E-019  2.5512182414449260E-017 -4.1133589016533681E-016 -1.9684244020220433E-017 -2.1873206141993847E-016 -6.4166269989598027E-016 -3.0261088030123757E-016  3.8584790265724277E-018 -1.7737139992060313E-016  2.1487358239336292E-016  1.0239204115610173E-015 -1.8976109897266245E-014 -7.8096919239298293E-016 -8.1263506661819271E-018 -3.8468278417338659E-016 -1.1284883994317405E-015 -5.3219996739270994E-016  6.7858842685590858E-018 -3.1194203314890014E-016  3.7789689990483631E-016 -1.1097433415172821E-029  5.9605771497002972E-029  6.1343253882565132E-030 -1.0903343219045391E-030  1.5089921339990105E-031 -2.9865683546294395E-030  1.8470073808742129E-028  4.3834368800661304E-030  9.4855409292588173E-029  4.5691298349908613E-030  2.0039237843346609E-017 -1.4250460726872820E-015  1.0329435538173799E-016  1.1834033772296215E-015 -6.2201589195586816E-019
 4.7886256699504325E-019 -1.1117145583016254E-018 -4.9583270697177310E-018 -1.3021574169971704E-017 -2.6299497413695619E-016  2.2700524191616204E-017  6.4767724868462725E-017 -2.8980753595276728E-017 -1.5467538802808452E-017 -1.2879931943052711E-018 -7.2329853888077228E-018 -2.1743195758885222E-016 -5.0410157011306808E-016 -1.1987238267986331E-014 -3.4640146961037588E-017  3.9923277783505262E-017  1.1390661508529783E-016 -5.0968280132794516E-017 -2.7202669111923751E-017 -2.2651860214909823E-018 -1.2720608671581336E-017  6.2087353359580891E-032  1.6466362137533731E-030  4.5549637967937971E-029  4.6603471420264587E-031 -3.5729094147215206E-031  4.8450164888803646E-031  4.3834368800661304E-030  6.7941902214480427E-029 -2.8262124885965693E-030  1.4728538521717336E-028  5.8057724267246473E-017  1.0609218356555901E-016  8.9898018188439389E-016  1.4146697277250638E-015  6.4734959125018867E-017
 1.6043846962940862E-019 -3.3806814151325000E-019  9.9049571079228112E-018 -2.1834592447422150E-016  8.2313026467560230E-019 -9.1985586000361365E-017 -3.0548133696745809E-016 -1.3764550486145522E-016 -1.2506965281715287E-017 -7.8435327149616485E-017  1.0449255128207531E-016  3.8956920194469989E-016 -9.9901505516317003E-015  2.3113444341357973E-016 -3.1042854953783620E-018 -1.6177450665773172E-016 -5.3724822257325917E-016 -2.4207633620475380E-016 -2.1995925951120386E-017 -1.3794374647041545E-016  1.8377043260885590E-016 -5.0603030686351764E-030  2.9478814678903605E-029 -1.8849414798052670E-030 -6.5626966660201583E-031  3.4381974295743321E-031 -2.0830666431581432E-030  9.4855409292588173E-029 -2.8262124885965693E-030  5.0165828169604020E-029 -9.3832895453319591E-030  1.2762190400748299E-016 -6.2707597833091800E-016  8.2219287930072621E-016  1.7904603722885520E-015  2.1657501157937372E-017
 5.2538944567906776E-019 -1.2080881971157228E-018 -2.1125958598767209E-017 -7.2133109620383284E-018 -5.6703143068218147E-016  5.5846946435941300E-017  1.8834043397231302E-016 -4.5171837525788595E-017 -1.8861584605854564E-017 -1.5376235726627625E-017 -3.6985361830086976E-017 -9.6442243773712721E-016 -2.4019095911273938E-016 -2.5908223367339248E-014 -3.6218884961077458E-017  9.8217694759046509E-017  3.3123320853174386E-016 -7.9443443786184901E-017 -3.3171757414083510E-017 -2.7042094931232717E-017 -6.5045937344963042E-017  5.5021885791679421E-030  2.4658952181850909E-030  9.9532610183443900E-029  2.7797296037551413E-030 -9.3630318799283773E-031  4.1379737947401386E-030  4.5691298349908613E-030  1.4728538521717336E-028 -9.3832895453319591E-030  3.2025508013573468E-028  5.1098587459403451E-017  9.9666979811578602E-017  8.6005735644441605E-016  2.4652635842045717E-015  1.6667793867541207E-017
 1.6446236835867066E-002 -3.7108764278243042E-002 -6.8721534977536407E-016 -9.0320236150677850E-016  1.7100029875777778E-015  1.4462401829577722E-015  3.3140654372982451E-017 -7.6669601595864336E-018  9.8971452865795377E-016  3.6295483110518017E-017  9.9244751656075582E-016 -6.8508016497836791E-017  7.6664272999530149E-018 -3.2811931322411536E-016 -9.8525559252997319E-001  3.4359691942568191E-015  1.5964122200514496E-016  4.4758885070690938E-017  6.3890384075518560E-016 -4.1175446585076248E-017 -3.3851632684294369E-015  7.1657320109939284E-017  1.2762191206956894E-016  5.8057720726850847E-017  3.0603588786648821E-017  4.8276447609500032E-024  3.0603588322762827E-017  2.0039237843346609E-017  5.8057724267246473E-017  1.2762190400748299E-016  5.1098587459403451E-017  2.6315214352107263E+000  1.1512151320119828E-016 -5.0628446244587310E-017 -2.7626180184554659E-016 -7.9768848380481872E-001
 1.2592691891887878E-017 -2.1037745034173792E-016 -2.3167404888384327E-002 -8.2150183426069199E-016  1.4909558504881866E-015 -3.8309198666011655E-015 -1.2501168144798819E-016 -1.8876205020850157E-016  1.7736947703069848E-015  1.7304688155531606E-015  2.4540212930302275E-015 -8.2159153339676672E-001  5.1008716351633945E-015 -1.3973376016404240E-015 -9.3820069308572749E-017  3.4535047001275534E-015  5.5601822697735089E-016 -2.8367168589580917E-017 -2.2153943238417194E-015  2.0273618591352626E-016 -1.4417478366172009E-015  8.9310077891305056E-016 -8.8914737795870816E-016  1.0331845647026048E-016 -1.1281309694653212E-015  5.8676811880751083E-016 -7.5627496636252791E-016 -1.4250460726872820E-015  1.0609218356555901E-016 -6.2707597833091800E-016  9.9666979811578602E-017  1.1512151320119828E-016  2.2973287623084517E+000 -3.5942147129157288E-016  2.7669943495364433E-015  1.4566984181104094E-016
-4.1832128599849256E-017 -9.2644588668918226E-017  1.1527050225348465E-016 -2.3167404888384480E-002  1.8960446201973855E-015 -2.4297427412129547E-015 -2.6571218930224272E-015 -3.1724095659521690E-016  1.8825791156622070E-015 -9.5894043104727624E-016  6.2336515898232269E-016  3.2040406854051315E-015 -8.2159153339676749E-001  1.2701890494430358E-015  2.7036809313870684E-016  1.0706145639283725E-015  1.7524293603300952E-015  4.0829633427788128E-016 -1.6243964126662470E-016 -1.0257232119755619E-016 -8.5634341331012288E-016 -1.0634445788542885E-015 -4.7731035682988259E-017  2.6824032589053269E-016  3.8458391876950992E-016  9.4051195591300184E-017 -1.6490636512058267E-015  1.0329435538173799E-016  8.9898018188439389E-016  8.2219287930072621E-016  8.6005735644441605E-016 -5.0628446244587310E-017 -3.5942147129157288E-016  2.2973287623084535E+000 -6.4967174500776279E-015  1.6624576411875640E-017
-1.9583504272300765E-017  6.9530755403423250E-017  1.6850242406361100E-015 -9.4963031397184914E-016 -2.3167404888386773E-002 -1.5905370033647511E-015  2.3411710626433545E-016 -2.5037152955520249E-016  7.6798941543797231E-016 -5.8754663228555917E-016  7.0236626374422208E-016  1.0435465277181051E-015  3.4208822570115366E-015 -8.2159153339676994E-001  1.9500355119841211E-016 -2.9615999910867860E-016  1.7313548567171707E-016  8.7838642902575068E-016  7.2157067473604220E-016  1.3322502482901862E-015 -4.3171869277011912E-016 -3.2706121138498574E-017 -1.4539018528800879E-015 -1.7038091787811012E-015 -8.5339505860098952E-016  2.9361896657505252E-016 -5.1912146833623286E-016  1.1834033772296215E-015  1.4146697277250638E-015  1.7904603722885520E-015  2.4652635842045717E-015 -2.7626180184554659E-016  2.7669943495364433E-015 -6.4967174500776279E-015  2.2973287623084602E+000 -1.5136232124404909E-016
-5.7835526347893643E-003  1.2525575720258562E-002  5.1508222643786010E-016  6.8674632489393130E-017 -1.2875024269307835E-015  1.7273625433644461E-015  1.7018118902502282E-017  6.7756850900652592E-018  1.0265304655770084E-015 -1.4351124611912845E-017  8.0297552324065362E-016 -5.8030779144530735E-017 -9.7139827040844181E-017  2.5160321961111282E-016  2.5627088928612202E-001 -2.7390206114393619E-015 -4.8717997401271527E-017 -1.2292097944907964E-017 -1.3930726224622371E-015  1.0347589310736914E-017 -4.1963426047568145E-016 -4.9030243253299830E-017  2.1657499007627489E-017  6.4734960068214714E-017 -6.1593350690045163E-017 -1.2880740136954473E-024 -6.1593350567904756E-017 -6.2201589195586816E-019  6.4734959125018867E-017  2.1657501157937372E-017  1.6667793867541207E-017 -7.9768848380481872E-001  1.4566984181104094E-016  1.6624576411875640E-017 -1.5136232124404909E-016  2.2426671123108748E+000
