  0.37445957023076032       -1.5479735408976634E-016  -1.7282764777519368E-016   2.5321703017575633E-017  0.57706668770933367       -1.2661004726770925E-016  -3.8079251717987116E-017   1.7784624107047713E-016   5.6527429216399163E-015  -4.8728373570301192E-018   1.0106212264701193E-019   5.6673957743039404E-015   6.0667304986670198E-019   5.6661357962482874E-015  0.29092669346141770     
  -1.5479735408976634E-016  0.33023232088133547        2.9274362158919036E-016   3.3827107781547258E-017  -1.6317809454836633E-016  0.43313735819493138        2.5795880188861349E-016   1.9533709140946942E-017  -6.9854015381064309E-017  -4.2263677236120419E-018   1.8615010850344200E-017  -5.6592108060524538E-017   5.5366962834418675E-018  -6.5719509499095820E-017   9.2858914443324616E-016
  -1.7282764777519368E-016   2.9274362158919036E-016  0.33023232088133614        2.3327513242836014E-016  -3.2632652292331125E-016  -8.5200220721152475E-017  0.43313735819493188        2.5848283293864812E-016   2.9550176378028587E-017   9.8601396537834973E-018  -2.3823841744538494E-017   4.2374378712735954E-017  -4.3028180180755632E-018   4.9350142487653774E-017  -2.6425628745734777E-018
   2.5321703017575633E-017   3.3827107781547258E-017   2.3327513242836014E-016  0.33023232088133631        1.6561094479350954E-016  -2.3107962302907715E-016  -3.6511411660259748E-016  0.43313735819493188        3.7229124479515972E-017  -7.7454437812100416E-018   2.6083631673508786E-017   6.1826059383500228E-017   6.3623449838378933E-018   2.3830815274735381E-017  -6.8608146573898570E-016
  0.57706668770933367       -1.6317809454836633E-016  -3.2632652292331125E-016   1.6561094479350954E-016  0.89289910218361868       -2.8265782591911204E-017  -1.1363248459973270E-016   4.0083720206818023E-016   8.7641118368726761E-015  -7.5156403839341691E-018   1.1276762380208754E-019   8.7908890728381517E-015   8.6715876547413095E-019   8.7912997816675249E-015  0.36477185338041468     
  -1.2661004726770925E-016  0.43313735819493138       -8.5200220721152475E-017  -2.3107962302907715E-016  -2.8265782591911204E-017  0.56810905293397573       -2.7699558503383821E-016  -3.3561478249288805E-016  -9.1621509368653932E-017  -5.5433633681890559E-018   2.4415710130884954E-017  -7.4227005141707765E-017   7.2620087426253110E-018  -8.6198633284393327E-017  -3.0010312549100602E-016
  -3.8079251717987116E-017   2.5795880188861349E-016  0.43313735819493188       -3.6511411660259748E-016  -1.1363248459973270E-016  -2.7699558503383821E-016  0.56810905293397607       -5.4117951439613954E-016   3.8758427086771583E-017   1.2932697894848165E-017  -3.1247686016147201E-017   5.5578831296111209E-017  -5.6436366500070823E-018   6.4728341207182439E-017  -4.0754808563464657E-016
   1.7784624107047713E-016   1.9533709140946942E-017   2.5848283293864812E-016  0.43313735819493188        4.0083720206818023E-016  -3.3561478249288805E-016  -5.4117951439613954E-016  0.56810905293397562        4.8830243453858420E-017  -1.0159033036158173E-017   3.4211658280574318E-017   8.1091929334789282E-017   8.3449411943374365E-018   3.1256832596467358E-017   1.2366738375987316E-016
   5.6527429216399163E-015  -6.9854015381064309E-017   2.9550176378028587E-017   3.7229124479515972E-017   8.7641118368726761E-015  -9.1621509368653932E-017   3.8758427086771583E-017   4.8830243453858420E-017   8.6129906650977062E-029  -7.2748111158683193E-032  -2.2340951045418035E-033   8.6413811017128901E-029   7.3245753260072378E-033   8.6427591700160426E-029   3.1651575115465590E-015
  -4.8728373570301192E-018  -4.2263677236120419E-018   9.8601396537834973E-018  -7.7454437812100416E-018  -7.5156403839341691E-018  -5.5433633681890559E-018   1.2932697894848165E-017  -1.0159033036158173E-017  -7.2748111158683193E-032   5.9358253900172072E-034  -1.5625942994819656E-033  -7.3309834739230028E-032  -3.5633620596161249E-034  -7.2081281809530359E-032  -3.6401304496932717E-018
   1.0106212264701193E-019   1.8615010850344200E-017  -2.3823841744538494E-017   2.6083631673508786E-017   1.1276762380208754E-019   2.4415710130884954E-017  -3.1247686016147201E-017   3.4211658280574318E-017  -2.2340951045418035E-033  -1.5625942994819656E-033   4.8288073471921794E-033  -5.1501139283901806E-034   1.1260238591490368E-033  -4.5622592174963743E-033   1.0756519202221715E-018
   5.6673957743039404E-015  -5.6592108060524538E-017   4.2374378712735954E-017   6.1826059383500228E-017   8.7908890728381517E-015  -7.4227005141707765E-017   5.5578831296111209E-017   8.1091929334789282E-017   8.6413811017128901E-029  -7.3309834739230028E-032  -5.1501139283901806E-034   8.6706040477515224E-029   7.7985087349436918E-033   8.6719586984649217E-029   3.0791795534159706E-015
   6.0667304986670198E-019   5.5366962834418675E-018  -4.3028180180755632E-018   6.3623449838378933E-018   8.6715876547413095E-019   7.2620087426253110E-018  -5.6436366500070823E-018   8.3449411943374365E-018   7.3245753260072378E-033  -3.5633620596161249E-034   1.1260238591490368E-033   7.7985087349436918E-033   2.7372942826841900E-034   6.7762575176687021E-033   2.0436196765817714E-018
   5.6661357962482874E-015  -6.5719509499095820E-017   4.9350142487653774E-017   2.3830815274735381E-017   8.7912997816675249E-015  -8.6198633284393327E-017   6.4728341207182439E-017   3.1256832596467358E-017   8.6427591700160426E-029  -7.2081281809530359E-032  -4.5622592174963743E-033   8.6719586984649217E-029   6.7762575176687021E-033   8.6739445450463991E-029   3.0236192148115799E-015
  0.29092669346141770        9.2858914443324616E-016  -2.6425628745734777E-018  -6.8608146573898570E-016  0.36477185338041468       -3.0010312549100602E-016  -4.0754808563464657E-016   1.2366738375987316E-016   3.1651575115465590E-015  -3.6401304496932717E-018   1.0756519202221715E-018   3.0791795534159706E-015   2.0436196765817714E-018   3.0236192148115799E-015   2.1649307563395368     
