  0.27962274580382662       -7.6251661466098982E-016  -1.5157796138859962E-016   1.6397792523185833E-016  0.57448514406432316        2.2970979339629920E-015  -8.9956154832719929E-018   1.4657704834278746E-017   2.4626276093741098E-015  -2.9380142279532705E-017   8.4701475510555734E-016   4.6415631299719088E-017   5.4889036480812119E-016  -3.0848969338150963E-017  0.38613287232462440        8.2256860544076100E-017  -2.4077821864388156E-016  -3.2533033382508862E-017   6.9598589987477533E-002
  -7.6251661466098982E-016  0.52191895743005756       -3.4231835674741320E-016  -2.0111761371554210E-016  -1.2050344290449221E-015   2.1801843186715217E-016  -6.2478644471645364E-018   1.3638661706647256E-017   2.7451233059534758E-016   8.4157935986308218E-018   2.8470856730323517E-016  0.28636280313890716       -3.6002183834467463E-016   9.2259569768767314E-017  -1.3213644508136331E-015 -0.17790180889020119       -1.6321130577134751E-015   8.1994716294171227E-016  -1.5925065897549202E-015
  -1.5157796138859962E-016  -3.4231835674741320E-016  0.52191895743005956        1.8184299353460490E-016  -4.4385298016737144E-016   6.9570006317685339E-017  -9.4356104418989903E-018  -4.3096833292808187E-018  -1.5161880510115776E-017  -1.0145858689535220E-017   7.0329996540075016E-017  -3.3174945351721145E-016  0.28636280313890594       -1.7858442966237678E-016   2.2749235561461010E-015  -1.6432233771243717E-015 -0.17790180889020038       -2.0535979228166350E-015  -3.9665986228819168E-016
   1.6397792523185833E-016  -2.0111761371554210E-016   1.8184299353460490E-016  0.52191895743006222        9.3018368588712067E-017  -3.9999346289925111E-017  -2.6847183343799142E-017   4.5498684010408545E-018   2.2738256959323740E-017   9.2858579969409222E-017   6.0354544938530678E-018  -6.7300446958718761E-017  -1.8251139351985582E-016  0.28636280313890561        5.8326678186657792E-016   1.0812686856309260E-015  -2.7930991903840543E-015 -0.17790180889020094        7.7285150095678410E-016
  0.57448514406432316       -1.2050344290449221E-015  -4.4385298016737144E-016   9.3018368588712067E-017   1.1840687038645266        4.4204427838402135E-015  -1.8435425972444416E-017   2.9568748573790651E-017   4.7861723648659842E-015  -6.1156139681989027E-017   1.4520583560119761E-015   2.2609144093255357E-016   1.1610149368244004E-015  -1.7400498758084819E-016  0.71069909759694405        8.0556452641061969E-017  -4.9141320232336107E-016  -4.9176299874041143E-017   8.8867098750433804E-002
   2.2970979339629920E-015   2.1801843186715217E-016   6.9570006317685339E-017  -3.9999346289925111E-017   4.4204427838402135E-015   5.4350092610400112E-029   5.5824326320034686E-032  -4.6291905910082060E-032   5.1148111135434696E-029  -4.5772426291155610E-032   4.0151849835138304E-029   5.7453063172447412E-017   6.7029651633313285E-017  -3.3205373813050117E-017   1.1395639373045421E-014  -1.4966674053327035E-015   6.3654742029076085E-016  -2.4395939066845128E-016   1.0361271948610937E-015
  -8.9956154832719929E-018  -6.2478644471645364E-018  -9.4356104418989903E-018  -2.6847183343799142E-017  -1.8435425972444416E-017   5.5824326320034686E-032   2.7475169713040519E-031   2.4226151952107770E-031  -8.4673172593949028E-032  -2.7107949438867117E-031  -1.2773791192050503E-031  -1.4311623880724294E-017   1.5838530165674313E-018   1.4357945850790955E-017  -1.5344622807829253E-017  -2.4687906341238070E-016   1.5790115675871012E-016   6.7466984774427640E-016   1.3847498819416158E-018
   1.4657704834278746E-017   1.3638661706647256E-017  -4.3096833292808187E-018   4.5498684010408545E-018   2.9568748573790651E-017  -4.6291905910082060E-032   2.4226151952107770E-031   5.3889251380783543E-031   7.8893357421013002E-031  -3.4475092423584577E-031  -3.4606185997587973E-031   2.6074233574445415E-017   2.2363493706856326E-017   3.4648119395024796E-017   3.2563599311148031E-017   4.2070141926838269E-016   5.6723017478850227E-016   7.3405760948988238E-016   1.0487431826344893E-017
   2.4626276093741098E-015   2.7451233059534758E-016  -1.5161880510115776E-017   2.2738256959323740E-017   4.7861723648659842E-015   5.1148111135434696E-029  -8.4673172593949028E-032   7.8893357421013002E-031   5.3236416503160536E-029  -5.0090519072869547E-031   3.8053364386444219E-029   2.1786739790750730E-016   7.7542390037133002E-020   3.7434761343342082E-017   1.1048158472363540E-014   1.4450591690545388E-015   1.9727297045067503E-016   5.6329101135346595E-016   7.4836590363213956E-016
  -2.9380142279532705E-017   8.4157935986308218E-018  -1.0145858689535220E-017   9.2858579969409222E-017  -6.1156139681989027E-017  -4.5772426291155610E-032  -2.7107949438867117E-031  -3.4475092423584577E-031  -5.0090519072869547E-031   3.4968985054856157E-031   1.1831310269935933E-031   8.9595589988156067E-019  -9.4709105119870246E-018   1.6432534714720733E-017  -2.3107292621015908E-017  -8.8015286126511550E-017  -8.5865877564790236E-017  -8.2136354870979842E-016   3.7334578076232158E-018
   8.4701475510555734E-016   2.8470856730323517E-016   7.0329996540075016E-017   6.0354544938530678E-018   1.4520583560119761E-015   4.0151849835138304E-029  -1.2773791192050503E-031  -3.4606185997587973E-031   3.8053364386444219E-029   1.1831310269935933E-031   3.5274366249646367E-029   1.3603754662037928E-016  -1.2671272601452760E-018  -5.2133025424004718E-018   9.1235678320870621E-015  -5.5862037997809740E-016  -9.3583321473200115E-016  -1.9709839217385695E-016   5.9634645889805791E-016
   4.6415631299719088E-017  0.28636280313890716       -3.3174945351721145E-016  -6.7300446958718761E-017   2.2609144093255357E-016   5.7453063172447412E-017  -1.4311623880724294E-017   2.6074233574445415E-017   2.1786739790750730E-016   8.9595589988156067E-019   1.3603754662037928E-016  0.16082262673970435       -7.8762787968539202E-017  -7.0848959142342705E-017   6.8090206334574202E-016  -1.2885438401351992E-002   1.3164890998087351E-015  -1.2282223374742057E-015   1.8067819650328736E-015
   5.4889036480812119E-016  -3.6002183834467463E-016  0.28636280313890594       -1.8251139351985582E-016   1.1610149368244004E-015   6.7029651633313285E-017   1.5838530165674313E-018   2.2363493706856326E-017   7.7542390037133002E-020  -9.4709105119870246E-018  -1.2671272601452760E-018  -7.8762787968539202E-017  0.16082262673970252       -9.0633690026512734E-017  -1.0909926567036768E-015   1.4632731333043268E-015  -1.2885438401348884E-002   9.4389963510231038E-017   4.4942538584554651E-016
  -3.0848969338150963E-017   9.2259569768767314E-017  -1.7858442966237678E-016  0.28636280313890561       -1.7400498758084819E-016  -3.3205373813050117E-017   1.4357945850790955E-017   3.4648119395024796E-017   3.7434761343342082E-017   1.6432534714720733E-017  -5.2133025424004718E-018  -7.0848959142342705E-017  -9.0633690026512734E-017  0.16082262673970149       -2.4515822965640019E-016  -1.1528774862665150E-015   1.1721360508717622E-015  -1.2885438401347246E-002  -3.2634914363669218E-016
  0.38613287232462440       -1.3213644508136331E-015   2.2749235561461010E-015   5.8326678186657792E-016  0.71069909759694405        1.1395639373045421E-014  -1.5344622807829253E-017   3.2563599311148031E-017   1.1048158472363540E-014  -2.3107292621015908E-017   9.1235678320870621E-015   6.8090206334574202E-016  -1.0909926567036768E-015  -2.4515822965640019E-016   2.6118362047104551       -1.5045646479831551E-016   2.0285895780493970E-016  -2.4864283369555957E-017  0.65731222928960376     
   8.2256860544076100E-017 -0.17790180889020119       -1.6432233771243717E-015   1.0812686856309260E-015   8.0556452641061969E-017  -1.4966674053327035E-015  -2.4687906341238070E-016   4.2070141926838269E-016   1.4450591690545388E-015  -8.8015286126511550E-017  -5.5862037997809740E-016  -1.2885438401351992E-002   1.4632731333043268E-015  -1.1528774862665150E-015  -1.5045646479831551E-016   1.9990747585022182       -1.0292720858560645E-016  -1.1046849114577711E-015  -6.4551217415189615E-016
  -2.4077821864388156E-016  -1.6321130577134751E-015 -0.17790180889020038       -2.7930991903840543E-015  -4.9141320232336107E-016   6.3654742029076085E-016   1.5790115675871012E-016   5.6723017478850227E-016   1.9727297045067503E-016  -8.5865877564790236E-017  -9.3583321473200115E-016   1.3164890998087351E-015  -1.2885438401348884E-002   1.1721360508717622E-015   2.0285895780493970E-016  -1.0292720858560645E-016   1.9990747585022148        2.1545773791400305E-015  -1.0592187852710746E-016
  -3.2533033382508862E-017   8.1994716294171227E-016  -2.0535979228166350E-015 -0.17790180889020094       -4.9176299874041143E-017  -2.4395939066845128E-016   6.7466984774427640E-016   7.3405760948988238E-016   5.6329101135346595E-016  -8.2136354870979842E-016  -1.9709839217385695E-016  -1.2282223374742057E-015   9.4389963510231038E-017  -1.2885438401347246E-002  -2.4864283369555957E-017  -1.1046849114577711E-015   2.1545773791400305E-015   1.9990747585022139        1.1813178796771330E-016
   6.9598589987477533E-002  -1.5925065897549202E-015  -3.9665986228819168E-016   7.7285150095678410E-016   8.8867098750433804E-002   1.0361271948610937E-015   1.3847498819416158E-018   1.0487431826344893E-017   7.4836590363213956E-016   3.7334578076232158E-018   5.9634645889805791E-016   1.8067819650328736E-015   4.4942538584554651E-016  -3.2634914363669218E-016  0.65731222928960376       -6.4551217415189615E-016  -1.0592187852710746E-016   1.1813178796771330E-016   2.1725176298232167     
