  0.32353847238536854       -1.9332340054366448E-016   2.2886144832929098E-016   1.1810930825191337E-015  -1.2371277909671757E-016   2.3018528140984555E-017   3.9932393580902368E-017   1.4067870881324852E-017   4.0049231317573377E-017   8.0580786922365040E-018  0.20124474670804002       -8.5530162754402060E-017   6.2133183098056473E-017   3.3246937896492891E-015  -1.3120806955824757E-015   4.2848821208824263E-016   4.0627459614300567E-016   8.2967922570378556E-016   3.2668383369214496E-016   4.3665339204166712E-016  -7.8843097572914425E-002  -5.2481883090381917E-016   1.9488247741158797E-015  -1.4898569922869299E-014   4.1631794141085328E-015  -8.0541322371440710E-002  -4.2647037819003723E-016   1.5702289541127132E-015
  -1.9332340054366448E-016  0.32353847238536571        2.5795068878102664E-016   1.4851114996161757E-015  -4.4270492109569030E-016  -1.0295045244860991E-017  -8.6622551668649286E-018  -4.0524568840795609E-016  -3.1444351111054528E-018  -4.2842384816539946E-016  -1.0482223891222992E-017  0.20124474670804263        3.4253766524197413E-016   3.7615960430617998E-016  -8.7995299666780404E-017  -2.7363496752100917E-017  -1.2555641628762513E-016  -5.7628117884364642E-017  -6.1036774530251194E-017  -4.8353091950738656E-016  -1.9011190052844887E-016  -7.8843097572913440E-002  -1.9718063647811257E-015   2.9216074648170582E-015  -1.3364209336756260E-015  -1.4441544330254569E-016  -8.0541322371439975E-002  -1.6164311892941554E-015
   2.2886144832929098E-016   2.5795068878102664E-016  0.32353847238537181        1.2583333386973582E-015  -1.2603477725193142E-016   6.4464958400827630E-017  -2.7959925154075915E-018   7.0652258524236871E-018  -2.7247934504525557E-017  -3.6521041370136697E-017  -2.5181639581075453E-016   2.1862952785365288E-016  0.20124474670804282        3.1721143337195164E-015  -9.8789762447177970E-016   1.1626428997333979E-015   4.6814166068159234E-016  -7.4143739332618048E-016  -5.4308309487539762E-016   1.6995484461877404E-015   1.0750360131671227E-016  -1.8099501527571002E-015  -7.8843097572910026E-002  -1.9987438749450695E-014   5.9950865855952642E-015   9.3384473639018176E-017  -1.4736873002358353E-015  -8.0541322371437310E-002
   1.1810930825191337E-015   1.4851114996161757E-015   1.2583333386973582E-015  0.33394587082573174        1.4357173070909923E-014  -7.4295275451761246E-017   3.3090791435503848E-016   2.1709620210983341E-014  -1.4942092078454278E-016   1.8825088328361220E-014  -6.2352495253738690E-016   9.6384282147014109E-016  -4.2284377433560887E-016  0.67728941844211288        1.0311966210308145E-014   5.0890204605908577E-016   1.0155764819799978E-015   2.2653430567084167E-014   2.6731204627434936E-015   8.8235075183771350E-015   1.9662782239662558E-015  -4.1114320646955190E-016   1.0298725333900314E-015 -0.52244523087868577       -5.5629708186815785E-002   1.7463283529349020E-015  -3.9854118283416375E-016   9.5843508719968178E-016
  -1.2371277909671757E-016  -4.4270492109569030E-016  -1.2603477725193142E-016   1.4357173070909923E-014   6.1212820842467958E-003  -2.5509270709295969E-017   9.6790133936685281E-017  -3.0606410421239556E-003   5.0275428826033789E-017  -3.0606410421240159E-003  -9.1240430984824913E-017  -2.6382335517982410E-016  -3.5210924904416093E-017   3.1324071903455919E-014  0.10808623072282922       -4.8748313125437080E-016   7.1114451031750333E-016  -5.4043115361414554E-002   6.6511314007369243E-016  -5.4043115361415345E-002  -7.0897503034117706E-016  -5.4989909752856543E-016   1.0619852013030428E-015  -3.2755599524877398E-015  -9.8310953173585663E-015  -5.7039946141750392E-016  -4.2010969509226418E-016   8.5667781158079220E-016
   2.3018528140984555E-017  -1.0295045244860991E-017   6.4464958400827630E-017  -7.4295275451761246E-017  -2.5509270709295969E-017   6.1212820842470282E-003  -4.5992036151336507E-017   8.1352114748728383E-017  -1.4861362466166143E-016  -8.7169100279123526E-017  -2.5374656589303009E-017   9.9764227504810553E-018  -6.0642321682539582E-017  -2.2634754348878786E-016   5.0257429375906083E-017  0.10808623072283045       -1.3649681835118896E-016   8.2394367614508817E-016  -1.4751214301705205E-015  -8.2468144184215790E-016  -1.2969455794128870E-016   1.9229496611479763E-016   3.5703097373441825E-016  -9.4173209030853340E-016   4.2214066312784239E-016  -1.0503730407577623E-016   1.5596464074363115E-016   2.8703421067055340E-016
   3.9932393580902368E-017  -8.6622551668649286E-018  -2.7959925154075915E-018   3.3090791435503848E-016   9.6790133936685281E-017  -4.5992036151336507E-017   6.1212820842474428E-003  -1.3279008305979395E-017  -7.4313668003747764E-017  -1.1464825033198478E-016  -2.6218585014348190E-017   3.3097755036601092E-018  -2.4606941409699559E-017   4.9166742276938193E-016   9.6293945344893767E-016  -7.1105027790209486E-016  0.10808623072283403        5.1325220285062793E-017  -3.9034793396209186E-016  -1.0839076961874259E-015  -3.6391206493323188E-017   2.3470133345799043E-017   3.0717808874059098E-017  -2.2472223023372556E-016  -9.7574219766849946E-017  -3.2658349684509476E-017   1.8928667387673938E-017   1.6413244658729108E-017
   1.4067870881324852E-017  -4.0524568840795609E-016   7.0652258524236871E-018   2.1709620210983341E-014  -3.0606410421239556E-003   8.1352114748728383E-017  -1.3279008305979395E-017   6.1212820842486805E-003  -2.5776747832177306E-017  -3.0606410421240757E-003   8.6977842841622136E-017  -3.0013285691370343E-016  -2.0186335861999751E-017   4.1673814374376386E-014  -5.4043115361424775E-002   6.1891088093272416E-016  -2.3117297311843473E-016  0.10808623072284604       -6.0932500906858512E-016  -5.4043115361420875E-002   3.7071662359817761E-016   7.0644133505894359E-017   9.9889255687817712E-016  -1.3813853500541504E-014  -1.0115143167135579E-014   3.0454836805013516E-016   7.6453099515570365E-017   8.0695179892036418E-016
   4.0049231317573377E-017  -3.1444351111054528E-018  -2.7247934504525557E-017  -1.4942092078454278E-016   5.0275428826033789E-017  -1.4861362466166143E-016  -7.4313668003747764E-017  -2.5776747832177306E-017   6.1212820842474289E-003  -2.8176842158000828E-017  -2.2047026245740781E-017   1.2828817685301054E-017  -4.8469304478280040E-017  -7.9226235820940481E-016   1.8349190033074189E-016  -9.7446397197102630E-016  -9.1370756921389661E-016   2.3268164467664046E-016  0.10808623072283385       -4.5579689924701737E-016  -4.0813828080009318E-016   9.4946249578716776E-017  -8.7723393899463478E-016   2.8857848418391125E-015  -8.0081942573598639E-016  -3.2508337895500058E-016   7.4677398384615862E-017  -6.9599598253219854E-016
   8.0580786922365040E-018  -4.2842384816539946E-016  -3.6521041370136697E-017   1.8825088328361220E-014  -3.0606410421240159E-003  -8.7169100279123526E-017  -1.1464825033198478E-016  -3.0606410421240757E-003  -2.8176842158000828E-017   6.1212820842486181E-003  -6.2393683264619497E-017  -2.3806174810177973E-016  -3.1550637251523549E-017   3.9183986313809138E-014  -5.4043115361425198E-002  -6.8457096917973723E-016  -1.0297749322591224E-015  -5.4043115361420022E-002  -1.2073353520273427E-016  0.10808623072284551        8.3002058793557132E-017   1.3646187855727096E-016  -1.2342289806104601E-015   2.7343394029913529E-015  -1.4755425321729772E-014   6.5369045636270273E-017   1.3421691510706480E-016  -9.8895469768413983E-016
  0.20124474670804002       -1.0482223891222992E-017  -2.5181639581075453E-016  -6.2352495253738690E-016  -9.1240430984824913E-017  -2.5374656589303009E-017  -2.6218585014348190E-017   8.6977842841622136E-017  -2.2047026245740781E-017  -6.2393683264619497E-017  0.12529402580446167        1.9584742053036966E-017  -2.4434897979169009E-016  -5.6687953377555509E-016  -9.0961094023448460E-016  -4.0135410547427477E-016  -6.4053832608866686E-016   1.8128331625148820E-015  -5.3984819964447076E-016  -9.3186984649097169E-016  -3.9560894061564225E-002   4.0490388002566646E-017  -1.4580323287014227E-015   9.7409565017304432E-015  -3.1988591841090974E-015  -4.2453664686377311E-002   2.4336904969645450E-017  -1.1609656627076840E-015
  -8.5530162754402060E-017  0.20124474670804263        2.1862952785365288E-016   9.6384282147014109E-016  -2.6382335517982410E-016   9.9764227504810553E-018   3.3097755036601092E-018  -3.0013285691370343E-016   1.2828817685301054E-017  -2.3806174810177973E-016   1.9584742053036966E-017  0.12529402580446605        2.8895816273286134E-016   2.7966622880150232E-016   2.9129661312691490E-016   2.2842847958603304E-016   7.0546017091693950E-017  -8.6995712856998013E-016   2.0225507319588549E-016   1.9103214738030207E-016  -1.5961043327551628E-016  -3.9560894061564933E-002   5.6883768188011686E-016  -1.6108258664460108E-015   3.6305011347514950E-016  -1.2649925074244894E-016  -4.2453664686378151E-002   4.3804268110008130E-016
   6.2133183098056473E-017   3.4253766524197413E-016  0.20124474670804282       -4.2284377433560887E-016  -3.5210924904416093E-017  -6.0642321682539582E-017  -2.4606941409699559E-017  -2.0186335861999751E-017  -4.8469304478280040E-017  -3.1550637251523549E-017  -2.4434897979169009E-016   2.8895816273286134E-016  0.12529402580446389       -1.9922488224187699E-016  -7.9540698130272122E-017  -1.1300291029594153E-015  -1.1473821520050970E-016  -1.1318771966364488E-015  -7.0209419078159695E-016   1.1999653284733785E-015  -1.9811874760825450E-016   2.2356472356268445E-016  -3.9560894061564607E-002   1.7287339345174953E-014  -6.0002699844535261E-015  -1.3807618186742318E-016   1.5968417760929762E-016  -4.2453664686377734E-002
   3.3246937896492891E-015   3.7615960430617998E-016   3.1721143337195164E-015  0.67728941844211288        3.1324071903455919E-014  -2.2634754348878786E-016   4.9166742276938193E-016   4.1673814374376386E-014  -7.9226235820940481E-016   3.9183986313809138E-014  -5.6687953377555509E-016   2.7966622880150232E-016  -1.9922488224187699E-016   1.3742672286178126        5.6517764164922089E-014  -9.8639978339115083E-017  -1.1388192498193903E-015   1.1783461716010843E-015  -3.6514433104091177E-015   2.9232572200791054E-014  -2.7736704127867074E-015   1.7983292352607483E-016  -2.8714126571775781E-015  -1.0069123266371001      -0.13164991982747748       -2.0580042989052464E-015   1.5032443007096771E-016  -2.1841283555430216E-015
  -1.3120806955824757E-015  -8.7995299666780404E-017  -9.8789762447177970E-016   1.0311966210308145E-014  0.10808623072282922        5.0257429375906083E-017   9.6293945344893767E-016  -5.4043115361424775E-002   1.8349190033074189E-016  -5.4043115361425198E-002  -9.0961094023448460E-016   2.9129661312691490E-016  -7.9540698130272122E-017   5.6517764164922089E-014   1.9085271861484847        2.3308313829365325E-016  -6.1770470601579814E-016 -0.95426359307424713       -6.9094849199780858E-016 -0.95426359307424979        9.3244443805313436E-017  -1.1308230279038654E-016   7.5574707277604276E-017   4.2435604329308814E-014  -3.2950935470526080E-014   5.1320551441602642E-017  -8.5733613818313880E-017   3.2521707575765105E-018
   4.2848821208824263E-016  -2.7363496752100917E-017   1.1626428997333979E-015   5.0890204605908577E-016  -4.8748313125437080E-016  0.10808623072283045       -7.1105027790209486E-016   6.1891088093272416E-016  -9.7446397197102630E-016  -6.8457096917973723E-016  -4.0135410547427477E-016   2.2842847958603304E-016  -1.1300291029594153E-015  -9.8639978339115083E-017   2.3308313829365325E-016   1.9085271861484563       -6.2591330230767063E-016   1.1277057846565257E-016   3.0820615157245435E-015   5.2851467776879551E-016   3.6806288476339885E-016  -1.7709464519256537E-016   2.9204932750628688E-016  -2.2704456496002744E-015   1.0019304329063156E-015   2.8738362235230043E-016  -1.3466077955018388E-016   2.1943092684437359E-016
   4.0627459614300567E-016  -1.2555641628762513E-016   4.6814166068159234E-016   1.0155764819799978E-015   7.1114451031750333E-016  -1.3649681835118896E-016  0.10808623072283403       -2.3117297311843473E-016  -9.1370756921389661E-016  -1.0297749322591224E-015  -6.4053832608866686E-016   7.0546017091693950E-017  -1.1473821520050970E-016  -1.1388192498193903E-015  -6.1770470601579814E-016  -6.2591330230767063E-016   1.9085271861484534        9.6462653132164720E-016   1.4360257774570659E-016  -1.5765633664830979E-015   9.9628483338716168E-017   9.1012578369115836E-018   2.4343700048503878E-016   1.0921653958389883E-015  -2.8206722867316895E-017   3.7443772411569509E-017   5.9882108134866320E-018   2.1620994948249899E-017
   8.2967922570378556E-016  -5.7628117884364642E-017  -7.4143739332618048E-016   2.2653430567084167E-014  -5.4043115361414554E-002   8.2394367614508817E-016   5.1325220285062793E-017  0.10808623072284604        2.3268164467664046E-016  -5.4043115361420022E-002   1.8128331625148820E-015  -8.6995712856998013E-016  -1.1318771966364488E-015   1.1783461716010843E-015 -0.95426359307424713        1.1277057846565257E-016   9.6462653132164720E-016   1.9085271861484914        1.3862337926857031E-015 -0.95426359307423736       -4.2107377246437466E-016   6.9634291723560060E-016  -1.2587253960844018E-015   5.5633402950721038E-014  -2.3926645311054182E-014  -2.7035360055601967E-016   5.3334096217113674E-016  -9.4201366756606654E-016
   3.2668383369214496E-016  -6.1036774530251194E-017  -5.4308309487539762E-016   2.6731204627434936E-015   6.6511314007369243E-016  -1.4751214301705205E-015  -3.9034793396209186E-016  -6.0932500906858512E-016  0.10808623072283385       -1.2073353520273427E-016  -5.3984819964447076E-016   2.0225507319588549E-016  -7.0209419078159695E-016  -3.6514433104091177E-015  -6.9094849199780858E-016   3.0820615157245435E-015   1.4360257774570659E-016   1.3862337926857031E-015   1.9085271861484510       -1.3949277388562444E-015  -1.6132650104093417E-016  -4.7167189788543112E-018   5.0603588575470675E-017   6.2216586978123827E-015  -2.0092537903952246E-015  -3.9585159731255183E-017  -3.6653862184772547E-017   2.4374143580134693E-016
   4.3665339204166712E-016  -4.8353091950738656E-016   1.6995484461877404E-015   8.8235075183771350E-015  -5.4043115361415345E-002  -8.2468144184215790E-016  -1.0839076961874259E-015  -5.4043115361420875E-002  -4.5579689924701737E-016  0.10808623072284551       -9.3186984649097169E-016   1.9103214738030207E-016   1.1999653284733785E-015   2.9232572200791054E-014 -0.95426359307424979        5.2851467776879551E-016  -1.5765633664830979E-015 -0.95426359307423736       -1.3949277388562444E-015   1.9085271861484925        3.2349332774580280E-016  -1.3014965723699483E-016   1.7616484886360222E-015   1.8828948913559929E-014  -1.5218548886487567E-014   2.1793664650438088E-016  -4.9266729568716179E-017   1.4067610244137845E-015
  -7.8843097572914425E-002  -1.9011190052844887E-016   1.0750360131671227E-016   1.9662782239662558E-015  -7.0897503034117706E-016  -1.2969455794128870E-016  -3.6391206493323188E-017   3.7071662359817761E-016  -4.0813828080009318E-016   8.3002058793557132E-017  -3.9560894061564225E-002  -1.5961043327551628E-016  -1.9811874760825450E-016  -2.7736704127867074E-015   9.3244443805313436E-017   3.6806288476339885E-016   9.9628483338716168E-017  -4.2107377246437466E-016  -1.6132650104093417E-016   3.2349332774580280E-016  0.78466552952798385       -7.8559883084094490E-017  -3.0729649465596659E-016   5.5713279746092757E-015  -1.8535732737947441E-015  0.63680375950699575       -8.9730557287288949E-017  -6.8933249430665245E-016
  -5.2481883090381917E-016  -7.8843097572913440E-002  -1.8099501527571002E-015  -4.1114320646955190E-016  -5.4989909752856543E-016   1.9229496611479763E-016   2.3470133345799043E-017   7.0644133505894359E-017   9.4946249578716776E-017   1.3646187855727096E-016   4.0490388002566646E-017  -3.9560894061564933E-002   2.2356472356268445E-016   1.7983292352607483E-016  -1.1308230279038654E-016  -1.7709464519256537E-016   9.1012578369115836E-018   6.9634291723560060E-016  -4.7167189788543112E-018  -1.3014965723699483E-016  -7.8559883084094490E-017  0.78466552952798496        6.9283539171932390E-016  -2.7248828484674777E-016   7.5014421800528144E-017  -1.5685195734075715E-016  0.63680375950699664        5.7449264595115761E-016
   1.9488247741158797E-015  -1.9718063647811257E-015  -7.8843097572910026E-002   1.0298725333900314E-015   1.0619852013030428E-015   3.5703097373441825E-016   3.0717808874059098E-017   9.9889255687817712E-016  -8.7723393899463478E-016  -1.2342289806104601E-015  -1.4580323287014227E-015   5.6883768188011686E-016  -3.9560894061564607E-002  -2.8714126571775781E-015   7.5574707277604276E-017   2.9204932750628688E-016   2.4343700048503878E-016  -1.2587253960844018E-015   5.0603588575470675E-017   1.7616484886360222E-015  -3.0729649465596659E-016   6.9283539171932390E-016  0.78466552952798141        1.7921946182619327E-015  -3.0880408276228681E-017   7.1818413055602872E-016   4.9257834221072630E-016  0.63680375950699575     
  -1.4898569922869299E-014   2.9216074648170582E-015  -1.9987438749450695E-014 -0.52244523087868577       -3.2755599524877398E-015  -9.4173209030853340E-016  -2.2472223023372556E-016  -1.3813853500541504E-014   2.8857848418391125E-015   2.7343394029913529E-015   9.7409565017304432E-015  -1.6108258664460108E-015   1.7287339345174953E-014  -1.0069123266371001        4.2435604329308814E-014  -2.2704456496002744E-015   1.0921653958389883E-015   5.5633402950721038E-014   6.2216586978123827E-015   1.8828948913559929E-014   5.5713279746092757E-015  -2.7248828484674777E-016   1.7921946182619327E-015   5.2324543491388997       -1.4906801057788912       -3.3957820939505288E-015  -1.3574706384383540E-016  -5.8671380439030460E-015
   4.1631794141085328E-015  -1.3364209336756260E-015   5.9950865855952642E-015  -5.5629708186815785E-002  -9.8310953173585663E-015   4.2214066312784239E-016  -9.7574219766849946E-017  -1.0115143167135579E-014  -8.0081942573598639E-016  -1.4755425321729772E-014  -3.1988591841090974E-015   3.6305011347514950E-016  -6.0002699844535261E-015 -0.13164991982747748       -3.2950935470526080E-014   1.0019304329063156E-015  -2.8206722867316895E-017  -2.3926645311054182E-014  -2.0092537903952246E-015  -1.5218548886487567E-014  -1.8535732737947441E-015   7.5014421800528144E-017  -3.0880408276228681E-017  -1.4906801057788912       0.57305159746825796        1.2233160998179976E-015   3.7939311439147805E-017   2.5074180797983711E-015
  -8.0541322371440710E-002  -1.4441544330254569E-016   9.3384473639018176E-017   1.7463283529349020E-015  -5.7039946141750392E-016  -1.0503730407577623E-016  -3.2658349684509476E-017   3.0454836805013516E-016  -3.2508337895500058E-016   6.5369045636270273E-017  -4.2453664686377311E-002  -1.2649925074244894E-016  -1.3807618186742318E-016  -2.0580042989052464E-015   5.1320551441602642E-017   2.8738362235230043E-016   3.7443772411569509E-017  -2.7035360055601967E-016  -3.9585159731255183E-017   2.1793664650438088E-016  0.63680375950699575       -1.5685195734075715E-016   7.1818413055602872E-016  -3.3957820939505288E-015   1.2233160998179976E-015  0.51767334362929973       -1.4750448803372752E-016   2.2210912060118087E-016
  -4.2647037819003723E-016  -8.0541322371439975E-002  -1.4736873002358353E-015  -3.9854118283416375E-016  -4.2010969509226418E-016   1.5596464074363115E-016   1.8928667387673938E-017   7.6453099515570365E-017   7.4677398384615862E-017   1.3421691510706480E-016   2.4336904969645450E-017  -4.2453664686378151E-002   1.5968417760929762E-016   1.5032443007096771E-016  -8.5733613818313880E-017  -1.3466077955018388E-016   5.9882108134866320E-018   5.3334096217113674E-016  -3.6653862184772547E-017  -4.9266729568716179E-017  -8.9730557287288949E-017  0.63680375950699664        4.9257834221072630E-016  -1.3574706384383540E-016   3.7939311439147805E-017  -1.4750448803372752E-016  0.51767334362930040        4.1139086571237404E-016
   1.5702289541127132E-015  -1.6164311892941554E-015  -8.0541322371437310E-002   9.5843508719968178E-016   8.5667781158079220E-016   2.8703421067055340E-016   1.6413244658729108E-017   8.0695179892036418E-016  -6.9599598253219854E-016  -9.8895469768413983E-016  -1.1609656627076840E-015   4.3804268110008130E-016  -4.2453664686377734E-002  -2.1841283555430216E-015   3.2521707575765105E-018   2.1943092684437359E-016   2.1620994948249899E-017  -9.4201366756606654E-016   2.4374143580134693E-016   1.4067610244137845E-015  -6.8933249430665245E-016   5.7449264595115761E-016  0.63680375950699575       -5.8671380439030460E-015   2.5074180797983711E-015   2.2210912060118087E-016   4.1139086571237404E-016  0.51767334362930129     
