  0.47059988564882055       -8.8512382897217767E-017   2.9602783870128542E-016   1.7028341373380338E-017  -9.0725323172863890E-015   1.0373027144625935E-016   1.7267345390723045E-017  -8.2960383510159488E-015   7.5705339598053776E-017  -9.3769481269795027E-015  0.28743649577558317        4.9160789954016188E-017  -2.3921786886157372E-017   2.8668420772710192E-017  -6.5812080463101953E-015   3.1277572528213690E-017   2.3340833976883310E-017  -7.0425006864592328E-015   1.7919380407509243E-017  -6.9936939623272323E-015 -0.14259998187746487        1.5892103673806002E-016   5.7732581821320685E-017   9.7546101307157831E-017  -8.3108112209274665E-002  -4.9334141872589901E-002
  -8.8512382897217767E-017   6.8452531696447667E-006   1.0031694917282226E-018   2.5017273710508466E-018   4.2031783075321084E-020  -3.1546675709357456E-019   8.9476380287228044E-020   1.5503747775384413E-018  -1.3205746607247259E-018  -1.6549333520084003E-018  -5.6545128265316394E-017   6.6447887403199991E-004  -2.7750559592394386E-017   8.7135688179428207E-017   4.4676539930758318E-019   1.3806101535546877E-018   1.9525841377400347E-019  -6.3423101848744069E-019  -4.9701791779221796E-019  -2.3141363027362372E-019  -6.6046202316791716E-017   3.2157043160656032E-003  -1.3964444572274492E-016   4.1185337257394029E-016  -7.4143583150020391E-017  -7.0583382608027167E-017
   2.9602783870128542E-016   1.0031694917282226E-018   6.8452531696373535E-006   2.8905928093784631E-018   2.4288451390141242E-018   1.8577325623870181E-018   3.2573821835952175E-019  -2.8008658973717622E-018  -2.0304409664860969E-018   2.8958454206202441E-019   1.7576810631651770E-016   1.3109841268054106E-016   6.6447887403161979E-004   6.9385082723056562E-017  -1.1588492179200345E-018  -1.8195099916857400E-018  -1.4829903554082167E-018   2.7046692106346675E-018   1.4392857716554114E-018  -1.5296354266662204E-018  -3.2468662663219179E-016   6.0558932907345503E-016   3.2157043160638975E-003   3.4793201135705981E-016  -2.7857190668814258E-016  -2.3251829794998819E-016
   1.7028341373380338E-017   2.5017273710508466E-018   2.8905928093784631E-018   6.8452531696409060E-006   3.3220153410728929E-018   3.1639249819804027E-018   1.2050380012506422E-018  -3.4101658042805774E-018  -1.2451390618291978E-018  -3.9209425444045261E-019   7.6179244567816064E-018   1.5781152069431022E-016   2.0664895061934940E-016   6.6447887403178003E-004  -3.1229586505662388E-018  -2.5473561721942990E-018   8.4873573345782981E-020   3.0742224646438805E-018  -1.4916672121228394E-020   2.8885787291562886E-020  -1.5782351071842053E-016   7.6122671636987170E-016   1.0095967148663175E-015   3.2157043160647423E-003  -1.4907678361036263E-016  -1.3213335269301462E-016
  -9.0725323172863890E-015   4.2031783075321084E-020   2.4288451390141242E-018   3.3220153410728929E-018   1.8393702278317811E-028  -9.3066944553635050E-031   4.1792399769332946E-031   1.6438247198166485E-028  -2.8052869279172125E-030   1.8702798072933980E-028  -5.5152320039272871E-015   4.0800874997940591E-018   2.3577159867982677E-016   3.2247295441789752E-016   1.5294113481332154E-028  -1.8198898484733617E-030  -9.2635285630145797E-031   1.6317644555902054E-028   1.1249260616306810E-031   1.6004778363025586E-028   4.1708295158549494E-015   1.9745330507489092E-017   1.1410020349931010E-015   1.5605878709790085E-015   2.9597715549607598E-015   2.1634086147668770E-015
   1.0373027144625935E-016  -3.1546675709357456E-019   1.8577325623870181E-018   3.1639249819804027E-018  -9.3066944553635050E-031   2.1965046273486255E-030   6.3651413037302038E-031  -5.4505812542458736E-030  -1.0467846955470656E-030  -3.1815534756245175E-030   5.8874762037918020E-017  -3.0622825825912545E-017   1.8033285412756125E-016   3.0712688887403402E-016  -8.0254424850273498E-030  -1.8404301722976891E-030  -3.6836748081485273E-031  -3.6452438377069424E-030   4.1784178667630959E-031  -6.3451745581075617E-030  -2.7506275238485631E-016  -1.4819726710194221E-016   8.7270966769445934E-016   1.4863215381690749E-015  -2.5095891856207552E-016  -2.1862407386607284E-016
   1.7267345390723045E-017   8.9476380287228044E-020   3.2573821835952175E-019   1.2050380012506422E-018   4.1792399769332946E-031   6.3651413037302038E-031   2.2981801289799630E-031  -9.6384043231473120E-031  -3.3039726819101924E-031  -3.7262358774004599E-031   1.0745665785989715E-017   8.6856048932248046E-018   3.1619891799555720E-017   1.1697482538523243E-016  -6.2762740619831265E-031  -5.1083157464990581E-031  -5.2163161269303261E-032   5.9307036194112488E-031   5.9701850893683702E-032  -1.3145708818678964E-031   5.5832845598961894E-018   4.2033446410874535E-017   1.5302250606761542E-016   5.6609241551932533E-016   7.2782641877893291E-018   7.4125388756231012E-018
  -8.2960383510159488E-015   1.5503747775384413E-018  -2.8008658973717622E-018  -3.4101658042805774E-018   1.6438247198166485E-028  -5.4505812542458736E-030  -9.6384043231473120E-031   1.5710056611007232E-028  -1.9659526280849567E-031   1.7186775400147204E-028  -5.0388500453329579E-015   1.5049717825984817E-016  -2.7188420525481220E-016  -3.3102985057422714E-016   1.4839414896460466E-028   2.4842365128771322E-030   2.0530380796695991E-031   1.4833932786582741E-028  -1.0558111121775261E-030   1.5167367415486137E-028   4.0501796183745307E-015   7.2832176401531655E-016  -1.3157667556875651E-015  -1.6019984394370717E-015   2.9321121207920974E-015   2.1797642863868504E-015
   7.5705339598053776E-017  -1.3205746607247259E-018  -2.0304409664860969E-018  -1.2451390618291978E-018  -2.8052869279172125E-030  -1.0467846955470656E-030  -3.3039726819101924E-031  -1.9659526280849567E-031   1.0957258933930935E-030  -1.2163376647126080E-030   4.6188135886958084E-017  -1.2819014021639862E-016  -1.9709791497304227E-016  -1.2086749478982723E-016  -2.8846534262998053E-031   7.4045127839734859E-031   3.9051788466067728E-031  -2.4213913767437231E-030  -3.2535755073976811E-031  -6.8289159723776360E-031  -2.5751938824588541E-017  -6.2036823634376409E-016  -9.5384314029500239E-016  -5.8493074777422066E-016  -1.6054640745204199E-017  -1.0334151218670860E-017
  -9.3769481269795027E-015  -1.6549333520084003E-018   2.8958454206202441E-019  -3.9209425444045261E-019   1.8702798072933980E-028  -3.1815534756245175E-030  -3.7262358774004599E-031   1.7186775400147204E-028  -1.2163376647126080E-030   1.9342676548342792E-028  -5.7019864830974876E-015  -1.6064683410364926E-016   2.8110400840206448E-017  -3.8061170602067969E-017   1.5826554354758036E-028  -2.5221150501382054E-031  -5.7268064139095115E-031   1.6459244321167076E-028  -2.1626201485027700E-031   1.6428318365961358E-028   4.2184420925670839E-015  -7.7744039423667511E-016   1.3603854214307580E-016  -1.8419467550098696E-016   2.9709141306987091E-015   2.1572635680673074E-015
  0.28743649577558317       -5.6545128265316394E-017   1.7576810631651770E-016   7.6179244567816064E-018  -5.5152320039272871E-015   5.8874762037918020E-017   1.0745665785989715E-017  -5.0388500453329579E-015   4.6188135886958084E-017  -5.7019864830974876E-015  0.17566694858446016       -4.3381541081717475E-017  -7.9994636656383345E-017   2.1229866162456209E-017  -3.9080627664424126E-015   2.1722829822781535E-017   1.4285953450317494E-017  -4.2019004494509345E-015   1.0775602887139707E-017  -4.1689377997573699E-015  -8.1426582464638686E-002  -2.6075483359630654E-016  -2.9500642577716712E-016   7.1790099923477914E-017  -4.5345555008471636E-002  -2.5296282675249079E-002
   4.9160789954016188E-017   6.6447887403199991E-004   1.3109841268054106E-016   1.5781152069431022E-016   4.0800874997940591E-018  -3.0622825825912545E-017   8.6856048932248046E-018   1.5049717825984817E-016  -1.2819014021639862E-016  -1.6064683410364926E-016  -4.3381541081717475E-017   6.4501949466647349E-002   5.7939086471267554E-016   2.0393085828755730E-016   4.3368179690626759E-017   1.3401787451478013E-016   1.8954023717504565E-017  -6.1565745283097241E-017  -4.8246266164818943E-017  -2.2463664187260222E-017   8.0363303009394564E-017  0.31215318560233785        2.2848476582959520E-015   3.2268990675073453E-017  -2.4233454833505305E-017   1.0804709191577919E-017
  -2.3921786886157372E-017  -2.7750559592394386E-017   6.6447887403161979E-004   2.0664895061934940E-016   2.3577159867982677E-016   1.8033285412756125E-016   3.1619891799555720E-017  -2.7188420525481220E-016  -1.9709791497304227E-016   2.8110400840206448E-017  -7.9994636656383345E-017   5.7939086471267554E-016   6.4501949466643421E-002  -4.4265497131212427E-016  -1.1249121170644563E-016  -1.7662253252038575E-016  -1.4395607249887126E-016   2.6254625025231803E-016   1.3971360375704507E-016  -1.4848397872157645E-016   2.4518899292579298E-016   3.0831999280056528E-018  0.31215318560233180       -9.6305486168798450E-016   4.6141458874336458E-017   9.7893724840108637E-017
   2.8668420772710192E-017   8.7135688179428207E-017   6.9385082723056562E-017   6.6447887403178003E-004   3.2247295441789752E-016   3.0712688887403402E-016   1.1697482538523243E-016  -3.3102985057422714E-016  -1.2086749478982723E-016  -3.8061170602067969E-017   2.1229866162456209E-017   2.0393085828755730E-016  -4.4265497131212427E-016   6.4501949466641048E-002  -3.0315022634620609E-016  -2.4727564037578947E-016   8.2388035992978282E-018   2.9841933252242480E-016  -1.4479834784788706E-018   2.8039861991540890E-018   5.6434660510301077E-017   7.4497744145053712E-016  -1.2169233414743071E-015  0.31215318560232708        2.8694936457829069E-017   3.6192518417128251E-017
  -6.5812080463101953E-015   4.4676539930758318E-019  -1.1588492179200345E-018  -3.1229586505662388E-018   1.5294113481332154E-028  -8.0254424850273498E-030  -6.2762740619831265E-031   1.4839414896460466E-028  -2.8846534262998053E-031   1.5826554354758036E-028  -3.9080627664424126E-015   4.3368179690626759E-017  -1.1249121170644563E-016  -3.0315022634620609E-016   2.1316153511909138E-028   3.9251570841365568E-030  -6.9590788200657462E-032   2.0312842700352324E-028  -7.0107758051658885E-031   2.0795119678266539E-028   8.0630722817562677E-015   2.0987761697348404E-016  -5.4439424508547395E-016  -1.4670767264015080E-015   6.9573198663929643E-015   5.8649807898074264E-015
   3.1277572528213690E-017   1.3806101535546877E-018  -1.8195099916857400E-018  -2.5473561721942990E-018  -1.8198898484733617E-030  -1.8404301722976891E-030  -5.1083157464990581E-031   2.4842365128771322E-030   7.4045127839734859E-031  -2.5221150501382054E-031   2.1722829822781535E-017   1.3401787451478013E-016  -1.7662253252038575E-016  -2.4727564037578947E-016   3.9251570841365568E-030   1.7778554005304336E-030   4.0428070937736523E-031   4.0016921116853107E-032  -4.8032153058288972E-031   2.4623932804916521E-030   1.3286621464463302E-016   6.4857119518651303E-016  -8.5475379630040234E-016  -1.1966751315799881E-015   1.3039888363035244E-016   1.1810115815535667E-016
   2.3340833976883310E-017   1.9525841377400347E-019  -1.4829903554082167E-018   8.4873573345782981E-020  -9.2635285630145797E-031  -3.6836748081485273E-031  -5.2163161269303261E-032   2.0530380796695991E-031   3.9051788466067728E-031  -5.7268064139095115E-031   1.4285953450317494E-017   1.8954023717504565E-017  -1.4395607249887126E-016   8.2388035992978282E-018  -6.9590788200657462E-032   4.0428070937736523E-031   3.2907065869647243E-031  -8.8691496597181316E-031  -3.2533574945336841E-031   7.4745050188755529E-033  -5.4602791393308314E-018   9.1726822713490998E-017  -6.9666648820531075E-016   3.9871179248661435E-017  -2.5823366460136989E-018  -1.0719434849262792E-018
  -7.0425006864592328E-015  -6.3423101848744069E-019   2.7046692106346675E-018   3.0742224646438805E-018   1.6317644555902054E-028  -3.6452438377069424E-030   5.9307036194112488E-031   1.4833932786582741E-028  -2.4213913767437231E-030   1.6459244321167076E-028  -4.2019004494509345E-015  -6.1565745283097241E-017   2.6254625025231803E-016   2.9841933252242480E-016   2.0312842700352324E-028   4.0016921116853107E-032  -8.8691496597181316E-031   2.0290908070179457E-028   1.7829866614509643E-031   2.0210841509414490E-028   7.5459460917318899E-015  -2.9794360748800326E-016   1.2705763013657353E-015   1.4441818590362368E-015   6.4115124383493948E-015   5.3531796403658642E-015
   1.7919380407509243E-017  -4.9701791779221796E-019   1.4392857716554114E-018  -1.4916672121228394E-020   1.1249260616306810E-031   4.1784178667630959E-031   5.9701850893683702E-032  -1.0558111121775261E-030  -3.2535755073976811E-031  -2.1626201485027700E-031   1.0775602887139707E-017  -4.8246266164818943E-017   1.3971360375704507E-016  -1.4479834784788706E-018  -7.0107758051658885E-031  -4.8032153058288972E-031  -3.2533574945336841E-031   1.7829866614509643E-031   3.3970174750862857E-031  -7.3787598432013836E-031  -1.4633435863886342E-017  -2.3348481404510490E-016   6.7613532374392985E-016  -7.0074262753913665E-018  -1.1952933540986965E-017  -9.7266233760745143E-018
  -6.9936939623272323E-015  -2.3141363027362372E-019  -1.5296354266662204E-018   2.8885787291562886E-020   1.6004778363025586E-028  -6.3451745581075617E-030  -1.3145708818678964E-031   1.5167367415486137E-028  -6.8289159723776360E-031   1.6428318365961358E-028  -4.1689377997573699E-015  -2.2463664187260222E-017  -1.4848397872157645E-016   2.8039861991540890E-018   2.0795119678266539E-028   2.4623932804916521E-030   7.4745050188755529E-033   2.0210841509414490E-028  -7.3787598432013836E-031   2.0540578739743430E-028   7.7024835131214286E-015  -1.0871151018435371E-016  -7.1857900965953445E-016   1.3569717375799622E-017   6.5664910523448580E-015   5.4941575493252863E-015
 -0.14259998187746487       -6.6046202316791716E-017  -3.2468662663219179E-016  -1.5782351071842053E-016   4.1708295158549494E-015  -2.7506275238485631E-016   5.5832845598961894E-018   4.0501796183745307E-015  -2.5751938824588541E-017   4.2184420925670839E-015  -8.1426582464638686E-002   8.0363303009394564E-017   2.4518899292579298E-016   5.6434660510301077E-017   8.0630722817562677E-015   1.3286621464463302E-016  -5.4602791393308314E-018   7.5459460917318899E-015  -1.4633435863886342E-017   7.7024835131214286E-015  0.35148343660505937        2.7333941557309993E-016   3.8125230072267026E-016  -2.9130328105322901E-017  0.31954968506727960       0.27782109290257895     
   1.5892103673806002E-016   3.2157043160656032E-003   6.0558932907345503E-016   7.6122671636987170E-016   1.9745330507489092E-017  -1.4819726710194221E-016   4.2033446410874535E-017   7.2832176401531655E-016  -6.2036823634376409E-016  -7.7744039423667511E-016  -2.6075483359630654E-016  0.31215318560233785        3.0831999280056528E-018   7.4497744145053712E-016   2.0987761697348404E-016   6.4857119518651303E-016   9.1726822713490998E-017  -2.9794360748800326E-016  -2.3348481404510490E-016  -1.0871151018435371E-016   2.7333941557309993E-016   1.5106459895769757       -2.4970802335599895E-015  -1.0146548382852956E-015  -2.3654227314654757E-016  -5.8393334134333072E-017
   5.7732581821320685E-017  -1.3964444572274492E-016   3.2157043160638975E-003   1.0095967148663175E-015   1.1410020349931010E-015   8.7270966769445934E-016   1.5302250606761542E-016  -1.3157667556875651E-015  -9.5384314029500239E-016   1.3603854214307580E-016  -2.9500642577716712E-016   2.2848476582959520E-015  0.31215318560233180       -1.2169233414743071E-015  -5.4439424508547395E-016  -8.5475379630040234E-016  -6.9666648820531075E-016   1.2705763013657353E-015   6.7613532374392985E-016  -7.1857900965953445E-016   3.8125230072267026E-016  -2.4970802335599895E-015   1.5106459895770092       -1.8281681507179015E-016  -5.2613470782916629E-016  -1.8632683161057603E-016
   9.7546101307157831E-017   4.1185337257394029E-016   3.4793201135705981E-016   3.2157043160647423E-003   1.5605878709790085E-015   1.4863215381690749E-015   5.6609241551932533E-016  -1.6019984394370717E-015  -5.8493074777422066E-016  -1.8419467550098696E-016   7.1790099923477914E-017   3.2268990675073453E-017  -9.6305486168798450E-016  0.31215318560232708       -1.4670767264015080E-015  -1.1966751315799881E-015   3.9871179248661435E-017   1.4441818590362368E-015  -7.0074262753913665E-018   1.3569717375799622E-017  -2.9130328105322901E-017  -1.0146548382852956E-015  -1.8281681507179015E-016   1.5106459895770190       -1.5438478632358922E-016  -8.8903443175597781E-017
  -8.3108112209274665E-002  -7.4143583150020391E-017  -2.7857190668814258E-016  -1.4907678361036263E-016   2.9597715549607598E-015  -2.5095891856207552E-016   7.2782641877893291E-018   2.9321121207920974E-015  -1.6054640745204199E-017   2.9709141306987091E-015  -4.5345555008471636E-002  -2.4233454833505305E-017   4.6141458874336458E-017   2.8694936457829069E-017   6.9573198663929643E-015   1.3039888363035244E-016  -2.5823366460136989E-018   6.4115124383493948E-015  -1.1952933540986965E-017   6.5664910523448580E-015  0.31954968506727960       -2.3654227314654757E-016  -5.2613470782916629E-016  -1.5438478632358922E-016  0.29576407434052093       0.25972585422461508     
  -4.9334141872589901E-002  -7.0583382608027167E-017  -2.3251829794998819E-016  -1.3213335269301462E-016   2.1634086147668770E-015  -2.1862407386607284E-016   7.4125388756231012E-018   2.1797642863868504E-015  -1.0334151218670860E-017   2.1572635680673074E-015  -2.5296282675249079E-002   1.0804709191577919E-017   9.7893724840108637E-017   3.6192518417128251E-017   5.8649807898074264E-015   1.1810115815535667E-016  -1.0719434849262792E-018   5.3531796403658642E-015  -9.7266233760745143E-018   5.4941575493252863E-015  0.27782109290257895       -5.8393334134333072E-017  -1.8632683161057603E-016  -8.8903443175597781E-017  0.25972585422461508       0.22932913166866689     
