  0.31141048107695424       -3.2885749158710254E-016   2.1188468819449941E-016   1.5709794243686471E-016  0.60028225179621464        3.0007028044214892E-015   2.2975962957442270E-017   1.4067598822143457E-017   2.6744808040163195E-015   5.9640048271253218E-018   9.4943616799821871E-015   2.7360605707597118E-016  -7.4611402676134348E-017  -1.5446860452591449E-016 -0.42922500638128458        3.7331391134483576E-017   2.4539667555103178E-016   1.5091736367169385E-017  -7.7011334834905423E-002
  -3.2885749158710254E-016  0.63436789227082824        3.1182322870190711E-016   2.2133286977466873E-016  -6.2895436986098170E-016  -1.5058394509090419E-016   1.9555866366105669E-017   1.0787042509659480E-017  -3.4398405846187537E-017   5.3310297057346079E-017  -1.7364239597527607E-016  0.40902370746509598        6.8255563571003091E-016   4.5613239929183329E-016   7.4256908729054463E-016  0.24476831769789129       -1.0601456956296531E-015  -6.1657063477857351E-016   1.1972289851202207E-015
   2.1188468819449941E-016   3.1182322870190711E-016  0.63436789227083012        6.3303328314273197E-016   4.3517444987727762E-016   7.2060883961072611E-017  -2.5623292734991787E-017   1.3179160397243706E-016  -8.4231249277463881E-017   3.4678183677598097E-017  -2.3936671956146875E-016   5.1323540391512138E-016  0.40902370746509664       -2.9925061692259648E-016  -4.1041457734047118E-016  -2.0860652956665627E-015  0.24476831769789512        1.4091066468768351E-015   2.4869558197677719E-017
   1.5709794243686471E-016   2.2133286977466873E-016   6.3303328314273197E-016  0.63436789227082779        8.9182370747830720E-016  -1.2284784933806657E-016   9.4148203564103993E-017  -1.4427627895394399E-016  -3.6114289968856358E-017   9.1145416647105078E-018  -7.2660597129547527E-017   4.3073260979679074E-016  -6.8000026469397902E-016  0.40902370746509670        1.6132058843567178E-016  -5.3843061013733442E-019   3.4134799558245721E-016  0.24476831769789351        5.9221875818239398E-016
  0.60028225179621464       -6.2895436986098170E-016   4.3517444987727762E-016   8.9182370747830720E-016   1.1610423009951440        5.7714517943097775E-015   4.3463452362268906E-017   2.6867401996142419E-017   5.1225030254199510E-015   1.2268305445633368E-017   1.8339373470508246E-014   4.9286952578952399E-016  -9.2351752882453145E-017   1.6242088426968152E-017 -0.74349117265806253        2.3340933640200788E-016  -3.2301422685380545E-016  -3.3345707962873547E-016  -9.2518489524553493E-002
   3.0007028044214892E-015  -1.5058394509090419E-016   7.2060883961072611E-017  -1.2284784933806657E-016   5.7714517943097775E-015   3.4168273498580944E-029   2.9519435561533032E-031   5.8311860874171626E-032   3.0750692083319007E-029   1.1444089364757717E-031   9.6406048904742646E-029  -7.4008902588384968E-017   6.3275062120309972E-017  -8.2631994726111460E-017  -5.5968436430715646E-015  -5.6964452257215779E-016  -3.4475792153090418E-016   2.8453189238536817E-017   1.6701524879957982E-015
   2.2975962957442270E-017   1.9555866366105669E-017  -2.5623292734991787E-017   9.4148203564103993E-017   4.3463452362268906E-017   2.9519435561533032E-031   1.3201822229928578E-031  -1.6106848231056670E-031   2.6439494649070010E-031  -1.0037736135048313E-031   6.3326013208872893E-031   2.0382273069912624E-017  -1.3495750066538986E-017   4.1185234492932331E-017  -5.4477541030381813E-017  -1.6471063437941718E-016  -7.6932257539432507E-017   4.6887592434151540E-016  -6.1813218744930131E-018
   1.4067598822143457E-017   1.0787042509659480E-017   1.3179160397243706E-016  -1.4427627895394399E-016   2.6867401996142419E-017   5.8311860874171626E-032  -1.6106848231056670E-031   2.8264554813756275E-031   1.4474552834003359E-031   1.1562984000327755E-032   5.3277903190976749E-031  -3.4288048932716975E-019   6.6189159293691219E-017  -7.1441602008499600E-017  -3.0354066860000609E-017   1.6589028564594137E-016   4.6716908159973362E-016  -5.3397647167086557E-016   5.2534749986473621E-018
   2.6744808040163195E-015  -3.4398405846187537E-017  -8.4231249277463881E-017  -3.6114289968856358E-017   5.1225030254199510E-015   3.0750692083319007E-029   2.6439494649070010E-031   1.4474552834003359E-031   2.9042253648337008E-029  -2.1236666979416258E-031   8.6253016555181055E-029  -5.5275430259205813E-017  -7.0555901772616928E-017  -4.7248570820840071E-017  -5.6194391816588165E-015   7.2015237178723286E-016   3.2751281194672733E-016   5.1709489548678703E-016   1.5562175473104558E-015
   5.9640048271253218E-018   5.3310297057346079E-017   3.4678183677598097E-017   9.1145416647105078E-018   1.2268305445633368E-017   1.1444089364757717E-031  -1.0037736135048313E-031   1.1562984000327755E-032  -2.1236666979416258E-031   3.4155559603483625E-031   1.9800082259845226E-031   3.1945825594241586E-017   4.9603902484199000E-017   2.9746896183765649E-017   1.1025532635704380E-017   7.4358305824343375E-017  -5.9036371074279736E-016  -5.2545287640161962E-016   3.5396198399697665E-018
   9.4943616799821871E-015  -1.7364239597527607E-016  -2.3936671956146875E-016  -7.2660597129547527E-017   1.8339373470508246E-014   9.6406048904742646E-029   6.3326013208872893E-031   5.3277903190976749E-031   8.6253016555181055E-029   1.9800082259845226E-031   2.9517521811070854E-028  -9.9413690808683117E-017  -1.6256727152501729E-016  -2.8102844363499403E-017  -1.3479620132098203E-014  -3.4503097433481023E-016   9.0019245996792074E-017  -4.4347161959339238E-016   8.1597548646127157E-016
   2.7360605707597118E-016  0.40902370746509598        5.1323540391512138E-016   4.3073260979679074E-016   4.9286952578952399E-016  -7.4008902588384968E-017   2.0382273069912624E-017  -3.4288048932716975E-019  -5.5275430259205813E-017   3.1945825594241586E-017  -9.9413690808683117E-017  0.26766467976297631        3.2592352120132678E-016   4.7613987778298117E-016  -4.5467246438471443E-016   7.0575537071540476E-002   2.8980593486291500E-015  -2.3913264760293976E-016  -5.8987578289947522E-016
  -7.4611402676134348E-017   6.8255563571003091E-016  0.40902370746509664       -6.8000026469397902E-016  -9.2351752882453145E-017   6.3275062120309972E-017  -1.3495750066538986E-017   6.6189159293691219E-017  -7.0555901772616928E-017   4.9603902484199000E-017  -1.6256727152501729E-016   3.2592352120132678E-016  0.26766467976297686       -6.4538604272293519E-016  -5.7202237636342480E-017   2.3075446119784205E-015   7.0575537071536701E-002  -2.6674767221818740E-015   7.7878699251874733E-017
  -1.5446860452591449E-016   4.5613239929183329E-016  -2.9925061692259648E-016  0.40902370746509670        1.6242088426968152E-017  -8.2631994726111460E-017   4.1185234492932331E-017  -7.1441602008499600E-017  -4.7248570820840071E-017   2.9746896183765649E-017  -2.8102844363499403E-017   4.7613987778298117E-016  -6.4538604272293519E-016  0.26766467976297781       -1.5931298583042752E-015   1.9941244926302763E-016  -2.2547062732122236E-015   7.0575537071537270E-002  -6.2273394218214245E-016
 -0.42922500638128458        7.4256908729054463E-016  -4.1041457734047118E-016   1.6132058843567178E-016 -0.74349117265806253       -5.5968436430715646E-015  -5.4477541030381813E-017  -3.0354066860000609E-017  -5.6194391816588165E-015   1.1025532635704380E-017  -1.3479620132098203E-014  -4.5467246438471443E-016  -5.7202237636342480E-017  -1.5931298583042752E-015   2.6711378865159752       -1.5076916802436150E-016   1.4941912710624156E-016  -6.0172652314939183E-016  0.67745521772588368     
   3.7331391134483576E-017  0.24476831769789129       -2.0860652956665627E-015  -5.3843061013733442E-019   2.3340933640200788E-016  -5.6964452257215779E-016  -1.6471063437941718E-016   1.6589028564594137E-016   7.2015237178723286E-016   7.4358305824343375E-017  -3.4503097433481023E-016   7.0575537071540476E-002   2.3075446119784205E-015   1.9941244926302763E-016  -1.5076916802436150E-016   2.0278156723879808        1.2815777898546958E-016  -1.2603621556248238E-015  -6.6487779751613600E-017
   2.4539667555103178E-016  -1.0601456956296531E-015  0.24476831769789512        3.4134799558245721E-016  -3.2301422685380545E-016  -3.4475792153090418E-016  -7.6932257539432507E-017   4.6716908159973362E-016   3.2751281194672733E-016  -5.9036371074279736E-016   9.0019245996792074E-017   2.8980593486291500E-015   7.0575537071536701E-002  -2.2547062732122236E-015   1.4941912710624156E-016   1.2815777898546958E-016   2.0278156723879821       -3.0583310406742666E-015  -2.7159402051060556E-016
   1.5091736367169385E-017  -6.1657063477857351E-016   1.4091066468768351E-015  0.24476831769789351       -3.3345707962873547E-016   2.8453189238536817E-017   4.6887592434151540E-016  -5.3397647167086557E-016   5.1709489548678703E-016  -5.2545287640161962E-016  -4.4347161959339238E-016  -2.3913264760293976E-016  -2.6674767221818740E-015   7.0575537071537270E-002  -6.0172652314939183E-016  -1.2603621556248238E-015  -3.0583310406742666E-015   2.0278156723879781       -8.6855368524504508E-017
  -7.7011334834905423E-002   1.1972289851202207E-015   2.4869558197677719E-017   5.9221875818239398E-016  -9.2518489524553493E-002   1.6701524879957982E-015  -6.1813218744930131E-018   5.2534749986473621E-018   1.5562175473104558E-015   3.5396198399697665E-018   8.1597548646127157E-016  -5.8987578289947522E-016   7.7878699251874733E-017  -6.2273394218214245E-016  0.67745521772588368       -6.6487779751613600E-017  -2.7159402051060556E-016  -8.6855368524504508E-017   2.1801885290530238     
