  0.40364516061467731        4.2650916517539411E-017  -5.0202338294088036E-016   6.5294400858745687E-016   5.2713236020126241E-017  -8.9917709609337069E-017   2.9236808127132202E-017   8.4145898866353676E-017  -1.0006368466815555E-016   2.2164987202418887E-016   1.0097810725107826E-015  0.31660839314634615        1.3756984467595747E-016  -3.6784206697998403E-016 -0.10044029124598940       -3.1896341153618590E-016   6.4899135023033267E-016   6.4422123885149999E-016   4.7645751930403063E-016  -2.6206918733293226E-016  -2.4921287448768783E-016   8.7253352041953423E-016   3.2603540279078212E-016  -2.4783313779083021E-015  -3.0455349476790583E-016 -0.12416349939314883       -3.1552111617377453E-016   6.5441580216410999E-016
   4.2650916517539411E-017  0.40364516061467126        2.9524244970714845E-016  -1.0059621117198549E-017   4.4406748839515853E-016  -3.2636364115411674E-017   4.5455478292187283E-017   3.8901922414184905E-016   6.3990631738562836E-017   4.0115668516555015E-016  -9.3207968678750340E-017  -1.7035352816861785E-016  0.31660839314634509        3.0315492599094844E-016  -3.7690189241444791E-016 -0.10044029124598478       -8.1896681951985730E-016   4.7796933076322912E-016  -8.6510653801943340E-017  -3.8105092039630768E-016   1.3110787724707474E-016   8.4640872636221163E-017  -7.3743888994516565E-017  -1.5750033057181067E-015   6.5365144845458107E-017  -3.6866391714165815E-016 -0.12416349939314394       -8.3093995572416796E-016
  -5.0202338294088036E-016   2.9524244970714845E-016  0.40364516061467748        1.2594747384718787E-015   1.7868506004311463E-016  -2.2081288865458349E-017   1.9828459992472901E-016   2.3489676153836507E-016   6.6625718325904992E-017   3.2656619547065482E-016   2.2486200435696155E-015  -8.9962251543209556E-016  -8.0714307061561029E-017  0.31660839314634620       -1.0878400201752896E-015  -1.1079607637911427E-015 -0.10044029124598272       -7.0616058318504475E-016  -7.4278937428685692E-016   3.7901213049780124E-016  -5.8708797683000684E-016  -1.9140805486037699E-015   2.5208964461242734E-015  -2.5138687832139410E-015  -7.7327854675953885E-016  -1.0157614868308869E-015  -1.1026917631060898E-015 -0.12416349939314222     
   6.5294400858745687E-016  -1.0059621117198549E-017   1.2594747384718787E-015  0.31167800658098488        8.0370670641323114E-015  -6.5527232707996418E-016   3.2016775277151749E-016   6.7206386097761715E-015   7.4152983244190244E-016   7.4377095130479929E-015  0.65206699553822378       -2.7010604408423616E-016  -8.7616957721674694E-016  -2.0402288237138671E-015  -1.8022113640565104E-015  -4.9770583948830223E-016   7.0377599753870231E-016  -4.6260669841144299E-015  -2.1866405410489372E-015   7.7508622949431435E-016  -8.8297447137648849E-015   9.3792225670872002E-015   9.9779833433634038E-015 -0.32449204727856062      -0.20881672941983970       -1.8546619506310734E-015  -4.1944393786253715E-016   6.3387476250109998E-016
   5.2713236020126241E-017   4.4406748839515853E-016   1.7868506004311463E-016   8.0370670641323114E-015   4.4074670623744268E-003  -1.2881891467059869E-016  -7.3346753424670278E-017  -2.2037335311871466E-003  -2.9194020201544547E-016  -2.2037335311871249E-003   1.7585805056909466E-014   7.8593165257319237E-017   3.3859298288944461E-016   2.5967838569213897E-016   6.5939917416272214E-016  -2.2116785124180684E-016  -1.9310897091904749E-016   9.2317273634859337E-002  -1.9962830149242291E-015  -9.5549149274373613E-016  -4.6158636817430466E-002  -2.6931789487610800E-015  -4.6158636817428662E-002   2.1416221306128677E-014  -7.1540535532549984E-015   6.3300719585560102E-016  -2.4520986011412453E-016  -1.6942188029708386E-016
  -8.9917709609337069E-017  -3.2636364115411674E-017  -2.2081288865458349E-017  -6.5527232707996418E-016  -1.2881891467059869E-016   4.4074670623744771E-003   7.0584049588088491E-017   1.5874787094959871E-017  -4.2854128482850023E-016   1.0142780145027404E-016  -9.6751818572036088E-016  -3.2457569287098852E-017  -3.6379802194423663E-017   1.5656778323655254E-017   6.5530690865272227E-016  -5.9765234862008558E-017  -6.5161327970401885E-016  -6.2139480505054927E-016   9.2317273634858810E-002   3.3677691169652208E-016   7.4909709206862316E-016  -4.8588554241255842E-015  -7.2692791049842120E-017   1.3787877166607767E-015   2.9099884652857046E-016   6.1493994528642346E-016  -5.9574243892723463E-017  -6.1115895619990856E-016
   2.9236808127132202E-017   4.5455478292187283E-017   1.9828459992472901E-016   3.2016775277151749E-016  -7.3346753424670278E-017   7.0584049588088491E-017   4.4074670623747893E-003   5.5184758996495032E-018  -3.2351682266548766E-017   5.1636524745502092E-017   5.3956361129053500E-016   5.0505218113554754E-017  -4.0387213939858714E-019  -1.4444448692069291E-017  -1.6130509543840592E-016  -3.3618698445267016E-016  -1.1499956382245718E-015  -4.8667273248208574E-016   1.2077944438852731E-015   9.2317273634862085E-002  -2.1438636829066671E-016  -5.5724942347144536E-016   7.3765611217094654E-016  -9.2352986916001052E-016  -1.4459946396459491E-016  -1.6114806175684263E-016  -3.3335695324566156E-016  -1.1630330897458631E-015
   8.4145898866353676E-017   3.8901922414184905E-016   2.3489676153836507E-016   6.7206386097761715E-015  -2.2037335311871466E-003   1.5874787094959871E-017   5.5184758996495032E-018   4.4074670623744762E-003   3.7193746109540737E-017  -2.2037335311874346E-003   1.5879114214325183E-014   9.3059641924175339E-017   3.0878325367391591E-016   2.3925565835642636E-016   5.6393042689704935E-017  -2.4094715246894750E-016  -1.5259336919824252E-016  -4.6158636817427406E-002  -3.6349624838032886E-016   2.8835272631624281E-016   9.2317273634859684E-002   9.6267623796161299E-017  -4.6158636817432500E-002   2.1919135556274816E-014  -6.5854159149719169E-015   5.3365702636861915E-017  -2.6187270712637542E-016  -1.6788981032185080E-016
  -1.0006368466815555E-016   6.3990631738562836E-017   6.6625718325904992E-017   7.4152983244190244E-016  -2.9194020201544547E-016  -4.2854128482850023E-016  -3.2351682266548766E-017   3.7193746109540737E-017   4.4074670623746454E-003   2.3898583297039078E-016   2.5947560773641356E-017   3.3675652999736881E-017   2.5054339376751786E-017   1.5263644724086930E-016   5.7879786336767555E-016   5.7864857620223726E-017   2.3726445359280864E-016  -3.2930616580503204E-015  -4.0211838850043329E-015  -7.8985822331464554E-017   6.3633667799834839E-016   9.2317273634860503E-002   2.6158766044124087E-015  -6.7232704358434390E-016  -4.6026941059314491E-017   5.3282092100435491E-016   5.2228384827766231E-017   2.7587510639570651E-016
   2.2164987202418887E-016   4.0115668516555015E-016   3.2656619547065482E-016   7.4377095130479929E-015  -2.2037335311871249E-003   1.0142780145027404E-016   5.1636524745502092E-017  -2.2037335311874346E-003   2.3898583297039078E-016   4.4074670623745092E-003   1.4287716690167078E-014   1.1013268014674144E-016   3.2042566364671208E-016   8.1340428976767882E-017  -2.9396687308422012E-016  -1.1376066686496017E-016  -8.2863542831838168E-017  -4.6158636817428683E-002   2.1185611147062772E-015   3.2799476822025092E-016  -4.6158636817431417E-002   2.2667973861900659E-015   9.2317273634860100E-002   2.1953957274054505E-014  -6.2708292271956716E-015  -2.9363784256479222E-016  -1.3711492329552197E-016  -1.3091915372481450E-016
   1.0097810725107826E-015  -9.3207968678750340E-017   2.2486200435696155E-015  0.65206699553822378        1.7585805056909466E-014  -9.6751818572036088E-016   5.3956361129053500E-016   1.5879114214325183E-014   2.5947560773641356E-017   1.4287716690167078E-014   1.3646881936748338       -8.0534671613828868E-016  -1.8627192704304685E-015  -4.5418137922643665E-015   1.9803836495035590E-015   2.0111217505512346E-015   2.0307949844327107E-015  -1.6704400863373630E-015   3.5870599798442248E-015  -9.2420405670659562E-016   1.1747734350619390E-014  -1.2181962242927499E-014  -1.3560014389070878E-014 -0.64616286593721206      -0.43877121561591070        1.8065059910199689E-015   2.1268173138932954E-015   1.9099714537577250E-015
  0.31660839314634615       -1.7035352816861785E-016  -8.9962251543209556E-016  -2.7010604408423616E-016   7.8593165257319237E-017  -3.2457569287098852E-017   5.0505218113554754E-017   9.3059641924175339E-017   3.3675652999736881E-017   1.1013268014674144E-016  -8.0534671613828868E-016  0.24833990091826372       -5.0347222398524836E-017  -6.8521587930355402E-016  -7.8074973928473304E-002   2.9348946295679687E-016  -9.0773214881770977E-016   1.2687023201404250E-015   1.1558233408372655E-015   3.7559844899415705E-016   3.6924879142261761E-016   3.0192273282929398E-015  -1.0720567923069913E-015   1.0645372131841332E-015   1.5575485017444106E-016  -9.6693925451977886E-002   3.0040535152806384E-016  -8.4954117062979320E-016
   1.3756984467595747E-016  0.31660839314634509       -8.0714307061561029E-017  -8.7616957721674694E-016   3.3859298288944461E-016  -3.6379802194423663E-017  -4.0387213939858714E-019   3.0878325367391591E-016   2.5054339376751786E-017   3.2042566364671208E-016  -1.8627192704304685E-015  -5.0347222398524836E-017  0.24833990091826580       -7.0263027207767455E-018   6.0048343558649227E-016  -7.8074973928473193E-002  -1.2331544478466092E-015   1.7377527017650240E-016  -2.9194558357480849E-016  -1.0456337665391338E-015   1.8258787664210165E-016  -4.6191621763249995E-016   6.3354629433693003E-017   1.2432014137515873E-015   5.4033661048883140E-016   5.8634398175968821E-016  -9.6693925451977733E-002  -1.2139775073790559E-015
  -3.6784206697998403E-016   3.0315492599094844E-016  0.31660839314634620       -2.0402288237138671E-015   2.5967838569213897E-016   1.5656778323655254E-017  -1.4444448692069291E-017   2.3925565835642636E-016   1.5263644724086930E-016   8.1340428976767882E-017  -4.5418137922643665E-015  -6.8521587930355402E-016  -7.0263027207767455E-018  0.24833990091826366        7.6851569296135948E-016  -9.2374701403316894E-017  -7.8074973928477093E-002   1.9515721955397929E-015   1.2347380689264740E-016  -3.2342430573806159E-015   6.9299330078841623E-016   5.9281422593367584E-016  -1.6834972086034164E-015   3.1343893683946844E-015   1.3088955151722851E-015   7.9687771769744307E-016  -1.0508886573397431E-016  -9.6693925451981591E-002
 -0.10044029124598940       -3.7690189241444791E-016  -1.0878400201752896E-015  -1.8022113640565104E-015   6.5939917416272214E-016   6.5530690865272227E-016  -1.6130509543840592E-016   5.6393042689704935E-017   5.7879786336767555E-016  -2.9396687308422012E-016   1.9803836495035590E-015  -7.8074973928473304E-002   6.0048343558649227E-016   7.6851569296135948E-016  0.64780244322195668        1.8492448738358628E-017   1.4427935707060187E-016  -8.2039509163192304E-016  -3.5162559951786632E-016   3.4688383513334651E-017  -9.5947926402675464E-017  -1.3673672436869723E-015   1.0247111940498879E-015  -9.5539760812945000E-016  -2.9021391699773287E-016  0.64393159287406054        1.8481290121575199E-017   2.0558167256224056E-016
  -3.1896341153618590E-016 -0.10044029124598478       -1.1079607637911427E-015  -4.9770583948830223E-016  -2.2116785124180684E-016  -5.9765234862008558E-017  -3.3618698445267016E-016  -2.4094715246894750E-016   5.7864857620223726E-017  -1.1376066686496017E-016   2.0111217505512346E-015   2.9348946295679687E-016  -7.8074973928473193E-002  -9.2374701403316894E-017   1.8492448738358628E-017  0.64780244322195335        9.3694437193149950E-016  -2.4194657310873200E-016   1.1349236954268966E-016   7.7862572906837309E-016  -9.4382868401293460E-017  -3.3657278882303004E-017   4.1838424847528803E-017  -3.1820218128430956E-016  -5.8044371412827591E-016   2.6085280846354904E-017  0.64393159287405710        7.4966913748758695E-016
   6.4899135023033267E-016  -8.1896681951985730E-016 -0.10044029124598272        7.0377599753870231E-016  -1.9310897091904749E-016  -6.5161327970401885E-016  -1.1499956382245718E-015  -1.5259336919824252E-016   2.3726445359280864E-016  -8.2863542831838168E-017   2.0307949844327107E-015  -9.0773214881770977E-016  -1.2331544478466092E-015  -7.8074973928477093E-002   1.4427935707060187E-016   9.3694437193149950E-016  0.64780244322194824       -1.1900386243278439E-015  -4.4801238795943525E-017   2.0893066603745841E-015  -6.8996081532615890E-016  -1.5068533398479049E-015  -6.7375518499483553E-017   1.2925220477773716E-016  -2.9786218726811638E-016  -8.7102600251818719E-016   8.2043980636152917E-016  0.64393159287405577     
   6.4422123885149999E-016   4.7796933076322912E-016  -7.0616058318504475E-016  -4.6260669841144299E-015   9.2317273634859337E-002  -6.2139480505054927E-016  -4.8667273248208574E-016  -4.6158636817427406E-002  -3.2930616580503204E-015  -4.6158636817428683E-002  -1.6704400863373630E-015   1.2687023201404250E-015   1.7377527017650240E-016   1.9515721955397929E-015  -8.2039509163192304E-016  -2.4194657310873200E-016  -1.1900386243278439E-015   1.9336455362600475        1.6865713469912830E-015   1.9716114862695141E-015 -0.96682276813002244        2.6943914764252418E-015 -0.96682276813002077        8.1858954327157306E-014  -2.1683589075464736E-015  -1.1147432230592326E-015  -2.6140181820422829E-016  -4.5985600757615315E-016
   4.7645751930403063E-016  -8.6510653801943340E-017  -7.4278937428685692E-016  -2.1866405410489372E-015  -1.9962830149242291E-015   9.2317273634858810E-002   1.2077944438852731E-015  -3.6349624838032886E-016  -4.0211838850043329E-015   2.1185611147062772E-015   3.5870599798442248E-015   1.1558233408372655E-015  -2.9194558357480849E-016   1.2347380689264740E-016  -3.5162559951786632E-016   1.1349236954268966E-016  -4.4801238795943525E-017   1.6865713469912830E-015   1.9336455362600034        1.3853935360019799E-015   1.1120424513958525E-015   2.0115745007209680E-015  -1.6463745514464024E-015  -2.4247843310767513E-015  -5.1361493438223432E-016  -1.1241244307044863E-015   5.8643028888628967E-017   6.0662124456482060E-016
  -2.6206918733293226E-016  -3.8105092039630768E-016   3.7901213049780124E-016   7.7508622949431435E-016  -9.5549149274373613E-016   3.3677691169652208E-016   9.2317273634862085E-002   2.8835272631624281E-016  -7.8985822331464554E-017   3.2799476822025092E-016  -9.2420405670659562E-016   3.7559844899415705E-016  -1.0456337665391338E-015  -3.2342430573806159E-015   3.4688383513334651E-017   7.7862572906837309E-016   2.0893066603745841E-015   1.9716114862695141E-015   1.3853935360019799E-015   1.9336455362600036       -8.7181374315917678E-016   8.6698226722802455E-016  -3.3326341903131568E-016  -9.0768711065570463E-016   2.3197668473415632E-016   3.9219486196709432E-017   7.9873431646299913E-016   1.6419848102462313E-015
  -2.4921287448768783E-016   1.3110787724707474E-016  -5.8708797683000684E-016  -8.8297447137648849E-015  -4.6158636817430466E-002   7.4909709206862316E-016  -2.1438636829066671E-016   9.2317273634859684E-002   6.3633667799834839E-016  -4.6158636817431417E-002   1.1747734350619390E-014   3.6924879142261761E-016   1.8258787664210165E-016   6.9299330078841623E-016  -9.5947926402675464E-017  -9.4382868401293460E-017  -6.8996081532615890E-016 -0.96682276813002244        1.1120424513958525E-015  -8.7181374315917678E-016   1.9336455362600407       -9.7279701113080479E-016 -0.96682276813002266        8.6424132180587831E-014  -6.9827191828227456E-015  -1.3226504383702907E-017  -1.0790740416922286E-016  -7.0451113006194193E-016
   8.7253352041953423E-016   8.4640872636221163E-017  -1.9140805486037699E-015   9.3792225670872002E-015  -2.6931789487610800E-015  -4.8588554241255842E-015  -5.5724942347144536E-016   9.6267623796161299E-017   9.2317273634860503E-002   2.2667973861900659E-015  -1.2181962242927499E-014   3.0192273282929398E-015  -4.6191621763249995E-016   5.9281422593367584E-016  -1.3673672436869723E-015  -3.3657278882303004E-017  -1.5068533398479049E-015   2.6943914764252418E-015   2.0115745007209680E-015   8.6698226722802455E-016  -9.7279701113080479E-016   1.9336455362600005       -2.5771621165251689E-015   2.1559322845904288E-015   2.5863033182119304E-015  -2.3047243314100436E-015  -5.3464945292652094E-017  -3.8905252882863067E-016
   3.2603540279078212E-016  -7.3743888994516565E-017   2.5208964461242734E-015   9.9779833433634038E-015  -4.6158636817428662E-002  -7.2692791049842120E-017   7.3765611217094654E-016  -4.6158636817432500E-002   2.6158766044124087E-015   9.2317273634860100E-002  -1.3560014389070878E-014  -1.0720567923069913E-015   6.3354629433693003E-017  -1.6834972086034164E-015   1.0247111940498879E-015   4.1838424847528803E-017  -6.7375518499483553E-017 -0.96682276813002077       -1.6463745514464024E-015  -3.3326341903131568E-016 -0.96682276813002266       -2.5771621165251689E-015   1.9336455362600435        8.9902343257357302E-014  -3.3206616061925134E-015   1.1894440520195426E-015   4.5886424969259885E-017  -8.2939282768727552E-016
  -2.4783313779083021E-015  -1.5750033057181067E-015  -2.5138687832139410E-015 -0.32449204727856062        2.1416221306128677E-014   1.3787877166607767E-015  -9.2352986916001052E-016   2.1919135556274816E-014  -6.7232704358434390E-016   2.1953957274054505E-014 -0.64616286593721206        1.0645372131841332E-015   1.2432014137515873E-015   3.1343893683946844E-015  -9.5539760812945000E-016  -3.1820218128430956E-016   1.2925220477773716E-016   8.1858954327157306E-014  -2.4247843310767513E-015  -9.0768711065570463E-016   8.6424132180587831E-014   2.1559322845904288E-015   8.9902343257357302E-014   2.5331406723114123        8.9754441701371396E-002  -4.9024202480542409E-016  -5.9980078397209724E-016   9.3268837553852208E-016
  -3.0455349476790583E-016   6.5365144845458107E-017  -7.7327854675953885E-016 -0.20881672941983970       -7.1540535532549984E-015   2.9099884652857046E-016  -1.4459946396459491E-016  -6.5854159149719169E-015  -4.6026941059314491E-017  -6.2708292271956716E-015 -0.43877121561591070        1.5575485017444106E-016   5.4033661048883140E-016   1.3088955151722851E-015  -2.9021391699773287E-016  -5.8044371412827591E-016  -2.9786218726811638E-016  -2.1683589075464736E-015  -5.1361493438223432E-016   2.3197668473415632E-016  -6.9827191828227456E-015   2.5863033182119304E-015  -3.3206616061925134E-015   8.9754441701371396E-002  0.14732428833940289       -2.5463315785797209E-016  -6.0403236046495052E-016  -2.9706483275532830E-016
 -0.12416349939314883       -3.6866391714165815E-016  -1.0157614868308869E-015  -1.8546619506310734E-015   6.3300719585560102E-016   6.1493994528642346E-016  -1.6114806175684263E-016   5.3365702636861915E-017   5.3282092100435491E-016  -2.9363784256479222E-016   1.8065059910199689E-015  -9.6693925451977886E-002   5.8634398175968821E-016   7.9687771769744307E-016  0.64393159287406054        2.6085280846354904E-017  -8.7102600251818719E-016  -1.1147432230592326E-015  -1.1241244307044863E-015   3.9219486196709432E-017  -1.3226504383702907E-017  -2.3047243314100436E-015   1.1894440520195426E-015  -4.9024202480542409E-016  -2.5463315785797209E-016  0.64160839956124693        2.5735410421931987E-017  -7.9722910402160126E-016
  -3.1552111617377453E-016 -0.12416349939314394       -1.1026917631060898E-015  -4.1944393786253715E-016  -2.4520986011412453E-016  -5.9574243892723463E-017  -3.3335695324566156E-016  -2.6187270712637542E-016   5.2228384827766231E-017  -1.3711492329552197E-016   2.1268173138932954E-015   3.0040535152806384E-016  -9.6693925451977733E-002  -1.0508886573397431E-016   1.8481290121575199E-017  0.64393159287405710        8.2043980636152917E-016  -2.6140181820422829E-016   5.8643028888628967E-017   7.9873431646299913E-016  -1.0790740416922286E-016  -5.3464945292652094E-017   4.5886424969259885E-017  -5.9980078397209724E-016  -6.0403236046495052E-016   2.5735410421931987E-017  0.64160839956124338        6.3885685617869996E-016
   6.5441580216410999E-016  -8.3093995572416796E-016 -0.12416349939314222        6.3387476250109998E-016  -1.6942188029708386E-016  -6.1115895619990856E-016  -1.1630330897458631E-015  -1.6788981032185080E-016   2.7587510639570651E-016  -1.3091915372481450E-016   1.9099714537577250E-015  -8.4954117062979320E-016  -1.2139775073790559E-015  -9.6693925451981591E-002   2.0558167256224056E-016   7.4966913748758695E-016  0.64393159287405577       -4.5985600757615315E-016   6.0662124456482060E-016   1.6419848102462313E-015  -7.0451113006194193E-016  -3.8905252882863067E-016  -8.2939282768727552E-016   9.3268837553852208E-016  -2.9706483275532830E-016  -7.9722910402160126E-016   6.3885685617869996E-016  0.64160839956124560     
