  0.21415339683526813        1.4778347343630998E-008  -3.3378252080235696E-008   1.8378619390784966E-007  0.55806306327446087       -2.0084956407509574E-009  -1.4428539218457616E-009  -1.7028686790602900E-009  -1.7836183380857074E-010   2.9941462068196278E-009   2.1869081498579041E-009  -1.9405178200963438E-009  -8.0326391791877460E-009   1.0328824116222173E-007  -3.0402604197981753E-010   1.4160079173793623E-010  -3.8097264480700597E-010  -5.2853990112012196E-010   8.2011972798201400E-010   8.3259721568336741E-010  -1.0520579639496313E-009   9.7571360933605534E-009  -7.7991199583525266E-008 -0.39955131092556512       -6.9169715189564477E-010   1.5650197741082755E-010  -7.7768685348983815E-010  -4.0140437119085109E-010   1.7041322926819868E-009   1.0930545095386184E-009   8.7817559572309106E-002   3.7125879659024266E-010  -3.3377829643574365E-009   2.5779349129804716E-008  -3.2969547408045162E-002
   1.4778347343630998E-008  0.56303537604301612       -9.5412340678271900E-009  -2.8945945619930988E-009   1.1141714311834358E-009  -6.7034151911982148E-009  -4.3186781884337338E-008   8.1058008323793590E-009   3.2468493034856880E-008   5.4199222989508917E-009  -2.5765084488494316E-008  0.42770133452367304       -1.1669948353193218E-009  -8.8666850514309414E-010   3.5403861921970342E-010  -1.4312683048585413E-009   1.6440710131380387E-009   9.4607626644534128E-010   7.9999265327300858E-011  -1.3001166703162997E-009 -0.27761754708780390        2.0053595968083861E-009   7.8607821528631280E-010  -5.3404859168419295E-009   1.7966706884715958E-009   7.6683833876186442E-009  -5.6141728450454532E-009  -4.8819758017172576E-009  -1.0479459744307585E-009   3.0853117648350518E-009   1.2126536429245798E-009   9.3586454683416448E-002  -6.7823193563540063E-010  -2.5790624909914338E-010  -4.1501142919998763E-010
  -3.3378252080235696E-008  -9.5412340678271900E-009  0.56303539939845715        4.6380227027355091E-009  -1.0656707612158318E-008  -2.5113102647191654E-008   4.1403782862676436E-008   6.4387046405905483E-009   3.8722869730094950E-008   1.5708583993710196E-008  -1.3609745372501920E-008   5.0987771706777666E-009  0.42770132971105990        3.1851401153699075E-009  -8.9559659833622023E-010   2.0163867411783840E-009   8.6297265402496800E-011   1.1983121815048063E-009   2.2527657083692606E-009  -3.0270357198994021E-010  -8.7570312752820987E-010 -0.27761754850247455       -2.0322581840183780E-009   1.7243893305951547E-008   2.6945299964611652E-009  -5.2975160674289909E-009  -1.2736902852693429E-009  -4.2529735919757301E-009  -5.8683898267731971E-009   1.5584483339452420E-009  -3.9331935086514407E-009   2.3661023233062502E-010   9.3586455237245667E-002   6.5662160239017141E-010   1.3511819226383242E-009
   1.8378619390784966E-007  -2.8945945619930988E-009   4.6380227027355091E-009  0.56303537386416047       -1.5505387190633006E-007  -2.0408774046677334E-008   2.0472918654828553E-009  -4.1892659036502478E-008  -4.1706639829679761E-010  -1.8741232870847480E-008   2.0825842255047622E-008   2.0777819009517536E-009  -5.0927571004638862E-009  0.42770133497457713       -1.4297426563685108E-009   7.1196773275468219E-011  -7.6467285844412231E-010  -8.5077660715479547E-010  -6.2296016798365815E-010   2.2805207833776420E-009  -5.6842043837869372E-010   1.7486841405937937E-009 -0.27761754681170753        3.0014932352120119E-008   5.6434807543044790E-009  -3.2730785903647749E-010   7.3051128465146822E-009   2.5345552710644903E-009   4.0094180050069248E-009  -8.1780354040923555E-009  -3.8891233491463841E-009   1.7160510307554776E-010  -5.4220743562144113E-010   9.3586454573081471E-002   1.8210716950234638E-009
  0.55806306327446087        1.1141714311834358E-009  -1.0656707612158318E-008  -1.5505387190633006E-007   1.4556210771779092       -5.1467857932719214E-009  -3.7532395844348018E-009  -4.3465432152178088E-009  -4.1694252819168827E-010   7.6148747957980239E-009   5.5638621772307387E-009  -3.3490625337425006E-008   3.6983367337294822E-008  -2.1224009724178326E-007   5.4633675322485398E-010   4.7653463819666716E-010   4.0346041857017683E-010  -6.1036159281321479E-010  -7.3495220435823195E-010   6.4108277443453019E-011   1.4938092079489493E-008  -1.6750693206480501E-008   1.2387308761588166E-007 -0.98752937179345801        2.4121256792302909E-009   7.4242329448990998E-010   2.3709100275403036E-009   1.3628787783524497E-009  -4.6080939340070013E-009  -3.7751119677255698E-009  0.18874776017343683       -4.7203279006867689E-009   5.4200844830179617E-009  -4.0255853567505519E-008  -6.5908485075428930E-002
  -2.0084956407509574E-009  -6.7034151911982148E-009  -2.5113102647191654E-008  -2.0408774046677334E-008  -5.1467857932719214E-009   6.4246540489478875E-004  -2.3902971266792946E-012  -1.3585627532979675E-013  -3.2123267694989297E-004  -2.1302254495363613E-013  -3.2123272794639545E-004  -5.1136433452543903E-009  -1.8919646677517001E-008  -1.5469007350352170E-008   9.6258889192454757E-003  -4.9425568405525688E-011  -7.6185972761232118E-012  -4.8129442595511726E-003   9.8342105403281203E-012  -4.8129446596961029E-003   3.2058208285481994E-009   1.1719629137485181E-008   1.1168812733934567E-008   3.6219947543566777E-009   3.0417362201442540E-002  -1.4813596531397272E-010  -2.5735074203611215E-011  -1.5208680525923821E-002   1.3784098785644314E-011  -1.5208681675525455E-002  -7.5047812139012301E-010  -1.0296672769529352E-009  -3.7301147738019554E-009  -3.7503819709962145E-009   2.6974410200866368E-010
  -1.4428539218457616E-009  -4.3186781884337338E-008   4.1403782862676436E-008   2.0472918654828553E-009  -3.7532395844348018E-009  -2.3902971266792946E-012   6.4246540228186358E-004   7.1923949438779572E-013   5.5066368046300629E-012  -9.6822156735503198E-013  -3.1163918381329362E-012  -3.2645890299150257E-008   3.1198517869376977E-008   1.5479614496788429E-009   8.7023953755910806E-012   9.6258889138818825E-003   1.3305940961391405E-011   1.4055223534837983E-011   1.3349660388575428E-012  -2.2757661795401798E-011   2.1465510106318402E-008  -2.0005480467735220E-008  -9.6131021099971577E-010   2.6792538320877184E-009   3.8944470887255870E-011   3.0417362130256004E-002   5.5717678162009604E-011   1.7020647905699593E-011  -5.4525906675147157E-012  -5.5965080946914449E-011  -5.6682130390002787E-010  -6.9881119164564989E-009   6.4482183844672275E-009   3.0688489957331319E-010   2.0180924054968925E-010
  -1.7028686790602900E-009   8.1058008323793590E-009   6.4387046405905483E-009  -4.1892659036502478E-008  -4.3465432152178088E-009  -1.3585627532979675E-013   7.1923949438779572E-013   6.4246543305148784E-004   3.3181547252495107E-012  -6.0535453859495488E-012  -3.1823299395764792E-012   6.2241035541078417E-009   4.8753371798927694E-009  -3.1688041115148996E-008   6.8170086814343939E-012  -1.0316330859196746E-011   9.6258891439668301E-003   2.6970577147377347E-011  -5.3170136607416757E-011  -3.3787606083273489E-011  -6.1547413480433214E-009  -3.1257444705132696E-009   2.0215184104138580E-008   3.0448069203177597E-009   1.8442855852494168E-011  -1.6603426692335057E-011   3.0417362855145208E-002   8.0185974060948877E-011  -1.3747163059285874E-010  -9.8628774192480938E-011  -6.2463440493488509E-010   2.2420072568360193E-009   1.0085544378293519E-009  -6.5117192390580992E-009   2.2527889914005495E-010
  -1.7836183380857074E-010   3.2468493034856880E-008   3.8722869730094950E-008  -4.1706639829679761E-010  -4.1694252819168827E-010  -3.2123267694989297E-004   5.5066368046300629E-012   3.3181547252495107E-012   6.4246539021160093E-004  -4.9023480406577669E-012  -3.2123271326122441E-004   2.4522306278463628E-008   2.9179382979772793E-008  -3.7518678083725257E-010  -4.8129442499271775E-003   8.1080474548886043E-011   2.5251655251698674E-011   9.6258887983793270E-003  -3.6996762561916495E-011  -4.8129445484516266E-003  -1.5585720034450893E-008  -1.7966366668993740E-008   1.4340496760068543E-009   1.6881429183547849E-010  -1.5208680493322590E-002   2.3380645307284228E-010   7.4339261755344053E-011   3.0417361862928548E-002  -8.5645407526398498E-011  -1.5208681369603849E-002  -5.1038593848975436E-014   5.0131748024617402E-009   5.7043446231519309E-009  -6.0530981652618903E-010   5.6789550651238289E-012
   2.9941462068196278E-009   5.4199222989508917E-009   1.5708583993710196E-008  -1.8741232870847480E-008   7.6148747957980239E-009  -2.1302254495363613E-013  -9.6822156735503198E-013  -6.0535453859495488E-012  -4.9023480406577669E-012   6.4246544411187872E-004   5.1153836467265434E-012   4.1032650581967714E-009   1.1922527975282462E-008  -1.4192787451036119E-008  -3.3937989910830000E-012  -9.6927888345555832E-012  -5.1828522094118500E-011  -5.4811390637188571E-011   9.6258892468928138E-003   5.8205203384671744E-011  -2.6194015077117039E-009  -9.7590155384161188E-009   9.6406714282306068E-009  -5.3341748359411584E-009  -3.0274250878549214E-011  -4.4308360777933358E-011  -1.3810495428370085E-010  -1.3298146029922445E-010   3.0417363102173415E-002   1.6325574572691433E-010   1.0923479864695421E-009   8.4407958878767197E-010   3.3976429588786262E-009  -3.1756081563506988E-009  -3.9414197776848459E-010
   2.1869081498579041E-009  -2.5765084488494316E-008  -1.3609745372501920E-008   2.0825842255047622E-008   5.5638621772307387E-009  -3.2123272794639545E-004  -3.1163918381329362E-012  -3.1823299395764792E-012  -3.2123271326122441E-004   5.1153836467265434E-012   6.4246544120863597E-004  -1.9408668026292805E-008  -1.0259719806919841E-008   1.5844195513279942E-008  -4.8129446693407664E-003  -3.1655687671914283E-011  -1.7633529771087986E-011  -4.8129445388209085E-003   2.7162747695101184E-011   9.6258892081629525E-003   1.2379899800197541E-008   6.2467271302987163E-009  -1.2602861958334078E-008  -3.7908129051734421E-009  -1.5208681708190950E-002  -8.5672957351613134E-011  -4.8605678403215426E-011  -1.5208681336981830E-002   7.1861927059925273E-011   3.0417363045177410E-002   7.5054357915431991E-010  -3.9835062070544652E-009  -1.9742262428069695E-009   4.3556932574335439E-009  -2.7543029741653130E-010
  -1.9405178200963438E-009  0.42770133452367304        5.0987771706777666E-009   2.0777819009517536E-009  -3.3490625337425006E-008  -5.1136433452543903E-009  -3.2645890299150257E-008   6.2241035541078417E-009   2.4522306278463628E-008   4.1032650581967714E-009  -1.9408668026292805E-008  0.32540774531865274        8.4875903878285433E-009   2.5771024981116704E-009  -2.8512413808408321E-011   1.3118912950233807E-009   2.7031584333558927E-009  -1.5249665360646587E-009  -1.6300315592885209E-010   1.5534775669408123E-009 -0.17950014810693027       -4.7801947259726445E-009  -1.4414685469425830E-009   1.9982184094960800E-008   4.3259868732731336E-010   1.3324539033030146E-008   2.5980689388567985E-010  -1.0710274407356739E-008  -1.4936122667671078E-009   1.0277680774739061E-008  -4.0342430837887626E-009   4.5901481009315320E-002   1.5506735212510329E-009   4.6425772861956178E-010   1.4690548937577284E-009
  -8.0326391791877460E-009  -1.1669948353193218E-009  0.42770132971105990       -5.0927571004638862E-009   3.6983367337294822E-008  -1.8919646677517001E-008   3.1198517869376977E-008   4.8753371798927694E-009   2.9179382979772793E-008   1.1922527975282462E-008  -1.0259719806919841E-008   8.4875903878285433E-009  0.32540772454341427       -4.1305022455615094E-009   1.8390246120050953E-009  -2.3871380870963657E-009  -1.8561189884558310E-010  -2.8999870390281493E-009   1.9747750696751379E-009   1.0609715761987100E-009  -3.8520014159334813E-009 -0.17950013750472107        2.5153113044105978E-009  -1.9416624940036427E-008   9.9071489389462839E-009  -1.6264502929818103E-008  -1.7504768738049192E-009  -1.5116852594525896E-008  -3.6543687443522561E-009   5.2097072573332152E-009   4.0171745485829477E-009   1.2337870895820225E-009   4.5901477586082456E-002  -8.1259919143365225E-010  -1.4545502345537849E-009
   1.0328824116222173E-007  -8.8666850514309414E-010   3.1851401153699075E-009  0.42770133497457713       -2.1224009724178326E-007  -1.5469007350352170E-008   1.5479614496788429E-009  -3.1688041115148996E-008  -3.7518678083725257E-010  -1.4192787451036119E-008   1.5844195513279942E-008   2.5771024981116704E-009  -4.1305022455615094E-009  0.32540774725279814       -7.9364755906260639E-010  -6.6622062588478402E-011   1.5710387092658725E-009  -1.7831663227656603E-009   1.0989622856169945E-010   2.5768150499578194E-009  -1.0174323319142021E-009   1.3334196328719319E-009 -0.17950014923943119        9.1655696563381167E-008   5.2105499200614823E-009  -6.2325431487814739E-010   1.2260486721390722E-008  -1.6182842597634920E-009   4.8732364924378835E-009  -3.5922651879893563E-009  -1.8020077003830065E-008   3.2017464327032378E-010  -4.1113639804002400E-010   4.5901481387303843E-002   6.6913184676218562E-009
  -3.0402604197981753E-010   3.5403861921970342E-010  -8.9559659833622023E-010  -1.4297426563685108E-009   5.4633675322485398E-010   9.6258889192454757E-003   8.7023953755910806E-012   6.8170086814343939E-012  -4.8129442499271775E-003  -3.3937989910830000E-012  -4.8129446693407664E-003  -2.8512413808408321E-011   1.8390246120050953E-009  -7.9364755906260639E-010  0.14422214298232525       -7.3875196487278360E-011   1.8743985289897787E-011  -7.2111071075720443E-002   1.4429034173395155E-010  -7.2111071906631782E-002  -1.7638230253215423E-010   1.2386272925451260E-009   6.1041617905043294E-010  -3.7466948810805496E-011  0.45573527778726691       -1.1288895590836443E-010   3.4351285770586364E-011 -0.22786763844115429        1.9687028039825492E-010 -0.22786763934621351       -4.1002619563683618E-011   7.5033276239719089E-011  -6.2838196492999955E-010  -2.1484173611638036E-012   6.2851821267536941E-012
   1.4160079173793623E-010  -1.4312683048585413E-009   2.0163867411783840E-009   7.1196773275468219E-011   4.7653463819666716E-010  -4.9425568405525688E-011   9.6258889138818825E-003  -1.0316330859196746E-011   8.1080474548886043E-011  -9.6927888345555832E-012  -3.1655687671914283E-011   1.3118912950233807E-009  -2.3871380870963657E-009  -6.6622062588478402E-011  -7.3875196487278360E-011  0.14422214340914430       -1.1672710175871629E-010   1.8932928192698329E-010   9.2268777442873902E-011  -1.1545472798527670E-010   1.2240580628548485E-009  -1.9746095823420269E-009  -1.1508348717434179E-010  -2.6613869799773108E-010  -6.1966004230644425E-011  0.45573527832338179       -1.6402660554869418E-010   1.8784620069820101E-010   1.4667906396940965E-010  -1.2587962943582838E-010   4.2328680861467926E-011  -4.2727361600672842E-010   8.8544347540976673E-010   4.6357415354844349E-011  -1.7446722040518709E-011
  -3.8097264480700597E-010   1.6440710131380387E-009   8.6297265402496800E-011  -7.6467285844412231E-010   4.0346041857017683E-010  -7.6185972761232118E-012   1.3305940961391405E-011   9.6258891439668301E-003   2.5251655251698674E-011  -5.1828522094118500E-011  -1.7633529771087986E-011   2.7031584333558927E-009  -1.8561189884558310E-010   1.5710387092658725E-009   1.8743985289897787E-011  -1.1672710175871629E-010  0.14422214339583067        3.7773240916880316E-011  -2.1388911619441350E-010  -5.6517529670948927E-011  -1.4992066146746109E-010  -1.3714461610129556E-010   1.1294198267184704E-009   6.1409317544369110E-011   1.2815261961143356E-011  -1.2919423027845171E-010  0.45573527824880705        4.3860850364665362E-011  -2.1824497349493461E-010  -5.6675277477193799E-011  -6.7981048224026971E-011  -4.1453640813844092E-010   6.3837183184762724E-011  -5.1199545374257722E-010   1.5963301044067897E-011
  -5.2853990112012196E-010   9.4607626644534128E-010   1.1983121815048063E-009  -8.5077660715479547E-010  -6.1036159281321479E-010  -4.8129442595511726E-003   1.4055223534837983E-011   2.6970577147377347E-011   9.6258887983793270E-003  -5.4811390637188571E-011  -4.8129445388209085E-003  -1.5249665360646587E-009  -2.8999870390281493E-009  -1.7831663227656603E-009  -7.2111071075720443E-002   1.8932928192698329E-010   3.7773240916880316E-011  0.14422214265720809       -2.7473492852718546E-010  -7.2111071581479821E-002  -1.1644993918743063E-009  -1.8210421287195858E-009   2.4565629880769485E-011   7.1514329305105667E-010 -0.22786763840834670        2.6259871430014085E-010   3.7644986017842093E-011  0.45573527741042930       -3.9973514648846601E-010 -0.22786763900205101       -2.0311445716351085E-010   5.1725402754952728E-010   9.7126802705040671E-010   2.7797719609960331E-010   6.3914110663006919E-011
   8.2011972798201400E-010   7.9999265327300858E-011   2.2527657083692606E-009  -6.2296016798365815E-010  -7.3495220435823195E-010   9.8342105403281203E-012   1.3349660388575428E-012  -5.3170136607416757E-011  -3.6996762561916495E-011   9.6258892468928138E-003   2.7162747695101184E-011  -1.6300315592885209E-010   1.9747750696751379E-009   1.0989622856169945E-010   1.4429034173395155E-010   9.2268777442873902E-011  -2.1388911619441350E-010  -2.7473492852718546E-010  0.14422214399670730        1.3044479289005659E-010  -1.2448703021595311E-010  -7.1753025800158874E-010   3.6052495209551199E-010  -1.5599401549746771E-010   1.6304078472915162E-010   8.6610265557754099E-011  -2.9125437270007058E-010  -2.6553724873564637E-010  0.45573527897569821        1.0249698165121796E-010   1.3910215705841758E-010   5.6917160680363005E-011  -1.6541559627525014E-010  -3.2621140991847908E-011  -3.4058244884271866E-011
   8.3259721568336741E-010  -1.3001166703162997E-009  -3.0270357198994021E-010   2.2805207833776420E-009   6.4108277443453019E-011  -4.8129446596961029E-003  -2.2757661795401798E-011  -3.3787606083273489E-011  -4.8129445484516266E-003   5.8205203384671744E-011   9.6258892081629525E-003   1.5534775669408123E-009   1.0609715761987100E-009   2.5768150499578194E-009  -7.2111071906631782E-002  -1.1545472798527670E-010  -5.6517529670948927E-011  -7.2111071581479821E-002   1.3044479289005659E-010  0.14422214348813076        1.3408809586643111E-009   5.8241059270654210E-010  -6.3498118477677065E-010  -6.7764132577461190E-010 -0.22786763937900548       -1.4971178882310064E-010  -7.1997230722466708E-011 -0.22786763896925022        2.0286551735341083E-010  0.45573527834832506        2.4411797106689495E-010  -5.9228615924811535E-010  -3.4288506869101274E-010  -2.7582829621205340E-010  -7.0190073703092834E-011
  -1.0520579639496313E-009 -0.27761754708780390       -8.7570312752820987E-010  -5.6842043837869372E-010   1.4938092079489493E-008   3.2058208285481994E-009   2.1465510106318402E-008  -6.1547413480433214E-009  -1.5585720034450893E-008  -2.6194015077117039E-009   1.2379899800197541E-008 -0.17950014810693027       -3.8520014159334813E-009  -1.0174323319142021E-009  -1.7638230253215423E-010   1.2240580628548485E-009  -1.4992066146746109E-010  -1.1644993918743063E-009  -1.2448703021595311E-010   1.3408809586643111E-009   2.4579997112544225        1.9487053573062975E-009   5.3575620896246207E-010  -8.3034698637086294E-009  -3.3947665712969771E-010  -8.3618510774274864E-009   3.4132625696887728E-010   6.6812528069388872E-009   9.5018248121693075E-010  -6.3417794807400844E-009   1.6588954624310137E-009 -0.93650531325009134       -6.2750600325880438E-010  -1.7203392075868958E-010  -6.0754210616192915E-010
   9.7571360933605534E-009   2.0053595968083861E-009 -0.27761754850247455        1.7486841405937937E-009  -1.6750693206480501E-008   1.1719629137485181E-008  -2.0005480467735220E-008  -3.1257444705132696E-009  -1.7966366668993740E-008  -9.7590155384161188E-009   6.2467271302987163E-009  -4.7801947259726445E-009 -0.17950013750472107        1.3334196328719319E-009   1.2386272925451260E-009  -1.9746095823420269E-009  -1.3714461610129556E-010  -1.8210421287195858E-009  -7.1753025800158874E-010   5.8241059270654210E-010   1.9487053573062975E-009   2.4579997064595802       -8.2597112902021890E-010   6.7836920630679978E-009  -6.0879494031432765E-009   1.0004413709141166E-008   1.1165934477779886E-009   9.2791056872669033E-009   2.6885898585668495E-009  -3.1911583486409351E-009  -1.3363931940884499E-009  -6.1732031151531344E-010 -0.93650531171762186        2.6730404208883448E-010   4.9699378894429129E-010
  -7.7991199583525266E-008   7.8607821528631280E-010  -2.0322581840183780E-009 -0.27761754681170753        1.2387308761588166E-007   1.1168812733934567E-008  -9.6131021099971577E-010   2.0215184104138580E-008   1.4340496760068543E-009   9.6406714282306068E-009  -1.2602861958334078E-008  -1.4414685469425830E-009   2.5153113044105978E-009 -0.17950014923943119        6.1041617905043294E-010  -1.1508348717434179E-010   1.1294198267184704E-009   2.4565629880769485E-011   3.6052495209551199E-010  -6.3498118477677065E-010   5.3575620896246207E-010  -8.2597112902021890E-010   2.4579997117920556       -4.7466268584684532E-008  -3.5138822255912068E-009   4.1251698515834724E-010  -7.7461257596029332E-009   6.8471779248085297E-010  -3.1348162218954615E-009   2.8291640335757530E-009   9.0068361303020775E-009  -1.6763726031131105E-010   2.5509815048358897E-010 -0.93650531342535781       -3.4055546469054788E-009
 -0.39955131092556512       -5.3404859168419295E-009   1.7243893305951547E-008   3.0014932352120119E-008 -0.98752937179345801        3.6219947543566777E-009   2.6792538320877184E-009   3.0448069203177597E-009   1.6881429183547849E-010  -5.3341748359411584E-009  -3.7908129051734421E-009   1.9982184094960800E-008  -1.9416624940036427E-008   9.1655696563381167E-008  -3.7466948810805496E-011  -2.6613869799773108E-010   6.1409317544369110E-011   7.1514329305105667E-010  -1.5599401549746771E-010  -6.7764132577461190E-010  -8.3034698637086294E-009   6.7836920630679978E-009  -4.7466268584684532E-008   3.1283137147285860       -1.2981557914439960E-009  -5.2822955977552650E-010  -1.2376994133437375E-009  -7.5815108849935417E-010   2.3324132928256818E-009   2.0570846513366510E-009  -1.2328485714596209        2.6115030592720322E-009  -2.1347510094802031E-009   1.5278417761342889E-008  0.33169925003638961     
  -6.9169715189564477E-010   1.7966706884715958E-009   2.6945299964611652E-009   5.6434807543044790E-009   2.4121256792302909E-009   3.0417362201442540E-002   3.8944470887255870E-011   1.8442855852494168E-011  -1.5208680493322590E-002  -3.0274250878549214E-011  -1.5208681708190950E-002   4.3259868732731336E-010   9.9071489389462839E-009   5.2105499200614823E-009  0.45573527778726691       -6.1966004230644425E-011   1.2815261961143356E-011 -0.22786763840834670        1.6304078472915162E-010 -0.22786763937900548       -3.3947665712969771E-010  -6.0879494031432765E-009  -3.5138822255912068E-009  -1.2981557914439960E-009   1.4401023249619223        1.8513279030980595E-010  -3.8120193489931524E-011 -0.72005116366598199       -3.0348106579808640E-010 -0.72005116129625935        2.8585830623206332E-010   9.9301692104844448E-011   2.0780715113635059E-009   1.0367933302515209E-009  -1.0011824780869015E-010
   1.5650197741082755E-010   7.6683833876186442E-009  -5.2975160674289909E-009  -3.2730785903647749E-010   7.4242329448990998E-010  -1.4813596531397272E-010   3.0417362130256004E-002  -1.6603426692335057E-011   2.3380645307284228E-010  -4.4308360777933358E-011  -8.5672957351613134E-011   1.3324539033030146E-008  -1.6264502929818103E-008  -6.2325431487814739E-010  -1.1288895590836443E-010  0.45573527832338179       -1.2919423027845171E-010   2.6259871430014085E-010   8.6610265557754099E-011  -1.4971178882310064E-010  -8.3618510774274864E-009   1.0004413709141166E-008   4.1251698515834724E-010  -5.2822955977552650E-010   1.8513279030980595E-010   1.4401023240881994        2.3899147429987854E-010  -4.6712589293559783E-010  -1.8414835400538381E-010   2.8199489442112449E-010   1.1972360839506225E-010   2.7096549360114556E-009  -3.3512069621311210E-009  -1.3717081959749188E-010  -4.1290932808102876E-011
  -7.7768685348983815E-010  -5.6141728450454532E-009  -1.2736902852693429E-009   7.3051128465146822E-009   2.3709100275403036E-009  -2.5735074203611215E-011   5.5717678162009604E-011   3.0417362855145208E-002   7.4339261755344053E-011  -1.3810495428370085E-010  -4.8605678403215426E-011   2.5980689388567985E-010  -1.7504768738049192E-009   1.2260486721390722E-008   3.4351285770586364E-011  -1.6402660554869418E-010  0.45573527824880705        3.7644986017842093E-011  -2.9125437270007058E-010  -7.1997230722466708E-011   3.4132625696887728E-010   1.1165934477779886E-009  -7.7461257596029332E-009  -1.2376994133437375E-009  -3.8120193489931524E-011   2.3899147429987854E-010   1.4401023237498347       -1.1962248459121577E-010   5.2575428603218888E-010   1.5774531617918602E-010   2.7538398803469111E-010   1.2065432841342617E-010  -3.7075809166667096E-010   2.5726718241266496E-009  -9.6647849989437159E-011
  -4.0140437119085109E-010  -4.8819758017172576E-009  -4.2529735919757301E-009   2.5345552710644903E-009   1.3628787783524497E-009  -1.5208680525923821E-002   1.7020647905699593E-011   8.0185974060948877E-011   3.0417361862928548E-002  -1.3298146029922445E-010  -1.5208681336981830E-002  -1.0710274407356739E-008  -1.5116852594525896E-008  -1.6182842597634920E-009 -0.22786763844115429        1.8784620069820101E-010   4.3860850364665362E-011  0.45573527741042930       -2.6553724873564637E-010 -0.22786763896925022        6.6812528069388872E-009   9.2791056872669033E-009   6.8471779248085297E-010  -7.5815108849935417E-010 -0.72005116366598199       -4.6712589293559783E-010  -1.1962248459121577E-010   1.4401023258267380        6.4108286176030201E-010 -0.72005116216065634        1.7602796173524909E-010  -2.2228056422611906E-009  -3.1876210272167478E-009  -3.6486158569169902E-010  -6.0345154628261651E-011
   1.7041322926819868E-009  -1.0479459744307585E-009  -5.8683898267731971E-009   4.0094180050069248E-009  -4.6080939340070013E-009   1.3784098785644314E-011  -5.4525906675147157E-012  -1.3747163059285874E-010  -8.5645407526398498E-011   3.0417363102173415E-002   7.1861927059925273E-011  -1.4936122667671078E-009  -3.6543687443522561E-009   4.8732364924378835E-009   1.9687028039825492E-010   1.4667906396940965E-010  -2.1824497349493461E-010  -3.9973514648846601E-010  0.45573527897569821        2.0286551735341083E-010   9.5018248121693075E-010   2.6885898585668495E-009  -3.1348162218954615E-009   2.3324132928256818E-009  -3.0348106579808640E-010  -1.8414835400538381E-010   5.2575428603218888E-010   6.4108286176030201E-010   1.4401023223437817       -3.3760016022052593E-010  -5.1758285305935930E-010  -3.1517012774988522E-010  -6.6640998180548256E-010   9.6533236114525636E-010   1.8221958609184339E-010
   1.0930545095386184E-009   3.0853117648350518E-009   1.5584483339452420E-009  -8.1780354040923555E-009  -3.7751119677255698E-009  -1.5208681675525455E-002  -5.5965080946914449E-011  -9.8628774192480938E-011  -1.5208681369603849E-002   1.6325574572691433E-010   3.0417363045177410E-002   1.0277680774739061E-008   5.2097072573332152E-009  -3.5922651879893563E-009 -0.22786763934621351       -1.2587962943582838E-010  -5.6675277477193799E-011 -0.22786763900205101        1.0249698165121796E-010  0.45573527834832506       -6.3417794807400844E-009  -3.1911583486409351E-009   2.8291640335757530E-009   2.0570846513366510E-009 -0.72005116129625935        2.8199489442112449E-010   1.5774531617918602E-010 -0.72005116216065634       -3.3760016022052593E-010   1.4401023234571348       -4.6216344390432341E-010   2.1235046769132392E-009   1.1095504114241318E-009  -6.7193185160107688E-010   1.6049481092705247E-010
   8.7817559572309106E-002   1.2126536429245798E-009  -3.9331935086514407E-009  -3.8891233491463841E-009  0.18874776017343683       -7.5047812139012301E-010  -5.6682130390002787E-010  -6.2463440493488509E-010  -5.1038593848975436E-014   1.0923479864695421E-009   7.5054357915431991E-010  -4.0342430837887626E-009   4.0171745485829477E-009  -1.8020077003830065E-008  -4.1002619563683618E-011   4.2328680861467926E-011  -6.7981048224026971E-011  -2.0311445716351085E-010   1.3910215705841758E-010   2.4411797106689495E-010   1.6588954624310137E-009  -1.3363931940884499E-009   9.0068361303020775E-009  -1.2328485714596209        2.8585830623206332E-010   1.1972360839506225E-010   2.7538398803469111E-010   1.7602796173524909E-010  -5.1758285305935930E-010  -4.6216344390432341E-010   2.7444335117523746       -5.2135505286455130E-010   4.1766816959425093E-010  -2.8903807214845994E-009 -0.84343501091656214     
   3.7125879659024266E-010   9.3586454683416448E-002   2.3661023233062502E-010   1.7160510307554776E-010  -4.7203279006867689E-009  -1.0296672769529352E-009  -6.9881119164564989E-009   2.2420072568360193E-009   5.0131748024617402E-009   8.4407958878767197E-010  -3.9835062070544652E-009   4.5901481009315320E-002   1.2337870895820225E-009   3.2017464327032378E-010   7.5033276239719089E-011  -4.2727361600672842E-010  -4.1453640813844092E-010   5.1725402754952728E-010   5.6917160680363005E-011  -5.9228615924811535E-010 -0.93650531325009134       -6.1732031151531344E-010  -1.6763726031131105E-010   2.6115030592720322E-009   9.9301692104844448E-011   2.7096549360114556E-009   1.2065432841342617E-010  -2.2228056422611906E-009  -3.1517012774988522E-010   2.1235046769132392E-009  -5.2135505286455130E-010   2.3579056202243036        1.9861521052408628E-010   5.3811119924439494E-011   1.9101342482254820E-010
  -3.3377829643574365E-009  -6.7823193563540063E-010   9.3586455237245667E-002  -5.4220743562144113E-010   5.4200844830179617E-009  -3.7301147738019554E-009   6.4482183844672275E-009   1.0085544378293519E-009   5.7043446231519309E-009   3.3976429588786262E-009  -1.9742262428069695E-009   1.5506735212510329E-009   4.5901477586082456E-002  -4.1113639804002400E-010  -6.2838196492999955E-010   8.8544347540976673E-010   6.3837183184762724E-011   9.7126802705040671E-010  -1.6541559627525014E-010  -3.4288506869101274E-010  -6.2750600325880438E-010 -0.93650531171762186        2.5509815048358897E-010  -2.1347510094802031E-009   2.0780715113635059E-009  -3.3512069621311210E-009  -3.7075809166667096E-010  -3.1876210272167478E-009  -6.6640998180548256E-010   1.1095504114241318E-009   4.1766816959425093E-010   1.9861521052408628E-010   2.3579056197349875       -8.2570487903663860E-011  -1.5589994378486484E-010
   2.5779349129804716E-008  -2.5790624909914338E-010   6.5662160239017141E-010   9.3586454573081471E-002  -4.0255853567505519E-008  -3.7503819709962145E-009   3.0688489957331319E-010  -6.5117192390580992E-009  -6.0530981652618903E-010  -3.1756081563506988E-009   4.3556932574335439E-009   4.6425772861956178E-010  -8.1259919143365225E-010   4.5901481387303843E-002  -2.1484173611638036E-012   4.6357415354844349E-011  -5.1199545374257722E-010   2.7797719609960331E-010  -3.2621140991847908E-011  -2.7582829621205340E-010  -1.7203392075868958E-010   2.6730404208883448E-010 -0.93650531342535781        1.5278417761342889E-008   1.0367933302515209E-009  -1.3717081959749188E-010   2.5726718241266496E-009  -3.6486158569169902E-010   9.6533236114525636E-010  -6.7193185160107688E-010  -2.8903807214845994E-009   5.3811119924439494E-011  -8.2570487903663860E-011   2.3579056202812470        1.0945842515089206E-009
  -3.2969547408045162E-002  -4.1501142919998763E-010   1.3511819226383242E-009   1.8210716950234638E-009  -6.5908485075428930E-002   2.6974410200866368E-010   2.0180924054968925E-010   2.2527889914005495E-010   5.6789550651238289E-012  -3.9414197776848459E-010  -2.7543029741653130E-010   1.4690548937577284E-009  -1.4545502345537849E-009   6.6913184676218562E-009   6.2851821267536941E-012  -1.7446722040518709E-011   1.5963301044067897E-011   6.3914110663006919E-011  -3.4058244884271866E-011  -7.0190073703092834E-011  -6.0754210616192915E-010   4.9699378894429129E-010  -3.4055546469054788E-009  0.33169925003638961       -1.0011824780869015E-010  -4.1290932808102876E-011  -9.6647849989437159E-011  -6.0345154628261651E-011   1.8221958609184339E-010   1.6049481092705247E-010 -0.84343501091656214        1.9101342482254820E-010  -1.5589994378486484E-010   1.0945842515089206E-009   2.2606633333338957     
