  0.25056880872671150       -4.2440345410849924E-016   2.3614951396471792E-016  -1.8210472987004821E-016  0.54748371639983573       -2.7092805962115275E-015   6.2919207473246190E-018   4.3858075147036905E-018  -2.7275093965232393E-015  -1.4713165124690866E-018  -3.6524959745307035E-015   6.7760798556589913E-017  -1.3825565112374377E-016   1.9873428192447856E-016  0.34171767550076426        1.8849507444771507E-018  -1.7283473826033454E-016   3.2280323155404032E-017   6.1952210396683562E-002
  -4.2440345410849924E-016  0.38833908384248278       -9.3510802178667549E-017  -5.1330539883564490E-017  -7.5423012357893414E-016  -9.9823246098257999E-019   1.2988389195275542E-017   1.0564627322844525E-017  -3.4057144125632743E-017  -1.1393731072369440E-017  -7.8377206935033733E-017  0.17536951365201806       -1.2122951159516529E-016  -4.7163081259065409E-017  -1.1519329323822193E-015 -0.11382776716600541       -4.8700138126562356E-016   1.8896366258393588E-016  -2.0315887822624459E-016
   2.3614951396471792E-016  -9.3510802178667549E-017  0.38833908384248633       -2.4998814208372055E-016   5.3516264464488955E-016   3.3726602870684286E-018  -6.0433304929654752E-018  -9.6902787478392984E-018   7.6117368298414761E-018  -1.9557874970476237E-019  -7.5111958752631160E-018  -6.1240075113624551E-017  0.17536951365201778       -2.1671169293374355E-016   7.5199495411758928E-017  -4.3006209719226537E-017 -0.11382776716600614       -1.7825004134829868E-016   3.4964891591685499E-016
  -1.8210472987004821E-016  -5.1330539883564490E-017  -2.4998814208372055E-016  0.38833908384248345       -4.9481424886733189E-016   8.3333539269080851E-018   2.1986489338304685E-017   1.3818630340063540E-017   1.7412863868711845E-017  -3.4515656613411204E-018   6.9154932756913482E-018   3.0535153936713315E-017  -1.3311140977861136E-016  0.17536951365201825       -9.1657165706189441E-017   1.1248826944293744E-016   2.8144699022291517E-018 -0.11382776716600761        1.0220109055935001E-015
  0.54748371639983573       -7.5423012357893414E-016   5.3516264464488955E-016  -4.9481424886733189E-016   1.1999338334072449       -6.2627130146812692E-015   1.4249816278022653E-017   9.5481879928559842E-018  -6.2847841155087510E-015  -3.0168481296769150E-018  -8.3402788956017180E-015   1.9110398651129470E-016  -2.9073340325065102E-016   4.0313584662163093E-016  0.66452407983786355        2.5972457963262617E-016   1.3110464873913115E-016  -2.5293861275991712E-016   8.3425390072115038E-002
  -2.7092805962115275E-015  -9.9823246098257999E-019   3.3726602870684286E-018   8.3333539269080851E-018  -6.2627130146812692E-015   6.4129353991536421E-029  -2.2933332449861792E-032   1.7000617264958443E-031   6.2198292995918539E-029  -9.3372347181973732E-032   7.5664957729821450E-029  -3.0865282740690148E-017  -1.1489274005715175E-018   1.0990252826862075E-018   4.7549711004376827E-015  -7.3535863513070669E-016  -6.5617211570146790E-017  -6.6883570533333845E-017   2.1614393818188395E-015
   6.2919207473246190E-018   1.2988389195275542E-017  -6.0433304929654752E-018   2.1986489338304685E-017   1.4249816278022653E-017  -2.2933332449861792E-032   3.6020840551289266E-031   4.5960300038386277E-032  -1.7639426207238997E-031   2.4320678919342948E-031  -9.7921130608830154E-032  -5.5669752692236681E-018  -1.7691899088616782E-017   3.8848660180253965E-017  -3.2234910244585750E-018  -2.8032813684258166E-016  -3.6014167605554097E-016   6.9305405245308846E-016  -3.9243564275181575E-018
   4.3858075147036905E-018   1.0564627322844525E-017  -9.6902787478392984E-018   1.3818630340063540E-017   9.5481879928559842E-018   1.7000617264958443E-031   4.5960300038386277E-032   1.6071350526577622E-031  -1.0580281920263568E-031  -8.8328941214696144E-032  -1.1556804582669304E-031  -1.7607121450243902E-017  -6.7240774420702565E-018   1.3032139507672605E-018   7.8061127034237061E-018  -5.4436471858195071E-016  -5.3953341208552875E-017  -1.2346719941806934E-016  -9.2038324388968452E-019
  -2.7275093965232393E-015  -3.4057144125632743E-017   7.6117368298414761E-018   1.7412863868711845E-017  -6.2847841155087510E-015   6.2198292995918539E-029  -1.7639426207238997E-031  -1.0580281920263568E-031   6.1190114990246429E-029  -1.1988465224851719E-032   7.3762716762332486E-029  -1.2217098610898754E-017   3.8200048367389747E-017   2.0037735803988597E-017   4.2955313573843616E-015   8.6481009359428421E-017   8.3859188045845188E-016   2.8936182573775066E-016   2.0036438188863821E-015
  -1.4713165124690866E-018  -1.1393731072369440E-017  -1.9557874970476237E-019  -3.4515656613411204E-018  -3.0168481296769150E-018  -9.3372347181973732E-032   2.4320678919342948E-031  -8.8328941214696144E-032  -1.1988465224851719E-032   2.5735760236959962E-031   9.6220162987296280E-032   3.3508661210047309E-018  -1.0885089714048346E-017   2.4240709816308329E-017  -6.7539141659982670E-018   2.0884038055703223E-016  -2.6108976094603016E-016   6.2503522585644594E-016  -2.2992171881228689E-018
  -3.6524959745307035E-015  -7.8377206935033733E-017  -7.5111958752631160E-018   6.9154932756913482E-018  -8.3402788956017180E-015   7.5664957729821450E-029  -9.7921130608830154E-032  -1.1556804582669304E-031   7.3762716762332486E-029   9.6220162987296280E-032   9.1805933731263575E-029  -2.1298199386562097E-017  -4.0141861047710588E-017  -4.9126443732464501E-018   3.8893861323858449E-015   3.6392216112482721E-016  -8.8668717903529976E-016  -1.9638835017139938E-016   2.0422782310674440E-015
   6.7760798556589913E-017  0.17536951365201806       -6.1240075113624551E-017   3.0535153936713315E-017   1.9110398651129470E-016  -3.0865282740690148E-017  -5.5669752692236681E-018  -1.7607121450243902E-017  -1.2217098610898754E-017   3.3508661210047309E-018  -2.1298199386562097E-017   8.2519601571504606E-002   3.0267222415955010E-017   1.1891663188440587E-017   1.0094857946017451E-015   2.9013505719624411E-002   8.4880098735953585E-016  -1.0423559214479844E-016   3.3667442226768017E-016
  -1.3825565112374377E-016  -1.2122951159516529E-016  0.17536951365201778       -1.3311140977861136E-016  -2.9073340325065102E-016  -1.1489274005715175E-018  -1.7691899088616782E-017  -6.7240774420702565E-018   3.8200048367389747E-017  -1.0885089714048346E-017  -4.0141861047710588E-017   3.0267222415955010E-017   8.2519601571503745E-002  -6.9437496195390483E-017   3.8101569444595746E-016   1.1541710467491308E-015   2.9013505719625743E-002   1.6853521092381718E-016  -2.7262409920741851E-016
   1.9873428192447856E-016  -4.7163081259065409E-017  -2.1671169293374355E-016  0.17536951365201825        4.0313584662163093E-016   1.0990252826862075E-018   3.8848660180253965E-017   1.3032139507672605E-018   2.0037735803988597E-017   2.4240709816308329E-017  -4.9126443732464501E-018   1.1891663188440587E-017  -6.9437496195390483E-017   8.2519601571504786E-002   1.8130089392835154E-016   4.3118889806337883E-016   6.6847312566369345E-016   2.9013505719624993E-002  -8.8690145544419013E-016
  0.34171767550076426       -1.1519329323822193E-015   7.5199495411758928E-017  -9.1657165706189441E-017  0.66452407983786355        4.7549711004376827E-015  -3.2234910244585750E-018   7.8061127034237061E-018   4.2955313573843616E-015  -6.7539141659982670E-018   3.8893861323858449E-015   1.0094857946017451E-015   3.8101569444595746E-016   1.8130089392835154E-016   2.5430219795222335       -1.4600905204425346E-016  -2.7969920404963983E-016  -1.5364665057531101E-016  0.63433668029304979     
   1.8849507444771507E-018 -0.11382776716600541       -4.3006209719226537E-017   1.1248826944293744E-016   2.5972457963262617E-016  -7.3535863513070669E-016  -2.8032813684258166E-016  -5.4436471858195071E-016   8.6481009359428421E-017   2.0884038055703223E-016   3.6392216112482721E-016   2.9013505719624411E-002   1.1541710467491308E-015   4.3118889806337883E-016  -1.4600905204425346E-016   1.9784484966108840       -1.0540037538499951E-015  -4.8422840715454881E-016  -3.6055687771670905E-018
  -1.7283473826033454E-016  -4.8700138126562356E-016 -0.11382776716600614        2.8144699022291517E-018   1.3110464873913115E-016  -6.5617211570146790E-017  -3.6014167605554097E-016  -5.3953341208552875E-017   8.3859188045845188E-016  -2.6108976094603016E-016  -8.8668717903529976E-016   8.4880098735953585E-016   2.9013505719625743E-002   6.6847312566369345E-016  -2.7969920404963983E-016  -1.0540037538499951E-015   1.9784484966108888       -6.1805193879045939E-016   2.2759719611670346E-016
   3.2280323155404032E-017   1.8896366258393588E-016  -1.7825004134829868E-016 -0.11382776716600761       -2.5293861275991712E-016  -6.6883570533333845E-017   6.9305405245308846E-016  -1.2346719941806934E-016   2.8936182573775066E-016   6.2503522585644594E-016  -1.9638835017139938E-016  -1.0423559214479844E-016   1.6853521092381718E-016   2.9013505719624993E-002  -1.5364665057531101E-016  -4.8422840715454881E-016  -6.1805193879045939E-016   1.9784484966108840        2.8481576444487620E-016
   6.1952210396683562E-002  -2.0315887822624459E-016   3.4964891591685499E-016   1.0220109055935001E-015   8.3425390072115038E-002   2.1614393818188395E-015  -3.9243564275181575E-018  -9.2038324388968452E-019   2.0036438188863821E-015  -2.2992171881228689E-018   2.0422782310674440E-015   3.3667442226768017E-016  -2.7262409920741851E-016  -8.8690145544419013E-016  0.63433668029304979       -3.6055687771670905E-018   2.2759719611670346E-016   2.8481576444487620E-016   2.1639723806564524     
