  0.76555384960588779       -5.0723799581816531E-016   3.5213011663628383E-016   3.0857758218860620E-016  -1.3217777467413547E-008  -4.9104414525353215E-010   8.5755275459159236E-010  -1.5229976273645068E-008   2.8309082951321715E-009   2.8447744778452467E-008  0.69578065101614117        3.6043682089796976E-016  -4.6359369804664090E-016  -9.0900133419822991E-017   6.8058158449619108E-008  -1.0617090440475109E-008  -2.6389675673944040E-009   2.6225929788173442E-008  -7.6044662378638926E-009  -9.4284086009604751E-008  -4.5698114212218001E-015   4.0151104281500789E-016  -1.1682326266175835E-015 -0.56964211114011476      -0.15896816231703634     
  -5.0723799581816531E-016   1.2417621941207530E-007   8.8294826776176676E-014  -1.7892572531299162E-014   2.1277307589302562E-019   2.0956242856411682E-020  -1.8631503745609596E-020   2.1216280047588120E-019   1.8391354671634939E-020   3.3595024982764969E-019  -4.4324452620498568E-016   2.0982289376055192E-005   6.6772437166791714E-012  -1.6645611728157757E-012  -1.9323412937919182E-019   1.0259103513741619E-020   1.6842597449408530E-020  -1.3742199295601199E-019  -1.6390317935394348E-019  -1.3392770194874384E-019   4.8631164662330624E-004   1.7334437163165715E-010  -3.4945525850261835E-011   5.9726964697899771E-016   2.4523625240365810E-016
   3.5213011663628383E-016   8.8294826776176676E-014   1.2417662475550871E-007  -6.6189633494221915E-014  -1.0048120269482865E-019  -1.7513558766015459E-019  -1.8914238311075495E-019  -1.8927666486903783E-019  -2.3673877471800791E-019   2.3666603079779438E-019   3.6674240389848885E-016   6.6771904307364321E-012   2.0982320058213026E-005  -6.0172772523329910E-012   1.9823196527766081E-019   1.7566419529183463E-021   1.6033650153819535E-019   2.0125529707351730E-019   6.5137781116080091E-020  -1.3956097002826125E-019   1.7334313930338041E-010   4.8631244239223773E-004  -1.2935262985785243E-010   3.8709222730986602E-016   3.3894874331184456E-016
   3.0857758218860620E-016  -1.7892572531299162E-014  -6.6189633494221915E-014   1.2417546918362673E-007  -7.5780559102747213E-020   5.2689070808370623E-020   9.2287317613165061E-020   2.5246795004399860E-020  -1.3917504939748366E-019   1.3553844890637309E-019   2.5872990476411484E-016  -1.6644837566854958E-012  -6.0172463700697709E-012   2.0982214590418223E-005  -4.6138499562033584E-020   1.0306350175908464E-019  -5.9560069688055154E-020   7.5689457244469883E-020  -1.5027632051143645E-019  -3.9975484538553042E-020  -3.4943731690957097E-011  -1.2935192704688238E-010   4.8631018433894910E-004  -5.3887171430192693E-016  -2.6030488887416081E-016
  -1.3217777467413547E-008   2.1277307589302562E-019  -1.0048120269482865E-019  -7.5780559102747213E-020   2.2950118871156518E-016   8.1980138218779593E-018  -1.4845417545385059E-017   2.6313675741682775E-016  -4.8979288985519201E-017  -4.9263780523816406E-016  -1.1940424253025728E-008   3.5951139320020298E-017  -1.6977589333051644E-017  -1.2803848565951449E-017  -1.1778457095940070E-015   1.8376739201657063E-016   4.5668054106560023E-017  -4.5378603921535215E-016   1.3159410103682623E-016   1.6316317174580820E-015   8.3324854131348905E-016  -3.9349396015631667E-016  -2.9675811743548174E-016   1.0846707996522014E-008   3.3867740308162257E-009
  -4.9104414525353215E-010   2.0956242856411682E-020  -1.7513558766015459E-019   5.2689070808370623E-020   8.1980138218779593E-018   3.7592374272418340E-019  -5.4152152848190519E-019   9.7293830333360699E-018  -1.7936531462129007E-018  -1.7927388092062618E-017  -4.6210127009471053E-010   3.5409830705135867E-018  -2.9592866609402753E-017   8.9030053712514221E-018  -4.3049698136803926E-017   6.7107265152103863E-018   1.6699407261253287E-018  -1.6609024143017076E-017   4.8128220479726981E-018   5.9658719301595323E-017   8.2070213940901917E-017  -6.8588122002326952E-016   2.0634723285873171E-016   1.4532206889686270E-010  -3.7728956833671887E-011
   8.5755275459159236E-010  -1.8631503745609596E-020  -1.8914238311075495E-019   9.2287317613165061E-020  -1.4845417545385059E-017  -5.4152152848190519E-019   9.6180189858995689E-019  -1.7065734772978740E-017   3.1742087351123424E-018   3.1911142700648110E-017   7.7718139338733458E-010  -3.1480888160043848E-018  -3.1959744495811714E-017   1.5593931669803084E-017   7.6321516832011554E-017  -1.1906881677753245E-017  -2.9592855041630169E-018   2.9407380948082658E-017  -8.5273971290674368E-018  -1.0572889550097394E-016  -7.2964063522924233E-017  -7.4073891764322714E-016   3.6142455052555874E-016  -6.6890228338911661E-010  -1.9762671775591588E-010
  -1.5229976273645068E-008   2.1216280047588120E-019  -1.8927666486903783E-019   2.5246795004399860E-020   2.6313675741682775E-016   9.7293830333360699E-018  -1.7065734772978740E-017   3.0301167285242599E-016  -5.6332618017084338E-017  -5.6614825391890464E-016  -1.3831663326368802E-008   3.5847841383107878E-017  -3.1981216328711445E-017   4.2670519773930712E-018  -1.3543447224943758E-015   2.1128139210611157E-016   5.2514523904664341E-017  -5.2187818143884348E-016   1.5132573647292917E-016   1.8762228606087662E-015   8.3085440607531156E-016  -7.4123677899344946E-016   9.8898532219949320E-017   1.1475022839541494E-008   3.2529993256318064E-009
   2.8309082951321715E-009   1.8391354671634939E-020  -2.3673877471800791E-019  -1.3917504939748366E-019  -4.8979288985519201E-017  -1.7936531462129007E-018   3.1742087351123424E-018  -5.6332618017084338E-017   1.0476346985575881E-017   1.0531187495587685E-016   2.5671496292989735E-009   3.1079580011681259E-018  -4.0002341665979027E-017  -2.3516936232546854E-017   2.5188900265312280E-016  -3.9296581170378233E-017  -9.7667947765322736E-018   9.7057114685072572E-017  -2.8143801788626935E-017  -3.4894610966174210E-016   7.2033814783994390E-017  -9.2714417450859917E-016  -5.4505809443672518E-016  -2.1864463007953450E-009  -6.3862040993461580E-010
   2.8447744778452467E-008   3.3595024982764969E-019   2.3666603079779438E-019   1.3553844890637309E-019  -4.9263780523816406E-016  -1.7927388092062618E-017   3.1911142700648110E-017  -5.6614825391890464E-016   1.0531187495587685E-016   1.0587857419167495E-015   2.5772078651772996E-008   5.6769383760794239E-017   3.9987747336530458E-017   2.2900239779874598E-017   2.5321896651954205E-015  -3.9504866473629206E-016  -9.8182548241143877E-017   9.7566392414610387E-016  -2.8291975168899228E-016  -3.5078535146658998E-015   1.3157574382444989E-015   9.2680641341713819E-016   5.3076482038860323E-016  -2.2321735049106875E-008  -6.6397784033199422E-009
  0.69578065101614117       -4.4324452620498568E-016   3.6674240389848885E-016   2.5872990476411484E-016  -1.1940424253025728E-008  -4.6210127009471053E-010   7.7718139338733458E-010  -1.3831663326368802E-008   2.5671496292989735E-009   2.5772078651772996E-008  0.63646786793352739        6.5713126344468989E-016  -4.3750626356746638E-016   1.6986561488234973E-017   6.1698510574119777E-008  -9.6236770307804761E-009  -2.3925476431978428E-009   2.3780453792536612E-008  -6.8945651093239950E-009  -8.5478961939754704E-008   3.3110021506813147E-015   5.8430908922105990E-016   8.0538922863703423E-016 -0.46064401495346552      -0.10824475662773175     
   3.6043682089796976E-016   2.0982289376055192E-005   6.6771904307364321E-012  -1.6644837566854958E-012   3.5951139320020298E-017   3.5409830705135867E-018  -3.1480888160043848E-018   3.5847841383107878E-017   3.1079580011681259E-018   5.6769383760794239E-017   6.5713126344468989E-016   3.5454169046619916E-003  -2.6442302089485434E-010  -5.1655034408647458E-011  -3.2643394231270613E-017   1.7322905906066223E-018   2.8456135405698726E-018  -2.3217480679945316E-017  -2.7695900406949260E-017  -2.2640745151207279E-017   8.2172993707725253E-002  -2.9883846101974696E-009  -5.8310510262445689E-010  -3.0987991032116375E-016  -4.1579897941857167E-017
  -4.6359369804664090E-016   6.6772437166791714E-012   2.0982320058213026E-005  -6.0172463700697709E-012  -1.6977589333051644E-017  -2.9592866609402753E-017  -3.1959744495811714E-017  -3.1981216328711445E-017  -4.0002341665979027E-017   3.9987747336530458E-017  -4.3750626356746638E-016  -2.6442302089485434E-010   3.5454157003558971E-003  -1.4368249973989888E-010   3.3490550098964384E-017   2.9760809654216408E-019   2.7092503172386445E-017   3.4004489392578782E-017   1.1007001391024995E-017  -2.3574853683875976E-017  -2.9883841551341008E-009   8.2172980097163104E-002  -1.6216352857850376E-009  -3.8110550532786965E-017  -1.4494462717070513E-016
  -9.0900133419822991E-017  -1.6645611728157757E-012  -6.0172772523329910E-012   2.0982214590418223E-005  -1.2803848565951449E-017   8.9030053712514221E-018   1.5593931669803084E-017   4.2670519773930712E-018  -2.3516936232546854E-017   2.2900239779874598E-017   1.6986561488234973E-017  -5.1655034408647458E-011  -1.4368249973989888E-010   3.5454130514888998E-003  -7.8009098135424664E-018   1.7415625153423709E-017  -1.0063809611109867E-017   1.2787588419571213E-017  -2.5392000244173680E-017  -6.7481291498835936E-018  -5.8310512530376405E-010  -1.6216374748311520E-009   8.2172950200149780E-002   2.8557615967179215E-016   1.7282240069752075E-016
   6.8058158449619108E-008  -1.9323412937919182E-019   1.9823196527766081E-019  -4.6138499562033584E-020  -1.1778457095940070E-015  -4.3049698136803926E-017   7.6321516832011554E-017  -1.3543447224943758E-015   2.5188900265312280E-016   2.5321896651954205E-015   6.1698510574119777E-008  -3.2643394231270613E-017   3.3490550098964384E-017  -7.8009098135424664E-018   6.0564004480014204E-015  -9.4484999584813252E-016  -2.3483128719142491E-016   2.3336105413789643E-015  -6.7668433737182755E-016  -8.3900108066520466E-015  -7.5658503651812104E-016   7.7621973166986527E-016  -1.8080358240239882E-016  -5.2823433979822890E-008  -1.5517460079681925E-008
  -1.0617090440475109E-008   1.0259103513741619E-020   1.7566419529183463E-021   1.0306350175908464E-019   1.8376739201657063E-016   6.7107265152103863E-018  -1.1906881677753245E-017   2.1128139210611157E-016  -3.9296581170378233E-017  -3.9504866473629206E-016  -9.6236770307804761E-009   1.7322905906066223E-018   2.9760809654216408E-019   1.7415625153423709E-017  -9.4484999584813252E-016   1.4740505374895374E-016   3.6635622466350758E-017  -3.6406144677936963E-016   1.0556829307277257E-016   1.3089114142498484E-015   4.0149903621604711E-017   6.8975958321360969E-018   4.0364640825944637E-016   8.2586557517802531E-009   2.4322725525056818E-009
  -2.6389675673944040E-009   1.6842597449408530E-020   1.6033650153819535E-019  -5.9560069688055154E-020   4.5668054106560023E-017   1.6699407261253287E-018  -2.9592855041630169E-018   5.2514523904664341E-017  -9.7667947765322736E-018  -9.8182548241143877E-017  -2.3925476431978428E-009   2.8456135405698726E-018   2.7092503172386445E-017  -1.0063809611109867E-017  -2.3483128719142491E-016   3.6635622466350758E-017   9.1053720639907595E-018  -9.0483798666868814E-017   2.6237834810784046E-017   3.2531507875566913E-016   6.5953546736439251E-017   6.2792963383410785E-016  -2.3325149416291787E-016   2.0457806054017344E-009   6.0013218188516278E-010
   2.6225929788173442E-008  -1.3742199295601199E-019   2.0125529707351730E-019   7.5689457244469883E-020  -4.5378603921535215E-016  -1.6609024143017076E-017   2.9407380948082658E-017  -5.2187818143884348E-016   9.7057114685072572E-017   9.7566392414610387E-016   2.3780453792536612E-008  -2.3217480679945316E-017   3.4004489392578782E-017   1.2787588419571213E-017   2.3336105413789643E-015  -3.6406144677936963E-016  -9.0483798666868814E-017   8.9917731050555891E-016  -2.6073622779949436E-016  -3.2327877809626511E-015  -5.3811762957105944E-016   7.8813085421001802E-016   2.9638127632177048E-016  -2.0283085714296556E-008  -5.9337523429740975E-009
  -7.6044662378638926E-009  -1.6390317935394348E-019   6.5137781116080091E-020  -1.5027632051143645E-019   1.3159410103682623E-016   4.8128220479726981E-018  -8.5273971290674368E-018   1.5132573647292917E-016  -2.8143801788626935E-017  -2.8291975168899228E-016  -6.8945651093239950E-009  -2.7695900406949260E-017   1.1007001391024995E-017  -2.5392000244173680E-017  -6.7668433737182755E-016   1.0556829307277257E-016   2.6237834810784046E-017  -2.6073622779949436E-016   7.5606361379826980E-017   9.3742054468631228E-016  -6.4191451653772054E-016   2.5511185948704199E-016  -5.8851693129148354E-016   5.8925719599904222E-009   1.7277179263145447E-009
  -9.4284086009604751E-008  -1.3392770194874384E-019  -1.3956097002826125E-019  -3.9975484538553042E-020   1.6316317174580820E-015   5.9658719301595323E-017  -1.0572889550097394E-016   1.8762228606087662E-015  -3.4894610966174210E-016  -3.5078535146658998E-015  -8.5478961939754704E-008  -2.2640745151207279E-017  -2.3574853683875976E-017  -6.7481291498835936E-018  -8.3900108066520466E-015   1.3089114142498484E-015   3.2531507875566913E-016  -3.2327877809626511E-015   9.3742054468631228E-016   1.1622798333964535E-014  -5.2474852062926918E-016  -5.4640160338004728E-016  -1.5640327866464036E-016   7.3106523628249801E-008   2.1451215509863287E-008
  -4.5698114212218001E-015   4.8631164662330624E-004   1.7334313930338041E-010  -3.4943731690957097E-011   8.3324854131348905E-016   8.2070213940901917E-017  -7.2964063522924233E-017   8.3085440607531156E-016   7.2033814783994390E-017   1.3157574382444989E-015   3.3110021506813147E-015   8.2172993707725253E-002  -2.9883841551341008E-009  -5.8310512530376405E-010  -7.5658503651812104E-016   4.0149903621604711E-017   6.5953546736439251E-017  -5.3811762957105944E-016  -6.4191451653772054E-016  -5.2474852062926918E-016   1.9045435491693228        3.5189719141555907E-009   7.1876182771172994E-010   1.7771264559496296E-017   1.8590955784231106E-016
   4.0151104281500789E-016   1.7334437163165715E-010   4.8631244239223773E-004  -1.2935192704688238E-010  -3.9349396015631667E-016  -6.8588122002326952E-016  -7.4073891764322714E-016  -7.4123677899344946E-016  -9.2714417450859917E-016   9.2680641341713819E-016   5.8430908922105990E-016  -2.9883846101974696E-009   8.2172980097163104E-002  -1.6216374748311520E-009   7.7621973166986527E-016   6.8975958321360969E-018   6.2792963383410785E-016   7.8813085421001802E-016   2.5511185948704199E-016  -5.4640160338004728E-016   3.5189719141555907E-009   1.9045435651934852        2.0139381802313470E-009  -9.0928560206537850E-016  -4.2546453927267196E-016
  -1.1682326266175835E-015  -3.4945525850261835E-011  -1.2935262985785243E-010   4.8631018433894910E-004  -2.9675811743548174E-016   2.0634723285873171E-016   3.6142455052555874E-016   9.8898532219949320E-017  -5.4505809443672518E-016   5.3076482038860323E-016   8.0538922863703423E-016  -5.8310510262445689E-010  -1.6216352857850376E-009   8.2172950200149780E-002  -1.8080358240239882E-016   4.0364640825944637E-016  -2.3325149416291787E-016   2.9638127632177048E-016  -5.8851693129148354E-016  -1.5640327866464036E-016   7.1876182771172994E-010   2.0139381802313470E-009   1.9045436022639519       -2.2221624026449513E-016  -8.8759082228494443E-017
 -0.56964211114011476        5.9726964697899771E-016   3.8709222730986602E-016  -5.3887171430192693E-016   1.0846707996522014E-008   1.4532206889686270E-010  -6.6890228338911661E-010   1.1475022839541494E-008  -2.1864463007953450E-009  -2.2321735049106875E-008 -0.46064401495346552       -3.0987991032116375E-016  -3.8110550532786965E-017   2.8557615967179215E-016  -5.2823433979822890E-008   8.2586557517802531E-009   2.0457806054017344E-009  -2.0283085714296556E-008   5.8925719599904222E-009   7.3106523628249801E-008   1.7771264559496296E-017  -9.0928560206537850E-016  -2.2221624026449513E-016   1.2183051644880336       0.62260037640444699     
 -0.15896816231703634        2.4523625240365810E-016   3.3894874331184456E-016  -2.6030488887416081E-016   3.3867740308162257E-009  -3.7728956833671887E-011  -1.9762671775591588E-010   3.2529993256318064E-009  -6.3862040993461580E-010  -6.6397784033199422E-009 -0.10824475662773175       -4.1579897941857167E-017  -1.4494462717070513E-016   1.7282240069752075E-016  -1.5517460079681925E-008   2.4322725525056818E-009   6.0013218188516278E-010  -5.9337523429740975E-009   1.7277179263145447E-009   2.1451215509863287E-008   1.8590955784231106E-016  -4.2546453927267196E-016  -8.8759082228494443E-017  0.62260037640444699       0.35315033382581584     
