  0.46948651765932814       -3.5139623573682897E-017   1.1779119339698391E-015  -5.3977531324202261E-016   8.9781209347619975E-017  -5.9878369555491520E-017  -5.6258600303102824E-017  -6.9467471550628454E-017   5.3123181253880143E-017  -5.7020317652176401E-017   5.6268259447858873E-015  0.44336482408139050       -5.0899278633873473E-016  -3.4406873544366008E-016 -0.13972496944149662       -2.4975779792377627E-016  -1.9084480805740837E-015  -2.9796562583238481E-016  -3.9836102835592004E-016  -1.9564735417825742E-016   7.4551280045434274E-017  -2.7195746408941406E-016   1.2178890755153951E-016  -2.3567782942947709E-015  -1.8807698228816876E-015 -0.17788246251517198       -2.2618942796776108E-016  -1.8869685602880970E-015
  -3.5139623573682897E-017  0.46948651765932792       -1.0025568844552523E-015   3.1995238999664356E-016   2.9443681645293446E-016  -8.6983145720481146E-017   7.6200575587835992E-017   2.0441198830591005E-016  -1.2641645025693803E-016   2.8310304398603364E-016  -6.3883727561127642E-016   1.9334360961377424E-016  0.44336482408139116       -1.1282887941501000E-016   2.8768342765396740E-016 -0.13972496944149360        9.3749995203297143E-016   8.6204597614925488E-016  -5.7376853435644236E-016  -7.6692038366982809E-017   5.1975943401469418E-016  -3.1020719206491967E-016  -9.5325854399842383E-016  -2.3011974883830724E-016   6.5215664099812647E-017   2.8931777399181697E-016 -0.17788246251516876        9.7703149545533421E-016
   1.1779119339698391E-015  -1.0025568844552523E-015  0.46948651765932692        8.3005096035786041E-017  -1.4745482943456738E-016  -3.1489600953170789E-017   6.0994501913893551E-017  -1.3858525372677193E-016  -1.2000020513339018E-016  -6.8801943452706051E-018   3.0627164572539981E-015  -1.3980364338693917E-015  -1.1182206016787902E-015  0.44336482408139233        1.8690160499014934E-016   1.0862028060729643E-015 -0.13972496944149568       -3.6790826603528834E-016  -3.5774445955684640E-016   8.8023918861289941E-017  -4.1920056544537463E-016   1.0174883214017678E-016   8.6928497000220318E-017   1.4566668227314508E-015  -6.4968171983352365E-016   1.2674016346912591E-016   1.1863790488969247E-015 -0.17788246251517048     
  -5.3977531324202261E-016   3.1995238999664356E-016   8.3005096035786041E-017  0.31192158760936439       -1.0448319560221926E-014  -2.2760378398447041E-016  -2.6780836979110979E-018  -1.1891650925806600E-014   1.5871656983097217E-016  -1.1747455062293210E-014  0.66812899564027606       -2.2413869880389072E-015  -3.1738008750258808E-017  -1.0909137827859074E-016   3.9224056128641699E-015  -8.7477898660031220E-016   1.1635498582221167E-015  -1.9020825918854997E-014  -6.3002501483201768E-018  -8.1041188180602274E-016  -1.6639107679056985E-014  -8.6331042655015605E-017  -2.1629673764571342E-014 -0.28982907422038107      -0.28035882347081892        3.9390569630644465E-015  -8.8660484671792109E-016   1.1293950200133375E-015
   8.9781209347619975E-017   2.9443681645293446E-016  -1.4745482943456738E-016  -1.0448319560221926E-014   3.1609846635734544E-003   1.7180157510929765E-017   5.5584019225778466E-017  -1.5804923317865873E-003   1.7512001196854199E-016  -1.5804923317866942E-003  -2.2440283444202905E-014   1.0862690674861762E-016   2.4467608961814742E-016  -1.3517503079311905E-016   1.2561433135868289E-016  -8.5891157148549046E-017  -3.0566227190737091E-016   7.8428153305908743E-002   9.2721308604138218E-017  -3.8618455526807470E-017  -3.9214076652952269E-002   1.8993316237814597E-015  -3.9214076652956217E-002   2.0509034881829914E-014   1.0894290677883318E-014   1.1247306539782598E-016  -1.0541013565408315E-016  -2.8922280281236982E-016
  -5.9878369555491520E-017  -8.6983145720481146E-017  -3.1489600953170789E-017  -2.2760378398447041E-016   1.7180157510929765E-017   3.1609846635736317E-003  -7.3839197204387199E-017   1.1344418141783738E-018   6.1248740657721521E-017  -7.4276319144644070E-018  -5.0560503369306599E-016   1.2138626666909869E-017  -8.2294080845417185E-017  -1.2240835354827053E-018  -1.3536436772146486E-016   2.3088763731912191E-016  -5.1802490134988497E-016   3.5889802414702781E-016   7.8428153305910311E-002  -7.3212996334393901E-016   6.0388366941549321E-016   4.7975776725894091E-016  -9.4310003600008046E-016  -1.5214757028267197E-016   1.6430911750509011E-016  -1.3109155574641025E-016   2.3521530056297489E-016  -5.1603857303984095E-016
  -5.6258600303102824E-017   7.6200575587835992E-017   6.0994501913893551E-017  -2.6780836979110979E-018   5.5584019225778466E-017  -7.3839197204387199E-017   3.1609846635737870E-003  -4.7923615378211448E-017  -1.8596745668949882E-017  -2.7036027744381668E-017   1.1562776854735295E-016  -6.5925092951178150E-017   8.1905989547620174E-017   3.7429288862247650E-017   3.6659528616262122E-016   1.0473665802703894E-016   1.0086981071382633E-016   1.3894148778586258E-015  -9.7925616674923591E-016   7.8428153305912185E-002  -5.1116230787178303E-016  -2.9499383519965023E-016  -9.2746698416733267E-016  -2.6544366904513836E-016  -6.5707285938881401E-017   3.6185732149498664E-016   9.7104454670921769E-017   9.9099912893042688E-017
  -6.9467471550628454E-017   2.0441198830591005E-016  -1.3858525372677193E-016  -1.1891650925806600E-014  -1.5804923317865873E-003   1.1344418141783738E-018  -4.7923615378211448E-017   3.1609846635733919E-003  -8.5285299004428778E-017  -1.5804923317868078E-003  -2.5640477724749966E-014  -6.5349555839074957E-017   1.5231979109775223E-016  -1.0910828588719328E-016  -3.7581967048444421E-017   4.3780425052559924E-016   9.1097987614998357E-016  -3.9214076652952859E-002  -5.5206388776835858E-016  -6.5986788854777718E-016   7.8428153305907883E-002  -9.2254847560087659E-016  -3.9214076652955003E-002   2.0335117110532884E-014   1.1949640328931940E-014  -2.4020501225418844E-017   4.2321490706237629E-016   9.2136984764860212E-016
   5.3123181253880143E-017  -1.2641645025693803E-016  -1.2000020513339018E-016   1.5871656983097217E-016   1.7512001196854199E-016   6.1248740657721521E-017  -1.8596745668949882E-017  -8.5285299004428778E-017   3.1609846635738468E-003  -6.8590875184087409E-017   3.0173542468317767E-016   1.0892643183290210E-016  -1.0232237808699151E-016  -1.2253385408490844E-016  -1.4584952606366413E-016   4.8653016965609832E-017   2.5958771592987537E-016   2.3944384750775981E-015   9.7734727212347994E-016  -1.2788265209629014E-016  -1.1059821424164999E-015   7.8428153305912934E-002  -1.2364275456342681E-015  -1.6660313266072783E-016  -1.3882791282940106E-016  -1.4464243468644394E-016   6.0395356045359032E-017   2.6897973856130150E-016
  -5.7020317652176401E-017   2.8310304398603364E-016  -6.8801943452706051E-018  -1.1747455062293210E-014  -1.5804923317866942E-003  -7.4276319144644070E-018  -2.7036027744381668E-017  -1.5804923317868078E-003  -6.8590875184087409E-017   3.1609846635733329E-003  -2.4438943505601142E-014  -8.1485648268511401E-017   3.3601068751241074E-016  -3.2869990137037182E-017   4.2624034775492231E-016   1.8776491837524105E-016  -4.4275590629900647E-016  -3.9214076652951610E-002   7.2946138604361335E-016   2.1775110079452060E-016  -3.9214076652955697E-002  -4.4969741499384655E-016   7.8428153305907022E-002   2.1419753339596733E-014   1.1799741133297141E-014   4.2974974301502557E-016   1.5977220989950674E-016  -4.4563654604700569E-016
   5.6268259447858873E-015  -6.3883727561127642E-016   3.0627164572539981E-015  0.66812899564027606       -2.2440283444202905E-014  -5.0560503369306599E-016   1.1562776854735295E-016  -2.5640477724749966E-014   3.0173542468317767E-016  -2.4438943505601142E-014   1.4315257160425288        1.6727816746860356E-015  -1.3112828222909804E-015   2.4577535058596690E-015  -5.0781937603424870E-015   9.3515408416297862E-016  -3.4442012239420776E-015  -4.6043506875903665E-014  -3.2162491420476257E-016   1.3757456244242748E-015  -4.2901474143413485E-014  -1.1335521841359151E-015  -3.1989286261999993E-014 -0.59555167978375023      -0.59721534972063017       -5.6184153439814997E-015   1.0357111269144047E-015  -3.7673114862100785E-015
  0.44336482408139050        1.9334360961377424E-016  -1.3980364338693917E-015  -2.2413869880389072E-015   1.0862690674861762E-016   1.2138626666909869E-017  -6.5925092951178150E-017  -6.5349555839074957E-017   1.0892643183290210E-016  -8.1485648268511401E-017   1.6727816746860356E-015  0.41872690593459838       -2.6707421343633845E-016  -2.7366269824600290E-015 -0.13626763823148827       -1.1019343614362826E-016   3.1518676361366580E-015   3.3461127288074608E-016   1.3025370527415851E-015  -4.4264478829236932E-016   6.4368572523411170E-017   1.1821673493191631E-015  -4.9788777412304354E-016  -1.4246900599244412E-015  -3.4987816761109899E-016 -0.17231020735495589       -1.0692054250874017E-016   3.3860312002475699E-015
  -5.0899278633873473E-016  0.44336482408139116       -1.1182206016787902E-015  -3.1738008750258808E-017   2.4467608961814742E-016  -8.2294080845417185E-017   8.1905989547620174E-017   1.5231979109775223E-016  -1.0232237808699151E-016   3.3601068751241074E-016  -1.3112828222909804E-015  -2.6707421343633845E-016  0.41872690593459999       -2.4537013421961660E-016   2.6630215508007088E-016 -0.13626763823149382       -9.9497454540434273E-016  -1.1367372333668461E-017  -5.1143751559783423E-016   1.9776033448379775E-016  -4.3473734969374613E-016   1.3230691616034829E-016   8.5217027139487544E-016   1.6011384836652232E-015   5.6426821000408800E-016   3.0400004040774643E-016 -0.17231020735496133       -9.4691872041532506E-016
  -3.4406873544366008E-016  -1.1282887941501000E-016  0.44336482408139233       -1.0909137827859074E-016  -1.3517503079311905E-016  -1.2240835354827053E-018   3.7429288862247650E-017  -1.0910828588719328E-016  -1.2253385408490844E-016  -3.2869990137037182E-017   2.4577535058596690E-015  -2.7366269824600290E-015  -2.4537013421961660E-016  0.41872690593460310        2.2353027071543197E-015  -5.7524054509601084E-016 -0.13626763823149274       -3.0423230802568734E-016   2.7564883397658212E-016  -3.9856175709498312E-016   3.0065541758881965E-016  -9.1253337241767758E-017  -6.5458565813590950E-016  -2.7171615101557143E-015  -1.0153637096774801E-015   2.2919603527727256E-015  -5.4721900412089205E-016 -0.17231020735496005     
 -0.13972496944149662        2.8768342765396740E-016   1.8690160499014934E-016   3.9224056128641699E-015   1.2561433135868289E-016  -1.3536436772146486E-016   3.6659528616262122E-016  -3.7581967048444421E-017  -1.4584952606366413E-016   4.2624034775492231E-016  -5.0781937603424870E-015 -0.13626763823148827        2.6630215508007088E-016   2.2353027071543197E-015  0.65468753001288071        1.0523068537162910E-017  -1.5276419904093334E-015   3.9266184488744638E-016  -6.8784091199798231E-017   2.7103602744197404E-016   2.8042075090041983E-016  -4.6217170761712411E-016  -2.2573036556228892E-016   1.9564243693591790E-015   1.2621091686512867E-015  0.66719627397047454        1.1396882635918313E-016  -1.8560677219345589E-015
  -2.4975779792377627E-016 -0.13972496944149360        1.0862028060729643E-015  -8.7477898660031220E-016  -8.5891157148549046E-017   2.3088763731912191E-016   1.0473665802703894E-016   4.3780425052559924E-016   4.8653016965609832E-017   1.8776491837524105E-016   9.3515408416297862E-016  -1.1019343614362826E-016 -0.13626763823149382       -5.7524054509601084E-016   1.0523068537162910E-017  0.65468753001288049        2.2277294910804521E-016  -5.9927601889687562E-016   4.0782244100484791E-016  -1.4407308929871809E-016   1.8577826285831182E-016   8.7100605029455008E-017   9.2439089117595175E-017  -9.6278153401616419E-016  -2.7235603178901335E-016   3.4943017887313148E-016  0.66719627397047554        8.8657115121597112E-017
  -1.9084480805740837E-015   9.3749995203297143E-016 -0.13972496944149568        1.1635498582221167E-015  -3.0566227190737091E-016  -5.1802490134988497E-016   1.0086981071382633E-016   9.1097987614998357E-016   2.5958771592987537E-016  -4.4275590629900647E-016  -3.4442012239420776E-015   3.1518676361366580E-015  -9.9497454540434273E-016 -0.13626763823149274       -1.5276419904093334E-015   2.2277294910804521E-016  0.65468753001288682       -3.3778325730400903E-016   3.6702604136659590E-016   2.5760489283339391E-016  -5.2084591444601643E-016  -3.2422887711788736E-016   6.3233004853186749E-016   9.2357674207345079E-016   1.0991357058343391E-015  -2.5669785217446329E-016  -3.8897915280984165E-016  0.66719627397047720     
  -2.9796562583238481E-016   8.6204597614925488E-016  -3.6790826603528834E-016  -1.9020825918854997E-014   7.8428153305908743E-002   3.5889802414702781E-016   1.3894148778586258E-015  -3.9214076652952859E-002   2.3944384750775981E-015  -3.9214076652951610E-002  -4.6043506875903665E-014   3.3461127288074608E-016  -1.1367372333668461E-017  -3.0423230802568734E-016   3.9266184488744638E-016  -5.9927601889687562E-016  -3.3778325730400903E-016   1.9459048004432655        6.2916252069333635E-016  -7.0245289348745908E-016 -0.97295240022162888       -1.2699395571594485E-015 -0.97295240022162999        5.0270238602368638E-014   2.3572291668386224E-014   2.6534020240213081E-016  -5.6061250408133203E-016  -1.8188165671577647E-016
  -3.9836102835592004E-016  -5.7376853435644236E-016  -3.5774445955684640E-016  -6.3002501483201768E-018   9.2721308604138218E-017   7.8428153305910311E-002  -9.7925616674923591E-016  -5.5206388776835858E-016   9.7734727212347994E-016   7.2946138604361335E-016  -3.2162491420476257E-016   1.3025370527415851E-015  -5.1143751559783423E-016   2.7564883397658212E-016  -6.8784091199798231E-017   4.0782244100484791E-016   3.6702604136659590E-016   6.2916252069333635E-016   1.9459048004432336        2.9937396962484430E-015   5.8733942188970821E-016  -1.5520896200216239E-015  -7.2815017904126665E-016  -3.2795797248221176E-016   1.4429582743729866E-016  -4.4347292973470367E-017   3.7730926782457893E-016   4.0697486332050270E-016
  -1.9564735417825742E-016  -7.6692038366982809E-017   8.8023918861289941E-017  -8.1041188180602274E-016  -3.8618455526807470E-017  -7.3212996334393901E-016   7.8428153305912185E-002  -6.5986788854777718E-016  -1.2788265209629014E-016   2.1775110079452060E-016   1.3757456244242748E-015  -4.4264478829236932E-016   1.9776033448379775E-016  -3.9856175709498312E-016   2.7103602744197404E-016  -1.4407308929871809E-016   2.5760489283339391E-016  -7.0245289348745908E-016   2.9937396962484430E-015   1.9459048004432311        4.4707245989029650E-016   9.5610453283928914E-016  -9.6571073349409563E-016   3.1419721014969909E-016  -1.4861567396214832E-016   4.0016162166673131E-017  -1.7980044940836586E-016   3.2451682739393501E-016
   7.4551280045434274E-017   5.1975943401469418E-016  -4.1920056544537463E-016  -1.6639107679056985E-014  -3.9214076652952269E-002   6.0388366941549321E-016  -5.1116230787178303E-016   7.8428153305907883E-002  -1.1059821424164999E-015  -3.9214076652955697E-002  -4.2901474143413485E-014   6.4368572523411170E-017  -4.3473734969374613E-016   3.0065541758881965E-016   2.8042075090041983E-016   1.8577826285831182E-016  -5.2084591444601643E-016 -0.97295240022162888        5.8733942188970821E-016   4.4707245989029650E-016   1.9459048004432609        2.1712368231466083E-015 -0.97295240022163154        5.5923579399539156E-014   2.1380796102467773E-014   4.7404169241859261E-016   1.7114014268393234E-016  -5.5023066764715051E-016
  -2.7195746408941406E-016  -3.1020719206491967E-016   1.0174883214017678E-016  -8.6331042655015605E-017   1.8993316237814597E-015   4.7975776725894091E-016  -2.9499383519965023E-016  -9.2254847560087659E-016   7.8428153305912934E-002  -4.4969741499384655E-016  -1.1335521841359151E-015   1.1821673493191631E-015   1.3230691616034829E-016  -9.1253337241767758E-017  -4.6217170761712411E-016   8.7100605029455008E-017  -3.2422887711788736E-016  -1.2699395571594485E-015  -1.5520896200216239E-015   9.5610453283928914E-016   2.1712368231466083E-015   1.9459048004432316        3.8963515573695720E-016  -3.9747436263907305E-016   1.7217761543099401E-016  -2.9794943727003318E-016   1.4820761913983187E-016  -3.5245008612776933E-016
   1.2178890755153951E-016  -9.5325854399842383E-016   8.6928497000220318E-017  -2.1629673764571342E-014  -3.9214076652956217E-002  -9.4310003600008046E-016  -9.2746698416733267E-016  -3.9214076652955003E-002  -1.2364275456342681E-015   7.8428153305907022E-002  -3.1989286261999993E-014  -4.9788777412304354E-016   8.5217027139487544E-016  -6.5458565813590950E-016  -2.2573036556228892E-016   9.2439089117595175E-017   6.3233004853186749E-016 -0.97295240022162999       -7.2815017904126665E-016  -9.6571073349409563E-016 -0.97295240022163154        3.8963515573695720E-016   1.9459048004432546        5.7012300768989301E-014   2.0939260847710864E-014  -2.8298592153059904E-016   3.3219765686060120E-017   5.6190314332026757E-016
  -2.3567782942947709E-015  -2.3011974883830724E-016   1.4566668227314508E-015 -0.28982907422038107        2.0509034881829914E-014  -1.5214757028267197E-016  -2.6544366904513836E-016   2.0335117110532884E-014  -1.6660313266072783E-016   2.1419753339596733E-014 -0.59555167978375023       -1.4246900599244412E-015   1.6011384836652232E-015  -2.7171615101557143E-015   1.9564243693591790E-015  -9.6278153401616419E-016   9.2357674207345079E-016   5.0270238602368638E-014  -3.2795797248221176E-016   3.1419721014969909E-016   5.5923579399539156E-014  -3.9747436263907305E-016   5.7012300768989301E-014   1.8307494881758581       0.46495431345597904        1.9934426665980833E-015  -1.1191315830794828E-016   4.6844942854624300E-016
  -1.8807698228816876E-015   6.5215664099812647E-017  -6.4968171983352365E-016 -0.28035882347081892        1.0894290677883318E-014   1.6430911750509011E-016  -6.5707285938881401E-017   1.1949640328931940E-014  -1.3882791282940106E-016   1.1799741133297141E-014 -0.59721534972063017       -3.4987816761109899E-016   5.6426821000408800E-016  -1.0153637096774801E-015   1.2621091686512867E-015  -2.7235603178901335E-016   1.0991357058343391E-015   2.3572291668386224E-014   1.4429582743729866E-016  -1.4861567396214832E-016   2.1380796102467773E-014   1.7217761543099401E-016   2.0939260847710864E-014  0.46495431345597904       0.27876038630195027        1.4223955010146657E-015  -1.8107378015467522E-016   1.1322523459432739E-015
 -0.17788246251517198        2.8931777399181697E-016   1.2674016346912591E-016   3.9390569630644465E-015   1.1247306539782598E-016  -1.3109155574641025E-016   3.6185732149498664E-016  -2.4020501225418844E-017  -1.4464243468644394E-016   4.2974974301502557E-016  -5.6184153439814997E-015 -0.17231020735495589        3.0400004040774643E-016   2.2919603527727256E-015  0.66719627397047454        3.4943017887313148E-016  -2.5669785217446329E-016   2.6534020240213081E-016  -4.4347292973470367E-017   4.0016162166673131E-017   4.7404169241859261E-016  -2.9794943727003318E-016  -2.8298592153059904E-016   1.9934426665980833E-015   1.4223955010146657E-015  0.68280843309341754        4.5191829219450688E-016  -5.8817064355527810E-016
  -2.2618942796776108E-016 -0.17788246251516876        1.1863790488969247E-015  -8.8660484671792109E-016  -1.0541013565408315E-016   2.3521530056297489E-016   9.7104454670921769E-017   4.2321490706237629E-016   6.0395356045359032E-017   1.5977220989950674E-016   1.0357111269144047E-015  -1.0692054250874017E-016 -0.17231020735496133       -5.4721900412089205E-016   1.1396882635918313E-016  0.66719627397047554       -3.8897915280984165E-016  -5.6061250408133203E-016   3.7730926782457893E-016  -1.7980044940836586E-016   1.7114014268393234E-016   1.4820761913983187E-016   3.3219765686060120E-017  -1.1191315830794828E-016  -1.8107378015467522E-016   4.5191829219450688E-016  0.68280843309341943       -5.2892963495117362E-016
  -1.8869685602880970E-015   9.7703149545533421E-016 -0.17788246251517048        1.1293950200133375E-015  -2.8922280281236982E-016  -5.1603857303984095E-016   9.9099912893042688E-017   9.2136984764860212E-016   2.6897973856130150E-016  -4.4563654604700569E-016  -3.7673114862100785E-015   3.3860312002475699E-015  -9.4691872041532506E-016 -0.17231020735496005       -1.8560677219345589E-015   8.8657115121597112E-017  0.66719627397047720       -1.8188165671577647E-016   4.0697486332050270E-016   3.2451682739393501E-016  -5.5023066764715051E-016  -3.5245008612776933E-016   5.6190314332026757E-016   4.6844942854624300E-016   1.1322523459432739E-015  -5.8817064355527810E-016  -5.2892963495117362E-016  0.68280843309341632     
