  0.12674110985769216       -1.9048765010575122E-009  -1.7905663661698085E-009  -2.3434047003914995E-009  -7.2394010482864126E-009   1.1513919194596996E-008   6.0702429281443964E-009   2.9133980118882075E-008  -2.0891389715601925E-008  -2.1894581848505574E-008  0.29378297824162136       -3.2065822700245506E-009   1.1760143524577229E-010   4.3147017649003677E-009   3.3302599657759652E-010   1.7924815121103140E-010  -3.0256258805248291E-010  -2.5182383160739377E-010  -3.6391528119234847E-011  -1.9497691193962355E-010  -1.9028038249603621E-010   1.4274359641515714E-010   7.6040194872277800E-011   1.1911922685523070E-010  0.18679144290134297       -2.0516914086838033E-009  -7.7506163832626732E-011  -2.6990932613976727E-009   4.2160422591673290E-009   5.1606378086147116E-009   8.3984507284999884E-009  -5.7700694922137691E-009  -5.6993550630391112E-009 -0.24831704093962925        2.7936405322357029E-009   2.3222887417911401E-010   3.0405462390301845E-009  -4.4285497695780556E-009  -4.7007190937879315E-009  -1.0905856431761531E-008   7.6890697049556731E-009   7.8653174078887254E-009  -1.4039249512823142E-009   1.5313948413279455E-010   6.2261608721823288E-011  -7.2837573479392658E-011  -9.7962341482407033E-011   1.8468151285162181E-011  -1.0749709524807236E-010  -7.3708302454253289E-011   5.0884282220758214E-011   3.6627994505875725E-011   1.6362583838726258E-011  -1.2788797235969854E-009   1.1358184064504465E-009  -3.3506989339285628E-002   3.7845217993330677E-010   3.4585798237486861E-011  -4.3873130508011670E-010
  -1.9048765010575122E-009  0.12674111649346792       -6.5199341855856668E-009   2.7656176486627227E-008   9.3449820241704222E-009   3.2318897586312821E-008  -2.0814873307070593E-008  -3.6767228825677342E-008   1.4129041498199423E-008   2.7422247124330783E-008   5.5511839642039115E-011  0.29378298381017826       -6.3612945934817286E-009  -2.5131274194843548E-008   6.8497441141449822E-011  -4.5250188387094190E-010  -3.0490268229496551E-010  -3.5100839437689291E-010   6.8814296456122270E-010   2.5910968186433039E-010   7.9077480117271466E-010  -5.9964669732259149E-010  -6.0842509707872422E-010   6.7421146911046954E-010  -2.5445963119359409E-010  0.18679144680607240       -4.2108994151200888E-009   1.9836262353196639E-009   8.3176610252832584E-009  -5.7584115170982797E-009  -8.9619933618829407E-009   7.3823453466918868E-009   6.9783679527440314E-009   4.1236067024274473E-010 -0.24831704646023398        5.9720614653708647E-009  -3.3182643606522775E-009  -1.1542358115465454E-008   7.6720368819774990E-009   1.3294968520595930E-008  -7.6534026023075048E-009  -9.9766977850633650E-009   5.5159624171894310E-009   3.6343947233084579E-011  -1.8110157933253083E-010  -1.3315339656998976E-010  -1.5966192489897921E-010   3.2582048576443458E-010   1.1090132626589552E-010   3.4717098680633110E-010  -2.0151743519691010E-010  -2.8467062608725695E-010   2.4944933984369948E-010   1.7626693558806059E-009  -1.8842253497769495E-009   5.8466372213073614E-011  -3.3506990092214702E-002   8.1336505754993566E-010   6.9890990280160902E-010
  -1.7905663661698085E-009  -6.5199341855856668E-009  0.12674111437127419       -2.2604266944966917E-008  -3.2156347241449954E-009  -2.0869894828786094E-008  -2.6632934023310297E-008   3.6316307695483893E-009   3.2430144514939915E-008  -4.1599753363124479E-010  -3.2104733152800713E-009  -4.7008613686756255E-009  0.29378298207642772        1.7261102887937397E-009  -2.4158527699430810E-013   6.6002315742546474E-010  -2.0360105154227882E-010   8.5858306370461761E-011  -1.7757531249267309E-010  -8.5534145661488409E-011  -8.3309722971763012E-010  -3.8904965965233857E-010   4.5769302849619371E-010   4.4174511803207185E-010  -1.9076950613702882E-009  -3.2956125391935933E-009  0.18679144549176063       -2.9034434909282800E-009  -5.7650289773886490E-009  -7.9647088275981205E-009  -1.0023432767874292E-009   9.9904249593763514E-009   3.9057852732373494E-009   2.6593745540427728E-009   4.7596873995920549E-009 -0.24831704464367133        2.6041704991249284E-009   7.6750613591199539E-009   1.0128277434625240E-008   9.2441211625590184E-011  -1.2127905284823601E-008  -2.6966095507504552E-009   3.5895828908977794E-009  -3.4877608743338266E-011   2.5448460599157094E-010  -6.0773667214125865E-011   2.8105557317449751E-011  -7.8400817191090297E-011   1.8687457629609442E-011  -3.6657779126220257E-010  -1.4352826450316944E-010   2.3733101188366634E-010   1.5228532789652422E-010   8.2325297153950577E-009  -6.8412107302934592E-009   3.6075173889257754E-010   6.5045576157074276E-010  -3.3506989844760651E-002   2.6880866088115730E-009
  -2.3434047003914995E-009   2.7656176486627227E-008  -2.2604266944966917E-008  0.51527917558944092       -3.6100066290668035E-010   1.5215316794165534E-010  -5.7140257937665843E-010  -8.1676153247562871E-012  -7.6013163910569131E-010   3.6937229658858375E-010  -6.1779107216497920E-009   5.6444159242450257E-008  -3.3875370628742415E-008  0.82378865026929649       -1.0241608254921828E-009   2.0995651270564017E-009   5.6277741790672647E-011   6.3551347105074789E-009  -4.7023337960623558E-009  -4.9810777832042913E-009  -6.2034846146523738E-009   1.5234176819209509E-009   6.2232932885965350E-009  -1.1774378181330972E-009  -5.1780377683226459E-009   3.0537146936469281E-008  -3.0223246441108485E-009   2.7348664079890838E-010   3.0699034629543864E-010  -6.2907466475164458E-011  -3.7548549787040296E-010   5.2898465168003050E-010   1.0193649004895548E-010   6.2485846970836492E-009  -4.5501062083650080E-008   1.6785700547980553E-008  -1.3060361795432149E-010  -1.1820324557144464E-010   9.7244376329289704E-011   1.8528959147200380E-010  -2.0684123177934489E-010  -5.4930843948470506E-011 -0.50276366928672489        1.0274398802851908E-010  -2.0324919170899685E-010   3.8816400993310248E-013  -5.6983233051885558E-010   3.8358861974441460E-010   4.3198772046419153E-010   5.3593611565968540E-010  -1.5892565194290609E-010  -5.1578264829603344E-010   1.1816601625505989E-010 -0.57638982304727615       0.52407690183529854        8.4675253527932899E-010  -6.2244316450065285E-009   2.3645156013425136E-009 -0.20616838886469507     
  -7.2394010482864126E-009   9.3449820241704222E-009  -3.2156347241449954E-009  -3.6100066290668035E-010   8.0932001715326127E-005   6.7505218077636194E-013  -6.3893226503697483E-013  -4.0466001143157490E-005  -2.2647666402369973E-013  -4.0466000571734929E-005  -1.6785670211215930E-008   2.1688989654237955E-008  -7.4473921564924882E-009  -5.7553123253506898E-010  -4.6514845076949491E-012   1.0488706216562143E-011   2.4085635098548151E-011   3.0597995081977137E-012   2.9054173900539142E-014   3.1808289878915332E-012  -1.2289270477771761E-011  -3.9844351146675827E-012   5.9990594732155454E-012  -1.4982559349749499E-011  -1.0664748419467017E-008   1.3750616462400797E-008  -4.7572914948059446E-009   1.4578561497309056E-003   5.8384503001674118E-012  -6.2200272607047157E-012  -7.2892807767752955E-004  -2.9573411717053181E-012  -7.2892807205369320E-004   1.4059481676049202E-008  -1.8058402414501867E-008   6.2497684632640772E-009   1.1885366174786267E-002   3.5581159217684946E-011  -3.6899548070144510E-011  -5.9426831079238684E-003  -2.5500939657103217E-011  -5.9426830668652501E-003   3.5086854391694686E-010  -1.4231362993779102E-011   3.1459966342750397E-011   7.1118605346392956E-011   9.4793947005790736E-012   3.3442266149255560E-014   9.6139827404057031E-012  -3.3379325588746321E-011  -1.2773159982608657E-011   1.3323135851064315E-011  -4.3488116222432959E-011   4.1053933441813897E-010  -3.7265261098587045E-010   1.8922028396543013E-009  -2.4276428566454340E-009   8.4024511865213374E-010   1.4668381254100141E-010
   1.1513919194596996E-008   3.2318897586312821E-008  -2.0869894828786094E-008   1.5215316794165534E-010   6.7505218077636194E-013   8.0931999054949420E-005   6.9359007714112543E-013  -6.9187490514796143E-013   1.4811182981509822E-012   1.6760327421045957E-014   2.6687687830653094E-008   7.4974874825421604E-008  -4.8411008845640562E-008   2.4224574459489040E-010  -8.5252442004021840E-012  -1.0658217882825860E-011   3.6197024841887187E-012   1.8178977885026047E-011   1.8812905997427153E-011  -6.7411590166414499E-012   1.3330275110382739E-012   3.5706350704453297E-012   8.8697561176190704E-012  -5.3593575134505526E-012   1.6959381496882000E-008   4.7568859717231301E-008  -3.0722082349174796E-008   9.5686211844297753E-012   1.4578561198873869E-003   3.1314068410997572E-012  -1.0814719243647535E-011   1.7899869266081840E-011   1.2461505291133703E-012  -2.2421694890307446E-008  -6.2631589261029090E-008   4.0457164883863663E-008   6.1088745511422274E-011   1.1885365982371292E-002   1.1181280085562273E-011  -7.4375429362413208E-011   1.2227672361388635E-010   1.3286645688821975E-011  -1.4750840306721585E-010  -2.4627412190611573E-011  -2.8974208718542695E-011   8.8260619528097289E-012   5.1344616075250911E-011   5.6042419553889846E-011  -1.8303473215375639E-011   4.7317361370213908E-012   8.7942528157168360E-012   2.2625924107539841E-011  -1.3133413019330558E-011  -1.6248797569973824E-010   1.4773878136832764E-010  -3.0201915560792756E-009  -8.4261704814067188E-009   5.4431974887866135E-009  -5.8015243617107444E-011
   6.0702429281443964E-009  -2.0814873307070593E-008  -2.6632934023310297E-008  -5.7140257937665843E-010  -6.3893226503697483E-013   6.9359007714112543E-013   8.0931999635727359E-005   6.2355594526774062E-013   2.2551344820685362E-013   1.5490925989511750E-014   1.4060663037552482E-008  -4.8283600459803725E-008  -6.1773052487902423E-008  -9.1190790707303836E-010  -1.5587481311216183E-011   3.6009053782664114E-012  -4.4017216054669888E-013  -8.1408672444150351E-012   3.0162137318021831E-012   2.9053670634128805E-011  -5.3451489701795346E-012  -6.2685096917600118E-012   3.5703810702018526E-012   5.0003509724035741E-012   8.9769806586866384E-009  -3.0641271735189062E-008  -3.9212566871877630E-008  -9.0726193782105770E-012   1.1142474080336543E-011   1.4578561273168049E-003   5.5583972479791269E-012   8.2158497309740721E-013   3.5141897668250490E-012  -1.1792966659439704E-008   4.0349116637472506E-008   5.1652125651635180E-008  -5.4312647083273882E-011   8.9515564703278964E-011   1.1885366023891362E-002   1.9509271872493914E-011  -1.7592408345964771E-012   3.4803012832054631E-011   5.5677803397791356E-010  -4.6025895474835273E-011   8.8260610741473112E-012  -3.9800550906409586E-012  -2.3368322788935471E-011   1.2149372470039660E-011   8.5118542965585776E-011  -1.3135276356300449E-011  -1.4617337492483815E-011   8.7967543515905764E-012   1.3861675884601426E-011   6.4366301695126914E-010  -5.8502878628869721E-010  -1.5854824686267741E-009   5.4285953634241564E-009   6.9499522627165088E-009   2.3020930053893873E-010
   2.9133980118882075E-008  -3.6767228825677342E-008   3.6316307695483893E-009  -8.1676153247562871E-012  -4.0466001143157490E-005  -6.9187490514796143E-013   6.2355594526774062E-013   8.0932002317877136E-005  -1.7191142221201345E-012  -4.0466001175232595E-005   6.7577250846595035E-008  -8.5311216683441442E-008   8.4357723099890534E-009  -1.3138261849602238E-011   8.8581547539546553E-012  -1.3390635965300079E-011  -5.1777040777893972E-012  -9.9442911240836419E-012  -5.5377243924969581E-014  -1.9401743536723979E-012   1.9886813164469123E-011   2.2948068676859027E-011  -1.3290313549162960E-011  -1.3245259694506188E-011   4.2891366530632711E-008  -5.4112509643876663E-008   5.3221311124030845E-009  -7.2892807772541367E-004  -4.7770234758742291E-012   1.0223850180888074E-011   1.4578561563348082E-003  -1.8876766282774899E-011  -7.2892807860878604E-004  -5.6491271467945764E-008   7.1159054753115145E-008  -7.0245084353939604E-009  -5.9426831077990109E-003  -2.4032120306296989E-011   6.8117060027651655E-011   1.1885366216970426E-002  -1.1584581804961766E-010  -5.9426831091678681E-003   8.6119480569442991E-012   2.3128731155142444E-011  -3.7146994111104740E-011  -1.5684339570179608E-011  -2.7039260204427475E-011  -5.1212194236278293E-014  -3.9911895402520422E-012   5.5275747089025943E-011   6.8235790556709485E-011  -3.7013200651136825E-011  -3.9169525905230347E-011   2.1745742322717679E-012  -2.5535557630873215E-012  -7.6008078870713917E-009   9.5698887765295160E-009  -9.4574260559205060E-010   9.1809045493238392E-013
  -2.0891389715601925E-008   1.4129041498199423E-008   3.2430144514939915E-008  -7.6013163910569131E-010  -2.2647666402369973E-013   1.4811182981509822E-012   2.2551344820685362E-013  -1.7191142221201345E-012   8.0931998153613164E-005   1.9455675298414574E-012  -4.8460935063419457E-008   3.2754088525615355E-008   7.5206299203530706E-008  -1.2124412456823825E-009  -5.3687901528427680E-012  -6.0475905997892414E-012  -1.3900929461906716E-012   3.5926166652966712E-012  -5.5236625862788437E-012   3.6103761931324473E-012  -1.6106735882632512E-011   1.4707577571998480E-011   2.7657026349717009E-011  -9.9262879507523152E-012  -3.0753878598828444E-008   2.0840045851784641E-008   4.7749852130882796E-008  -1.2933290774145600E-012   1.4207428113805241E-011   4.9903648370578151E-012  -1.9686611091775405E-011   1.4578561100190561E-003   2.0979910201095537E-011   4.0499325166328325E-008  -2.7419851938765235E-008  -6.2968137063352631E-008  -7.8331859639598063E-012   9.2214144243179092E-011   3.5369490302567681E-011  -1.3039480464122758E-010   1.1885365917295165E-002   1.3822819618544261E-010   7.4210103186210214E-010  -1.3134473816983294E-011  -1.8302101537886916E-011  -5.0897396954059224E-012   8.8095658467032971E-012  -1.5638024980901066E-011   8.8121910874989305E-012  -4.7263998542548527E-011   4.2667077583491613E-011   8.1713402371564769E-011  -2.8008506421745760E-011   8.6882481643038300E-010  -7.9013705388410392E-010   5.4488832036619357E-009  -3.6881515401774010E-009  -8.4753705431174599E-009   3.1111239880893831E-010
  -2.1894581848505574E-008   2.7422247124330783E-008  -4.1599753363124479E-010   3.6937229658858375E-010  -4.0466000571734929E-005   1.6760327421045957E-014   1.5490925989511750E-014  -4.0466001175232595E-005   1.9455675298414574E-012   8.0932001747046766E-005  -5.0791587076585536E-008   6.3622227775561778E-008  -9.8838360159302471E-010   5.8900462859394566E-010  -4.2066702467346912E-012   2.9019297496507325E-012  -1.8907931020635872E-011   6.8844916183864895E-012   2.6323068194971830E-014  -1.2406546360824370E-012  -7.5975426892261243E-012  -1.8963633561740130E-011   7.2912540784273106E-012   2.8227819043827703E-011  -3.2226621962828965E-008   4.0361893883599370E-008  -5.6484199485832390E-010  -7.2892807199767930E-004  -1.0625508046383129E-012  -4.0017584769283297E-012  -7.2892807866651861E-004   2.1833686732900152E-011   1.4578561506639067E-003   4.2431804593608613E-008  -5.3100644232779602E-008   7.7473578767105449E-010  -5.9426830669235637E-003  -1.1558202311686107E-011  -3.1200681308470441E-011  -5.9426831091218884E-003   1.4134332771584943E-010   1.1885366176044757E-002  -3.5949434802674732E-010  -8.8973681614944895E-012   5.6870277685226743E-012  -5.5434265775938366E-011   1.7559865503532137E-011   1.7769928346983031E-014  -5.6227931996614424E-012  -2.1896421500265301E-011  -5.5462630574618404E-011   2.3690064799884967E-011   8.2657642127844122E-011  -4.1267426681453302E-010   3.7507717633511505E-010   5.7086074318121006E-009  -7.1422444646827385E-009   1.0549662862748359E-010  -1.4754443644595214E-010
  0.29378297824162136        5.5511839642039115E-011  -3.2104733152800713E-009  -6.1779107216497920E-009  -1.6785670211215930E-008   2.6687687830653094E-008   1.4060663037552482E-008   6.7577250846595035E-008  -4.8460935063419457E-008  -5.0791587076585536E-008  0.68098230292247031        2.9308054254301814E-009   2.4514748574484073E-009   8.8086472967651396E-009   7.7194227838483147E-010   4.1548888385513258E-010  -7.0132166807278302E-010  -5.8371490180364102E-010  -8.4351636312020772E-011  -4.5195314327219984E-010  -4.4106175578060320E-010   3.3086470650958611E-010   1.7625854034030736E-010   2.7611578804065086E-010  0.43296484375052491        1.8346447071747004E-009   1.2095932661323008E-009  -6.3455064434797340E-009   9.7499247329607771E-009   1.1782775649386873E-008   2.0287233985484638E-008  -1.4010510684768637E-008  -1.3941721968518800E-008 -0.57611149385280036       -2.2427948902830545E-009  -1.1556692200575757E-009   6.3237409465081598E-009  -1.0454192831105132E-008  -1.2364174545743791E-008  -1.8600660472352773E-008   1.2644214483190129E-008   1.2276936254633355E-008  -2.5302699901942009E-009   3.5502330437137202E-010   1.4435115450046984E-010  -1.6882636993960916E-010  -2.2711561079779926E-010   4.2853278315986883E-011  -2.4920105180535090E-010  -1.7087608080323352E-010   1.1795663784257862E-010   8.4902095004204262E-011   3.7915055040940308E-011  -2.1363640076009927E-009   1.8817690772851645E-009  -7.7759806480305144E-002  -2.9747189730314221E-010  -1.4229540443823468E-010  -7.2165845724220376E-010
  -3.2065822700245506E-009  0.29378298381017826       -4.7008613686756255E-009   5.6444159242450257E-008   2.1688989654237955E-008   7.4974874825421604E-008  -4.8283600459803725E-008  -8.5311216683441442E-008   3.2754088525615355E-008   6.3622227775561778E-008   2.9308054254301814E-009  0.68098229308400005        9.3897517137123470E-009  -7.0543797535461993E-008   1.5877064085005605E-010  -1.0488806907149938E-009  -7.0676605216876956E-010  -8.1362554277175598E-010   1.5951007010630154E-009   6.0061295109455565E-010   1.8329871070611520E-009  -1.3899455401368845E-009  -1.4103093013767158E-009   1.5627969397277495E-009   1.1931052235285668E-009  0.43296483833365684        5.5931561721846980E-009   5.0950564766870924E-009   2.0371553301767993E-008  -1.3983983592664072E-008  -2.2319941861204601E-008   1.7173217014845944E-008   1.7224887299452498E-008  -1.3635804763155544E-009 -0.57611148763287634       -6.2351644064421045E-009  -3.6398172218702181E-009  -1.7861143536501291E-008   1.2600692688968621E-008   1.8215104995613949E-008  -1.7248315564677546E-008  -1.4575272990923269E-008   1.9433594546983249E-008   8.4240783359470248E-011  -4.1978397547971342E-010  -3.0866748180902231E-010  -3.7009258040187084E-010   7.5529548455064149E-010   2.5707153192110729E-010   8.0475628885878951E-010  -4.6708811828595354E-010  -6.5989468218733173E-010   5.7821508166274129E-010   1.1462218665743938E-008  -1.0658534711806142E-008  -1.7541911265400338E-010  -7.7759805668227114E-002  -8.1060989491657098E-010   4.0648257345819955E-009
   1.1760143524577229E-010  -6.3612945934817286E-009  0.29378298207642772       -3.3875370628742415E-008  -7.4473921564924882E-009  -4.8411008845640562E-008  -6.1773052487902423E-008   8.4357723099890534E-009   7.5206299203530706E-008  -9.8838360159302471E-010   2.4514748574484073E-009   9.3897517137123470E-009  0.68098229644900987        3.3673574051382981E-008  -5.5662616018361047E-013   1.5299232232933138E-009  -4.7193687792386329E-010   1.9900612690018017E-010  -4.1162041808523739E-010  -1.9825924150867494E-010  -1.9311015315379596E-009  -9.0179529238861506E-010   1.0609189506180149E-009   1.0239411979862195E-009   1.8719721682871390E-009   5.2677116146594655E-009  0.43296483998103902       -6.6158426911208371E-009  -1.3997049895309784E-008  -1.9158525033514996E-008  -2.0037986904795172E-009   2.3772414754962841E-008   8.6196379167129171E-009  -2.0581928080858555E-009  -5.7886904363238899E-009 -0.57611148969448822        6.9708191840650424E-009   1.2626222783201571E-008   1.7803463657680468E-008   2.8217015343752567E-009  -2.3106096890162759E-008  -9.7925157130799339E-009  -8.4538050104185431E-009  -8.0867466343987761E-011   5.8989409006454639E-010  -1.4085641508590087E-010   6.5155236894782130E-011  -1.8172110360043339E-010   4.3339373234976637E-011  -8.4978956465340041E-010  -3.3273427354888689E-010   5.5021802194496462E-010   3.5301141330127067E-010   2.4210662651858394E-010   6.2242872586243039E-010  -2.6752850999427052E-010  -7.4863266118514797E-010  -7.7759805942295743E-002  -2.0524013772371043E-010
   4.3147017649003677E-009  -2.5131274194843548E-008   1.7261102887937397E-009  0.82378865026929649       -5.7553123253506898E-010   2.4224574459489040E-010  -9.1190790707303836E-010  -1.3138261849602238E-011  -1.2124412456823825E-009   5.8900462859394566E-010   8.8086472967651396E-009  -7.0543797535461993E-008   3.3673574051382981E-008   1.3186029115720310       -1.6358963501842615E-009   3.3536595037273288E-009   8.9931078253966079E-011   1.0151250265045825E-008  -7.5113038705669248E-009  -7.9564632997320223E-009  -9.9090869456117093E-009   2.4333295392428778E-009   9.9407924070085767E-009  -1.8807311318974190E-009   3.6016862415405842E-009  -5.3340326810441909E-008   5.0915400858264364E-008   4.6462216008033630E-010   4.7091001925940748E-010  -7.3222021501813594E-011  -6.0056195123368533E-010   8.8936483006603934E-010   1.3584353435988168E-010  -5.9911851614242832E-009   6.4375693428696495E-008  -4.7684546592519069E-008   1.1736458775922983E-011  -3.5288105450540056E-010   3.7773584803535454E-010   2.9646072590924008E-010   2.4992449581900204E-011  -3.0864519328507257E-010 -0.77086994772607975        1.6940125454516790E-010  -3.3542198789057502E-010   4.8877892248011387E-013  -9.4250149307023348E-010   6.3624625735577928E-010   7.1522735034230326E-010   8.8737185075711705E-010  -2.6183647259230483E-010  -8.5510925680513231E-010   1.9479571959252176E-010 -0.87389162383232566       0.77806166914743224       -8.1157021122153176E-010   8.6072869250935688E-009  -6.2860671484163841E-009 -0.30488976681150298     
   3.3302599657759652E-010   6.8497441141449822E-011  -2.4158527699430810E-013  -1.0241608254921828E-009  -4.6514845076949491E-012  -8.5252442004021840E-012  -1.5587481311216183E-011   8.8581547539546553E-012  -5.3687901528427680E-012  -4.2066702467346912E-012   7.7194227838483147E-010   1.5877064085005605E-010  -5.5662616018361047E-013  -1.6358963501842615E-009   8.1761609591645431E-018  -4.5998376633011047E-018  -1.9209857178217390E-018  -1.5158534764996643E-017   7.4262002073377475E-018   4.1890615796146612E-018   1.6409836628926880E-017  -6.3851031667119206E-019  -1.7416282373002557E-017   1.9077339216560987E-018   4.9132154430314942E-010   1.0151928475983131E-010  -7.5026692585213733E-013  -8.3788567966145568E-011  -1.5356901368570598E-010  -2.8078279179600397E-010   1.5956400311792877E-010  -9.6709060396944313E-011  -7.5775435151580037E-011  -6.3291462818711446E-010  -1.1229422000272604E-010  -1.4743086434337932E-011  -6.8309738725920032E-010  -1.2519919520184323E-009  -2.2891191584391425E-009   1.3008665915158916E-009  -7.8843335838365601E-010  -6.1776920425578178E-010   1.0293032922628697E-009   1.5091553382152243E-017  -1.0882823559334106E-018  -2.0372113935154443E-018  -3.6750498682877168E-018  -7.7318792980711030E-018  -1.6572400201036499E-017   1.0192931722852762E-017   6.7801759711388671E-018  -1.2586971547463895E-017  -3.5351930063291873E-018   1.1890371532814199E-009  -1.0961852254694612E-009  -8.4593925682437640E-011  -1.4246374077280992E-011  -2.6187538507439073E-012   4.3232160689422135E-010
   1.7924815121103140E-010  -4.5250188387094190E-010   6.6002315742546474E-010   2.0995651270564017E-009   1.0488706216562143E-011  -1.0658217882825860E-011   3.6009053782664114E-012  -1.3390635965300079E-011  -6.0475905997892414E-012   2.9019297496507325E-012   4.1548888385513258E-010  -1.0488806907149938E-009   1.5299232232933138E-009   3.3536595037273288E-009  -4.5998376633011047E-018   1.8335987129810270E-017   1.6366981821566654E-018   2.5756076932599710E-017  -2.4526758007714742E-017  -1.9584743093223298E-017  -3.5371422911543494E-017   1.3536445003894744E-018   2.9119764747057505E-017  -2.2288337032825168E-018   2.6466618697806511E-010  -6.6785778051336219E-010   9.7219416702834672E-010   1.8893778290983813E-010  -1.9198649008219813E-010   6.4865389644374420E-011  -2.4121356961329329E-010  -1.0893886981632820E-010   5.2275786703079652E-011  -3.3228587669798526E-010   8.4953591838940414E-010  -1.3143852516754154E-009   1.5403406411337586E-009  -1.5651949024303809E-009   5.2882385646485492E-010  -1.9665260781768589E-009  -8.8813882082370729E-010   4.2618543704152568E-010  -2.1097984406210873E-009  -1.5053679426167144E-018   1.3778286691735663E-017   5.6469698590613997E-018  -5.9218976167419158E-018  -5.6849837829450254E-018   7.9415607858138765E-018  -8.3067518000279389E-018  -1.5542290809466084E-017  -2.6336234451494309E-018   7.3755716818296348E-018  -2.4371204378597275E-009   2.2466562006839429E-009  -4.4055480972872214E-011   1.1310177828351761E-010  -1.7823672364329973E-010  -8.8604216541657953E-010
  -3.0256258805248291E-010  -3.0490268229496551E-010  -2.0360105154227882E-010   5.6277741790672647E-011   2.4085635098548151E-011   3.6197024841887187E-012  -4.4017216054669888E-013  -5.1777040777893972E-012  -1.3900929461906716E-012  -1.8907931020635872E-011  -7.0132166807278302E-010  -7.0676605216876956E-010  -4.7193687792386329E-010   8.9931078253966079E-011  -1.9209857178217390E-018   1.6366981821566654E-018   9.9236786716755197E-018   2.7564130700053321E-018  -8.7318649656529206E-019  -1.7913957480015491E-019  -2.5242074253199442E-018   3.0165957825339071E-018   1.7498553519993608E-018  -9.6451242628000760E-018  -4.4725709892773505E-010  -4.4835549894227490E-010  -3.0073326001467641E-010   4.3386288635032532E-010   6.5204223375676166E-011  -7.9303682676076667E-012  -9.3268006524818547E-011  -2.5039590591299754E-011  -3.4059487982555938E-010   5.4108642882924243E-010   6.3641061418290440E-010   3.7321730970705868E-010   3.5371248348829564E-009   5.3158629975183587E-010  -6.4653520439181666E-011  -7.6037986115474704E-010  -2.0413840840410952E-010  -2.7767449737288827E-009  -5.5768731033243441E-011  -3.4315243839756090E-018   5.7699032983057311E-018   2.4512011576889015E-017   3.0789122184660923E-018   2.0555321975723755E-018   1.5249644824264061E-018  -4.4947916684685507E-018   3.5076013348195705E-018   2.6049076862570491E-019  -2.0884593296472090E-017  -6.4192856360510483E-011   5.8797259276815159E-011   7.0873487354737207E-011   8.7489298176985743E-011   4.9298107728809431E-011  -2.3161591577602361E-011
  -2.5182383160739377E-010  -3.5100839437689291E-010   8.5858306370461761E-011   6.3551347105074789E-009   3.0597995081977137E-012   1.8178977885026047E-011  -8.1408672444150351E-012  -9.9442911240836419E-012   3.5926166652966712E-012   6.8844916183864895E-012  -5.8371490180364102E-010  -8.1362554277175598E-010   1.9900612690018017E-010   1.0151250265045825E-008  -1.5158534764996643E-017   2.5756076932599710E-017   2.7564130700053321E-018   8.6305754196444986E-017  -5.6300584051220636E-017  -6.5968434543646063E-017  -8.1181523434541726E-017   1.8943224939048626E-017   8.3160461818895678E-017  -1.6173970917159680E-017  -3.7195409044748110E-010  -5.1777058482621109E-010   1.2789864573032612E-010   5.5117554118071983E-011   3.2746643561746835E-010  -1.4664463151452610E-010  -1.7913078607651626E-010   6.4714779086008794E-011   1.2401323195758729E-010   4.6190913741557717E-010   6.7021685309043199E-010  -1.1571258267233497E-010   4.4935317799333087E-010   2.6697139834932460E-009  -1.1955398697128021E-009  -1.4603875878683231E-009   5.2759579831714780E-010   1.0110344098718914E-009  -6.3835941783022534E-009  -3.4278865353774654E-018  -5.9468324949658665E-018   2.5667086504394136E-018   1.1524127777702698E-017   1.4292531062170426E-017  -6.9251207247644064E-018  -9.4163404822178680E-019  -5.2689778749915267E-018   7.2101744374161913E-018   2.0141428100862158E-018  -7.3732367461670587E-009   6.7957920864950498E-009   6.1026437338643283E-011   8.9712974332426198E-011  -1.3442132532552967E-011  -2.6800555410293456E-009
  -3.6391528119234847E-011   6.8814296456122270E-010  -1.7757531249267309E-010  -4.7023337960623558E-009   2.9054173900539142E-014   1.8812905997427153E-011   3.0162137318021831E-012  -5.5377243924969581E-014  -5.5236625862788437E-012   2.6323068194971830E-014  -8.4351636312020772E-011   1.5951007010630154E-009  -4.1162041808523739E-010  -7.5113038705669248E-009   7.4262002073377475E-018  -2.4526758007714742E-017  -8.7318649656529206E-019  -5.6300584051220636E-017   5.1796774535648756E-017   4.6337284180956081E-017   6.3358021490366529E-017  -1.7086477157823281E-017  -6.0476996357912496E-017   1.3386355585473810E-017  -5.3991220416387837E-011   1.0140565316799395E-009  -2.6115014064314795E-010   5.2228339653944963E-013   3.3887983642370957E-010   5.4333380077723436E-011  -9.9373929187649343E-013  -9.9500422927189091E-011   4.7145589593867451E-013   5.7506340552391333E-011  -1.3532891925288424E-009   3.6957681456555208E-010   4.2578531077307361E-012   2.7627624826624197E-009   4.4296030531172126E-010  -8.1011412442223464E-012  -8.1119065455316436E-010   3.8432881384891400E-012   4.7208597746503310E-009  -7.2718636585393875E-018  -4.6758913860817054E-018   1.6412657999835773E-018   1.4674854557602710E-017   1.3014275263825928E-017  -4.9186338546193298E-018   1.4530710204665997E-018  -9.4518296577207355E-019   2.7264120186174073E-018  -5.1883068563447235E-019   5.4519927800075632E-009  -5.0237876902972866E-009   7.1891707528646026E-012  -1.8281665125842248E-010   5.0765345073777729E-011   1.9811430074769130E-009
  -1.9497691193962355E-010   2.5910968186433039E-010  -8.5534145661488409E-011  -4.9810777832042913E-009   3.1808289878915332E-012  -6.7411590166414499E-012   2.9053670634128805E-011  -1.9401743536723979E-012   3.6103761931324473E-012  -1.2406546360824370E-012  -4.5195314327219984E-010   6.0061295109455565E-010  -1.9825924150867494E-010  -7.9564632997320223E-009   4.1890615796146612E-018  -1.9584743093223298E-017  -1.7913957480015491E-019  -6.5968434543646063E-017   4.6337284180956081E-017   6.0348210428314505E-017   5.9165404330502067E-017  -1.8086571226305166E-017  -5.9794053638693665E-017   1.3614475090298664E-017  -2.8722256475122348E-010   3.8156850885572951E-010  -1.2689202159163042E-010   5.7296735133807238E-011  -1.2143191965224778E-010   5.2335432583998991E-010  -3.4946856415740278E-011   6.5034131108261587E-011  -2.2349878717482566E-011   3.8721875118475393E-010  -5.1955994792918973E-010   1.3549151948224725E-010   4.6711918980753311E-010  -9.8998999728385507E-010   4.2667158949039146E-009  -2.8490864227760629E-010   5.3019928924987863E-010  -1.8221054752804607E-010   5.0026402800650892E-009  -1.6819559097852189E-017   7.4069169799216330E-018   1.6650308972980271E-019  -6.5935333068259712E-018  -3.9191200532507008E-018   2.9159333885633963E-017  -1.2733622363263376E-017  -3.8275824000868386E-018   9.6770241465853592E-018   2.7288117005926887E-018   5.7779782911398371E-009  -5.3251085358225457E-009   5.2465411068183976E-011  -7.0599719851135020E-011   1.6955388347886251E-011   2.1000366069968510E-009
  -1.9028038249603621E-010   7.9077480117271466E-010  -8.3309722971763012E-010  -6.2034846146523738E-009  -1.2289270477771761E-011   1.3330275110382739E-012  -5.3451489701795346E-012   1.9886813164469123E-011  -1.6106735882632512E-011  -7.5975426892261243E-012  -4.4106175578060320E-010   1.8329871070611520E-009  -1.9311015315379596E-009  -9.9090869456117093E-009   1.6409836628926880E-017  -3.5371422911543494E-017  -2.5242074253199442E-018  -8.1181523434541726E-017   6.3358021490366529E-017   5.9165404330502067E-017   9.3984965275096228E-017  -1.6858025721722090E-017  -9.0722699368426982E-017   1.4446638612860939E-017  -2.8087361708319033E-010   1.1666898846112127E-009  -1.2276839215159163E-009  -2.2137255452894185E-010   2.4006611071817554E-011  -9.6284783735610159E-011   3.5823333510982423E-010  -2.9013470412553803E-010  -1.3686078057994257E-010   3.5590451746878080E-010  -1.5013183148700499E-009   1.6375580310320861E-009  -1.8047695011635431E-009   1.9571633495633821E-010  -7.8497460204695484E-010   2.9205454715444501E-009  -2.3653616066868088E-009  -1.1157759703773529E-009   6.2297881448236374E-009   1.0053597728346715E-017  -7.5488697578056867E-018  -5.2035827884459329E-018  -1.9687399760403178E-019   1.2424977387702352E-018  -1.3291453308208605E-017   2.2552760829948562E-017   1.0040935492264626E-017  -2.2708815733835556E-017  -3.6055815393591957E-018   7.1951561060150425E-009  -6.6309433833660374E-009   4.7325373142364043E-011  -2.0059685059364066E-010   2.2118590753662609E-010   2.6149931881708648E-009
   1.4274359641515714E-010  -5.9964669732259149E-010  -3.8904965965233857E-010   1.5234176819209509E-009  -3.9844351146675827E-012   3.5706350704453297E-012  -6.2685096917600118E-012   2.2948068676859027E-011   1.4707577571998480E-011  -1.8963633561740130E-011   3.3086470650958611E-010  -1.3899455401368845E-009  -9.0179529238861506E-010   2.4333295392428778E-009  -6.3851031667119206E-019   1.3536445003894744E-018   3.0165957825339071E-018   1.8943224939048626E-017  -1.7086477157823281E-017  -1.8086571226305166E-017  -1.6858025721722090E-017   1.9452628441135501E-017   2.1263759075446296E-017  -1.6747619514388645E-017   2.1173738448961224E-010  -8.8630189714423495E-010  -5.7488058906645112E-010  -7.1772225151392896E-011   6.4320428447507664E-011  -1.1292011791593600E-010   4.1336803214175398E-010   2.6493608435346948E-010  -3.4159580699037674E-010  -2.2710996700485355E-010   1.0767694714337742E-009   7.0441141776035645E-010  -5.8513258016350284E-010   5.2438100617942951E-010  -9.2059682687527472E-010   3.3700373574163360E-009   2.1599273466009329E-009  -2.7849047772525708E-009  -1.5317294324084222E-009   6.7165759780043250E-018  -1.4673076124722387E-017   3.8657197111673198E-018  -3.5666249860093686E-018  -1.4952706713073010E-018  -5.4446032733069847E-018   8.5422795491014387E-018   3.2247352427371212E-017   3.2123883479484905E-018  -2.6917119482920257E-017  -1.7696257757752859E-009   1.6317559370362878E-009  -2.8471431385228737E-011   1.4123833253927437E-010   9.2658646442985203E-011  -6.4356677603218966E-010
   7.6040194872277800E-011  -6.0842509707872422E-010   4.5769302849619371E-010   6.2232932885965350E-009   5.9990594732155454E-012   8.8697561176190704E-012   3.5703810702018526E-012  -1.3290313549162960E-011   2.7657026349717009E-011   7.2912540784273106E-012   1.7625854034030736E-010  -1.4103093013767158E-009   1.0609189506180149E-009   9.9407924070085767E-009  -1.7416282373002557E-017   2.9119764747057505E-017   1.7498553519993608E-018   8.3160461818895678E-017  -6.0476996357912496E-017  -5.9794053638693665E-017  -9.0722699368426982E-017   2.1263759075446296E-017   9.2597580659175816E-017  -1.7153338001268583E-017   1.1216590078530457E-010  -8.9740813589814761E-010   6.7491523096430992E-010   1.0806429021710983E-010   1.5977792287955468E-010   6.4314502020245513E-011  -2.3940670114587018E-010   4.9819509734183348E-010   1.3134241092787501E-010  -1.4521242792068815E-010   1.1646740997241011E-009  -8.8262335940449321E-010   8.8100867428716515E-010   1.3026112870826453E-009   5.2433252108496023E-010  -1.9517953557173016E-009   4.0616017766824029E-009   1.0707866814269425E-009  -6.2483492028744390E-009  -1.1982940607695053E-017  -3.6504294486934548E-018   1.3343399209624314E-018   6.1859878070487084E-018   4.0180234143923005E-018   9.8908280599978207E-018  -2.1950898203364086E-017   2.0709353787514490E-018   3.3100639017639619E-017  -2.5381347161237493E-018  -7.2162055459622833E-009   6.6496977714201757E-009  -1.9438538855652986E-011   1.5602434436288028E-010  -1.1851433159627662E-010  -2.6223432226169796E-009
   1.1911922685523070E-010   6.7421146911046954E-010   4.4174511803207185E-010  -1.1774378181330972E-009  -1.4982559349749499E-011  -5.3593575134505526E-012   5.0003509724035741E-012  -1.3245259694506188E-011  -9.9262879507523152E-012   2.8227819043827703E-011   2.7611578804065086E-010   1.5627969397277495E-009   1.0239411979862195E-009  -1.8807311318974190E-009   1.9077339216560987E-018  -2.2288337032825168E-018  -9.6451242628000760E-018  -1.6173970917159680E-017   1.3386355585473810E-017   1.3614475090298664E-017   1.4446638612860939E-017  -1.6747619514388645E-017  -1.7153338001268583E-017   1.9672035756549373E-017   1.7554189841226862E-010   9.9479522084293936E-010   6.5265795776520222E-010  -2.6988661501434910E-010  -9.6541909254904799E-011   9.0076539577228047E-011  -2.3858868757527271E-010  -1.7880866717428250E-010   5.0847530258967268E-010  -2.3401800373653423E-010  -1.2769261149317702E-009  -8.0323015692993230E-010  -2.2002865098379909E-009  -7.8707101999339460E-010   7.3436148009716737E-010  -1.9451256083261595E-009  -1.4577620866001557E-009   4.1454121181644568E-009   1.1832551361969436E-009  -2.4485363395710602E-018   6.6360557638111735E-018  -2.1151526983962083E-017   3.6353136903601865E-019  -4.1759539677590646E-019   2.9215191524622699E-018  -3.0168381109314759E-018  -2.6650205684435676E-017  -2.5885286310115806E-018   3.5629331496342053E-017   1.3668526066402007E-009  -1.2600691920701325E-009  -3.1603755766803274E-011  -1.7048298032970755E-010  -1.0580987327123546E-010   4.9695210070172376E-010
  0.18679144290134297       -2.5445963119359409E-010  -1.9076950613702882E-009  -5.1780377683226459E-009  -1.0664748419467017E-008   1.6959381496882000E-008   8.9769806586866384E-009   4.2891366530632711E-008  -3.0753878598828444E-008  -3.2226621962828965E-008  0.43296484375052491        1.1931052235285668E-009   1.8719721682871390E-009   3.6016862415405842E-009   4.9132154430314942E-010   2.6466618697806511E-010  -4.4725709892773505E-010  -3.7195409044748110E-010  -5.3991220416387837E-011  -2.8722256475122348E-010  -2.8087361708319033E-010   2.1173738448961224E-010   1.1216590078530457E-010   1.7554189841226862E-010  0.27686267758342131        7.3489429392424328E-010   9.5887174105902477E-010  -3.8104210543847935E-009   5.9320124876832497E-009   8.0382547175902363E-009   1.1214608022317828E-008  -7.6225545845468518E-009  -7.4041835326107241E-009 -0.30540357046788613       -9.6522808400040521E-010  -1.1723243769746233E-009   5.6151106401827002E-009  -8.4340611488390322E-009  -2.8278670941276723E-009  -2.4992144673094264E-008   1.8152543103952781E-008   1.9377044173775721E-008  -3.3372699772388735E-010   2.1991576071185515E-010   8.8233353049868475E-011  -1.0845177275579688E-010  -1.3957053760389611E-010   2.2016728828678427E-011  -1.5547933673205636E-010  -1.0606182171584321E-010   7.4055949948883717E-011   5.4062814667241048E-011   2.5636506270924764E-011   2.1624646695430749E-010  -2.5567483583576172E-010  -3.8704900738896139E-002  -1.3161974428979473E-010  -1.5704402767573629E-010   1.1454421857223134E-010
  -2.0516914086838033E-009  0.18679144680607240       -3.2956125391935933E-009   3.0537146936469281E-008   1.3750616462400797E-008   4.7568859717231301E-008  -3.0641271735189062E-008  -5.4112509643876663E-008   2.0840045851784641E-008   4.0361893883599370E-008   1.8346447071747004E-009  0.43296483833365684        5.2677116146594655E-009  -5.3340326810441909E-008   1.0151928475983131E-010  -6.6785778051336219E-010  -4.4835549894227490E-010  -5.1777058482621109E-010   1.0140565316799395E-009   3.8156850885572951E-010   1.1666898846112127E-009  -8.8630189714423495E-010  -8.9740813589814761E-010   9.9479522084293936E-010   7.3489429392424328E-010  0.27686267469249065        3.0840227499535252E-009   2.4073021023965838E-009   1.0766198404024487E-008  -7.6081405059634539E-009  -1.1412827070599106E-008   1.0971859032815249E-008   9.0055262013842827E-009  -9.3988466470202128E-010 -0.30540356684470699       -3.8549704692484185E-009  -9.0425752281157703E-009  -2.8702714187076210E-008   1.8105156872162283E-008   3.3802723264022025E-008  -9.8175081714465270E-009  -2.4760139340914277E-008   1.8426561239179875E-008   5.3987091447106967E-011  -2.6752416003622994E-010  -1.9378981158520569E-010  -2.3530896727608850E-010   4.7422470152025549E-010   1.6287755758208740E-010   5.0908607512638507E-010  -2.9988547708452801E-010  -4.1547905481665508E-010   3.6796447015246598E-010   1.4088372707013491E-008  -1.3414650286960514E-008  -1.2568636625366795E-010  -3.8704900250732366E-002  -5.2170471772596418E-010   5.2240350397652477E-009
