  0.21133267421014826       -4.5328276476035788E-009  -1.3884601246625002E-008  -1.7204862914196390E-008   2.2317817102263108E-008  -4.7516524824066061E-008   4.2354595631014529E-008  -5.3798201227548351E-008   3.3832574868564947E-008   3.1480386795830373E-008  0.37996543396380439        3.6616718686628279E-010  -5.9098291060140015E-009   3.1983879827730392E-003   7.1994443682051772E-010   1.3728888631733710E-009  -1.7098615401967075E-008   4.6371814202109658E-009   1.2963767762567498E-009   1.9257102182139823E-010   2.5139468319265831E-011  -2.0484471150596794E-009  -2.3095255069478930E-009   3.0913076453147155E-010   6.2983750866387981E-010   1.4625793196829266E-009  -1.0375861718524402E-009  -1.1088802406630872E-009   6.6085320328579097E-010   1.2924220354810348E-008  -2.5860370592575611E-008   2.5297257884956883E-008  -2.8998567665388024E-008   1.7917791865981092E-008   1.6074349896234405E-008  0.18408676396102761       -6.3038143074508460E-010  -4.1107469737477077E-009  -4.0915061875974583E-009   1.3903141319807013E-009  -5.6946806323668129E-009   2.5595758054874780E-009  -6.9290180107530331E-009   4.9298862654801279E-009   5.5387040687586902E-009
  -4.5328276476035788E-009  0.21133275320493444       -2.5277294236509813E-008   1.3648555885911143E-008  -3.2611013302162316E-008  -3.9969407471409761E-008   6.8149454559083411E-008   9.0252694474972212E-008   4.1730784044614637E-008  -5.7641680203826082E-008  -5.1351482310013234E-009  0.37996547839987876       -1.5628686713649385E-008   1.5593621285485264E-010   3.1983828513165976E-003   1.1528002242939551E-009   1.0959767196124380E-008  -3.7539606292633198E-009  -5.9365496870397882E-010  -1.8242877152181172E-009  -1.9864730795158199E-009   1.8279272097627306E-009   1.7216262863390305E-009  -1.0314551139353697E-009   2.4880308098658241E-009  -2.3941959366069196E-009  -1.5137863458564690E-009   3.2651579910530169E-009  -5.3782939401713147E-010  -1.7338744398766434E-008  -1.8958371484476475E-008   3.5167117512740463E-008   4.7159517592371937E-008   2.5282916604761300E-008  -2.9820771888031939E-008  -2.6041696913126820E-009  0.18408678831566197       -7.6376867876367250E-009   2.5988310287193714E-009  -5.5108224169916399E-009  -7.3518511721523972E-009   1.0162640672895241E-008   1.4313048167574180E-008   2.5267958840459421E-009  -8.8022255778054430E-009
  -1.3884601246625002E-008  -2.5277294236509813E-008  0.21133276119310918       -3.9904683110398437E-008  -2.5062973281312627E-008   6.9503177955132687E-009   6.5853935439802089E-008  -1.1319067248759482E-009  -9.2137574067584498E-008   2.6194876109848362E-008  -9.0808944564635006E-009  -1.3575855383205691E-008  0.37996548311895928        1.0660340924994674E-009   1.3792606609495650E-009   3.1983825076756390E-003  -3.7301487689326044E-008   1.0767786331373158E-008  -8.4372755434935721E-010  -1.5600819687058767E-009   4.0893641657353462E-011   1.2775868851051264E-009  -1.2305318442517075E-009  -1.4560732542711231E-010  -7.8878036246735134E-010  -1.8982237207048680E-009   2.6183425265447253E-009   1.3843408701560149E-009   1.5364466730629525E-009  -1.3405915145884305E-008   3.4657027353556116E-009   3.5604025395501769E-008  -2.8971441633170411E-009  -4.9888759659776757E-008   1.6303053612052655E-008  -5.2835710635702347E-009  -6.9340399431493859E-009  0.18408679047751594       -8.8460694529406619E-009  -1.5041562909754107E-009   6.2626509139496203E-010   7.9130843839594938E-009   1.8048448020359854E-009  -1.2276535507401862E-008  -3.0068912299003156E-010
  -1.7204862914196390E-008   1.3648555885911143E-008  -3.9904683110398437E-008  0.31365033927836711        7.0646802614089877E-011   3.1950380217615865E-010  -4.4063165301539843E-010  -8.1964467310635715E-010   2.0746984446447067E-010   7.4904078230894842E-010   7.2426242100245126E-010   2.0408989165312185E-009  -7.1149961601926510E-010   9.9035804858439296E-010  -6.7260904108527263E-010   2.1947761489152037E-009  0.51386097883718207        4.3441673690141017E-003  -9.1087058275889744E-011  -5.0330304518399699E-009   1.5573005848388210E-009  -5.2664194840458420E-009   4.4299405588020296E-009   5.3886255860395190E-009   1.1267569239461720E-008   1.6465492937261910E-009  -1.0083999766786005E-008  -2.3880088630619461E-009  -4.6031754849791980E-005   3.5238045186761686E-009   6.7068158440296609E-010   8.0216616829117362E-010  -2.2345214375610671E-009   1.5960437540538473E-009  -1.2891674053160030E-009   1.7817168155028715E-009  -3.7953263612672348E-011   2.8655544439966623E-009   5.6234338318606518E-002   6.4019624266979214E-010   1.8861263571387883E-010   1.2081381375060033E-010  -4.8549731026122233E-010   3.3016078424562349E-010  -1.5468399118296748E-010
   2.2317817102263108E-008  -3.2611013302162316E-008  -2.5062973281312627E-008   7.0646802614089877E-011   1.0363516372061384E-014   3.2586416872319315E-016  -1.3852659473930414E-014  -1.9473988316996251E-014   8.0612792255988685E-015   9.1104725483008948E-015   4.0129981409637501E-008  -5.8631728774918406E-008  -4.5066480635738999E-008  -8.7334360584993773E-010  -8.9097735675396242E-010   1.1133063331824332E-009   1.1540119094604100E-010   8.4309352750398068E-011   3.2861174017287937E-016   4.8577832969874120E-016   3.0466071329821519E-016  -6.5101229094527702E-016  -3.6261532529107105E-016   2.1012859399195723E-016  -2.2148396400854014E-016   7.4930308390666571E-016  -1.8862173931896576E-016  -7.8557453303117706E-016   2.5371618187539264E-012   5.6255674800055623E-015  -2.1517919047058994E-016  -6.9791719748489408E-015  -9.9982001821568520E-015   3.9056757892483938E-015   4.3726334750674646E-015   1.9371729125799093E-008  -2.8429226921177280E-008  -2.1746977768312642E-008   2.0483366083705826E-011   1.1609803089640828E-015   4.5830472743253771E-016  -2.2420550296504235E-015  -3.1588485845474560E-015   1.5830739875977552E-015   1.9978683464547768E-015
  -4.7516524824066061E-008  -3.9969407471409761E-008   6.9503177955132687E-009   3.1950380217615865E-010   3.2586416872319315E-016   1.8472884095201890E-014  -2.0247452673551501E-014  -5.0114974879595591E-015  -1.8528297293621250E-014   4.6856324532950917E-015  -8.5433870651747623E-008  -7.1859937598398568E-008   1.2494586912536418E-008  -2.0309913674290794E-010  -1.5965089400049448E-009   6.7082038171818069E-010   5.2340127212309102E-010   1.6684354323946214E-011  -2.0706476421262761E-016   2.4540665198092720E-016   3.7292571214186840E-016   1.5153123008865019E-016   1.5761533440174373E-016   1.2628522575577048E-016  -6.2678699987279196E-016   6.3347258684849072E-017   5.9552199824481081E-016  -3.2517968144466632E-016  -3.3429832058059789E-013  -6.5069515540650373E-017   9.5127368932284635E-015  -1.1163906708064180E-014  -2.4965493688062929E-015  -1.0453380657928126E-014   2.5616179890831401E-015  -4.1361186190817831E-008  -3.4872685447916667E-008   6.0863692583439107E-009   5.8434037121126457E-011   6.7772119000674533E-016   2.6852161833698025E-015  -2.2297772056787527E-015  -1.0883821073809593E-015  -1.9992624498643120E-015   4.1066083790950233E-016
   4.2354595631014529E-008   6.8149454559083411E-008   6.5853935439802089E-008  -4.4063165301539843E-010  -1.3852659473930414E-014  -2.0247452673551501E-014   5.0989625627858898E-014   1.7968994943741024E-014  -8.4734726646729094E-015  -4.1163359005884083E-015   7.6157927776591662E-008   1.2253089072036182E-007   1.1840488648433078E-007  -1.5001932439426310E-009   4.8960179070972454E-010   5.2359822477690711E-011  -7.2195825392022111E-010   1.0523516795445491E-011  -1.9437484015960686E-016  -1.0285859425066558E-015  -6.2478979573156424E-016   5.8440087901438124E-016  -2.9715895491527434E-016  -3.2362837506711189E-016   6.6680276966267204E-016  -1.0727569312652198E-015   1.3396663761657128E-016   1.2652668800533316E-015  -6.4733265542613131E-014  -7.1861013880411766E-015  -1.0216932026564004E-014   2.7496151348373388E-014   8.5010471205175615E-015  -3.8052080967856534E-015  -1.3149467344114068E-015   3.6772464274181867E-008   5.9332558554251646E-008   5.7310129387340358E-008  -7.7442036471868016E-011  -1.9745187556183366E-015  -3.3157802725893953E-015   6.2349003114843810E-015   3.8014287226104332E-015  -2.0255304298477790E-015  -1.8269100856269771E-015
  -5.3798201227548351E-008   9.0252694474972212E-008  -1.1319067248759482E-009  -8.1964467310635715E-010  -1.9473988316996251E-014  -5.0114974879595591E-015   1.7968994943741024E-014   5.2248684280513304E-014   9.7011921806252123E-015  -3.2774696316115115E-014  -9.6728285744779943E-008   1.6226647842966881E-007  -2.0387331492199383E-009  -2.0584735775323427E-010   2.4343644952292321E-009   1.1776668248582607E-009  -1.3427843866029085E-009  -2.7806637983762260E-011  -5.7876333461015160E-016  -8.0680725181220154E-016  -8.5918102897687886E-016   1.3090988469855751E-015   1.3181030785304364E-015  -5.3259488598087611E-016   8.7712083378445714E-016  -1.3891175773263037E-015  -3.6998696871187043E-016   1.6757830970764864E-015  -7.4675068347477073E-013  -1.0632395250725593E-014  -1.5315273352481430E-015   8.3885879200049837E-015   2.7538465752564898E-014   6.5022376106101935E-015  -1.6906070870420999E-014  -4.6827758664716414E-008   7.8677589137082531E-008  -9.1811984201829644E-010  -1.4849686591073712E-010  -2.7018073056711882E-015  -1.6898469114309769E-015   3.6533896665258961E-015   7.8543932032891702E-015  -1.0295067524570270E-016  -5.1525859079844173E-015
   3.3832574868564947E-008   4.1730784044614637E-008  -9.2137574067584498E-008   2.0746984446447067E-010   8.0612792255988685E-015  -1.8528297293621250E-014  -8.4734726646729094E-015   9.7011921806252123E-015   5.3829708341906931E-014  -1.7762469064792764E-014   6.0829154456212195E-008   7.5036156002447973E-008  -1.6566017959050084E-007   5.4283311052236577E-010  -1.4594576242794199E-009  -8.8486585569475407E-010   3.3947202865359823E-010   1.0510802784411365E-010   4.5807908268457561E-016   3.4771216444318084E-016  -4.0503607764665332E-016  -5.2748556101360583E-016   5.0957912375787012E-016  -8.7099164750164956E-017   9.4318346553332464E-016   5.9032635858850828E-016  -1.6131318056095869E-015  -1.3809360171381009E-016   2.1252354411360886E-012   4.4893477914670421E-015  -9.3978380407552531E-015  -4.5253655387755731E-015   5.9342821299409911E-015   2.9605115612155995E-014  -1.0423626692446587E-014   2.9472481294693729E-008   3.6231909429251843E-008  -8.0229840487084575E-008   4.6788763771064438E-011  -2.1736560561867844E-016  -2.6476748540680778E-015  -1.0290279256650134E-015   9.3906052113191248E-016   6.6220096261971317E-015  -7.2169457166259976E-016
   3.1480386795830373E-008  -5.7641680203826082E-008   2.6194876109848362E-008   7.4904078230894842E-010   9.1104725483008948E-015   4.6856324532950917E-015  -4.1163359005884083E-015  -3.2774696316115115E-014  -1.7762469064792764E-014   2.3664223517066353E-014   5.6598309137800194E-008  -1.0363474790566006E-007   4.7105206757276588E-008   1.0791906260805672E-009  -1.5433893981918043E-009  -2.2909658868543873E-009   1.2274541246587677E-009  -5.6655356557992353E-011   2.5015160807139659E-016   3.2102828748286833E-016   5.5452051653213087E-016  -6.5808727398292864E-016  -9.5548717926090772E-016   3.2246699163880518E-016  -6.5563536400891834E-016   6.3981475159705706E-016   5.5860732246292581E-016  -8.9020890618608503E-016  -1.8248081579573070E-012   5.0068285773033717E-015   1.7467061420017928E-015  -1.4094160022789679E-015  -1.7540265990948181E-014  -1.0407911917261921E-014   1.2533437009339343E-014   2.7456031843703057E-008  -5.0248361501010598E-008   2.2665094632607405E-008   1.2800682314744775E-010   1.5408271290953822E-015   1.2315420852839455E-015  -1.4113346569018132E-015  -4.6955447984795934E-015  -1.4801229346031911E-015   3.1547176088781177E-015
  0.37996543396380439       -5.1351482310013234E-009  -9.0808944564635006E-009   7.2426242100245126E-010   4.0129981409637501E-008  -8.5433870651747623E-008   7.6157927776591662E-008  -9.6728285744779943E-008   6.0829154456212195E-008   5.6598309137800194E-008  0.68317606066181891        6.0789726883838768E-009   1.7932285200221204E-008  -1.5983964210084214E-007   1.3115123278249583E-009   2.5397703446798426E-009   2.1161884792367258E-008   2.5987611863706896E-009   2.3309892358618457E-009   3.4644043766678105E-010   4.5537350671624278E-011  -3.6829050453708385E-009  -4.1519785074538729E-009   5.5547495992897146E-010   1.1321456415665699E-009   2.6293184050041694E-009  -1.8653722363206686E-009  -1.9937199962692649E-009   1.5150967976115293E-009   2.3226546822138273E-008  -4.6490243502754298E-008   4.5463954583608786E-008  -5.2133551651776846E-008   3.2216032582110276E-008   2.8907009480193064E-008  0.33065208728946832        1.4908367837359856E-009   6.4351109696944814E-009  -2.2779468588120041E-009   2.4725638529820250E-009  -1.0228296033485359E-008   4.5515245480743333E-009  -1.2449876441525368E-008   8.8681793146488753E-009   9.9773129274650345E-009
   3.6616718686628279E-010  0.37996547839987876       -1.3575855383205691E-008   2.0408989165312185E-009  -5.8631728774918406E-008  -7.1859937598398568E-008   1.2253089072036182E-007   1.6226647842966881E-007   7.5036156002447973E-008  -1.0363474790566006E-007   6.0789726883838768E-009  0.68317596509246492        2.9199792437100086E-008   2.9225261405897810E-010  -1.7107183362577475E-007   3.1632495628212293E-009  -1.7180744177086688E-008  -2.9149052983829955E-009  -1.0674595306390764E-009  -3.2791259334195484E-009  -3.5714828608762718E-009   3.2864954598412002E-009   3.0952317311254002E-009  -1.8543475378345871E-009   4.4724764929128505E-009  -4.3038518314704065E-009  -2.7213857558618693E-009   5.8699280570265569E-009  -1.1934401334833679E-009  -3.1179850201622717E-008  -3.4096895137394846E-008   6.3234065214504430E-008   8.4801083012460797E-008   4.5437293192836986E-008  -5.3621230454068265E-008   2.7290015697715891E-009  0.33065204602987369        1.4068898009015864E-008   1.0397184807527638E-009  -9.9228410451139454E-009  -1.3248714250009806E-008   1.8278956209346116E-008   2.5767353906288426E-008   4.4926339303659351E-009  -1.5844512549224607E-008
  -5.9098291060140015E-009  -1.5628686713649385E-008  0.37996548311895928       -7.1149961601926510E-010  -4.5066480635738999E-008   1.2494586912536418E-008   1.1840488648433078E-007  -2.0387331492199383E-009  -1.6566017959050084E-007   4.7105206757276588E-008   1.7932285200221204E-008   2.9199792437100086E-008  0.68317595624063132        1.9845511859382374E-009   3.5739503632892639E-009  -1.7209000329107497E-007   4.9397365294476486E-008   6.7680056591655557E-009  -1.5170874078348151E-009  -2.8048105336294022E-009   7.3944933134212461E-011   2.2966889220590056E-009  -2.2121186881772353E-009  -2.6130211737666110E-010  -1.4179129325143629E-009  -3.4125780961156955E-009   4.7071415387487878E-009   2.4884139888908140E-009   3.4861604682736882E-009  -2.4091950112535873E-008   6.2281131107012175E-009   6.4006747027541548E-008  -5.1961537402165809E-009  -8.9694465777771938E-008   2.9288093588348434E-008   7.0856787864279893E-009   1.3547849559491723E-008  0.33065204150021421       -4.4819290087495399E-009  -2.6736327371364846E-009   1.1284703135260830E-009   1.4210294203549957E-008   3.2770700535249050E-009  -2.2068444273572718E-008  -6.0343841790263468E-010
   3.1983879827730392E-003   1.5593621285485264E-010   1.0660340924994674E-009   9.9035804858439296E-010  -8.7334360584993773E-010  -2.0309913674290794E-010  -1.5001932439426310E-009  -2.0584735775323427E-010   5.4283311052236577E-010   1.0791906260805672E-009  -1.5983964210084214E-007   2.9225261405897810E-010   1.9845511859382374E-009   1.8925944214836004       -8.5242407391765761E-011   4.8149410532855060E-011  -2.5859556781916229E-009  -8.9960364867700518E-009  -3.6194527277195896E-011  -6.5588578834451255E-011  -1.1076571120850260E-010  -6.3721554667848701E-011  -1.7675728323037105E-010   1.1229333007511947E-010   9.8842247162619575E-011   1.2910868821168025E-010  -6.7021746016710358E-011  -1.3671525319945874E-011  -8.6517696384703382E-010   3.6660209374288495E-009  -2.1657742232038019E-009   6.7133352470094183E-009  -1.8877621552306149E-009   2.2889048437958202E-011  -1.7782592903581295E-009  0.11026345103002000        2.2421491165339564E-010   9.1795912834169649E-010   5.2360963648528474E-009   8.9561773680679642E-009  -3.5256159587760588E-009   1.6646272866519886E-008  -2.7858204214802968E-009  -1.4045546068618649E-009  -6.1703560665031070E-009
   7.1994443682051772E-010   3.1983828513165976E-003   1.3792606609495650E-009  -6.7260904108527263E-010  -8.9097735675396242E-010  -1.5965089400049448E-009   4.8960179070972454E-010   2.4343644952292321E-009  -1.4594576242794199E-009  -1.5433893981918043E-009   1.3115123278249583E-009  -1.7107183362577475E-007   3.5739503632892639E-009  -8.5242407391765761E-011   1.8925944186328654        1.7107912894796962E-009   1.6726722401900533E-009   5.9949831134359597E-009   2.3332930171380268E-011  -3.0731493770596334E-010  -6.1068955075233718E-011   3.5771055778711788E-011   7.9914956202045278E-011  -6.7075614623703569E-011   3.2552187113432718E-010  -2.9632757805870618E-010  -1.2939758385482684E-010   2.6639040647309027E-010   5.6758353855258734E-010   1.6045888195437992E-009   3.2385630893543036E-009  -1.2385669636717223E-009  -2.8025320070245733E-009   6.9943786554797808E-009   1.1979401055762542E-009   7.1939987228019373E-010  0.11026344819304439        1.6081820587624363E-010  -3.4728062023568520E-009   4.7425133059858282E-009   9.9136693177381280E-009  -2.1653235393855125E-009  -1.0717851760572649E-008   1.6629446389537439E-008   5.9753380272124637E-009
   1.3728888631733710E-009   1.1528002242939551E-009   3.1983825076756390E-003   2.1947761489152037E-009   1.1133063331824332E-009   6.7082038171818069E-010   5.2359822477690711E-011   1.1776668248582607E-009  -8.8486585569475407E-010  -2.2909658868543873E-009   2.5397703446798426E-009   3.1632495628212293E-009  -1.7209000329107497E-007   4.8149410532855060E-011   1.7107912894796962E-009   1.8925944178002947       -5.5981269280717677E-009  -1.9710065992647655E-008   2.2931744435651198E-011  -6.9137604074742043E-011  -1.3766328509653060E-010   1.3312497531838521E-010  -1.2180287748547495E-010  -1.6388917977424215E-010  -1.0106242817382694E-010  -1.3758990590041521E-010   2.0472348215884634E-010   2.0519016980415403E-010  -1.8848286111021328E-009  -3.8885737151406443E-009   1.0522811402379986E-009   2.9988268831586891E-009  -4.2430040098149231E-009  -1.7304606481097873E-009   8.1315846321179719E-009   1.1897017450399366E-009  -3.7787386463116617E-011  0.11026344847429545        1.1451537909055840E-008  -1.0147065202687297E-008  -8.0643954747796118E-010   5.7236502518885152E-009  -1.0520366422556039E-008  -1.5472935418550237E-009   2.0667432043659633E-008
  -1.7098615401967075E-008   1.0959767196124380E-008  -3.7301487689326044E-008  0.51386097883718207        1.1540119094604100E-010   5.2340127212309102E-010  -7.2195825392022111E-010  -1.3427843866029085E-009   3.3947202865359823E-010   1.2274541246587677E-009   2.1161884792367258E-008  -1.7180744177086688E-008   4.9397365294476486E-008  -2.5859556781916229E-009   1.6726722401900533E-009  -5.5981269280717677E-009  0.84190005123512601        9.6368392096877815E-007  -1.4938126578519637E-010  -8.2442872811951587E-009   2.5512609721261140E-009  -8.6260811808498623E-009   7.2561314750918294E-009   8.8264971605285083E-009   1.8456702600955488E-008   2.6971385837051636E-009  -1.6517977321640289E-008  -3.9119263182542484E-009   2.4169480097318472E-007   5.7736218109216870E-009   1.0988937527206517E-009   1.3141293463065278E-009  -3.6611634207711835E-009   2.6154626568498661E-009  -2.1122682894317061E-009   1.2312963826870583E-008  -9.8148371019690322E-009   2.8567948045825559E-008   9.1462494220156815E-002   1.0521721920524273E-009   3.0934197835373886E-010   1.9835821883287419E-010  -7.9683790486317687E-010   5.4357080873191703E-010  -2.5530994969336353E-010
   4.6371814202109658E-009  -3.7539606292633198E-009   1.0767786331373158E-008   4.3441673690141017E-003   8.4309352750398068E-011   1.6684354323946214E-011   1.0523516795445491E-011  -2.7806637983762260E-011   1.0510802784411365E-010  -5.6655356557992353E-011   2.5987611863706896E-009  -2.9149052983829955E-009   6.7680056591655557E-009  -8.9960364867700518E-009   5.9949831134359597E-009  -1.9710065992647655E-008   9.6368392096877815E-007   1.7396979667504298        3.5667080006399488E-011  -4.2380962913898580E-010   4.6631120607068722E-011  -5.6706334855469393E-010   4.3952666489144688E-010   5.1921145376553052E-010   9.4536447756712723E-010   1.3109246346697669E-010  -8.4453027049698990E-010  -1.3246708618815623E-010  -1.7921819724739797E-006  -7.0434387028196960E-011  -1.5077036338302924E-011   3.1413131302437636E-011   3.9533542036248974E-011  -1.3256929646263172E-010   3.0758933315560379E-011   7.7834852887139826E-009  -5.8019740765516875E-009   1.7622759558462981E-008  0.16397650833297056       -8.0346302243658110E-010  -7.8841806939524604E-011  -1.0236188652599565E-010   3.4409312199120467E-010  -6.4612073126975200E-010   4.5940467103228010E-010
   1.2963767762567498E-009  -5.9365496870397882E-010  -8.4372755434935721E-010  -9.1087058275889744E-011   3.2861174017287937E-016  -2.0706476421262761E-016  -1.9437484015960686E-016  -5.7876333461015160E-016   4.5807908268457561E-016   2.5015160807139659E-016   2.3309892358618457E-009  -1.0674595306390764E-009  -1.5170874078348151E-009  -3.6194527277195896E-011   2.3332930171380268E-011   2.2931744435651198E-011  -1.4938126578519637E-010   3.5667080006399488E-011   1.3018609833818039E-017   1.3984885986164567E-017   5.1195696457043067E-018  -2.1279095025800442E-017  -1.5366043854248413E-017   3.8125223551990821E-018  -3.2312192755866060E-018   2.2790399282599618E-017  -9.6496639626671417E-018  -2.0802738288015875E-017  -1.3054959536743463E-012   1.8034332613785667E-016  -1.1927954223219777E-016  -8.6156181524616694E-017  -2.9824109073525494E-016   2.3770228090859922E-016   1.1789776300592432E-016   1.1260726238880693E-009  -5.1528304143686153E-010  -7.3292294809416056E-010  -1.2866474116856175E-011   2.9439012619900734E-017  -1.6580331591497188E-017  -4.4899956539723005E-017  -9.0075299860030792E-017   7.2347897537517538E-017   6.0636286727385402E-017
   1.9257102182139823E-010  -1.8242877152181172E-009  -1.5600819687058767E-009  -5.0330304518399699E-009   4.8577832969874120E-016   2.4540665198092720E-016  -1.0285859425066558E-015  -8.0680725181220154E-016   3.4771216444318084E-016   3.2102828748286833E-016   3.4644043766678105E-010  -3.2791259334195484E-009  -2.8048105336294022E-009  -6.5588578834451255E-011  -3.0731493770596334E-010  -6.9137604074742043E-011  -8.2442872811951587E-009  -4.2380962913898580E-010   1.3984885986164567E-017   1.0832023515374782E-016  -8.1137452771278835E-018   5.7529140350878615E-017  -7.9045186658309661E-017  -7.6291879800179792E-017  -1.9609164959096186E-016   9.6066054980517098E-018   1.5476457150654123E-016  -1.1124812776323280E-018   1.4531811141131175E-011   2.0358018466868691E-016   1.0326754881071889E-016  -5.5625756359011282E-016  -3.7561676736886200E-016   1.3983750179833926E-016   1.7203478900986923E-016   1.6385333726819986E-010  -1.6049767274376762E-009  -1.3615353586301604E-009  -9.3559210943200316E-010   4.9041053975684297E-017   4.9303583437072576E-017  -1.4612061067626823E-016  -1.3350594412276421E-016   6.5775675812665272E-017   8.4464646632299865E-017
   2.5139468319265831E-011  -1.9864730795158199E-009   4.0893641657353462E-011   1.5573005848388210E-009   3.0466071329821519E-016   3.7292571214186840E-016  -6.2478979573156424E-016  -8.5918102897687886E-016  -4.0503607764665332E-016   5.5452051653213087E-016   4.5537350671624278E-011  -3.5714828608762718E-009   7.3944933134212461E-011  -1.1076571120850260E-010  -6.1068955075233718E-011  -1.3766328509653060E-010   2.5512609721261140E-009   4.6631120607068722E-011   5.1195696457043067E-018  -8.1137452771278835E-018   2.6432867403514728E-017  -4.3340380135405162E-017   5.3197870905131925E-018   3.6471747003535040E-017   3.2487831054100071E-017   3.0494246373083745E-017  -3.5472966468212068E-017  -4.2430975254699530E-017  -1.4393709437253452E-012   1.7945222563074646E-016   1.7910116933901954E-016  -3.1720240300225706E-016  -4.5794150330075232E-016  -2.3727525831202541E-016   2.7848983646084393E-016   1.5586477067387341E-011  -1.7321288989837137E-009   2.7768476780037735E-011   2.8155952956781734E-010   5.4977500424362376E-017   6.9581937992434991E-017  -9.4438946092704813E-017  -1.3631217119406458E-016  -2.3995891828307205E-017   8.1334743651558581E-017
  -2.0484471150596794E-009   1.8279272097627306E-009   1.2775868851051264E-009  -5.2664194840458420E-009  -6.5101229094527702E-016   1.5153123008865019E-016   5.8440087901438124E-016   1.3090988469855751E-015  -5.2748556101360583E-016  -6.5808727398292864E-016  -3.6829050453708385E-009   3.2864954598412002E-009   2.2966889220590056E-009  -6.3721554667848701E-011   3.5771055778711788E-011   1.3312497531838521E-010  -8.6260811808498623E-009  -5.6706334855469393E-010  -2.1279095025800442E-017   5.7529140350878615E-017  -4.3340380135405162E-017   1.3196480814101176E-016  -4.4654584445086867E-017  -1.0341547126870709E-016  -1.7877412270849605E-016  -7.4047989399317914E-017   1.8232124553989058E-016   8.7495942164924892E-017   1.9661961670619577E-011  -4.1569724752520424E-016   9.6486716232958401E-017   2.6076841808887642E-016   7.0873286757427082E-016  -2.8336926166356052E-016  -2.9303756956597102E-016  -1.7862109408414042E-009   1.5927232785934743E-009   1.1193361408058639E-009  -9.9057271758835445E-010  -8.1496660083124027E-017  -7.6959536996064641E-018   1.0897045807480454E-016   2.0929252914581306E-016  -1.0549010642705639E-016  -1.2779613371469944E-016
  -2.3095255069478930E-009   1.7216262863390305E-009  -1.2305318442517075E-009   4.4299405588020296E-009  -3.6261532529107105E-016   1.5761533440174373E-016  -2.9715895491527434E-016   1.3181030785304364E-015   5.0957912375787012E-016  -9.5548717926090772E-016  -4.1519785074538729E-009   3.0952317311254002E-009  -2.2121186881772353E-009  -1.7675728323037105E-010   7.9914956202045278E-011  -1.2180287748547495E-010   7.2561314750918294E-009   4.3952666489144688E-010  -1.5366043854248413E-017  -7.9045186658309661E-017   5.3197870905131925E-018  -4.4654584445086867E-017   1.0909745606142318E-016   6.5270781209962529E-017   1.7729777726910682E-016  -1.1655188082992031E-018  -1.5882499636773137E-016  -3.0962284834857167E-018  -1.5227557623060785E-011  -1.5469461424885465E-016   1.1763369395142698E-016  -1.8660569185472396E-016   6.8665540074319941E-016   3.2341197054911232E-016  -5.3195916862791739E-016  -2.0198244458638284E-009   1.5027248849419217E-009  -1.0777451332767202E-009   8.2972238583422217E-010  -4.2444374487739952E-017   1.9288579603252356E-018   8.8103054639776355E-018   1.7549930250568253E-016   4.3370573905021982E-017  -1.3305470674370098E-016
   3.0913076453147155E-010  -1.0314551139353697E-009  -1.4560732542711231E-010   5.3886255860395190E-009   2.1012859399195723E-016   1.2628522575577048E-016  -3.2362837506711189E-016  -5.3259488598087611E-016  -8.7099164750164956E-017   3.2246699163880518E-016   5.5547495992897146E-010  -1.8543475378345871E-009  -2.6130211737666110E-010   1.1229333007511947E-010  -6.7075614623703569E-011  -1.6388917977424215E-010   8.8264971605285083E-009   5.1921145376553052E-010   3.8125223551990821E-018  -7.6291879800179792E-017   3.6471747003535040E-017  -1.0341547126870709E-016   6.5270781209962529E-017   9.8300369295428042E-017   1.8310912972659887E-016   4.3471146926986523E-017  -1.6937464430521237E-016  -5.9585899301521437E-017  -1.7908047129832311E-011   1.7373854192102676E-016   6.3548974454146789E-017  -1.4518293430596887E-016  -3.0859429749730216E-016  -3.5545596889155231E-017   1.3485770722774996E-016   2.7538801436380047E-010  -9.0139821420353996E-010  -1.3601648270450762E-010   1.0078349500896093E-009   4.1999823709437394E-017   2.9941962500901320E-017  -4.8731240191513325E-017  -8.8442377186921079E-017   8.4241574500379169E-018   4.6442818817398661E-017
   6.2983750866387981E-010   2.4880308098658241E-009  -7.8878036246735134E-010   1.1267569239461720E-008  -2.2148396400854014E-016  -6.2678699987279196E-016   6.6680276966267204E-016   8.7712083378445714E-016   9.4318346553332464E-016  -6.5563536400891834E-016   1.1321456415665699E-009   4.4724764929128505E-009  -1.4179129325143629E-009   9.8842247162619575E-011   3.2552187113432718E-010  -1.0106242817382694E-010   1.8456702600955488E-008   9.4536447756712723E-010  -3.2312192755866060E-018  -1.9609164959096186E-016   3.2487831054100071E-017  -1.7877412270849605E-016   1.7729777726910682E-016   1.8310912972659887E-016   4.3929960219268472E-016   4.2427317818350244E-017  -3.9329096164705036E-016  -5.5838344337461217E-017  -3.2418404175338062E-011   1.1581160269032622E-017  -2.8871732054238923E-016   3.8526920659153870E-016   3.9895312907793272E-016   5.9556857118855838E-016  -4.1053015508113987E-016   5.5370866608918634E-010   2.1836101966289364E-009  -6.9214708856534632E-010   2.0942114876325716E-009  -3.0859156607069576E-017  -9.7723337139225562E-017   1.0219880135396627E-016   1.2254626623406994E-016   1.0434500419786359E-016  -9.1686552482182118E-017
   1.4625793196829266E-009  -2.3941959366069196E-009  -1.8982237207048680E-009   1.6465492937261910E-009   7.4930308390666571E-016   6.3347258684849072E-017  -1.0727569312652198E-015  -1.3891175773263037E-015   5.9032635858850828E-016   6.3981475159705706E-016   2.6293184050041694E-009  -4.3038518314704065E-009  -3.4125780961156955E-009   1.2910868821168025E-010  -2.9632757805870618E-010  -1.3758990590041521E-010   2.6971385837051636E-009   1.3109246346697669E-010   2.2790399282599618E-017   9.6066054980517098E-018   3.0494246373083745E-017  -7.4047989399317914E-017  -1.1655188082992031E-018   4.3471146926986523E-017   4.2427317818350244E-017   6.2994789131952499E-017  -6.6528484180250501E-017  -6.9682337005078113E-017  -4.4875635681387908E-012   4.2493334017072062E-016   7.5545865963747003E-018  -5.3846254073716529E-016  -7.2002403960208019E-016   2.9318443594322003E-016   2.9509135206884017E-016   1.2800923717891200E-009  -2.1002962930526514E-009  -1.6596783162279869E-009   3.0536883745137868E-010   8.9299287143845507E-017   3.7712623594165104E-017  -1.6693244767970583E-016  -2.2688732369026120E-016   1.1516935661728175E-016   1.3758812205446140E-016
  -1.0375861718524402E-009  -1.5137863458564690E-009   2.6183425265447253E-009  -1.0083999766786005E-008  -1.8862173931896576E-016   5.9552199824481081E-016   1.3396663761657128E-016  -3.6998696871187043E-016  -1.6131318056095869E-015   5.5860732246292581E-016  -1.8653722363206686E-009  -2.7213857558618693E-009   4.7071415387487878E-009  -6.7021746016710358E-011  -1.2939758385482684E-010   2.0472348215884634E-010  -1.6517977321640289E-008  -8.4453027049698990E-010  -9.6496639626671417E-018   1.5476457150654123E-016  -3.5472966468212068E-017   1.8232124553989058E-016  -1.5882499636773137E-016  -1.6937464430521237E-016  -3.9329096164705036E-016  -6.6528484180250501E-017   3.7289083807241047E-016   7.6027012791698041E-017   2.8959826897908141E-011  -2.1911542016378343E-016   2.8409009821308651E-016   3.9359767416432376E-017  -1.5964193401281866E-016  -9.3888026120100398E-016   3.7875360116714809E-016  -9.0673097078669148E-010  -1.3246690841668737E-009   2.2901484859491647E-009  -1.8740874289216543E-009  -7.6382813541728719E-018   8.1807192097681522E-017   9.0050644632457343E-018  -3.0909303630899717E-017  -2.0576938877246471E-016   3.8547081011603844E-017
  -1.1088802406630872E-009   3.2651579910530169E-009   1.3843408701560149E-009  -2.3880088630619461E-009  -7.8557453303117706E-016  -3.2517968144466632E-016   1.2652668800533316E-015   1.6757830970764864E-015  -1.3809360171381009E-016  -8.9020890618608503E-016  -1.9937199962692649E-009   5.8699280570265569E-009   2.4884139888908140E-009  -1.3671525319945874E-011   2.6639040647309027E-010   2.0519016980415403E-010  -3.9119263182542484E-009  -1.3246708618815623E-010  -2.0802738288015875E-017  -1.1124812776323280E-018  -4.2430975254699530E-017   8.7495942164924892E-017  -3.0962284834857167E-018  -5.9585899301521437E-017  -5.5838344337461217E-017  -6.9682337005078113E-017   7.6027012791698041E-017   8.3564130890062297E-017   4.4173023764628676E-012  -4.5048049156404956E-016  -1.3912547123427978E-016   6.3776976730939104E-016   8.7800407295622461E-016  -4.1664873541178287E-017  -4.2752448433666311E-016  -9.6574207508350270E-010   2.8565213165735913E-009   1.2163282190555341E-009  -4.3747057975660706E-010  -1.0753749524580049E-016  -7.9972735635668440E-017   1.9481365491573288E-016   2.7071248524664117E-016  -6.7954873182578314E-017  -1.6317510805761071E-016
   6.6085320328579097E-010  -5.3782939401713147E-010   1.5364466730629525E-009  -4.6031754849791980E-005   2.5371618187539264E-012  -3.3429832058059789E-013  -6.4733265542613131E-014  -7.4675068347477073E-013   2.1252354411360886E-012  -1.8248081579573070E-012   1.5150967976115293E-009  -1.1934401334833679E-009   3.4861604682736882E-009  -8.6517696384703382E-010   5.6758353855258734E-010  -1.8848286111021328E-009   2.4169480097318472E-007  -1.7921819724739797E-006  -1.3054959536743463E-012   1.4531811141131175E-011  -1.4393709437253452E-012   1.9661961670619577E-011  -1.5227557623060785E-011  -1.7908047129832311E-011  -3.2418404175338062E-011  -4.4875635681387908E-012   2.8959826897908141E-011   4.4173023764628676E-012   2.0000955867009669       -1.2242726495309233E-011  -1.3743573979064995E-013  -2.2911948454656580E-012   4.2657992740884795E-012  -8.4566962686189664E-012   7.9553519302851998E-012   2.3763564885903078E-010  -2.3867128488417817E-010   5.9074420694580713E-010  -2.9580278476747519E-004  -6.6708716791559945E-013  -2.5834160832661799E-012  -3.3476396492977158E-012   1.6480427461039115E-012   2.6723714652737348E-012  -9.7277990644728618E-013
   1.2924220354810348E-008  -1.7338744398766434E-008  -1.3405915145884305E-008   3.5238045186761686E-009   5.6255674800055623E-015  -6.5069515540650373E-017  -7.1861013880411766E-015  -1.0632395250725593E-014   4.4893477914670421E-015   5.0068285773033717E-015   2.3226546822138273E-008  -3.1179850201622717E-008  -2.4091950112535873E-008   3.6660209374288495E-009   1.6045888195437992E-009  -3.8885737151406443E-009   5.7736218109216870E-009  -7.0434387028196960E-011   1.8034332613785667E-016   2.0358018466868691E-016   1.7945222563074646E-016  -4.1569724752520424E-016  -1.5469461424885465E-016   1.7373854192102676E-016   1.1581160269032622E-017   4.2493334017072062E-016  -2.1911542016378343E-016  -4.5048049156404956E-016  -1.2242726495309233E-011   3.1183308300251061E-015  -2.4011017212883743E-016  -3.5826672879183223E-015  -5.4818987375394959E-015   2.2120534571226317E-015   2.3635696118029459E-015   1.1455059061857868E-008  -1.4997330084372927E-008  -1.1886873964684123E-008   6.2059818657631341E-010   6.8068660865534758E-016   2.2248716476245565E-016  -1.1606089084799898E-015  -1.7131910519782012E-015   8.9300431496833071E-016   1.0325046453803565E-015
  -2.5860370592575611E-008  -1.8958371484476475E-008   3.4657027353556116E-009   6.7068158440296609E-010  -2.1517919047058994E-016   9.5127368932284635E-015  -1.0216932026564004E-014  -1.5315273352481430E-015  -9.3978380407552531E-015   1.7467061420017928E-015  -4.6490243502754298E-008  -3.4096895137394846E-008   6.2281131107012175E-009  -2.1657742232038019E-009   3.2385630893543036E-009   1.0522811402379986E-009   1.0988937527206517E-009  -1.5077036338302924E-011  -1.1927954223219777E-016   1.0326754881071889E-016   1.7910116933901954E-016   9.6486716232958401E-017   1.1763369395142698E-016   6.3548974454146789E-017  -2.8871732054238923E-016   7.5545865963747003E-018   2.8409009821308651E-016  -1.3912547123427978E-016  -1.3743573979064995E-013  -2.4011017212883743E-016   4.9322416611301824E-015  -5.6727104776799811E-015  -7.4181727338471933E-016  -5.2633506095573951E-015   9.8192716635256955E-016  -2.2627108784914058E-008  -1.6313961697734907E-008   3.0756667722892487E-009   1.1796069631616636E-010   2.9621542934576091E-016   1.3885146579371334E-015  -1.1117887882690704E-015  -4.3098612862432591E-016  -9.9897283855314452E-016   1.3477068056270619E-016
   2.5297257884956883E-008   3.5167117512740463E-008   3.5604025395501769E-008   8.0216616829117362E-010  -6.9791719748489408E-015  -1.1163906708064180E-014   2.7496151348373388E-014   8.3885879200049837E-015  -4.5253655387755731E-015  -1.4094160022789679E-015   4.5463954583608786E-008   6.3234065214504430E-008   6.4006747027541548E-008   6.7133352470094183E-009  -1.2385669636717223E-009   2.9988268831586891E-009   1.3141293463065278E-009   3.1413131302437636E-011  -8.6156181524616694E-017  -5.5625756359011282E-016  -3.1720240300225706E-016   2.6076841808887642E-016  -1.8660569185472396E-016  -1.4518293430596887E-016   3.8526920659153870E-016  -5.3846254073716529E-016   3.9359767416432376E-017   6.3776976730939104E-016  -2.2911948454656580E-012  -3.5826672879183223E-015  -5.6727104776799811E-015   1.4906630211190475E-014   3.8755938899432253E-015  -2.0570915913573923E-015  -2.9292673072160155E-016   2.2395335709277111E-008   3.0532654751292630E-008   3.1153499719698284E-008   1.4572472946107466E-010  -9.9018140590846286E-016  -1.8210229088703236E-015   3.3959791613393795E-015   1.8427397645356028E-015  -1.0790793637587470E-015  -8.5255836772829742E-016
  -2.8998567665388024E-008   4.7159517592371937E-008  -2.8971441633170411E-009  -2.2345214375610671E-009  -9.9982001821568520E-015  -2.4965493688062929E-015   8.5010471205175615E-015   2.7538465752564898E-014   5.9342821299409911E-015  -1.7540265990948181E-014  -5.2133551651776846E-008   8.4801083012460797E-008  -5.1961537402165809E-009  -1.8877621552306149E-009  -2.8025320070245733E-009  -4.2430040098149231E-009  -3.6611634207711835E-009   3.9533542036248974E-011  -2.9824109073525494E-016  -3.7561676736886200E-016  -4.5794150330075232E-016   7.0873286757427082E-016   6.8665540074319941E-016  -3.0859429749730216E-016   3.9895312907793272E-016  -7.2002403960208019E-016  -1.5964193401281866E-016   8.7800407295622461E-016   4.2657992740884795E-012  -5.4818987375394959E-015  -7.4181727338471933E-016   3.8755938899432253E-015   1.4575495770233173E-014   3.8459327630731387E-015  -9.0935978573441511E-015  -2.5342230559901851E-008   4.0879812914733504E-008  -2.7620990143102754E-009  -3.9401531596744135E-010  -1.3978482765693093E-015  -8.8329117439242681E-016   1.7864198434503044E-015   4.1692834232064103E-015   2.6641521842294653E-017  -2.7714352316122932E-015
   1.7917791865981092E-008   2.5282916604761300E-008  -4.9888759659776757E-008   1.5960437540538473E-009   3.9056757892483938E-015  -1.0453380657928126E-014  -3.8052080967856534E-015   6.5022376106101935E-015   2.9605115612155995E-014  -1.0407911917261921E-014   3.2216032582110276E-008   4.5437293192836986E-008  -8.9694465777771938E-008   2.2889048437958202E-011   6.9943786554797808E-009  -1.7304606481097873E-009   2.6154626568498661E-009  -1.3256929646263172E-010   2.3770228090859922E-016   1.3983750179833926E-016  -2.3727525831202541E-016  -2.8336926166356052E-016   3.2341197054911232E-016  -3.5545596889155231E-017   5.9556857118855838E-016   2.9318443594322003E-016  -9.3888026120100398E-016  -4.1664873541178287E-017  -8.4566962686189664E-012   2.2120534571226317E-015  -5.2633506095573951E-015  -2.0570915913573923E-015   3.8459327630731387E-015   1.6352765601205911E-014  -6.0579839127626011E-015   1.5593652226099460E-008   2.2398806122851163E-008  -4.3512268027862188E-008   2.7164601048777341E-010  -1.6209524062853447E-016  -1.4733440387645062E-015  -4.4773937878290267E-016   6.6389553124419144E-016   3.6789586461630085E-015  -5.0180003829570061E-016
