  0.63739985424772305        1.6048406567525081E-014   2.8675467845938356E-015  0.15792770263455166       -9.1756162158977991E-015  -1.7683387443336499E-015  -4.4735005064309918E-016  -3.2124611450169996E-002   3.5379520100287699E-014   2.4071320573892876E-014   2.8137271686837406E-017  -2.1991802051779271E-016  -3.7338562507225049E-018   7.4790682810237846E-017  -1.3930286021045006E-016   3.6452043740504784E-016   4.7096488000229840E-015  -3.3678834229397397E-014  -8.5633033249849366E-016  -2.5190623683211365E-016  -1.7686561612093612E-014  -4.7278794654766207E-017  -1.8090668364388286E-014  -2.0765519396374192E-015  -2.6903600235648920E-016  -9.7682789867057820E-016  -5.3835507102724110E-016   6.6300968182292607E-016  -5.3790061627639914E-016  -3.1731601824109156E-016   3.4241425005848225E-017   6.3413720670613919E-016   1.2040415408536034E-016  -6.5984551880472065E-017   3.3102883580085618E-002  -5.0491672207300431E-015  -1.4100521360278470E-015  -7.6846030778410641E-015  -3.0189937240938460E-015   1.4240264861541934E-016   7.1309214821689447E-015   3.5753253032905193E-016   3.9529611784739925E-016   2.1956327489355092E-015  -1.5871404828504273E-015
   1.6048406567525081E-014  0.63739985424778589        4.3701717897412018E-015   2.2896888880812510E-015  0.15792770263452982       -4.8275796534304706E-016   2.0843044018433088E-015   3.5994272160575768E-014  -3.2124611450028817E-002   3.0604517014777988E-014  -3.2349210308408171E-016  -1.7557883224001531E-016   9.1584705513349981E-017  -4.7552177383659598E-016  -2.6286503471209994E-017  -3.3305872689642439E-016   5.8323698841201879E-015   1.5234791449929387E-016  -1.4941862534544159E-014   9.4714913093348145E-017   1.9884672060995964E-016  -2.5963348615622452E-017   2.6742932492119552E-016  -2.6208475832799416E-014   4.4026242285213744E-017  -1.5254071472145663E-014  -1.7284337074318152E-016   1.7774772677469970E-015   1.5648899489586244E-015   3.4690839863365164E-016   1.6836962814605347E-016  -1.9604803016329762E-015  -3.6399630731696743E-017  -1.7511532352449894E-016   8.2568649372004040E-016   3.3102883580067848E-002  -3.3369565271233185E-016   2.3724258766096654E-014   5.3922870520573252E-015   2.0987532983240282E-015  -2.2756472475306760E-014  -5.7935634814423744E-016  -7.5875579401795455E-017   5.1879778211926030E-015   1.5996697574265669E-014
   2.8675467845938356E-015   4.3701717897412018E-015  0.63739985424745260        1.6231632469888668E-015  -5.4161955075555016E-016  0.15792770263459796       -4.0780487335284142E-016   2.7234879097044630E-014   3.4024617488202978E-014  -3.2124611450097033E-002   1.5275849569709650E-016   7.6951838984936410E-018   1.0101298963695622E-016  -3.9080078857402620E-016  -2.7790086903643868E-016  -3.4786251669742104E-016   7.1853454268337071E-015  -1.2174606555084022E-016  -4.5001519114143631E-016  -6.4612942152064738E-015  -2.6436869173557143E-017   5.8601038367452976E-017  -8.5996932773718522E-018  -8.0108231875864303E-016  -7.2606727258285043E-015  -3.1436690653737733E-016  -9.2566059837924112E-015   2.8075577717834771E-016  -1.1714617411108633E-016  -2.7615798460645702E-016   1.0813597759537412E-016  -3.4642126745629236E-016  -2.4513469402472835E-016  -3.0174503200389122E-016   5.4377714747029905E-016  -5.6379275827199125E-016   3.3102883580125947E-002   3.2143482424128492E-015  -3.5246469709558947E-015   2.2773509140441148E-015  -1.5086399270688011E-015  -4.3937040435885050E-015  -2.0377280933439270E-015   2.3741786431786406E-015   1.4753946110996134E-014
  0.15792770263455166        2.2896888880812510E-015   1.6231632469888668E-015   3.9130166117043876E-002  -2.7268851251668217E-015  -2.3899893812296482E-016  -1.5322542912742967E-015  -6.8353134354840013E-003  -2.1980108336965553E-014  -1.7086109658146312E-014   1.9409220883218132E-017  -4.7983057919489380E-017  -5.5437245129303242E-019   7.6502461270048680E-018  -3.4129052961131092E-017   8.8910503473989446E-017  -2.5118054466669141E-015  -8.3271734784351099E-015  -2.1268605592998749E-016  -6.3054633932286564E-017  -4.3742638620091225E-015  -1.1510264632316428E-017  -4.4751074241933250E-015  -5.1608451272829760E-016  -6.7449944057484868E-017  -2.4225133516992660E-016  -1.3434112992167047E-016  -2.0282681592326159E-015   4.6654652011743663E-016   2.2290379804490596E-016   1.3436050262702327E-017  -4.3553692164172001E-016  -2.0776863360125308E-017  -2.3503613261277875E-017   8.2022064979368897E-003  -1.3588554631084131E-015  -3.1670923394183442E-016   5.9782885306284411E-015   3.2087627533352021E-015   1.0184527306467978E-016  -6.0018638203829243E-015  -5.5200487552192981E-016  -1.5796561076687615E-017  -3.0171154515555119E-015  -2.4403975289292464E-015
  -9.1756162158977991E-015  0.15792770263452982       -5.4161955075555016E-016  -2.7268851251668217E-015   3.9130166117029075E-002  -5.5356977967488950E-016  -1.0182054966028157E-015  -2.2825071037300912E-014  -6.8353134355578849E-003  -1.9084025565236632E-014  -1.0951985494679042E-016  -5.0194961757467000E-017   1.9480283522893863E-017  -8.4671385672616150E-017  -5.6276776020665209E-018  -7.8716321089610412E-017  -2.4163750990006238E-015   3.8580602254757824E-017  -3.6991056060565059E-015   2.2429854526624043E-017   4.8771828019351038E-017  -6.5550155415178114E-018   6.5927069840338809E-017  -6.4910064051385646E-015   9.4900261085093174E-018  -3.7782294010146384E-015  -4.5007471844417665E-017  -2.2256901139916911E-015  -1.2628677474269477E-015  -3.0094547811188772E-016  -1.2365833693490812E-016   1.1311610022478233E-015   2.1594244733152585E-017  -2.9193990012133934E-018  -5.0098835532716574E-016   8.2022064979304730E-003  -1.8464945096122006E-016  -1.5831815966028758E-014  -3.7494583207165337E-015  -1.6462044898689806E-015   1.5558039067855100E-014   2.5998458640412044E-016   4.9080441796389518E-016  -2.5171865581547853E-015  -1.0223723482695921E-014
  -1.7683387443336499E-015  -4.8275796534304706E-016  0.15792770263459796       -2.3899893812296482E-016  -5.5356977967488950E-016   3.9130166117083344E-002  -2.0207426891181483E-015  -1.8114265469556024E-014  -2.0711537453953661E-014  -6.8353134355511949E-003   3.1079893042441070E-017   5.4956853973437979E-018   2.0549194760733177E-017  -9.3749979161592244E-017  -6.3383839841880380E-017  -8.3710066723583076E-017  -2.9983545177691998E-015  -3.0321835069707301E-017  -1.1222596911484468E-016  -1.5992251593436798E-015  -6.7572787724014790E-018   1.4721391868299749E-017  -1.3199759188054747E-018  -1.9907634609030622E-016  -1.7980077682685716E-015  -7.8053655872605813E-017  -2.2924994960306063E-015  -3.2687446765911331E-015  -3.3098626661913046E-016   1.5318807510275072E-016  -1.6668549602926678E-016   9.7767320864944911E-017   2.3990066339517514E-016   4.3072735886343785E-017  -8.7135236821337519E-018  -2.4048667831747491E-016   8.2022064979527191E-003  -3.1770703461302930E-015   2.0432101798925294E-015  -1.9860736052071901E-015   2.0477320219999335E-015   2.8549802531954724E-015   1.0475419732551658E-015  -4.1547679039926458E-015  -1.3512675368933100E-014
  -4.4735005064309918E-016   2.0843044018433088E-015  -4.0780487335284142E-016  -1.5322542912742967E-015  -1.0182054966028157E-015  -2.0207426891181483E-015  0.11497778764432492       -5.4148079122085831E-015   8.7826068053869851E-015  -1.2133798136973696E-015  -1.0912494796121515E-014   1.1294615023226266E-016  -4.3984700546934254E-016  -6.9699917727261447E-015   1.4507391343484479E-016  -9.2835600481427095E-015  0.30089852511950910       -1.8173741312238857E-016   3.5162332068074113E-017   2.5248618962637922E-018   1.6634520925013082E-017  -1.3525221132577196E-017  -1.0176607737152572E-016  -4.5370915910138162E-017  -1.9299108170209863E-017  -3.1823698769471156E-017   9.2920976120832358E-017  0.17328523049904856       -4.8907872776857066E-015   5.1817589695771307E-016   2.5355760430615868E-016  -1.0654113682156560E-014  -9.6816331960239929E-017  -7.3317782204168441E-015  -4.0971041280714105E-016  -7.7219956213045484E-016  -6.8971138956883749E-016   7.7541889524202174E-015   3.0518037755117890E-015  -1.5849216769845755E-015  -2.5918539214388491E-014  -4.5697806500375135E-017   2.3011966980544785E-014  0.28932184641160513        5.0156763505318719E-003
  -3.2124611450169996E-002   3.5994272160575768E-014   2.7234879097044630E-014  -6.8353134354840013E-003  -2.2825071037300912E-014  -1.8114265469556024E-014  -5.4148079122085831E-015   2.0007799339750161        2.3085355308149933E-014   1.6441078148687238E-014   1.5651070141338801E-015   1.2636437751670191E-015   4.8645327378708026E-016   9.0448214616679752E-016   2.3669322871035169E-015  -2.2247710509182257E-015   1.0084282200047122E-014   3.2615788119862314E-014  -8.7135336107126762E-016  -1.1257498854013612E-015   1.4961203654287979E-014   3.6505956033356874E-016   1.3703680145847448E-014  -2.7052231709535826E-015  -1.3935815042446972E-015  -3.4912789140606154E-016  -1.6687487339714890E-015  -6.9793255640791167E-015  -9.4719638720712528E-016   2.7461797275166693E-016  -1.8654183145332977E-016  -1.6089601030491756E-015  -3.0563871889501607E-015   2.5732662053790402E-015  -1.0465490588981198E-003  -1.6761800284694070E-014  -1.1992432260129515E-014  -1.1283512360171478E-015  -7.0907453913610854E-016   3.0276203955965507E-016   2.3827953493858537E-015   2.4931098255974383E-015  -1.4756827242305100E-015  -4.2671628489419166E-015  -3.9186918087228763E-015
   3.5379520100287699E-014  -3.2124611450028817E-002   3.4024617488202978E-014  -2.1980108336965553E-014  -6.8353134355578849E-003  -2.0711537453953661E-014   8.7826068053869851E-015   2.3085355308149933E-014   2.0007799339751386        1.9948193366973805E-014   4.4018091774250103E-015   1.3738165283557113E-015  -6.8508186930830456E-017   3.6930127013329280E-015   5.2372104110445050E-016   5.4502978069462901E-015  -4.8288781577654758E-014   1.4747022351777328E-015   6.1228837178860247E-015  -1.8498812587427914E-015  -8.9236680341586941E-016  -2.1585025126335892E-016  -6.0662174220948389E-016   6.0021148387019814E-015  -2.5244643945931351E-015   2.9941051851118598E-015  -3.8722144223266489E-015   3.1057360575378141E-014   5.6028647282517876E-015   1.0885225980735588E-015  -7.2710580795685248E-016   3.7751054433190218E-015  -2.0687785394730465E-016   2.7024568516923314E-015  -2.0300689398594213E-014  -1.0465490589574140E-003  -1.4714526479110645E-014   8.0117877750847627E-015   4.7717709838320871E-015  -2.1210689354748467E-016  -1.1756970178208793E-014   7.7268108596849389E-017  -3.3420757717335672E-015  -2.9303617709625123E-015   2.6948327820839886E-015
   2.4071320573892876E-014   3.0604517014777988E-014  -3.2124611450097033E-002  -1.7086109658146312E-014  -1.9084025565236632E-014  -6.8353134355511949E-003  -1.2133798136973696E-015   1.6441078148687238E-014   1.9948193366973805E-014   2.0007799339751084       -1.6864296938378420E-015  -1.2218692590236265E-015  -1.3202371149452600E-015  -8.1804373861180902E-016  -5.3960167827804752E-016   3.7985796451678384E-016   1.3423316131294384E-014  -2.7302523788740297E-016  -1.2689652480492727E-015   3.3150698771477275E-015  -3.6687992991016701E-016   3.5608297413962764E-016   1.4422559304250340E-015  -1.0146570075447662E-015   2.0719619911443132E-015  -2.7472490574199464E-016   2.2400713652697071E-015  -1.1867047615018172E-014   1.1421138570322692E-015  -9.1088559858133572E-016   1.3593711638870622E-015  -1.3755570241650502E-015   4.3102044996635752E-016  -6.6299511314811216E-016  -1.1099369696667857E-014  -1.6862669779439914E-014  -1.0465490589371715E-003  -5.1363145805346191E-016  -1.5569491798894950E-016   2.6120130144450302E-016   9.4131846347017621E-016  -1.2420704526959233E-015   4.2086134052565683E-016  -4.7776368110035500E-015   4.2244937903646362E-015
   2.8137271686837406E-017  -3.2349210308408171E-016   1.5275849569709650E-016   1.9409220883218132E-017  -1.0951985494679042E-016   3.1079893042441070E-017  -1.0912494796121515E-014   1.5651070141338801E-015   4.4018091774250103E-015  -1.6864296938378420E-015   4.0659356578451605E-006   2.6540488551336918E-018   1.8474404829600438E-018  -2.0329678289118611E-006  -1.0810285286309080E-017  -2.0329678289172562E-006  -2.8703333513197198E-014  -1.0790781582367329E-018  -1.4730028325136938E-018   5.0538731892189308E-019  -7.2805311533578202E-019  -6.0023475261751143E-019   2.1767284217541542E-018   1.3692220649132720E-018   2.4895072407104030E-019   9.6722115832134966E-019   8.5905840789027067E-019  -1.6326399057808863E-014   2.1122296756043155E-004   2.6475162893093940E-017   1.3753578367029431E-016  -1.0561148378000963E-004  -2.0418553479044527E-016  -1.0561148378039903E-004   7.2166479292701922E-018  -4.1968420653178354E-017   2.9314211592067564E-018   2.7734615870386018E-003   3.4625028699725456E-016   1.8347622228028913E-015  -1.3867307935166925E-003  -2.7710187487499478E-015  -1.3867307935218410E-003  -2.7428741290969921E-014   3.7536945871664436E-015
  -2.1991802051779271E-016  -1.7557883224001531E-016   7.6951838984936410E-018  -4.7983057919489380E-017  -5.0194961757467000E-017   5.4956853973437979E-018   1.1294615023226266E-016   1.2636437751670191E-015   1.3738165283557113E-015  -1.2218692590236265E-015   2.6540488551336918E-018   4.0659356578192659E-006   2.6958818214863138E-018  -1.1201995321204627E-017  -3.9874527710140167E-019  -2.6022728934986395E-018   3.0716597255886022E-016  -1.3854683482148091E-018   3.6289988988719756E-019  -4.1449726082751872E-019   9.0211622071832267E-019  -1.8473223020081631E-019   9.5666262843898791E-019   4.2308173516461878E-019   1.7862201873299537E-018  -1.1098067871447796E-018  -1.1742977140503499E-018   1.4526008595269309E-016   1.0573895099762483E-016   2.1122296755975525E-004   2.5801401950322746E-017  -8.0829042125312134E-017  -1.4379244133888596E-017  -3.7248149778423160E-017  -8.7695281265886524E-018  -1.8083805665919924E-017   1.5343148975550650E-018   1.4575994419258214E-015   2.7734615870297591E-003   3.4705986189768635E-016  -1.0390506577156413E-015  -2.0962336306191428E-016  -4.2643210661538654E-016   2.6417545549666226E-016  -3.8576816686895455E-016
  -3.7338562507225049E-018   9.1584705513349981E-017   1.0101298963695622E-016  -5.5437245129303242E-019   1.9480283522893863E-017   2.0549194760733177E-017  -4.3984700546934254E-016   4.8645327378708026E-016  -6.8508186930830456E-017  -1.3202371149452600E-015   1.8474404829600438E-018   2.6958818214863138E-018   4.0659356578139321E-006  -2.4714107362842314E-018   6.0965547817290161E-018   2.7513495160967494E-018  -1.1370836475746218E-015  -3.7712653736852363E-019  -4.7896312638339809E-019  -3.4127658895319499E-019  -1.8277127546321430E-019   9.1967223998957956E-019   6.8802366738783350E-019   1.2907866038394663E-018   5.5384126493408486E-019  -6.6077466374887862E-019   6.7301151139564628E-019  -6.7993618645690664E-016  -4.1964095047738476E-017   1.1548465442197509E-016   2.1122296755961682E-004   4.6018568796699295E-017   1.8045343195212915E-016  -2.4276733545915034E-018  -3.9607353633590776E-020   4.4265285969428711E-018   4.0256311014192651E-018  -5.7295733184092321E-016   1.4886067240863990E-015   2.7734615870279476E-003   6.3116642859297981E-016   2.3747192023040306E-015  -5.9594379432619632E-017  -1.1008437946024086E-015  -8.5274765236923578E-016
   7.4790682810237846E-017  -4.7552177383659598E-016  -3.9080078857402620E-016   7.6502461270048680E-018  -8.4671385672616150E-017  -9.3749979161592244E-017  -6.9699917727261447E-015   9.0448214616679752E-016   3.6930127013329280E-015  -8.1804373861180902E-016  -2.0329678289118611E-006  -1.1201995321204627E-017  -2.4714107362842314E-018   4.0659356578184256E-006   9.1766300850446769E-018  -2.0329678289065146E-006  -1.8045495694804218E-014  -1.4814038753058412E-019   2.1800815619228415E-018  -1.1137044764079708E-018   1.4872004756426307E-018  -2.4725304771351123E-018  -1.2889191890492066E-018  -4.8807165251173988E-019  -7.3659495576397363E-020  -2.6145205505228373E-018  -1.4966293019800955E-018  -1.0490975192943277E-014  -1.0561148377984964E-004  -5.0228901736385316E-016  -1.7666024129430147E-016   2.1122296755972343E-004   1.2322024691927878E-016  -1.0561148377988586E-004  -8.8149226315936337E-019   5.0233968510598260E-019  -1.8533056119089778E-017  -1.3867307935145747E-003  -6.6034890797061640E-015  -2.3176026738292116E-015   2.7734615870294277E-003   1.7013576901315841E-015  -1.3867307935149463E-003  -1.7592251200885079E-014  -3.2410158126124249E-016
  -1.3930286021045006E-016  -2.6286503471209994E-017  -2.7790086903643868E-016  -3.4129052961131092E-017  -5.6276776020665209E-018  -6.3383839841880380E-017   1.4507391343484479E-016   2.3669322871035169E-015   5.2372104110445050E-016  -5.3960167827804752E-016  -1.0810285286309080E-017  -3.9874527710140167E-019   6.0965547817290161E-018   9.1766300850446769E-018   4.0659356578200189E-006  -2.1553925677666118E-018   3.7943699230604943E-016  -6.6469774716015751E-019  -8.0719116576231000E-019   8.5005834442221482E-019   5.0840172983961426E-020   3.3690348644409657E-019   8.4094543588596820E-019   5.2451245987122126E-019   5.1690104947339772E-019   4.8399358066578815E-019  -4.8191526528492276E-019   2.3136700345166173E-016  -3.5215660224356904E-016  -7.6952043699132058E-018   1.3347027378109633E-016   3.4494476603445881E-016   2.1122296755978208E-004   3.0567533094477912E-018  -6.8235002910862219E-018  -8.8113378180350687E-019  -1.1155782007767372E-017  -4.6017248616407006E-015  -6.1359612638305259E-017   1.7810577779589228E-015   4.5602920200326283E-015   2.7734615870300158E-003   5.0102690353085525E-017   3.7146029972696629E-016   7.1247660751395891E-016
   3.6452043740504784E-016  -3.3305872689642439E-016  -3.4786251669742104E-016   8.8910503473989446E-017  -7.8716321089610412E-017  -8.3710066723583076E-017  -9.2835600481427095E-015  -2.2247710509182257E-015   5.4502978069462901E-015   3.7985796451678384E-016  -2.0329678289172562E-006  -2.6022728934986395E-018   2.7513495160967494E-018  -2.0329678289065146E-006  -2.1553925677666118E-018   4.0659356578076768E-006  -2.4484697459394603E-014   1.2272185457998327E-018  -7.0707872936024024E-019   6.0831715747563699E-019  -7.5914736032751029E-019   3.0727652297454361E-018  -8.8780923268795509E-019  -8.8115041230818614E-019  -1.7529122850241398E-019   1.6472993922486215E-018   6.3757089404935801E-019  -1.3864780271776181E-014  -1.0561148377974846E-004  -1.0343348282518305E-016   1.4964055946594452E-016  -1.0561148377971120E-004  -1.1587351575024365E-016   2.1122296755944883E-004   1.8024902130173308E-017  -1.3131936631830760E-017  -1.5496916787129212E-017  -1.3867307935130834E-003  -1.3485640405295785E-015   1.9339712876223037E-015  -1.3867307935127009E-003  -1.5149293515658712E-015   2.7734615870258091E-003  -2.3390092803722572E-014   5.5068729549324243E-015
   4.7096488000229840E-015   5.8323698841201879E-015   7.1853454268337071E-015  -2.5118054466669141E-015  -2.4163750990006238E-015  -2.9983545177691998E-015  0.30089852511950910        1.0084282200047122E-014  -4.8288781577654758E-014   1.3423316131294384E-014  -2.8703333513197198E-014   3.0716597255886022E-016  -1.1370836475746218E-015  -1.8045495694804218E-014   3.7943699230604943E-016  -2.4484697459394603E-014  0.78782414706202208       -4.8045870987768993E-016   1.0289854302756421E-016   5.2588641422271720E-018   3.6269507868270202E-017  -3.6705203880480309E-017  -2.8086249258517379E-016  -1.1760596957031450E-016  -6.1823196014538951E-017  -7.6035709282963223E-017   2.5161210839845427E-016  0.45280298098331190       -1.7269152537151795E-014   1.6802185082877841E-015   7.8378769821542188E-016  -1.7671237849527827E-014   2.4403409446748432E-016  -2.4747280371540558E-014  -7.8267879703307012E-016  -1.9102828522999707E-015  -1.2333126873233557E-015  -3.8616726191941382E-014   1.2277238510978023E-014  -2.4193603451141626E-015   6.6504836509302025E-014   6.3322540550463073E-015  -1.3341981271766788E-014  0.75729770903368077       -1.3584158937330625E-002
  -3.3678834229397397E-014   1.5234791449929387E-016  -1.2174606555084022E-016  -8.3271734784351099E-015   3.8580602254757824E-017  -3.0321835069707301E-017  -1.8173741312238857E-016   3.2615788119862314E-014   1.4747022351777328E-015  -2.7302523788740297E-016  -1.0790781582367329E-018  -1.3854683482148091E-018  -3.7712653736852363E-019  -1.4814038753058412E-019  -6.6469774716015751E-019   1.2272185457998327E-018  -4.8045870987768993E-016   2.2602972669201768E-027   3.1699153674628214E-029  -4.7177505267451849E-030   1.1512792825151939E-027   8.6243381260066618E-030   1.1524246455626338E-027   6.3070552136683213E-029  -8.9008231345121839E-030   4.4096394465142239E-029   9.9014290960869519E-031  -2.6485681891003637E-016  -5.6057476065002815E-017  -7.1974266344773130E-017  -1.9591501950335214E-017  -7.6958060601269324E-018  -3.4530657273238206E-017   6.3753282125170092E-017  -1.7394681570617911E-015   8.3731540242881248E-018  -6.4096208728154845E-018  -7.3606226788822415E-016  -9.4505756295386093E-016  -2.5724606901988579E-016  -1.0104972359558640E-016  -4.5340453563583954E-016   8.3711199148377483E-016  -4.5913118939843293E-016   3.4368455639184662E-016
  -8.5633033249849366E-016  -1.4941862534544159E-014  -4.5001519114143631E-016  -2.1268605592998749E-016  -3.6991056060565059E-015  -1.1222596911484468E-016   3.5162332068074113E-017  -8.7135336107126762E-016   6.1228837178860247E-015  -1.2689652480492727E-015  -1.4730028325136938E-018   3.6289988988719756E-019  -4.7896312638339809E-019   2.1800815619228415E-018  -8.0719116576231000E-019  -7.0707872936024024E-019   1.0289854302756421E-016   3.1699153674628214E-029   3.6920827142787121E-028  -4.4820748972227975E-030   1.1228457257245323E-029  -1.6800051462662108E-030   8.1583704333325121E-030   6.3167084146331328E-028  -3.1925310576381119E-030   3.6419373624596419E-028  -1.1128740228735123E-031   3.2707729308551831E-017  -7.6521631352374004E-017   1.8852435974994910E-017  -2.4881852891994557E-017   1.1325395573894521E-016  -4.1933106613118763E-017  -3.6732324386535059E-017  -4.4757323433125428E-017  -7.7432420081948800E-016  -2.3772954795888509E-017  -1.0047667049875849E-015   2.4754176878885830E-016  -3.2671098227299897E-016   1.4870802140976260E-015  -5.5060234102332574E-016  -4.8231350911007960E-016   9.2563189152316140E-017  -7.8722499917982140E-016
  -2.5190623683211365E-016   9.4714913093348145E-017  -6.4612942152064738E-015  -6.3054633932286564E-017   2.2429854526624043E-017  -1.5992251593436798E-015   2.5248618962637922E-018  -1.1257498854013612E-015  -1.8498812587427914E-015   3.3150698771477275E-015   5.0538731892189308E-019  -4.1449726082751872E-019  -3.4127658895319499E-019  -1.1137044764079708E-018   8.5005834442221482E-019   6.0831715747563699E-019   5.2588641422271720E-018  -4.7177505267451849E-030  -4.4820748972227975E-030   7.2992454319430654E-029  -9.0770219412582989E-031   6.7638630674623936E-031   3.0941774382127001E-030   8.1648746819422259E-031   7.9331369074330224E-029   9.0469743368407557E-033   1.0156223610237996E-028   6.3204402584794789E-018   2.6254574163388605E-017  -2.1532889067799139E-017  -1.7729118201402540E-017  -5.7856292939406415E-017   4.4160031347981418E-017   3.1601718776015040E-017  -1.3436663495697522E-017   4.3450461225843573E-018  -3.3463264130957196E-016   3.4473548860345073E-016  -2.8273743796545422E-016  -2.3279205321077798E-016  -7.5968161932951286E-016   5.7984295950673112E-016   4.1494613072609472E-016   5.8471226457569929E-018   9.7904443473190347E-017
  -1.7686561612093612E-014   1.9884672060995964E-016  -2.6436869173557143E-017  -4.3742638620091225E-015   4.8771828019351038E-017  -6.7572787724014790E-018   1.6634520925013082E-017   1.4961203654287979E-014  -8.9236680341586941E-016  -3.6687992991016701E-016  -7.2805311533578202E-019   9.0211622071832267E-019  -1.8277127546321430E-019   1.4872004756426307E-018   5.0840172983961426E-020  -7.5914736032751029E-019   3.6269507868270202E-017   1.1512792825151939E-027   1.1228457257245323E-029  -9.0770219412582989E-031   5.9120682947644376E-028   2.9155496359769958E-030   5.9208748007202968E-028   2.7670674717292711E-029  -7.5181443774479277E-031   1.7311035846442903E-029   3.7225391787364955E-030   3.8615025893235845E-017  -3.7821931409094048E-017   4.6864407422334407E-017  -9.4948603317766109E-018   7.7259190567203916E-017   2.6411171026122354E-018  -3.9437259158129941E-017  -9.1416204723380744E-016   1.0052510958349474E-017  -1.4875076637999423E-018  -4.9662058592511726E-016   6.1535274921262119E-016  -1.2467219217976264E-016   1.0144512207110720E-015   3.4679168253547269E-017  -5.1783063478602016E-016   3.9131587646951763E-017   5.2737193455162130E-016
  -4.7278794654766207E-017  -2.5963348615622452E-017   5.8601038367452976E-017  -1.1510264632316428E-017  -6.5550155415178114E-018   1.4721391868299749E-017  -1.3525221132577196E-017   3.6505956033356874E-016  -2.1585025126335892E-016   3.5608297413962764E-016  -6.0023475261751143E-019  -1.8473223020081631E-019   9.1967223998957956E-019  -2.4725304771351123E-018   3.3690348644409657E-019   3.0727652297454361E-018  -3.6705203880480309E-017   8.6243381260066618E-030  -1.6800051462662108E-030   6.7638630674623936E-031   2.9155496359769958E-030   3.0239714282101883E-030   4.0806983356163856E-030  -1.2310501356358599E-031  -2.7777800452200771E-031   2.0124689078968584E-030   5.9651488033574408E-031  -1.7942105979502857E-017  -3.1181842594018356E-017  -9.5967307775563681E-018   4.7776432305204048E-017  -1.2844650499033999E-016   1.7501938096668714E-017   1.5962834758435664E-016  -2.3425818651638474E-018  -1.4159320678442928E-018   3.1550756082436823E-018  -4.0943294967597335E-016  -1.2600980130196972E-016   6.2732808507825188E-016  -1.6865658677868820E-015   2.2980906655402729E-016   2.0959988174628931E-015  -3.4525428084396073E-017   9.4359777387761595E-017
  -1.8090668364388286E-014   2.6742932492119552E-016  -8.5996932773718522E-018  -4.4751074241933250E-015   6.5927069840338809E-017  -1.3199759188054747E-018  -1.0176607737152572E-016   1.3703680145847448E-014  -6.0662174220948389E-016   1.4422559304250340E-015   2.1767284217541542E-018   9.5666262843898791E-019   6.8802366738783350E-019  -1.2889191890492066E-018   8.4094543588596820E-019  -8.8780923268795509E-019  -2.8086249258517379E-016   1.1524246455626338E-027   8.1583704333325121E-030   3.0941774382127001E-030   5.9208748007202968E-028   4.0806983356163856E-030   5.9898593559207914E-028   2.8964217715630400E-029   1.9417527871937441E-030   1.8036987323393733E-029   6.7639444219747336E-030  -1.2626036338575971E-016   1.1307976207767851E-016   4.9698061242292659E-017   3.5742425116092059E-017  -6.6958594274223465E-017   4.3686621104970861E-017  -4.6121167803438358E-017  -9.3554650316734420E-016   1.3704250295383937E-017   1.8455301794258389E-021   1.4847929655386152E-015   6.5256001938495739E-016   4.6931564418406243E-016  -8.7919931855193082E-016   5.7362684987148173E-016  -6.0559364698671580E-016  -2.6153425085418919E-016   1.0497710238113435E-015
  -2.0765519396374192E-015  -2.6208475832799416E-014  -8.0108231875864303E-016  -5.1608451272829760E-016  -6.4910064051385646E-015  -1.9907634609030622E-016  -4.5370915910138162E-017  -2.7052231709535826E-015   6.0021148387019814E-015  -1.0146570075447662E-015   1.3692220649132720E-018   4.2308173516461878E-019   1.2907866038394663E-018  -4.8807165251173988E-019   5.2451245987122126E-019  -8.8115041230818614E-019  -1.1760596957031450E-016   6.3070552136683213E-029   6.3167084146331328E-028   8.1648746819422259E-031   2.7670674717292711E-029  -1.2310501356358599E-031   2.8964217715630400E-029   1.1018908587879326E-027   3.8511504564265663E-030   6.3667559270312897E-028   1.3093625490862169E-029  -7.0487334714704287E-017   7.1130281473181232E-017   2.1978847463466822E-017   6.7055605374835531E-017  -2.5355035472028263E-017   2.7248113993956480E-017  -4.5775246001084002E-017  -1.0871815275901404E-016  -1.3596614980728381E-015  -4.1931766311590051E-017   9.3397562594418648E-016   2.8859309132589114E-016   8.8047312207906828E-016  -3.3292410258193099E-016   3.5778115587666779E-016  -6.0105152336228502E-016  -1.1374382065020258E-016  -8.3940251614343217E-017
  -2.6903600235648920E-016   4.4026242285213744E-017  -7.2606727258285043E-015  -6.7449944057484868E-017   9.4900261085093174E-018  -1.7980077682685716E-015  -1.9299108170209863E-017  -1.3935815042446972E-015  -2.5244643945931351E-015   2.0719619911443132E-015   2.4895072407104030E-019   1.7862201873299537E-018   5.5384126493408486E-019  -7.3659495576397363E-020   5.1690104947339772E-019  -1.7529122850241398E-019  -6.1823196014538951E-017  -8.9008231345121839E-030  -3.1925310576381119E-030   7.9331369074330224E-029  -7.5181443774479277E-031  -2.7777800452200771E-031   1.9417527871937441E-030   3.8511504564265663E-030   8.9744888496198596E-029  -5.4510685106171707E-031   1.1253613185690019E-028  -7.9814118187663084E-018   1.2932843788218990E-017   9.2793088832623737E-017   2.8771728178195942E-017  -3.8265674995809852E-018   2.6852705697502688E-017  -9.1062762886514082E-018  -1.4409859843775968E-017   1.5019512083480692E-018  -3.7654695222411950E-016   1.6981460809909615E-016   1.2184189550614100E-015   3.7778696046445155E-016  -5.0244715775313698E-017   3.5258925021380316E-016  -1.1956989232382609E-016  -5.2810870819091047E-017   8.1974358934024637E-016
  -9.7682789867057820E-016  -1.5254071472145663E-014  -3.1436690653737733E-016  -2.4225133516992660E-016  -3.7782294010146384E-015  -7.8053655872605813E-017  -3.1823698769471156E-017  -3.4912789140606154E-016   2.9941051851118598E-015  -2.7472490574199464E-016   9.6722115832134966E-019  -1.1098067871447796E-018  -6.6077466374887862E-019  -2.6145205505228373E-018   4.8399358066578815E-019   1.6472993922486215E-018  -7.6035709282963223E-017   4.4096394465142239E-029   3.6419373624596419E-028   9.0469743368407557E-033   1.7311035846442903E-029   2.0124689078968584E-030   1.8036987323393733E-029   6.3667559270312897E-028  -5.4510685106171707E-031   3.7164523807840439E-028   6.5311435025551057E-030  -6.1477268266840027E-017   5.0246570663585065E-017  -5.7653810273491779E-017  -3.4326855393417223E-017  -1.3582280584533575E-016   2.5143182035412733E-017   8.5576235181796597E-017  -5.0854730251228343E-017  -7.9151660677668230E-016  -1.6416788078539038E-017   6.5976221821604647E-016  -7.5702292220754125E-016  -4.5072851658630077E-016  -1.7834203306897477E-015   3.3014236262528752E-016   1.1236581124737683E-015  -7.7358513627089059E-017  -5.2688133529917910E-016
  -5.3835507102724110E-016  -1.7284337074318152E-016  -9.2566059837924112E-015  -1.3434112992167047E-016  -4.5007471844417665E-017  -2.2924994960306063E-015   9.2920976120832358E-017  -1.6687487339714890E-015  -3.8722144223266489E-015   2.2400713652697071E-015   8.5905840789027067E-019  -1.1742977140503499E-018   6.7301151139564628E-019  -1.4966293019800955E-018  -4.8191526528492276E-019   6.3757089404935801E-019   2.5161210839845427E-016   9.9014290960869519E-031  -1.1128740228735123E-031   1.0156223610237996E-028   3.7225391787364955E-030   5.9651488033574408E-031   6.7639444219747336E-030   1.3093625490862169E-029   1.1253613185690019E-028   6.5311435025551057E-030   1.4680699601783057E-028   1.2431014620805734E-016   4.4627579356126418E-017  -6.1004076019390355E-017   3.4962552436490055E-017  -7.7749012553074265E-017  -2.5035214772692354E-017   3.3121433196929881E-017  -2.8486553634164071E-017  -1.0183613129049645E-017  -4.8018324967476739E-016   5.8598209511160609E-016  -8.0101356138817246E-016   4.5907553182953683E-016  -1.0208828246124096E-015  -3.2872469929421200E-016   4.3490072950090535E-016   2.3698640484090913E-016  -6.0766684411065029E-016
   6.6300968182292607E-016   1.7774772677469970E-015   2.8075577717834771E-016  -2.0282681592326159E-015  -2.2256901139916911E-015  -3.2687446765911331E-015  0.17328523049904856       -6.9793255640791167E-015   3.1057360575378141E-014  -1.1867047615018172E-014  -1.6326399057808863E-014   1.4526008595269309E-016  -6.7993618645690664E-016  -1.0490975192943277E-014   2.3136700345166173E-016  -1.3864780271776181E-014  0.45280298098331190       -2.6485681891003637E-016   3.2707729308551831E-017   6.3204402584794789E-018   3.8615025893235845E-017  -1.7942105979502857E-017  -1.2626036338575971E-016  -7.0487334714704287E-017  -7.9814118187663084E-018  -6.1477268266840027E-017   1.2431014620805734E-016  0.26244256757225282       -6.8642193000438523E-015   1.9025648112084318E-018   6.2952378918079421E-016  -1.5492000188141857E-014  -4.3417630730544532E-016  -1.2459063850307084E-014  -5.0384185031593522E-016  -1.4400561794209772E-015  -1.2530381507560026E-015   1.8746676353155506E-014  -5.6941145392803961E-015   5.8022342261832476E-016  -3.2132123783603981E-014  -3.7059985948234507E-015   1.7223073321681132E-014  0.43578465133752436        5.7369496998231857E-002
  -5.3790061627639914E-016   1.5648899489586244E-015  -1.1714617411108633E-016   4.6654652011743663E-016  -1.2628677474269477E-015  -3.3098626661913046E-016  -4.8907872776857066E-015  -9.4719638720712528E-016   5.6028647282517876E-015   1.1421138570322692E-015   2.1122296756043155E-004   1.0573895099762483E-016  -4.1964095047738476E-017  -1.0561148377984964E-004  -3.5215660224356904E-016  -1.0561148377974846E-004  -1.7269152537151795E-014  -5.6057476065002815E-017  -7.6521631352374004E-017   2.6254574163388605E-017  -3.7821931409094048E-017  -3.1181842594018356E-017   1.1307976207767851E-016   7.1130281473181232E-017   1.2932843788218990E-017   5.0246570663585065E-017   4.4627579356126418E-017  -6.8642193000438523E-015   1.0972909012701882E-002  -2.9414627285681908E-016  -2.0870997699485247E-017  -5.4864545063501406E-003   2.7251765712558375E-016  -5.4864545063505517E-003   2.4543661092170638E-016  -1.2952918700847209E-015  -2.3845475517691156E-016  0.14407969926893191       -3.9340580760497721E-015   1.2246766575569757E-015  -7.2039849634460557E-002  -1.0951873427784604E-015  -7.2039849634467801E-002  -9.5600852923771877E-015  -3.2261273028281633E-015
  -3.1731601824109156E-016   3.4690839863365164E-016  -2.7615798460645702E-016   2.2290379804490596E-016  -3.0094547811188772E-016   1.5318807510275072E-016   5.1817589695771307E-016   2.7461797275166693E-016   1.0885225980735588E-015  -9.1088559858133572E-016   2.6475162893093940E-017   2.1122296755975525E-004   1.1548465442197509E-016  -5.0228901736385316E-016  -7.6952043699132058E-018  -1.0343348282518305E-016   1.6802185082877841E-015  -7.1974266344773130E-017   1.8852435974994910E-017  -2.1532889067799139E-017   4.6864407422334407E-017  -9.5967307775563681E-018   4.9698061242292659E-017   2.1978847463466822E-017   9.2793088832623737E-017  -5.7653810273491779E-017  -6.1004076019390355E-017   1.9025648112084318E-018  -2.9414627285681908E-016   1.0972909012701499E-002   6.4239759578265608E-017  -6.1351549281718522E-017  -7.0644347746021810E-017  -2.8546630272984040E-016   1.0111841314452033E-016  -4.6943466111521125E-016   6.4052902368560460E-017  -2.6764885880520328E-016  0.14407969926892883        1.2733674994969669E-015   3.5156780102147174E-016  -2.0090160377037982E-015  -4.9345556056546136E-016   1.5892100990197949E-016  -1.4180158195332510E-016
   3.4241425005848225E-017   1.6836962814605347E-016   1.0813597759537412E-016   1.3436050262702327E-017  -1.2365833693490812E-016  -1.6668549602926678E-016   2.5355760430615868E-016  -1.8654183145332977E-016  -7.2710580795685248E-016   1.3593711638870622E-015   1.3753578367029431E-016   2.5801401950322746E-017   2.1122296755961682E-004  -1.7666024129430147E-016   1.3347027378109633E-016   1.4964055946594452E-016   7.8378769821542188E-016  -1.9591501950335214E-017  -2.4881852891994557E-017  -1.7729118201402540E-017  -9.4948603317766109E-018   4.7776432305204048E-017   3.5742425116092059E-017   6.7055605374835531E-017   2.8771728178195942E-017  -3.4326855393417223E-017   3.4962552436490055E-017   6.2952378918079421E-016  -2.0870997699485247E-017   6.4239759578265608E-017   1.0972909012701509E-002  -1.1705958273366279E-016  -1.4487269041522341E-016   2.2244194278659792E-016   1.8797768667243832E-018  -7.5827182825203329E-018  -3.6108163171923623E-017  -1.4142383959877761E-015  -5.9880676568787394E-016  0.14407969926892927       -1.3857289610491406E-016  -1.6281220502242473E-015   1.4808473728939631E-015   7.1951249829686230E-016   7.3410806541642544E-016
   6.3413720670613919E-016  -1.9604803016329762E-015  -3.4642126745629236E-016  -4.3553692164172001E-016   1.1311610022478233E-015   9.7767320864944911E-017  -1.0654113682156560E-014  -1.6089601030491756E-015   3.7751054433190218E-015  -1.3755570241650502E-015  -1.0561148378000963E-004  -8.0829042125312134E-017   4.6018568796699295E-017   2.1122296755972343E-004   3.4494476603445881E-016  -1.0561148377971120E-004  -1.7671237849527827E-014  -7.6958060601269324E-018   1.1325395573894521E-016  -5.7856292939406415E-017   7.7259190567203916E-017  -1.2844650499033999E-016  -6.6958594274223465E-017  -2.5355035472028263E-017  -3.8265674995809852E-018  -1.3582280584533575E-016  -7.7749012553074265E-017  -1.5492000188141857E-014  -5.4864545063501406E-003  -6.1351549281718522E-017  -1.1705958273366279E-016   1.0972909012700460E-002  -4.4445454574811883E-016  -5.4864545063509473E-003  -2.2980771116092301E-016   1.1490737378476909E-015   8.6693160185178893E-017  -7.2039849634459655E-002  -1.2308811738956663E-015  -1.4314196122899190E-015  0.14407969926891970       -1.5025390396402180E-015  -7.2039849634464859E-002  -2.9557870513981592E-014  -7.0748463344859081E-015
   1.2040415408536034E-016  -3.6399630731696743E-017  -2.4513469402472835E-016  -2.0776863360125308E-017   2.1594244733152585E-017   2.3990066339517514E-016  -9.6816331960239929E-017  -3.0563871889501607E-015  -2.0687785394730465E-016   4.3102044996635752E-016  -2.0418553479044527E-016  -1.4379244133888596E-017   1.8045343195212915E-016   1.2322024691927878E-016   2.1122296755978208E-004  -1.1587351575024365E-016   2.4403409446748432E-016  -3.4530657273238206E-017  -4.1933106613118763E-017   4.4160031347981418E-017   2.6411171026122354E-018   1.7501938096668714E-017   4.3686621104970861E-017   2.7248113993956480E-017   2.6852705697502688E-017   2.5143182035412733E-017  -2.5035214772692354E-017  -4.3417630730544532E-016   2.7251765712558375E-016  -7.0644347746021810E-017  -1.4487269041522341E-016  -4.4445454574811883E-016   1.0972909012702254E-002  -4.3917255416809927E-017  -1.1472059809652620E-017   1.4749031567921479E-017   1.6657209495717107E-016   4.7349336569093257E-015   1.1338725021498516E-015  -4.2027244331828495E-016  -4.2256123222088405E-015  0.14407969926893380       -5.8927235107535197E-017   2.8026698069816041E-016  -2.2803794507490045E-016
  -6.5984551880472065E-017  -1.7511532352449894E-016  -3.0174503200389122E-016  -2.3503613261277875E-017  -2.9193990012133934E-018   4.3072735886343785E-017  -7.3317782204168441E-015   2.5732662053790402E-015   2.7024568516923314E-015  -6.6299511314811216E-016  -1.0561148378039903E-004  -3.7248149778423160E-017  -2.4276733545915034E-018  -1.0561148377988586E-004   3.0567533094477912E-018   2.1122296755944883E-004  -2.4747280371540558E-014   6.3753282125170092E-017  -3.6732324386535059E-017   3.1601718776015040E-017  -3.9437259158129941E-017   1.5962834758435664E-016  -4.6121167803438358E-017  -4.5775246001084002E-017  -9.1062762886514082E-018   8.5576235181796597E-017   3.3121433196929881E-017  -1.2459063850307084E-014  -5.4864545063505517E-003  -2.8546630272984040E-016   2.2244194278659792E-016  -5.4864545063509473E-003  -4.3917255416809927E-017   1.0972909012700937E-002  -1.4051986778162724E-017   1.2032750761482551E-016   1.1172484023712499E-016  -7.2039849634456629E-002  -3.2512377122137807E-015   1.3164221842058626E-015  -7.2039849634467357E-002  -2.3654475019086542E-016  0.14407969926892528       -1.8379363835658154E-014  -3.8157196293141987E-015
