  0.12206502449044444        1.5047822652288477E-016  -4.6663609752872540E-017  -9.3753169944158643E-016   2.9811919365350409E-018   2.1460267315348216E-018  -2.9545675703251308E-019   4.4959372324558498E-018   1.8166637901579036E-018   3.7873408210010194E-018   6.7472689853157672E-002  -1.9978119093939875E-017   3.7586804690094662E-017  -1.5014261119474453E-015  -2.3689489220929132E-015  -1.8454574919033075E-015   1.4370616523587710E-017  -2.0389116275097923E-017  -9.2719833218885399E-016   2.2311955310239920E-019  -9.1135511789256004E-016   2.4718635049725817E-017  -1.4733406923596634E-017   1.3223433985135040E-017  -6.0288331461644584E-017  -4.1318430884755636E-016   1.3030158651319007E-017  -3.2172274315713331E-019  -1.0316056330525597E-018   1.1646174409507245E-017   6.7487882147234091E-019   1.0896072625607356E-017   5.2251561857206183E-002   5.8792839213236081E-017  -3.7002916645119457E-017
   1.5047822652288477E-016  0.12206502449044368        5.9635919340071003E-017   3.2779916099455118E-016  -2.5783208852914031E-017  -1.9120376018202061E-018   1.3883294598873288E-019  -2.1064896473454093E-017  -4.4236369163290079E-019  -2.6722520062706050E-017  -1.0991381867887288E-016   6.7472689853158060E-002  -2.5035781056426776E-016   4.4420858982455589E-016  -1.3819977372476120E-015   6.9175861847112833E-017  -1.1204463192255995E-015   5.0969305500339073E-017   2.9177216702070315E-017  -4.3184632297828851E-019   2.8239619309628161E-017  -2.2519056370420622E-015   5.0219649990467147E-017  -1.0837488901324733E-015   1.0678969653244927E-016   2.4843172495539490E-017  -1.1826086281455936E-017   1.3808112828653294E-019  -6.3785080886234890E-019  -1.1943125128565439E-017   3.4866254953409780E-019  -9.6347861775850356E-018   6.2046575107956298E-017   5.2251561857205864E-002   3.0122891531046754E-017
  -4.6663609752872540E-017   5.9635919340071003E-017  0.12206502449044454        6.8055245444104682E-016  -8.0635837195810304E-017  -1.3512326114929944E-018   9.1508421618241837E-019  -8.2826253113026241E-017  -2.2985401443265385E-019  -8.0434737749582209E-017   6.7059033745494643E-017   1.3911175023151952E-016   6.7472689853157991E-002   8.9715968850954753E-016   2.4814569503715731E-017  -4.4203090101432451E-017  -2.0927220794217314E-017  -9.8070322764050811E-016  -2.6383673146687997E-017   4.8456571116712379E-019  -1.8395593548701663E-017  -4.0101046505196814E-017  -9.6656072447927010E-016  -1.8866700407044774E-017  -2.0282651470744930E-015   1.1691059392414216E-016  -3.2886336794101103E-017   9.3179130155517685E-019   7.3151475163705609E-019  -3.1028747139862526E-017  -2.4966598627911727E-019  -3.2130440054321090E-017  -2.9222636680273725E-017   2.4218224855736998E-017   5.2251561857206287E-002
  -9.3753169944158643E-016   3.2779916099455118E-016   6.8055245444104682E-016  0.28196215441148209       -1.4019665761601500E-014   3.9966289625938659E-017  -3.0606014658047445E-016  -1.2326426128512012E-014   1.9215263720075141E-017  -1.4393887443839976E-014   1.7743508420509878E-015  -5.6638776620750537E-016   4.5461643578515782E-016  0.44502473667943826        6.8841803276611284E-003  -7.8938241389359613E-016   8.6316674121319895E-017  -2.1121376665561497E-016  -4.2007478585630917E-016  -5.5408682157381554E-018  -2.9241663467748654E-016   1.7756215569258248E-016  -1.8449922177523913E-016   1.2561046691337855E-016  -3.7930465664070493E-016  0.10218609442516148       -1.5600252166622452E-014   6.8042972942966019E-017   5.1615495885330716E-017  -1.5128315042002992E-014  -2.2960021000058722E-017  -1.4636534342867989E-014  -2.0783139486819748E-016  -1.1167064760918505E-017  -2.2199387448947518E-017
   2.9811919365350409E-018  -2.5783208852914031E-017  -8.0635837195810304E-017  -1.4019665761601500E-014   8.6449735351915560E-028  -7.9480542451468939E-030   4.5542661975519360E-030   7.8278857854332659E-028   2.5877224250680904E-029   8.6565641537797398E-028   1.6478843120891571E-018  -1.4251932210776913E-017  -4.4572283148895846E-017  -2.2191815357165988E-014   1.7609144418624845E-014   5.5358764521495077E-029  -3.7290868627954567E-030   2.3132571556245903E-029   2.7494771985157655E-029   2.7538620207719515E-030   1.4552612678036400E-029  -1.2417366407288747E-029   1.6707122271128464E-029  -1.2803617631715504E-029   3.6249443070347262E-029  -4.4407895439035695E-015   9.6055647634411533E-028  -1.5927006621475741E-029  -1.7119293368126729E-030   9.5440595796304161E-028  -1.6460396961160538E-029   9.3582535042646737E-028   1.2761389720759012E-018  -1.1036846450298505E-017  -3.4517245646171783E-017
   2.1460267315348216E-018  -1.9120376018202061E-018  -1.3512326114929944E-018   3.9966289625938659E-017  -7.9480542451468939E-030   2.1815713529071383E-031   3.3647877383926481E-031  -7.7964832190857897E-030  -9.5316405788336977E-031  -7.3794688233745549E-030   1.1862382093308969E-018  -1.0568983263948869E-018  -7.4690763628042772E-019   6.5373106327696363E-017  -6.3856197269333956E-016  -7.1992302929564772E-031   1.9158459424724642E-032  -4.4753900422420707E-031  -3.1182719026727042E-031  -8.9082050377340906E-032  -5.8749759352874204E-032   2.0708134837144700E-031  -2.6252888571969040E-031   2.7746922021911705E-031  -6.0669263731670346E-031  -8.3195221954160930E-018  -8.7962516189150728E-030   4.5648811412736459E-031  -2.3155307934956713E-032  -9.3463103364715701E-030   6.2384762532087842E-031  -9.4858149445643519E-030   9.1863536650307204E-019  -8.1847319854252725E-019  -5.7841314232015029E-019
  -2.9545675703251308E-019   1.3883294598873288E-019   9.1508421618241837E-019  -3.0606014658047445E-016   4.5542661975519360E-030   3.3647877383926481E-031   1.0116088385621196E-030   2.5581811587754312E-030  -1.7304705941335116E-030   6.0721576486014442E-030  -1.6331674216912726E-019   7.6741329837342356E-020   5.0582215311757284E-019  -4.7895670758224575E-016  -1.1512371571504272E-015  -1.6727150090678961E-031  -1.1503176412523420E-031  -5.4217329343292925E-031   3.6313237551556037E-032  -1.5190437090315629E-031   3.1764765890905242E-031   6.5022351702365910E-032  -2.4689391877679499E-031   2.9548931986221861E-031  -6.2735398865245582E-031  -1.5170220370384853E-016   5.1550458826502397E-030   7.2532760305290298E-031  -1.1048642631669100E-031   3.5394956605857703E-030   1.1464271142923111E-030   2.6315888823254957E-030  -1.2647420570088651E-019   5.9429294307361388E-020   3.9171400428627082E-019
   4.4959372324558498E-018  -2.1064896473454093E-017  -8.2826253113026241E-017  -1.2326426128512012E-014   7.8278857854332659E-028  -7.7964832190857897E-030   2.5581811587754312E-030   7.1128508941976719E-028   2.6390513330190446E-029   7.8144160323477335E-028   2.4851752558834092E-018  -1.1643836819504271E-017  -4.5783057934291242E-017  -1.9520306750763947E-014   1.7916681184146053E-014   5.0838260790263225E-029  -3.2488688518887988E-030   2.2061361673287832E-029   2.5060388523034321E-029   2.7573194557988454E-030   1.2787137183091106E-029  -1.1497759004222852E-029   1.5720676192792973E-029  -1.2191521184741327E-029   3.4249772744944396E-029  -3.8176497915725233E-015   8.6961532594100006E-028  -1.5704408167868803E-029  -1.3893420238948877E-030   8.6655560753007791E-028  -1.6859266112700538E-029   8.5101540692209776E-028   1.9245458999266166E-018  -9.0171099026178662E-018  -3.5454882395678252E-017
   1.8166637901579036E-018  -4.4236369163290079E-019  -2.2985401443265385E-019   1.9215263720075141E-017   2.5877224250680904E-029  -9.5316405788336977E-031  -1.7304705941335116E-030   2.6390513330190446E-029   4.3034074288015853E-030   2.3054274391270596E-029   1.0041794772292898E-018  -2.4452105172643547E-019  -1.2705415570397546E-019   2.0004849703861808E-017   2.8786485669158175E-015   2.5062780943079652E-030   6.0202137936679816E-032   1.9099887423979790E-030   1.0187952110908116E-030   3.9702116423591394E-031  -2.8876866278444589E-032  -6.3527666911378252E-031   1.0960860179955357E-030  -1.0774920000172858E-030   2.5538363722195352E-030   1.0958986427521209E-016   2.8575922739569928E-029  -2.0064285533487557E-030   1.4056395698160624E-031   3.1384404579807876E-029  -2.8237278963076490E-030   3.2359269745550514E-029   7.7764716634892668E-019  -1.8935967852381238E-019  -9.8392076709954254E-020
   3.7873408210010194E-018  -2.6722520062706050E-017  -8.0434737749582209E-017  -1.4393887443839976E-014   8.6565641537797398E-028  -7.3794688233745549E-030   6.0721576486014442E-030   7.8144160323477335E-028   2.3054274391270596E-029   8.6913123630227681E-028   2.0934913472225954E-018  -1.4771146082224712E-017  -4.4461123374654065E-017  -2.2775742028847247E-014   1.5728443429452995E-014   5.4710962867359799E-029  -3.8674812603469051E-030   2.2160287864882302E-029   2.7355799697779386E-029   2.5028116423424547E-030   1.4931398628670586E-029  -1.2209043468388812E-029   1.6229920521102527E-029  -1.2253011648896146E-029   3.5072479642607977E-029  -4.6431450653766714E-015   9.6198844709060232E-028  -1.4709604829935342E-029  -1.8695595637067140E-030   9.5340622141336932E-028  -1.4594777741497439E-029   9.3356076126723391E-028   1.6212217546216769E-018  -1.1438931142343775E-017  -3.4431162345914745E-017
   6.7472689853157672E-002  -1.0991381867887288E-016   6.7059033745494643E-017   1.7743508420509878E-015   1.6478843120891571E-018   1.1862382093308969E-018  -1.6331674216912726E-019   2.4851752558834092E-018   1.0041794772292898E-018   2.0934913472225954E-018   3.7296218921225810E-002  -1.1777654318392635E-016   7.2101703224815462E-017   2.7886862434193695E-015  -1.3100068864172998E-015  -1.0200954901551383E-015   7.9435051583584526E-018  -1.1270292408106310E-017  -5.1251835455160574E-016   1.2333161337157234E-019  -5.0376085592369387E-016   1.3663478160648004E-017  -8.1440412598639825E-018   7.3093882854453637E-018  -3.3324991392558511E-017   6.0044868672437782E-016   7.2025533691770663E-018  -1.7783553444807826E-019  -5.7023055719882753E-019   6.4375419345029938E-018   3.7304616617036250E-019   6.0229155070380636E-018   2.8882584853864877E-002  -5.0157055971664091E-017   1.9293151783926373E-017
  -1.9978119093939875E-017   6.7472689853158060E-002   1.3911175023151952E-016  -5.6638776620750537E-016  -1.4251932210776913E-017  -1.0568983263948869E-018   7.6741329837342356E-020  -1.1643836819504271E-017  -2.4452105172643547E-019  -1.4771146082224712E-017  -1.1777654318392635E-016   3.7296218921226476E-002  -7.9713776563551789E-017  -9.4292544673205136E-016   1.6009287727639627E-015   3.8237664648166823E-017  -6.1933815447798496E-016   2.8173804547302083E-017   1.6128004737930761E-017  -2.3870746871295608E-019   1.5609738196539287E-017  -1.2447638564854659E-015   2.7759424802362535E-017  -5.9905327548054147E-016   5.9029096202828297E-017  -1.7222640375110571E-016  -6.5369900605704931E-018   7.6325754917254110E-020  -3.5257855375539855E-019  -6.6016844795052195E-018   1.9272678775966169E-019  -5.3257265319639539E-018  -9.8605928833028896E-018   2.8882584853865044E-002   6.2088644411003377E-017
   3.7586804690094662E-017  -2.5035781056426776E-016   6.7472689853157991E-002   4.5461643578515782E-016  -4.4572283148895846E-017  -7.4690763628042772E-019   5.0582215311757284E-019  -4.5783057934291242E-017  -1.2705415570397546E-019  -4.4461123374654065E-017   7.2101703224815462E-017  -7.9713776563551789E-017   3.7296218921226129E-002   6.2563771407114869E-016  -1.6377174134804348E-015  -2.4433709831426527E-017  -1.1567735180743774E-017  -5.4209373235950251E-016  -1.4583844986268636E-017   2.6784864935316322E-019  -1.0168352346281966E-017  -2.2166263308646017E-017  -5.3427631919361834E-016  -1.0428761477176820E-017  -1.1211442899373719E-015   3.4096109677121770E-017  -1.8178258777895767E-017   5.1505716531247445E-019   4.0435225541672684E-019  -1.7151457111014464E-017  -1.3800542562636629E-019  -1.7760429129338626E-017   1.0977546996415754E-017  -1.0789300982496419E-016   2.8882584853865044E-002
  -1.5014261119474453E-015   4.4420858982455589E-016   8.9715968850954753E-016  0.44502473667943826       -2.2191815357165988E-014   6.5373106327696363E-017  -4.7895670758224575E-016  -1.9520306750763947E-014   2.0004849703861808E-017  -2.2775742028847247E-014   2.7886862434193695E-015  -9.4292544673205136E-016   6.2563771407114869E-016  0.70241341724010220        3.9591710166884120E-003  -1.2521023250393817E-015   1.3611480096021905E-016  -3.3797590443562689E-016  -6.6555634659236177E-016  -9.6987817825184631E-018  -4.6153642089530423E-016   2.8182282178517714E-016  -2.9385448959004512E-016   2.0086869966722185E-016  -6.0484564581282793E-016  0.16103546236688529       -2.4693210563887986E-014   1.1221871621017932E-016   8.1136566145021904E-017  -2.3955007594756450E-014  -2.9466280264557360E-017  -2.3181082195235794E-014  -3.3972319937025307E-016  -5.3425202685494585E-017  -1.1062056249280582E-016
  -2.3689489220929132E-015  -1.3819977372476120E-015   2.4814569503715731E-017   6.8841803276611284E-003   1.7609144418624845E-014  -6.3856197269333956E-016  -1.1512371571504272E-015   1.7916681184146053E-014   2.8786485669158175E-015   1.5728443429452995E-014  -1.3100068864172998E-015   1.6009287727639627E-015  -1.6377174134804348E-015   3.9591710166884120E-003   1.9257339026371605        1.7119598033877495E-015   3.5562578308236725E-017   1.2813888829660672E-015   6.9976223261438162E-016   2.6573064194318476E-016  -4.0070484253795005E-018  -4.3453096397754210E-016   7.3626385959130404E-016  -7.2630916767284772E-016   1.7149098572000500E-015   7.1154000837927570E-002   1.9448100346354748E-014  -1.3437814407298999E-015   9.2956961481497941E-017   2.1317058325878930E-014  -1.8886564993281659E-015   2.1958861713912431E-014  -3.3791926352901078E-016   6.5448100026369594E-016  -4.4296000341734272E-017
  -1.8454574919033075E-015   6.9175861847112833E-017  -4.4203090101432451E-017  -7.8938241389359613E-016   5.5358764521495077E-029  -7.1992302929564772E-031  -1.6727150090678961E-031   5.0838260790263225E-029   2.5062780943079652E-030   5.4710962867359799E-029  -1.0200954901551383E-015   3.8237664648166823E-017  -2.4433709831426527E-017  -1.2521023250393817E-015   1.7119598033877495E-015   3.1722493072840697E-029  -1.0562313885641332E-030   2.4402994182743219E-030   1.5858474357983991E-029   2.5075281818478241E-031   1.4622584790487361E-029  -2.5270536307775028E-030   1.7837603665364083E-030  -1.8146881057389477E-030   4.3185531010410383E-030  -2.2435076473281636E-016   6.1310531873663263E-029  -1.3955457498592838E-030  -4.7090374993283887E-032   6.1679458054676952E-029  -1.6431807216530362E-030   6.0881950176964133E-029  -7.8997269443532420E-016   2.9611650343076946E-017  -1.8921722306255983E-017
   1.4370616523587710E-017  -1.1204463192255995E-015  -2.0927220794217314E-017   8.6316674121319895E-017  -3.7290868627954567E-030   1.9158459424724642E-032  -1.1503176412523420E-031  -3.2488688518887988E-030   6.0202137936679816E-032  -3.8674812603469051E-030   7.9435051583584526E-018  -6.1933815447798496E-016  -1.1567735180743774E-017   1.3611480096021905E-016   3.5562578308236725E-017  -1.0562313885641332E-030   1.0316966879065184E-029  -3.4442340467651087E-031  -4.8871632526608668E-031   6.8301353408562472E-033  -4.5281608405624602E-031   2.0726970317014691E-029  -3.4060538922736721E-031   9.9784047984124402E-030  -7.2575797776348619E-031   3.2474979855723285E-017  -4.3154457102557973E-030  -4.0111552090425452E-033   2.3002163866349758E-032  -4.1381079386897511E-030  -4.2910993488065220E-032  -3.9977055035284711E-030   6.1515340806508035E-018  -4.7962199164821741E-016  -8.9581759917975229E-018
  -2.0389116275097923E-017   5.0969305500339073E-017  -9.8070322764050811E-016  -2.1121376665561497E-016   2.3132571556245903E-029  -4.4753900422420707E-031  -5.4217329343292925E-031   2.2061361673287832E-029   1.9099887423979790E-030   2.2160287864882302E-029  -1.1270292408106310E-017   2.8173804547302083E-017  -5.4209373235950251E-016  -3.3797590443562689E-016   1.2813888829660672E-015   2.4402994182743219E-030  -3.4442340467651087E-031   8.9217304027343015E-030   1.1680941871179159E-030   1.7767526907788659E-031   5.3295286359686790E-031  -1.0484818170871265E-030   8.4221814203442326E-030  -8.8457489968751206E-031   1.7786406154795617E-029  -3.0672297318876760E-017   2.5191545052070550E-029  -9.5728769953886413E-031   1.6630550562258343E-032   2.6064306914474557E-029  -1.2422728581909984E-030   2.6126653162634696E-029  -8.7278331750582805E-018   2.1818091056692557E-017  -4.1980309737808029E-016
  -9.2719833218885399E-016   2.9177216702070315E-017  -2.6383673146687997E-017  -4.2007478585630917E-016   2.7494771985157655E-029  -3.1182719026727042E-031   3.6313237551556037E-032   2.5060388523034321E-029   1.0187952110908116E-030   2.7355799697779386E-029  -5.1251835455160574E-016   1.6128004737930761E-017  -1.4583844986268636E-017  -6.6555634659236177E-016   6.9976223261438162E-016   1.5858474357983991E-029  -4.8871632526608668E-031   1.1680941871179159E-030   7.9432632573680314E-030   1.0438554634528242E-031   7.3701281643943868E-030  -1.1437278983362819E-030   8.8085196109189179E-031  -8.1149745700480443E-031   2.1227263666613562E-030  -1.2692275276510131E-016   3.0458568233778937E-029  -5.9520515683165572E-031  -3.5561154438489595E-032   3.0450443429557050E-029  -6.6698468135611264E-031   2.9956489295367409E-029  -3.9689961322259774E-016   1.2489696780004101E-017  -1.1293883200362016E-017
   2.2311955310239920E-019  -4.3184632297828851E-019   4.8456571116712379E-019  -5.5408682157381554E-018   2.7538620207719515E-030  -8.9082050377340906E-032  -1.5190437090315629E-031   2.7573194557988454E-030   3.9702116423591394E-031   2.5028116423424547E-030   1.2333161337157234E-019  -2.3870746871295608E-019   2.6784864935316322E-019  -9.6987817825184631E-018   2.6573064194318476E-016   2.5075281818478241E-031   6.8301353408562472E-033   1.7767526907788659E-031   1.0438554634528242E-031   3.6821272688251428E-032   4.3400274329290028E-033  -5.6231372817179318E-032   1.0186309905838248E-031  -9.9391078321304056E-032   2.3697305543534488E-031   7.4718009766703463E-018   3.0443166354692396E-030  -1.8710190615262723E-031   1.1649689601882648E-032   3.2915068708154689E-030  -2.6024219657667746E-031   3.3687859162265987E-030   9.5509300712143838E-020  -1.8485757859043461E-019   2.0742481588501312E-019
  -9.1135511789256004E-016   2.8239619309628161E-017  -1.8395593548701663E-017  -2.9241663467748654E-016   1.4552612678036400E-029  -5.8749759352874204E-032   3.1764765890905242E-031   1.2787137183091106E-029  -2.8876866278444589E-032   1.4931398628670586E-029  -5.0376085592369387E-016   1.5609738196539287E-017  -1.0168352346281966E-017  -4.6153642089530423E-016  -4.0070484253795005E-018   1.4622584790487361E-029  -4.5281608405624602E-031   5.3295286359686790E-031   7.3701281643943868E-030   4.3400274329290028E-033   7.1168783707888003E-030  -8.8434527719440128E-031   4.5982887724845652E-031  -4.7806330220716639E-031   1.1766663238872404E-030  -1.0586321966446105E-016   1.6115863625163394E-029  -7.0460969283790981E-032  -4.5935799535404244E-032   1.5639475759946109E-029   1.5819441572017102E-032   1.5136785951575226E-029  -3.9011771402358055E-016   1.2088345710335115E-017  -7.8744791820788824E-018
   2.4718635049725817E-017  -2.2519056370420622E-015  -4.0101046505196814E-017   1.7756215569258248E-016  -1.2417366407288747E-029   2.0708134837144700E-031   6.5022351702365910E-032  -1.1497759004222852E-029  -6.3527666911378252E-031  -1.2209043468388812E-029   1.3663478160648004E-017  -1.2447638564854659E-015  -2.2166263308646017E-017   2.8182282178517714E-016  -4.3453096397754210E-016  -2.5270536307775028E-030   2.0726970317014691E-029  -1.0484818170871265E-030  -1.1437278983362819E-030  -5.6231372817179318E-032  -8.8434527719440128E-031   4.1774100450253430E-029  -8.9693846521145902E-031   2.0247657627724003E-029  -1.9478065198400645E-030   4.8701951127067221E-017  -1.4111781356908346E-029   3.4657775112832277E-031   2.2923219550947565E-032  -1.4236654410023637E-029   4.0965385135675171E-031  -1.4112877124311537E-029   1.0581141434396417E-017  -9.6395824423650384E-016  -1.7165787831133059E-017
  -1.4733406923596634E-017   5.0219649990467147E-017  -9.6656072447927010E-016  -1.8449922177523913E-016   1.6707122271128464E-029  -2.6252888571969040E-031  -2.4689391877679499E-031   1.5720676192792973E-029   1.0960860179955357E-030   1.6229920521102527E-029  -8.1440412598639825E-018   2.7759424802362535E-017  -5.3427631919361834E-016  -2.9385448959004512E-016   7.3626385959130404E-016   1.7837603665364083E-030  -3.4060538922736721E-031   8.4221814203442326E-030   8.8085196109189179E-031   1.0186309905838248E-031   4.5982887724845652E-031  -8.9693846521145902E-031   8.0817623803482963E-030  -6.6085895747463597E-031   1.7023329681096394E-029  -4.0451214281063115E-017   1.8090088287636770E-029  -5.6940003955091580E-031  -4.4285439168915771E-033   1.8481249124882270E-029  -7.0929110956898542E-031   1.8411504802899487E-029  -6.3068313503344273E-018   2.1497191016658730E-017  -4.1374921026479828E-016
   1.3223433985135040E-017  -1.0837488901324733E-015  -1.8866700407044774E-017   1.2561046691337855E-016  -1.2803617631715504E-029   2.7746922021911705E-031   2.9548931986221861E-031  -1.2191521184741327E-029  -1.0774920000172858E-030  -1.2253011648896146E-029   7.3093882854453637E-018  -5.9905327548054147E-016  -1.0428761477176820E-017   2.0086869966722185E-016  -7.2630916767284772E-016  -1.8146881057389477E-030   9.9784047984124402E-030  -8.8457489968751206E-031  -8.1149745700480443E-031  -9.9391078321304056E-032  -4.7806330220716639E-031   2.0247657627724003E-029  -6.6085895747463597E-031   9.9585996178838327E-030  -1.4632302705263134E-030   1.9515517736642079E-017  -1.4349144569992085E-029   5.3854133209671976E-031  -6.3010395159063087E-033  -1.4841869867709246E-029   7.0197065843611573E-031  -1.4881751050661242E-029   5.6604672937499556E-018  -4.6391316764835042E-016  -8.0761427564967272E-018
  -6.0288331461644584E-017   1.0678969653244927E-016  -2.0282651470744930E-015  -3.7930465664070493E-016   3.6249443070347262E-029  -6.0669263731670346E-031  -6.2735398865245582E-031   3.4249772744944396E-029   2.5538363722195352E-030   3.5072479642607977E-029  -3.3324991392558511E-017   5.9029096202828297E-017  -1.1211442899373719E-015  -6.0484564581282793E-016   1.7149098572000500E-015   4.3185531010410383E-030  -7.2575797776348619E-031   1.7786406154795617E-029   2.1227263666613562E-030   2.3697305543534488E-031   1.1766663238872404E-030  -1.9478065198400645E-030   1.7023329681096394E-029  -1.4632302705263134E-030   3.5879492020181449E-029  -7.5986018793329238E-017   3.9270701672389728E-029  -1.3114595352922709E-030   4.6777750906083936E-034   4.0268717588560725E-029  -1.6556129728603507E-030   4.0191780131995712E-029  -2.5807224418182247E-017   4.5712753979863614E-017  -8.6822594955096839E-016
  -4.1318430884755636E-016   2.4843172495539490E-017   1.1691059392414216E-016  0.10218609442516148       -4.4407895439035695E-015  -8.3195221954160930E-018  -1.5170220370384853E-016  -3.8176497915725233E-015   1.0958986427521209E-016  -4.6431450653766714E-015   6.0044868672437782E-016  -1.7222640375110571E-016   3.4096109677121770E-017  0.16103546236688529        7.1154000837927570E-002  -2.2435076473281636E-016   3.2474979855723285E-017  -3.0672297318876760E-017  -1.2692275276510131E-016   7.4718009766703463E-018  -1.0586321966446105E-016   4.8701951127067221E-017  -4.0451214281063115E-017   1.9515517736642079E-017  -7.5986018793329238E-017   3.9481480366915393E-002  -4.9466640378760581E-015  -2.3314392564964391E-017   2.1975599761073752E-017  -4.7093991803190269E-015  -7.5644008466153265E-017  -4.5087162159936992E-015  -8.2805221153144724E-017   2.9660489226622711E-019  -6.5262729431475317E-017
   1.3030158651319007E-017  -1.1826086281455936E-017  -3.2886336794101103E-017  -1.5600252166622452E-014   9.6055647634411533E-028  -8.7962516189150728E-030   5.1550458826502397E-030   8.6961532594100006E-028   2.8575922739569928E-029   9.6198844709060232E-028   7.2025533691770663E-018  -6.5369900605704931E-018  -1.8178258777895767E-017  -2.4693210563887986E-014   1.9448100346354748E-014   6.1310531873663263E-029  -4.3154457102557973E-030   2.5191545052070550E-029   3.0458568233778937E-029   3.0443166354692396E-030   1.6115863625163394E-029  -1.4111781356908346E-029   1.8090088287636770E-029  -1.4349144569992085E-029   3.9270701672389728E-029  -4.9466640378760581E-015   1.0673276690542701E-027  -1.7619969464675493E-029  -1.9117303720806480E-030   1.0603433419427096E-027  -1.8172703811093849E-029   1.0396198366591958E-027   5.5777332091670638E-018  -5.0623139711075192E-018  -1.4077435108255368E-017
  -3.2172274315713331E-019   1.3808112828653294E-019   9.3179130155517685E-019   6.8042972942966019E-017  -1.5927006621475741E-029   4.5648811412736459E-031   7.2532760305290298E-031  -1.5704408167868803E-029  -2.0064285533487557E-030  -1.4709604829935342E-029  -1.7783553444807826E-019   7.6325754917254110E-020   5.1505716531247445E-019   1.1221871621017932E-016  -1.3437814407298999E-015  -1.3955457498592838E-030  -4.0111552090425452E-033  -9.5728769953886413E-031  -5.9520515683165572E-031  -1.8710190615262723E-031  -7.0460969283790981E-032   3.4657775112832277E-031  -5.6940003955091580E-031   5.3854133209671976E-031  -1.3114595352922709E-030  -2.3314392564964391E-017  -1.7619969464675493E-029   9.5652390613728226E-031  -5.1607490348276614E-032  -1.8803902439778555E-029   1.3137175469942956E-030  -1.9125285061103093E-029  -1.3771771140153708E-019   5.9107468711730365E-020   3.9886569502161718E-019
  -1.0316056330525597E-018  -6.3785080886234890E-019   7.3151475163705609E-019   5.1615495885330716E-017  -1.7119293368126729E-030  -2.3155307934956713E-032  -1.1048642631669100E-031  -1.3893420238948877E-030   1.4056395698160624E-031  -1.8695595637067140E-030  -5.7023055719882753E-019  -3.5257855375539855E-019   4.0435225541672684E-019   8.1136566145021904E-017   9.2956961481497941E-017  -4.7090374993283887E-032   2.3002163866349758E-032   1.6630550562258343E-032  -3.5561154438489595E-032   1.1649689601882648E-032  -4.5935799535404244E-032   2.2923219550947565E-032  -4.4285439168915771E-033  -6.3010395159063087E-033   4.6777750906083936E-034   2.1975599761073752E-017  -1.9117303720806480E-030  -5.1607490348276614E-032   1.3831739111656440E-032  -1.7368626085269891E-030  -9.4124456210140074E-032  -1.6168590892546669E-030  -4.4159255095958799E-019  -2.7304054649614390E-019   3.1313464650643978E-019
   1.1646174409507245E-017  -1.1943125128565439E-017  -3.1028747139862526E-017  -1.5128315042002992E-014   9.5440595796304161E-028  -9.3463103364715701E-030   3.5394956605857703E-030   8.6655560753007791E-028   3.1384404579807876E-029   9.5340622141336932E-028   6.4375419345029938E-018  -6.6016844795052195E-018  -1.7151457111014464E-017  -2.3955007594756450E-014   2.1317058325878930E-014   6.1679458054676952E-029  -4.1381079386897511E-030   2.6064306914474557E-029   3.0450443429557050E-029   3.2915068708154689E-030   1.5639475759946109E-029  -1.4236654410023637E-029   1.8481249124882270E-029  -1.4841869867709246E-029   4.0268717588560725E-029  -4.7093991803190269E-015   1.0603433419427096E-027  -1.8803902439778555E-029  -1.7368626085269891E-030   1.0559406844167716E-027  -2.0032436543442793E-029   1.0366478047758089E-027   4.9853002946431465E-018  -5.1124140106958514E-018  -1.3282269079912155E-017
   6.7487882147234091E-019   3.4866254953409780E-019  -2.4966598627911727E-019  -2.2960021000058722E-017  -1.6460396961160538E-029   6.2384762532087842E-031   1.1464271142923111E-030  -1.6859266112700538E-029  -2.8237278963076490E-030  -1.4594777741497439E-029   3.7304616617036250E-019   1.9272678775966169E-019  -1.3800542562636629E-019  -2.9466280264557360E-017  -1.8886564993281659E-015  -1.6431807216530362E-030  -4.2910993488065220E-032  -1.2422728581909984E-030  -6.6698468135611264E-031  -2.6024219657667746E-031   1.5819441572017102E-032   4.0965385135675171E-031  -7.0929110956898542E-031   7.0197065843611573E-031  -1.6556129728603507E-030  -7.5644008466153265E-017  -1.8172703811093849E-029   1.3137175469942956E-030  -9.4124456210140074E-032  -2.0032436543442793E-029   1.8532300176131386E-030  -2.0690018393117200E-029   2.8889088117914283E-019   1.4924965484728356E-019  -1.0687285551412124E-019
   1.0896072625607356E-017  -9.6347861775850356E-018  -3.2130440054321090E-017  -1.4636534342867989E-014   9.3582535042646737E-028  -9.4858149445643519E-030   2.6315888823254957E-030   8.5101540692209776E-028   3.2359269745550514E-029   9.3356076126723391E-028   6.0229155070380636E-018  -5.3257265319639539E-018  -1.7760429129338626E-017  -2.3181082195235794E-014   2.1958861713912431E-014   6.0881950176964133E-029  -3.9977055035284711E-030   2.6126653162634696E-029   2.9956489295367409E-029   3.3687859162265987E-030   1.5136785951575226E-029  -1.4112877124311537E-029   1.8411504802899487E-029  -1.4881751050661242E-029   4.0191780131995712E-029  -4.5087162159936992E-015   1.0396198366591958E-027  -1.9125285061103093E-029  -1.6168590892546669E-030   1.0366478047758089E-027  -2.0690018393117200E-029   1.0184187044292291E-027   4.6642092210601007E-018  -4.1242987337107502E-018  -1.3753863426514301E-017
   5.2251561857206183E-002   6.2046575107956298E-017  -2.9222636680273725E-017  -2.0783139486819748E-016   1.2761389720759012E-018   9.1863536650307204E-019  -1.2647420570088651E-019   1.9245458999266166E-018   7.7764716634892668E-019   1.6212217546216769E-018   2.8882584853864877E-002  -9.8605928833028896E-018   1.0977546996415754E-017  -3.3972319937025307E-016  -3.3791926352901078E-016  -7.8997269443532420E-016   6.1515340806508035E-018  -8.7278331750582805E-018  -3.9689961322259774E-016   9.5509300712143838E-020  -3.9011771402358055E-016   1.0581141434396417E-017  -6.3068313503344273E-018   5.6604672937499556E-018  -2.5807224418182247E-017  -8.2805221153144724E-017   5.5777332091670638E-018  -1.3771771140153708E-019  -4.4159255095958799E-019   4.9853002946431465E-018   2.8889088117914283E-019   4.6642092210601007E-018   2.2366977993202086E-002   2.4153709179587795E-017  -1.9798548109121933E-017
   5.8792839213236081E-017   5.2251561857205864E-002   2.4218224855736998E-017  -1.1167064760918505E-017  -1.1036846450298505E-017  -8.1847319854252725E-019   5.9429294307361388E-020  -9.0171099026178662E-018  -1.8935967852381238E-019  -1.1438931142343775E-017  -5.0157055971664091E-017   2.8882584853865044E-002  -1.0789300982496419E-016  -5.3425202685494585E-017   6.5448100026369594E-016   2.9611650343076946E-017  -4.7962199164821741E-016   2.1818091056692557E-017   1.2489696780004101E-017  -1.8485757859043461E-019   1.2088345710335115E-017  -9.6395824423650384E-016   2.1497191016658730E-017  -4.6391316764835042E-016   4.5712753979863614E-017   2.9660489226622711E-019  -5.0623139711075192E-018   5.9107468711730365E-020  -2.7304054649614390E-019  -5.1124140106958514E-018   1.4924965484728356E-019  -4.1242987337107502E-018   2.4153709179587795E-017   2.2366977993201947E-002   1.2333929089285610E-017
  -3.7002916645119457E-017   3.0122891531046754E-017   5.2251561857206287E-002  -2.2199387448947518E-017  -3.4517245646171783E-017  -5.7841314232015029E-019   3.9171400428627082E-019  -3.5454882395678252E-017  -9.8392076709954254E-020  -3.4431162345914745E-017   1.9293151783926373E-017   6.2088644411003377E-017   2.8882584853865044E-002  -1.1062056249280582E-016  -4.4296000341734272E-017  -1.8921722306255983E-017  -8.9581759917975229E-018  -4.1980309737808029E-016  -1.1293883200362016E-017   2.0742481588501312E-019  -7.8744791820788824E-018  -1.7165787831133059E-017  -4.1374921026479828E-016  -8.0761427564967272E-018  -8.6822594955096839E-016  -6.5262729431475317E-017  -1.4077435108255368E-017   3.9886569502161718E-019   3.1313464650643978E-019  -1.3282269079912155E-017  -1.0687285551412124E-019  -1.3753863426514301E-017  -1.9798548109121933E-017   1.2333929089285610E-017   2.2366977993202156E-002
