  0.20208836315708698       -3.7259628363390226E-016   9.1581639389034108E-017  -3.0925390287967243E-016  0.35770667073556739        3.7793300187485509E-003   7.8720890006793574E-016   3.4374464251359315E-016   2.8890129338016557E-016  -1.7598223968206851E-015  -3.7478718155455423E-018  -3.8290833904612656E-018  -1.5974269710273300E-015   4.6348110048703691E-019  -1.5876075283294135E-015  0.14503153500636359       -2.1151391365052915E-016  -4.3980829060370446E-017  -3.5502992819353896E-017  -7.4873265687718855E-017  -1.4291571888985049E-024  -7.4873260800955734E-017  -1.4123736136559880E-016  -3.5502993057526521E-017  -4.3980826259114623E-017  -7.8684406151319823E-017  -1.8322770463733193E-015   5.8184661340445846E-018   6.7225537531013953E-019  -2.1537479951893249E-015  -1.8851129817855456E-018  -2.2471306729595582E-015  -1.6966003833974867E-016  -9.0858329455474700E-017  -8.2116208934908031E-017
  -3.7259628363390226E-016   1.1962098607368101E-030  -3.9334060101022465E-031   1.3225272806942485E-030  -6.6291592156907104E-016   9.9400030747568664E-016  -1.8943264053775983E-030  -2.6740250040284892E-031  -4.8478973658696414E-031   3.7783161936149506E-030   3.8306750801423010E-034   8.3553103066843143E-033   3.6408737256672882E-030  -2.9520004467525160E-033   3.2267812838357947E-030  -2.5041635034081360E-016   2.1501114388872625E-031   5.2598258504755382E-032  -4.8473161950508393E-033   1.1962659258152033E-031   3.1119983272721311E-039   1.1962658221971749E-031   2.5748794238246592E-031  -4.8473156258297514E-033   5.2598252815005413E-032  -9.5869049314095861E-032   3.0568577581375035E-030  -4.0799303883396828E-033  -3.7362622347112348E-033   3.6365900159136998E-030   5.0168003967725430E-033   4.1280223107060220E-030   4.7325460214719250E-031  -1.0029233539258655E-031   3.3144084807637904E-031
   9.1581639389034108E-017  -3.9334060101022465E-031   1.4046367660218640E-031  -4.7180233416923874E-031   1.6360366286280654E-016  -4.3954260575853750E-016   5.5199876659558964E-031  -5.7292589616888896E-033   1.0982245247731269E-031  -1.0327708174850969E-030   1.1788383098350352E-033  -2.3063498666957614E-033  -1.0305783944503618E-030   1.1346615282208685E-033  -8.5156567092600581E-031   5.8238440632296182E-017  -1.8724276557314517E-032  -7.3716456460893276E-033   1.4903432950372463E-032  -2.5810962178445180E-032  -8.5794358240478123E-040  -2.5810959367909721E-032  -6.2720154531225135E-032   1.4903432785088639E-032  -7.3716441451954771E-033   7.0556098126872361E-032  -6.8867730832596212E-031  -2.9372557740804136E-034   1.4053128213202890E-033  -8.2864132967814511E-031  -1.5336763428077180E-033  -1.0116989736886887E-030  -1.4761565888788265E-031   7.6883655841102775E-032  -1.1658020078304030E-031
  -3.0925390287967243E-016   1.3225272806942485E-030  -4.7180233416923874E-031   1.5847520496444402E-030  -5.5242053772748630E-016   1.4730294822754187E-015  -1.8590294952278019E-030   1.5238874039004906E-032  -3.7138636107560168E-031   3.4814883943722481E-030  -3.9075334415743250E-033   7.7735826116291615E-033   3.4722689727700764E-030  -3.8080208403178332E-033   2.8722166426540035E-030  -1.9685062618724641E-016   6.5190042033497815E-032   2.5212091965770576E-032  -4.9537813693827739E-032   8.7365265129869198E-032   2.8917651157067409E-039   8.7365255654379596E-032   2.1182680771164230E-031  -4.9537813137154107E-032   2.5212086903421680E-032  -2.3555317074017576E-031   2.3291363912276648E-030   9.1732099195953915E-034  -4.7174817504606521E-033   2.8019139182969008E-030   5.1616558349636724E-033   3.4164854602934144E-030   4.9667126320890436E-031  -2.5661888524733768E-031   3.9165069971245105E-031
  0.35770667073556739       -6.6291592156907104E-016   1.6360366286280654E-016  -5.5242053772748630E-016  0.63318170329345791        3.4826285881409347E-006   1.3963583442246743E-015   6.0599825972364694E-016   5.1105023901452276E-016  -3.1185398536667336E-015  -6.5903254677781822E-018  -6.7863257550402126E-018  -2.8321736077515778E-015   8.3439545090317903E-019  -2.8121476316709373E-015  0.25659974815845821       -3.7322167946807555E-016  -7.7657995385987587E-017  -6.2372486459614923E-017  -1.3240644888574476E-016  -2.5328671611636954E-024  -1.3240644022689530E-016  -2.4997783089164151E-016  -6.2372486882061562E-017  -7.7657990424115689E-017  -1.3766598855798163E-016  -3.2410768575764812E-015   1.0254576028240216E-017   1.2066039684059666E-018  -3.8100101139932428E-015  -3.3470401889798629E-018  -3.9774347443402634E-015  -3.0137862131170670E-016  -1.5903497764964133E-016  -1.4655247232006180E-016
   3.7793300187485509E-003   9.9400030747568664E-016  -4.3954260575853750E-016   1.4730294822754187E-015   3.4826285881409347E-006   1.9675744119281213       -8.5589380296930548E-016   7.2656479125044259E-016   9.9488492353996271E-017   1.0160898178555689E-015  -1.2899552630762637E-017   2.4748578622630289E-018   1.3374966397492333E-015  -4.1141133606006343E-018   5.5932605408076482E-016   3.6093241809954886E-002  -3.4786352757632841E-016  -5.6823427521124638E-017  -1.3885594139877144E-016  -3.7605526522297948E-017   9.1090150755543784E-025  -3.7605529088269368E-017  -8.3721427348665546E-018  -1.3885594114751047E-016  -5.6823428500661508E-017  -4.7506680726805313E-016  -6.6594231473265514E-016   1.3175627757451918E-017  -4.8951488556638329E-018  -6.9745443790233574E-016   2.9940541324704503E-018  -7.1663477533611581E-017   3.1220254077995744E-016  -5.2810761704099275E-016   3.5235250347792827E-016
   7.8720890006793574E-016  -1.8943264053775983E-030   5.5199876659558964E-031  -1.8590294952278019E-030   1.3963583442246743E-015  -8.5589380296930548E-016   3.4517151080486236E-030   1.0203539021058426E-030   1.0837446928469342E-030  -7.3193393523375241E-030  -8.9223402213431729E-033  -1.6042501215969795E-032  -6.8276269965267145E-030   3.6297510285536661E-033  -6.4449567564902680E-030   5.5018046498696271E-016  -6.7174647035359083E-031  -1.4654131635655854E-031  -7.7147661658366669E-032  -2.7563829977985063E-031  -5.9819941648852237E-039  -2.7563827956822560E-031  -5.4763587768544298E-031  -7.7147662699290449E-032  -1.4654130498800732E-031  -9.6940070252540790E-032  -6.8578813974688486E-030   1.6883042962799205E-032   4.7903380356936283E-033  -8.0988458461107687E-030  -8.6836738009618822E-033  -8.7402896782729232E-030  -8.0044145066683716E-031  -1.2099231474190556E-031  -4.7646767408773488E-031
   3.4374464251359315E-016  -2.6740250040284892E-031  -5.7292589616888896E-033   1.5238874039004906E-032   6.0599825972364694E-016   7.2656479125044259E-016   1.0203539021058426E-030   8.4827743979207669E-031   5.2584692071577321E-031  -2.6094408732436009E-030  -1.1070766182360327E-032  -5.5810799979435208E-033  -2.2166842208947271E-030  -7.2063681559368170E-034  -2.4848712063381085E-030   2.5891107793874028E-016  -4.8565267890467813E-031  -9.5306913075257886E-032  -1.1096961367220915E-031  -1.4060827390727319E-031  -2.0877558141719688E-039  -1.4060826656770882E-031  -2.4233695959273442E-031  -1.1096961398373613E-031  -9.5306908688127906E-032  -3.0718227511367768E-031  -3.3478368795154159E-030   1.4679643104925855E-032  -6.5281961969608007E-034  -3.9039802250905960E-030  -2.0977327686819232E-033  -3.8331324052118406E-030  -1.7315309202333018E-031  -3.4722006985127327E-031  -1.0148097206179435E-032
   2.8890129338016557E-016  -4.8478973658696414E-031   1.0982245247731269E-031  -3.7138636107560168E-031   5.1105023901452276E-016   9.9488492353996271E-017   1.0837446928469342E-030   5.2584692071577321E-031   4.1750639790227918E-031  -2.4656422404949624E-030  -5.9713814492948518E-033  -5.3522059057380402E-033  -2.2182607580429112E-030   4.6543229812183549E-034  -2.2414438340598200E-030   2.0893031689945123E-016  -3.1882147241947000E-031  -6.5552025754337502E-032  -5.7362648905196460E-032  -1.0876858321741091E-031  -1.9982559783843233E-039  -1.0876857635847113E-031  -2.0218402130389577E-031  -5.7362649233454807E-032  -6.5552021799067238E-032  -1.3513281389601796E-031  -2.6495915403195990E-030   8.9428098744430145E-033   7.2635596120362304E-034  -3.1103790923000860E-030  -2.5500571267943093E-033  -3.2138683012224257E-030  -2.2746124873947141E-031  -1.5506191379109251E-031  -1.0046874967962838E-031
  -1.7598223968206851E-015   3.7783161936149506E-030  -1.0327708174850969E-030   3.4814883943722481E-030  -3.1185398536667336E-015   1.0160898178555689E-015  -7.3193393523375241E-030  -2.6094408732436009E-030  -2.4656422404949624E-030   1.5884143887695188E-029   2.5796953370208973E-032   3.4702040815582496E-032   1.4639717959802315E-029  -6.2341939694182450E-033   1.4139218500509294E-029  -1.2451636092779300E-015   1.6585427049055010E-030   3.5313545466669905E-031   2.3548764458186915E-031   6.3270674403091462E-031   1.2945271250794399E-038   6.3270670005928101E-031   1.2268652950831455E-030   2.3548764679225786E-031   3.5313542972266726E-031   4.3269452288561471E-031   1.5619016739198393E-029  -4.3701519603354478E-032  -8.4707396856413070E-033   1.8404848749353706E-029   1.8031024569075053E-032   1.9552622095917861E-029   1.6455772370847095E-030   5.1054923984107052E-031   9.0376317212814152E-031
  -3.7478718155455423E-018   3.8306750801423010E-034   1.1788383098350352E-033  -3.9075334415743250E-033  -6.5903254677781822E-018  -1.2899552630762637E-017  -8.9223402213431729E-033  -1.1070766182360327E-032  -5.9713814492948518E-033   2.5796953370208973E-032   1.5316375542136564E-034   5.4408366900946285E-035   2.0709227567489667E-032   1.8287751047965440E-035   2.5602517875632018E-032  -2.9073790416427160E-018   6.1651888711474533E-033   1.1808197390789079E-033   1.5595338714426104E-033   1.6246608725834958E-033   2.0390755414109594E-041   1.6246607992828109E-033   2.6567156706519420E-033   1.5595338741922539E-033   1.1808196938564824E-033   4.5474214515160861E-033   3.8099833944840691E-032  -1.9311209101296051E-034   1.9534225931367617E-035   4.4228018839476721E-032   1.5207604972624899E-035   4.1867896508784513E-032   1.0900033887216792E-033   5.1175730720156875E-033  -7.8468839509348994E-034
  -3.8290833904612656E-018   8.3553103066843143E-033  -2.3063498666957614E-033   7.7735826116291615E-033  -6.7863257550402126E-018   2.4748578622630289E-018  -1.6042501215969795E-032  -5.5810799979435208E-033  -5.3522059057380402E-033   3.4702040815582496E-032   5.4408366900946285E-035   7.5847622865581913E-035   3.2037096340208357E-032  -1.4117802950495985E-035   3.0843646811343210E-032  -2.7047914227311733E-018   3.5625674152039387E-033   7.6084991629534857E-034   4.9383868473286610E-034   1.3718072702408615E-033   2.8292593763449769E-041   1.3718071742092525E-033   2.6686876049358130E-033   4.9383868957662119E-034   7.6084986188277688E-034   8.7792148497524089E-034   3.3899642386328295E-032  -9.3333901428768609E-035  -1.9089486618190722E-035   3.9957731736702107E-032   3.9639031253176132E-035   4.2539304822838657E-032   3.6228241230000743E-033   1.0402336621676736E-033   2.0139269454658724E-033
  -1.5974269710273300E-015   3.6408737256672882E-030  -1.0305783944503618E-030   3.4722689727700764E-030  -2.8321736077515778E-015   1.3374966397492333E-015  -6.8276269965267145E-030  -2.2166842208947271E-030  -2.2182607580429112E-030   1.4639717959802315E-029   2.0709227567489667E-032   3.2037096340208357E-032   1.3577307476463620E-029  -6.5288709646149425E-033   1.2958750114493631E-029  -1.1232167567503529E-015   1.4329238921248816E-030   3.0873132787471864E-031   1.8459651941017602E-031   5.6668109252565935E-031   1.1948541739994148E-038   5.6668105205096290E-031   1.1124415706371599E-030   1.8459652147055078E-031   3.0873130501475757E-031   2.9283043025167550E-031   1.4044410030754871E-029  -3.6911485796723591E-032  -8.7246628690684728E-033   1.6567786125932703E-029   1.7006358473625881E-032   1.7742062815972525E-029   1.5602729491044603E-030   3.5235644036636542E-031   8.9503980880313506E-031
   4.6348110048703691E-019  -2.9520004467525160E-033   1.1346615282208685E-033  -3.8080208403178332E-033   8.3439545090317903E-019  -4.1141133606006343E-018   3.6297510285536661E-033  -7.2063681559368170E-034   4.6543229812183549E-034  -6.2341939694182450E-033   1.8287751047965440E-035  -1.4117802950495985E-035  -6.5288709646149425E-033   9.7020043581829154E-036  -4.8753578661520561E-033   2.6267598179651540E-019   2.3553936333789680E-034   1.6478270808774454E-035   2.0814806019822393E-034  -9.5852733534217663E-035  -5.2424538298987311E-042  -9.5852716758300401E-035  -3.1191335126497832E-034   2.0814805911615005E-034   1.6478279395668681E-035   8.1192999816885254E-034  -2.8786117617823386E-033  -1.4036287321427775E-035   1.1825611729403572E-035  -3.5624577430768073E-033  -1.0671153039339720E-035  -5.0915922404339327E-033  -1.0499575840138419E-033   8.9467625596160640E-034  -9.2988062780808232E-034
  -1.5876075283294135E-015   3.2267812838357947E-030  -8.5156567092600581E-031   2.8722166426540035E-030  -2.8121476316709373E-015   5.5932605408076482E-016  -6.4449567564902680E-030  -2.4848712063381085E-030  -2.2414438340598200E-030   1.4139218500509294E-029   2.5602517875632018E-032   3.0843646811343210E-032   1.2958750114493631E-029  -4.8753578661520561E-033   1.2648590663768561E-029  -1.1293753669189679E-015   1.5586981427338105E-030   3.2874854967039839E-031   2.3754086885626712E-031   5.7736600546771738E-031   1.1508168648203441E-038   5.7736596628173312E-031   1.1078460056630326E-030   2.3754087080390694E-031   3.2874852735478424E-031   4.7636381387553630E-031   1.4205274209258662E-029  -4.1798063936709935E-032  -6.7504793634117829E-033   1.6723118075597069E-029   1.5716351739047779E-032   1.7644600433560694E-029   1.4272651167747005E-030   5.5619143497571349E-031   7.5104987407470890E-031
  0.14503153500636359       -2.5041635034081360E-016   5.8238440632296182E-017  -1.9685062618724641E-016  0.25659974815845821        3.6093241809954886E-002   5.5018046498696271E-016   2.5891107793874028E-016   2.0893031689945123E-016  -1.2451636092779300E-015  -2.9073790416427160E-018  -2.7047914227311733E-018  -1.1232167567503529E-015   2.6267598179651540E-019  -1.1293753669189679E-015  0.10465025183484213       -1.5763070451953710E-016  -3.2513575756808606E-017  -2.7823803654199740E-017  -5.4348108610659098E-017  -1.0097466635900340E-024  -5.4348105148690488E-017  -1.0145819383272748E-016  -2.7823803820789155E-017  -3.2513573763956035E-017  -6.4504048881938735E-017  -1.3256763112594544E-015   4.3973969113619749E-018   3.9918835145661803E-019  -1.5568170651175453E-015  -1.3014819645809382E-018  -1.6131875581171081E-015  -1.1640819007199846E-016  -7.4136870273332555E-017  -5.2927725500340071E-017
  -2.1151391365052915E-016   2.1501114388872625E-031  -1.8724276557314517E-032   6.5190042033497815E-032  -3.7322167946807555E-016  -3.4786352757632841E-016  -6.7174647035359083E-031  -4.8565267890467813E-031  -3.1882147241947000E-031   1.6585427049055010E-030   6.1651888711474533E-033   3.5625674152039387E-033   1.4329238921248816E-030   2.3553936333789680E-034   1.5586981427338105E-030  -1.5763070451953710E-016   2.8149213479366256E-031   5.5820755451041749E-032   6.1314014305557235E-032   8.4693879637849396E-032   1.3319222250047977E-039   8.4693874987654828E-032   1.4882648764107607E-031   6.1314014510140932E-032   5.5820752699507490E-032   1.6513594104326030E-031   2.0281490389801738E-030  -8.3738449822079236E-033   1.5423051181711332E-034   2.3690709088248751E-030   1.4435310002082571E-033   2.3571192357306302E-030   1.2244736454652738E-031   1.8710908736048044E-031   2.4088623125946791E-032
  -4.3980829060370446E-017   5.2598258504755382E-032  -7.3716456460893276E-033   2.5212091965770576E-032  -7.7657995385987587E-017  -5.6823427521124638E-017  -1.4654131635655854E-031  -9.5306913075257886E-032  -6.5552025754337502E-032   3.5313545466669905E-031   1.1808197390789079E-033   7.6084991629534857E-034   3.0873132787471864E-031   1.6478270808774454E-035   3.2874854967039839E-031  -3.2513575756808606E-017   5.5820755451041749E-032   1.1165572070621054E-032   1.1659924973632042E-032   1.7325303078260417E-032   2.8434221096093981E-040   1.7325302090382246E-032   3.0900839246898441E-032   1.1659925018187548E-032   1.1165571490350645E-032   3.0604130134109344E-032   4.1674088087464545E-031  -1.6382023884698482E-033  -6.6159342765060297E-036   4.8742895181929656E-031   3.2403729850382759E-034   4.8989042746862470E-031   2.7946889261714608E-032   3.4756778308244936E-032   7.7983925478774685E-033
  -3.5502992819353896E-017  -4.8473161950508393E-033   1.4903432950372463E-032  -4.9537813693827739E-032  -6.2372486459614923E-017  -1.3885594139877144E-016  -7.7147661658366669E-032  -1.1096961367220915E-031  -5.7362648905196460E-032   2.3548764458186915E-031   1.5595338714426104E-033   4.9383868473286610E-034   1.8459651941017602E-031   2.0814806019822393E-034   2.3754086885626712E-031  -2.7823803654199740E-017   6.1314014305557235E-032   1.1659924973632042E-032   1.5943405513772665E-032   1.5696734829555482E-032   1.8521867586622970E-040   1.5696734157691912E-032   2.5215172098169676E-032   1.5943405537654243E-032   1.1659924553985390E-032   4.7087334892845424E-032   3.6626260092176224E-031  -1.9399679557268210E-033   2.2660247414034680E-034   4.2452985219748657E-031   1.1840748020734347E-034   3.9685889482216801E-031   7.6548756257215847E-033   5.2935504338500963E-032  -1.0429901602251859E-032
  -7.4873265687718855E-017   1.1962659258152033E-031  -2.5810962178445180E-032   8.7365265129869198E-032  -1.3240644888574476E-016  -3.7605526522297948E-017  -2.7563829977985063E-031  -1.4060827390727319E-031  -1.0876858321741091E-031   6.3270674403091462E-031   1.6246608725834958E-033   1.3718072702408615E-033   5.6668109252565935E-031  -9.5852733534217663E-035   5.7736600546771738E-031  -5.4348108610659098E-017   8.4693879637849396E-032   1.7325303078260417E-032   1.5696734829555482E-032   2.8406606488635307E-032   5.1224548931278812E-040   2.8406604727000792E-032   5.2433568205977351E-032   1.5696734913092305E-032   1.7325302059390785E-032   3.7867318163392214E-032   6.9047823613639390E-031  -2.3961788915884074E-033  -1.5875893382958980E-034   8.1005171548320604E-031   6.4268571016758314E-034   8.3310206336436214E-031   5.7055222629813096E-032   4.3349576615764239E-032   2.3911740531615114E-032
  -1.4291571888985049E-024   3.1119983272721311E-039  -8.5794358240478123E-040   2.8917651157067409E-039  -2.5328671611636954E-024   9.1090150755543784E-025  -5.9819941648852237E-039  -2.0877558141719688E-039  -1.9982559783843233E-039   1.2945271250794399E-038   2.0390755414109594E-041   2.8292593763449769E-041   1.1948541739994148E-038  -5.2424538298987311E-042   1.1508168648203441E-038  -1.0097466635900340E-024   1.3319222250047977E-039   2.8434221096093981E-040   1.8521867586622970E-040   5.1224548931278812E-040   1.0553750807583281E-047   5.1224545348749742E-040   9.9609137119352813E-040   1.8521867767243569E-040   2.8434219065884982E-040   3.3075615427283906E-040   1.2656726997524013E-038  -3.4920766437246122E-041  -7.0929623961714197E-042   1.4917998611228574E-038   1.4775049408337624E-041   1.5877453138999819E-038   1.3501204838034556E-039   3.9168093450751027E-040   7.4936914900424268E-040
  -7.4873260800955734E-017   1.1962658221971749E-031  -2.5810959367909721E-032   8.7365255654379596E-032  -1.3240644022689530E-016  -3.7605529088269368E-017  -2.7563827956822560E-031  -1.4060826656770882E-031  -1.0876857635847113E-031   6.3270670005928101E-031   1.6246607992828109E-033   1.3718071742092525E-033   5.6668105205096290E-031  -9.5852716758300401E-035   5.7736596628173312E-031  -5.4348105148690488E-017   8.4693874987654828E-032   1.7325302090382246E-032   1.5696734157691912E-032   2.8406604727000792E-032   5.1224545348749742E-040   2.8406602965366403E-032   5.2433564798411871E-032   1.5696734241228729E-032   1.7325301071512685E-032   3.7867316900349370E-032   6.9047819268267660E-031  -2.3961787685385952E-033  -1.5875891094507552E-034   8.1005166429033838E-031   6.4268566049160441E-034   8.3310200906581035E-031   5.7055218101255569E-032   4.3349575129670653E-032   2.3911738067966499E-032
  -1.4123736136559880E-016   2.5748794238246592E-031  -6.2720154531225135E-032   2.1182680771164230E-031  -2.4997783089164151E-016  -8.3721427348665546E-018  -5.4763587768544298E-031  -2.4233695959273442E-031  -2.0218402130389577E-031   1.2268652950831455E-030   2.6567156706519420E-033   2.6686876049358130E-033   1.1124415706371599E-030  -3.1191335126497832E-034   1.1078460056630326E-030  -1.0145819383272748E-016   1.4882648764107607E-031   3.0900839246898441E-032   2.5215172098169676E-032   5.2433568205977351E-032   9.9609137119352813E-040   5.2433564798411871E-032   9.8725949656844521E-032   2.5215172263881107E-032   3.0900837292136900E-032   5.6371132508522788E-032   1.2823984236269570E-030  -4.1045228864374131E-033  -4.5553710461632496E-034   1.5071452522061422E-030   1.3086614199112590E-033   1.5705815433436081E-030   1.1765495357571905E-031   6.5033185735874737E-032   5.6359344983319509E-032
  -3.5502993057526521E-017  -4.8473156258297514E-033   1.4903432785088639E-032  -4.9537813137154107E-032  -6.2372486882061562E-017  -1.3885594114751047E-016  -7.7147662699290449E-032  -1.1096961398373613E-031  -5.7362649233454807E-032   2.3548764679225786E-031   1.5595338741922539E-033   4.9383868957662119E-034   1.8459652147055078E-031   2.0814805911615005E-034   2.3754087080390694E-031  -2.7823803820789155E-017   6.1314014510140932E-032   1.1659925018187548E-032   1.5943405537654243E-032   1.5696734913092305E-032   1.8521867767243569E-040   1.5696734241228729E-032   2.5215172263881107E-032   1.5943405561535820E-032   1.1659924598540893E-032   4.7087334924026609E-032   3.6626260299910638E-031  -1.9399679608859292E-033   2.2660247271020245E-034   4.2452985465038824E-031   1.1840748282277347E-034   3.9685889746668709E-031   7.6548758666647167E-033   5.2935504377165732E-032  -1.0429901459478629E-032
  -4.3980826259114623E-017   5.2598252815005413E-032  -7.3716441451954771E-033   2.5212086903421680E-032  -7.7657990424115689E-017  -5.6823428500661508E-017  -1.4654130498800732E-031  -9.5306908688127906E-032  -6.5552021799067238E-032   3.5313542972266726E-031   1.1808196938564824E-033   7.6084986188277688E-034   3.0873130501475757E-031   1.6478279395668681E-035   3.2874852735478424E-031  -3.2513573763956035E-017   5.5820752699507490E-032   1.1165571490350645E-032   1.1659924553985390E-032   1.7325302059390785E-032   2.8434219065884982E-040   1.7325301071512685E-032   3.0900837292136900E-032   1.1659924598540893E-032   1.1165570910080275E-032   3.0604129291815495E-032   4.1674085580776896E-031  -1.6382023146702850E-033  -6.6159223839905660E-036   4.8742892230971225E-031   3.2403727078443588E-034   4.8989039633547944E-031   2.7946886744555936E-032   3.4756777324901419E-032   7.7983912240117098E-033
  -7.8684406151319823E-017  -9.5869049314095861E-032   7.0556098126872361E-032  -2.3555317074017576E-031  -1.3766598855798163E-016  -4.7506680726805313E-016  -9.6940070252540790E-032  -3.0718227511367768E-031  -1.3513281389601796E-031   4.3269452288561471E-031   4.5474214515160861E-033   8.7792148497524089E-034   2.9283043025167550E-031   8.1192999816885254E-034   4.7636381387553630E-031  -6.4504048881938735E-017   1.6513594104326030E-031   3.0604130134109344E-032   4.7087334892845424E-032   3.7867318163392214E-032   3.3075615427283906E-040   3.7867316900349370E-032   5.6371132508522788E-032   4.7087334924026609E-032   3.0604129291815495E-032   1.4463479803627985E-031   8.6545884463654787E-031  -5.4107534253453135E-033   9.1958425663378739E-034   9.9676374401382429E-031   4.7999593711848381E-036   8.8206918164000667E-031  -9.8553831655726465E-033   1.6208737687875759E-031  -5.3211497308485251E-032
  -1.8322770463733193E-015   3.0568577581375035E-030  -6.8867730832596212E-031   2.3291363912276648E-030  -3.2410768575764812E-015  -6.6594231473265514E-016  -6.8578813974688486E-030  -3.3478368795154159E-030  -2.6495915403195990E-030   1.5619016739198393E-029   3.8099833944840691E-032   3.3899642386328295E-032   1.4044410030754871E-029  -2.8786117617823386E-033   1.4205274209258662E-029  -1.3256763112594544E-015   2.0281490389801738E-030   4.1674088087464545E-031   3.6626260092176224E-031   6.9047823613639390E-031   1.2656726997524013E-038   6.9047819268267660E-031   1.2823984236269570E-030   3.6626260299910638E-031   4.1674085580776896E-031   8.6545884463654787E-031   1.6815531404186635E-029  -5.6949519921463542E-032  -4.5194994556172094E-033   1.9738402957063298E-029   1.6119203525873640E-032   2.0383603048724632E-029   1.4370060120528381E-030   9.9279220894951448E-031   6.3090659318255663E-031
   5.8184661340445846E-018  -4.0799303883396828E-033  -2.9372557740804136E-034   9.1732099195953915E-034   1.0254576028240216E-017   1.3175627757451918E-017   1.6883042962799205E-032   1.4679643104925855E-032   8.9428098744430145E-033  -4.3701519603354478E-032  -1.9311209101296051E-034  -9.3333901428768609E-035  -3.6911485796723591E-032  -1.4036287321427775E-035  -4.1798063936709935E-032   4.3973969113619749E-018  -8.3738449822079236E-033  -1.6382023884698482E-033  -1.9399679557268210E-033  -2.3961788915884074E-033  -3.4920766437246122E-041  -2.3961787685385952E-033  -4.1045228864374131E-033  -1.9399679608859292E-033  -1.6382023146702850E-033  -5.4107534253453135E-033  -5.6949519921463542E-032   2.5430433800044677E-034  -1.3238356296162825E-035  -6.6374567549362846E-032  -3.4156999891606886E-035  -6.4895539006674881E-032  -2.7902918896823885E-033  -6.1120100567151770E-033  -1.3981316752482294E-035
   6.7225537531013953E-019  -3.7362622347112348E-033   1.4053128213202890E-033  -4.7174817504606521E-033   1.2066039684059666E-018  -4.8951488556638329E-018   4.7903380356936283E-033  -6.5281961969608007E-034   7.2635596120362304E-034  -8.4707396856413070E-033   1.9534225931367617E-035  -1.9089486618190722E-035  -8.7246628690684728E-033   1.1825611729403572E-035  -6.7504793634117829E-033   3.9918835145661803E-019   1.5423051181711332E-034  -6.6159342765060297E-036   2.2660247414034680E-034  -1.5875893382958980E-034  -7.0929623961714197E-042  -1.5875891094507552E-034  -4.5553710461632496E-034   2.2660247271020245E-034  -6.6159223839905660E-036   9.1958425663378739E-034  -4.5194994556172094E-033  -1.3238356296162825E-035   1.4478053936079468E-035  -5.5252786130558424E-033  -1.3827182386343294E-035  -7.4012426481397743E-033  -1.3510503751822226E-033   1.0108237442844041E-033  -1.1558980345817023E-033
  -2.1537479951893249E-015   3.6365900159136998E-030  -8.2864132967814511E-031   2.8019139182969008E-030  -3.8100101139932428E-015  -6.9745443790233574E-016  -8.0988458461107687E-030  -3.9039802250905960E-030  -3.1103790923000860E-030   1.8404848749353706E-029   4.4228018839476721E-032   3.9957731736702107E-032   1.6567786125932703E-029  -3.5624577430768073E-033   1.6723118075597069E-029  -1.5568170651175453E-015   2.3690709088248751E-030   4.8742895181929656E-031   4.2452985219748657E-031   8.1005171548320604E-031   1.4917998611228574E-038   8.1005166429033838E-031   1.5071452522061422E-030   4.2452985465038824E-031   4.8742892230971225E-031   9.9676374401382429E-031   1.9738402957063298E-029  -6.6374567549362846E-032  -5.5252786130558424E-033   2.3172983147742428E-029   1.9078674723649125E-032   2.3958597911848265E-029   1.7028043040536884E-030   1.1441472035697382E-030   7.5694587001784530E-031
  -1.8851129817855456E-018   5.0168003967725430E-033  -1.5336763428077180E-033   5.1616558349636724E-033  -3.3470401889798629E-018   2.9940541324704503E-018  -8.6836738009618822E-033  -2.0977327686819232E-033  -2.5500571267943093E-033   1.8031024569075053E-032   1.5207604972624899E-035   3.9639031253176132E-035   1.7006358473625881E-032  -1.0671153039339720E-035   1.5716351739047779E-032  -1.3014819645809382E-018   1.4435310002082571E-033   3.2403729850382759E-034   1.1840748020734347E-034   6.4268571016758314E-034   1.4775049408337624E-041   6.4268566049160441E-034   1.3086614199112590E-033   1.1840748282277347E-034   3.2403727078443588E-034   4.7999593711848381E-036   1.6119203525873640E-032  -3.4156999891606886E-035  -1.3827182386343294E-035   1.9078674723649125E-032   2.2248777238207246E-035   2.0915964483606461E-032   2.0681906818940882E-033   3.7045429346664712E-035   1.3108646599729490E-033
  -2.2471306729595582E-015   4.1280223107060220E-030  -1.0116989736886887E-030   3.4164854602934144E-030  -3.9774347443402634E-015  -7.1663477533611581E-017  -8.7402896782729232E-030  -3.8331324052118406E-030  -3.2138683012224257E-030   1.9552622095917861E-029   4.1867896508784513E-032   4.2539304822838657E-032   1.7742062815972525E-029  -5.0915922404339327E-033   1.7644600433560694E-029  -1.6131875581171081E-015   2.3571192357306302E-030   4.8989042746862470E-031   3.9685889482216801E-031   8.3310206336436214E-031   1.5877453138999819E-038   8.3310200906581035E-031   1.5705815433436081E-030   3.9685889746668709E-031   4.8989039633547944E-031   8.8206918164000667E-031   2.0383603048724632E-029  -6.4895539006674881E-032  -7.4012426481397743E-033   2.3958597911848265E-029   2.0915964483606461E-032   2.4987517406461380E-029   1.8817915451488911E-030   1.0182332636127322E-030   9.0776381626177691E-031
  -1.6966003833974867E-016   4.7325460214719250E-031  -1.4761565888788265E-031   4.9667126320890436E-031  -3.0137862131170670E-016   3.1220254077995744E-016  -8.0044145066683716E-031  -1.7315309202333018E-031  -2.2746124873947141E-031   1.6455772370847095E-030   1.0900033887216792E-033   3.6228241230000743E-033   1.5602729491044603E-030  -1.0499575840138419E-033   1.4272651167747005E-030  -1.1640819007199846E-016   1.2244736454652738E-031   2.7946889261714608E-032   7.6548756257215847E-033   5.7055222629813096E-032   1.3501204838034556E-039   5.7055218101255569E-032   1.1765495357571905E-031   7.6548758666647167E-033   2.7946886744555936E-032  -9.8553831655726465E-033   1.4370060120528381E-030  -2.7902918896823885E-033  -1.3510503751822226E-033   1.7028043040536884E-030   2.0681906818940882E-033   1.8817915451488911E-030   1.9298756493406342E-031  -8.1004936719205762E-033   1.2566484493491116E-031
  -9.0858329455474700E-017  -1.0029233539258655E-031   7.6883655841102775E-032  -2.5661888524733768E-031  -1.5903497764964133E-016  -5.2810761704099275E-016  -1.2099231474190556E-031  -3.4722006985127327E-031  -1.5506191379109251E-031   5.1054923984107052E-031   5.1175730720156875E-033   1.0402336621676736E-033   3.5235644036636542E-031   8.9467625596160640E-034   5.5619143497571349E-031  -7.4136870273332555E-017   1.8710908736048044E-031   3.4756778308244936E-032   5.2935504338500963E-032   4.3349576615764239E-032   3.9168093450751027E-040   4.3349575129670653E-032   6.5033185735874737E-032   5.2935504377165732E-032   3.4756777324901419E-032   1.6208737687875759E-031   9.9279220894951448E-031  -6.1120100567151770E-033   1.0108237442844041E-033   1.1441472035697382E-030   3.7045429346664712E-035   1.0182332636127322E-030  -8.1004936719205762E-033   1.8169096815743011E-031  -5.7764087574341474E-032
  -8.2116208934908031E-017   3.3144084807637904E-031  -1.1658020078304030E-031   3.9165069971245105E-031  -1.4655247232006180E-016   3.5235250347792827E-016  -4.7646767408773488E-031  -1.0148097206179435E-032  -1.0046874967962838E-031   9.0376317212814152E-031  -7.8468839509348994E-034   2.0139269454658724E-033   8.9503980880313506E-031  -9.2988062780808232E-034   7.5104987407470890E-031  -5.2927725500340071E-017   2.4088623125946791E-032   7.7983925478774685E-033  -1.0429901602251859E-032   2.3911740531615114E-032   7.4936914900424268E-040   2.3911738067966499E-032   5.6359344983319509E-032  -1.0429901459478629E-032   7.7983912240117098E-033  -5.3211497308485251E-032   6.3090659318255663E-031  -1.3981316752482294E-035  -1.1558980345817023E-033   7.5694587001784530E-031   1.3108646599729490E-033   9.0776381626177691E-031   1.2566484493491116E-031  -5.7764087574341474E-032   9.7019609574058542E-032
