  0.69077927527669725        7.1483106964693369E-016   2.7010336692689659E-015  -3.4897332425312087E-002   2.6798796655761607E-014  -2.3917995450885099E-014  0.14677485078770319        8.8087201266099890E-016  -5.6200516101373105E-016   9.3877446144976326E-015  -3.4450032988390724E-015  -2.6604754981457819E-014   5.4847702391301893E-016   1.0775634896803365E-017   6.2650096195450638E-017  -3.5080334331090182E-016  -9.6215465686013785E-017  -2.1345890886361194E-016   1.3832296305212393E-014  -1.8857230447368931E-014  -5.2249954664014909E-017   4.2321726361967431E-016  -1.3127582733546930E-014   6.2598041549676947E-017  -1.4908550335173205E-014   1.9611934382270358E-016  -7.6629350681239293E-017   3.0720913048127524E-016   4.5264902460028600E-016   6.5085863134250465E-015   1.6853722757267331E-017  -3.3422259305860637E-016  -3.4172273372344503E-015  -2.3903275713446474E-016  -3.1825219070170916E-015   2.1345596349769548E-015   1.2712410196942562E-002   2.3400122549114375E-016  -5.0119416049968432E-016   4.5382424627475675E-014   2.3039416684703865E-016  -2.2561117023622353E-015  -2.3262707230473405E-014  -1.5936266669846502E-015  -2.2173532985266435E-014
   7.1483106964693369E-016  0.69077927527653804        6.6294288738515821E-015   7.0810706089077302E-015  -3.4897332425248319E-002  -2.0556421549159906E-014  -1.1492291320137289E-015  0.14677485078773900       -1.2738149571165448E-015  -5.5313496984109907E-015   1.6492890389752148E-016  -2.1540476146781298E-015   2.1576809529793071E-017  -6.4457939483295113E-017  -8.8381968245667821E-018  -2.2366165878327930E-016  -5.9397947069207047E-018  -2.5989510866149068E-016  -4.2618226055494107E-015  -6.6246740147546874E-016  -7.3938423333098851E-015  -3.5763870933435406E-016  -3.0756081109306417E-016   3.0578738007958422E-017  -2.8009100465493493E-016  -3.3226433936939367E-015   1.1884429652706248E-016  -6.0177473994476586E-015  -4.0088152948617687E-016  -3.1925274979830228E-017  -1.0710070379569894E-016   7.0850895004554384E-017  -3.0025114628457202E-016  -8.3515136860744457E-017  -5.6674670545388196E-016  -3.4562687118560953E-015  -1.5332020728699575E-017   1.2712410196963181E-002  -4.6071805115345405E-016   2.0176878533453637E-015  -7.4647822661993965E-016   4.2983015515937307E-016  -4.3302160770258499E-016  -5.4135183075892253E-016  -1.9811227435738129E-015
   2.7010336692689659E-015   6.6294288738515821E-015  0.69077927527651573       -1.1636113597511031E-014  -9.7004556521620191E-015  -3.4897332425363158E-002  -2.3391899720656663E-015  -2.3903439773366531E-015  0.14677485078774904       -1.8793195304412554E-014   1.9590839067813138E-015   3.2282935232578232E-015  -2.5662441070084835E-016   5.2598804975514251E-017  -2.4109760021569203E-017  -6.8676124799076877E-017   2.0515987036796302E-017  -3.3494134330338564E-017  -2.0713565090737258E-014   8.4369324025744908E-018  -4.1395586752561686E-016  -5.9840384416495567E-015  -1.2574111699885823E-016   1.1965576890194962E-017   5.1287291993873540E-017  -9.3036694007875487E-016  -5.5249826277741457E-015  -3.3723437882246053E-016  -2.8852336659271485E-015   1.5166808933564711E-016   1.5590751896871978E-016  -2.1298882521040730E-016  -5.7172852784988840E-016  -4.8108699080209458E-016  -4.0640362654581845E-016  -8.3006489032831333E-015  -7.4299408187244352E-016  -4.8384571249070076E-016   1.2712410196957610E-002   2.1074111074125081E-015   1.2534637095184564E-015  -1.4670966133645023E-015  -2.5043330447794034E-015  -2.8818494168309984E-015  -2.6065327965705116E-016
  -3.4897332425312087E-002   7.0810706089077302E-015  -1.1636113597511031E-014   2.0009143148143123        2.2263464816182042E-014  -1.9045535236677877E-014  -6.5669588291439500E-003  -4.8164757166649238E-015   6.8737625925211168E-015   1.1376422173850959E-014   1.6113157017840275E-014  -1.4257505090664461E-014   4.8355243958880161E-016  -7.0354381409472186E-016  -8.9077219653517684E-016  -8.0727673530647943E-016   7.7593158406400419E-016   3.8877467495577291E-016  -2.9447296526253948E-014  -3.3649910887602495E-015  -1.4969559083168934E-015   3.2550225021689558E-015   1.9562005231071082E-015   6.2921632663681210E-016   1.5996054334076160E-015  -9.5559660072171090E-016  -1.2556550167292341E-015   9.5879691187441879E-016   5.2826318005899324E-016   2.4594163082170382E-015   7.1751237864595858E-016   3.5423422564428515E-016  -7.9978911862505142E-016  -3.6540606696529039E-017  -1.6952549357731770E-015   2.6090724048749015E-014  -2.6684565394057599E-004  -4.4784812355079538E-015   6.1618308155371551E-015   2.4428412215351607E-014  -4.2096203473260068E-016  -1.5228910177058195E-015  -1.3564416027722713E-014  -1.2502086428853878E-015  -1.0897046807389894E-014
   2.6798796655761607E-014  -3.4897332425248319E-002  -9.7004556521620191E-015   2.2263464816182042E-014   2.0009143148144148       -1.4065245612174084E-014  -2.2939411003684589E-014  -6.5669588292039645E-003   6.6097629219103022E-015  -4.3406539023588473E-015   1.0895689996303412E-015  -4.9820151700784859E-015  -9.4455075726031526E-016   3.1585549642747452E-016   1.7189264257245387E-018  -1.4105973772200326E-015   5.6727000411436474E-016   1.2969227725699815E-015   4.3383315730868121E-015   8.7095922975839103E-016  -4.3389660354020172E-015   3.6781534262465322E-015   2.6335959613540792E-016  -1.9552266675905757E-016   1.2434744607318697E-015  -1.6808380332075089E-014  -1.4136664827796242E-015  -1.8695638307832360E-015   4.5821082858243259E-015   1.5255303081315243E-015  -2.0531099391473350E-016  -1.4590307899662538E-016   9.0375917817561585E-016  -5.3681089209383196E-016  -2.4902385342058086E-015  -7.0221107015693416E-015  -1.8329660464510060E-014  -2.6684565399560066E-004   1.8803290870982001E-015   5.3596174096305526E-015  -5.4869988434835843E-016   1.7470578160378040E-016  -3.3624539141455502E-015  -1.4498079661503944E-016  -1.7174313308938517E-015
  -2.3917995450885099E-014  -2.0556421549159906E-014  -3.4897332425363158E-002  -1.9045535236677877E-014  -1.4065245612174084E-014   2.0009143148142448        2.0845114121256248E-014   1.3011704774897836E-014  -6.5669588291366390E-003  -3.4264010148159937E-014  -1.9261333609324312E-014  -4.2293353605384523E-015   1.2551781167203922E-016   1.8699622724364806E-015  -4.1669197729346464E-016   1.2754800406846833E-015  -7.3919930083410394E-016  -1.9638102490499888E-015   5.4684298613140191E-014  -2.3375461714681207E-017   1.9286738386146718E-015   4.9305765132530734E-015  -1.1385876670727258E-016   4.3875449364310576E-016   6.9099920588240061E-016   5.6434508080217827E-015   3.4326914255143940E-015   2.4979960263801357E-015   6.3801477919818340E-017   1.4845591503194508E-015  -1.1770815513302387E-015  -1.1182801379108998E-015  -2.7826083765651418E-015  -5.4795944329691528E-017  -6.4702410927164400E-016  -6.2906851719447140E-014   1.0956463500980083E-014   5.0396696915265549E-015  -2.6684565392866440E-004   3.6832049236882437E-015   1.5970845734818830E-015  -9.8485447781490164E-016  -6.5566638548793623E-016  -1.8794912438243656E-015  -3.1980475002485484E-015
  0.14677485078770319       -1.1492291320137289E-015  -2.3391899720656663E-015  -6.5669588291439500E-003  -2.2939411003684589E-014   2.0845114121256248E-014   3.1186669938749290E-002  -1.0413436127140800E-016  -7.2350118017397411E-016  -9.2339689903922096E-015  -5.4815388202598772E-016   2.1302051392913112E-014  -5.8237975303196643E-016  -5.3186618950251016E-018   4.8296148832782910E-017   2.8898804009413023E-016   1.0134717201919396E-017   2.9006496425245555E-016  -7.3433561960230210E-015  -4.0085629506711574E-015  -1.1737969477234573E-017   9.1313689969332761E-017  -2.7887636852568027E-015   1.3568876904154328E-017  -3.1673681153713985E-015   4.1269781672784880E-017  -1.6816211399115658E-017   6.5688188894952495E-017   9.6411359225215282E-017  -5.3198225012420545E-015  -6.6209672938825096E-017   2.6820014255928208E-016   2.7626675302159223E-015   2.3926634579545658E-016   2.5377678614593866E-015  -4.6241131865365389E-015   2.7012566188484234E-003   1.8434838762054518E-017  -1.5256728187737990E-016  -3.7041480094526259E-014  -4.3946236865977454E-016   1.8817027644809079E-015   1.9354358621458401E-014   1.6813206445120688E-015   1.7675671715847001E-014
   8.8087201266099890E-016  0.14677485078773900       -2.3903439773366531E-015  -4.8164757166649238E-015  -6.5669588292039645E-003   1.3011704774897836E-014  -1.0413436127140800E-016   3.1186669938771623E-002  -1.0669331326690657E-015   3.0789558285019470E-015  -3.0618215238228185E-017   2.0480967883422893E-015  -6.8422560720163772E-017  -2.9020877751846575E-018  -2.0112146080205091E-018  -3.1336600982926558E-017   3.8796014940687341E-018   1.1402113955294887E-018   2.9157314077621518E-015  -1.4040400529647840E-016  -1.5730217430414238E-015  -7.4437668907095642E-017  -6.5244549684290083E-017   6.4150102043124175E-018  -5.8991543095367837E-017  -7.1318636265626380E-016   2.4654651907438069E-017  -1.2795560663714968E-015  -8.3243301706363597E-017  -7.0235717007092831E-016   7.9382905517059449E-017   1.3710467975637518E-017   9.7572925287738240E-017   2.9022473020838461E-017   4.1373845721080086E-016   1.6326453160506634E-015   9.9176068520398049E-019   2.7012566188540491E-003  -1.6371488226858251E-016  -4.4184206201883528E-015   5.5320544770916746E-016   8.2473264235918378E-017   1.0279344520616983E-015   2.1225482953670736E-016   3.3063583507668511E-015
  -5.6200516101373105E-016  -1.2738149571165448E-015  0.14677485078774904        6.8737625925211168E-015   6.6097629219103022E-015  -6.5669588291366390E-003  -7.2350118017397411E-016  -1.0669331326690657E-015   3.1186669938776994E-002   1.9191292050496510E-014   4.6503095308060341E-017  -1.3733419895015949E-015  -7.9770682385942115E-017  -1.2101028017617194E-017   2.3461535393045787E-017   1.4191374895568746E-017   4.9695820238349552E-017  -1.0902783418680691E-017   1.6529291652406612E-014   1.7829220379508136E-018  -8.7147020086381837E-017  -1.2695087173250194E-015  -2.6768108142808504E-017   2.7287640117041624E-018   1.1191562938944839E-017  -1.9530806560108727E-016  -1.1725953036082257E-015  -7.0602333721341462E-017  -6.1308115134163170E-016  -2.0965921861356905E-016  -1.9818645347878498E-016   2.3005725540715314E-016   1.4815649076596330E-016   3.3547653947088423E-016  -1.1494474890933421E-016   1.0581620582094665E-014  -1.7221081475852782E-016  -1.4828178959238188E-016   2.7012566188531848E-003  -1.2398510308634213E-015  -1.3406976984993855E-015   1.6088229072734078E-015   1.3539808782635034E-015   2.4357778277120150E-015  -2.5393600310341634E-016
   9.3877446144976326E-015  -5.5313496984109907E-015  -1.8793195304412554E-014   1.1376422173850959E-014  -4.3406539023588473E-015  -3.4264010148159937E-014  -9.2339689903922096E-015   3.0789558285019470E-015   1.9191292050496510E-014   1.2007454334293670       -1.8708785834333785E-002   4.1464300191911135E-003   6.9641329896340693E-014  -1.2068902705417281E-015   1.0696445395936165E-015   6.0339038850048511E-014   9.0200750441943396E-016   3.4098254718277708E-014   1.0815118065340763       -2.7140594755184655E-016   7.2759979287777106E-016   3.3374843355052319E-016   3.3361289504122278E-017  -8.7074273761808272E-017   3.2347690182315038E-017   1.9248503206099694E-015   8.0735801996656446E-016   5.9250343269602744E-016   3.0501837405346051E-016  -1.8677973046789074E-015   1.5514465919839885E-015  -6.7411526733271905E-016   1.7691330674254352E-014  -1.2288501584243893E-016   6.8548082848442699E-014  0.64419974122296053       -4.9992721245573300E-015   5.9095689105200647E-016   1.0040079448252776E-014   5.7843401443122453E-014   2.5992862327951191E-015  -6.3533942218557256E-016   2.0054394201908997E-014   9.0799371106798091E-016  -6.0725786817618923E-014
  -3.4450032988390724E-015   1.6492890389752148E-016   1.9590839067813138E-015   1.6113157017840275E-014   1.0895689996303412E-015  -1.9261333609324312E-014  -5.4815388202598772E-016  -3.0618215238228185E-017   4.6503095308060341E-017  -1.8708785834333785E-002   2.9151200931153864E-004   7.9298288746870502E-005  -6.4527066699142444E-016   3.2807420190499205E-016   1.1371843151899101E-017  -6.1567204666576039E-016  -3.7522606185950948E-018  -1.2888252304210760E-015  -1.6851819843013521E-002   4.1932187214630005E-018  -1.1397021769875870E-017  -5.2015045936161679E-018  -4.7979103214576122E-019   1.3555912905449705E-018  -4.9733266177228840E-019  -3.0031908004118800E-017  -1.2617847388172281E-017  -9.2813352606819549E-018  -4.8346434757055239E-018   4.2300391741612647E-015   2.9407692155513246E-015   2.8002620437828001E-016   2.8132416631871495E-015   1.0161839481550382E-016  -8.3467730238069520E-015  -1.0032260972333517E-002   2.1338588059239052E-017  -7.2320825492822472E-018  -1.2945796670637808E-016   2.8337346157375129E-014   2.0611983271616469E-014   1.8867055274543047E-015   2.1185639523811563E-014   6.7991139443866362E-016  -4.9782473070899669E-014
  -2.6604754981457819E-014  -2.1540476146781298E-015   3.2282935232578232E-015  -1.4257505090664461E-014  -4.9820151700784859E-015  -4.2293353605384523E-015   2.1302051392913112E-014   2.0480967883422893E-015  -1.3733419895015949E-015   4.1464300191911135E-003   7.9298288746870502E-005   1.9059069044726389        2.8110788851180071E-014   7.4586656979352597E-016  -8.2430432398216750E-016   3.5471026192004249E-014  -1.1699563375347261E-015   2.6213186570340654E-014  -6.9970096884880021E-003  -4.7178047536888976E-016  -7.9620437350359013E-016  -1.7101281358476408E-017   5.3002204613908360E-016  -1.5013466677270027E-017   8.8529115001210019E-017  -5.3452874570322735E-016  -5.0607378284072270E-016  -6.5425104877648624E-016  -1.0870852187480939E-015   5.0773581534815470E-014  -8.7951612340441872E-016   9.3292133339682356E-016   4.1419985170440717E-014   9.3578175969711614E-016   5.5107905333196624E-014   6.8442535136688298E-002   1.4378179461862564E-014   4.3830691780834299E-015   2.6648658660519334E-016   5.4684107326980339E-014   2.3159772580892028E-016  -4.7075236551977619E-016   5.9844174623535242E-014   9.9827852423742058E-016  -7.5978098299377040E-015
   5.4847702391301893E-016   2.1576809529793071E-017  -2.5662441070084835E-016   4.8355243958880161E-016  -9.4455075726031526E-016   1.2551781167203922E-016  -5.8237975303196643E-016  -6.8422560720163772E-017  -7.9770682385942115E-017   6.9641329896340693E-014  -6.4527066699142444E-016   2.8110788851180071E-014   3.7666188814345090E-004  -1.0870083578988791E-016  -2.6405957344102967E-017  -1.8833094407198005E-004  -2.7381181727924672E-017  -1.8833094407171494E-004   6.1877320624106106E-014  -3.8686992961450743E-018   8.1422058826896872E-018   1.0556933866050508E-017   3.9116720880949526E-018  -1.1431463673754962E-017   1.2654175842368105E-018   5.1882063715956088E-017  -2.2429213285470860E-017   2.5458699692090300E-017   2.2127109222319166E-017   3.6117684735817112E-003  -7.7068625790203910E-016  -1.4975727961350868E-016  -1.8058842367920721E-003  -2.1385977601375310E-016  -1.8058842367902669E-003   3.8597217847960550E-014  -3.4485532726257072E-016  -1.0608824248830607E-016  -6.9539182756484347E-017   2.5157401935972729E-002  -5.4494033009405415E-015  -9.3651173101820288E-016  -1.2578700967994136E-002  -1.3663312481212921E-015  -1.2578700967978751E-002
   1.0775634896803365E-017  -6.4457939483295113E-017   5.2598804975514251E-017  -7.0354381409472186E-016   3.1585549642747452E-016   1.8699622724364806E-015  -5.3186618950251016E-018  -2.9020877751846575E-018  -1.2101028017617194E-017  -1.2068902705417281E-015   3.2807420190499205E-016   7.4586656979352597E-016  -1.0870083578988791E-016   3.7666188814366335E-004  -6.9340400080728658E-017  -3.8372752279262500E-017   1.8904021759810276E-018  -5.9245398136071137E-017  -1.4500338545191799E-015  -4.1535931776820207E-018  -1.4824125493746270E-018   1.2381477888312905E-017   5.6943479388199305E-018   6.6687286778813010E-020  -1.2171793850835481E-019  -6.7439570286726979E-018   1.1325178693170335E-017   1.1030517344975894E-017  -1.8051006022341242E-019  -2.3857910164573788E-016   3.6117684735828990E-003  -2.7016459959810707E-016   1.8542244723619869E-016  -1.5614920033734642E-017   7.7533107887283281E-017  -5.1152762150168103E-016  -1.0875796739009142E-018   7.3096455273262297E-018  -1.4169556117620525E-017  -1.7945742152248750E-015   2.5157401935979883E-002  -1.9511757576258303E-015   1.3240282753744141E-015   8.3540318488851433E-017   4.8511106842516336E-016
   6.2650096195450638E-017  -8.8381968245667821E-018  -2.4109760021569203E-017  -8.9077219653517684E-016   1.7189264257245387E-018  -4.1669197729346464E-016   4.8296148832782910E-017  -2.0112146080205091E-018   2.3461535393045787E-017   1.0696445395936165E-015   1.1371843151899101E-017  -8.2430432398216750E-016  -2.6405957344102967E-017  -6.9340400080728658E-017   3.7666188814360264E-004   2.1097421641796282E-017   5.4719240772844033E-017  -2.7212474881584876E-017   1.0043317828039356E-015   1.7388945186433578E-018  -8.2956576868969376E-018   5.2910683517765013E-018   6.2586353034483725E-018  -3.5536530515332173E-018  -8.5916071130860560E-018  -5.9045940513188000E-018  -3.8290515832122327E-018   6.3913170857607593E-018  -2.3722687714770169E-018  -1.3394016437800983E-016  -3.8467397788579077E-016   3.6117684735826870E-003   2.4312084515964365E-016   2.3076231764900902E-016  -1.3497478079501570E-016   5.1925582503211822E-016   2.2567056279988420E-017  -7.4941844862810650E-019   1.8256445118304394E-017  -8.0210186288278363E-016  -2.6555126641462253E-015   2.5157401935977864E-002   1.8642656906099242E-015   1.5586925594828250E-015  -1.0683003200409002E-015
  -3.5080334331090182E-016  -2.2366165878327930E-016  -6.8676124799076877E-017  -8.0727673530647943E-016  -1.4105973772200326E-015   1.2754800406846833E-015   2.8898804009413023E-016  -3.1336600982926558E-017   1.4191374895568746E-017   6.0339038850048511E-014  -6.1567204666576039E-016   3.5471026192004249E-014  -1.8833094407198005E-004  -3.8372752279262500E-017   2.1097421641796282E-017   3.7666188814360584E-004   1.4640017991912887E-017  -1.8833094407186285E-004   5.4543133160517863E-014   9.6832716788701471E-020   1.8130534687357343E-017  -3.7069536312606277E-017  -1.6480613913682917E-018   1.1856441026556506E-017   1.5247625976054164E-018  -2.0860919496665197E-017   3.2588115810849112E-017  -4.1925210737592598E-017  -8.7005814282920001E-018  -1.8058842367923832E-003  -5.6573386133648481E-016  -6.5376039387768478E-017   3.6117684735824068E-003  -2.1560798087935095E-016  -1.8058842367905696E-003   3.3192359464799868E-014   1.8475996436303752E-016   5.3449187368248177E-017   3.1689458987829375E-017  -1.2578700967995968E-002  -3.9181687967506028E-015  -4.6894748941719648E-016   2.5157401935977902E-002  -1.3587307453849532E-015  -1.2578700967982165E-002
  -9.6215465686013785E-017  -5.9397947069207047E-018   2.0515987036796302E-017   7.7593158406400419E-016   5.6727000411436474E-016  -7.3919930083410394E-016   1.0134717201919396E-017   3.8796014940687341E-018   4.9695820238349552E-017   9.0200750441943396E-016  -3.7522606185950948E-018  -1.1699563375347261E-015  -2.7381181727924672E-017   1.8904021759810276E-018   5.4719240772844033E-017   1.4640017991912887E-017   3.7666188814341588E-004  -3.5233477208759522E-017   9.0884014644449066E-016  -7.0312044238299392E-018   2.3379372210452095E-018   8.1785931348024213E-018   4.2514443580719695E-018  -1.1793167676545207E-017   5.1819062751614009E-018  -6.7886574429126468E-018   1.4837295346242285E-017   1.1465827070634083E-017  -1.3556194349353004E-017  -7.8321013137253794E-017  -4.2153388713494486E-018   3.0779798227704011E-016   3.0566403331331859E-016   3.6117684735818248E-003  -2.8437807963232416E-016   3.9084293257158540E-016   7.5023179103459036E-018   3.4012046409790898E-018   2.2087314274215850E-017  -4.4139657152007408E-016   6.3812285872585034E-017   2.0779564463275214E-015   2.3506107536903154E-015   2.5157401935971619E-002  -1.9298976745684344E-015
  -2.1345890886361194E-016  -2.5989510866149068E-016  -3.3494134330338564E-017   3.8877467495577291E-016   1.2969227725699815E-015  -1.9638102490499888E-015   2.9006496425245555E-016   1.1402113955294887E-018  -1.0902783418680691E-017   3.4098254718277708E-014  -1.2888252304210760E-015   2.6213186570340654E-014  -1.8833094407171494E-004  -5.9245398136071137E-017  -2.7212474881584876E-017  -1.8833094407186285E-004  -3.5233477208759522E-017   3.7666188814405887E-004   3.0862788976746555E-014   3.7718665793053895E-018  -2.6272740570010154E-017   2.6512602446625922E-017  -2.2636106967039068E-018  -4.2497735281278666E-019  -2.7901801818374192E-018  -3.1021144219077975E-017  -1.0158902525309550E-017   1.6466511045569774E-017  -1.3426527794052412E-017  -1.8058842367916683E-003  -6.4194942270929783E-016  -9.6706959271725686E-017  -1.8058842367926074E-003  -3.0555662225652268E-017   3.6117684735854495E-003   1.9338714033208729E-014   1.5981693178988180E-016   4.3934159023192167E-017   3.1137746220285962E-017  -1.2578700967993064E-002  -4.4125577082145385E-015  -7.6663243431708928E-016  -1.2578700967999597E-002  -4.7918492483246224E-016   2.5157401935993050E-002
   1.3832296305212393E-014  -4.2618226055494107E-015  -2.0713565090737258E-014  -2.9447296526253948E-014   4.3383315730868121E-015   5.4684298613140191E-014  -7.3433561960230210E-015   2.9157314077621518E-015   1.6529291652406612E-014   1.0815118065340763       -1.6851819843013521E-002  -6.9970096884880021E-003   6.1877320624106106E-014  -1.4500338545191799E-015   1.0043317828039356E-015   5.4543133160517863E-014   9.0884014644449066E-016   3.0862788976746555E-014  0.97417846766437000       -2.4180420182690881E-016   6.5984678812599845E-016   3.0071010721404526E-016   2.7064724806387236E-017  -7.8344982265743585E-017   2.8637714390188519E-017   1.7367605685063506E-015   7.3005293290534382E-016   5.3736351442188346E-016   2.8085724043436348E-016  -8.6010447191409437E-015  -2.0377775779368067E-015  -2.6493785713304854E-016   1.9482583316413404E-014   7.4509304314312998E-016   6.4284219237111352E-014  0.57985805844573957       -4.4951344702656885E-015   5.2219033269109786E-016   8.9884777395397226E-015   5.5927852760917921E-015  -2.1622076786837839E-014   1.8508926174230895E-015   4.4061747121833904E-014   6.8097625682890380E-015  -3.4789468640481613E-014
  -1.8857230447368931E-014  -6.6246740147546874E-016   8.4369324025744908E-018  -3.3649910887602495E-015   8.7095922975839103E-016  -2.3375461714681207E-017  -4.0085629506711574E-015  -1.4040400529647840E-016   1.7829220379508136E-018  -2.7140594755184655E-016   4.1932187214630005E-018  -4.7178047536888976E-016  -3.8686992961450743E-018  -4.1535931776820207E-018   1.7388945186433578E-018   9.6832716788701471E-020  -7.0312044238299392E-018   3.7718665793053895E-018  -2.4180420182690881E-016   5.2549980838063139E-028   9.4939686969415110E-030  -1.7116641203824135E-029   3.5567533756154992E-028  -2.8862967601055433E-030   4.0573783494402150E-028  -8.0056917362354262E-030   3.6197841743783570E-030  -6.0121981440865440E-030  -1.1084373513741111E-029  -3.7096522348982322E-017  -3.9828337730642587E-017   1.6674063925814080E-017   9.2851802845466986E-019  -6.7421428258838877E-017   3.6168004320488386E-017  -1.6196813935447250E-016  -3.4784028916298672E-016  -1.2034135406692864E-017   1.5095580194143043E-019  -2.5839201210883531E-016  -2.7742019126096674E-016   1.1614147782618696E-016   6.4674968558233548E-018  -4.6961702617743019E-016   2.5192451525298753E-016
  -5.2249954664014909E-017  -7.3938423333098851E-015  -4.1395586752561686E-016  -1.4969559083168934E-015  -4.3389660354020172E-015   1.9286738386146718E-015  -1.1737969477234573E-017  -1.5730217430414238E-015  -8.7147020086381837E-017   7.2759979287777106E-016  -1.1397021769875870E-017  -7.9620437350359013E-016   8.1422058826896872E-018  -1.4824125493746270E-018  -8.2956576868969376E-018   1.8130534687357343E-017   2.3379372210452095E-018  -2.6272740570010154E-017   6.5984678812599845E-016   9.4939686969415110E-030   9.6346390987514373E-029  -1.4615995660774355E-030   2.4645504794368364E-030   2.5666035956750891E-031   1.6253801445391735E-030   8.5202590598072042E-029   1.1346287082799212E-029   7.0127777685376367E-029  -3.9857135510113532E-030   7.8074696267673859E-017  -1.4214687174930328E-017  -7.9546128356255869E-017   1.7385165755854963E-016   2.2418217011031307E-017  -2.5192635382630647E-016   3.6260670562207667E-016  -1.2431268524615733E-018  -1.3695371152838823E-016  -7.2598192529276160E-018   5.4382126911027031E-016  -9.9010941944236198E-017  -5.5407037802843690E-016   1.2109458450692784E-015   1.5615178551993064E-016  -1.7547671141796072E-015
   4.2321726361967431E-016  -3.5763870933435406E-016  -5.9840384416495567E-015   3.2550225021689558E-015   3.6781534262465322E-015   4.9305765132530734E-015   9.1313689969332761E-017  -7.4437668907095642E-017  -1.2695087173250194E-015   3.3374843355052319E-016  -5.2015045936161679E-018  -1.7101281358476408E-017   1.0556933866050508E-017   1.2381477888312905E-017   5.2910683517765013E-018  -3.7069536312606277E-017   8.1785931348024213E-018   2.6512602446625922E-017   3.0071010721404526E-016  -1.7116641203824135E-029  -1.4615995660774355E-030   7.9693610932939606E-029  -4.0531977395498391E-030   2.7799176524109153E-031  -4.4009517524232231E-030  -8.8033610925870856E-030   4.8248481795072837E-029   1.4457710010134244E-029   3.4660176201803695E-029   1.0122925126013565E-016   1.1872459864139712E-016   5.0735459217077662E-017  -3.5545561363830244E-016   7.8423609535181699E-017   2.5422636237826994E-016   1.7842177738202859E-016   8.4036593942593401E-018  -5.8943900633216309E-018  -1.0925522702617903E-016   7.0510194112827798E-016   8.2696398441803789E-016   3.5339262449023121E-016  -2.4758895283863410E-015   5.4625158859909629E-016   1.7707875872581027E-015
  -1.3127582733546930E-014  -3.0756081109306417E-016  -1.2574111699885823E-016   1.9562005231071082E-015   2.6335959613540792E-016  -1.1385876670727258E-016  -2.7887636852568027E-015  -6.5244549684290083E-017  -2.6768108142808504E-017   3.3361289504122278E-017  -4.7979103214576122E-019   5.3002204613908360E-016   3.9116720880949526E-018   5.6943479388199305E-018   6.2586353034483725E-018  -1.6480613913682917E-018   4.2514443580719695E-018  -2.2636106967039068E-018   2.7064724806387236E-017   3.5567533756154992E-028   2.4645504794368364E-030  -4.0531977395498391E-030   2.5093819135730634E-028  -1.1565503300126613E-030   2.8405076289265287E-028  -4.9602879093644761E-030   1.1766562813519231E-030  -2.4170094056817962E-030  -7.2284360049118511E-030   3.7508583616927930E-017   5.4602461811060269E-017   6.0013349872126092E-017  -1.5803075286527494E-017   4.0766621691805438E-017  -2.1705508330363014E-017   3.6309311083255647E-017  -2.4134410800668663E-016  -5.6135090420595748E-018  -2.3365850138920185E-018   2.6126218250198530E-016   3.8032783344834522E-016   4.1801681788309498E-016  -1.1007469601549820E-016   2.8395571171686180E-016  -1.5118748648645766E-016
   6.2598041549676947E-017   3.0578738007958422E-017   1.1965576890194962E-017   6.2921632663681210E-016  -1.9552266675905757E-016   4.3875449364310576E-016   1.3568876904154328E-017   6.4150102043124175E-018   2.7287640117041624E-018  -8.7074273761808272E-017   1.3555912905449705E-018  -1.5013466677270027E-017  -1.1431463673754962E-017   6.6687286778813010E-020  -3.5536530515332173E-018   1.1856441026556506E-017  -1.1793167676545207E-017  -4.2497735281278666E-019  -7.8344982265743585E-017  -2.8862967601055433E-030   2.5666035956750891E-031   2.7799176524109153E-031  -1.1565503300126613E-030   1.2122786176881006E-030  -1.1373568044725486E-030   1.1000785394314132E-030   9.9812799325674767E-031  -1.0425752049683145E-030  -5.0012752112399486E-031  -1.0961501920792968E-016   6.3945689105497775E-019  -3.4075579350051113E-017   1.1369007923702218E-016  -1.1308335820159841E-016  -4.0750600290978689E-018  -4.7226512646694896E-017   1.2707300394703616E-018   5.2631829751108376E-019   3.0269857423593296E-019  -7.6351214553310437E-016   4.4540712248487853E-018  -2.3734994426710701E-016   7.9189655716275707E-016  -7.8767050417430703E-016  -2.8384411629656135E-017
  -1.4908550335173205E-014  -2.8009100465493493E-016   5.1287291993873540E-017   1.5996054334076160E-015   1.2434744607318697E-015   6.9099920588240061E-016  -3.1673681153713985E-015  -5.8991543095367837E-017   1.1191562938944839E-017   3.2347690182315038E-017  -4.9733266177228840E-019   8.8529115001210019E-017   1.2654175842368105E-018  -1.2171793850835481E-019  -8.5916071130860560E-018   1.5247625976054164E-018   5.1819062751614009E-018  -2.7901801818374192E-018   2.8637714390188519E-017   4.0573783494402150E-028   1.6253801445391735E-030  -4.4009517524232231E-030   2.8405076289265287E-028  -1.1373568044725486E-030   3.2352495626652772E-028  -1.1569058567237245E-029   1.2644849957378336E-030  -4.4221120379257837E-030  -6.8929431889536793E-030   1.2133946864583807E-017  -1.1671396199503627E-018  -8.2383954111690529E-017   1.4620777023301332E-017   4.9688716344330942E-017  -2.6754723887883423E-017   2.0426488864533085E-017  -2.7420310226746528E-016  -4.9236907518296594E-018   1.0740716783910399E-018   8.4517759256954077E-017  -8.1295910159412658E-018  -5.7383696153897664E-016   1.0183951902835805E-016   3.4610164463757826E-016  -1.8635727828530838E-016
   1.9611934382270358E-016  -3.3226433936939367E-015  -9.3036694007875487E-016  -9.5559660072171090E-016  -1.6808380332075089E-014   5.6434508080217827E-015   4.1269781672784880E-017  -7.1318636265626380E-016  -1.9530806560108727E-016   1.9248503206099694E-015  -3.0031908004118800E-017  -5.3452874570322735E-016   5.1882063715956088E-017  -6.7439570286726979E-018  -5.9045940513188000E-018  -2.0860919496665197E-017  -6.7886574429126468E-018  -3.1021144219077975E-017   1.7367605685063506E-015  -8.0056917362354262E-030   8.5202590598072042E-029  -8.8033610925870856E-030  -4.9602879093644761E-030   1.1000785394314132E-030  -1.1569058567237245E-029   1.8837485196645167E-028   2.6548785198753702E-029   5.8041977867710539E-029  -2.9112465767061903E-029   4.9749127260219672E-016  -6.4667045299944454E-017  -5.6618488132597652E-017  -2.0003301034694304E-016  -6.5095672543591175E-017  -2.9745826225526036E-016   1.0138793961366627E-015   3.4316171305964472E-018  -6.4334139229172821E-017  -1.6070726382908108E-017   3.4652243066071790E-015  -4.5043165488653055E-016  -3.9437025750050678E-016  -1.3933093659156232E-015  -4.5341721388012989E-016  -2.0719149406915858E-015
  -7.6629350681239293E-017   1.1884429652706248E-016  -5.5249826277741457E-015  -1.2556550167292341E-015  -1.4136664827796242E-015   3.4326914255143940E-015  -1.6816211399115658E-017   2.4654651907438069E-017  -1.1725953036082257E-015   8.0735801996656446E-016  -1.2617847388172281E-017  -5.0607378284072270E-016  -2.2429213285470860E-017   1.1325178693170335E-017  -3.8290515832122327E-018   3.2588115810849112E-017   1.4837295346242285E-017  -1.0158902525309550E-017   7.3005293290534382E-016   3.6197841743783570E-030   1.1346287082799212E-029   4.8248481795072837E-029   1.1766562813519231E-030   9.9812799325674767E-031   1.2644849957378336E-030   2.6548785198753702E-029   5.5573474633713782E-029   4.0251224942332820E-030   1.8110280961275243E-029  -2.1507120306520626E-016   1.0859586448541306E-016  -3.6716344889946743E-017   3.1248377657491510E-016   1.4227315598325742E-016  -9.7412573509716882E-017   4.1546765608715559E-016  -1.6467043303080546E-018   1.9227821996153986E-018  -1.0108411882051120E-016  -1.4980563510479755E-015   7.5641332810423658E-016  -2.5574392510827103E-016   2.1765736157417982E-015   9.9098903928924217E-016  -6.7851726469384932E-016
   3.0720913048127524E-016  -6.0177473994476586E-015  -3.3723437882246053E-016   9.5879691187441879E-016  -1.8695638307832360E-015   2.4979960263801357E-015   6.5688188894952495E-017  -1.2795560663714968E-015  -7.0602333721341462E-017   5.9250343269602744E-016  -9.2813352606819549E-018  -6.5425104877648624E-016   2.5458699692090300E-017   1.1030517344975894E-017   6.3913170857607593E-018  -4.1925210737592598E-017   1.1465827070634083E-017   1.6466511045569774E-017   5.3736351442188346E-016  -6.0121981440865440E-030   7.0127777685376367E-029   1.4457710010134244E-029  -2.4170094056817962E-030  -1.0425752049683145E-030  -4.4221120379257837E-030   5.8041977867710539E-029   4.0251224942332820E-030   6.4679030421572532E-029   1.6275571248262694E-030   2.4412060742161577E-016   1.0577038996497679E-016   6.1285620556949992E-017  -4.0201612947013621E-016   1.0994452595507300E-016   1.5789552204856230E-016   2.9507573743228406E-016   5.8365114937247219E-018  -1.1115271852934522E-016  -5.7402874628855282E-018   1.7003969901949758E-015   7.3673277585111163E-016   4.2687868852171444E-016  -2.8002020139997083E-015   7.6580729089996300E-016   1.0998050238047283E-015
   4.5264902460028600E-016  -4.0088152948617687E-016  -2.8852336659271485E-015   5.2826318005899324E-016   4.5821082858243259E-015   6.3801477919818340E-017   9.6411359225215282E-017  -8.3243301706363597E-017  -6.1308115134163170E-016   3.0501837405346051E-016  -4.8346434757055239E-018  -1.0870852187480939E-015   2.2127109222319166E-017  -1.8051006022341242E-019  -2.3722687714770169E-018  -8.7005814282920001E-018  -1.3556194349353004E-017  -1.3426527794052412E-017   2.8085724043436348E-016  -1.1084373513741111E-029  -3.9857135510113532E-030   3.4660176201803695E-029  -7.2284360049118511E-030  -5.0012752112399486E-031  -6.8929431889536793E-030  -2.9112465767061903E-029   1.8110280961275243E-029   1.6275571248262694E-030   2.5666507404670659E-029   2.1217436118788436E-016  -1.7308906613446178E-018  -2.2747418386053600E-017  -8.3428896561258933E-017  -1.2998882263900906E-016  -1.2874546462672603E-016   1.2583622973653599E-016   8.4335822789661167E-018  -6.5208670676056697E-018  -5.3112340419746059E-017   1.4778786968089254E-015  -1.2056340929167290E-017  -1.5844480384870564E-016  -5.8111540072902226E-016  -9.0542377847108791E-016  -8.9676329607996715E-016
   6.5085863134250465E-015  -3.1925274979830228E-017   1.5166808933564711E-016   2.4594163082170382E-015   1.5255303081315243E-015   1.4845591503194508E-015  -5.3198225012420545E-015  -7.0235717007092831E-016  -2.0965921861356905E-016  -1.8677973046789074E-015   4.2300391741612647E-015   5.0773581534815470E-014   3.6117684735817112E-003  -2.3857910164573788E-016  -1.3394016437800983E-016  -1.8058842367923832E-003  -7.8321013137253794E-017  -1.8058842367916683E-003  -8.6010447191409437E-015  -3.7096522348982322E-017   7.8074696267673859E-017   1.0122925126013565E-016   3.7508583616927930E-017  -1.0961501920792968E-016   1.2133946864583807E-017   4.9749127260219672E-016  -2.1507120306520626E-016   2.4412060742161577E-016   2.1217436118788436E-016   3.4632841594503583E-002   3.1695803479666271E-016  -2.9240052802634464E-016  -1.7316420797254699E-002  -2.8407790985014606E-016  -1.7316420797254907E-002   3.3160698940868835E-015  -3.2841850112338139E-015  -1.0196784847516527E-015  -6.1864967075623181E-016  0.24123149713242273        1.4284746904905242E-015  -1.0144422594853187E-015 -0.12061574856622487       -7.9653122828243842E-016 -0.12061574856619937     
   1.6853722757267331E-017  -1.0710070379569894E-016   1.5590751896871978E-016   7.1751237864595858E-016  -2.0531099391473350E-016  -1.1770815513302387E-015  -6.6209672938825096E-017   7.9382905517059449E-017  -1.9818645347878498E-016   1.5514465919839885E-015   2.9407692155513246E-015  -8.7951612340441872E-016  -7.7068625790203910E-016   3.6117684735828990E-003  -3.8467397788579077E-016  -5.6573386133648481E-016  -4.2153388713494486E-018  -6.4194942270929783E-016  -2.0377775779368067E-015  -3.9828337730642587E-017  -1.4214687174930328E-017   1.1872459864139712E-016   5.4602461811060269E-017   6.3945689105497775E-019  -1.1671396199503627E-018  -6.4667045299944454E-017   1.0859586448541306E-016   1.0577038996497679E-016  -1.7308906613446178E-018   3.1695803479666271E-016   3.4632841594506837E-002   9.6451429945610230E-017  -1.1851293245242813E-016  -3.6396582227043678E-016   3.5298086373616218E-017   1.8555194449261831E-015  -1.0619433403953426E-017   7.8892532348360348E-017  -1.4587402481456178E-016   9.3456448499061781E-016  0.24123149713243464        6.6221035816348927E-018  -5.1397196909736532E-016  -6.9118566122308790E-016  -2.8092694728636973E-016
  -3.3422259305860637E-016   7.0850895004554384E-017  -2.1298882521040730E-016   3.5423422564428515E-016  -1.4590307899662538E-016  -1.1182801379108998E-015   2.6820014255928208E-016   1.3710467975637518E-017   2.3005725540715314E-016  -6.7411526733271905E-016   2.8002620437828001E-016   9.3292133339682356E-016  -1.4975727961350868E-016  -2.7016459959810707E-016   3.6117684735826870E-003  -6.5376039387768478E-017   3.0779798227704011E-016  -9.6706959271725686E-017  -2.6493785713304854E-016   1.6674063925814080E-017  -7.9546128356255869E-017   5.0735459217077662E-017   6.0013349872126092E-017  -3.4075579350051113E-017  -8.2383954111690529E-017  -5.6618488132597652E-017  -3.6716344889946743E-017   6.1285620556949992E-017  -2.2747418386053600E-017  -2.9240052802634464E-016   9.6451429945610230E-017   3.4632841594508350E-002  -2.3546488906221502E-016   1.3293499186842527E-016   2.8052884180113472E-016  -5.7695023924557878E-016   2.0084819976351560E-016  -4.3516084985091643E-018   1.7593431085096531E-016  -7.8203177123090541E-016   9.0094320621524813E-016  0.24123149713243996       -2.0152502002030440E-018   4.5936396674613652E-016   7.2520377493424405E-016
  -3.4172273372344503E-015  -3.0025114628457202E-016  -5.7172852784988840E-016  -7.9978911862505142E-016   9.0375917817561585E-016  -2.7826083765651418E-015   2.7626675302159223E-015   9.7572925287738240E-017   1.4815649076596330E-016   1.7691330674254352E-014   2.8132416631871495E-015   4.1419985170440717E-014  -1.8058842367920721E-003   1.8542244723619869E-016   2.4312084515964365E-016   3.6117684735824068E-003   3.0566403331331859E-016  -1.8058842367926074E-003   1.9482583316413404E-014   9.2851802845466986E-019   1.7385165755854963E-016  -3.5545561363830244E-016  -1.5803075286527494E-017   1.1369007923702218E-016   1.4620777023301332E-017  -2.0003301034694304E-016   3.1248377657491510E-016  -4.0201612947013621E-016  -8.3428896561258933E-017  -1.7316420797254699E-002  -1.1851293245242813E-016  -2.3546488906221502E-016   3.4632841594502674E-002  -4.8256548295574969E-016  -1.7316420797253214E-002   7.0478828615790494E-015   1.7719623305320588E-015   5.4918792340459246E-016   3.0264592612510497E-016 -0.12061574856622165       -6.1077258837555740E-016  -1.7702948363549599E-015  0.24123149713241956       -1.9894255950019363E-015 -0.12061574856620011     
  -2.3903275713446474E-016  -8.3515136860744457E-017  -4.8108699080209458E-016  -3.6540606696529039E-017  -5.3681089209383196E-016  -5.4795944329691528E-017   2.3926634579545658E-016   2.9022473020838461E-017   3.3547653947088423E-016  -1.2288501584243893E-016   1.0161839481550382E-016   9.3578175969711614E-016  -2.1385977601375310E-016  -1.5614920033734642E-017   2.3076231764900902E-016  -2.1560798087935095E-016   3.6117684735818248E-003  -3.0555662225652268E-017   7.4509304314312998E-016  -6.7421428258838877E-017   2.2418217011031307E-017   7.8423609535181699E-017   4.0766621691805438E-017  -1.1308335820159841E-016   4.9688716344330942E-017  -6.5095672543591175E-017   1.4227315598325742E-016   1.0994452595507300E-016  -1.2998882263900906E-016  -2.8407790985014606E-016  -3.6396582227043678E-016   1.3293499186842527E-016  -4.8256548295574969E-016   3.4632841594508981E-002   2.1974009959076759E-016  -5.3515804370909190E-016   8.3121150319388196E-017   3.1002611821052160E-017   2.0063316563481497E-016  -9.8012130502574093E-016  -1.6417378930931235E-015   2.9329024018448457E-016  -1.2369413769958977E-015  0.24123149713244207        2.0187257351968578E-015
