   1.5701290826189700        3.2503116492246442E-015  -8.8874406092310505E-015   5.0686316988472785E-002  -5.8414160228270812E-015   1.6362375937134392E-015  -1.0014754259825663E-002  -2.1208594299034908E-015   1.2496218551585206E-014  -2.7421357955215211E-015  -3.3880980158251450E-016   2.2445313927654859E-016  -2.2259001132411194E-016   2.2253376864014215E-016  -7.6572262982186832E-017   2.0344595081494013E-016   2.8153424619576034E-015   1.1155572782488285E-014  -2.2449137447949944E-016  -2.5327339820112693E-017   9.2102951997245218E-015   4.9073267973803818E-017   6.4971283413774082E-015  -6.0245189400736075E-016  -1.7428111421060863E-016  -2.3058266036675308E-016  -9.2761732070600681E-016  -2.2486261855375286E-015   3.0238816220769134E-016  -1.0068833845165196E-016   2.7238808783237868E-016   2.7512727404368463E-016  -2.6749277626568317E-016  -5.4853911185884265E-016   6.6172315478480511E-003  -3.7449523602835795E-015   1.4500942174109558E-015  -2.4206575575926255E-015  -2.0282507289064858E-015   2.2229389698316141E-015   7.5186256698496199E-015  -2.6360850327124500E-015  -5.1074001257469094E-015  -2.1695869493336760E-016  -1.3815147907850049E-014
   3.2503116492246442E-015   1.5701290826192387       -1.2984257060770112E-014   2.2889756080115960E-015   5.0686316988396582E-002   6.0114736730194377E-015   3.1612173701871547E-015  -1.0014754259846341E-002   3.1642285159255009E-014   3.1636909755821341E-016  -1.5099803173055155E-016   5.0489438016056662E-017  -2.1539210933528221E-016   2.4100692765068669E-016  -5.9110973031181197E-016  -1.4271138948142128E-016  -1.9758672651252445E-016   1.9106522063443160E-015  -2.5770283551790992E-016  -5.7463516475422170E-016   3.0791821105579192E-016   2.5365188555261424E-017   8.4099753396475987E-017  -6.3685736102871259E-015  -7.6163570799001187E-016   2.1176194921134105E-016  -7.8731231999405627E-016   3.8931084212698515E-016   1.0739397626038290E-015   4.1426508823656056E-017  -1.5048461013339780E-016  -8.2970940237539443E-016  -4.0147838940181433E-016  -2.8891226305433944E-016   2.6756408634616231E-015   6.6172315477941559E-003   2.7429560122956162E-015   6.8825532075271175E-015   9.3358588222208174E-016  -7.0791855637940212E-016  -7.4169482233514648E-015  -2.1987143888968267E-015   6.7335193556727149E-016   5.5143083390720294E-016  -3.0675673375456557E-015
  -8.8874406092310505E-015  -1.2984257060770112E-014   1.5701290826192571        6.2883470209528180E-015   8.5955712169432302E-015   5.0686316988440117E-002   2.4249051952429205E-014  -9.3518545367681535E-015  -1.0014754259904717E-002  -2.7601614485577031E-015   3.2071628056917037E-015   2.4468903009492503E-016   8.2144119355676606E-017   3.7912332728277651E-015   1.5940547227705764E-016   1.6522944106001053E-015  -1.8258108785907494E-014   1.3423654020423130E-015  -3.1040865967397404E-016  -8.4013233502377004E-015   8.0383460343319765E-017  -5.5931245942785004E-018   7.1881613202621331E-016   3.4790816573679037E-016  -9.1292710999732875E-015  -1.9123657749591471E-016  -3.8921495025956492E-014   5.5494078521007263E-015   2.1529453897723894E-016   3.0819049287417437E-016  -2.6641170518490255E-017   9.9460050058206747E-016   7.7291062565995414E-017   1.7871477870840280E-015   4.0687829957944390E-015   4.0799480313634206E-015   6.6172315478061766E-003  -9.3995468225646933E-015   7.0777524760590361E-015   7.9927834027337900E-016   4.4523435363417288E-015   3.5924497683603560E-015   5.2970395537771566E-015  -3.9181941888472974E-015   1.0847781951360377E-014
   5.0686316988472785E-002   2.2889756080115960E-015   6.2883470209528180E-015   1.6363662505441546E-003  -1.1815210921846892E-016   2.5693104112686885E-016   1.8579953296377286E-004   4.0434272241330837E-015  -1.1293543025893568E-014  -1.2963156087613502E-016  -7.1254375874329855E-018   9.3882461978979174E-018  -9.5373445003522325E-018  -1.4128182863456652E-018   1.2311805778129319E-019   1.1363349507513985E-017  -1.4958294792839202E-016   3.5919114667959498E-016  -7.3981417611934879E-018  -8.3663590471485616E-019   2.9694692302359379E-016   1.4480797246093902E-018   2.0927379603808071E-016  -1.9311146528742284E-017  -5.5693238548260770E-018  -7.2898654011210178E-018  -3.0035168237257383E-017   2.0339841424382717E-016   2.1121958003248925E-016   1.0495191086237918E-016  -1.0822962471943498E-016  -4.3048035319215507E-016   1.1207459732971254E-016   2.2019980763286929E-016   2.1368018812441101E-004  -1.1204147958514174E-016   6.8183650028676809E-017   2.8516427106033494E-015   1.5121369798143476E-015  -1.6332343835306211E-015  -6.1552097620042795E-015   1.6774996799820298E-015   3.3032617326706539E-015  -1.7646083395394683E-016   9.6712646634481245E-015
  -5.8414160228270812E-015   5.0686316988396582E-002   8.5955712169432302E-015  -1.1815210921846892E-016   1.6363662505389633E-003   4.8010588114077942E-016  -4.3254335850889243E-015   1.8579953297892475E-004  -2.4063315638801790E-014   3.8624743734220211E-016  -9.5860154252314759E-018   6.2870764401100462E-019  -5.9683518797848681E-018   1.4333092330698806E-017  -1.6523130673240914E-017  -5.5647694193103594E-018   1.0256232963292475E-015   6.1330910731789197E-017  -5.8591809622067776E-018  -1.8788766394621105E-017   1.0133123465639113E-017   7.9928292116913260E-019   2.7252262301185068E-018  -1.9933306635441715E-016  -2.4745686512004313E-017   9.3591954246403890E-018  -2.5166548237434480E-017   6.1026120745097758E-016  -2.2230005153911789E-016  -4.9954048266780302E-017   3.9850125480118329E-017   2.8698814499367782E-016   1.0919498823174275E-016  -6.5745760825968954E-017   6.1816000069823069E-017   2.1368018812232056E-004   1.2442977424295915E-016  -3.5260778300258745E-015  -7.1727723459492120E-016   6.2690875832857206E-016   4.3329213256601495E-015   1.7052415507766578E-015  -8.0265635856524451E-016   1.0704747037228659E-015   1.3328909006638551E-015
   1.6362375937134392E-015   6.0114736730194377E-015   5.0686316988440117E-002   2.5693104112686885E-016   4.8010588114077942E-016   1.6363662505417635E-003  -1.9576566716636931E-014   5.1884834528708262E-015   1.8579953299485973E-004   1.7104492514927035E-015   1.1737068563358179E-016   1.7871546989909613E-018   2.5422071036001346E-018   1.1716240942748336E-016   8.6397489753903481E-019   4.5646718132836050E-017   4.5204133018329599E-015   4.2729829728110109E-017  -1.0232115477110636E-017  -2.6505362221756524E-016   2.7064818986827195E-018  -1.9516709813631165E-019   2.3312586444733735E-017   1.0847640575396843E-017  -2.8858282752936222E-016  -6.4819083138416953E-018  -1.2436799151053553E-015   2.5348202091472177E-015   6.9007110271964361E-016  -2.9191212253150282E-016  -1.1183619810738370E-017  -2.4543904134120117E-016  -2.1471400401736561E-016  -3.4734875261446701E-016   1.3458246036656817E-016   1.5487995490899863E-016   2.1368018812288953E-004   9.6423263254637655E-015  -4.1719054617829333E-015  -1.2675267298477120E-016  -3.9009618197943083E-015  -3.0544487641169526E-015  -5.7308935730512174E-015   4.9814925701427073E-015  -7.9680269443604444E-015
  -1.0014754259825663E-002   3.1612173701871547E-015   2.4249051952429205E-014   1.8579953296377286E-004  -4.3254335850889243E-015  -1.9576566716636931E-014   1.9996604823287596       -8.3899717637718039E-016   2.0159951289592702E-014   7.0089907331369766E-015  -6.8200813747755134E-016  -1.6105757435867150E-017  -1.2455060257063028E-016   4.2253506961766467E-016   7.7457864392696271E-016   3.0254322407884154E-016  -1.5624600588263207E-014  -3.7195084456548404E-015  -5.9242958569819004E-016  -7.4577001243821068E-017  -1.5370226886962253E-015  -5.3482387658929280E-016  -1.8641594682863795E-015   5.4186507893050485E-016   2.2402662971063150E-016   6.0523728658140396E-016  -3.4826804410612795E-016   1.2174769530904995E-014   1.3464131641352128E-015  -3.3778793941314486E-016   6.2108103341710046E-017  -7.1863541821919642E-016  -1.0793689675798032E-015  -6.1369824404324772E-016   2.1390773149575473E-004  -3.4245698538621383E-015  -1.8938647375956838E-014  -1.3334927705389156E-015  -3.4074812727629409E-016   7.6525014545577241E-016   2.6028604199856370E-015  -3.2129699012981344E-016  -1.2725990235160842E-015   2.9355088226111525E-015  -7.6706220232804390E-015
  -2.1208594299034908E-015  -1.0014754259846341E-002  -9.3518545367681535E-015   4.0434272241330837E-015   1.8579953297892475E-004   5.1884834528708262E-015  -8.3899717637718039E-016   1.9996604823286770        9.0797457482600056E-015  -1.2588628684304819E-016   1.5233194505148199E-015   6.0677224367528453E-017   3.9764898849025325E-016   1.3051170707553552E-015   5.6314285515037710E-016   6.4259348158376234E-016  -5.3010868197481697E-015  -1.3792304782683987E-015   9.6635070058293347E-015  -9.3353985291032660E-016   7.5618791085042090E-016  -7.6936194778111010E-017   4.0114419652061939E-017   2.4608169226801975E-014  -6.1906366832456926E-016   9.9091036706581760E-015   9.8371285244004602E-016   1.6284882191938580E-015   1.1903118624477329E-015   2.1957455517918263E-017   4.2610549041839660E-016  -2.6726985286637696E-016   9.2897291831064101E-016   5.8840157207809349E-016   4.1942579025330087E-015   2.1390773151611938E-004   4.2493803357314235E-015   2.3579430212928492E-016  -1.8663894872587218E-016  -1.2201694631313891E-016  -5.3621161890810754E-016  -2.9747840065176703E-016  -8.7337182462201769E-016  -1.2789946427343829E-015  -5.2815198328255263E-016
   1.2496218551585206E-014   3.1642285159255009E-014  -1.0014754259904717E-002  -1.1293543025893568E-014  -2.4063315638801790E-014   1.8579953299485973E-004   2.0159951289592702E-014   9.0797457482600056E-015   1.9996604823286754        6.2435705741509984E-015   1.1817259708378010E-015  -4.9210297514606460E-016   3.8481426106672637E-016   1.0677227023326266E-015   1.2319711094850161E-016   1.3147117498393012E-015  -2.1924378715882181E-014  -2.3805648412211536E-015  -8.2921395881183121E-016   2.4227993723146236E-014   4.3772132830813983E-016  -5.7356713352676508E-017   4.1974868816812792E-016  -1.5081264654025421E-015   2.4115315796913414E-014  -1.2104226345556893E-015   5.0402580275189571E-014   1.2049314567990801E-014   1.4307578094488134E-015   8.0021335283142663E-016   6.0093100963970060E-016   3.5100062757199792E-016   1.6734717356249033E-015   2.9615620836147566E-016  -8.8606657870073974E-015  -1.8106599056257958E-014   2.1390773150641162E-004  -6.3042551810856301E-015   2.0556451800751913E-015   3.2021248718724330E-016   1.2679609220626883E-015   1.5690354113794373E-015   1.8040599566715958E-015  -1.1507016125280717E-015   5.8363746113467486E-015
  -2.7421357955215211E-015   3.1636909755821341E-016  -2.7601614485577031E-015  -1.2963156087613502E-016   3.8624743734220211E-016   1.7104492514927035E-015   7.0089907331369766E-015  -1.2588628684304819E-016   6.2435705741509984E-015  0.11659235746145956       -2.3518477056831026E-014  -6.0422755845981720E-017   3.8207887009537011E-017  -2.5151956772727624E-014   5.1229485807104808E-017  -2.5526207150238052E-014  0.32545246705376990        1.0031935213460252E-017   2.2625094694086851E-016  -5.0085109102528802E-017  -8.0228148967933376E-017   2.4496209894763088E-018   1.7252934760122900E-017  -4.1286493626531679E-016  -7.8788132700154582E-018  -8.4215447618576601E-017  -1.4585287218178413E-016  0.17057089088338509       -2.8859686764519241E-014   1.9956217441455401E-017  -1.3573550328940737E-016  -2.2563384441625760E-014  -7.8542599627476637E-017  -2.3275928145339491E-014   4.6045656491953216E-016   1.7313102648000290E-017   1.6118758438935492E-015  -2.5222144855548648E-014   1.2028554856418352E-015  -2.2845197427884287E-016   1.9493163902137301E-014   1.4638979947210514E-015   1.7469492384037570E-014  0.32860867409254452        3.6201848134041312E-003
  -3.3880980158251450E-016  -1.5099803173055155E-016   3.2071628056917037E-015  -7.1254375874329855E-018  -9.5860154252314759E-018   1.1737068563358179E-016  -6.8200813747755134E-016   1.5233194505148199E-015   1.1817259708378010E-015  -2.3518477056831026E-014   3.5156782408804979E-006   8.1603276891794726E-019   8.5005869637360209E-019  -1.7578391204433090E-006  -6.0632402489823773E-018  -1.7578391204424093E-006  -6.4902314822817347E-014  -1.3695925126162594E-018  -1.7731911879665464E-018   1.2753307893518362E-018   1.5810792694576630E-018  -9.6762481984347755E-019   2.5012725814592808E-019   5.3979188775136610E-019   1.4590349961297887E-018   1.3668746818279444E-018   1.4919244765084440E-018  -3.5894858190533639E-014   1.7738090742211365E-004   7.6125775053424588E-018   3.9251505121422466E-017  -8.8690453710975480E-005   1.5762223695476459E-016  -8.8690453711166246E-005   1.1016207100466473E-018  -1.9541204375975158E-018   1.8444522624833728E-017   2.5843406059544638E-003   1.1595912149915277E-016   6.0184539050701929E-016  -1.2921703029757741E-003   2.1570552416782362E-015  -1.2921703029786392E-003  -6.5968232479989888E-014  -4.4438710024358766E-014
   2.2445313927654859E-016   5.0489438016056662E-017   2.4468903009492503E-016   9.3882461978979174E-018   6.2870764401100462E-019   1.7871546989909613E-018  -1.6105757435867150E-017   6.0677224367528453E-017  -4.9210297514606460E-016  -6.0422755845981720E-017   8.1603276891794726E-019   3.5156782408898101E-006  -1.5144663049127411E-018  -3.3562885342854910E-018  -1.2867471520830543E-018  -1.8297030212338118E-018  -1.7425349908966596E-016  -9.8877662578377716E-019  -1.2546997266289573E-018  -9.2756582865466398E-019   6.0206621969653990E-019  -4.9066210792329208E-019   7.2240097059242303E-019   4.9523231401181330E-019  -5.3068280812438376E-019  -2.9368964553136879E-019  -1.2369013968086980E-018  -7.6131543023804834E-017   2.9640044942075513E-017   1.7738090742235130E-004   4.7012653997035443E-017  -4.6926888330975322E-017  -4.1539139822704732E-017   1.3269223845037470E-017   2.0246025870090517E-018   2.5642941994927334E-020  -3.2779288050890743E-018   4.8279995888089666E-016   2.5843406059578838E-003   6.4936063446824607E-016  -6.7660362176791305E-016  -6.3248690766960560E-016   1.9289333904236773E-016  -1.7287451620493734E-016   3.9242619015362617E-016
  -2.2259001132411194E-016  -2.1539210933528221E-016   8.2144119355676606E-017  -9.5373445003522325E-018  -5.9683518797848681E-018   2.5422071036001346E-018  -1.2455060257063028E-016   3.9764898849025325E-016   3.8481426106672637E-016   3.8207887009537011E-017   8.5005869637360209E-019  -1.5144663049127411E-018   3.5156782408822643E-006   1.0786422521344912E-018   1.4882151425231272E-018   1.3600119509454791E-018   9.2905663860492044E-017  -7.4122839981891846E-019  -1.6442685490593308E-019  -1.2197546725972650E-018   4.0566355308972637E-019  -5.0131482712368580E-019   5.8843877577073342E-019   2.7083499665063622E-019   5.5485890807116091E-019  -3.2665286656373679E-019  -1.3530687589017992E-019   8.0966211910223864E-017   2.4494290319035961E-018  -1.2232744398785071E-016   1.7738090742216775E-004  -2.8321169458461881E-017   5.8621326139424269E-017   2.8011983407533490E-017  -2.9843261726582671E-018  -7.7125865897823837E-019  -3.7343099252088449E-019   2.3356536473846403E-017  -1.7622228756178851E-015   2.5843406059551052E-003  -4.3922619517652763E-016   8.3414257817858043E-016   4.1577218373930576E-016   1.0656188295339875E-016   5.7095622133492956E-016
   2.2253376864014215E-016   2.4100692765068669E-016   3.7912332728277651E-015  -1.4128182863456652E-018   1.4333092330698806E-017   1.1716240942748336E-016   4.2253506961766467E-016   1.3051170707553552E-015   1.0677227023326266E-015  -2.5151956772727624E-014  -1.7578391204433090E-006  -3.3562885342854910E-018   1.0786422521344912E-018   3.5156782408744712E-006   7.1938428076993910E-018  -1.7578391204247802E-006  -6.9799252746705326E-014   7.3881742737495731E-019   7.4674460927025599E-019  -8.7199844111311271E-019  -7.7708022192707149E-019  -9.0607227246954213E-019  -2.1100003452690351E-019  -2.4628617191351140E-019  -1.8787138604189048E-018  -3.4470986957378461E-019   3.9255389264294874E-019  -3.8346944294271563E-014  -8.8690453711310865E-005  -1.2183920969148078E-016   8.7711619091588867E-017   1.7738090742198609E-004   1.0842862388514242E-016  -8.8690453710658080E-005  -5.4628896291178850E-018   2.8642163351313713E-018   1.5080544745926148E-017  -1.2921703029809299E-003  -1.7915662374472658E-015   1.2301452346133575E-015   2.5843406059521874E-003   1.6696859172412533E-015  -1.2921703029713772E-003  -7.0833065491884836E-014  -4.8911073058068839E-014
  -7.6572262982186832E-017  -5.9110973031181197E-016   1.5940547227705764E-016   1.2311805778129319E-019  -1.6523130673240914E-017   8.6397489753903481E-019   7.7457864392696271E-016   5.6314285515037710E-016   1.2319711094850161E-016   5.1229485807104808E-017  -6.0632402489823773E-018  -1.2867471520830543E-018   1.4882151425231272E-018   7.1938428076993910E-018   3.5156782408888979E-006   4.6656245122422211E-018   1.0927655508525140E-016   4.3124665331225595E-019   8.7278863113544009E-019   9.4408686584163930E-019  -8.3057799087826056E-019  -5.2017248359017831E-019   2.5199989174720044E-019   3.4193767521834225E-020  -3.9445985327193001E-019  -9.2712248140203260E-019  -7.3320727737319396E-019   1.1116009977666524E-016  -4.5395642900154618E-016  -2.1335574643216912E-017   2.0055040893847875E-017   2.4885026452316025E-016   1.7738090742232162E-004   2.0984737184358209E-016   1.7212570055408352E-018  -2.1086795915909421E-018  -1.3963299073324298E-018  -6.6186580898327020E-015  -3.1167081316048769E-016   2.5723096235890578E-016   3.6224246359433192E-015   2.5843406059575546E-003   2.9960330776578086E-015   1.3876657098035946E-016   8.1817290142148545E-016
   2.0344595081494013E-016  -1.4271138948142128E-016   1.6522944106001053E-015   1.1363349507513985E-017  -5.5647694193103594E-018   4.5646718132836050E-017   3.0254322407884154E-016   6.4259348158376234E-016   1.3147117498393012E-015  -2.5526207150238052E-014  -1.7578391204424093E-006  -1.8297030212338118E-018   1.3600119509454791E-018  -1.7578391204247802E-006   4.6656245122422211E-018   3.5156782408660288E-006  -7.0835207063965035E-014   6.3077508530029603E-019   1.0264465786569112E-018  -4.0333234821155125E-019  -8.0399904751128370E-019   1.8736970923059887E-018  -3.9127223686542952E-020  -2.9350571557576553E-019   4.1967886429578983E-019  -1.0221648121779471E-018  -1.8844783692392468E-018  -3.8828491371497153E-014  -8.8690453711066187E-005  -1.0625635908820250E-016   3.8966416496127197E-017  -8.8690453710688614E-005   2.6393430004004727E-017   1.7738090742176575E-004   4.7342300062491256E-018  -6.8767092467083497E-019   3.3964165804306820E-018  -1.2921703029773715E-003  -1.5367067415203636E-015   5.8550996307252490E-016  -1.2921703029717222E-003   4.3400860457024513E-016   2.5843406059491629E-003  -7.1652953438945023E-014  -4.5335438041457001E-014
   2.8153424619576034E-015  -1.9758672651252445E-016  -1.8258108785907494E-014  -1.4958294792839202E-016   1.0256232963292475E-015   4.5204133018329599E-015  -1.5624600588263207E-014  -5.3010868197481697E-015  -2.1924378715882181E-014  0.32545246705376990       -6.4902314822817347E-014  -1.7425349908966596E-016   9.2905663860492044E-017  -6.9799252746705326E-014   1.0927655508525140E-016  -7.0835207063965035E-014  0.90871263746647024        3.7828129633165098E-017   6.4540975283833526E-016  -1.3978974394668858E-016  -2.2890661522123907E-016   6.2034377370774200E-018   3.8267022341795594E-017  -1.1591798722553110E-015  -1.9931500337220857E-017  -2.3318848643666498E-016  -4.1654732328653290E-016  0.47539581755373544       -6.8015862771723915E-014   1.3110355824508607E-018  -7.4696817379276979E-016  -7.0034194735933774E-014  -1.4553636421469384E-015  -6.9480774986664379E-014   1.2054581574691970E-015   6.4035088172230245E-018   4.5224525929423576E-015   1.0746814539565345E-013   2.5680695223055044E-015  -5.9123002938794138E-015  -5.2712157531552691E-014  -1.3804536068223579E-014  -2.2748827750195053E-014  0.91737593171880438       -1.1928581945788110E-002
   1.1155572782488285E-014   1.9106522063443160E-015   1.3423654020423130E-015   3.5919114667959498E-016   6.1330910731789197E-017   4.2729829728110109E-017  -3.7195084456548404E-015  -1.3792304782683987E-015  -2.3805648412211536E-015   1.0031935213460252E-017  -1.3695925126162594E-018  -9.8877662578377716E-019  -7.4122839981891846E-019   7.3881742737495731E-019   4.3124665331225595E-019   6.3077508530029603E-019   3.7828129633165098E-017   9.4539096221190584E-029  -4.9722243444667564E-030  -3.5832860040813798E-029   6.6369437882341986E-029   1.9746110378611191E-030   4.8896290572977499E-029  -2.8421058508880098E-029  -3.9016768705459811E-029  -8.4058293351313668E-030  -1.0099011204330562E-028  -1.3565369025708564E-017  -6.9101762460625173E-017  -4.9887982660053513E-017  -3.7398122683051895E-017   3.7276478876534199E-017   2.1758226278402389E-017   3.1825283584133924E-017   4.6547318676845565E-017   7.8772543249332873E-018   5.3535194118334021E-018  -1.0067740280810927E-015  -7.2684000330834951E-016  -5.4486972944768472E-016   5.4309744722603280E-016   3.1700518675906183E-016   4.6367658085501498E-016   3.2424217052565531E-017  -8.5126250516446083E-016
  -2.2449137447949944E-016  -2.5770283551790992E-016  -3.1040865967397404E-016  -7.3981417611934879E-018  -5.8591809622067776E-018  -1.0232115477110636E-017  -5.9242958569819004E-016   9.6635070058293347E-015  -8.2921395881183121E-016   2.2625094694086851E-016  -1.7731911879665464E-018  -1.2546997266289573E-018  -1.6442685490593308E-019   7.4674460927025599E-019   8.7278863113544009E-019   1.0264465786569112E-018   6.4540975283833526E-016  -4.9722243444667564E-030   5.0111400547258625E-029  -1.2900927844400894E-029   8.7260886816071877E-031   4.0290797752889089E-031  -1.3736796998515963E-030   1.1861489378623469E-028  -1.1638594256775899E-029   4.7368811709901583E-029  -9.4011700240700345E-030   2.9116008430434248E-016  -8.9465030757129355E-017  -6.3304933160095251E-017  -8.2960335758550198E-018   3.7676438892019384E-017   4.4035895428913112E-017   5.1788591865040890E-017  -1.0221714043806991E-018   1.5144497339228077E-019  -1.4146638171096801E-018  -1.3034554572907508E-015  -9.2231746753635744E-016  -1.2086856894596490E-016   5.4892464094096138E-016   6.4157836562248182E-016   7.5453081634974604E-016   6.4352863717848344E-016  -1.1942044967574860E-015
  -2.5327339820112693E-017  -5.7463516475422170E-016  -8.4013233502377004E-015  -8.3663590471485616E-019  -1.8788766394621105E-017  -2.6505362221756524E-016  -7.4577001243821068E-017  -9.3353985291032660E-016   2.4227993723146236E-014  -5.0085109102528802E-017   1.2753307893518362E-018  -9.2756582865466398E-019  -1.2197546725972650E-018  -8.7199844111311271E-019   9.4408686584163930E-019  -4.0333234821155125E-019  -1.3978974394668858E-016  -3.5832860040813798E-029  -1.2900927844400894E-029   3.3929226453299553E-028   4.3904944978024480E-030  -6.8292201607474816E-031   9.6059011937739530E-031  -2.9106608600196652E-029   3.4073191005265383E-028  -1.7922530709007597E-029   8.1514204598116582E-028  -7.3319915436030753E-017   6.4345857947671693E-017  -4.6799637824002117E-017  -6.1541806682604423E-017  -4.3996026984822103E-017   4.7633194358170886E-017  -2.0349830962817693E-017  -1.1631356466561863E-019  -2.5418116244218317E-018  -3.2310631036142020E-017   9.3748315946622636E-016  -6.8184454646371279E-016  -8.9662970093608877E-016  -6.4099750469182845E-016   6.9398899892954853E-016  -2.9648565477441660E-016  -1.4115501576422931E-016  -2.9723997257385079E-018
   9.2102951997245218E-015   3.0791821105579192E-016   8.0383460343319765E-017   2.9694692302359379E-016   1.0133123465639113E-017   2.7064818986827195E-018  -1.5370226886962253E-015   7.5618791085042090E-016   4.3772132830813983E-016  -8.0228148967933376E-017   1.5810792694576630E-018   6.0206621969653990E-019   4.0566355308972637E-019  -7.7708022192707149E-019  -8.3057799087826056E-019  -8.0399904751128370E-019  -2.2890661522123907E-016   6.6369437882341986E-029   8.7260886816071877E-031   4.3904944978024480E-030   5.6777217413370591E-029   1.9547183272046919E-031   4.0046293870579490E-029   4.5880597299696540E-030   3.9137897772646666E-030   2.4934243713024249E-030   4.9431079216900917E-030  -1.0311383773066311E-016   7.9772168072914945E-017   3.0376799314470835E-017   2.0467450154762387E-017  -3.9206999464098978E-017  -4.1906189250377050E-017  -4.0565168608796554E-017   3.8626992504959289E-017   1.3948125112342193E-018   3.9490247690424064E-019   1.1622358695303425E-015   4.4257297523288956E-016   2.9819930061257467E-016  -5.7122405238117507E-016  -6.1054973781850415E-016  -5.9101181714913950E-016  -2.2821325623511490E-016   4.2741162720041368E-016
   4.9073267973803818E-017   2.5365188555261424E-017  -5.5931245942785004E-018   1.4480797246093902E-018   7.9928292116913260E-019  -1.9516709813631165E-019  -5.3482387658929280E-016  -7.6936194778111010E-017  -5.7356713352676508E-017   2.4496209894763088E-018  -9.6762481984347755E-019  -4.9066210792329208E-019  -5.0131482712368580E-019  -9.0607227246954213E-019  -5.2017248359017831E-019   1.8736970923059887E-018   6.2034377370774200E-018   1.9746110378611191E-030   4.0290797752889089E-031  -6.8292201607474816E-031   1.9547183272046919E-031   1.3669543577752675E-030   4.5483920247389811E-031  -1.4325293023292877E-030  -4.5915875433703002E-031  -8.4672630201011910E-031  -1.9754096398105242E-030   5.4071260970043141E-018  -4.8820784163805694E-017  -2.4755988454506225E-017  -2.5293463407834595E-017  -4.5715196576343685E-017  -2.6244912313815529E-017   9.4535980740150889E-017   1.3835508717998321E-019   9.7066835788684956E-020  -3.0922939364166508E-020  -7.1129151813848912E-016  -3.6068090491425063E-016  -3.6851161435615712E-016  -6.6604484405005674E-016  -3.8237369273852394E-016   1.3773363621885842E-015   6.6361833276405611E-018   5.5057304556616790E-017
   6.4971283413774082E-015   8.4099753396475987E-017   7.1881613202621331E-016   2.0927379603808071E-016   2.7252262301185068E-018   2.3312586444733735E-017  -1.8641594682863795E-015   4.0114419652061939E-017   4.1974868816812792E-016   1.7252934760122900E-017   2.5012725814592808E-019   7.2240097059242303E-019   5.8843877577073342E-019  -2.1100003452690351E-019   2.5199989174720044E-019  -3.9127223686542952E-020   3.8267022341795594E-017   4.8896290572977499E-029  -1.3736796998515963E-030   9.6059011937739530E-031   4.0046293870579490E-029   4.5483920247389811E-031   2.9643861724511470E-029  -2.5977079470477549E-030  -3.6705474563842145E-032  -1.8175520027905463E-030  -1.0628601372692689E-029   5.3674929790675653E-017   1.2619983111318234E-017   3.6448198869818453E-017   2.9689236857625582E-017  -1.0645848403087935E-017   1.2714465433381741E-017  -1.9741347082798289E-018   2.7148367447594222E-017   3.5964094358502698E-019   3.0837650495882540E-018   1.8386609514556382E-016   5.3102987081365164E-016   4.3255557481373404E-016  -1.5510405664697954E-016   1.8524264973058075E-016  -2.8762038498546926E-017   4.4448267258523598E-017   8.5791922938000067E-016
  -6.0245189400736075E-016  -6.3685736102871259E-015   3.4790816573679037E-016  -1.9311146528742284E-017  -1.9933306635441715E-016   1.0847640575396843E-017   5.4186507893050485E-016   2.4608169226801975E-014  -1.5081264654025421E-015  -4.1286493626531679E-016   5.3979188775136610E-019   4.9523231401181330E-019   2.7083499665063622E-019  -2.4628617191351140E-019   3.4193767521834225E-020  -2.9350571557576553E-019  -1.1591798722553110E-015  -2.8421058508880098E-029   1.1861489378623469E-028  -2.9106608600196652E-029   4.5880597299696540E-030  -1.4325293023292877E-030  -2.5977079470477549E-030   3.3107540415743630E-028  -2.4438645939901227E-029   1.2241011677565820E-028  -3.0104296258132421E-029  -5.8468974811553888E-016   2.7234794623583344E-017   2.4986574773067977E-017   1.3664776516808458E-017  -1.2426183991186964E-017   1.7252208803637173E-018  -1.4808610632144634E-017  -2.4700922277926472E-018  -2.3693352859021543E-017   1.2733605950259785E-018   3.9679572431553191E-016   3.6404041860091305E-016   1.9908815067467219E-016  -1.8104255036452186E-016   2.5135503251873020E-017  -2.1575317395103711E-016  -1.1664740631694945E-015   5.6968980504977429E-016
  -1.7428111421060863E-016  -7.6163570799001187E-016  -9.1292710999732875E-015  -5.5693238548260770E-018  -2.4745686512004313E-017  -2.8858282752936222E-016   2.2402662971063150E-016  -6.1906366832456926E-016   2.4115315796913414E-014  -7.8788132700154582E-018   1.4590349961297887E-018  -5.3068280812438376E-019   5.5485890807116091E-019  -1.8787138604189048E-018  -3.9445985327193001E-019   4.1967886429578983E-019  -1.9931500337220857E-017  -3.9016768705459811E-029  -1.1638594256775899E-029   3.4073191005265383E-028   3.9137897772646666E-030  -4.5915875433703002E-031  -3.6705474563842145E-032  -2.4438645939901227E-029   3.4445468801517797E-028  -1.6029999725305193E-029   8.3015225715143611E-028  -1.7451122427081294E-017   7.3614515846416594E-017  -2.6775202850620870E-017   2.7994989831446772E-017  -9.4789098010214770E-017  -1.9902175887610538E-017   2.1174582163805960E-017  -7.0594752360065894E-019  -3.2897898908094814E-018  -3.5393557740289338E-017   1.0725223207748567E-015  -3.9009972925034525E-016   4.0787134329235099E-016  -1.3810241392362161E-015  -2.8996357071770608E-016   3.0850181846137374E-016  -2.1335408373338534E-017  -1.7889121092832428E-016
  -2.3058266036675308E-016   2.1176194921134105E-016  -1.9123657749591471E-016  -7.2898654011210178E-018   9.3591954246403890E-018  -6.4819083138416953E-018   6.0523728658140396E-016   9.9091036706581760E-015  -1.2104226345556893E-015  -8.4215447618576601E-017   1.3668746818279444E-018  -2.9368964553136879E-019  -3.2665286656373679E-019  -3.4470986957378461E-019  -9.2712248140203260E-019  -1.0221648121779471E-018  -2.3318848643666498E-016  -8.4058293351313668E-030   4.7368811709901583E-029  -1.7922530709007597E-029   2.4934243713024249E-030  -8.4672630201011910E-031  -1.8175520027905463E-030   1.2241011677565820E-028  -1.6029999725305193E-029   5.1069839543159687E-029  -1.9805491320716022E-029  -1.2863145555011880E-016   6.8964636345575965E-017  -1.4817890675875511E-017  -1.6481025256976483E-017  -1.7392077794741073E-017  -4.6777269071415081E-017  -5.1572558550779422E-017  -8.9444698625209634E-019   2.1618214435862038E-018  -9.6114796635194707E-019   1.0047761772835841E-015  -2.1588837899632925E-016  -2.4011931959512756E-016  -2.5339284548782324E-016  -6.8151864625011668E-016  -7.5138333179577114E-016  -2.3655883866540157E-016  -1.6625364705450431E-016
  -9.2761732070600681E-016  -7.8731231999405627E-016  -3.8921495025956492E-014  -3.0035168237257383E-017  -2.5166548237434480E-017  -1.2436799151053553E-015  -3.4826804410612795E-016   9.8371285244004602E-016   5.0402580275189571E-014  -1.4585287218178413E-016   1.4919244765084440E-018  -1.2369013968086980E-018  -1.3530687589017992E-019   3.9255389264294874E-019  -7.3320727737319396E-019  -1.8844783692392468E-018  -4.1654732328653290E-016  -1.0099011204330562E-028  -9.4011700240700345E-030   8.1514204598116582E-028   4.9431079216900917E-030  -1.9754096398105242E-030  -1.0628601372692689E-029  -3.0104296258132421E-029   8.3015225715143611E-028  -1.9805491320716022E-029   2.2265300883262001E-027  -1.8630724215009149E-016   7.5273929900042592E-017  -6.2406931784268680E-017  -6.8268068870026512E-018   1.9806012077550066E-017  -3.6993422969058282E-017  -9.5079941977566777E-017  -3.9547624793700437E-018  -3.1927351870525815E-018  -1.5760880149060081E-016   1.0966990553689891E-015  -9.0923408977364311E-016  -9.9462757878139984E-017   2.8856251779233054E-016  -5.3897348097787604E-016  -1.3852615731614154E-015  -4.1505545334868468E-016   8.1173842681855813E-016
  -2.2486261855375286E-015   3.8931084212698515E-016   5.5494078521007263E-015   2.0339841424382717E-016   6.1026120745097758E-016   2.5348202091472177E-015   1.2174769530904995E-014   1.6284882191938580E-015   1.2049314567990801E-014  0.17057089088338509       -3.5894858190533639E-014  -7.6131543023804834E-017   8.0966211910223864E-017  -3.8346944294271563E-014   1.1116009977666524E-016  -3.8828491371497153E-014  0.47539581755373544       -1.3565369025708564E-017   2.9116008430434248E-016  -7.3319915436030753E-017  -1.0311383773066311E-016   5.4071260970043141E-018   5.3674929790675653E-017  -5.8468974811553888E-016  -1.7451122427081294E-017  -1.2863145555011880E-016  -1.8630724215009149E-016  0.25164018331132382       -4.5094994228420813E-014  -6.4992372872984059E-018   1.3066043465756673E-016  -3.1625777689313194E-014   3.7446990427579282E-016  -3.5383417578278986E-014   1.0247209172678554E-015   1.3084005063871133E-016   2.1901249682071610E-015  -6.4803403078153016E-014   1.2312195454223847E-015   4.2093056908261328E-015   6.1295029695068051E-014   8.9301078853433563E-015   2.2883157440106795E-014  0.48043534989651404        6.8630294088964539E-002
   3.0238816220769134E-016   1.0739397626038290E-015   2.1529453897723894E-016   2.1121958003248925E-016  -2.2230005153911789E-016   6.9007110271964361E-016   1.3464131641352128E-015   1.1903118624477329E-015   1.4307578094488134E-015  -2.8859686764519241E-014   1.7738090742211365E-004   2.9640044942075513E-017   2.4494290319035961E-018  -8.8690453711310865E-005  -4.5395642900154618E-016  -8.8690453711066187E-005  -6.8015862771723915E-014  -6.9101762460625173E-017  -8.9465030757129355E-017   6.4345857947671693E-017   7.9772168072914945E-017  -4.8820784163805694E-017   1.2619983111318234E-017   2.7234794623583344E-017   7.3614515846416594E-017   6.8964636345575965E-017   7.5273929900042592E-017  -4.5094994228420813E-014   8.9496205744961262E-003  -1.9776542126975497E-016  -5.9946639259533413E-017  -4.4748102872489868E-003   4.8345464255726021E-016  -4.4748102872485566E-003   1.3349335685620646E-016  -7.1644492680409071E-017   2.4196512253714850E-016  0.13039096594266514       -2.6266327052325311E-015   6.3887205936770046E-016  -6.5195482971332264E-002   9.7069975754375848E-018  -6.5195482971330321E-002  -7.5944707322999509E-014  -2.8956208581727891E-014
  -1.0068833845165196E-016   4.1426508823656056E-017   3.0819049287417437E-016   1.0495191086237918E-016  -4.9954048266780302E-017  -2.9191212253150282E-016  -3.3778793941314486E-016   2.1957455517918263E-017   8.0021335283142663E-016   1.9956217441455401E-017   7.6125775053424588E-018   1.7738090742235130E-004  -1.2232744398785071E-016  -1.2183920969148078E-016  -2.1335574643216912E-017  -1.0625635908820250E-016   1.3110355824508607E-018  -4.9887982660053513E-017  -6.3304933160095251E-017  -4.6799637824002117E-017   3.0376799314470835E-017  -2.4755988454506225E-017   3.6448198869818453E-017   2.4986574773067977E-017  -2.6775202850620870E-017  -1.4817890675875511E-017  -6.2406931784268680E-017  -6.4992372872984059E-018  -1.9776542126975497E-016   8.9496205744964020E-003   5.5321698746842449E-017   2.8906296344274862E-017   1.0328726872572219E-016  -3.3846927029002680E-017   5.4049910218044447E-017  -9.6588858727418857E-018  -2.1284371887691593E-016  -3.1012856696163570E-016  0.13039096594266700       -9.8953086830533269E-016   7.7911649558468908E-016   1.2819977329080787E-016  -5.1491757550388119E-016   2.2421305702408559E-017   1.5920486139691183E-016
   2.7238808783237868E-016  -1.5048461013339780E-016  -2.6641170518490255E-017  -1.0822962471943498E-016   3.9850125480118329E-017  -1.1183619810738370E-017   6.2108103341710046E-017   4.2610549041839660E-016   6.0093100963970060E-016  -1.3573550328940737E-016   3.9251505121422466E-017   4.7012653997035443E-017   1.7738090742216775E-004   8.7711619091588867E-017   2.0055040893847875E-017   3.8966416496127197E-017  -7.4696817379276979E-016  -3.7398122683051895E-017  -8.2960335758550198E-018  -6.1541806682604423E-017   2.0467450154762387E-017  -2.5293463407834595E-017   2.9689236857625582E-017   1.3664776516808458E-017   2.7994989831446772E-017  -1.6481025256976483E-017  -6.8268068870026512E-018   1.3066043465756673E-016  -5.9946639259533413E-017   5.5321698746842449E-017   8.9496205744970889E-003   2.5067516557519309E-016   1.8111004368307286E-016  -8.2744107518411227E-017  -1.0127087133645618E-016   3.7464249757498392E-018  -3.8833569814314061E-017  -1.4955018899144102E-015   1.8160776686032430E-015  0.13039096594267174        2.3099825139727746E-015   1.6327474853909670E-015  -8.1939553273481873E-016  -3.0183513711966672E-016   5.3149024164049644E-016
   2.7512727404368463E-016  -8.2970940237539443E-016   9.9460050058206747E-016  -4.3048035319215507E-016   2.8698814499367782E-016  -2.4543904134120117E-016  -7.1863541821919642E-016  -2.6726985286637696E-016   3.5100062757199792E-016  -2.2563384441625760E-014  -8.8690453710975480E-005  -4.6926888330975322E-017  -2.8321169458461881E-017   1.7738090742198609E-004   2.4885026452316025E-016  -8.8690453710688614E-005  -7.0034194735933774E-014   3.7276478876534199E-017   3.7676438892019384E-017  -4.3996026984822103E-017  -3.9206999464098978E-017  -4.5715196576343685E-017  -1.0645848403087935E-017  -1.2426183991186964E-017  -9.4789098010214770E-017  -1.7392077794741073E-017   1.9806012077550066E-017  -3.1625777689313194E-014  -4.4748102872489868E-003   2.8906296344274862E-017   2.5067516557519309E-016   8.9496205744985947E-003  -2.8663346119154797E-016  -4.4748102872487448E-003  -3.2461694276067243E-016   8.1289192789682983E-017  -4.8097479862722880E-017  -6.5195482971345850E-002  -4.0817329235068005E-016   1.2422991780246127E-015  0.13039096594268001        3.6184485177042563E-016  -6.5195482971340202E-002  -7.2453790865007612E-014  -2.8594738497207934E-014
  -2.6749277626568317E-016  -4.0147838940181433E-016   7.7291062565995414E-017   1.1207459732971254E-016   1.0919498823174275E-016  -2.1471400401736561E-016  -1.0793689675798032E-015   9.2897291831064101E-016   1.6734717356249033E-015  -7.8542599627476637E-017   1.5762223695476459E-016  -4.1539139822704732E-017   5.8621326139424269E-017   1.0842862388514242E-016   1.7738090742232162E-004   2.6393430004004727E-017  -1.4553636421469384E-015   2.1758226278402389E-017   4.4035895428913112E-017   4.7633194358170886E-017  -4.1906189250377050E-017  -2.6244912313815529E-017   1.2714465433381741E-017   1.7252208803637173E-018  -1.9902175887610538E-017  -4.6777269071415081E-017  -3.6993422969058282E-017   3.7446990427579282E-016   4.8345464255726021E-016   1.0328726872572219E-016   1.8111004368307286E-016  -2.8663346119154797E-016   8.9496205744957306E-003   4.2392728460682051E-017   9.6858590582114716E-017   1.4111715532255391E-017  -1.0460883583676946E-016   6.8031551800438267E-015   1.4632923371294286E-015   8.7480440473769017E-016  -4.3367570209322376E-015  0.13039096594266242       -2.4765066503041365E-015  -3.0839326622130161E-016   8.6120083075577659E-016
  -5.4853911185884265E-016  -2.8891226305433944E-016   1.7871477870840280E-015   2.2019980763286929E-016  -6.5745760825968954E-017  -3.4734875261446701E-016  -6.1369824404324772E-016   5.8840157207809349E-016   2.9615620836147566E-016  -2.3275928145339491E-014  -8.8690453711166246E-005   1.3269223845037470E-017   2.8011983407533490E-017  -8.8690453710658080E-005   2.0984737184358209E-016   1.7738090742176575E-004  -6.9480774986664379E-014   3.1825283584133924E-017   5.1788591865040890E-017  -2.0349830962817693E-017  -4.0565168608796554E-017   9.4535980740150889E-017  -1.9741347082798289E-018  -1.4808610632144634E-017   2.1174582163805960E-017  -5.1572558550779422E-017  -9.5079941977566777E-017  -3.5383417578278986E-014  -4.4748102872485566E-003  -3.3846927029002680E-017  -8.2744107518411227E-017  -4.4748102872487448E-003   4.2392728460682051E-017   8.9496205744978539E-003   1.9124753221084619E-016  -9.6394559930295466E-018  -1.8096815948530107E-016  -6.5195482971339924E-002   8.1492589869212294E-017  -3.0789901742579261E-016  -6.5195482971335164E-002   3.1136609268547240E-015  0.13039096594267857       -6.1721568496321756E-014  -2.9858460224407279E-014
