  0.16944402046000795       -3.9600778007734551E-017  -4.8558704800195621E-017   4.3011933062098682E-016   4.2419312648015729E-017   1.6857938658593253E-017   6.2796434311471883E-018   3.3974578321254858E-017  -1.2202689376762413E-017   4.4317418112891159E-017  0.13456971104145743        3.3793759282262282E-018  -8.4244767556649205E-017   6.6844841616771297E-016  -1.0254566478276509E-015  -1.3354099723843624E-015  -1.4769170056681569E-017  -2.2809070112553595E-018  -6.0005886368047349E-016  -4.2741526040193323E-018  -5.9303711311378190E-016  -3.3488346504313667E-017  -9.8252657697026691E-018  -1.2924982008001353E-017  -9.6367545137750838E-018   2.0049729381252590E-016   1.5635043064318969E-017  -6.8691045746676946E-018  -8.9759029708432204E-019   2.0557229601733124E-017   3.2942576846388670E-018   1.9999415875918965E-017  0.10316695863221333       -4.1882411829138233E-017  -5.0316015821432269E-017
  -3.9600778007734551E-017  0.16944402046000179       -6.3383785541632874E-017   6.2368740678747061E-017   1.0081745393076157E-016   8.8290617215226360E-018  -9.8829902109031790E-019   8.7247409296679040E-017   8.4738070313527746E-019   8.7663754201070622E-017   6.4957126392891145E-017  0.13456971104146531       -1.5832852803200956E-016   2.5395074512540530E-016   9.8745746634292480E-016  -5.4079246961835287E-018  -2.3403113084527153E-015   2.7343151638115979E-017  -3.0202364295241141E-018   3.6917548738643012E-019   4.2690863858077921E-018  -5.7465860624747861E-015   2.1959082419840169E-017  -2.4716301444119964E-015   6.1292758673560712E-017   2.0477022987755541E-016   2.9656146425897944E-017  -1.0957714708010349E-019  -1.0828574498591807E-019   2.7868794643108700E-017   2.8166712715802842E-018   2.5164140979072288E-017   1.7465420647464172E-017  0.10316695863221051       -8.8764923268054668E-018
  -4.8558704800195621E-017  -6.3383785541632874E-017  0.16944402046000087       -7.6865687413486475E-016   2.1425384534769424E-016   1.0642742113539996E-017   6.2657451801049820E-018   2.2810978946356705E-016   4.6945379768990649E-018   2.5042994972692236E-016  -2.9904554671676092E-016   2.3729046807559652E-016  0.13456971104146556       -8.5739202957680723E-016   7.5916368171585641E-016   8.5521206189596871E-017  -1.5483563269354609E-017  -2.4978496811252724E-015   4.4015216209653780E-017  -1.6475250961955785E-018   3.9652613279640889E-017  -4.8367800422304285E-017  -2.5029113279465150E-015  -2.2688232683662996E-017  -6.1015614061426211E-015   4.8175412846756840E-017   7.8033722155286203E-017  -4.4267709777370600E-018  -4.4052430299903639E-018   7.5590639108529376E-017  -1.9326942839526953E-018   7.6569495313451955E-017   1.1038533368617706E-017   5.7515796646549889E-017  0.10316695863221015     
   4.3011933062098682E-016   6.2368740678747061E-017  -7.6865687413486475E-016  0.25777606622509402       -1.1373466008727732E-014  -3.6031824950762889E-016  -1.2506148117473708E-016  -1.0951556042423088E-014  -1.4125334153303169E-017  -1.0438744627992230E-014  -3.1172664558378167E-016  -6.1963801582295016E-016  -3.5135903550126946E-016  0.42896462177264327        6.3867569300006090E-003   1.0742653888165981E-016   1.3876665185063763E-016  -1.6261091517730843E-018   9.2516125330930298E-017  -5.6451208023593190E-017   1.9200578401060881E-016   1.6927230693324102E-016   1.0638962664163302E-016   3.5102275788027304E-017  -7.0851004678680731E-017  0.11349661324656989       -8.4169324389005035E-015   7.9027499833422350E-017  -1.0216325332507753E-017  -7.4463250422656272E-015  -2.7098606844449297E-017  -7.3144843245266066E-015   6.2888987753741505E-017  -1.3208403356756747E-017  -3.9415506972750238E-016
   4.2419312648015729E-017   1.0081745393076157E-016   2.1425384534769424E-016  -1.1373466008727732E-014   5.3379089502791234E-028   1.6505956475503427E-029   5.7615130001279301E-030   5.2063804627607312E-028  -2.7170109470827557E-030   5.0387009926117873E-028   3.3688734663698062E-017   8.0067597585150781E-017   1.7015695201097445E-016  -1.8955557468359386E-014   7.5107868693606895E-015  -3.8796965555617174E-030  -6.6130459692183863E-030  -2.9273475313708923E-030  -5.9424870221284370E-030   3.2210768467703838E-030  -9.6702948091702893E-030  -5.9254317959579485E-030  -9.4055422567746864E-030  -1.2600716092654224E-031  -3.3818555928332835E-030  -4.7131585129019429E-015   4.2621434023065460E-028  -6.1921085464869379E-030  -6.3869236826543512E-031   3.8617884139732049E-028   2.0618724538342181E-030   3.7928539856699830E-028   2.5827240532216035E-017   6.1383282047034206E-017   1.3044967618078467E-016
   1.6857938658593253E-017   8.8290617215226360E-018   1.0642742113539996E-017  -3.6031824950762889E-016   1.6505956475503427E-029   5.1728394916739383E-031   1.8011924812529803E-031   1.6016454818592683E-029  -4.2987490250407542E-032   1.5409900883064698E-029   1.3388303274928029E-017   7.0118985692572393E-018   8.4522943153719227E-018  -6.0014128273394784E-016   1.3523463388638972E-016  -2.5777419368047033E-031  -3.0123607966211361E-031  -1.5076166354853414E-031  -2.1904816475809773E-031   9.1963727578658239E-032  -3.4507697991400991E-031  -4.4932163989662241E-031  -3.3456087393711280E-031  -1.2644634039148177E-031  -2.6026405781520968E-031  -1.5319717599763794E-016   1.2785587414771560E-029  -1.6134262288648311E-031  -6.1376641334333593E-033   1.1480772894527831E-029   5.4255766042521626E-032   1.1276447122409462E-029   1.0264052136475424E-017   5.3756246040005934E-018   6.4798942587651913E-018
   6.2796434311471883E-018  -9.8829902109031790E-019   6.2657451801049820E-018  -1.2506148117473708E-016   5.7615130001279301E-030   1.8011924812529803E-031   6.2885786450889772E-032   5.5975721910028078E-030  -1.8237618346343949E-032   5.3932167955237684E-030   4.9871916381515358E-018  -7.8489115950858949E-019   4.9761538710962946E-018  -2.0832968115211465E-016   5.4716097756385561E-017  -9.0331955886097365E-032  -4.7928357660877879E-032  -9.0755693125683294E-032  -7.8566588292010124E-032   3.2606622882498317E-032  -1.2187223946662268E-031  -1.4303470220875717E-032  -1.5621469420222787E-031   1.7771183443551881E-032  -1.8326204839840821E-031  -5.2878689036281257E-017   4.4928394169067983E-030  -5.8774607476413225E-032  -3.2784091649139548E-033   4.0427613173231495E-030   1.9607620335544640E-032   3.9708468912477558E-030   3.8233967320147183E-018  -6.0173149780251468E-019   3.8149347025701125E-018
   3.3974578321254858E-017   8.7247409296679040E-017   2.2810978946356705E-016  -1.0951556042423088E-014   5.2063804627607312E-028   1.6016454818592683E-029   5.5975721910028078E-030   5.0911906741793139E-028  -3.3157785195726373E-030   4.9419653421373842E-028   2.6982062719248045E-017   6.9290486771376537E-017   1.8116111958689513E-016  -1.8258458019834657E-014   8.8649865373999361E-015  -3.4420126417955190E-030  -6.0394718190975797E-030  -3.1115761658054638E-030  -6.0615289877063677E-030   3.2551795764933952E-030  -9.5137646919595087E-030  -4.3227627521666540E-030  -9.7058844396672606E-030   6.3260922169590450E-031  -3.7988907658662611E-030  -4.4766148970353036E-015   4.2187830144507396E-028  -6.5279989323464050E-030  -8.4257439973029189E-031   3.8391258631216262E-028   2.1663357093660568E-030   3.7704972457251936E-028   2.0685615855323799E-017   5.3121082946699560E-017   1.3888594681182769E-016
  -1.2202689376762413E-017   8.4738070313527746E-019   4.6945379768990649E-018  -1.4125334153303169E-017  -2.7170109470827557E-030  -4.2987490250407542E-032  -1.8237618346343949E-032  -3.3157785195726373E-030   3.5518788109919416E-031  -3.9598814028805272E-030  -9.6911792986365329E-018   6.7297610180471297E-019   3.7283264249135611E-018  -2.0441233902098905E-017  -8.2397762243796325E-016  -2.2528379733492870E-032  -1.1646985982471203E-031  -8.3993853971683704E-032   2.2581093788228546E-031  -7.4147777079244002E-032   1.4987946355590176E-031  -5.6877445246647485E-031   9.0236566507640115E-032  -3.2316542784028749E-031  -2.8816072944946241E-031  -3.7344195537470591E-017  -5.3218418042573567E-030   2.8119396276561388E-031   1.1503092422115938E-031  -5.6705641099002928E-030  -9.0342143514843399E-032  -5.5640165139585488E-030  -7.4296770503703514E-018   5.1593257589614660E-019   2.8582962322613948E-018
   4.4317418112891159E-017   8.7663754201070622E-017   2.5042994972692236E-016  -1.0438744627992230E-014   5.0387009926117873E-028   1.5409900883064698E-029   5.3932167955237684E-030   4.9419653421373842E-028  -3.9598814028805272E-030   4.8137104600562745E-028   3.5196179442459325E-017   6.9621141186473612E-017   1.9888743125540178E-016  -1.7410430518441694E-014   1.0313043219016291E-014  -3.0978800771567424E-030  -5.6016732586284837E-030  -3.4174606205584972E-030  -6.2332686667205228E-030   3.2774699817273088E-030  -9.3659130068836581E-030  -3.0817197297251604E-030  -1.0111320410149657E-029   1.2314099425578836E-030  -4.5279193628080854E-030  -4.1965863951223749E-015   4.1522554873485729E-028  -6.8687281163078493E-030  -1.0631256553707520E-030   3.7970498773747461E-028   2.2719265342358052E-030   3.7290631495863165E-028   2.6982912874283206E-017   5.3374576917223935E-017   1.5247570373746406E-016
  0.13456971104145743        6.4957126392891145E-017  -2.9904554671676092E-016  -3.1172664558378167E-016   3.3688734663698062E-017   1.3388303274928029E-017   4.9871916381515358E-018   2.6982062719248045E-017  -9.6911792986365329E-018   3.5196179442459325E-017  0.10687309638085120        7.9249138400805975E-017  -2.7377685983427290E-016  -5.6647309635529178E-016   1.8984687722378517E-015  -1.0605610845267823E-015  -1.1729436904615322E-017  -1.8114595993598341E-018  -4.7655708164930643E-016  -3.3944631348360732E-018  -4.7098052048061136E-016  -2.6595905244148948E-017  -7.8030677739138989E-018  -1.0264812469103110E-017  -7.6533551716600804E-018  -2.5288546234131160E-017   1.2417099296753152E-017  -5.4553321811963721E-018  -7.1285175236278328E-019   1.6326220540651271E-017   2.6162463775028633E-018   1.5883213866859509E-017   8.1933536364829307E-002   2.5435832048311831E-017  -1.9855694598629977E-016
   3.3793759282262282E-018  0.13456971104146531        2.3729046807559652E-016  -6.1963801582295016E-016   8.0067597585150781E-017   7.0118985692572393E-018  -7.8489115950858949E-019   6.9290486771376537E-017   6.7297610180471297E-019   6.9621141186473612E-017   7.9249138400805975E-017  0.10687309638086759        1.0268668582696855E-016  -8.9883487758405822E-016  -2.7385241425689297E-015  -4.2948866635949627E-018  -1.8586375351020295E-015   2.1715490490100166E-017  -2.3986231116005775E-018   2.9319322408830306E-019   3.3904396259578249E-018  -4.5638460643389307E-015   1.7439549462711876E-017  -1.9629288388693035E-015   4.8677721416439945E-017  -2.6450301108414797E-016   2.3552433684598970E-017  -8.7024404751002010E-020  -8.5998794014798442E-020   2.2132947695733321E-017   2.2369549429144659E-018   1.9984955331951376E-017   3.5077081694048709E-017   8.1933536364834830E-002   1.6807457686198340E-016
  -8.4244767556649205E-017  -1.5832852803200956E-016  0.13456971104146556       -3.5135903550126946E-016   1.7015695201097445E-016   8.4522943153719227E-018   4.9761538710962946E-018   1.8116111958689513E-016   3.7283264249135611E-018   1.9888743125540178E-016  -2.7377685983427290E-016   1.0268668582696855E-016  0.10687309638086857       -2.4343122469533785E-016  -1.0931196606204166E-015   6.7919564075549134E-017  -1.2296796484128032E-017  -1.9837519724893046E-015   3.4956175559816032E-017  -1.3084378871957583E-018   3.1491466601147999E-017  -3.8412927814568604E-017  -1.9877718508436978E-015  -1.8018628854493149E-017  -4.8457617630726437E-015   8.8001998877703426E-017   6.1973124890543310E-017  -3.5156701883223562E-018  -3.4985730390712430E-018   6.0032867696693777E-017  -1.5349146615913711E-018   6.0810259523741054E-017  -1.9046947540591464E-017  -2.0072806076412848E-017   8.1933536364835136E-002
   6.6844841616771297E-016   2.5395074512540530E-016  -8.5739202957680723E-016  0.42896462177264327       -1.8955557468359386E-014  -6.0014128273394784E-016  -2.0832968115211465E-016  -1.8258458019834657E-014  -2.0441233902098905E-017  -1.7410430518441694E-014  -5.6647309635529178E-016  -8.9883487758405822E-016  -2.4343122469533785E-016  0.71386572231597623        3.4856570431488223E-003   1.7776965318971910E-016   2.3007320278617751E-016  -2.8376437831236693E-018   1.5557290252902639E-016  -9.4612466863647069E-017   3.2052735308339196E-016   2.7707362844067627E-016   1.7847012042662490E-016   5.5732371897548097E-017  -1.1897831486625691E-016  0.18859956408480177       -1.4056761196386798E-014   1.3398235767596620E-016  -1.6007765447670283E-017  -1.2444134585005962E-014  -4.5888664362238682E-017  -1.2223752548078677E-014   7.5323586773287595E-017   7.1306590298044485E-017  -4.0127733596802356E-016
  -1.0254566478276509E-015   9.8745746634292480E-016   7.5916368171585641E-016   6.3867569300006090E-003   7.5107868693606895E-015   1.3523463388638972E-016   5.4716097756385561E-017   8.8649865373999361E-015  -8.2397762243796325E-016   1.0313043219016291E-014   1.8984687722378517E-015  -2.7385241425689297E-015  -1.0931196606204166E-015   3.4856570431488223E-003   1.9196857874467277        2.7103935223752762E-016   2.3136094822969930E-016   3.5337146963339443E-017  -4.3227252090833849E-016   1.7923302468947625E-016  -2.6692431627391769E-016   1.2436695861443861E-015  -3.8096186752597698E-016   7.2144598114105570E-016   2.8722822223825705E-016   7.5351078800038801E-002   1.3272093677645498E-014  -6.6261281893212108E-016  -2.6717188166176539E-016   1.3983906488148426E-014   2.1269375545279923E-016   1.3722143793879127E-014  -4.8859729458487081E-016   1.0034230471638924E-016   1.0381926638629143E-015
  -1.3354099723843624E-015  -5.4079246961835287E-018   8.5521206189596871E-017   1.0742653888165981E-016  -3.8796965555617174E-030  -2.5777419368047033E-031  -9.0331955886097365E-032  -3.4420126417955190E-030  -2.2528379733492870E-032  -3.0978800771567424E-030  -1.0605610845267823E-015  -4.2948866635949627E-018   6.7919564075549134E-017   1.7776965318971910E-016   2.7103935223752762E-016   1.0650165577946022E-029   2.7297260765248831E-031  -1.2393340934837079E-030   4.7292492398247331E-030   3.4571065842212399E-032   4.7357105168566644E-030   6.6676000712156971E-031  -1.1958228266744815E-030   2.8467175082358119E-031  -2.9946895142264289E-030   5.7441000364296849E-017  -1.7076988054251884E-030  -8.0768818088758831E-033  -3.6722610734828792E-032  -1.2470132881225187E-030  -8.4894616685259726E-033  -1.2241478582309546E-030  -8.1307198096458702E-016  -3.2926458065775129E-018   5.2070074335976105E-017
  -1.4769170056681569E-017  -2.3403113084527153E-015  -1.5483563269354609E-017   1.3876665185063763E-016  -6.6130459692183863E-030  -3.0123607966211361E-031  -4.7928357660877879E-032  -6.0394718190975797E-030  -1.1646985982471203E-031  -5.6016732586284837E-030  -1.1729436904615322E-017  -1.8586375351020295E-015  -1.2296796484128032E-017   2.3007320278617751E-016   2.3136094822969930E-016   2.7297260765248831E-031   3.2428162807616366E-029  -1.4588140792001154E-031   8.8198944361845386E-032  -1.3516775656669910E-032   6.0205674681300993E-032   7.9615803780158549E-029  -6.1999515544737270E-032   3.4245090137780545E-029  -2.9199241477997837E-031   6.9710993326324042E-017  -3.3484420830899716E-030  -3.3851519077682244E-032  -3.5216956073928633E-032  -2.7197972026479236E-030  -2.8266589531293844E-032  -2.6429786301420476E-030  -8.9922934555812504E-018  -1.4249118929672097E-015  -9.4272558391392072E-018
  -2.2809070112553595E-018   2.7343151638115979E-017  -2.4978496811252724E-015  -1.6261091517730843E-018  -2.9273475313708923E-030  -1.5076166354853414E-031  -9.0755693125683294E-032  -3.1115761658054638E-030  -8.3993853971683704E-032  -3.4174606205584972E-030  -1.8114595993598341E-018   2.1715490490100166E-017  -1.9837519724893046E-015  -2.8376437831236693E-018   3.5337146963339443E-017  -1.2393340934837079E-030  -1.4588140792001154E-031   3.6827018630745062E-029  -6.4985055351257994E-031   2.8089208887428140E-032  -5.8208334633485162E-031  -1.9208744548501440E-031   3.6892464127448269E-029  -5.1156212519325218E-032   8.9961624425918737E-029   6.2095306136202453E-019  -8.4420685950408219E-031   5.2585031853256295E-032   6.0079314255200777E-032  -8.0199407948335404E-031   3.3004211904580381E-032  -8.2256901941433777E-031  -1.3887432476836525E-018   1.6648033883198729E-017  -1.5208300300155010E-015
  -6.0005886368047349E-016  -3.0202364295241141E-018   4.4015216209653780E-017   9.2516125330930298E-017  -5.9424870221284370E-030  -2.1904816475809773E-031  -7.8566588292010124E-032  -6.0615289877063677E-030   2.2581093788228546E-031  -6.2332686667205228E-030  -4.7655708164930643E-016  -2.3986231116005775E-018   3.4956175559816032E-017   1.5557290252902639E-016  -4.3227252090833849E-016   4.7292492398247331E-030   8.8198944361845386E-032  -6.4985055351257994E-031   2.2680856212301467E-030  -4.6452200525306742E-032   2.2407876239502662E-030  -1.1395865155755916E-032  -4.9073286335169550E-031  -6.6600600517802758E-032  -1.6427747781995327E-030   2.4311840928073922E-017  -6.1083752817429164E-030   2.0199413075808704E-031   5.8797774336397312E-032  -5.9337611561003139E-030  -7.0248114599911952E-032  -5.8241651176897178E-030  -3.6534926283118638E-016  -1.8388881822934007E-018   2.6798915521253608E-017
  -4.2741526040193323E-018   3.6917548738643012E-019  -1.6475250961955785E-018  -5.6451208023593190E-017   3.2210768467703838E-030   9.1963727578658239E-032   3.2606622882498317E-032   3.2551795764933952E-030  -7.4147777079244002E-032   3.2774699817273088E-030  -3.3944631348360732E-018   2.9319322408830306E-019  -1.3084378871957583E-018  -9.4612466863647069E-017   1.7923302468947625E-016   3.4571065842212399E-032  -1.3516775656669910E-032   2.8089208887428140E-032  -4.6452200525306742E-032   2.9484898979168276E-032  -5.3030919700265938E-032   6.8362507441327916E-032  -3.4764190762757778E-032   5.5282194302432881E-032   1.0241273176032630E-031  -1.8028907133100817E-017   3.1107193405904218E-030  -7.9627960750163350E-032  -2.2815086682916520E-032   2.9627787509886462E-030   2.5954364971882317E-032   2.9089653674481070E-030  -2.6023421994445229E-018   2.2477460185268924E-019  -1.0031050548924745E-018
  -5.9303711311378190E-016   4.2690863858077921E-018   3.9652613279640889E-017   1.9200578401060881E-016  -9.6702948091702893E-030  -3.4507697991400991E-031  -1.2187223946662268E-031  -9.5137646919595087E-030   1.4987946355590176E-031  -9.3659130068836581E-030  -4.7098052048061136E-016   3.3904396259578249E-018   3.1491466601147999E-017   3.2052735308339196E-016  -2.6692431627391769E-016   4.7357105168566644E-030   6.0205674681300993E-032  -5.8208334633485162E-031   2.2407876239502662E-030  -5.3030919700265938E-032   2.2664265230820778E-030  -8.8242959466855770E-032  -4.1724302161823660E-031  -9.8186281106426322E-032  -1.4862663206415706E-030   7.4271657773018024E-017  -8.2130967431684992E-030   1.7592695438138130E-031   3.2276682163831697E-032  -7.6053221133605502E-030  -6.2294191060434984E-032  -7.4674956054966104E-030  -3.6107402993554960E-016   2.5992576035809486E-018   2.4142719836168162E-017
  -3.3488346504313667E-017  -5.7465860624747861E-015  -4.8367800422304285E-017   1.6927230693324102E-016  -5.9254317959579485E-030  -4.4932163989662241E-031  -1.4303470220875717E-032  -4.3227627521666540E-030  -5.6877445246647485E-031  -3.0817197297251604E-030  -2.6595905244148948E-017  -4.5638460643389307E-015  -3.8412927814568604E-017   2.7707362844067627E-016   1.2436695861443861E-015   6.6676000712156971E-031   7.9615803780158549E-029  -1.9208744548501440E-031  -1.1395865155755916E-032   6.8362507441327916E-032  -8.8242959466855770E-032   1.9582374052308476E-028  -2.0616454387886189E-031   8.4321133655705831E-029  -1.9503247854338481E-031   1.2136900687046338E-016   2.1464714981402487E-030  -3.7089411634646276E-031  -1.7395592393860811E-031   3.2882788703422090E-030   2.4354287821655830E-032   3.2952769427965981E-030  -2.0389570839340550E-017  -3.4988417117010113E-015  -2.9449011253111146E-017
  -9.8252657697026691E-018   2.1959082419840169E-017  -2.5029113279465150E-015   1.0638962664163302E-016  -9.4055422567746864E-030  -3.3456087393711280E-031  -1.5621469420222787E-031  -9.7058844396672606E-030   9.0236566507640115E-032  -1.0111320410149657E-029  -7.8030677739138989E-018   1.7439549462711876E-017  -1.9877718508436978E-015   1.7847012042662490E-016  -3.8096186752597698E-016  -1.1958228266744815E-030  -6.1999515544737270E-032   3.6892464127448269E-029  -4.9073286335169550E-031  -3.4764190762757778E-032  -4.1724302161823660E-031  -2.0616454387886189E-031   3.7095279296933234E-029  -1.1393844782809719E-031   9.0049607198185189E-029   3.2346268201829732E-017  -7.3175360008684359E-030   2.3119730071964839E-031   1.1423372714669267E-031  -7.0188180111407278E-030  -2.5100550481781955E-032  -6.9262183592651609E-030  -5.9821691226500137E-018   1.3369912620454479E-017  -1.5239118425622070E-015
  -1.2924982008001353E-017  -2.4716301444119964E-015  -2.2688232683662996E-017   3.5102275788027304E-017  -1.2600716092654224E-031  -1.2644634039148177E-031   1.7771183443551881E-032   6.3260922169590450E-031  -3.2316542784028749E-031   1.2314099425578836E-030  -1.0264812469103110E-017  -1.9629288388693035E-015  -1.8018628854493149E-017   5.5732371897548097E-017   7.2144598114105570E-016   2.8467175082358119E-031   3.4245090137780545E-029  -5.1156212519325218E-032  -6.6600600517802758E-032   5.5282194302432881E-032  -9.8186281106426322E-032   8.4321133655705831E-029  -1.1393844782809719E-031   3.6332245514213776E-029   2.2497375731946132E-032   4.2685848150278597E-017   3.4701393424028307E-030  -2.3599839094085682E-031  -9.9352643919852535E-032   3.8865153265176022E-030   3.5327117379745026E-032   3.8443420235177706E-030  -7.8694490399936654E-018  -1.5048661154901536E-015  -1.3813859918804249E-017
  -9.6367545137750838E-018   6.1292758673560712E-017  -6.1015614061426211E-015  -7.0851004678680731E-017  -3.3818555928332835E-030  -2.6026405781520968E-031  -1.8326204839840821E-031  -3.7988907658662611E-030  -2.8816072944946241E-031  -4.5279193628080854E-030  -7.6533551716600804E-018   4.8677721416439945E-017  -4.8457617630726437E-015  -1.1897831486625691E-016   2.8722822223825705E-016  -2.9946895142264289E-030  -2.9199241477997837E-031   8.9961624425918737E-029  -1.6427747781995327E-030   1.0241273176032630E-031  -1.4862663206415706E-030  -1.9503247854338481E-031   9.0049607198185189E-029   2.2497375731946132E-032   2.1979868486216165E-028  -2.0274388771109662E-017   1.5428339663954462E-030   3.7984164532904499E-032   1.2126517519817101E-031   1.4666475888651492E-030   1.0999666823918201E-031   1.3543159866477806E-030  -5.8673929689145374E-018   3.7318445828670442E-017  -3.7149704750307273E-015
   2.0049729381252590E-016   2.0477022987755541E-016   4.8175412846756840E-017  0.11349661324656989       -4.7131585129019429E-015  -1.5319717599763794E-016  -5.2878689036281257E-017  -4.4766148970353036E-015  -3.7344195537470591E-017  -4.1965863951223749E-015  -2.5288546234131160E-017  -2.6450301108414797E-016   8.8001998877703426E-017  0.18859956408480177        7.5351078800038801E-002   5.7441000364296849E-017   6.9710993326324042E-017   6.2095306136202453E-019   2.4311840928073922E-017  -1.8028907133100817E-017   7.4271657773018024E-017   1.2136900687046338E-016   3.2346268201829732E-017   4.2685848150278597E-017  -2.0274388771109662E-017   5.2712849313884980E-002  -3.1964700109730596E-015   9.6809714400190169E-018  -1.4585034791433938E-017  -2.7431291532157665E-015  -3.8682061927486359E-018  -2.6950962727324598E-015   3.9776211774799443E-017   8.3260298889210843E-017   8.3542516638749632E-017
   1.5635043064318969E-017   2.9656146425897944E-017   7.8033722155286203E-017  -8.4169324389005035E-015   4.2621434023065460E-028   1.2785587414771560E-029   4.4928394169067983E-030   4.2187830144507396E-028  -5.3218418042573567E-030   4.1522554873485729E-028   1.2417099296753152E-017   2.3552433684598970E-017   6.1973124890543310E-017  -1.4056761196386798E-014   1.3272093677645498E-014  -1.7076988054251884E-030  -3.3484420830899716E-030  -8.4420685950408219E-031  -6.1083752817429164E-030   3.1107193405904218E-030  -8.2130967431684992E-030   2.1464714981402487E-030  -7.3175360008684359E-030   3.4701393424028307E-030   1.5428339663954462E-030  -3.1964700109730596E-015   3.6954621554624725E-028  -7.2503155023323086E-030  -1.5430875629427538E-030   3.4268294951456503E-028   2.3831740661019151E-030   3.3651672619079164E-028   9.5194851765893136E-018   1.8056313956698797E-017   4.7511276961304611E-017
  -6.8691045746676946E-018  -1.0957714708010349E-019  -4.4267709777370600E-018   7.9027499833422350E-017  -6.1921085464869379E-030  -1.6134262288648311E-031  -5.8774607476413225E-032  -6.5279989323464050E-030   2.8119396276561388E-031  -6.8687281163078493E-030  -5.4553321811963721E-018  -8.7024404751002010E-020  -3.5156701883223562E-018   1.3398235767596620E-016  -6.6261281893212108E-016  -8.0768818088758831E-033  -3.3851519077682244E-032   5.2585031853256295E-032   2.0199413075808704E-031  -7.9627960750163350E-032   1.7592695438138130E-031  -3.7089411634646276E-031   2.3119730071964839E-031  -2.3599839094085682E-031   3.7984164532904499E-032   9.6809714400190169E-018  -7.2503155023323086E-030   2.5470693058046884E-031   8.9430984528001222E-032  -7.1910018650086135E-030  -8.2263007596766012E-032  -7.0588267923950438E-030  -4.1822935124604568E-018  -6.6716671199919302E-020  -2.6952647670580128E-018
  -8.9759029708432204E-019  -1.0828574498591807E-019  -4.4052430299903639E-018  -1.0216325332507753E-017  -6.3869236826543512E-031  -6.1376641334333593E-033  -3.2784091649139548E-033  -8.4257439973029189E-031   1.1503092422115938E-031  -1.0631256553707520E-030  -7.1285175236278328E-019  -8.5998794014798442E-020  -3.4985730390712430E-018  -1.6007765447670283E-017  -2.6717188166176539E-016  -3.6722610734828792E-032  -3.5216956073928633E-032   6.0079314255200777E-032   5.8797774336397312E-032  -2.2815086682916520E-032   3.2276682163831697E-032  -1.7395592393860811E-031   1.1423372714669267E-031  -9.9352643919852535E-032   1.2126517519817101E-031  -1.4585034791433938E-017  -1.5430875629427538E-030   8.9430984528001222E-032   3.7640480293860476E-032  -1.6771533414329753E-030  -2.8564382002841223E-032  -1.6455458102871048E-030  -5.4650297364628629E-019  -6.5930393666772662E-020  -2.6821573532430784E-018
   2.0557229601733124E-017   2.7868794643108700E-017   7.5590639108529376E-017  -7.4463250422656272E-015   3.8617884139732049E-028   1.1480772894527831E-029   4.0427613173231495E-030   3.8391258631216262E-028  -5.6705641099002928E-030   3.7970498773747461E-028   1.6326220540651271E-017   2.2132947695733321E-017   6.0032867696693777E-017  -1.2444134585005962E-014   1.3983906488148426E-014  -1.2470132881225187E-030  -2.7197972026479236E-030  -8.0199407948335404E-031  -5.9337611561003139E-030   2.9627787509886462E-030  -7.6053221133605502E-030   3.2882788703422090E-030  -7.0188180111407278E-030   3.8865153265176022E-030   1.4666475888651492E-030  -2.7431291532157665E-015   3.4268294951456503E-028  -7.1910018650086135E-030  -1.6771533414329753E-030   3.1972094588068781E-028   2.3576817078071346E-030   3.1395618255653905E-028   1.2516386533785198E-017   1.6968074625882062E-017   4.6023791909099827E-017
   3.2942576846388670E-018   2.8166712715802842E-018  -1.9326942839526953E-018  -2.7098606844449297E-017   2.0618724538342181E-030   5.4255766042521626E-032   1.9607620335544640E-032   2.1663357093660568E-030  -9.0342143514843399E-032   2.2719265342358052E-030   2.6162463775028633E-018   2.2369549429144659E-018  -1.5349146615913711E-018  -4.5888664362238682E-017   2.1269375545279923E-016  -8.4894616685259726E-033  -2.8266589531293844E-032   3.3004211904580381E-032  -7.0248114599911952E-032   2.5954364971882317E-032  -6.2294191060434984E-032   2.4354287821655830E-032  -2.5100550481781955E-032   3.5327117379745026E-032   1.0999666823918201E-031  -3.8682061927486359E-018   2.3831740661019151E-030  -8.2263007596766012E-032  -2.8564382002841223E-032   2.3576817078071346E-030   2.6698254843848699E-032   2.3142957008284282E-030   2.0057275869183490E-018   1.7149463744236698E-018  -1.1767319419118450E-018
   1.9999415875918965E-017   2.5164140979072288E-017   7.6569495313451955E-017  -7.3144843245266066E-015   3.7928539856699830E-028   1.1276447122409462E-029   3.9708468912477558E-030   3.7704972457251936E-028  -5.5640165139585488E-030   3.7290631495863165E-028   1.5883213866859509E-017   1.9984955331951376E-017   6.0810259523741054E-017  -1.2223752548078677E-014   1.3722143793879127E-014  -1.2241478582309546E-030  -2.6429786301420476E-030  -8.2256901941433777E-031  -5.8241651176897178E-030   2.9089653674481070E-030  -7.4674956054966104E-030   3.2952769427965981E-030  -6.9262183592651609E-030   3.8443420235177706E-030   1.3543159866477806E-030  -2.6950962727324598E-015   3.3651672619079164E-028  -7.0588267923950438E-030  -1.6455458102871048E-030   3.1395618255653905E-028   2.3142957008284282E-030   3.0829549301169749E-028   1.2176758464176491E-017   1.5321330810936052E-017   4.6619774094401915E-017
  0.10316695863221333        1.7465420647464172E-017   1.1038533368617706E-017   6.2888987753741505E-017   2.5827240532216035E-017   1.0264052136475424E-017   3.8233967320147183E-018   2.0685615855323799E-017  -7.4296770503703514E-018   2.6982912874283206E-017   8.1933536364829307E-002   3.5077081694048709E-017  -1.9046947540591464E-017   7.5323586773287595E-017  -4.8859729458487081E-016  -8.1307198096458702E-016  -8.9922934555812504E-018  -1.3887432476836525E-018  -3.6534926283118638E-016  -2.6023421994445229E-018  -3.6107402993554960E-016  -2.0389570839340550E-017  -5.9821691226500137E-018  -7.8694490399936654E-018  -5.8673929689145374E-018   3.9776211774799443E-017   9.5194851765893136E-018  -4.1822935124604568E-018  -5.4650297364628629E-019   1.2516386533785198E-017   2.0057275869183490E-018   1.2176758464176491E-017   6.2813791389781562E-002  -1.8613603616103941E-019  -5.9151134149928471E-018
  -4.1882411829138233E-017  0.10316695863221051        5.7515796646549889E-017  -1.3208403356756747E-017   6.1383282047034206E-017   5.3756246040005934E-018  -6.0173149780251468E-019   5.3121082946699560E-017   5.1593257589614660E-019   5.3374576917223935E-017   2.5435832048311831E-017   8.1933536364834830E-002  -2.0072806076412848E-017   7.1306590298044485E-017   1.0034230471638924E-016  -3.2926458065775129E-018  -1.4249118929672097E-015   1.6648033883198729E-017  -1.8388881822934007E-018   2.2477460185268924E-019   2.5992576035809486E-018  -3.4988417117010113E-015   1.3369912620454479E-017  -1.5048661154901536E-015   3.7318445828670442E-017   8.3260298889210843E-017   1.8056313956698797E-017  -6.6716671199919302E-020  -6.5930393666772662E-020   1.6968074625882062E-017   1.7149463744236698E-018   1.5321330810936052E-017  -1.8613603616103941E-019   6.2813791389780396E-002   5.3110702371029715E-017
  -5.0316015821432269E-017  -8.8764923268054668E-018  0.10316695863221015       -3.9415506972750238E-016   1.3044967618078467E-016   6.4798942587651913E-018   3.8149347025701125E-018   1.3888594681182769E-016   2.8582962322613948E-018   1.5247570373746406E-016  -1.9855694598629977E-016   1.6807457686198340E-016   8.1933536364835136E-002  -4.0127733596802356E-016   1.0381926638629143E-015   5.2070074335976105E-017  -9.4272558391392072E-018  -1.5208300300155010E-015   2.6798915521253608E-017  -1.0031050548924745E-018   2.4142719836168162E-017  -2.9449011253111146E-017  -1.5239118425622070E-015  -1.3813859918804249E-017  -3.7149704750307273E-015   8.3542516638749632E-017   4.7511276961304611E-017  -2.6952647670580128E-018  -2.6821573532430784E-018   4.6023791909099827E-017  -1.1767319419118450E-018   4.6619774094401915E-017  -5.9151134149928471E-018   5.3110702371029715E-017   6.2813791389780299E-002
