  0.15773130080837638        2.3853653148413146E-016  -8.7652778771371200E-017  -1.4654175829594277E-016  -1.4244676975532002E-008   3.4298698140421087E-008  -2.2952344105113324E-008   2.8790642517307963E-009  -3.8608335267331680E-008   1.1365729583598210E-008  0.31508615131260148        5.2381388625023697E-003  -3.6352233983599238E-004   5.4158659201046942E-016   1.5047142007299495E-016   8.1244337875122402E-017   4.4642385569065767E-005  -3.7073152379139928E-015   3.6651192205354418E-016   7.6207644641736000E-016  0.18703990108985000       -6.0940857667520316E-016  -1.8913142946615090E-016  -1.2482288486223774E-016   1.4812705661113144E-009   1.0688208475932573E-008   5.9795424247094125E-008  -2.0648043957654263E-008   5.3190241875299194E-008   1.9166698238199375E-008  -4.8149150888765345E-016  -9.1555090365945800E-018  -3.5510440423652668E-017  -7.5812816151001769E-017  -1.4759014439068463E-017  -1.3623340201318196E-016  -3.4928559722100834E-017   4.4184551531085326E-017   2.5337915875176942E-017   8.1284358367532799E-017  -2.9604860912302087E-016   4.5319669214633816E-017   1.9898168935206228E-017  -3.0548510190522260E-009   2.9020056027550775E-008   8.2327633084370252E-008  -3.0308549406416687E-008   6.6457273539675166E-008   3.3363251256203514E-008
   2.3853653148413146E-016   1.0147079194621607E-006  -6.1256951959023335E-014  -3.2306791373926148E-012   3.2857152390702116E-018  -3.4816165780688806E-019  -8.4416531149359860E-020   1.2263522449908976E-018   3.5498582669147767E-019   4.3265740514004403E-018   4.4009527443943895E-016   5.3188645366174297E-015   2.2731291158231425E-015   1.2165297876061803E-011   2.6723861571843886E-012   1.0310624294749458E-011   1.3861580782132294E-015   1.3162455345044522E-003  -4.0131471003064107E-011  -2.1105360016068438E-009   4.0241585776877018E-016  -1.0575664903906343E-004  -2.1745710611607387E-012  -1.2723050323328434E-011   9.8408149590869796E-020  -2.4896924947833089E-019   1.6132069370487474E-019  -1.2576583121046970E-018  -9.1513730546226346E-021  -1.5637784028656455E-018   8.4227651546548620E-014  -2.5585231834594003E-013  -1.5362764547015415E-012   5.1039345010987384E-013  -9.9233031830778033E-013  -6.2337128949117361E-013   2.8880597621136477E-013   4.5988693418858742E-013  -1.3162214009795400E-013   8.0229313054862223E-013   1.5813054500611376E-004  -4.2922445995785795E-012  -2.4713683116302978E-010  -3.0562769280320857E-018  -3.0084131806305970E-019  -4.2478012341276007E-019  -6.2030312335443721E-018  -3.6902734194435671E-019  -2.4625669447983529E-018
  -8.7652778771371200E-017  -6.1256951959023335E-014   1.0147094340175839E-006  -3.1183500055744303E-012   1.3432023649343071E-019  -2.9456760081152617E-019   5.2028747375074075E-020  -7.7209841166088171E-020  -1.0104938238185058E-018   1.5367671078320055E-019  -1.7969218359858211E-016   7.2049082929620901E-016   3.8110677137057824E-017   2.6723867163121016E-012   7.9743738915944708E-012   8.7787772878276103E-012  -7.5532791708152938E-016  -4.0132717224507603E-011   1.3162465239032134E-003  -2.0371008040491676E-009  -9.0768458946479071E-017  -2.1736677978220931E-012  -1.0575664357954546E-004  -1.1364079003621070E-011   5.6334134527307760E-019   2.8667034466482212E-020   6.8683139140114013E-019   3.0307212871565185E-019   1.1409911202836231E-018  -5.6273831371125141E-019   2.8087211258994504E-013  -5.6121376757911610E-014   3.5062289002963098E-013  -2.2058468413173643E-013  -1.0714106900664447E-012  -1.5624596380621614E-013   5.7582181776563831E-013  -1.1744828818623323E-012  -7.1637442378273874E-013   6.1407124658805874E-013  -4.2923929163215018E-012   1.5813066096717198E-004  -2.3873062821648711E-010   2.0809859404989220E-019   9.6236196819066797E-019   6.7029533461097806E-019  -1.2321839717294310E-019   9.3190041176082881E-020   3.5811180934913697E-019
  -1.4654175829594277E-016  -3.2306791373926148E-012  -3.1183500055744303E-012   1.0147073190388375E-006  -4.2016758817124175E-019   1.7373488083922638E-019   6.9927970456122636E-019   2.6251065843118860E-019   1.1199077803404043E-020  -1.0905192814359984E-018  -3.1048131839873752E-016   3.4907673150891316E-015   1.8320608456678353E-015   1.0310621029227958E-011   8.7787780420933198E-012   1.6494599122828377E-011   4.0639981069907571E-016  -2.1105399102859334E-009  -2.0371020105768869E-009   1.3162451421488569E-003  -1.1162761010005442E-016  -1.2722707402635308E-011  -1.1362763392626421E-011  -1.0575665328440553E-004   7.1265183928173654E-019  -2.3691401000195424E-019  -1.9151439021870542E-019  -5.0984130891068570E-019   2.5953599589204280E-019   4.0163087216103442E-019   8.9598030663313211E-013   2.9864152319502329E-013  -8.6013597538168514E-014   4.0924756518054618E-013  -5.3650308685185366E-013  -1.6113304651207443E-012   8.8851704662141224E-013   3.7437209908944070E-013  -1.4907142148916910E-012  -2.1493297347933101E-013  -2.4713729976002291E-010  -2.3873077168222520E-010   1.5813049945913527E-004   2.3380352401673510E-018   4.8765137621896581E-019  -1.7030866428208925E-019   1.1237648468204797E-019   2.7826817868164993E-019   3.9354517667608557E-020
  -1.4244676975532002E-008   3.2857152390702116E-018   1.3432023649343071E-019  -4.2016758817124175E-019   1.2865468645943446E-015  -3.0977914605854333E-015   2.0729591994000624E-015  -2.6001480095322099E-016   3.4869790923257594E-015  -1.0265425586344507E-015  -2.8457886640362664E-008  -3.9460155216115593E-012   5.9416737231150900E-013  -1.1914136922011718E-023  -6.9353306097994211E-024   1.7899629316780394E-023  -4.5317028246352735E-015   4.2944817965905424E-015   1.8201524536715614E-016  -5.6682698828081929E-016  -1.6882585657403641E-008   1.2639120584749585E-016   9.8965957927169878E-017  -2.7212629944168623E-016  -1.3375527299436919E-016  -9.6521147876814133E-016  -5.3997545932774443E-015   1.8646003897391181E-015  -4.8032693658051065E-015  -1.7308383084002625E-015   4.3432406191983209E-023  -1.4061471789880029E-025  -1.8003378237884042E-024   8.1472565768244895E-024  -1.8234868273791374E-024   1.0785959783186568E-023   3.7805146602080414E-024  -2.8906661411652665E-024  -2.1678968049164214E-024  -4.5448449805788105E-024   5.1570781172135736E-016   2.1813669282945398E-017  -6.7948412738664717E-017   2.7576767498898249E-016  -2.6221631117923198E-015  -7.4418040711286560E-015   2.7395310133937963E-015  -6.0077315255770944E-015  -3.0152852009607559E-015
   3.4298698140421087E-008  -3.4816165780688806E-019  -2.9456760081152617E-019   1.7373488083922638E-019  -3.0977914605854333E-015   7.4589693092874266E-015  -4.9913367549267276E-015   6.2607067975327035E-016  -8.3960628637662993E-015   2.4717460450817468E-015   6.8521873071626428E-008  -3.4444369912187497E-011   2.2565056479867880E-011   1.1693281783958880E-022   3.4646634919712058E-023   2.1732388323179391E-023   4.5444220168564029E-014  -4.6920167392524309E-016  -3.4766292249456305E-016   2.8213930878997110E-016   4.0649473002271085E-008  -2.1765749684834678E-016   5.2969223170413364E-016   8.0449655472565714E-016   3.2205772470781565E-016   2.3240569961091872E-015   1.3001632988714289E-014  -4.4896209830096704E-015   1.1565403327059993E-014   4.1675468622435340E-015  -1.0465467954509194E-022  -1.8310310771907882E-024  -7.0915902741291588E-024  -1.6121252050917984E-023  -2.6947461129293324E-024  -2.9317338153287913E-023  -7.6201531410387392E-024   1.0025859089898418E-023   5.4053815228274737E-024   1.7187936781159576E-023  -5.6249124567108473E-017  -4.2002374008627348E-017   3.3508113422225707E-017  -6.6398970506306560E-016   6.3138418206124059E-015   1.7919213034372399E-014  -6.5965381527350897E-015   1.4466138020071365E-014   7.2604953806182993E-015
  -2.2952344105113324E-008  -8.4416531149359860E-020   5.2028747375074075E-020   6.9927970456122636E-019   2.0729591994000624E-015  -4.9913367549267276E-015   3.3400934547446828E-015  -4.1895840415187705E-016   5.6184416280824436E-015  -1.6540177294935495E-015  -4.5852994909214865E-008  -1.8430456978021864E-010   9.7739945976473896E-011  -6.9072459518665846E-023  -1.3194252872710399E-023  -3.3493293967816855E-024   1.5971193895317712E-013  -5.1948183966268312E-017   9.5670495992557444E-017   8.8381103874298187E-016  -2.7206225685379596E-008   8.4265433971899118E-016   4.0341006520002522E-016  -4.0988698504759705E-016  -2.1552556998820232E-016  -1.5552541188153998E-015  -8.7007246707535379E-015   3.0044639813361659E-015  -7.7396012438471559E-015  -2.7889274522416510E-015   7.0739504998419874E-023   1.5507590064337135E-024   5.0976127085985823E-024   1.1095298521971557E-023   1.7430529204531462E-024   1.8580633470792665E-023   5.6968128894031946E-024  -6.3745228245390888E-024  -4.7204748482006364E-024  -1.1952835979714261E-023  -6.6336428009542525E-018   1.1301089921553261E-017   1.0633763648869506E-016   4.4438604322172503E-016  -4.2245446949245705E-015  -1.1988306739056363E-014   4.4132745136395407E-015  -9.6779135498697303E-015  -4.8576388320378281E-015
   2.8790642517307963E-009   1.2263522449908976E-018  -7.7209841166088171E-020   2.6251065843118860E-019  -2.6001480095322099E-016   6.2607067975327035E-016  -4.1895840415187705E-016   5.2552367038933108E-017  -7.0473480835741157E-016   2.0746456353131197E-016   5.7514172285423496E-009   6.3918854230717638E-011  -3.4431777500639662E-011   2.6677503387217159E-023   7.5641550075266660E-024   1.8310915886062339E-023  -5.9406338516252828E-014   1.5847621896093848E-015  -1.0156844872584694E-016   3.4821679605200035E-016   3.4134451374892139E-009  -2.1504907098401830E-016  -1.2501239710787890E-017   8.4150010848477399E-017   2.7036327348343919E-017   1.9508945154890303E-016   1.0914213932915344E-015  -3.7688054886630701E-016   9.7085877622338757E-016   3.4984284939592622E-016  -8.4830771530930638E-024  -3.9460449094634354E-025  -2.5427616354928083E-024  -6.3996466950719010E-025  -1.5233607548001908E-024  -3.6484197088338629E-024  -9.8400166920375458E-026   1.5540651244297178E-024  -3.9186036597381315E-026   2.3436421682402877E-024   1.9043057094825835E-016  -1.2192507633806059E-017   4.1781412600599471E-017  -5.5752275928024810E-017   5.2979159968073693E-016   1.5031723343201118E-015  -5.5337713244073155E-016   1.2134372268921379E-015   6.0912668496805666E-016
  -3.8608335267331680E-008   3.5498582669147767E-019  -1.0104938238185058E-018   1.1199077803404043E-020   3.4869790923257594E-015  -8.3960628637662993E-015   5.6184416280824436E-015  -7.0473480835741157E-016   9.4509133721886297E-015  -2.7822727496251180E-015  -7.7130533651870711E-008  -1.6323469033997466E-010   8.4529089477041110E-011  -1.3537437100039634E-022  -4.5108263026654233E-023  -2.9516312799099170E-023   1.3488654660273539E-013   4.5213531183310167E-016  -1.3216457086510252E-015  -1.5000166298298026E-017  -4.5760989580653667E-008  -1.5899083901328523E-016  -5.1842208731857338E-017  -4.2856102344820511E-016  -3.6253190801576293E-016  -2.6160931993368805E-015  -1.4635448681690984E-014   5.0537959334163232E-015  -1.3018743887688866E-014  -4.6912455818113815E-015   1.1766690621650248E-022   2.2265652227280261E-024   7.6371304396951834E-024   1.8587301785926926E-023   4.3585866770043232E-024   3.2955383571055538E-023   8.0261601024303753E-024  -9.6639710225227448E-024  -5.4870228474279758E-024  -2.0239366076059329E-023   5.4375853150213193E-017  -1.5870529214433800E-016  -1.6007901983587690E-018   7.4746961722239557E-016  -7.1065781511931852E-015  -2.0167793261290091E-014   7.4243591450196221E-015  -1.6281199165670515E-014  -8.1717922126567895E-015
   1.1365729583598210E-008   4.3265740514004403E-018   1.5367671078320055E-019  -1.0905192814359984E-018  -1.0265425586344507E-015   2.4717460450817468E-015  -1.6540177294935495E-015   2.0746456353131197E-016  -2.7822727496251180E-015   8.1908636059659532E-016   2.2706701545534204E-008  -5.9727812397975864E-011   3.3801644814918850E-011   9.2480551924821560E-023   1.4051961226030682E-023   3.4666174332921567E-023   5.6524701003096709E-014   5.7278384527764408E-015   1.9691573580968837E-016  -1.4174793307751708E-015   1.3469283701346404E-008   1.2248297636474341E-015  -5.1322086102779531E-017   7.1353487624066131E-017   1.0672005227663176E-016   7.7012996583067562E-016   4.3083776853360189E-015  -1.4877352004631971E-015   3.8324501670943730E-015   1.3810097119199632E-015  -3.5260106843449135E-023  -2.1110290874535646E-024  -9.0466663213566730E-024  -3.5560010725407788E-024  -4.9743291934994787E-024  -1.0672451557199575E-023  -2.1135928277082431E-024   4.6857219481328609E-024   2.7489109269627211E-024   9.6850636469905051E-024   6.8733943574613131E-016   2.3673600726506002E-017  -1.7027258436829462E-016  -2.2001772153939987E-016   2.0923923070460942E-015   5.9386892211730531E-015  -2.1861751134793409E-015   4.7943404497279838E-015   2.4061820708952069E-015
  0.31508615131260148        4.4009527443943895E-016  -1.7969218359858211E-016  -3.1048131839873752E-016  -2.8457886640362664E-008   6.8521873071626428E-008  -4.5852994909214865E-008   5.7514172285423496E-009  -7.7130533651870711E-008   2.2706701545534204E-008  0.62947673300669749       -1.0647190934740190E-007  -9.4409696782397840E-008   1.1131057132709528E-015   3.0171559584244093E-016   1.7685557515534970E-016  -9.5686348891179797E-009  -1.8688644260621760E-014  -2.1598270991292249E-016   2.0660485258075344E-015  0.37343389109967462       -1.8098731358622875E-015   1.6346790311712062E-016   5.4611490428125810E-016   2.9586059996738720E-009   2.1350057123495188E-008   1.1944019125427643E-007  -4.1244139277394552E-008   1.0624619874061733E-007   3.8285382675845125E-008  -9.6232432902296011E-016  -1.8418923841397090E-017  -6.9255057745124542E-017  -1.4791873006885836E-016  -2.9490938277473855E-017  -2.6864366877975701E-016  -6.9476768711932629E-017   8.9986827692265396E-017   5.0505441292786455E-017   1.6244022782398085E-016  -1.9674468707388899E-015  -2.5700933746186029E-017   9.5913214827486686E-017  -6.0998413592681087E-009   5.8001380183131977E-008   1.6461078973232274E-007  -6.0597695251939855E-008   1.3288956555807240E-007   6.6697238272130796E-008
   5.2381388625023697E-003   5.3188645366174297E-015   7.2049082929620901E-016   3.4907673150891316E-015  -3.9460155216115593E-012  -3.4444369912187497E-011  -1.8430456978021864E-010   6.3918854230717638E-011  -1.6323469033997466E-010  -5.9727812397975864E-011  -1.0647190934740190E-007   1.9496602671717294       -5.0682406158251828E-008  -5.9786629851751834E-015  -2.4730642438854353E-016  -2.8136354320760643E-015  -3.1099805080281817E-008  -1.1664628195304980E-014  -1.1910093596425166E-015  -1.5104081359074359E-015   4.3307122153882056E-002  -9.2808344019440398E-016   1.3763625044516758E-016   2.3047144697478332E-016   1.2389145500150647E-010   5.1117823382297305E-010   3.4593751058869991E-009  -1.1804462714547579E-009   3.1280109416483686E-009   1.0566356793969768E-009   1.2044105707683967E-016   3.6845771188423712E-017  -3.0846649193764369E-016  -6.2738061419132965E-016   1.0206749064089478E-018  -6.2418933264524883E-016  -5.4439338289253609E-017  -3.1363257373250589E-016   3.4353281033429018E-017  -3.9490155438364070E-018   2.5726000173995737E-015   2.5636236392146869E-016   1.4673797361217482E-015  -5.8039032692469533E-010  -4.7104241125261582E-009  -2.5533822949459475E-008   8.8363583131077064E-009  -2.2643950457631809E-008  -8.2559087907575275E-009
  -3.6352233983599238E-004   2.2731291158231425E-015   3.8110677137057824E-017   1.8320608456678353E-015   5.9416737231150900E-013   2.2565056479867880E-011   9.7739945976473896E-011  -3.4431777500639662E-011   8.4529089477041110E-011   3.3801644814918850E-011  -9.4409696782397840E-008  -5.0682406158251828E-008   2.0004507645097003       -2.8599152085032009E-015  -5.6792853431234897E-016  -1.5395435301175004E-015  -2.7651448590447600E-008  -2.3930503941405223E-015  -2.8879794644515147E-016  -4.1185522260671619E-016  -1.5166673891396855E-003  -1.2591936201863133E-016   1.4104358347202074E-017   1.2893741428309248E-017  -4.3213316828556233E-013  -5.8588980785916922E-011  -2.4055666252901053E-010   8.5092771269433680E-011  -2.0659814183999656E-010  -8.4733260660913544E-011   6.7866730314635420E-016   1.9320842762775095E-016   7.8213373450789510E-017   4.5614388476396329E-016  -8.2512096755471974E-020   4.5638141588101462E-016   2.5135052914754934E-017   7.8485052825963203E-017   1.9392633604631268E-016   7.6985503958058012E-017  -1.0418492654155149E-016  -8.1001278356917564E-017   2.5339478461320191E-016   4.6175177542411281E-012   1.3298702969681584E-010   5.8784248062085633E-010  -2.0666916261244519E-010   5.0968480973804882E-010   2.0202082724272277E-010
   5.4158659201046942E-016   1.2165297876061803E-011   2.6723867163121016E-012   1.0310621029227958E-011  -1.1914136922011718E-023   1.1693281783958880E-022  -6.9072459518665846E-023   2.6677503387217159E-023  -1.3537437100039634E-022   9.2480551924821560E-023   1.1131057132709528E-015  -5.9786629851751834E-015  -2.8599152085032009E-015   3.4450769719331905E-016   1.4660346405027606E-016   3.2985848439924187E-016  -1.7000001735438860E-015   1.6683245732215186E-008   3.4867961052821372E-009   1.3453747641352979E-008   5.2955477046701367E-016   1.1822325397297294E-008   1.5029300291892798E-011   7.2522622146776518E-011   2.9101556214214602E-023   2.7233028648956157E-023   1.9771252419890898E-022  -1.0318117014197082E-022   1.8773347204305220E-022   4.4605368332598853E-023   1.0993729212735048E-017  -3.7804798259465777E-019  -1.9569106682251810E-017   1.0114009416956056E-017  -2.0987081342448602E-017  -2.4863295726243959E-017   1.4313128863099979E-017   6.5934484877608440E-018  -1.8824955247236907E-017   9.6714554861729546E-018   1.9981200149983658E-009   4.1875703674316903E-010   1.6157604801641164E-009  -2.9798064607538664E-023   1.1762169093696763E-022   3.6380673502957487E-022  -2.1817657454281206E-022   2.9932767683530221E-022   1.1701798152497252E-022
   1.5047142007299495E-016   2.6723861571843886E-012   7.9743738915944708E-012   8.7787780420933198E-012  -6.9353306097994211E-024   3.4646634919712058E-023  -1.3194252872710399E-023   7.5641550075266660E-024  -4.5108263026654233E-023   1.4051961226030682E-023   3.0171559584244093E-016  -2.4730642438854353E-016  -5.6792853431234897E-016   1.4660346405027606E-016   2.2628836781650172E-016   2.5190315768272413E-016   3.6580014745943043E-016   3.4867955874844383E-009   1.1214680870270147E-008   1.1455050823367161E-008   1.7396206336715167E-016   1.5032366819425488E-011   1.1791875499924659E-008   6.3532525669742179E-011   3.4009769309544622E-024   4.5689369798189115E-024   5.9841408614431008E-023  -1.1739136945318329E-023   6.5702719964321049E-023   9.1871946067634713E-024   1.0460034113061143E-017   1.4411467390007992E-018  -1.8029554480693630E-018   2.9957150746160987E-018  -1.6520297098399822E-017  -1.7029259499327884E-017   1.3469295887241262E-017  -5.6240867754406231E-018  -1.9511698839858965E-017   5.5357805632047295E-018   4.1875697311933832E-010   1.3413599066933662E-009   1.3757212841597519E-009   1.3499672520949855E-023   4.3530831155618964E-023   8.6364748510866594E-023  -4.4580715273444774E-023   6.5150497846018470E-023   2.5702845648756665E-023
   8.1244337875122402E-017   1.0310624294749458E-011   8.7787772878276103E-012   1.6494599122828377E-011   1.7899629316780394E-023   2.1732388323179391E-023  -3.3493293967816855E-024   1.8310915886062339E-023  -2.9516312799099170E-023   3.4666174332921567E-023   1.7685557515534970E-016  -2.8136354320760643E-015  -1.5395435301175004E-015   3.2985848439924187E-016   2.5190315768272413E-016   5.4254357337076250E-016  -6.6378308604111887E-017   1.3453751931240558E-008   1.1455049767136136E-008   2.2332062230386468E-008   4.3581564613246599E-017   7.2523063505467082E-011   6.3531475081027916E-011   1.1849101104925606E-008   2.4795974314614962E-023  -5.6527659773505304E-024   3.0989381044626876E-023  -3.0822312505783214E-023   4.5651503972747104E-023  -8.4283006813308781E-024   1.8590180467155193E-017   1.9877761740928585E-018  -1.4118197683019274E-017   1.0286426595363450E-017  -2.8654708000089204E-017  -3.5227499479982098E-017   2.3120312599895468E-017   8.6322712038427287E-019  -3.3006524044728291E-017   9.8796455748513701E-018   1.6157609951724926E-009   1.3757211577990462E-009   2.6765300949569707E-009   6.7055894698189833E-024   3.6475246533656894E-023   8.3286592204239763E-023  -9.1857928514951846E-023   6.6553835517489299E-023   1.2806648755907404E-023
   4.4642385569065767E-005   1.3861580782132294E-015  -7.5532791708152938E-016   4.0639981069907571E-016  -4.5317028246352735E-015   4.5444220168564029E-014   1.5971193895317712E-013  -5.9406338516252828E-014   1.3488654660273539E-013   5.6524701003096709E-014  -9.5686348891179797E-009  -3.1099805080281817E-008  -2.7651448590447600E-008  -1.7000001735438860E-015   3.6580014745943043E-016  -6.6378308604111887E-017   1.9999927008433618       -1.9538108845378947E-015   7.8659949260731515E-016  -9.1144226460711679E-018   1.8343135192393703E-004  -9.2176205144622123E-017   3.5698658135985092E-017  -7.6139640964931227E-017   3.2458752508998582E-015  -1.3962972442031148E-013  -5.8152648376047764E-013   2.1097118238954331E-013  -5.0044332363334832E-013  -1.9853170903080794E-013   9.2203392559072486E-017   1.0818784072833298E-017  -7.4691607723253078E-017  -1.4568164846044484E-016  -1.9236188927891689E-019  -1.4311042089554465E-016  -4.3029501938731632E-017  -7.5161730697744815E-017   1.0286587946774891E-017  -4.0736617850333124E-017   4.4302663535165165E-016  -1.0874154252652423E-015   2.1815248271593936E-016   2.5902654193541095E-014   2.1694487087269594E-013   1.0818861291677807E-012  -3.6993190252430522E-013   9.5104629559154290E-013   3.6481956503934043E-013
  -3.7073152379139928E-015   1.3162455345044522E-003  -4.0132717224507603E-011  -2.1105399102859334E-009   4.2944817965905424E-015  -4.6920167392524309E-016  -5.1948183966268312E-017   1.5847621896093848E-015   4.5213531183310167E-016   5.7278384527764408E-015  -1.8688644260621760E-014  -1.1664628195304980E-014  -2.3930503941405223E-015   1.6683245732215186E-008   3.4867955874844383E-009   1.3453751931240558E-008  -1.9538108845378947E-015   1.7168514039439571       -8.6881695170485870E-011  -7.0739133964825996E-009   2.1170475938937454E-014   1.4828059735828196E-008  -6.0231820711033855E-011  -5.2441094661995116E-010   2.7482674185379267E-016  -3.5745902016643409E-016   1.5822641394498227E-016  -1.7824465105786763E-015   2.0157792791940399E-017  -2.0651491273995273E-015   1.1003658996958957E-010  -3.3415459111709662E-010  -2.0053968203901972E-009   6.6618869026700605E-010  -1.2951837952510019E-009  -8.1378489644890005E-010   3.7710232463242936E-010   6.0036371594464728E-010  -1.7178236323775901E-010   1.0472495212797400E-009  0.20619375676327342        6.8088078097617568E-010   7.4191212113206755E-009  -4.0531380045989516E-015  -4.2379579736905084E-016  -5.4965734650594042E-016  -8.1593773688014080E-015  -5.0591857693567997E-016  -3.1733107895248002E-015
   3.6651192205354418E-016  -4.0131471003064107E-011   1.3162465239032134E-003  -2.0371020105768869E-009   1.8201524536715614E-016  -3.4766292249456305E-016   9.5670495992557444E-017  -1.0156844872584694E-016  -1.3216457086510252E-015   1.9691573580968837E-016  -2.1598270991292249E-016  -1.1910093596425166E-015  -2.8879794644515147E-016   3.4867961052821372E-009   1.1214680870270147E-008   1.1455049767136136E-008   7.8659949260731515E-016  -8.6881695170485870E-011   1.7168514072722525       -6.8503381535416031E-009  -2.6726154043435066E-016  -6.0232583420157144E-011   1.5060853189409538E-008  -4.8235363906102776E-010   6.2625073054047635E-016   7.3008686811820076E-018   8.8043929463327936E-016   5.4232978615755213E-016   1.5176210312400921E-015  -7.7015797571329429E-016   3.6679540725606540E-010  -7.3234837829222194E-011   4.5767308241505518E-010  -2.8818449466463564E-010  -1.3984442813361846E-009  -2.0392472108176141E-010   7.5172169290580727E-010  -1.5329975870232510E-009  -9.3524017167387824E-010   8.0150250452447616E-010   6.8088302795468497E-010  0.20619375342543073        6.9052537255635382E-009   3.0007809344887087E-016   1.2943900152474025E-015   8.8676698004097241E-016  -1.3765794293323758E-016   8.7448887257295442E-017   4.1847122899852136E-016
   7.6207644641736000E-016  -2.1105360016068438E-009  -2.0371008040491676E-009   1.3162451421488569E-003  -5.6682698828081929E-016   2.8213930878997110E-016   8.8381103874298187E-016   3.4821679605200035E-016  -1.5000166298298026E-017  -1.4174793307751708E-015   2.0660485258075344E-015  -1.5104081359074359E-015  -4.1185522260671619E-016   1.3453747641352979E-008   1.1455050823367161E-008   2.2332062230386468E-008  -9.1144226460711679E-018  -7.0739133964825996E-009  -6.8503381535416031E-009   1.7168514026752646       -3.5934452004799691E-015  -5.2441034730687152E-010  -4.8235684262094944E-010   1.4681598577444803E-008   9.8711333024847834E-016  -3.5102448046359661E-016  -2.6583088037829693E-016  -6.8390438956574068E-016   3.9357006443851705E-016   4.9165488552319397E-016   1.1694726833533036E-009   3.8982009759923797E-010  -1.1216377970012510E-010   5.3426240118687929E-010  -7.0051445929884915E-010  -2.1032735159135217E-009   1.1596929473420642E-009   4.8867088470569487E-010  -1.9457139191963965E-009  -2.8063593044430734E-010   7.4191226066753189E-009   6.9052562166925182E-009  0.20619375866846301        3.0263503519003694E-015   6.3503535821247255E-016  -2.0264902600929667E-016   1.5396610155263244E-016   3.1879514392041699E-016   8.8972902154643674E-017
  0.18703990108985000        4.0241585776877018E-016  -9.0768458946479071E-017  -1.1162761010005442E-016  -1.6882585657403641E-008   4.0649473002271085E-008  -2.7206225685379596E-008   3.4134451374892139E-009  -4.5760989580653667E-008   1.3469283701346404E-008  0.37343389109967462        4.3307122153882056E-002  -1.5166673891396855E-003   5.2955477046701367E-016   1.7396206336715167E-016   4.3581564613246599E-017   1.8343135192393703E-004   2.1170475938937454E-014  -2.6726154043435066E-016  -3.5934452004799691E-015  0.22250090432173095        1.6753862638714419E-015  -1.6022385810073833E-016  -5.2998208416661116E-016   1.7579303597210349E-009   1.2677212629653101E-008   7.0934314686813654E-008  -2.4494162740416364E-008   6.3099659024675946E-008   2.2736144889572324E-008  -5.6872479536381015E-016  -1.0253983191456779E-017  -4.8003266304101598E-017  -1.0204701531209054E-016  -1.7472655877111804E-017  -1.7359555363480477E-016  -4.2448984496937154E-017   4.6351224382192907E-017   3.0579100083040242E-017   9.6217045607669284E-017   2.7938250352225542E-015  -2.3036168195057067E-017  -4.8505896588926005E-016  -3.6315956106316168E-009   3.4304293963822741E-008   9.7086899550823863E-008  -3.5752840853641099E-008   7.8332694545009194E-008   3.9384260816281595E-008
  -6.0940857667520316E-016  -1.0575664903906343E-004  -2.1736677978220931E-012  -1.2722707402635308E-011   1.2639120584749585E-016  -2.1765749684834678E-016   8.4265433971899118E-016  -2.1504907098401830E-016  -1.5899083901328523E-016   1.2248297636474341E-015  -1.8098731358622875E-015  -9.2808344019440398E-016  -1.2591936201863133E-016   1.1822325397297294E-008   1.5032366819425488E-011   7.2523063505467082E-011  -9.2176205144622123E-017   1.4828059735828196E-008  -6.0232583420157144E-011  -5.2441034730687152E-010   1.6753862638714419E-015   2.0001309411519261       -8.7392042938017772E-012  -1.6066647221732444E-011   2.1237394437041080E-015  -4.7402465295822170E-016  -7.5496637330548810E-016  -2.0597422631270369E-015   4.6695282265225983E-016  -3.6811595485450988E-016   2.4932361842656856E-012  -6.2778712916711593E-012  -2.2428329539362035E-011   6.5771740838836971E-012  -1.2058575225498228E-011  -9.9189682861183118E-012   5.7264114325987530E-012   7.3537924643555056E-012  -1.4097967519238473E-012   1.1235922487955906E-011  -9.3674879933249196E-004   5.8020411870597134E-011   6.2689868674085269E-011  -9.6684040041876945E-016  -4.5463340072343489E-016   6.4839761280012919E-017  -9.9247854923433000E-016  -3.5569290902007810E-016   5.6235314885964701E-016
  -1.8913142946615090E-016  -2.1745710611607387E-012  -1.0575664357954546E-004  -1.1362763392626421E-011   9.8965957927169878E-017   5.2969223170413364E-016   4.0341006520002522E-016  -1.2501239710787890E-017  -5.1842208731857338E-017  -5.1322086102779531E-017   1.6346790311712062E-016   1.3763625044516758E-016   1.4104358347202074E-017   1.5029300291892798E-011   1.1791875499924659E-008   6.3531475081027916E-011   3.5698658135985092E-017  -6.0231820711033855E-011   1.5060853189409538E-008  -4.8235684262094944E-010  -1.6022385810073833E-016  -8.7392042938017772E-012   2.0001309411573223       -1.1515237055882913E-011  -1.5739053423317987E-015  -4.3641153391734402E-016  -2.2437118694051625E-016   2.1319062572625752E-015   4.2521565340718913E-016  -5.2433993045670764E-016   6.3354088618247796E-012  -4.8265746867848991E-013   4.8856429573919669E-012  -6.7397891910250316E-012  -1.3692689550936860E-011  -1.7602905345881438E-012   9.3436008388737789E-012  -1.5324972744468590E-011  -1.2053847212103241E-011   7.7808310663822630E-012   5.8019462870976656E-011  -9.3674881397735172E-004   3.3590449795757344E-011   4.1528674703635172E-016   5.6699902362363683E-016   1.7966960363961286E-016   3.3478469455170266E-016  -4.9537412211140066E-016  -7.0558080657299424E-016
  -1.2482288486223774E-016  -1.2723050323328434E-011  -1.1364079003621070E-011  -1.0575665328440553E-004  -2.7212629944168623E-016   8.0449655472565714E-016  -4.0988698504759705E-016   8.4150010848477399E-017  -4.2856102344820511E-016   7.1353487624066131E-017   5.4611490428125810E-016   2.3047144697478332E-016   1.2893741428309248E-017   7.2522622146776518E-011   6.3532525669742179E-011   1.1849101104925606E-008  -7.6139640964931227E-017  -5.2441094661995116E-010  -4.8235363906102776E-010   1.4681598577444803E-008  -5.2998208416661116E-016  -1.6066647221732444E-011  -1.1515237055882913E-011   2.0001309411407373        8.3458077472521668E-016  -6.0922118343338215E-016  -2.3342979433391367E-016  -2.7352141096202430E-016   7.9716945176472395E-016  -4.6735529589108399E-016   1.1530465691377114E-011   4.1479563065055666E-012   4.4974678081173255E-013   6.6339361154289432E-012  -1.0433211185740206E-011  -2.2102780501535162E-011   1.0863279767133386E-011   5.1913963613433743E-012  -1.8720805239206342E-011  -4.2029510784807015E-012   6.2691202015329080E-011   3.3588079206765446E-011  -9.3674873231411793E-004  -3.3740209569248679E-016  -1.5731948304499240E-017   2.8024917163790363E-016   1.0816781694451953E-016  -6.4237360748040436E-016   5.4493521778379489E-016
   1.4812705661113144E-009   9.8408149590869796E-020   5.6334134527307760E-019   7.1265183928173654E-019  -1.3375527299436919E-016   3.2205772470781565E-016  -2.1552556998820232E-016   2.7036327348343919E-017  -3.6253190801576293E-016   1.0672005227663176E-016   2.9586059996738720E-009   1.2389145500150647E-010  -4.3213316828556233E-013   2.9101556214214602E-023   3.4009769309544622E-024   2.4795974314614962E-023   3.2458752508998582E-015   2.7482674185379267E-016   6.2625073054047635E-016   9.8711333024847834E-016   1.7579303597210349E-009   2.1237394437041080E-015  -1.5739053423317987E-015   8.3458077472521668E-016   1.3913628229514592E-017   1.0037998102099309E-016   5.6160118019532559E-016  -1.9392676746197239E-016   4.9956698139325487E-016   1.8001243654217080E-016  -3.6892399294338449E-024   5.5099037946328429E-026  -5.9115703930790606E-025  -4.1144610500042445E-025  -1.2651269612586870E-024  -2.7347270539512005E-024   6.7458804375145092E-025   2.4291511964060445E-025  -1.2476433613355977E-024   1.0659201938462012E-024   3.2012040793981375E-017   7.5949810881909629E-017   1.1816138867283365E-016  -2.8706769897437419E-017   2.7231315487908853E-016   7.7206511996516975E-016  -2.8425390522063120E-016   6.2315572758427671E-016   3.1295927666170827E-016
   1.0688208475932573E-008  -2.4896924947833089E-019   2.8667034466482212E-020  -2.3691401000195424E-019  -9.6521147876814133E-016   2.3240569961091872E-015  -1.5552541188153998E-015   1.9508945154890303E-016  -2.6160931993368805E-015   7.7012996583067562E-016   2.1350057123495188E-008   5.1117823382297305E-010  -5.8588980785916922E-011   2.7233028648956157E-023   4.5689369798189115E-024  -5.6527659773505304E-024  -1.3962972442031148E-013  -3.5745902016643409E-016   7.3008686811820076E-018  -3.5102448046359661E-016   1.2677212629653101E-008  -4.7402465295822170E-016  -4.3641153391734402E-016  -6.0922118343338215E-016   1.0037998102099309E-016   7.2426884443649540E-016   4.0519850130684243E-015  -1.3991956765073605E-015   3.6043945070841817E-015   1.2988106108270997E-015  -3.2893546957436611E-023  -6.3082667898281123E-025  -1.9855697799758331E-024  -5.4460965768489292E-024  -5.8401132514202790E-025  -8.6805734148830638E-024  -2.6905923610214513E-024   2.7361607329090489E-024   2.1546003825104932E-024   5.3458854088018758E-024  -4.2708792594724621E-017   1.0812232569797950E-018  -4.1872701750729124E-017  -2.0704154587625232E-016   1.9660026244972238E-015   5.5764170103951646E-015  -2.0529782962155285E-015   4.5012834583043196E-015   2.2600097397019225E-015
   5.9795424247094125E-008   1.6132069370487474E-019   6.8683139140114013E-019  -1.9151439021870542E-019  -5.3997545932774443E-015   1.3001632988714289E-014  -8.7007246707535379E-015   1.0914213932915344E-015  -1.4635448681690984E-014   4.3083776853360189E-015   1.1944019125427643E-007   3.4593751058869991E-009  -2.4055666252901053E-010   1.9771252419890898E-022   5.9841408614431008E-023   3.0989381044626876E-023  -5.8152648376047764E-013   1.5822641394498227E-016   8.8043929463327936E-016  -2.6583088037829693E-016   7.0934314686813654E-008  -7.5496637330548810E-016  -2.2437118694051625E-016  -2.3342979433391367E-016   5.6160118019532559E-016   4.0519850130684243E-015   2.2669370610115307E-014  -7.8279824076795043E-015   2.0165281760521066E-014   7.2663528037080664E-015  -1.8245018470001991E-022  -3.5795316234343316E-024  -1.3622414025821541E-023  -2.9406486639065715E-023  -6.3146936314254314E-024  -5.1983611388537268E-023  -1.3046274305163392E-023   1.5700506753991926E-023   9.4306921142610278E-024   3.1352377182332240E-023   1.9356626323710284E-017   1.0584579035641456E-016  -3.1816969754743116E-017  -1.1584460215777812E-015   1.0997109774632614E-014   3.1188731133578188E-014  -1.1482418364182274E-014   2.5174918031950378E-014   1.2640807886084279E-014
  -2.0648043957654263E-008  -1.2576583121046970E-018   3.0307212871565185E-019  -5.0984130891068570E-019   1.8646003897391181E-015  -4.4896209830096704E-015   3.0044639813361659E-015  -3.7688054886630701E-016   5.0537959334163232E-015  -1.4877352004631971E-015  -4.1244139277394552E-008  -1.1804462714547579E-009   8.5092771269433680E-011  -1.0318117014197082E-022  -1.1739136945318329E-023  -3.0822312505783214E-023   2.1097118238954331E-013  -1.7824465105786763E-015   5.4232978615755213E-016  -6.8390438956574068E-016  -2.4494162740416364E-008  -2.0597422631270369E-015   2.1319062572625752E-015  -2.7352141096202430E-016  -1.9392676746197239E-016  -1.3991956765073605E-015  -7.8279824076795043E-015   2.7030883208958669E-015  -6.9632926771444654E-015  -2.5091517378489418E-015   6.2547078586828051E-023   1.3666292418654580E-024   7.0272802224943045E-024   9.0807105693721119E-024   3.1128817840026871E-024   1.9628862859670413E-023   3.9727979046462397E-024  -7.0296639172292405E-024  -2.6725815758431781E-024  -1.1362625467268626E-023  -2.1310707967280878E-016   6.4135304518142115E-017  -8.2008774361083605E-017   4.0002119175817529E-016  -3.7974686768655701E-015  -1.0770029500064752E-014   3.9650813905726593E-015  -8.6933664230966026E-015  -4.3650830719134742E-015
   5.3190241875299194E-008  -9.1513730546226346E-021   1.1409911202836231E-018   2.5953599589204280E-019  -4.8032693658051065E-015   1.1565403327059993E-014  -7.7396012438471559E-015   9.7085877622338757E-016  -1.3018743887688866E-014   3.8324501670943730E-015   1.0624619874061733E-007   3.1280109416483686E-009  -2.0659814183999656E-010   1.8773347204305220E-022   6.5702719964321049E-023   4.5651503972747104E-023  -5.0044332363334832E-013   2.0157792791940399E-017   1.5176210312400921E-015   3.9357006443851705E-016   6.3099659024675946E-008   4.6695282265225983E-016   4.2521565340718913E-016   7.9716945176472395E-016   4.9956698139325487E-016   3.6043945070841817E-015   2.0165281760521066E-014  -6.9632926771444654E-015   1.7937799247425184E-014   6.4637004136530922E-015  -1.6170259926066958E-022  -3.0488901306589284E-024  -1.1840889508710702E-023  -2.6141790377491714E-023  -6.3978227616243577E-024  -4.7075018194908963E-023  -1.0874142879030570E-023   1.3441642976304064E-023   7.2745303573108875E-024   2.8062250166890642E-023   2.2023104775660305E-018   1.8206705199756493E-016   4.6894376956223569E-017  -1.0304930720775868E-015   9.7821889304601149E-015   2.7742796821029595E-014  -1.0213780594403100E-014   2.2393376158789652E-014   1.1244223409484708E-014
   1.9166698238199375E-008  -1.5637784028656455E-018  -5.6273831371125141E-019   4.0163087216103442E-019  -1.7308383084002625E-015   4.1675468622435340E-015  -2.7889274522416510E-015   3.4984284939592622E-016  -4.6912455818113815E-015   1.3810097119199632E-015   3.8285382675845125E-008   1.0566356793969768E-009  -8.4733260660913544E-011   4.4605368332598853E-023   9.1871946067634713E-024  -8.4283006813308781E-024  -1.9853170903080794E-013  -2.0651491273995273E-015  -7.7015797571329429E-016   4.9165488552319397E-016   2.2736144889572324E-008  -3.6811595485450988E-016  -5.2433993045670764E-016  -4.6735529589108399E-016   1.8001243654217080E-016   1.2988106108270997E-015   7.2663528037080664E-015  -2.5091517378489418E-015   6.4637004136530922E-015   2.3291301884542578E-015  -5.8459785456272897E-023  -5.6172991503832246E-025  -2.2050962748954001E-024  -9.8759408126364774E-024   1.9979121123565788E-025  -1.6221277725574544E-023  -4.7209667120807934E-024   5.4067080378835194E-024   3.1589616532555755E-024   8.1716350040458136E-024  -2.4785186762481908E-016  -9.2250354377538720E-017   5.9266586108242445E-017  -3.7131298671722833E-016   3.5251414450034423E-015   9.9979239167243543E-015  -3.6808126134039658E-015   8.0701779441130404E-015   4.0521074882353426E-015
  -4.8149150888765345E-016   8.4227651546548620E-014   2.8087211258994504E-013   8.9598030663313211E-013   4.3432406191983209E-023  -1.0465467954509194E-022   7.0739504998419874E-023  -8.4830771530930638E-024   1.1766690621650248E-022  -3.5260106843449135E-023  -9.6232432902296011E-016   1.2044105707683967E-016   6.7866730314635420E-016   1.0993729212735048E-017   1.0460034113061143E-017   1.8590180467155193E-017   9.2203392559072486E-017   1.1003658996958957E-010   3.6679540725606540E-010   1.1694726833533036E-009  -5.6872479536381015E-016   2.4932361842656856E-012   6.3354088618247796E-012   1.1530465691377114E-011  -3.6892399294338449E-024  -3.2893546957436611E-023  -1.8245018470001991E-022   6.2547078586828051E-023  -1.6170259926066958E-022  -5.8459785456272897E-023   8.8211897123700750E-019   2.2848658523323029E-019  -1.0716367555434663E-019   3.4507864313412830E-019  -8.5907062975962358E-019  -1.5285628408171541E-018   9.7482107673915430E-019   4.3822389562992608E-020  -1.5363340598101169E-018   4.7209628849028788E-020   1.3214226335545087E-011   4.4049145076936731E-011   1.4044820665531221E-010   1.1154929027493259E-023  -8.8233467970893283E-023  -2.5301124380465319E-022   9.2668557218154470E-023  -2.0418558368481788E-022  -1.0245787074876467E-022
