  0.20930810080671039       -2.0076770305759862E-018  -8.1137286017490181E-017  -1.2935876044330475E-017  -1.1331913693118274E-016  -4.9155919942248499E-017  -1.0823773123127562E-016  -1.1028939935435347E-016  -2.8606489560910386E-018  -1.2341866965217765E-016  0.28196207924661676        8.5146886598851876E-017  -2.4127451158222759E-016  -4.0947209653436034E-016  -1.1276007653697721E-015   1.1461253657532587E-014  -3.8678030792149278E-019  -2.0340996814958096E-017   5.0250174408060891E-015   8.5245935966246011E-018   5.0025689118135555E-015  -1.0915815777412684E-017  -2.3644977415943183E-017   3.3100915850878381E-018  -3.4587652940381787E-017  -2.8303364011056001E-016  -1.8772908709801837E-017   4.7967094995210513E-018   1.1894437471817334E-017  -5.3983716067844942E-017   1.0770721284606405E-017  -5.0348257141024895E-017  0.23084625219339724        5.4494554054846630E-017  -2.0145549273180633E-016
  -2.0076770305759862E-018  0.20930810080669851        3.0545939589355680E-016  -3.0595636823564473E-017   6.8045565710784138E-017   4.9817961004110877E-017  -3.5833365664769238E-017   4.6240651253562915E-017   1.9408323379998731E-017   3.7856980254520075E-017  -1.3576547618062391E-016  0.28196207924662303       -2.5248072119353485E-016  -1.6721384615136106E-016  -4.9375181490410753E-017  -1.1452865180769971E-017   2.7923986571426658E-015   5.6417082517012915E-017   9.9156636512764512E-018   1.8711055919326616E-018  -2.2213521340561619E-017   6.2361735439149801E-015   7.1233444416743915E-017   2.8415808358977262E-015   1.1946504611980911E-016   1.0912187671163377E-017   4.7584951989774766E-017  -9.2430234960899148E-018  -5.3384749353476076E-018   2.5904247916850895E-017  -4.5501865746323656E-018   1.8429124033103193E-018  -5.0004670317023201E-017  0.23084625219338994        8.1731556691483641E-017
  -8.1137286017490181E-017   3.0545939589355680E-016  0.20930810080670248        3.0874610422659421E-016   1.5306869639915097E-016  -6.6933196354202228E-017   2.5802685437593219E-017   6.7484234049486091E-017   5.3841808694413044E-017   9.4926493448293662E-017   1.8044060531042677E-016   1.2324208308239887E-016  0.28196207924662248       -5.5563448116448432E-017   7.0821610756404368E-016  -6.4065879148456578E-017   3.6088863051285792E-017   3.2805025480331176E-015  -5.9819631093321682E-017   5.8453978929837597E-018  -6.7471619464561191E-018   8.0901240852181825E-017   3.1391710577115168E-015   3.9394296036247230E-017   7.3107315145027929E-015   2.8657196315446473E-016  -5.4704497211488528E-018  -1.4137242734110344E-017   1.0880608090543857E-017  -1.9038775002522653E-017  -7.5833990744129701E-018  -1.8438150489550740E-017  -3.3353334019717114E-017   2.7738282920061975E-016  0.23084625219339208     
  -1.2935876044330475E-017  -3.0595636823564473E-017   3.0874610422659421E-016  0.26194083370489479       -4.7387803304636317E-015   3.0882660036534716E-017  -1.1682005397758583E-017  -7.4132171344072901E-015  -4.8580769139554173E-017  -4.7867111003164940E-015   3.3792015644656461E-016  -1.0198310871588319E-016  -3.5991519032643224E-016  0.42749836423661436        4.9534556099732384E-003   2.3400703356812217E-016   5.8885921101364826E-017   7.1554280268966999E-017   1.8014814912926731E-016  -9.0250835085024497E-019   4.1633037599498902E-017   6.0359394928620297E-017   8.2724889634588903E-017   3.9898237703085210E-017   7.2654663397742895E-017  0.12722378925487124       -6.9286800697269725E-015  -3.5956158737638554E-017  -3.1715793631910462E-017  -6.7160738886871836E-015   2.2439053169876065E-017  -7.0782570835127579E-015   3.5822690870956128E-016   9.3363429584894946E-017  -5.5059481383736128E-018
  -1.1331913693118274E-016   6.8045565710784138E-017   1.5306869639915097E-016  -4.7387803304636317E-015   4.4903928631113708E-028   7.1404799590550773E-030   3.9707234180943714E-030   4.8868979911309320E-028  -1.2514983044455329E-029   4.5765076186217604E-028  -1.5265390753818569E-016   9.1665201286458545E-017   2.0620113477654684E-016  -7.8360714915836841E-015   2.6222439171724045E-014  -9.7570167782067863E-030  -9.8631177284975218E-030   4.1809183605473712E-030  -2.0966050210473584E-029   7.9936323751939311E-031   1.1510113745167823E-030  -2.7123795927569074E-029   2.9160523863959102E-030  -4.3586176920694112E-030   1.5312189639078507E-029  -1.1771474123652096E-015   3.8283566264797460E-028   1.1214698710325317E-030  -3.9340324351188300E-030   3.9944769216118214E-028   4.6438663100529363E-030   4.1511339559246227E-028  -1.2497986442727649E-016   7.5047567495825793E-017   1.6881971961758316E-016
  -4.9155919942248499E-017   4.9817961004110877E-017  -6.6933196354202228E-017   3.0882660036534716E-017   7.1404799590550773E-030   2.1195423212280605E-031   8.5639966388622382E-032   6.6628349722377774E-030  -3.0287522527457877E-031   7.3139389030983660E-030  -6.6218676395118740E-017   6.7110521830777148E-017  -9.0166711856425500E-017   4.8233427994476217E-017   5.5892799670435860E-016  -2.6307849578893520E-030   4.5360043381080436E-031  -9.5775051683843242E-031  -1.4545482881789696E-030   1.3078089398276768E-032  -1.0749348805716292E-030   8.7129739218113848E-031  -9.2743483648548105E-031   5.7031114810578204E-031  -2.0545803671411249E-030   3.8860792479875576E-017   4.6640696101495626E-030   7.2877994478004638E-033  -1.0693408940291367E-031   5.1306659948051867E-030   1.0888834360220110E-031   5.2747783721900123E-030  -5.4214145788202098E-017   5.4944311975465694E-017  -7.3820733483991234E-017
  -1.0823773123127562E-016  -3.5833365664769238E-017   2.5802685437593219E-017  -1.1682005397758583E-017   3.9707234180943714E-030   8.5639966388622382E-032   1.0337911277930039E-031   3.9935094897433483E-030  -1.2976082616949760E-031   4.0553359873940469E-030  -1.4580866977093325E-016  -4.8271663878761275E-017   3.4759184226935987E-017  -2.0104929183984748E-017   2.6742264743536121E-016  -5.9357878366694650E-030  -5.7502862170445683E-031   4.3307034423342009E-031  -2.7676793902629509E-030   3.9945032674564539E-033  -2.5387794500183652E-030  -1.3407786868097973E-030   4.0449504796071548E-031  -5.3177577093467575E-031   1.0095873429570313E-030   5.7640077505833403E-018   2.9288204598860057E-030   3.9156656396797651E-033  -4.8331863422194315E-032   3.1476644577102039E-030   4.4770584563488214E-032   3.2589264785581210E-030  -1.1937557363692410E-016  -3.9520678537075293E-017   2.8457824646234262E-017
  -1.1028939935435347E-016   4.6240651253562915E-017   6.7484234049486091E-017  -7.4132171344072901E-015   4.8868979911309320E-028   6.6628349722377774E-030   3.9935094897433483E-030   5.5589044085945471E-028  -1.1722433263580050E-029   4.9763157750092675E-028  -1.4857250264539427E-016   6.2291474256988063E-017   9.0909022993450983E-017  -1.2198426447478766E-014   2.5544233485827968E-014  -1.1970419222769794E-029  -1.0537865226813055E-029   2.0301185075340096E-030  -2.2352702891822130E-029   7.8744461293604264E-031   6.9310453657032258E-031  -2.7752110696205880E-029   7.3044070844550640E-031  -4.9686367442683654E-030   1.1300434911858069E-029  -2.5029346390782269E-015   4.4743359584583086E-028   1.4837832417805108E-030  -3.5064113269162108E-030   4.6139424731038943E-028   4.2977309257537783E-030   4.8054257470790143E-028  -1.2163836181918791E-016   5.0998891107060918E-017   7.4428473873819422E-017
  -2.8606489560910386E-018   1.9408323379998731E-017   5.3841808694413044E-017  -4.8580769139554173E-017  -1.2514983044455329E-029  -3.0287522527457877E-031  -1.2976082616949760E-031  -1.1722433263580050E-029   5.2223616272159373E-031  -1.2812112160889191E-029  -3.8536230778725864E-018   2.6145243274501542E-017   7.2531107354970982E-017  -7.5503370802288406E-017  -9.7488913331743789E-016  -2.4468435749894195E-031   6.1754459446274185E-031   7.2331743484630735E-031   4.3668302294197679E-031  -2.7247016980408067E-032  -2.5107765457147237E-031   1.6290732557669091E-030   7.2206757503474974E-031   4.3599359292544227E-031   1.4632484652857629E-030  -6.5218767492767603E-017  -8.2421475814491059E-030  -1.5914782411196259E-032   1.7487687501682213E-031  -9.0438074656934423E-030  -1.9408191450585333E-031  -9.3164518609233714E-030  -3.1550144873011202E-018   2.1405472107205865E-017   5.9382220279649783E-017
  -1.2341866965217765E-016   3.7856980254520075E-017   9.4926493448293662E-017  -4.7867111003164940E-015   4.5765076186217604E-028   7.3139389030983660E-030   4.0553359873940469E-030   4.9763157750092675E-028  -1.2812112160889191E-029   4.6645917396975525E-028  -1.6625913941624167E-016   5.0997705418138068E-017   1.2787690187386087E-016  -7.9164890425899127E-015   2.6786101642797383E-014  -1.0317707866993915E-029  -1.0495468619031168E-029   3.3147805915979830E-030  -2.1546984316545668E-029   8.1401902243387914E-031   1.0063188382045506E-030  -2.8659685621604346E-029   2.0644247911789140E-030  -4.8852985879192630E-030   1.3493337726092010E-029  -1.1763000155600780E-015   3.8962344087010494E-028   1.1435258155920859E-030  -4.0277731398871365E-030   4.0664408395729733E-028   4.7506314182093306E-030   4.2257493350577602E-028  -1.3611865584796426E-016   4.1752526430815106E-017   1.0469458736640414E-016
  0.28196207924661676       -1.3576547618062391E-016   1.8044060531042677E-016   3.3792015644656461E-016  -1.5265390753818569E-016  -6.6218676395118740E-017  -1.4580866977093325E-016  -1.4857250264539427E-016  -3.8536230778725864E-018  -1.6625913941624167E-016  0.37983534238119909       -6.4545427362956279E-017   6.5294946460674457E-017   1.6446020669307904E-017   1.5487998685560791E-015   1.5439626558147877E-014  -5.2103754901719397E-019  -2.7401661635589592E-017   6.7692762984296904E-015   1.1483607781890628E-017   6.7390355486146253E-015  -1.4704859016020954E-017  -3.1852503415978243E-017   4.4590739786489272E-018  -4.6593545599718850E-017  -7.7870808582034477E-017  -2.5289266650059117E-017   6.4617192493468566E-018   1.6023174965977472E-017  -7.2722272904287441E-017   1.4509400050397748E-017  -6.7824891703697454E-017  0.31097644574610928       -7.3342490017982708E-017   4.8167940267196134E-017
   8.5146886598851876E-017  0.28196207924662303        1.2324208308239887E-016  -1.0198310871588319E-016   9.1665201286458545E-017   6.7110521830777148E-017  -4.8271663878761275E-017   6.2291474256988063E-017   2.6145243274501542E-017   5.0997705418138068E-017  -6.4545427362956279E-017  0.37983534238123762       -7.2842301295040345E-016  -3.3355640538543670E-016   2.2820925964227890E-015  -1.5428326315389215E-017   3.7616820773724499E-015   7.6000297313935986E-017   1.3357539098815256E-017   2.5205943829119395E-018  -2.9924167485317958E-017   8.4008428350747128E-015   9.5959640464141118E-017   3.8279361274078239E-015   1.6093315390760631E-016   8.5603829109507767E-017   6.4102401924156125E-017  -1.2451415465709878E-017  -7.1915395867397083E-018   3.4896000564766732E-017  -6.1296245228854285E-018   2.4826149160484331E-018   2.9529954415878968E-017  0.31097644574612410       -2.0780952066217236E-016
  -2.4127451158222759E-016  -2.5248072119353485E-016  0.28196207924662248       -3.5991519032643224E-016   2.0620113477654684E-016  -9.0166711856425500E-017   3.4759184226935987E-017   9.0909022993450983E-017   7.2531107354970982E-017   1.2787690187386087E-016   6.5294946460674457E-017  -7.2842301295040345E-016  0.37983534238122890       -1.3254447448739493E-015  -3.0763448663216545E-015  -8.6304105879522044E-017   4.8615848236962859E-017   4.4192141434195317E-015  -8.0583921491007487E-017   7.8744230996181376E-018  -9.0892029697130316E-018   1.0898327392199645E-016   4.2288243748414665E-015   5.3068646545570246E-017   9.8483959803671788E-015  -1.6238792724921435E-016  -7.3693247984590302E-018  -1.9044491545051089E-017   1.4657430213419114E-017  -2.5647419117247709E-017  -1.0215710536465281E-017  -2.4838308834983014E-017  -1.9048076917854622E-016  -3.5862605802734956E-016  0.31097644574612038     
  -4.0947209653436034E-016  -1.6721384615136106E-016  -5.5563448116448432E-017  0.42749836423661436       -7.8360714915836841E-015   4.8233427994476217E-017  -2.0104929183984748E-017  -1.2198426447478766E-014  -7.5503370802288406E-017  -7.9164890425899127E-015   1.6446020669307904E-017  -3.3355640538543670E-016  -1.3254447448739493E-015  0.69772391405350631        6.7974702470420003E-004   3.8170321783945842E-016   9.8843030387389059E-017   1.1592211094856109E-016   2.9821523813840256E-016  -1.6932107516268769E-018   6.6645402245038674E-017   1.0642352687487582E-016   1.3442486177426119E-016   6.6406595837275431E-017   1.1541727056314523E-016  0.20731809362846437       -1.1380348859675704E-014  -5.8818976911487404E-017  -5.0493013920901047E-017  -1.1039123305049421E-014   3.5196780354401960E-017  -1.1632788634836132E-014   1.5370935844891798E-016   2.2015272851430876E-017  -6.2986350217165706E-016
  -1.1276007653697721E-015  -4.9375181490410753E-017   7.0821610756404368E-016   4.9534556099732384E-003   2.6222439171724045E-014   5.5892799670435860E-016   2.6742264743536121E-016   2.5544233485827968E-014  -9.7488913331743789E-016   2.6786101642797383E-014   1.5487998685560791E-015   2.2820925964227890E-015  -3.0763448663216545E-015   6.7974702470420003E-004   1.9067214954360527        5.7474419366355828E-017  -7.0410357708342986E-016   2.2214513092477125E-016  -1.0796069772076739E-015   5.6703987490849866E-017   3.3590562635141765E-016  -2.0368036377011035E-015   1.5235599778878221E-016  -3.3167471984594800E-016   8.1458962357478971E-016   8.3886836648923324E-002   1.8525589885894914E-014   3.4603773682694791E-017  -3.2722911493399222E-016   2.0011910791045682E-014   3.6727615265540089E-016   2.0666118396039918E-014  -5.6483928131232815E-016   2.0773254254669313E-016   1.7682948242961459E-015
   1.1461253657532587E-014  -1.1452865180769971E-017  -6.4065879148456578E-017   2.3400703356812217E-016  -9.7570167782067863E-030  -2.6307849578893520E-030  -5.9357878366694650E-030  -1.1970419222769794E-029  -2.4468435749894195E-031  -1.0317707866993915E-029   1.5439626558147877E-014  -1.5428326315389215E-017  -8.6304105879522044E-017   3.8170321783945842E-016   5.7474419366355828E-017   6.2782393872881494E-028  -1.5203463423546766E-031  -2.0509582894941208E-030   2.7530753169773580E-028   4.6566844786990502E-031   2.7397952663684719E-028  -9.6649841695609177E-031  -2.1813967395817330E-030   4.0104592736322236E-032  -4.0506464250901238E-030   1.1592352755767241E-016  -6.6995931982101730E-030   2.3635024440165938E-031   6.1085353384540263E-031  -8.3911441941111542E-030   6.2260451207219955E-031  -8.4961080990790466E-030   1.2640635704408631E-014  -1.2631384039444827E-017  -7.0658364573072161E-017
  -3.8678030792149278E-019   2.7923986571426658E-015   3.6088863051285792E-017   5.8885921101364826E-017  -9.8631177284975218E-030   4.5360043381080436E-031  -5.7502862170445683E-031  -1.0537865226813055E-029   6.1754459446274185E-031  -1.0495468619031168E-029  -5.2103754901719397E-019   3.7616820773724499E-015   4.8615848236962859E-017   9.8843030387389059E-017  -7.0410357708342986E-016  -1.5203463423546766E-031   3.7533952194647722E-029   1.2527467482496062E-030   5.5376587781691750E-031   4.7720178536320212E-033  -4.2135330624080313E-031   8.3978692453398456E-029   1.4544536819968773E-030   3.8048505159190834E-029   2.5699167553028535E-030  -1.5372103698379536E-018  -7.8243301620599102E-030  -1.4689222661164339E-031   4.4315635522697675E-032  -8.6163219594543835E-030  -1.9267737907161899E-031  -9.2631600862999669E-030  -4.2658064433208094E-019   3.0797411191770252E-015   3.9802467029227990E-017
  -2.0340996814958096E-017   5.6417082517012915E-017   3.2805025480331176E-015   7.1554280268966999E-017   4.1809183605473712E-030  -9.5775051683843242E-031   4.3307034423342009E-031   2.0301185075340096E-030   7.2331743484630735E-031   3.3147805915979830E-030  -2.7401661635589592E-017   7.6000297313935986E-017   4.4192141434195317E-015   1.1592211094856109E-016   2.2214513092477125E-016  -2.0509582894941208E-030   1.2527467482496062E-030   5.1477876104965436E-029  -1.4994313574189266E-030   9.7613182726705766E-032  -5.4771594259565819E-031   2.7304254190361799E-030   4.9262036356586203E-029   1.3554332615648378E-030   1.1473125912047401E-028   4.4189362522709790E-017   1.9668676383892160E-031  -2.3026785072794775E-031   1.2144953417922824E-031   2.1133877682349634E-031  -7.2516427235728146E-032   1.9152807448546779E-031  -2.2434119188473120E-017   6.2222494058006745E-017   3.6180717115372553E-015
   5.0250174408060891E-015   9.9156636512764512E-018  -5.9819631093321682E-017   1.8014814912926731E-016  -2.0966050210473584E-029  -1.4545482881789696E-030  -2.7676793902629509E-030  -2.2352702891822130E-029   4.3668302294197679E-031  -2.1546984316545668E-029   6.7692762984296904E-015   1.3357539098815256E-017  -8.0583921491007487E-017   2.9821523813840256E-016  -1.0796069772076739E-015   2.7530753169773580E-028   5.5376587781691750E-031  -1.4994313574189266E-030   1.2139602509258572E-028   1.7023467801573542E-031   1.1993959792313048E-028   1.2093610535598933E-030  -1.4902139583982788E-030   4.1909292292956443E-031  -3.3260573141851092E-030   4.1214072475988931E-017  -1.5809471269016624E-029   7.3990044917715566E-032   4.4591772694159591E-031  -1.7347719212121100E-029   6.7583624759654137E-032  -1.7886337957350040E-029   5.5421000856902910E-015   1.0936001918156117E-017  -6.5975170536940575E-017
   8.5245935966246011E-018   1.8711055919326616E-018   5.8453978929837597E-018  -9.0250835085024497E-019   7.9936323751939311E-031   1.3078089398276768E-032   3.9945032674564539E-033   7.8744461293604264E-031  -2.7247016980408067E-032   8.1401902243387914E-031   1.1483607781890628E-017   2.5205943829119395E-018   7.8744230996181376E-018  -1.6932107516268769E-018   5.6703987490849866E-017   4.6566844786990502E-031   4.7720178536320212E-033   9.7613182726705766E-032   1.7023467801573542E-031   2.2176853668746773E-033   2.1318119610142778E-031  -3.2727077370742100E-033   9.1543113886048710E-032   1.6610199484693857E-032   2.2777021034617615E-031   1.9856652540939352E-018   5.7840388550751239E-031   8.9147171639717049E-034  -8.8671822828126258E-033   6.1976213364762498E-031   1.1022517146608952E-032   6.4062581221641319E-031   9.4017884432953428E-018   2.0636454666160140E-018   6.4468990496484707E-018
   5.0025689118135555E-015  -2.2213521340561619E-017  -6.7471619464561191E-018   4.1633037599498902E-017   1.1510113745167823E-030  -1.0749348805716292E-030  -2.5387794500183652E-030   6.9310453657032258E-031  -2.5107765457147237E-031   1.0063188382045506E-030   6.7390355486146253E-015  -2.9924167485317958E-017  -9.0892029697130316E-018   6.6645402245038674E-017   3.3590562635141765E-016   2.7397952663684719E-028  -4.2135330624080313E-031  -5.4771594259565819E-031   1.1993959792313048E-028   2.1318119610142778E-031   1.1963200799008983E-028  -1.2739418619973341E-030  -6.3422742682624067E-031  -2.7581725104692122E-031  -9.2052381073215084E-031   3.4542523344551051E-017   1.7243744199807330E-030   1.1656718665416148E-031   2.2204794538479909E-031   1.1798849240757562E-030   3.2619918003594052E-031   1.3279334196654138E-030   5.5173415657610200E-015  -2.4499329599392789E-017  -7.4414561227145799E-018
  -1.0915815777412684E-017   6.2361735439149801E-015   8.0901240852181825E-017   6.0359394928620297E-017  -2.7123795927569074E-029   8.7129739218113848E-031  -1.3407786868097973E-030  -2.7752110696205880E-029   1.6290732557669091E-030  -2.8659685621604346E-029  -1.4704859016020954E-017   8.4008428350747128E-015   1.0898327392199645E-016   1.0642352687487582E-016  -2.0368036377011035E-015  -9.6649841695609177E-031   8.3978692453398456E-029   2.7304254190361799E-030   1.2093610535598933E-030  -3.2727077370742100E-033  -1.2739418619973341E-030   1.8802603874371286E-028   3.1948083660718664E-030   8.5042283660650841E-029   5.5344150986413114E-030  -5.7776529538582840E-017  -2.0121536531566244E-029  -3.2710249868936687E-031   1.8634681482767365E-031  -2.2306305822852870E-029  -5.2600986955239565E-031  -2.3813196975538913E-029  -1.2039071360055606E-017   6.8778861644244228E-015   8.9226112971931631E-017
  -2.3644977415943183E-017   7.1233444416743915E-017   3.1391710577115168E-015   8.2724889634588903E-017   2.9160523863959102E-030  -9.2743483648548105E-031   4.0449504796071548E-031   7.3044070844550640E-031   7.2206757503474974E-031   2.0644247911789140E-030  -3.1852503415978243E-017   9.5959640464141118E-017   4.2288243748414665E-015   1.3442486177426119E-016   1.5235599778878221E-016  -2.1813967395817330E-030   1.4544536819968773E-030   4.9262036356586203E-029  -1.4902139583982788E-030   9.1543113886048710E-032  -6.3422742682624067E-031   3.1948083660718664E-030   4.7145775479584441E-029   1.5438350184961871E-030   1.0977706495300939E-028   4.6623379383939454E-017  -7.7639529901775018E-031  -2.2428072562195212E-031   1.2417635672623423E-031  -7.9891524302400020E-031  -8.0399745981023632E-032  -8.6060781895310811E-031  -2.6078084883625301E-017   7.8563484218022475E-017   3.4621969760066964E-015
   3.3100915850878381E-018   2.8415808358977262E-015   3.9394296036247230E-017   3.9898237703085210E-017  -4.3586176920694112E-030   5.7031114810578204E-031  -5.3177577093467575E-031  -4.9686367442683654E-030   4.3599359292544227E-031  -4.8852985879192630E-030   4.4590739786489272E-018   3.8279361274078239E-015   5.3068646545570246E-017   6.6406595837275431E-017  -3.3167471984594800E-016   4.0104592736322236E-032   3.8048505159190834E-029   1.3554332615648378E-030   4.1909292292956443E-031   1.6610199484693857E-032  -2.7581725104692122E-031   8.5042283660650841E-029   1.5438350184961871E-030   3.8648996878855149E-029   2.8665646455591489E-030   5.1718656261552963E-018  -3.6635365233830213E-030  -1.3969748818043389E-031  -1.8121097090896494E-032  -4.1870478901136336E-030  -1.2357500644606138E-031  -4.6839608261214856E-030   3.6507055096731593E-018   3.1339842258535141E-015   4.3448034561081316E-017
  -3.4587652940381787E-017   1.1946504611980911E-016   7.3107315145027929E-015   7.2654663397742895E-017   1.5312189639078507E-029  -2.0545803671411249E-030   1.0095873429570313E-030   1.1300434911858069E-029   1.4632484652857629E-030   1.3493337726092010E-029  -4.6593545599718850E-017   1.6093315390760631E-016   9.8483959803671788E-015   1.1541727056314523E-016   8.1458962357478971E-016  -4.0506464250901238E-030   2.5699167553028535E-030   1.1473125912047401E-028  -3.3260573141851092E-030   2.2777021034617615E-031  -9.2052381073215084E-031   5.5344150986413114E-030   1.0977706495300939E-028   2.8665646455591489E-030   2.5579077190978609E-028   7.0041420070853185E-017   5.8748051734390510E-030  -4.9477899869300262E-031   2.2691518959729747E-031   6.0855355736366873E-030  -1.0655680964310620E-031   6.2736754369550572E-030  -3.8146779903306097E-017   1.3175819788426186E-016   8.0630179358115385E-015
  -2.8303364011056001E-016   1.0912187671163377E-017   2.8657196315446473E-016  0.12722378925487124       -1.1771474123652096E-015   3.8860792479875576E-017   5.7640077505833403E-018  -2.5029346390782269E-015  -6.5218767492767603E-017  -1.1763000155600780E-015  -7.7870808582034477E-017   8.5603829109507767E-017  -1.6238792724921435E-016  0.20731809362846437        8.3886836648923324E-002   1.1592352755767241E-016  -1.5372103698379536E-018   4.4189362522709790E-017   4.1214072475988931E-017   1.9856652540939352E-018   3.4542523344551051E-017  -5.7776529538582840E-017   4.6623379383939454E-017   5.1718656261552963E-018   7.0041420070853185E-017   6.5274311044043423E-002  -2.5679344089626782E-015  -1.5955913773957090E-017  -2.9362969442776925E-017  -2.4013252401822852E-015   2.6576220374164614E-017  -2.5489857287776107E-015  -1.0253158310858748E-016   8.4872785339103425E-017   1.9046705469126857E-016
  -1.8772908709801837E-017   4.7584951989774766E-017  -5.4704497211488528E-018  -6.9286800697269725E-015   3.8283566264797460E-028   4.6640696101495626E-030   2.9288204598860057E-030   4.4743359584583086E-028  -8.2421475814491059E-030   3.8962344087010494E-028  -2.5289266650059117E-017   6.4102401924156125E-017  -7.3693247984590302E-018  -1.1380348859675704E-014   1.8525589885894914E-014  -6.6995931982101730E-030  -7.8243301620599102E-030   1.9668676383892160E-031  -1.5809471269016624E-029   5.7840388550751239E-031   1.7243744199807330E-030  -2.0121536531566244E-029  -7.7639529901775018E-031  -3.6635365233830213E-030   5.8748051734390510E-030  -2.5679344089626782E-015   3.6584290408692935E-028   1.2941817901787769E-030  -2.3597534348113588E-030   3.7472228739733878E-028   2.9943506518827760E-030   3.9076522868808736E-028  -2.0704672211560633E-017   5.2481522622894010E-017  -6.0333680878500410E-018
   4.7967094995210513E-018  -9.2430234960899148E-018  -1.4137242734110344E-017  -3.5956158737638554E-017   1.1214698710325317E-030   7.2877994478004638E-033   3.9156656396797651E-033   1.4837832417805108E-030  -1.5914782411196259E-032   1.1435258155920859E-030   6.4617192493468566E-018  -1.2451415465709878E-017  -1.9044491545051089E-017  -5.8818976911487404E-017   3.4603773682694791E-017   2.3635024440165938E-031  -1.4689222661164339E-031  -2.3026785072794775E-031   7.3990044917715566E-032   8.9147171639717049E-034   1.1656718665416148E-031  -3.2710249868936687E-031  -2.2428072562195212E-031  -1.3969748818043389E-031  -4.9477899869300262E-031  -1.5955913773957090E-017   1.2941817901787769E-030   7.0615585302710240E-033  -1.9175501266790306E-033   1.2934958424162791E-030   4.6686987378543620E-033   1.3565507875458266E-030   5.2902988778606915E-018  -1.0194145973252831E-017  -1.5591988503739347E-017
   1.1894437471817334E-017  -5.3384749353476076E-018   1.0880608090543857E-017  -3.1715793631910462E-017  -3.9340324351188300E-030  -1.0693408940291367E-031  -4.8331863422194315E-032  -3.5064113269162108E-030   1.7487687501682213E-031  -4.0277731398871365E-030   1.6023174965977472E-017  -7.1915395867397083E-018   1.4657430213419114E-017  -5.0493013920901047E-017  -3.2722911493399222E-016   6.1085353384540263E-031   4.4315635522697675E-032   1.2144953417922824E-031   4.4591772694159591E-031  -8.8671822828126258E-033   2.2204794538479909E-031   1.8634681482767365E-031   1.2417635672623423E-031  -1.8121097090896494E-032   2.2691518959729747E-031  -2.9362969442776925E-017  -2.3597534348113588E-030  -1.9175501266790306E-033   6.1173571939055227E-032  -2.6415858062920325E-030  -6.5229342083230510E-032  -2.7101284954433078E-030   1.3118394853017922E-017  -5.8878128773022521E-018   1.2000240743700308E-017
  -5.3983716067844942E-017   2.5904247916850895E-017  -1.9038775002522653E-017  -6.7160738886871836E-015   3.9944769216118214E-028   5.1306659948051867E-030   3.1476644577102039E-030   4.6139424731038943E-028  -9.0438074656934423E-030   4.0664408395729733E-028  -7.2722272904287441E-017   3.4896000564766732E-017  -2.5647419117247709E-017  -1.1039123305049421E-014   2.0011910791045682E-014  -8.3911441941111542E-030  -8.6163219594543835E-030   2.1133877682349634E-031  -1.7347719212121100E-029   6.1976213364762498E-031   1.1798849240757562E-030  -2.2306305822852870E-029  -7.9891524302400020E-031  -4.1870478901136336E-030   6.0855355736366873E-030  -2.4013252401822852E-015   3.7472228739733878E-028   1.2934958424162791E-030  -2.6415858062920325E-030   3.8493569138545113E-028   3.2969220027892407E-030   4.0120044185014717E-028  -5.9538730157621653E-017   2.8569838073376529E-017  -2.0997896587578238E-017
   1.0770721284606405E-017  -4.5501865746323656E-018  -7.5833990744129701E-018   2.2439053169876065E-017   4.6438663100529363E-030   1.0888834360220110E-031   4.4770584563488214E-032   4.2977309257537783E-030  -1.9408191450585333E-031   4.7506314182093306E-030   1.4509400050397748E-017  -6.1296245228854285E-018  -1.0215710536465281E-017   3.5196780354401960E-017   3.6727615265540089E-016   6.2260451207219955E-031  -1.9267737907161899E-031  -7.2516427235728146E-032   6.7583624759654137E-032   1.1022517146608952E-032   3.2619918003594052E-031  -5.2600986955239565E-031  -8.0399745981023632E-032  -1.2357500644606138E-031  -1.0655680964310620E-031   2.6576220374164614E-017   2.9943506518827760E-030   4.6686987378543620E-033  -6.5229342083230510E-032   3.2969220027892407E-030   7.3435637508615053E-032   3.3937771911435135E-030   1.1879046402829726E-017  -5.0184083343463712E-018  -8.3637434407363415E-018
  -5.0348257141024895E-017   1.8429124033103193E-018  -1.8438150489550740E-017  -7.0782570835127579E-015   4.1511339559246227E-028   5.2747783721900123E-030   3.2589264785581210E-030   4.8054257470790143E-028  -9.3164518609233714E-030   4.2257493350577602E-028  -6.7824891703697454E-017   2.4826149160484331E-018  -2.4838308834983014E-017  -1.1632788634836132E-014   2.0666118396039918E-014  -8.4961080990790466E-030  -9.2631600862999669E-030   1.9152807448546779E-031  -1.7886337957350040E-029   6.4062581221641319E-031   1.3279334196654138E-030  -2.3813196975538913E-029  -8.6060781895310811E-031  -4.6839608261214856E-030   6.2736754369550572E-030  -2.5489857287776107E-015   3.9076522868808736E-028   1.3565507875458266E-030  -2.7101284954433078E-030   4.0120044185014717E-028   3.3937771911435135E-030   4.1819800893794843E-028  -5.5529176466078752E-017   2.0325511520343307E-018  -2.0335466814144522E-017
  0.23084625219339724       -5.0004670317023201E-017  -3.3353334019717114E-017   3.5822690870956128E-016  -1.2497986442727649E-016  -5.4214145788202098E-017  -1.1937557363692410E-016  -1.2163836181918791E-016  -3.1550144873011202E-018  -1.3611865584796426E-016  0.31097644574610928        2.9529954415878968E-017  -1.9048076917854622E-016   1.5370935844891798E-016  -5.6483928131232815E-016   1.2640635704408631E-014  -4.2658064433208094E-019  -2.2434119188473120E-017   5.5421000856902910E-015   9.4017884432953428E-018   5.5173415657610200E-015  -1.2039071360055606E-017  -2.6078084883625301E-017   3.6507055096731593E-018  -3.8146779903306097E-017  -1.0253158310858748E-016  -2.0704672211560633E-017   5.2902988778606915E-018   1.3118394853017922E-017  -5.9538730157621653E-017   1.1879046402829726E-017  -5.5529176466078752E-017  0.25460071514837945        7.3943034160915740E-018  -1.6028122116577445E-016
   5.4494554054846630E-017  0.23084625219338994        2.7738282920061975E-016   9.3363429584894946E-017   7.5047567495825793E-017   5.4944311975465694E-017  -3.9520678537075293E-017   5.0998891107060918E-017   2.1405472107205865E-017   4.1752526430815106E-017  -7.3342490017982708E-017  0.31097644574612410       -3.5862605802734956E-016   2.2015272851430876E-017   2.0773254254669313E-016  -1.2631384039444827E-017   3.0797411191770252E-015   6.2222494058006745E-017   1.0936001918156117E-017   2.0636454666160140E-018  -2.4499329599392789E-017   6.8778861644244228E-015   7.8563484218022475E-017   3.1339842258535141E-015   1.3175819788426186E-016   8.4872785339103425E-017   5.2481522622894010E-017  -1.0194145973252831E-017  -5.8878128773022521E-018   2.8569838073376529E-017  -5.0184083343463712E-018   2.0325511520343307E-018   7.3943034160915740E-018  0.25460071514837784        2.4509375906046703E-017
  -2.0145549273180633E-016   8.1731556691483641E-017  0.23084625219339208       -5.5059481383736128E-018   1.6881971961758316E-016  -7.3820733483991234E-017   2.8457824646234262E-017   7.4428473873819422E-017   5.9382220279649783E-017   1.0469458736640414E-016   4.8167940267196134E-017  -2.0780952066217236E-016  0.31097644574612038       -6.2986350217165706E-016   1.7682948242961459E-015  -7.0658364573072161E-017   3.9802467029227990E-017   3.6180717115372553E-015  -6.5975170536940575E-017   6.4468990496484707E-018  -7.4414561227145799E-018   8.9226112971931631E-017   3.4621969760066964E-015   4.3448034561081316E-017   8.0630179358115385E-015   1.9046705469126857E-016  -6.0333680878500410E-018  -1.5591988503739347E-017   1.2000240743700308E-017  -2.0997896587578238E-017  -8.3637434407363415E-018  -2.0335466814144522E-017  -1.6028122116577445E-016   2.4509375906046703E-017  0.25460071514837768     
