   9.6671032618617023E-002  -3.6210994025000959E-016   5.5588376285166944E-016   8.0893413613052467E-002  -5.6782001060008996E-016   1.4613098256338896E-016  -1.1277758630341014E-002   6.4822044789850645E-015   2.3680984514659985E-014   8.0093071977814901E-015   1.6647322929895202E-018   7.1240017852445260E-018  -2.1002714932646019E-018   1.0502657447397768E-018   1.1160594627921165E-018  -1.3844338229740565E-017   2.0575390739950392E-014   1.3258409819625360E-014  -1.3960503220518312E-015  -1.6342913840754078E-017  -2.1292565852397680E-017  -3.5000407585479215E-016   4.5927729136299707E-018  -4.5121060810402269E-016  -2.9784253819131430E-017  -1.8192752680376556E-017  -1.5850475797611738E-017  -5.2695128800269576E-017   1.7626093327136681E-016   1.3023289622706236E-016   1.5307412336575273E-017   1.7489275852869763E-016   4.7519640660250405E-018  -3.5442177511261697E-016   1.3793402877806192E-002  -1.1579126394793947E-016   2.0055557613982091E-017   1.9689206189713435E-015   1.4801171895410409E-015   1.3229622805789152E-016   1.9979251553856688E-015   3.5352002594347303E-017  -3.9677089214836653E-015   1.7497628716379459E-014  -1.0638891125987712E-014
  -3.6210994025000959E-016   9.6671032618613886E-002   5.9859413532371911E-016   4.0637458424867235E-016   8.0893413613049608E-002  -1.8052710345835608E-016  -1.1172990875739390E-014  -1.1277758630233297E-002  -2.1571838987038220E-014  -1.0258326955486254E-015   6.2918846171174645E-017  -1.0760493508176510E-018   3.4048070802914333E-018   6.6008044374043278E-017   9.4948346626913199E-019   6.6685793661536458E-017  -1.8566297537583089E-015  -1.1598852264770463E-015   9.4294077354375395E-017   2.6171669177869023E-016  -3.3705973198281241E-017   3.7172559946759750E-017   6.2125349660708639E-020   4.2359228868767419E-017   7.3185826914551557E-016  -3.2967321579605251E-017   2.4169712070456943E-016  -7.7702595541994489E-017  -3.6950357433484011E-017   2.9344162998835061E-017   7.2428470534675369E-017   5.0289363537817929E-017  -2.1337775871537832E-017  -9.2272274439094853E-017   1.3597715019045911E-016   1.3793402877805018E-002  -6.8492384079924551E-017  -1.6233097796969085E-016   3.2799809882261470E-016   8.1078629252622803E-016   8.2643078842984559E-016  -2.4305427412123182E-016  -7.7396983338741770E-016  -1.7756792283269471E-015   3.9883871897316822E-015
   5.5588376285166944E-016   5.9859413532371911E-016   9.6671032618605018E-002   2.6487755758871560E-017   3.3906885236621335E-016   8.0893413613051898E-002  -1.7054514640585354E-015   1.8222440677975094E-014  -1.1277758630379924E-002   2.5387116291093893E-015   2.2188788144520822E-016  -8.4383946921602180E-018  -2.1556782212911533E-018   2.0827703561512666E-016   3.8120510400526198E-018   1.9533069108118343E-016   7.1914599892946238E-015   5.3219249803753489E-015  -5.1369533903842484E-017  -1.2982153872577545E-017  -2.8302137963703856E-017  -3.1525881856421013E-017   7.1343831282704291E-019  -2.7141396161443094E-017  -3.0710623598218098E-017  -7.0075373216785625E-018  -2.2681087327137527E-017  -3.3182574566373478E-016   4.1668237244697993E-016  -2.7163718406609413E-016  -1.5716233085832745E-016   1.4987563301697618E-016   2.1802101725015454E-016  -3.2080489827222197E-016   4.7923788653440014E-018   5.6734674489753484E-017   1.3793402877807271E-002   3.7953568254990397E-015  -3.0462127015311500E-015  -1.7679999160375936E-015   6.6091587393376165E-016   2.4280868127974161E-015  -4.6212599671544538E-015   6.2631500442335956E-015   2.5228268784443653E-016
   8.0893413613052467E-002   4.0637458424867235E-016   2.6487755758871560E-017   6.7692252535907355E-002   1.2308187201801965E-016  -2.7373922115026282E-016  -7.7626226995030165E-003  -6.0997953116902807E-015  -1.8332960103153102E-014  -6.8339033565611315E-015  -5.9544851603924393E-018  -9.0334230929230233E-019  -1.0502671583245374E-018  -6.4178664699203351E-018   2.0388260931707494E-018   2.9674833682461597E-018  -1.7027092535021433E-014  -1.1197186096740869E-014  -1.1674111976916750E-015  -1.3709149471939361E-017  -2.0256056025772447E-017  -2.9368867783510825E-016   2.4945562292194751E-018  -3.7847656013608922E-016  -2.5114597954300432E-017  -1.5364148289390755E-017  -1.2298331001622593E-017  -4.3238238315712748E-017  -1.4203571552015757E-016  -8.7465900908349795E-017  -3.3504874810556927E-017  -1.2426544705921894E-016  -1.6346949027407721E-017   2.6353652150421962E-016   1.1542851938545488E-002   4.7060743232658446E-018  -6.2439252383474357E-017  -1.5971369713813691E-015  -9.7725020763222829E-016  -3.9081099832614277E-016  -1.3712969019424871E-015  -1.8102104143538494E-016   2.9677025896172258E-015  -1.4646650890028571E-014   7.2873726826540194E-015
  -5.6782001060008996E-016   8.0893413613049608E-002   3.3906885236621335E-016   1.2308187201801965E-016   6.7692252535904496E-002  -2.8256838716055455E-016   7.6399367213539108E-015  -7.7626226995770892E-003   1.5062981147295008E-014   3.1678817953235167E-016   5.1987252537234552E-017  -1.7409618190449699E-018  -8.9882245826262866E-019   5.2908752991019983E-017   1.6070286048456634E-018   5.9857684819706985E-017   1.4526320364496587E-015   8.6421766264619919E-016   7.9017008175555602E-017   2.1719182893734885E-016  -2.8685663166675258E-017   3.1162653714910999E-017   3.6525983865653121E-020   3.5593759762118141E-017   6.1125851113553704E-016  -2.8194453436376275E-017   2.0041994681067684E-016  -6.4739518647609977E-017  -5.2099487820188841E-017  -6.6016446906373761E-018  -7.8870908473252677E-017  -1.0626839730843896E-016   2.9101830957455196E-017   9.5558893057558527E-017   7.9107675422781181E-017   1.1542851938544332E-002  -7.6019014605102067E-017  -3.8812302547495726E-016  -7.4910387900321060E-017  -8.8793871437119120E-016  -9.8080671117467942E-016   3.2194473817980655E-016   1.2780066246448237E-015   1.0688690337076971E-015  -3.9711995415058933E-015
   1.4613098256338896E-016  -1.8052710345835608E-016   8.0893413613051898E-002  -2.7373922115026282E-016  -2.8256838716055455E-016   6.7692252535914904E-002   2.2631246024580329E-015  -1.3098831311018383E-014  -7.7626226994811582E-003  -3.0925404940793057E-015   1.7135869474516660E-016   3.6647569609346174E-018   5.4824740919010647E-018   1.7242934842890178E-016  -2.6010182719226027E-018   1.8208256558398446E-016  -7.1058097920211100E-015  -4.2156179678228891E-015  -4.2214879239572904E-017  -1.0448556364218830E-017  -2.5318071858372371E-017  -2.7177986736015759E-017  -5.0651819860640643E-019  -2.2844969357665297E-017  -2.5924993453860256E-017  -6.3865058448004955E-018  -1.8973570998906176E-017  -2.7425237436603685E-016  -2.0125319114183527E-016   2.6633749803836741E-016   1.0015333209227659E-016  -4.0181792555623634E-017  -1.1493843977940884E-016   4.4722666796039094E-016  -5.5009331354487403E-017  -4.9365563403186873E-017   1.1542851938547788E-002  -3.0204162967620007E-015   2.9719033366719613E-015   1.1262762236833364E-015  -1.2991670233398605E-015  -1.2871641603084512E-015   4.1804077308414906E-015  -6.0163913701039873E-015   1.3196011470984203E-015
  -1.1277758630341014E-002  -1.1172990875739390E-014  -1.7054514640585354E-015  -7.7626226995030165E-003   7.6399367213539108E-015   2.2631246024580329E-015   2.0004811478359446       -1.6629288751348899E-016   8.7657804937759215E-015  -3.6072374814010283E-015  -7.3694012935215851E-016  -2.7088120045475654E-015   2.0895200352106823E-015  -1.1754846370408943E-015   1.8401346253412495E-015   1.8039561780826556E-015   1.9250531929162284E-014  -9.7119017550701167E-015   1.1067779334319735E-015  -3.8151245281587215E-017  -2.9089750056355634E-015  -9.2448524491189570E-016  -1.6106526872293278E-015  -1.0311181822183143E-015  -2.2505179245506969E-016  -1.6576625277913896E-016   1.1541880902106236E-015   1.0287738724526893E-015  -8.0490326275520987E-017   1.4791808717424247E-015  -1.7502318114460768E-015   1.0286183937836856E-015  -1.8508532950777465E-015  -9.8349133856773772E-016  -8.1909851822552498E-004   4.2663311569528739E-015  -2.0632091123356164E-015   1.7516331360003716E-016   2.5593347615501835E-016   1.4720740574977207E-015   1.0447764656493947E-016  -1.8620015327016440E-016  -2.9029753848450630E-016  -1.1965062028460351E-015  -4.1052971997975700E-015
   6.4822044789850645E-015  -1.1277758630233297E-002   1.8222440677975094E-014  -6.0997953116902807E-015  -7.7626226995770892E-003  -1.3098831311018383E-014  -1.6629288751348899E-016   2.0004811478360254       -5.0265379133056360E-016   1.3820374245714532E-014  -1.7272540878437832E-016  -1.3779524858973251E-016  -5.9642655510007898E-016   1.3573883551857936E-015  -3.3127092843703762E-016   6.6192758115746149E-017  -3.7210340500637922E-014   2.3983261322160894E-014   1.2344140710630083E-016  -2.1917615792763188E-015  -5.7011408333418103E-016   6.3719938437841640E-017  -1.8464668384995473E-017   1.7169912517912378E-016  -1.4626795758576823E-015  -7.2168914715223891E-016  -2.2129370403665057E-015   3.4488729788925559E-016   1.6315455624265802E-015   2.8301105202163803E-017   2.8996607100037367E-016   1.0417588501800956E-015   9.8414837289627262E-017   1.2060433695741565E-015  -3.3886653833780144E-015  -8.1909851829910197E-004  -7.7626825619939008E-015   5.1735055074063608E-016   1.8360682357108220E-016  -1.5078584914768319E-016   4.7643891750353361E-016  -1.5836835453269110E-016   2.3093540082172347E-016   7.4733958484538842E-015   4.5952034179709105E-015
   2.3680984514659985E-014  -2.1571838987038220E-014  -1.1277758630379924E-002  -1.8332960103153102E-014   1.5062981147295008E-014  -7.7626226994811582E-003   8.7657804937759215E-015  -5.0265379133056360E-016   2.0004811478359059       -2.3318986951482239E-015  -1.7728785313206721E-015  -8.6717503120987777E-016   2.2465921032051443E-015   2.3453314923489768E-015   1.3086343171710550E-015   2.2936287856319202E-015  -7.2572268641875943E-016   6.9599816852064990E-015   9.2608059765474487E-016   4.9672525557089001E-016  -1.9488343442883376E-015  -9.4835761761675114E-016  -1.3175585958227643E-015  -1.5598316964661015E-016  -2.6699001587731432E-016  -6.2318517164878837E-016   9.5110934370848063E-018   4.1173885755620018E-015   3.3307467830491065E-015   1.2697744606204006E-015  -9.3407977054639092E-016  -5.5206751964420112E-016  -1.3935677563641855E-015  -2.6309060893877302E-015  -1.4448551150200473E-014   1.0799679123539500E-014  -8.1909851820430811E-004  -3.4443482497176798E-016  -9.9192747713671988E-016  -1.0023368473785965E-017  -1.1579649928407649E-015   1.8288910278728116E-015   1.8951825331793947E-016   2.8658395416230739E-015   1.5678788832763872E-015
   8.0093071977814901E-015  -1.0258326955486254E-015   2.5387116291093893E-015  -6.8339033565611315E-015   3.1678817953235167E-016  -3.0925404940793057E-015  -3.6072374814010283E-015   1.3820374245714532E-014  -2.3318986951482239E-015  0.10317174740513611        1.9841781828254191E-014   9.0469618785420188E-017  -6.6244845483466935E-017   1.9695708469387145E-014  -4.3571565851637255E-017   2.2285928199142328E-014  0.25920287697441141       0.17208854884454661        8.8890734259287511E-018  -2.7033875394202019E-017  -2.2108993562228221E-017   9.9176706557989693E-017   2.4637108691732633E-017  -6.4450204433446019E-017  -1.6865850232705656E-016  -3.1735321608819074E-017  -2.0633150658830976E-017  -9.1219006807856055E-017   1.1660100841154525E-014   3.5736657740076850E-016   1.8517318350349204E-016   9.2089776331816500E-015  -6.5573246102957595E-016   1.2994806988208453E-014  -3.5293647769524751E-015   6.3219401929761786E-016  -1.8456845468454849E-015   8.6868746855071893E-015   5.1407712413798912E-015   2.6734854281490831E-015  -3.7268528704314329E-014  -7.9128498645355613E-015   5.9559260305097553E-015  0.22262327125569673        5.3194357743219954E-003
   1.6647322929895202E-018   6.2918846171174645E-017   2.2188788144520822E-016  -5.9544851603924393E-018   5.1987252537234552E-017   1.7135869474516660E-016  -7.3694012935215851E-016  -1.7272540878437832E-016  -1.7728785313206721E-015   1.9841781828254191E-014   8.0845464596537361E-006   9.7029539549720776E-019  -1.7319285877939602E-018  -4.0422732298468724E-006   2.7369090105162480E-018  -4.0422732298285079E-006   4.9550070085269958E-014   3.3287501914589706E-014  -4.1826658619536777E-019   4.8371462139780858E-019   1.3865950222875892E-019   2.0434169667403624E-019   5.2699950980608698E-019   3.5896709046048229E-019  -5.9048317185718863E-020   1.3495731819733114E-018   7.8823672531115530E-019   7.1645673696641020E-019   3.4772075471223941E-004   1.3103133991336551E-016  -6.3365740690731265E-017  -1.7386037735653864E-004   2.1212332703900943E-016  -1.7386037735574969E-004  -2.6474135330580897E-018   8.3233991863749821E-018   2.5313305773755502E-017   3.8979383920585680E-003   1.4753220313951318E-015  -7.0670526358062788E-016  -1.9489691960336900E-003   2.3674245429818466E-015  -1.9489691960248704E-003   4.2635024306254239E-014   1.6818738009373480E-014
   7.1240017852445260E-018  -1.0760493508176510E-018  -8.4383946921602180E-018  -9.0334230929230233E-019  -1.7409618190449699E-018   3.6647569609346174E-018  -2.7088120045475654E-015  -1.3779524858973251E-016  -8.6717503120987777E-016   9.0469618785420188E-017   9.7029539549720776E-019   8.0845464596773989E-006   8.2923905845438609E-018   1.9541080337112033E-018   3.6528580015962652E-018   3.8995946223772734E-018   1.7024329794245283E-016   1.4987048886262645E-016   1.7744194726075185E-018  -1.2769277627509931E-018  -1.3875544455170363E-018  -8.8430298453270376E-019  -1.1972519539314157E-018  -1.4967539605732598E-018   1.3663907643163960E-018  -1.5814553862047084E-018   1.8039455662505528E-018  -1.5015248508722502E-018  -8.8472012314274502E-017   3.4772075471269434E-004   8.8626992770453143E-017   8.9561344247346910E-017   4.2980158062190587E-017   3.6190409113819226E-018  -2.1516135891144831E-018  -2.6616263275625811E-018   3.6094215703660805E-018  -1.0044563498421227E-015   3.8979383920643199E-003   1.0108461414030762E-015   9.8617684282732675E-016   5.2097067270907273E-016   2.2734642236982614E-017   1.7897362059517262E-016   2.0169866162316473E-016
  -2.1002714932646019E-018   3.4048070802914333E-018  -2.1556782212911533E-018  -1.0502671583245374E-018  -8.9882245826262866E-019   5.4824740919010647E-018   2.0895200352106823E-015  -5.9642655510007898E-016   2.2465921032051443E-015  -6.6244845483466935E-017  -1.7319285877939602E-018   8.2923905845438609E-018   8.0845464596576748E-006   7.0956970654713951E-018  -3.6246029529751779E-018  -3.7875242380248220E-018  -2.0355260948985297E-016  -1.0037340049759359E-016  -3.0445732472780133E-019  -8.9572988098048205E-019   2.5130966836356483E-019   1.5419059444548853E-019   1.9799583028014339E-018   2.5425177485297088E-019   1.7253198922808485E-018  -6.1844029899955261E-019  -4.1724685019556621E-019  -7.4610975320524834E-019  -9.8889144445748312E-018   2.6624779941221223E-016   3.4772075471226733E-004   1.6607314339931302E-016  -1.2703535093572222E-016  -1.5487853759273085E-016  -6.2392111479615307E-020  -5.6561293419489423E-019   4.8417335819405153E-018  -1.2673688121644736E-016   2.9852861510977098E-015   3.8979383920595659E-003   1.8308956762174027E-015  -1.4176417694067598E-015  -1.6971286332969687E-015  -1.4779799277058249E-016   6.1344771808150779E-016
   1.0502657447397768E-018   6.6008044374043278E-017   2.0827703561512666E-016  -6.4178664699203351E-018   5.2908752991019983E-017   1.7242934842890178E-016  -1.1754846370408943E-015   1.3573883551857936E-015   2.3453314923489768E-015   1.9695708469387145E-014  -4.0422732298468724E-006   1.9541080337112033E-018   7.0956970654713951E-018   8.0845464596381541E-006  -1.3183790330775218E-018  -4.0422732297947393E-006   4.9412960040486820E-014   3.3262259758879539E-014   7.4349203722369641E-019  -1.1432533742039574E-018   2.4632899752261966E-020  -7.7053436297675364E-019  -1.6222492549874563E-018  -2.2803750703246371E-019  -8.9749931644596457E-019  -1.2563932145546687E-018   1.6429236269907507E-018  -7.1247675129073952E-019  -1.7386037735658255E-004  -4.6942884401630976E-018   1.4342251045249440E-016   3.4772075471193171E-004  -8.3067057854711921E-017  -1.7386037735533325E-004  -3.2098231257651856E-018   9.4208945459291283E-018   3.2620187779883995E-017  -1.9489691960345344E-003  -4.2921429221076404E-017   1.5908381414277998E-015   3.8979383920548054E-003  -9.3842501631863825E-016  -1.9489691960203231E-003   4.2452858641812671E-014   2.1347083765385803E-014
   1.1160594627921165E-018   9.4948346626913199E-019   3.8120510400526198E-018   2.0388260931707494E-018   1.6070286048456634E-018  -2.6010182719226027E-018   1.8401346253412495E-015  -3.3127092843703762E-016   1.3086343171710550E-015  -4.3571565851637255E-017   2.7369090105162480E-018   3.6528580015962652E-018  -3.6246029529751779E-018  -1.3183790330775218E-018   8.0845464596586710E-006   2.9824951603715955E-018  -6.0618269627908674E-017  -4.0570360527574201E-017  -1.9813354203865740E-018   6.9938764805968634E-019  -3.8126304145160011E-019   1.3030657101405011E-018  -2.0482532504447233E-019   1.3551747015861870E-018  -7.1645085209109731E-019   1.1738275659971313E-018   3.3637292908887967E-019  -8.4935193136265065E-019  -9.6993849496389370E-017   1.0850414345878917E-016  -2.6303737414291214E-017   2.6546976232362913E-017   3.4772075471228695E-004   6.9070563011564443E-017   1.7486764380725142E-019   4.3849516479125820E-019  -1.9521603257571770E-018  -1.0467940608658715E-015   1.2441592135731394E-015  -3.3522816158330301E-016   3.0291629648272006E-016   3.8979383920598036E-003   7.4081038345718117E-016  -6.7309287819112721E-017   7.2386996819653861E-016
  -1.3844338229740565E-017   6.6685793661536458E-017   1.9533069108118343E-016   2.9674833682461597E-018   5.9857684819706985E-017   1.8208256558398446E-016   1.8039561780826556E-015   6.6192758115746149E-017   2.2936287856319202E-015   2.2285928199142328E-014  -4.0422732298285079E-006   3.8995946223772734E-018  -3.7875242380248220E-018  -4.0422732297947393E-006   2.9824951603715955E-018   8.0845464596483490E-006   5.5500881714288996E-014   3.7520994910413622E-014  -3.2522545104447136E-019   6.5953875280002489E-019  -1.6329240200376263E-019   5.6619266640869506E-019   1.0952497451953078E-018  -1.3092958347892139E-019   9.5654763354713971E-019  -9.3179967434122286E-020  -2.4311603522937930E-018  -3.9799857334878499E-021  -1.7386037735658778E-004   1.6716682754313722E-016  -1.2261639018314164E-017  -1.7386037735554177E-004   6.0234225970317253E-017   3.4772075471216260E-004   4.2258795143609670E-018   1.0669840879685955E-017   3.2476171589305856E-017  -1.9489691960344697E-003   1.8577683523343011E-015  -1.2415165725226255E-016  -1.9489691960227825E-003   6.9294075319457717E-016   3.8979383920572964E-003   4.8031252741927796E-014   2.0531906841218565E-014
   2.0575390739950392E-014  -1.8566297537583089E-015   7.1914599892946238E-015  -1.7027092535021433E-014   1.4526320364496587E-015  -7.1058097920211100E-015   1.9250531929162284E-014  -3.7210340500637922E-014  -7.2572268641875943E-016  0.25920287697441141        4.9550070085269958E-014   1.7024329794245283E-016  -2.0355260948985297E-016   4.9412960040486820E-014  -6.0618269627908674E-017   5.5500881714288996E-014  0.65167559993688362       0.43182597108449905        3.4958521604971809E-017  -7.3559280684096837E-017  -5.3223941534897095E-017   2.2351584370028568E-016   6.1908898381868487E-017  -1.5598425537083096E-016  -4.3086629227009267E-016  -8.4145666624860367E-017  -6.6522115927308566E-017  -2.2695789277197807E-016   2.6895332859135969E-014  -1.4329242499444993E-015  -7.2072527806755479E-016   3.3618823648002309E-014   9.4832555574051791E-016   2.4450935223279343E-014  -8.8988844788578138E-015   1.7145336760498891E-015  -4.5076824233746399E-015  -4.2581246831251464E-015  -1.3141375631488184E-014  -6.6161421033621968E-015   2.5026639419678149E-014   9.0776973498426306E-015  -7.6612587593961177E-014  0.55946085679896118       -1.6981943535342860E-002
   1.3258409819625360E-014  -1.1598852264770463E-015   5.3219249803753489E-015  -1.1197186096740869E-014   8.6421766264619919E-016  -4.2156179678228891E-015  -9.7119017550701167E-015   2.3983261322160894E-014   6.9599816852064990E-015  0.17208854884454661        3.3287501914589706E-014   1.4987048886262645E-016  -1.0037340049759359E-016   3.3262259758879539E-014  -4.0570360527574201E-017   3.7520994910413622E-014  0.43182597108449905       0.28761622512549745        8.3627416461584388E-019  -3.8841528236517361E-017  -3.9449698116305222E-017   1.9384684903582929E-016   4.1080922272014460E-017  -1.1408008999022072E-016  -2.7340967064628401E-016  -4.8041120875268219E-017  -1.8144296987132181E-017  -1.5460661801357880E-016   1.6091168637820739E-014   4.1555977583925352E-016   2.8909562877017473E-016   1.8078446158366934E-014  -2.6106012197772623E-016   2.2439507920950190E-014  -5.7833469912333163E-015   1.0761079409651924E-015  -2.9314787628012458E-015  -2.4045554805546993E-014   6.4725210992479271E-015   4.2803245290315258E-015  -3.2965172484820876E-014  -3.7080635448291074E-015   1.8163893369325789E-014  0.37116003128122399        4.2498222424489245E-002
  -1.3960503220518312E-015   9.4294077354375395E-017  -5.1369533903842484E-017  -1.1674111976916750E-015   7.9017008175555602E-017  -4.2214879239572904E-017   1.1067779334319735E-015   1.2344140710630083E-016   9.2608059765474487E-016   8.8890734259287511E-018  -4.1826658619536777E-019   1.7744194726075185E-018  -3.0445732472780133E-019   7.4349203722369641E-019  -1.9813354203865740E-018  -3.2522545104447136E-019   3.4958521604971809E-017   8.3627416461584388E-019   2.2454121403365649E-029  -1.1476417971749352E-031  -2.1809095625307221E-030   2.9473095923375332E-030  -1.8661622653597777E-030   5.4599600556941607E-030   9.6038884895432415E-031  -1.0351551529438548E-030   9.4780192176337593E-031   3.1342999831557871E-030  -1.7989874106854933E-017   7.6318749761666290E-017  -1.3094875669497937E-017   3.1977998221472081E-017  -8.5218317583239224E-017  -1.3988124114614006E-017  -1.9882091889311838E-016   1.3507380057456504E-017  -6.9659946535418514E-018  -2.0166590575661750E-016   8.5553071163710340E-016  -1.4679313190151896E-016   3.5847232378120296E-016  -9.5529457851687992E-016  -1.5680641802456418E-016   2.3346551140232826E-017  -8.1664745171151758E-016
  -1.6342913840754078E-017   2.6171669177869023E-016  -1.2982153872577545E-017  -1.3709149471939361E-017   2.1719182893734885E-016  -1.0448556364218830E-017  -3.8151245281587215E-017  -2.1917615792763188E-015   4.9672525557089001E-016  -2.7033875394202019E-017   4.8371462139780858E-019  -1.2769277627509931E-018  -8.9572988098048205E-019  -1.1432533742039574E-018   6.9938764805968634E-019   6.5953875280002489E-019  -7.3559280684096837E-017  -3.8841528236517361E-017  -1.1476417971749352E-031   3.7722704377477749E-030   2.4203449342847386E-031   5.0345954970537553E-031  -9.5900390178885380E-032   2.8557505114977126E-031   3.2124100503769064E-030   1.1964060114509737E-030   2.7173182541573914E-030   8.0902264985657809E-031   2.0804829814196580E-017  -5.4921359855100484E-017  -3.8525830952535614E-017  -4.9171951461844713E-017   3.0081044376841118E-017   2.8367121647633567E-017  -2.3477017568132073E-018   3.6488663248314536E-017  -1.6566408677370711E-018   2.3322146801427100E-016  -6.1566666418995336E-016  -4.3187331650694408E-016  -5.5121598241713563E-016   3.3720753265580354E-016   3.1799451440286246E-016  -6.0194624039041684E-017   3.6365984401851785E-016
  -2.1292565852397680E-017  -3.3705973198281241E-017  -2.8302137963703856E-017  -2.0256056025772447E-017  -2.8685663166675258E-017  -2.5318071858372371E-017  -2.9089750056355634E-015  -5.7011408333418103E-016  -1.9488343442883376E-015  -2.2108993562228221E-017   1.3865950222875892E-019  -1.3875544455170363E-018   2.5130966836356483E-019   2.4632899752261966E-020  -3.8126304145160011E-019  -1.6329240200376263E-019  -5.3223941534897095E-017  -3.9449698116305222E-017  -2.1809095625307221E-030   2.4203449342847386E-031   6.6198439838262984E-030   2.3293086130976515E-030   3.8948675566152940E-030   2.0250488939777478E-030   5.9120809320586367E-031   1.2756300349907363E-030  -1.4933406416793716E-030  -5.1207157071140824E-030   5.9638208531360531E-018  -5.9679473846586600E-017   1.0808965968348584E-017   1.0594744600414572E-018  -1.6398331455871767E-017  -7.0232953131882760E-018  -4.1886955094286194E-018  -5.0361598540294159E-018  -4.8097310068651200E-018   6.6854238499685491E-017  -6.6900496784267074E-016   1.2116815822898132E-016   1.1876674363708805E-017  -1.8382476421481391E-016  -7.8730912863384482E-017  -4.6940709282283347E-017  -1.5137356196199290E-016
  -3.5000407585479215E-016   3.7172559946759750E-017  -3.1525881856421013E-017  -2.9368867783510825E-016   3.1162653714910999E-017  -2.7177986736015759E-017  -9.2448524491189570E-016   6.3719938437841640E-017  -9.4835761761675114E-016   9.9176706557989693E-017   2.0434169667403624E-019  -8.8430298453270376E-019   1.5419059444548853E-019  -7.7053436297675364E-019   1.3030657101405011E-018   5.6619266640869506E-019   2.2351584370028568E-016   1.9384684903582929E-016   2.9473095923375332E-030   5.0345954970537553E-031   2.3293086130976515E-030   4.1005449888899128E-030   1.7092248439536708E-030   2.2786006773073642E-030   6.8857988951906497E-031   1.0686429269924435E-030  -4.8594041144705872E-032  -2.2941784081286639E-030   8.7888478752863867E-018  -3.8034353901081239E-017   6.6318216041911644E-018  -3.3141103409540507E-017   5.6045567235113281E-017   2.4352255534291792E-017  -5.0321443832347405E-017   5.3308224244549442E-018  -4.8744745791274641E-018   9.8522699869747482E-017  -4.2636387468696612E-016   7.4342505271653752E-017  -3.7151069524795872E-016   6.2826899248873806E-016   2.7298799537814017E-016   2.0553998189689541E-016   1.6650745111400754E-015
   4.5927729136299707E-018   6.2125349660708639E-020   7.1343831282704291E-019   2.4945562292194751E-018   3.6525983865653121E-020  -5.0651819860640643E-019  -1.6106526872293278E-015  -1.8464668384995473E-017  -1.3175585958227643E-015   2.4637108691732633E-017   5.2699950980608698E-019  -1.1972519539314157E-018   1.9799583028014339E-018  -1.6222492549874563E-018  -2.0482532504447233E-019   1.0952497451953078E-018   6.1908898381868487E-017   4.1080922272014460E-017  -1.8661622653597777E-030  -9.5900390178885380E-032   3.8948675566152940E-030   1.7092248439536708E-030   3.1775217325926845E-030   1.2231249608460173E-030   7.7568193058571989E-031   8.1581816220200523E-031  -1.7014656442446078E-030  -3.3541056681588930E-030   2.2666536483477709E-017  -5.1494459841339695E-017   8.5159087004590006E-017  -6.9773825667678940E-017  -8.8096489967624675E-018   4.7107289184207572E-017   1.9007799122315726E-020   1.5700436423195637E-021  -4.1886099654540025E-019   2.5409113944625893E-016  -5.7725122608805094E-016   9.5463060564964883E-016  -7.8216232463867276E-016  -9.8755879767589489E-017   5.2807118519242172E-016   5.3165744605841272E-017   4.9260542436329639E-019
  -4.5121060810402269E-016   4.2359228868767419E-017  -2.7141396161443094E-017  -3.7847656013608922E-016   3.5593759762118141E-017  -2.2844969357665297E-017  -1.0311181822183143E-015   1.7169912517912378E-016  -1.5598316964661015E-016  -6.4450204433446019E-017   3.5896709046048229E-019  -1.4967539605732598E-018   2.5425177485297088E-019  -2.2803750703246371E-019   1.3551747015861870E-018  -1.3092958347892139E-019  -1.5598425537083096E-016  -1.1408008999022072E-016   5.4599600556941607E-030   2.8557505114977126E-031   2.0250488939777478E-030   2.2786006773073642E-030   1.2231249608460173E-030   3.3920026038244721E-030   1.9303577268125978E-031   6.4761987625353582E-031  -1.0770718426406100E-030  -3.1248950925005643E-031   1.5439370438371340E-017  -6.4376204575744433E-017   1.0935507573748095E-017  -9.8080176096629168E-018   5.8286803391454697E-017  -5.6313528287339108E-018  -6.4808796220460839E-017   6.1137884858967024E-018  -3.9355358692895195E-018   1.7307484228480857E-016  -7.2165516711394277E-016   1.2258668552481162E-016  -1.0994755956482025E-016   6.5339317717165062E-016  -6.3127282719961709E-017  -1.3711145169792332E-016  -3.8752628226093239E-016
  -2.9784253819131430E-017   7.3185826914551557E-016  -3.0710623598218098E-017  -2.5114597954300432E-017   6.1125851113553704E-016  -2.5924993453860256E-017  -2.2505179245506969E-016  -1.4626795758576823E-015  -2.6699001587731432E-016  -1.6865850232705656E-016  -5.9048317185718863E-020   1.3663907643163960E-018   1.7253198922808485E-018  -8.9749931644596457E-019  -7.1645085209109731E-019   9.5654763354713971E-019  -4.3086629227009267E-016  -2.7340967064628401E-016   9.6038884895432415E-031   3.2124100503769064E-030   5.9120809320586367E-031   6.8857988951906497E-031   7.7568193058571989E-031   1.9303577268125978E-031   7.7603256987483973E-030   5.6611994798667681E-032   3.3404857160546167E-030  -1.5402985182177874E-030  -2.5397003418373954E-018   5.8769212369557151E-017   7.4206950019688843E-017  -3.8601935336402496E-017  -3.0814942093122154E-017   4.1141635678185751E-017  -4.3400464759839899E-018   1.0388011473981429E-016  -4.4888409627269242E-018  -2.8469958530064863E-017   6.5880096618320715E-016   8.3185750496471073E-016  -4.3272644418353743E-016  -3.4543450227255873E-016   4.6119640271363244E-016  -3.6628525357460279E-016   4.5325571506315805E-016
  -1.8192752680376556E-017  -3.2967321579605251E-017  -7.0075373216785625E-018  -1.5364148289390755E-017  -2.8194453436376275E-017  -6.3865058448004955E-018  -1.6576625277913896E-016  -7.2168914715223891E-016  -6.2318517164878837E-016  -3.1735321608819074E-017   1.3495731819733114E-018  -1.5814553862047084E-018  -6.1844029899955261E-019  -1.2563932145546687E-018   1.1738275659971313E-018  -9.3179967434122286E-020  -8.4145666624860367E-017  -4.8041120875268219E-017  -1.0351551529438548E-030   1.1964060114509737E-030   1.2756300349907363E-030   1.0686429269924435E-030   8.1581816220200523E-031   6.4761987625353582E-031   5.6611994798667681E-032   1.3468700711246841E-030   4.2486367163098304E-031  -1.0321218351422434E-030   5.8045878976360830E-017  -6.8019259110985639E-017  -2.6599454723252914E-017  -5.4038157732006554E-017   5.0486964134316307E-017  -4.0077212443736552E-018  -2.6621618881661212E-018  -4.9906335033314999E-018  -1.2464645223632524E-018   6.5069242228583086E-016  -7.6249369039690296E-016  -2.9817902546374404E-016  -6.0576599701097291E-016   5.6595723186131438E-016  -4.4926425274856297E-017  -6.9935117276364170E-017   2.8412394194522874E-016
  -1.5850475797611738E-017   2.4169712070456943E-016  -2.2681087327137527E-017  -1.2298331001622593E-017   2.0041994681067684E-016  -1.8973570998906176E-017   1.1541880902106236E-015  -2.2129370403665057E-015   9.5110934370848063E-018  -2.0633150658830976E-017   7.8823672531115530E-019   1.8039455662505528E-018  -4.1724685019556621E-019   1.6429236269907507E-018   3.3637292908887967E-019  -2.4311603522937930E-018  -6.6522115927308566E-017  -1.8144296987132181E-017   9.4780192176337593E-031   2.7173182541573914E-030  -1.4933406416793716E-030  -4.8594041144705872E-032  -1.7014656442446078E-030  -1.0770718426406100E-030   3.3404857160546167E-030   4.2486367163098304E-031   5.3272463646088697E-030  -3.0348944306362842E-031   3.3902491671539875E-017   7.7588683160680028E-017  -1.7946014705577753E-017   7.0663041688666561E-017   1.4467583228136317E-017  -1.0456553336022092E-016  -1.8062117751897902E-018   3.3622900792503144E-017  -3.2335136462901882E-018   3.8004583299119696E-016   8.6976662388650335E-016  -2.0117424328960874E-016   7.9213040741793356E-016   1.6218113914983876E-016  -1.1721762404091738E-015  -4.9366984662249384E-017   9.4925480577092410E-016
  -5.2695128800269576E-017  -7.7702595541994489E-017  -3.3182574566373478E-016  -4.3238238315712748E-017  -6.4739518647609977E-017  -2.7425237436603685E-016   1.0287738724526893E-015   3.4488729788925559E-016   4.1173885755620018E-015  -9.1219006807856055E-017   7.1645673696641020E-019  -1.5015248508722502E-018  -7.4610975320524834E-019  -7.1247675129073952E-019  -8.4935193136265065E-019  -3.9799857334878499E-021  -2.2695789277197807E-016  -1.5460661801357880E-016   3.1342999831557871E-030   8.0902264985657809E-031  -5.1207157071140824E-030  -2.2941784081286639E-030  -3.3541056681588930E-030  -3.1248950925005643E-031  -1.5402985182177874E-030  -1.0321218351422434E-030  -3.0348944306362842E-031   1.0743242401216350E-029   3.0815195205837917E-017  -6.4581403170592352E-017  -3.2090587614148099E-017  -3.0644013848499140E-017  -3.6531090032634726E-017  -1.7118135737372349E-019  -7.1146131841684843E-018  -1.0954197020015279E-017  -4.5734336381509795E-017   3.4543733965788516E-016  -7.2395543671256513E-016  -3.5973444722456938E-016  -3.4351840218921927E-016  -4.0951233543654606E-016  -1.9189374686407214E-018  -1.9610073451572498E-016  -1.4808645374965991E-016
   1.7626093327136681E-016  -3.6950357433484011E-017   4.1668237244697993E-016  -1.4203571552015757E-016  -5.2099487820188841E-017  -2.0125319114183527E-016  -8.0490326275520987E-017   1.6315455624265802E-015   3.3307467830491065E-015   1.1660100841154525E-014   3.4772075471223941E-004  -8.8472012314274502E-017  -9.8889144445748312E-018  -1.7386037735658255E-004  -9.6993849496389370E-017  -1.7386037735658778E-004   2.6895332859135969E-014   1.6091168637820739E-014  -1.7989874106854933E-017   2.0804829814196580E-017   5.9638208531360531E-018   8.7888478752863867E-018   2.2666536483477709E-017   1.5439370438371340E-017  -2.5397003418373954E-018   5.8045878976360830E-017   3.3902491671539875E-017   3.0815195205837917E-017   1.4955659400444334E-002   3.5543672988704420E-017   5.3184034087782175E-017  -7.4778297002230871E-003  -1.1124560152322857E-016  -7.4778297002233533E-003  -8.6434281835440018E-017  -2.9951607908642859E-017  -1.8248384802517419E-016  0.16765245722472727        6.7650573321417175E-016   7.5200516793471003E-016  -8.3826228612361456E-002  -1.6974256506938350E-015  -8.3826228612365480E-002   2.0898400822729956E-014   2.1309273903900205E-015
   1.3023289622706236E-016   2.9344162998835061E-017  -2.7163718406609413E-016  -8.7465900908349795E-017  -6.6016446906373761E-018   2.6633749803836741E-016   1.4791808717424247E-015   2.8301105202163803E-017   1.2697744606204006E-015   3.5736657740076850E-016   1.3103133991336551E-016   3.4772075471269434E-004   2.6624779941221223E-016  -4.6942884401630976E-018   1.0850414345878917E-016   1.6716682754313722E-016  -1.4329242499444993E-015   4.1555977583925352E-016   7.6318749761666290E-017  -5.4921359855100484E-017  -5.9679473846586600E-017  -3.8034353901081239E-017  -5.1494459841339695E-017  -6.4376204575744433E-017   5.8769212369557151E-017  -6.8019259110985639E-017   7.7588683160680028E-017  -6.4581403170592352E-017   3.5543672988704420E-017   1.4955659400439693E-002  -7.6793423131283387E-017   3.5260181649168028E-017  -2.4202519894336409E-016   1.3170573530370753E-016  -7.1059923789998925E-017  -1.0133059643273882E-016   1.8351642823566141E-016  -1.4727277150614887E-016  0.16765245722470326       -1.1502993297332996E-016  -3.7044753014105453E-016  -1.0286135971489122E-015   7.0934011838160234E-016   1.1313081630167954E-016   5.4002481153809138E-016
   1.5307412336575273E-017   7.2428470534675369E-017  -1.5716233085832745E-016  -3.3504874810556927E-017  -7.8870908473252677E-017   1.0015333209227659E-016  -1.7502318114460768E-015   2.8996607100037367E-016  -9.3407977054639092E-016   1.8517318350349204E-016  -6.3365740690731265E-017   8.8626992770453143E-017   3.4772075471226733E-004   1.4342251045249440E-016  -2.6303737414291214E-017  -1.2261639018314164E-017  -7.2072527806755479E-016   2.8909562877017473E-016  -1.3094875669497937E-017  -3.8525830952535614E-017   1.0808965968348584E-017   6.6318216041911644E-018   8.5159087004590006E-017   1.0935507573748095E-017   7.4206950019688843E-017  -2.6599454723252914E-017  -1.7946014705577753E-017  -3.2090587614148099E-017   5.3184034087782175E-017  -7.6793423131283387E-017   1.4955659400439450E-002   1.8519695118378012E-016   1.0998111037316037E-016  -1.8222251558018715E-016  -2.3813577495759375E-017  -2.4639025945927029E-017   1.6049177820375726E-016  -8.6921674014280320E-017  -8.3259722943204072E-016  0.16765245722470196        7.5223513737997566E-016   1.5090334794748091E-015  -3.6294345350308738E-016   3.2624759642962931E-016  -3.9298916100286819E-017
   1.7489275852869763E-016   5.0289363537817929E-017   1.4987563301697618E-016  -1.2426544705921894E-016  -1.0626839730843896E-016  -4.0181792555623634E-017   1.0286183937836856E-015   1.0417588501800956E-015  -5.5206751964420112E-016   9.2089776331816500E-015  -1.7386037735653864E-004   8.9561344247346910E-017   1.6607314339931302E-016   3.4772075471193171E-004   2.6546976232362913E-017  -1.7386037735554177E-004   3.3618823648002309E-014   1.8078446158366934E-014   3.1977998221472081E-017  -4.9171951461844713E-017   1.0594744600414572E-018  -3.3141103409540507E-017  -6.9773825667678940E-017  -9.8080176096629168E-018  -3.8601935336402496E-017  -5.4038157732006554E-017   7.0663041688666561E-017  -3.0644013848499140E-017  -7.4778297002230871E-003   3.5260181649168028E-017   1.8519695118378012E-016   1.4955659400446691E-002   7.9188977889988082E-018  -7.4778297002229197E-003  -9.9154498612792336E-017  -1.5501417809949187E-017   1.0572975792644094E-016  -8.3826228612376597E-002   8.1252757784017916E-016   1.3481571206076407E-015  0.16765245722474020       -2.2288295578451797E-016  -8.3826228612365841E-002   2.2319060297792917E-014   3.3080517654466994E-015
   4.7519640660250405E-018  -2.1337775871537832E-017   2.1802101725015454E-016  -1.6346949027407721E-017   2.9101830957455196E-017  -1.1493843977940884E-016  -1.8508532950777465E-015   9.8414837289627262E-017  -1.3935677563641855E-015  -6.5573246102957595E-016   2.1212332703900943E-016   4.2980158062190587E-017  -1.2703535093572222E-016  -8.3067057854711921E-017   3.4772075471228695E-004   6.0234225970317253E-017   9.4832555574051791E-016  -2.6106012197772623E-016  -8.5218317583239224E-017   3.0081044376841118E-017  -1.6398331455871767E-017   5.6045567235113281E-017  -8.8096489967624675E-018   5.8286803391454697E-017  -3.0814942093122154E-017   5.0486964134316307E-017   1.4467583228136317E-017  -3.6531090032634726E-017  -1.1124560152322857E-016  -2.4202519894336409E-016   1.0998111037316037E-016   7.9188977889988082E-018   1.4955659400439298E-002   4.4130734189312046E-017  -3.0661052393347550E-017   1.5655254848851122E-017  -9.9041323267256075E-017   4.9503315942972052E-016  -1.5160540855883478E-015  -5.0320096579120096E-016   3.1782645532583256E-016  0.16765245722470101       -9.4478986672987369E-016  -1.0292587965571723E-016  -8.2123516054193580E-016
  -3.5442177511261697E-016  -9.2272274439094853E-017  -3.2080489827222197E-016   2.6353652150421962E-016   9.5558893057558527E-017   4.4722666796039094E-016  -9.8349133856773772E-016   1.2060433695741565E-015  -2.6309060893877302E-015   1.2994806988208453E-014  -1.7386037735574969E-004   3.6190409113819226E-018  -1.5487853759273085E-016  -1.7386037735533325E-004   6.9070563011564443E-017   3.4772075471216260E-004   2.4450935223279343E-014   2.2439507920950190E-014  -1.3988124114614006E-017   2.8367121647633567E-017  -7.0232953131882760E-018   2.4352255534291792E-017   4.7107289184207572E-017  -5.6313528287339108E-018   4.1141635678185751E-017  -4.0077212443736552E-018  -1.0456553336022092E-016  -1.7118135737372349E-019  -7.4778297002233533E-003   1.3170573530370753E-016  -1.8222251558018715E-016  -7.4778297002229197E-003   4.4130734189312046E-017   1.4955659400447695E-002   1.8510835148363813E-016   3.5719969138789897E-017   1.1188883837678566E-016  -8.3826228612374265E-002   7.8109354989286440E-016  -1.4706283439018961E-015  -8.3826228612371087E-002   1.2567230903252374E-015  0.16765245722474725        2.9816634694191342E-014   3.5954948145474971E-015
