  0.34234481711088416        2.3207319707827581E-015  -7.9238103560089866E-015  0.13381358519853526       -1.5695478846168408E-015   4.1322318633821869E-015  -7.6229348177565870E-015  -2.2755189629724924E-002  -6.2143569972403211E-014   3.5880479950231570E-014   9.0126037594698310E-017   1.7726061973516223E-017   1.9668693839267246E-018   7.8042642336417895E-017   3.9197595656803620E-017   1.2078567591186940E-017  -2.3161500314876481E-014   1.1829796966491887E-014  -7.5769867297790380E-017   1.1211555117750220E-016   5.9167881000580491E-015  -6.2741546472428354E-018   5.6527599059376298E-015  -2.3350400281280407E-016   1.4226443105512893E-016  -7.6991815154989130E-017   3.3125575608428592E-016  -1.3477182393590810E-014   5.0023691349357652E-017  -4.6729960289421874E-016  -5.0876812216910671E-017  -2.0356254198219992E-016  -5.1961317909156607E-017   2.7296327580259232E-016   2.4274243919369807E-002  -7.0152100457637590E-016   2.3629753675224865E-015   4.0754738784221818E-016  -5.2954620172335294E-015  -6.5875633032487930E-016  -3.0837821736699101E-015  -5.3632027955617320E-016   2.6679798181507740E-015  -2.0012375064100735E-014  -1.4400519934584408E-014
   2.3207319707827581E-015  0.34234481711099080        9.0783837152631418E-016   1.2894921032097993E-015  0.13381358519852241        8.1153431647291553E-016  -2.4559453022566751E-015   5.5472062734207687E-015  -2.2755189629721624E-002  -1.1071144331199134E-014   5.5302270759542370E-017  -4.0647953124223111E-017   3.8285757811871514E-017   4.2814049333019101E-017  -2.9918254254178921E-017   1.6239475453366997E-016  -6.4927674388294445E-015   1.0387772272160580E-016   4.0767461478263705E-016   1.2475160423014762E-016   9.1155931483061747E-019  -2.4609089275405425E-017   5.3516514920925677E-017   1.1635712430458676E-015   1.4160618158077763E-016   3.8730998243412709E-016   2.2677653119506801E-016  -3.9271777991187213E-015   4.8150537354992537E-017  -2.8287070758526849E-016   7.3495958098198770E-018  -6.7578001197067740E-016  -4.9119040368983437E-017   7.1326059767621927E-016   1.7698315726796987E-016   2.4274243919358708E-002   1.9069115612220701E-016  -1.7036747520866681E-016  -3.5560734453020726E-015   1.2603268926923188E-016  -8.5995193155897791E-015  -5.3454477305030999E-016   8.6894535850936159E-015  -5.8016056829625230E-015  -9.2936654508067872E-015
  -7.9238103560089866E-015   9.0783837152631418E-016  0.34234481711107950        1.8949969459311749E-015  -1.4302720530197419E-015  0.13381358519851122       -1.8550306516137455E-015   6.9053037535926738E-014   1.9765456367110869E-014  -2.2755189629686437E-002  -1.4666173020205677E-016  -3.1098375420632627E-017   1.7286412902082463E-017  -1.5012240411254659E-016   3.9191551206447364E-018  -1.1209373489881343E-016  -7.8268862552513196E-015  -4.0412287247823599E-016  -2.0641734460043890E-017  -2.2671142281384668E-015  -1.3241617224952832E-016   2.6188065563236230E-018  -2.2588047166730909E-016  -1.5071812387950355E-016  -2.2582622301940197E-015  -5.1545720313819944E-017  -6.2933162786662983E-015  -5.0642223320985196E-015   2.1306857608501111E-016  -5.1736206353428432E-016   1.3341927998206203E-016   4.1344357211015763E-016  -1.1997711603827674E-016  -8.2430840276354657E-016   1.6795574070776945E-015  -6.2003670739371639E-016   2.4274243919345274E-002   3.7812420879566668E-015  -7.1154110268122920E-015   1.8920783047903780E-015   5.9818422013758837E-015  -1.7850912591220011E-015  -8.8088520407166162E-015  -5.7832381155621612E-015  -9.9572510953141745E-015
  0.13381358519853526        1.2894921032097993E-015   1.8949969459311749E-015   5.2305450036108335E-002  -4.1486560869133121E-016   3.4743550153294583E-015   7.4314403150865048E-015  -7.3206872303147302E-003   4.4086892455477340E-014  -2.9098627515359382E-014   3.5334965099937558E-017   1.7282542826804235E-017  -4.6699933310219180E-020   3.7445637749455087E-017   1.8088647322961252E-017  -1.6394072005667176E-018   1.8104849239106143E-014   4.6120027796664226E-015  -3.0936082792349023E-017   4.2173171811931038E-017   2.3025682828465602E-015  -2.0655549824234333E-018   2.2014894821982314E-015  -9.1880370386230548E-017   5.5127657005512764E-017  -2.9678114622232406E-017   1.2675632823593170E-016   1.2746950582567481E-014  -6.0058904526508072E-018   3.4698062667746218E-016  -2.5801937929172596E-017   2.5658284488004083E-016   9.1678420124345575E-017  -2.0358433829732344E-016   9.4888393217823115E-003  -2.2328594939712569E-016   1.2251410074753278E-015  -1.5746725301712450E-016   4.4521945188467306E-015  -3.3178865928483331E-016   2.9368312787194151E-015   1.1769652755934525E-015  -2.7825020325616646E-015   1.7524845573371498E-014   1.1089064527740046E-014
  -1.5695478846168408E-015  0.13381358519852241       -1.4302720530197419E-015  -4.1486560869133121E-016   5.2305450036081995E-002  -3.8861879358469884E-016   1.4335557262152477E-015  -3.6338876254627150E-015  -7.3206872303220299E-003   6.9133867066640547E-015   2.0756372730990728E-017  -1.0544446402215289E-017   1.4591728075414540E-017   3.1905568754528302E-017  -1.1064991347965179E-017   5.1123047992138338E-017   3.6122974064671547E-015   4.1260011403606387E-017   1.5792349415198700E-016   4.7439517859716746E-017   6.9347984056982058E-019  -9.6545028402893726E-018   2.1039844542374553E-017   4.4612910235794723E-016   5.4676147993142281E-017   1.4936119811744555E-016   9.0673153966733064E-017   2.7168155771634150E-015  -7.8941129924455013E-018   1.8616727825317979E-016  -1.3305519343045601E-017   4.3460264169249325E-016   3.6583271868528854E-017  -3.9280159405217919E-016  -7.5063771636201615E-017   9.4888393217740889E-003  -5.7785227511723577E-017  -4.1255541477276687E-016   2.2650863692813763E-015  -1.4743811804282920E-016   5.2482122515404936E-015   4.7130650004251655E-016  -4.8657442969970575E-015   3.5316251188886262E-015   5.5391195263577314E-015
   4.1322318633821869E-015   8.1153431647291553E-016  0.13381358519851122        3.4743550153294583E-015  -3.8861879358469884E-016   5.2305450036059666E-002   3.4969795654963299E-015  -4.7712642820704289E-014  -1.3676705018402725E-014  -7.3206872303261759E-003  -6.6830750365481680E-017  -1.0246447352853175E-018   8.6864919109741133E-019  -6.8087919807277588E-017   5.5690743432519006E-018  -2.5573407813217202E-017   7.8143765639536174E-015  -1.5778979447892876E-016  -8.0920662512434144E-018  -8.8915638565812644E-016  -5.1114934291826339E-017   9.4188334726563062E-019  -8.7535257591353573E-017  -5.6240401708444030E-017  -8.8693476216970929E-016  -2.0283263591889925E-017  -2.4688456620984870E-015   5.4472558644736074E-015  -2.5229543431401613E-016   3.8996607344375667E-016  -2.2520478752106620E-016  -2.7525124559550095E-016   1.4598029347989825E-016   4.5018622330735231E-016   1.1161204793045826E-015  -2.1413468245494153E-016   9.4888393217655680E-003  -2.6983232993914201E-015   4.5023456508768933E-015  -2.6822789401054554E-015  -3.0409675831739458E-015   1.6844493446320628E-015   6.1135992938157690E-015   7.9846876631538135E-015   8.4210230121429635E-015
  -7.6229348177565870E-015  -2.4559453022566751E-015  -1.8550306516137455E-015   7.4314403150865048E-015   1.4335557262152477E-015   3.4969795654963299E-015  0.10226232339668005       -1.3393464081028801E-014   1.1241618454134671E-016   8.7352558244162546E-015  -9.8661137586883032E-015  -4.6676764462499359E-016   8.8540460012005116E-017  -1.0618375928281072E-014  -3.1164518944179199E-016  -1.1239548533174632E-014  0.26874323276551576       -2.9632642788313394E-017   1.9511431339139484E-016  -6.6355151600812391E-017  -1.0891083311915928E-016   9.9407670042199061E-018   6.0139122207720862E-018   7.3375604126680477E-017   3.6790304275938148E-018   1.8151251949931000E-017  -1.6324567686070819E-016  0.17367501902974913       -1.2340568809964990E-014   7.6047677734512054E-016  -3.1014688396162889E-016  -1.4291563525717377E-014   3.8327228336577785E-016  -1.4690280354367803E-014   4.6659458075842768E-015   9.7650908511190163E-016   1.4302675910957419E-015   3.1869764578430705E-014   4.4338277718205570E-015  -2.4903923347867924E-015  -2.5093801623144719E-014   1.0902681967251502E-015  -1.9177072046297177E-014  0.24969913052676096        5.1753825507209958E-003
  -2.2755189629724924E-002   5.5472062734207687E-015   6.9053037535926738E-014  -7.3206872303147302E-003  -3.6338876254627150E-015  -4.7712642820704289E-014  -1.3393464081028801E-014   2.0004785292285865       -1.7705106074103894E-014   3.6139872128184516E-014   7.7999430811575208E-016  -2.6476267692371098E-016  -8.8229124253628224E-016   2.9434729447726150E-016   6.6120913762438759E-016  -2.1331733317583096E-016   1.1300634012466908E-014  -1.5970157289882907E-014  -1.6711881017026752E-015  -2.1031206204772498E-015  -1.3284186622062373E-014   4.9179742058510217E-016  -1.0570119635408154E-014  -7.5905481696158596E-016  -6.1886577314703644E-016   5.3347901045071580E-016  -3.4806137590056938E-015  -2.0080942071004952E-014   1.1673941064352300E-016   2.4307128771515998E-016   1.9470206122298261E-016   2.8393206803307347E-017  -6.8948616708288397E-016   2.4418936459041158E-016  -7.5506645231084881E-004  -6.6291344646395731E-015  -3.8574658502646765E-014  -8.1725869077543965E-016  -3.4243119761092361E-015   6.2730397095130002E-016  -1.4283071714374311E-016  -2.7128749910191245E-016   1.0732339768773726E-015  -1.6813069013393034E-014  -1.0950533314001521E-014
  -6.2143569972403211E-014  -2.2755189629721624E-002   1.9765456367110869E-014   4.4086892455477340E-014  -7.3206872303220299E-003  -1.3676705018402725E-014   1.1241618454134671E-016  -1.7705106074103894E-014   2.0004785292285878       -1.8410563172873679E-015  -3.8464527096259915E-016  -7.2493634297553933E-016  -7.1675411839836563E-017   1.5635335743293672E-015  -5.9784542229374322E-016   1.2909629026351434E-015  -8.3587376640598003E-015   8.2755495544799303E-016  -1.8381637297516958E-015  -1.6882874766142444E-015   4.2822577265716060E-016  -4.3402505172591887E-017   1.5096032663533048E-016  -1.1103213400289129E-014  -8.6551959433609297E-016  -2.6018588725316797E-015   2.5662297664713778E-015   2.4062822188167490E-015   1.7173996557699611E-015   1.7086200936081666E-016  -2.5312536708299879E-016   7.6859761541761783E-017   7.1702447265962319E-016  -1.2461602388280015E-015   3.8682307064608535E-014  -7.5506645232430657E-004  -1.1972595893943192E-014  -4.3475436393574585E-017  -1.8107769343971830E-016   2.7679996378154417E-016  -1.0996931808344475E-015  -3.1787992241491392E-016   2.8655514652373792E-015   4.3711777810203417E-015   2.6861091643900791E-015
   3.5880479950231570E-014  -1.1071144331199134E-014  -2.2755189629686437E-002  -2.9098627515359382E-014   6.9133867066640547E-015  -7.3206872303261759E-003   8.7352558244162546E-015   3.6139872128184516E-014  -1.8410563172873679E-015   2.0004785292285856       -3.4754268530156337E-015  -8.3806594008077045E-016  -4.4510437430645891E-016  -8.8021219105501100E-016   2.3027737900879854E-016   3.5286293287193853E-015  -3.2613100450457364E-014   2.4433281682364846E-016  -2.8802192893517106E-017  -3.6613106269917509E-015   8.2563454112080671E-016  -1.0400080938230834E-016   9.7463633108516896E-016   3.4032155848924216E-015  -5.2349248257078246E-015  -1.6855788318389597E-016  -1.0955034506076003E-014   2.6380400475097196E-014   4.2485773881510416E-015   1.3205354282274635E-015   3.8597476646453754E-016  -3.9838508590423950E-016  -5.2385935513599125E-016  -3.8968759331986585E-015  -2.4401306974101078E-014   5.6333077945490741E-015  -7.5506645233522720E-004   5.3421166087995684E-016  -1.9690516589051400E-015  -8.6071643662006139E-017   8.3743839339434842E-016   2.2412349198064139E-016   2.4684799892863649E-016   2.2045523188950983E-014   1.4405611356666697E-014
   9.0126037594698310E-017   5.5302270759542370E-017  -1.4666173020205677E-016   3.5334965099937558E-017   2.0756372730990728E-017  -6.6830750365481680E-017  -9.8661137586883032E-015   7.7999430811575208E-016  -3.8464527096259915E-016  -3.4754268530156337E-015   4.9443959946777891E-006   1.9434899556530105E-018   3.7946194055578162E-018  -2.4721979973569021E-006  -2.7441313732190408E-018  -2.4721979973443617E-006  -2.6178418662029956E-014  -6.5262294016996133E-019  -2.0472822992822332E-020   1.1004013115689760E-018  -3.9426114478190458E-019  -9.4683395265991994E-019   1.2701166605922014E-018   1.5230327543698768E-018   3.8802759594273132E-019  -9.0247446320505963E-019   4.8911444016401606E-019  -1.6756986737293023E-014   2.4787462002930311E-004  -1.1535035627289287E-016   7.8258214412340930E-017  -1.2393731001484975E-004  -1.2254727934610746E-016  -1.2393731001448602E-004   5.8078100225478585E-018   3.4907474437657547E-018  -1.6171054717881123E-017   3.0547367247986254E-003  -1.4055527083884146E-015   9.6033228603731319E-016  -1.5273683624015110E-003  -1.4905890343002851E-015  -1.5273683623970014E-003  -2.4110484736425885E-014   4.0480283304041460E-015
   1.7726061973516223E-017  -4.0647953124223111E-017  -3.1098375420632627E-017   1.7282542826804235E-017  -1.0544446402215289E-017  -1.0246447352853175E-018  -4.6676764462499359E-016  -2.6476267692371098E-016  -7.2493634297553933E-016  -8.3806594008077045E-016   1.9434899556530105E-018   4.9443959946677365E-006   2.3706427668699076E-020  -1.3446302947798060E-018  -1.8547740788188281E-018  -5.8723607228492503E-018  -1.2675127379199620E-015   1.4825697696291485E-018   1.0633605262010172E-018   1.6427036519772264E-019  -1.1974844166162327E-018  -1.2107963959964898E-019  -7.8869312004039160E-019   4.9797230388632888E-019   9.8343077971798643E-019  -9.1849251483766374E-019   2.1658480308021962E-018  -7.8183999863404218E-016   2.1195867591095388E-016   2.4787462002911489E-004   1.0451398915467308E-017  -2.1421896802773855E-016  -3.6103481737129965E-017   1.3524965498644614E-018   6.1542407103988818E-018  -1.6614923479797946E-018   3.3506448315817898E-018   2.6007193733377919E-015   3.0547367247954495E-003   1.4474644280141467E-016  -2.5992984027768264E-015  -4.5705724043195536E-016  -3.4284187935555562E-018  -1.1632965361120211E-015   7.6668062949973316E-016
   1.9668693839267246E-018   3.8285757811871514E-017   1.7286412902082463E-017  -4.6699933310219180E-020   1.4591728075414540E-017   8.6864919109741133E-019   8.8540460012005116E-017  -8.8229124253628224E-016  -7.1675411839836563E-017  -4.4510437430645891E-016   3.7946194055578162E-018   2.3706427668699076E-020   4.9443959946613092E-006  -3.4391388992226341E-018   1.1523775259934885E-017   1.6181221322677086E-018   2.4755752394776405E-016  -5.7311374417381192E-019   1.0834438264063349E-018  -2.2781185925900424E-019   1.0736616700118164E-018   9.5919785185849855E-019  -3.0838211390752448E-019  -6.9219635703643290E-019   1.0567210306896491E-018   4.0589138929198597E-019   1.3875973812485088E-018   1.5579283936239069E-016   1.1321180983926021E-016  -1.1481534908754126E-017   2.4787462002895681E-004  -1.4434591202265856E-016   2.7456873396567139E-016   3.1999164359246563E-017   2.5398523172862149E-018   2.1313939460353551E-018  -8.5416768417769721E-019   1.3859039792318108E-015  -1.2656040719584635E-016   3.0547367247934628E-003  -1.7693141971951993E-015   3.3947598185207442E-015   3.8469017739090435E-016   2.2677514862249562E-016   1.6519819570799310E-017
   7.8042642336417895E-017   4.2814049333019101E-017  -1.5012240411254659E-016   3.7445637749455087E-017   3.1905568754528302E-017  -6.8087919807277588E-017  -1.0618375928281072E-014   2.9434729447726150E-016   1.5635335743293672E-015  -8.8021219105501100E-016  -2.4721979973569021E-006  -1.3446302947798060E-018  -3.4391388992226341E-018   4.9443959947062249E-006   4.6087060188545839E-018  -2.4721979973243379E-006  -2.7833185465646023E-014   9.0414650274441617E-019  -9.3139666603965218E-019   7.2936368319845526E-019  -1.4050433437022843E-018   6.7626291644057486E-019   1.9186848396553019E-019  -3.0754905724047534E-019  -1.7895637777687402E-018   1.7693768614591231E-018   1.1601384424353930E-018  -1.7928234753985281E-014  -1.2393731001536450E-004   1.4384811307561009E-016  -3.0873212726881515E-017   2.4787462003004318E-004   2.6900363351349273E-017  -1.2393731001466416E-004   8.3065801272510069E-018   1.1202512318836142E-017  -1.4374115946107213E-017  -1.5273683624082192E-003   1.7684005067254348E-015  -3.5394333139178565E-016   3.0547367248072855E-003   3.0519562512740336E-016  -1.5273683623992769E-003  -2.6073565614334109E-014   1.2718347005213167E-016
   3.9197595656803620E-017  -2.9918254254178921E-017   3.9191551206447364E-018   1.8088647322961252E-017  -1.1064991347965179E-017   5.5690743432519006E-018  -3.1164518944179199E-016   6.6120913762438759E-016  -5.9784542229374322E-016   2.3027737900879854E-016  -2.7441313732190408E-018  -1.8547740788188281E-018   1.1523775259934885E-017   4.6087060188545839E-018   4.9443959946639283E-006  -3.0646400629816509E-018  -8.3727308691563011E-016   6.8705352225537716E-020  -6.2982624910448247E-020   4.6279681766015361E-019  -2.5323273429020179E-019  -1.4580273791156090E-018   1.6105483359382818E-019  -2.6119068124708689E-019   6.4355492875370350E-019   5.2857947331221809E-020  -9.5059556459938702E-019  -5.1685552087067801E-016  -1.8439778221507681E-017  -5.5153387034330909E-017   3.0151431953963503E-016   2.0991899955837550E-016   2.4787462002901877E-004  -1.9187492254396379E-016   2.0515925559443296E-018  -1.9044480427703070E-018   1.2827749415402779E-018  -2.0436427776745952E-016  -6.8697411166612398E-016   3.7209326461684314E-015   2.5409818449234862E-015   3.0547367247942755E-003  -2.3333123556738813E-015  -7.6763623191682597E-016   8.2903357855081837E-016
   1.2078567591186940E-017   1.6239475453366997E-016  -1.1209373489881343E-016  -1.6394072005667176E-018   5.1123047992138338E-017  -2.5573407813217202E-017  -1.1239548533174632E-014  -2.1331733317583096E-016   1.2909629026351434E-015   3.5286293287193853E-015  -2.4721979973443617E-006  -5.8723607228492503E-018   1.6181221322677086E-018  -2.4721979973243379E-006  -3.0646400629816509E-018   4.9443959946671893E-006  -2.9546653385480429E-014  -2.5152356255973833E-019   9.5186948897724944E-019  -1.8297649947451065E-018   1.7993044885199710E-018   2.7057103622388858E-019  -1.4619851445703303E-018  -1.2154836971750789E-018   1.4015361818261522E-018  -8.6690239825277593E-019  -1.6492528825384119E-018  -1.8931057532393352E-014  -1.2393731001511543E-004  -2.9287122026471080E-016   5.1556513219220535E-017  -1.2393731001394086E-004   3.5484708245899296E-017   2.4787462002907450E-004  -9.5891759281700383E-019   4.8465502852500209E-018   1.1865346260900957E-018  -1.5273683624049091E-003  -3.6209114777575213E-015   6.1293834574255660E-016  -1.5273683623903385E-003   4.4397143091131660E-016   3.0547367247953454E-003  -2.7346394483454372E-014   7.0057598933934947E-015
  -2.3161500314876481E-014  -6.4927674388294445E-015  -7.8268862552513196E-015   1.8104849239106143E-014   3.6122974064671547E-015   7.8143765639536174E-015  0.26874323276551576        1.1300634012466908E-014  -8.3587376640598003E-015  -3.2613100450457364E-014  -2.6178418662029956E-014  -1.2675127379199620E-015   2.4755752394776405E-016  -2.7833185465646023E-014  -8.3727308691563011E-016  -2.9546653385480429E-014  0.70667439432732404       -8.0308854228424456E-017   4.8593592943971608E-016  -1.7727077320953135E-016  -3.0026576995098676E-016   2.3059366461042090E-017   3.1429542239288943E-017   1.9731705186056834E-016  -3.2766474601478193E-018   4.9092076809576846E-017  -4.1722932797621615E-016  0.45582648978240081       -4.1527431520040979E-014   5.3814927494809809E-016  -5.9078767910259406E-017  -3.3331056160411988E-014   7.1924492199279767E-016  -3.3347572496081611E-014   1.1908742737373288E-014   2.4745501964482413E-015   3.4498211704891722E-015  -2.9792493335673351E-014  -6.3935933619298504E-015   2.7526353189413397E-015  -1.4238198097758796E-014  -7.6161243972723834E-016   1.2987424295919185E-014  0.65635741982996265       -1.5134330359377647E-002
   1.1829796966491887E-014   1.0387772272160580E-016  -4.0412287247823599E-016   4.6120027796664226E-015   4.1260011403606387E-017  -1.5778979447892876E-016  -2.9632642788313394E-017  -1.5970157289882907E-014   8.2755495544799303E-016   2.4433281682364846E-016  -6.5262294016996133E-019   1.4825697696291485E-018  -5.7311374417381192E-019   9.0414650274441617E-019   6.8705352225537716E-020  -2.5152356255973833E-019  -8.0308854228424456E-017   5.2570663581046624E-028   9.6491381565617186E-030   2.1562727568053102E-029   3.0222530617231539E-028  -3.9863091332005375E-030   2.7289011949533114E-028  -5.8392643116352103E-030   1.1265457329445930E-029  -7.6000284034255470E-030   4.5664793796339048E-029  -4.6941114645221408E-017  -3.2717578343398024E-017   7.4324835371061493E-017  -2.8731588595528892E-017   4.5327067463406055E-017   3.4443667328208952E-018  -1.2609489119993051E-017   8.3228124265166498E-016   7.7238754412597667E-018  -2.8561280331305390E-017  -4.0320218383090959E-016   9.1595825399834970E-016  -3.5407997331134850E-016   5.5859796211282008E-016   4.2447401638612626E-017  -1.5539577828195684E-016  -7.3238666351639811E-017   1.6397061199746017E-016
  -7.5769867297790380E-017   4.0767461478263705E-016  -2.0641734460043890E-017  -3.0936082792349023E-017   1.5792349415198700E-016  -8.0920662512434144E-018   1.9511431339139484E-016  -1.6711881017026752E-015  -1.8381637297516958E-015  -2.8802192893517106E-017  -2.0472822992822332E-020   1.0633605262010172E-018   1.0834438264063349E-018  -9.3139666603965218E-019  -6.2982624910448247E-020   9.5186948897724944E-019   4.8593592943971608E-016   9.6491381565617186E-030   6.3299331368691827E-030   3.3041769887474224E-030   1.0181619789152379E-029  -2.9254020357035962E-032   5.7861248762821401E-030   1.1726660457621338E-029   3.3077649850469092E-030   1.8810373601564606E-030   6.7417587034968586E-031   3.6865233972308099E-016  -1.0263525054295261E-018   5.3308854442480407E-017   5.4315679222058059E-017  -4.6693184553641219E-017  -3.1574724668106672E-018   4.7719537058967126E-017  -6.0923408033691089E-018   2.8128787556704237E-017  -1.4765769586466533E-018  -1.2648478050849949E-017   6.5696324780283437E-016   6.6937107168268771E-016  -5.7543360283051143E-016  -3.8911797830545665E-017   5.8808208088127626E-016   4.6669286842855848E-016   1.8325319628723237E-015
   1.1211555117750220E-016   1.2475160423014762E-016  -2.2671142281384668E-015   4.2173171811931038E-017   4.7439517859716746E-017  -8.8915638565812644E-016  -6.6355151600812391E-017  -2.1031206204772498E-015  -1.6882874766142444E-015  -3.6613106269917509E-015   1.1004013115689760E-018   1.6427036519772264E-019  -2.2781185925900424E-019   7.2936368319845526E-019   4.6279681766015361E-019  -1.8297649947451065E-018  -1.7727077320953135E-016   2.1562727568053102E-029   3.3041769887474224E-030   2.6782637580854861E-029   1.3825013991789618E-029  -6.1858512196058440E-031   1.2554656532778986E-029   5.3947019554217383E-030   2.6346823310426126E-029   2.5847968695172387E-030   6.5550753705228156E-029  -1.0867417815917772E-016   5.5165799275671161E-017   8.2352737116011043E-018  -1.1420763651093746E-017   3.6564778797813450E-017   2.3201132241796839E-017  -9.1730578073467854E-017   7.0497105952322613E-018   8.1241815077025342E-018  -1.6238859479347729E-016   6.7984771083191596E-016   1.0148918450234775E-016  -1.4074626174355085E-016   4.5061399434347437E-016   2.8592419307602150E-016  -1.1304617051754319E-015  -1.6307125724428531E-016   1.9309679918465374E-016
   5.9167881000580491E-015   9.1155931483061747E-019  -1.3241617224952832E-016   2.3025682828465602E-015   6.9347984056982058E-019  -5.1114934291826339E-017  -1.0891083311915928E-016  -1.3284186622062373E-014   4.2822577265716060E-016   8.2563454112080671E-016  -3.9426114478190458E-019  -1.1974844166162327E-018   1.0736616700118164E-018  -1.4050433437022843E-018  -2.5323273429020179E-019   1.7993044885199710E-018  -3.0026576995098676E-016   3.0222530617231539E-028   1.0181619789152379E-029   1.3825013991789618E-029   1.8771071296972680E-028  -2.9390018302246462E-030   1.6308317609142566E-028  -7.5737202829764936E-031   5.9216608045659877E-030  -5.5944132102020017E-030   2.5331354950437488E-029  -1.6543432762992011E-016  -1.9765271948859129E-017  -6.0032811910787967E-017   5.3825275884001972E-017  -7.0438246718479149E-017  -1.2695174063340179E-017   9.0203518667372883E-017   4.1399908217379605E-016   2.4855242923247924E-019  -9.0383089686813632E-018  -2.4358162239725088E-016  -7.3982739828333169E-016   6.6332747961768530E-016  -8.6806103446950540E-016  -1.5645173529427568E-016   1.1116426568667762E-015  -2.7102918763291984E-016   9.4932384669831686E-016
  -6.2741546472428354E-018  -2.4609089275405425E-017   2.6188065563236230E-018  -2.0655549824234333E-018  -9.6545028402893726E-018   9.4188334726563062E-019   9.9407670042199061E-018   4.9179742058510217E-016  -4.3402505172591887E-017  -1.0400080938230834E-016  -9.4683395265991994E-019  -1.2107963959964898E-019   9.5919785185849855E-019   6.7626291644057486E-019  -1.4580273791156090E-018   2.7057103622388858E-019   2.3059366461042090E-017  -3.9863091332005375E-030  -2.9254020357035962E-032  -6.1858512196058440E-031  -2.9390018302246462E-030   9.6368904664116997E-031  -3.0671152917332097E-030  -5.6041512349325490E-031   4.2868390622459508E-032   4.9228361846290361E-031  -9.7079606857619575E-033   2.1143140067259287E-017  -4.7467093351593883E-017  -6.0700173876118342E-018   4.8086925747718180E-017   3.3902707961210757E-017  -7.3094465528377363E-017   1.3564385390382841E-017  -2.3386234208799979E-019  -1.7642685550641539E-018   1.4110269173821126E-019  -5.8497103601576080E-016  -7.4805177843163178E-017   5.9260967519309169E-016   4.1780738611714986E-016  -9.0079552397338449E-016   1.6716364989856772E-016   2.3161295015426817E-017   2.0877783964846966E-016
   5.6527599059376298E-015   5.3516514920925677E-017  -2.2588047166730909E-016   2.2014894821982314E-015   2.1039844542374553E-017  -8.7535257591353573E-017   6.0139122207720862E-018  -1.0570119635408154E-014   1.5096032663533048E-016   9.7463633108516896E-016   1.2701166605922014E-018  -7.8869312004039160E-019  -3.0838211390752448E-019   1.9186848396553019E-019   1.6105483359382818E-019  -1.4619851445703303E-018   3.1429542239288943E-017   2.7289011949533114E-028   5.7861248762821401E-030   1.2554656532778986E-029   1.6308317609142566E-028  -3.0671152917332097E-030   1.4719612939369607E-028   1.7704424748425459E-030   3.3816996164423433E-030  -3.9154772206757775E-030   2.2436852989239722E-029  -1.1507522699716004E-017   6.3674043296295864E-017  -3.9539108044903080E-017  -1.5459946855443106E-017   9.6188346586184540E-018   8.0740712767825117E-018  -7.3292877954911016E-017   3.9643589983433481E-016   3.8609869132490070E-018  -1.5604155291161360E-017   7.8470090423375075E-016  -4.8726878692229788E-016  -1.9052401337885409E-016   1.1853979837857664E-016   9.9502571279372097E-017  -9.0324070261227653E-016   2.0351673856345116E-017  -1.0615456485317088E-015
  -2.3350400281280407E-016   1.1635712430458676E-015  -1.5071812387950355E-016  -9.1880370386230548E-017   4.4612910235794723E-016  -5.6240401708444030E-017   7.3375604126680477E-017  -7.5905481696158596E-016  -1.1103213400289129E-014   3.4032155848924216E-015   1.5230327543698768E-018   4.9797230388632888E-019  -6.9219635703643290E-019  -3.0754905724047534E-019  -2.6119068124708689E-019  -1.2154836971750789E-018   1.9731705186056834E-016  -5.8392643116352103E-030   1.1726660457621338E-029   5.3947019554217383E-030  -7.5737202829764936E-031  -5.6041512349325490E-031   1.7704424748425459E-030   7.1842630372342340E-029  -3.0976807278105374E-030   1.4863277624690878E-029  -2.8483686822839580E-029   1.1837760443420887E-016   7.6353343399483770E-017   2.4964565084024537E-017  -3.4701490166071945E-017  -1.5418183693370538E-017  -1.3094125336992771E-017  -6.0935159706152240E-017  -1.6889418809041538E-017   7.7769183564248911E-017  -9.2296645948556850E-018   9.4095701333207328E-016   3.0765624077105783E-016  -4.2765135213512892E-016  -1.9000933597889858E-016  -1.6136829797772064E-016  -7.5094767735315919E-016   1.8079256611119601E-016  -3.0124838537325817E-016
   1.4226443105512893E-016   1.4160618158077763E-016  -2.2582622301940197E-015   5.5127657005512764E-017   5.4676147993142281E-017  -8.8693476216970929E-016   3.6790304275938148E-018  -6.1886577314703644E-016  -8.6551959433609297E-016  -5.2349248257078246E-015   3.8802759594273132E-019   9.8343077971798643E-019   1.0567210306896491E-018  -1.7895637777687402E-018   6.4355492875370350E-019   1.4015361818261522E-018  -3.2766474601478193E-018   1.1265457329445930E-029   3.3077649850469092E-030   2.6346823310426126E-029   5.9216608045659877E-030   4.2868390622459508E-032   3.3816996164423433E-030  -3.0976807278105374E-030   3.1692032467358693E-029   1.1047829622914814E-030   7.2003840100515353E-029   2.4243679073949072E-017   1.9452768954055444E-017   4.9301781473274736E-017   5.2976000352899452E-017  -8.9715193101429893E-017   3.2262976833774591E-017   7.0262424147360444E-017   9.8256810610283104E-018   9.6730688333414175E-018  -1.6243643565298667E-016   2.3973042385707310E-016   6.0758121362557226E-016   6.5286124812524010E-016  -1.1056246706778573E-015   3.9759980337551065E-016   8.6589424682080021E-016   4.2881261457107165E-018   8.7990584039610737E-016
  -7.6991815154989130E-017   3.8730998243412709E-016  -5.1545720313819944E-017  -2.9678114622232406E-017   1.4936119811744555E-016  -2.0283263591889925E-017   1.8151251949931000E-017   5.3347901045071580E-016  -2.6018588725316797E-015  -1.6855788318389597E-016  -9.0247446320505963E-019  -9.1849251483766374E-019   4.0589138929198597E-019   1.7693768614591231E-018   5.2857947331221809E-020  -8.6690239825277593E-019   4.9092076809576846E-017  -7.6000284034255470E-030   1.8810373601564606E-030   2.5847968695172387E-030  -5.5944132102020017E-030   4.9228361846290361E-031  -3.9154772206757775E-030   1.4863277624690878E-029   1.1047829622914814E-030   4.7831812249415562E-030  -2.0113940301035537E-030   2.8893144129186394E-017  -4.5243244047097088E-017  -4.6046268009342851E-017   2.0348324447041077E-017   8.8703173794079439E-017   2.6498977071507920E-018  -4.3459929746983362E-017  -5.2322762013298043E-018   2.6356284079762445E-017  -3.7287466886358205E-018  -5.5756494603340850E-016  -5.6746118626986316E-016   2.5076699651270530E-016   1.0931528309066125E-015   3.2656590021340550E-017  -5.3558788487327845E-016   4.4825339457199029E-017  -9.3608753221071028E-017
   3.3125575608428592E-016   2.2677653119506801E-016  -6.2933162786662983E-015   1.2675632823593170E-016   9.0673153966733064E-017  -2.4688456620984870E-015  -1.6324567686070819E-016  -3.4806137590056938E-015   2.5662297664713778E-015  -1.0955034506076003E-014   4.8911444016401606E-019   2.1658480308021962E-018   1.3875973812485088E-018   1.1601384424353930E-018  -9.5059556459938702E-019  -1.6492528825384119E-018  -4.1722932797621615E-016   4.5664793796339048E-029   6.7417587034968586E-031   6.5550753705228156E-029   2.5331354950437488E-029  -9.7079606857619575E-033   2.2436852989239722E-029  -2.8483686822839580E-029   7.2003840100515353E-029  -2.0113940301035537E-030   1.9287785338012457E-028  -2.9361631569914193E-016   2.4520498788683879E-017   1.0857923965912234E-016   6.9563638106862486E-017   5.8160567216439573E-017  -4.7655672124660890E-017  -8.2681066005046498E-017   2.2002751847030870E-017   1.7188258815057563E-017  -4.5111683955284307E-016   3.0218369331754358E-016   1.3380998461970972E-015   8.5728260525608133E-016   7.1675438409176409E-016  -5.8729502748982133E-016  -1.0189380774093184E-015  -3.9433384454160933E-016  -8.0859367149833866E-016
  -1.3477182393590810E-014  -3.9271777991187213E-015  -5.0642223320985196E-015   1.2746950582567481E-014   2.7168155771634150E-015   5.4472558644736074E-015  0.17367501902974913       -2.0080942071004952E-014   2.4062822188167490E-015   2.6380400475097196E-014  -1.6756986737293023E-014  -7.8183999863404218E-016   1.5579283936239069E-016  -1.7928234753985281E-014  -5.1685552087067801E-016  -1.8931057532393352E-014  0.45582648978240081       -4.6941114645221408E-017   3.6865233972308099E-016  -1.0867417815917772E-016  -1.6543432762992011E-016   2.1143140067259287E-017  -1.1507522699716004E-017   1.1837760443420887E-016   2.4243679073949072E-017   2.8893144129186394E-017  -2.9361631569914193E-016  0.29577436626988551       -2.5823250175485945E-014   1.0199519646121660E-015  -2.6917033393023389E-016  -1.9875324909244628E-014   4.0024588569163049E-016  -2.5020346358412179E-014   8.0981312645986050E-015   1.7951772934520674E-015   2.4034167839723928E-015  -3.8256797759129759E-015   4.2504693553099521E-015  -1.0287626776448306E-015   1.2095434274446940E-014  -1.1295484731530331E-015  -3.1480886666229303E-014  0.42385795632641959        4.8735411806907596E-002
   5.0023691349357652E-017   4.8150537354992537E-017   2.1306857608501111E-016  -6.0058904526508072E-018  -7.8941129924455013E-018  -2.5229543431401613E-016  -1.2340568809964990E-014   1.1673941064352300E-016   1.7173996557699611E-015   4.2485773881510416E-015   2.4787462002930311E-004   2.1195867591095388E-016   1.1321180983926021E-016  -1.2393731001536450E-004  -1.8439778221507681E-017  -1.2393731001511543E-004  -4.1527431520040979E-014  -3.2717578343398024E-017  -1.0263525054295261E-018   5.5165799275671161E-017  -1.9765271948859129E-017  -4.7467093351593883E-017   6.3674043296295864E-017   7.6353343399483770E-017   1.9452768954055444E-017  -4.5243244047097088E-017   2.4520498788683879E-017  -2.5823250175485945E-014   1.2426558738581651E-002  -4.1287350464551865E-017   6.1989259211880853E-017  -6.2132793692912464E-003  -1.7130572996288057E-016  -6.2132793692920426E-003  -4.2532055863373339E-017  -9.2277055915771494E-018  -1.9739065380594653E-016  0.15314139598933174        2.9292771008302542E-016   5.5839800014799053E-016  -7.6570697994658821E-002  -1.1260741874419042E-015  -7.6570697994667272E-002  -2.9874704774004088E-014  -7.8214817716604559E-015
  -4.6729960289421874E-016  -2.8287070758526849E-016  -5.1736206353428432E-016   3.4698062667746218E-016   1.8616727825317979E-016   3.8996607344375667E-016   7.6047677734512054E-016   2.4307128771515998E-016   1.7086200936081666E-016   1.3205354282274635E-015  -1.1535035627289287E-016   2.4787462002911489E-004  -1.1481534908754126E-017   1.4384811307561009E-016  -5.5153387034330909E-017  -2.9287122026471080E-016   5.3814927494809809E-016   7.4324835371061493E-017   5.3308854442480407E-017   8.2352737116011043E-018  -6.0032811910787967E-017  -6.0700173876118342E-018  -3.9539108044903080E-017   2.4964565084024537E-017   4.9301781473274736E-017  -4.6046268009342851E-017   1.0857923965912234E-016   1.0199519646121660E-015  -4.1287350464551865E-017   1.2426558738588047E-002  -1.1122347278748912E-016  -1.4845507068189758E-016   8.6602837247181727E-017   1.4423277025840845E-016   2.1814784363547012E-016   5.6868749149639144E-017   2.6047570117996565E-016  -1.0802922684010052E-015  0.15314139598936763       -5.7125596028724691E-016   2.0963705455539178E-016   4.5925120548503477E-016   7.7001393542634722E-016   8.8869664072345215E-016  -2.9436560979630950E-016
  -5.0876812216910671E-017   7.3495958098198770E-018   1.3341927998206203E-016  -2.5801937929172596E-017  -1.3305519343045601E-017  -2.2520478752106620E-016  -3.1014688396162889E-016   1.9470206122298261E-016  -2.5312536708299879E-016   3.8597476646453754E-016   7.8258214412340930E-017   1.0451398915467308E-017   2.4787462002895681E-004  -3.0873212726881515E-017   3.0151431953963503E-016   5.1556513219220535E-017  -5.9078767910259406E-017  -2.8731588595528892E-017   5.4315679222058059E-017  -1.1420763651093746E-017   5.3825275884001972E-017   4.8086925747718180E-017  -1.5459946855443106E-017  -3.4701490166071945E-017   5.2976000352899452E-017   2.0348324447041077E-017   6.9563638106862486E-017  -2.6917033393023389E-016   6.1989259211880853E-017  -1.1122347278748912E-016   1.2426558738588351E-002  -1.4070720737373508E-016  -8.1810280163863017E-017   1.2208624681957058E-016   1.3580341554785770E-016  -2.7340828399852359E-017  -8.5081888400293140E-017   2.9837921413159837E-016  -6.2197121097114951E-016  0.15314139598936943       -1.2545671797161749E-015  -4.5412745024753312E-016   1.0203494407896914E-015  -2.2311004543399896E-016  -1.0925264922386744E-016
  -2.0356254198219992E-016  -6.7578001197067740E-016   4.1344357211015763E-016   2.5658284488004083E-016   4.3460264169249325E-016  -2.7525124559550095E-016  -1.4291563525717377E-014   2.8393206803307347E-017   7.6859761541761783E-017  -3.9838508590423950E-016  -1.2393731001484975E-004  -2.1421896802773855E-016  -1.4434591202265856E-016   2.4787462003004318E-004   2.0991899955837550E-016  -1.2393731001394086E-004  -3.3331056160411988E-014   4.5327067463406055E-017  -4.6693184553641219E-017   3.6564778797813450E-017  -7.0438246718479149E-017   3.3902707961210757E-017   9.6188346586184540E-018  -1.5418183693370538E-017  -8.9715193101429893E-017   8.8703173794079439E-017   5.8160567216439573E-017  -1.9875324909244628E-014  -6.2132793692912464E-003  -1.4845507068189758E-016  -1.4070720737373508E-016   1.2426558738584387E-002   2.8944957277155233E-016  -6.2132793692924139E-003   1.1813648636449458E-016   3.2779454722936028E-016  -1.3865154645661757E-016  -7.6570697994677084E-002  -2.0472443286793085E-015  -4.0405462111450849E-016  0.15314139598934240        2.2477675734199785E-015  -7.6570697994675863E-002  -4.1992898863688093E-014  -1.0440099275098257E-014
  -5.1961317909156607E-017  -4.9119040368983437E-017  -1.1997711603827674E-016   9.1678420124345575E-017   3.6583271868528854E-017   1.4598029347989825E-016   3.8327228336577785E-016  -6.8948616708288397E-016   7.1702447265962319E-016  -5.2385935513599125E-016  -1.2254727934610746E-016  -3.6103481737129965E-017   2.7456873396567139E-016   2.6900363351349273E-017   2.4787462002901877E-004   3.5484708245899296E-017   7.1924492199279767E-016   3.4443667328208952E-018  -3.1574724668106672E-018   2.3201132241796839E-017  -1.2695174063340179E-017  -7.3094465528377363E-017   8.0740712767825117E-018  -1.3094125336992771E-017   3.2262976833774591E-017   2.6498977071507920E-018  -4.7655672124660890E-017   4.0024588569163049E-016  -1.7130572996288057E-016   8.6602837247181727E-017  -8.1810280163863017E-017   2.8944957277155233E-016   1.2426558738587980E-002  -1.3798130314829752E-016  -5.4756319236139198E-017   2.0612291782011296E-017   3.6678756192789935E-017  -9.6397918639169627E-016   7.0233854403958517E-016  -7.4975836010263769E-016   1.2609761089277778E-015  0.15314139598936732       -1.3130048297803134E-016   8.2901827188566888E-016  -3.2222236712498243E-016
   2.7296327580259232E-016   7.1326059767621927E-016  -8.2430840276354657E-016  -2.0358433829732344E-016  -3.9280159405217919E-016   4.5018622330735231E-016  -1.4690280354367803E-014   2.4418936459041158E-016  -1.2461602388280015E-015  -3.8968759331986585E-015  -1.2393731001448602E-004   1.3524965498644614E-018   3.1999164359246563E-017  -1.2393731001466416E-004  -1.9187492254396379E-016   2.4787462002907450E-004  -3.3347572496081611E-014  -1.2609489119993051E-017   4.7719537058967126E-017  -9.1730578073467854E-017   9.0203518667372883E-017   1.3564385390382841E-017  -7.3292877954911016E-017  -6.0935159706152240E-017   7.0262424147360444E-017  -4.3459929746983362E-017  -8.2681066005046498E-017  -2.5020346358412179E-014  -6.2132793692920426E-003   1.4423277025840845E-016   1.2208624681957058E-016  -6.2132793692924139E-003  -1.3798130314829752E-016   1.2426558738585367E-002  -6.6965948339386974E-017  -3.1225728308325340E-016   3.2199159939280355E-016  -7.6570697994674836E-002   1.1934728108130680E-015   3.8010772914631883E-016  -7.6570697994674627E-002  -1.3661647763686204E-015  0.15314139598935436       -2.8890577711756675E-014  -1.0222545367008700E-014
