  0.18940407183151792       0.29423694317084720        7.9843219231694006E-017   2.8617862261495332E-017   4.8284146709223008E-018   4.0251842008459298E-016  -7.3613719489348927E-019  -5.3311821377907926E-020   3.8586933101910235E-016  -6.1775281365464317E-019   3.9419387555184764E-016  0.21836901365669326       -2.0884768549332143E-017  -1.3793569674428413E-017   5.1915242702807324E-018
  0.29423694317084720       0.45709354550485287        1.2403547892334226E-016   4.4457504162830392E-017   7.5008840063228126E-018   6.2530751504119023E-016  -1.1435802614238159E-018  -8.2819272074886613E-020   5.9944335580829491E-016  -9.5967155176378499E-019   6.1237543542474257E-016  0.33923363125336181       -3.2444236268861268E-017  -2.1428144269401833E-017   8.0649703932630793E-018
   7.9843219231694006E-017   1.2403547892334226E-016   3.3657880718378125E-032   1.2063849675415304E-032   2.0354164901740242E-033   1.6968149707044078E-031  -3.1031837313808231E-034  -2.2473579373222819E-035   1.6266307948622725E-031  -2.6041347925982552E-034   1.6617228827833401E-031   9.2053380173946253E-017  -8.8039667667273011E-033  -5.8146743987779860E-033   2.1884852128596544E-033
   2.8617862261495332E-017   4.4457504162830392E-017   1.2063849675415304E-032   4.3239938428907390E-033   7.2954559349047721E-034   6.0818210465624917E-032  -1.1122608212860926E-034  -8.0551085641894372E-036   5.8302629184566669E-032  -9.3338885283024436E-035   5.9560419825095793E-032   3.2994297823569435E-017  -3.1555680082720375E-033  -2.0841287793869062E-033   7.8440935856048012E-034
   4.8284146709223008E-018   7.5008840063228126E-018   2.0354164901740242E-033   7.2954559349047721E-034   1.2308916069722105E-034   1.0261267490499116E-032  -1.8766099362410032E-035  -1.3590604361645251E-036   9.8368378300173944E-033  -1.5748165916448159E-035   1.0049052660258255E-032   5.5668082476744077E-018  -5.3240842125143562E-034  -3.5163485946407351E-034   1.3234579229833334E-034
   4.0251842008459298E-016   6.2530751504119023E-016   1.6968149707044078E-031   6.0818210465624917E-032   1.0261267490499116E-032   8.5542552987731291E-031  -1.5644266661680285E-033  -1.1329740646735468E-034   8.2004315946845366E-031  -1.3128381251289498E-033   8.3773434467288328E-031   4.6407423833375280E-016  -4.4383966822991397E-032  -2.9313867537211865E-032   1.1032942042360487E-032
  -7.3613719489348927E-019  -1.1435802614238159E-018  -3.1031837313808231E-034  -1.1122608212860926E-034  -1.8766099362410032E-035  -1.5644266661680285E-033   2.8610682149837503E-036   2.0720153618822745E-037  -1.4997183755611386E-033   2.4009558980643640E-036  -1.5320725208645837E-033  -8.4871223522527557E-019   8.1170667490089306E-035   5.3610039053088378E-035  -2.0177359845491868E-035
  -5.3311821377907926E-020  -8.2819272074886613E-020  -2.2473579373222819E-035  -8.0551085641894372E-036  -1.3590604361645251E-036  -1.1329740646735468E-034   2.0720153618822745E-037   1.5005750780047435E-038  -1.0861116475258381E-034   1.7387972359196161E-037  -1.1095428560996924E-034  -6.1464622898346430E-020   5.8784641726781895E-036   3.8824947929365840E-036  -1.4612653883306016E-036
   3.8586933101910235E-016   5.9944335580829491E-016   1.6266307948622725E-031   5.8302629184566669E-032   9.8368378300173944E-033   8.2004315946845366E-031  -1.4997183755611386E-033  -1.0861116475258381E-034   7.8612428540383991E-031  -1.2585361161196479E-033   8.0308372243614678E-031   4.4487905883017974E-016  -4.2548143715665112E-032  -2.8101378450678968E-032   1.0576594144843022E-032
  -6.1775281365464317E-019  -9.5967155176378499E-019  -2.6041347925982552E-034  -9.3338885283024436E-035  -1.5748165916448159E-035  -1.3128381251289498E-033   2.4009558980643640E-036   1.7387972359196161E-037  -1.2585361161196479E-033   2.0148380923810995E-036  -1.2856871206242988E-033  -7.1222371988606657E-019   6.8116933332628739E-035   4.4988560141934425E-035  -1.6932469793865404E-035
   3.9419387555184764E-016   6.1237543542474257E-016   1.6617228827833401E-031   5.9560419825095793E-032   1.0049052660258255E-032   8.3773434467288328E-031  -1.5320725208645837E-033  -1.1095428560996924E-034   8.0308372243614678E-031  -1.2856871206242988E-033   8.2040903355451503E-031   4.5447664858196627E-016  -4.3466055269328252E-032  -2.8707622993945417E-032   1.0804768093601755E-032
  0.21836901365669326       0.33923363125336181        9.2053380173946253E-017   3.2994297823569435E-017   5.5668082476744077E-018   4.6407423833375280E-016  -8.4871223522527557E-019  -6.1464622898346430E-020   4.4487905883017974E-016  -7.1222371988606657E-019   4.5447664858196627E-016  0.25176346878019984       -2.4078607521293429E-017  -1.5902974922783996E-017   5.9854470039294001E-018
  -2.0884768549332143E-017  -3.2444236268861268E-017  -8.8039667667273011E-033  -3.1555680082720375E-033  -5.3240842125143562E-034  -4.4383966822991397E-032   8.1170667490089306E-035   5.8784641726781895E-036  -4.2548143715665112E-032   6.8116933332628739E-035  -4.3466055269328252E-032  -2.4078607521293429E-017   2.3028731808214020E-033   1.5209573233239576E-033  -5.7244694770606936E-034
  -1.3793569674428413E-017  -2.1428144269401833E-017  -5.8146743987779860E-033  -2.0841287793869062E-033  -3.5163485946407351E-034  -2.9313867537211865E-032   5.3610039053088378E-035   3.8824947929365840E-036  -2.8101378450678968E-032   4.4988560141934425E-035  -2.8707622993945417E-032  -1.5902974922783996E-017   1.5209573233239576E-033   1.0045325980771780E-033  -3.7807873424338466E-034
   5.1915242702807324E-018   8.0649703932630793E-018   2.1884852128596544E-033   7.8440935856048012E-034   1.3234579229833334E-034   1.1032942042360487E-032  -2.0177359845491868E-035  -1.4612653883306016E-036   1.0576594144843022E-032  -1.6932469793865404E-035   1.0804768093601755E-032   5.9854470039294001E-018  -5.7244694770606936E-034  -3.7807873424338466E-034   1.4229854716581090E-034
