   1.5719260494862828       -6.2480194988164714E-015  -1.1488028266222644E-016   3.7729768964278483E-015   5.0602421721334244E-002   3.3553563237103876E-015   1.5149372551042707E-015  -1.2144174560696840E-002  -8.2818123391185197E-015   1.5836297035525506E-015   6.8841416531288474E-016   1.4471219873681829E-014  -2.9106658410634507E-015  -9.4838053783303707E-017   7.4840372436314932E-017  -2.1129723169070693E-015  -1.5200336958659578E-016  -1.4569589649414491E-015   6.8097802414729342E-015   1.5081260051268623E-013   8.0611409680768709E-017  -1.1738356057691708E-016   5.7111872421051592E-014   2.8921265048314426E-016   5.8856281970455633E-014   1.1423856817886480E-016  -1.6477318531518669E-016   1.9819823925979401E-016  -4.5197894210129993E-016   2.8682322093411142E-015  -2.5802748670214619E-015   2.0806290285180607E-016  -7.7485055592468491E-017  -3.8166995732124751E-015  -9.7208421571091715E-016  -2.8969279544110229E-015   4.5876060163032436E-003   1.0051075913086740E-015   7.6661260847159548E-016  -1.5463545415525407E-015   3.2385762861946590E-015   1.7980049159540523E-015  -7.6445764030961220E-015  -8.5908763165506406E-015  -3.8792333610575263E-016
  -6.2480194988164714E-015   1.5719260494869267        2.0720834236105810E-015   2.1641769662424324E-015   7.6990835928039499E-016   5.0602421721163679E-002  -8.2140406525515520E-015  -4.0907971464530312E-015  -1.2144174560365491E-002  -7.9137338372169313E-015  -4.4534398720804140E-015   1.5480203587485206E-014  -3.0442531508351064E-016   7.5785469748740600E-017   8.1765497354882644E-017  -4.4975286233531753E-016   1.7756996158762101E-017  -2.8882439284643584E-016   1.3160256914595226E-014   1.1238114788027162E-015   4.1410786233147065E-014  -4.4451732504625886E-016   1.3505372235064648E-016   4.4062997609543756E-017   5.2446403959406639E-016   8.5183018511571156E-014  -3.4631134037231529E-016   4.2060471257548851E-014  -8.0923392008330423E-016  -2.8496356227449187E-015   4.3661593833088434E-016   2.9711764041399215E-016   7.3390010125451794E-016  -6.4634906900285143E-017   4.8236248347430688E-016  -1.5506719274075619E-016   3.6252710955436441E-016   4.5876060161405023E-003  -4.9786586013369455E-015   3.9267433518850066E-015   3.3775717304744078E-015   8.1746468205902046E-015  -6.3905044432041972E-016   5.1943141292968376E-015  -2.1193083548085439E-015
  -1.1488028266222644E-016   2.0720834236105810E-015   1.5719260494862088       -3.6693168160312795E-015   2.0525190375543334E-015   4.1165660099093454E-015   5.0602421721385411E-002   3.9335924902731080E-015  -2.7170527761956265E-015  -1.2144174560416445E-002  -5.0997010294379984E-015  -1.3591073437395705E-014  -1.8094054777108120E-015  -3.2496121936069242E-016   4.2768711891358360E-016  -1.6409862121443665E-015   2.1328260416860723E-016  -1.4137884281448148E-015   1.3995095089265988E-014  -1.4037887599142493E-015   1.0740909849884782E-015   5.6560595344662677E-014  -7.4859779497048100E-016  -1.7519880309776242E-016  -4.1555581816460511E-016   2.1374776635675124E-015   5.2208489374795193E-014   1.2946723369793313E-015   1.4520400266047010E-013  -9.0624421775125687E-015  -1.4758717515993330E-015   8.8315550421648773E-016   3.7032846650206718E-015  -3.2199199843688549E-015   2.0481387796975673E-015  -6.6089525705003494E-016  -1.0007960213930042E-016   2.3048640587480681E-015   4.5876060162911075E-003   2.8461791899800846E-017   1.1944637625243971E-014   4.3111771876533343E-014  -1.3961305769075223E-014   2.0241195499081756E-014   6.6250931900823657E-015
   3.7729768964278483E-015   2.1641769662424324E-015  -3.6693168160312795E-015   1.1847085964288726        1.4713141510542872E-015  -2.2977612587114137E-015   2.4656007284777891E-015  -4.6207777261563095E-016   1.3043643163143571E-014   2.7282407106457654E-014  -2.5280740282433963E-003   1.0235129016908659E-003   3.0264654915314030E-014  -8.6586468556915395E-016   6.1445188498637481E-017   2.6797788469319483E-014  -3.5709661528421711E-016   5.0951778956573619E-014  0.93673838751964189        2.5985793692035030E-016  -5.3409129164005280E-016   3.1576630033293221E-016  -3.8986146763211492E-017  -2.6585974693142767E-017   1.5515921446820301E-016  -1.0627830675108186E-015  -2.6313648577094655E-017  -4.7116189962737002E-016  -2.0923220243377920E-017  0.88385231036983380       -5.6357180285962086E-014   1.1686669766587973E-017   8.5870587501590468E-016  -7.2466809200516520E-014   6.5236100772048636E-016  -7.9771957284468675E-014   2.1860963902843411E-016  -4.1250028009991326E-015   4.2977950440139671E-016  -8.9292633584457531E-014  -1.8240101537142330E-015   1.2536674008304755E-016  -8.4860769833854159E-014  -4.3622656596426395E-016  -5.0415884698896290E-014
   5.0602421721334244E-002   7.6990835928039499E-016   2.0525190375543334E-015   1.4713141510542872E-015   1.6290787647208773E-003   1.4119236255360367E-016   1.1421930749162362E-016   9.5835534269503807E-005   4.0549354781012871E-015  -1.0825052787362103E-015   2.0400818401856500E-017  -4.4979492710170939E-015  -1.0231313386889594E-016  -3.0474512208150024E-017  -1.0329651377982164E-017  -3.9700885382255171E-017   5.9409227796773298E-017  -6.6561989005282984E-017   1.3062570619759577E-015   4.8532089031447972E-015   2.3930413735748129E-018  -3.9310505744679758E-018   1.8372329742124710E-015   9.1929922774055223E-018   1.8935592513257944E-015   3.1947388916295435E-018  -5.6943681476391477E-018   6.4064407152073235E-018  -1.4495478414515258E-017   9.8769640488397918E-016  -1.7876802840569390E-016  -2.9898914717068356E-016  -1.4204935045318778E-016   1.9514028719630743E-016   6.8731145526341639E-016  -3.1517134384483262E-016   1.4771059117529527E-004   3.6641336176705247E-017   3.0005121834585636E-017  -1.1334703528140891E-015  -3.3538541392319243E-015  -1.5221302579411331E-015   3.3484994123212327E-015   7.8497803497653765E-015  -2.5230017160157861E-015
   3.3553563237103876E-015   5.0602421721163679E-002   4.1165660099093454E-015  -2.2977612587114137E-015   1.4119236255360367E-016   1.6290787647091870E-003  -1.3237545206070658E-016   3.3962685692689769E-015   9.5835534196452325E-005   1.2572861131542122E-014  -1.3975310233495596E-016  -1.1697944664619473E-014  -2.7649336371147797E-017  -1.2700427628577183E-017  -3.3923441180552946E-017  -1.1942582963222618E-017  -2.1899517550712511E-017   6.5280614446300344E-018  -1.3971782992608646E-015   3.6251274678022818E-017   1.3263066976775139E-015  -1.3934142860835602E-017   4.5104547625456295E-018   1.4156188208566755E-018   1.6822021839982425E-017   2.7275459440108259E-015  -1.0635283065111163E-017   1.3469512855279103E-015  -2.5125669758324901E-017  -2.1334831507795306E-015  -1.8757989646715051E-016  -1.5838963765190672E-016  -3.8484481813456018E-016   2.2868313568840159E-017  -2.3638474691755036E-016   1.7133961277400656E-016   2.3607763975270980E-017   1.4771059116947474E-004  -1.4936334194963087E-016  -2.1520545995534372E-015  -1.7912027052612119E-015  -4.3569057973615411E-015   2.6229151988376356E-016  -2.6821087562125498E-015   1.9272454354035394E-015
   1.5149372551042707E-015  -8.2140406525515520E-015   5.0602421721385411E-002   2.4656007284777891E-015   1.1421930749162362E-016  -1.3237545206070658E-016   1.6290787647241739E-003  -1.8100558643299400E-015  -6.0025149609855465E-015   9.5835534123738951E-005  -1.5289131742989188E-016   1.3265817151052880E-014  -5.3132663489583889E-017  -6.0567603323293923E-017  -1.8507886095599709E-016  -1.7160997237646357E-017  -8.2040552608520671E-017  -8.7703022733366131E-017   2.3995464729563584E-015  -4.5336790266445406E-017   3.4563566008944747E-017   1.8125225429775271E-015  -2.4095728373330549E-017  -5.7046493681572626E-018  -1.3038708009950657E-017   6.7970171217616894E-017   1.6720379098608142E-015   4.0984756486770021E-017   4.6575574207792435E-015   1.9579923434462241E-015   1.0798490559010681E-017  -5.3284156786197653E-016  -2.1030248369248051E-015   3.0239063589051131E-016  -9.2980252462945131E-016  -4.8615138860565459E-016   5.6636246566272698E-019   5.2951239918146536E-017   1.4771059117501607E-004   6.6334088529359745E-016  -5.9650230110232128E-015  -2.3748015170047933E-014   4.1417798103878490E-015  -1.0612979898599770E-014  -5.0413798034046597E-015
  -1.2144174560696840E-002  -4.0907971464530312E-015   3.9335924902731080E-015  -4.6207777261563095E-016   9.5835534269503807E-005   3.3962685692689769E-015  -1.8100558643299400E-015   1.9997651946035806       -8.5251608360814862E-015   5.4612523100090819E-015   6.9863317254632638E-015   4.7006955807689454E-015  -1.6812532640281859E-016  -3.5419779213907505E-016  -1.0258917819201968E-015  -3.6775891626635470E-016   2.7561749043329190E-016   7.6326262586978465E-016  -1.0912006489305291E-014  -7.9528568405889874E-015  -8.3023160420250816E-016  -6.2480691133217185E-016  -5.6801946283590514E-015  -4.8350249551647346E-016  -4.9896448782355630E-015  -1.9840476737918339E-015  -1.6012515384755408E-015   1.0598304593056130E-016   2.2669653841310467E-016   2.4021499213197215E-015   6.9027488160877008E-016   6.2860707250247249E-016   7.4724112354011457E-016   5.0494985145827089E-016  -3.9738622644037824E-016   4.5479611445175718E-016   8.5169007935269748E-005   4.8702806393202076E-015  -2.4866693496062771E-015   1.9227458684275986E-015   2.3104659251103098E-015   9.7018763435304386E-016  -1.3624860112496009E-015  -5.3044000920626866E-015   1.0895570236751989E-015
  -8.2818123391185197E-015  -1.2144174560365491E-002  -2.7170527761956265E-015   1.3043643163143571E-014   4.0549354781012871E-015   9.5835534196452325E-005  -6.0025149609855465E-015  -8.5251608360814862E-015   1.9997651946037909       -5.1405614208640857E-015  -5.3026274305590589E-017   2.2522134733082269E-014   6.6808273299892218E-016  -4.9788270347490164E-016  -1.4097173529875522E-016   1.2314862718041662E-015   2.1537540605045211E-016   2.1098412648527000E-016  -4.7954334688128188E-015   2.9640366038345737E-016  -2.8100054023295597E-014   1.5458711448296392E-015   6.6812428104798280E-016  -1.1960187252936519E-017  -2.5539530867321314E-016  -6.0677964186689639E-014   2.1098685034014692E-015  -2.9212800856515336E-014   3.8047816952495995E-015   1.1853945457262005E-014  -4.6521629527265722E-016   3.5313345879894764E-016   6.1590049027920333E-016  -3.1055288506881531E-016   3.8058829378446415E-016  -6.8310011166488579E-016   5.4919146092379987E-015   8.5169007862573789E-005  -6.9063756499122219E-015   2.0699118177219486E-015   1.6262624130344853E-015   3.8144654464195637E-015  -5.5049460171531370E-016   2.2519564925358390E-015  -2.0605158073138152E-015
   1.5836297035525506E-015  -7.9137338372169313E-015  -1.2144174560416445E-002   2.7282407106457654E-014  -1.0825052787362103E-015   1.2572861131542122E-014   9.5835534123738951E-005   5.4612523100090819E-015  -5.1405614208640857E-015   1.9997651946039265        6.2359065455335636E-014   1.9031921887525329E-015  -4.8656590984975817E-016   3.5565131188403614E-016  -6.1740183399989240E-016  -2.5965002671932718E-015   5.6244519240239215E-016  -2.6805260752890853E-015  -1.1177653737203794E-013  -5.9276582602057877E-016  -6.1180080627843967E-017  -3.4284485869202640E-014   1.6650335972644741E-017  -2.6469548883783558E-016   1.3941636338285211E-015  -3.4595266283603773E-015  -3.5830257286487594E-014  -2.8547789892012992E-015  -6.9953505183160011E-014   7.0279639967181512E-014  -1.1336419229545451E-015   1.2693635393508810E-015   3.6395020419562233E-015  -3.7157299675390141E-016   2.1792669430647051E-015  -6.0302787625756591E-016  -2.1629527643393409E-015   1.3442229683267861E-014   8.5169007790207157E-005  -5.2559192369546987E-016   5.0986728712031154E-015   2.0324412562836545E-014  -7.0256812906917363E-015   8.0696808574552795E-015   3.4473608804140896E-015
   6.8841416531288474E-016  -4.4534398720804140E-015  -5.0997010294379984E-015  -2.5280740282433963E-003   2.0400818401856500E-017  -1.3975310233495596E-016  -1.5289131742989188E-016   6.9863317254632638E-015  -5.3026274305590589E-017   6.2359065455335636E-014   5.4213371677182915E-006   2.2526284721831891E-004  -3.7939565254392102E-016   4.6907461582145590E-017  -2.2307274166687877E-018   2.3049871058161426E-016   6.3289592705361419E-018  -9.6327952541202874E-017  -1.9999457851373297E-003  -5.1823318913378124E-019   1.2530132770455327E-018  -6.1308569229484988E-019   1.2757128610980453E-019   5.5911687349544982E-020  -3.8767145237944639E-019   2.5259826109254558E-018   1.0691808444045328E-019   1.0818129544505677E-018   2.2402610295085824E-020  -1.8809243019982250E-003  -3.3755034256513083E-015   5.0567414108193835E-016  -2.3424845696098403E-017   3.4006304767957591E-015   6.2836213016890982E-017   3.5205947850148332E-016   1.2993697506091280E-018  -6.3560244097719442E-018  -1.0638061005730790E-017  -3.9118709476064739E-014   5.7204823064575702E-015  -2.4671851728955598E-016   3.7121771001174248E-014   7.2574756909274187E-016   2.3698418844381681E-015
   1.4471219873681829E-014   1.5480203587485206E-014  -1.3591073437395705E-014   1.0235129016908659E-003  -4.4979492710170939E-015  -1.1697944664619473E-014   1.3265817151052880E-014   4.7006955807689454E-015   2.2522134733082269E-014   1.9031921887525329E-015   2.2526284721831891E-004   1.9427699976056265       -3.7779975088529797E-014  -1.0703340545895648E-015  -1.2856371318139157E-015  -3.8775429236543245E-014  -1.3736883567697165E-015  -4.9179193557917021E-014  -7.9073147346571011E-003   3.1014073668778291E-016   9.6734777158900019E-016   5.1904489829698672E-016   3.7902660393713456E-016  -7.0328383721184094E-018  -4.8310062603517985E-016   2.2035755050369434E-015   4.3360924798036329E-016   6.5209617360977947E-016  -1.9003427178738220E-016   4.4721524375561580E-002  -1.9638547932290651E-013   1.2382745310001057E-015   1.8372934582402691E-015  -2.0149881049002366E-013   1.2251432771610448E-015  -1.8262025630139761E-013  -5.8372900107626721E-015  -1.8502151414439005E-014   1.2114155562067060E-014  -3.1107995053822674E-013  -5.1458021773930306E-015   1.4033749758773579E-015  -2.9191670674131671E-013   8.1354740582916415E-016  -3.0525541270086876E-013
  -2.9106658410634507E-015  -3.0442531508351064E-016  -1.8094054777108120E-015   3.0264654915314030E-014  -1.0231313386889594E-016  -2.7649336371147797E-017  -5.3132663489583889E-017  -1.6812532640281859E-016   6.6808273299892218E-016  -4.8656590984975817E-016  -3.7939565254392102E-016  -3.7779975088529797E-014   1.1340377419598825E-004   1.9956432693005701E-017  -1.3651662736232684E-017  -5.6701887097959182E-005  -7.0812009604776021E-017  -5.6701887097986890E-005   2.4567448364188619E-014  -3.5699861996363808E-018   5.2450662257452318E-018  -1.6523656493474162E-017   6.8966910487276437E-019   7.1610035912818888E-019   4.0922448082601340E-018  -3.5970268727402394E-018  -2.7507636658911245E-018  -6.2205500308655985E-018  -1.7898078183886075E-017   2.1610409372956265E-014   1.2688226212299850E-003   1.4205333794157219E-016  -1.3820450791036304E-016  -6.3441131061478734E-004  -4.2520858075794931E-016  -6.3441131061521647E-004  -2.1548652494793601E-017  -1.9814597349530082E-017  -6.6293398803189950E-018   1.4348815910306477E-002   1.6369679329297722E-015  -1.5575704128812767E-015  -7.1744079551514760E-003  -5.1726829839678510E-015  -7.1744079551550070E-003
  -9.4838053783303707E-017   7.5785469748740600E-017  -3.2496121936069242E-016  -8.6586468556915395E-016  -3.0474512208150024E-017  -1.2700427628577183E-017  -6.0567603323293923E-017  -3.5419779213907505E-016  -4.9788270347490164E-016   3.5565131188403614E-016   4.6907461582145590E-017  -1.0703340545895648E-015   1.9956432693005701E-017   1.1340377419602467E-004   3.5089063023662598E-017   2.5388819977035065E-018   1.3110477364775686E-017   6.8533484358849630E-018  -7.7609215637165641E-016  -3.7095337909299197E-018  -3.5061311968910169E-019  -1.2131056332355196E-017   8.2881766046181572E-018   3.4970564053387468E-018  -3.3109034192690963E-018  -1.8315173238007641E-018  -8.3931049320389022E-018  -1.0194542735516544E-017  -2.2928479860592005E-017  -6.3627884945125757E-016   9.4149090170284146E-017   1.2688226212302712E-003   1.2915206033104285E-016  -1.2378804188896727E-017   4.9798984477130080E-018  -4.9907972863985471E-017  -2.1190271198891199E-017  -1.1445211549369550E-017  -3.6508365256240492E-017   9.0224162831418881E-016   1.4348815910308906E-002   1.5355414640674584E-015  -2.6435378152633389E-016   7.3840760575744308E-017  -5.9956889681696725E-016
   7.4840372436314932E-017   8.1765497354882644E-017   4.2768711891358360E-016   6.1445188498637481E-017  -1.0329651377982164E-017  -3.3923441180552946E-017  -1.8507886095599709E-016  -1.0258917819201968E-015  -1.4097173529875522E-016  -6.1740183399989240E-016  -2.2307274166687877E-018  -1.2856371318139157E-015  -1.3651662736232684E-017   3.5089063023662598E-017   1.1340377419607738E-004   7.4125159642584853E-018   3.4783486966668444E-017  -1.3383350807175119E-017   1.0123830866874150E-016   9.5449364793957769E-019  -7.8213398017814758E-018  -2.6736111126227051E-017   3.3303318376916616E-018   4.0350963616853655E-018  -4.6015225306716534E-018  -1.1041913743929653E-017  -3.3767221410136366E-017  -7.0168476294857215E-018  -6.4928032853739687E-017  -6.7042199886218616E-019  -2.5768895406604129E-017   2.6741562739912704E-016   1.2688226212305218E-003   6.9194948228232648E-017   1.6268440261150079E-016  -6.9844824124036733E-017  -9.9038836208899860E-018  -2.9925273943546025E-017  -1.5248022070950756E-016  -1.7229016091854183E-016   2.8795858730684637E-015   1.4348815910312247E-002   1.0863115426045223E-015   2.0714098719872332E-015  -9.4358813211849617E-016
  -2.1129723169070693E-015  -4.4975286233531753E-016  -1.6409862121443665E-015   2.6797788469319483E-014  -3.9700885382255171E-017  -1.1942582963222618E-017  -1.7160997237646357E-017  -3.6775891626635470E-016   1.2314862718041662E-015  -2.5965002671932718E-015   2.3049871058161426E-016  -3.8775429236543245E-014  -5.6701887097959182E-005   2.5388819977035065E-018   7.4125159642584853E-018   1.1340377419615637E-004   2.2951185610241332E-017  -5.6701887098169910E-005   2.1236113067828576E-014  -4.7541914940757833E-018  -5.7014529557420912E-018   2.0245384205693605E-017   3.3532413101783268E-018   2.2549930682695441E-018   3.0313214756282175E-018   1.7628485174920963E-018   1.1184769136306002E-017   1.2733532830471363E-017   3.2503145854447638E-017   1.9095279823541329E-014  -6.3441131061474495E-004   5.8977155457508664E-017  -3.1712171977761328E-017   1.2688226212308753E-003   1.0597396293583978E-016  -6.3441131061612070E-004   1.8606323737414665E-017  -8.8085189828023332E-019   2.6551091310207635E-017  -7.1744079551506537E-003   5.8769788887995877E-016  -1.3841400463540040E-016   1.4348815910317109E-002   1.4139010386467675E-015  -7.1744079551665559E-003
  -1.5200336958659578E-016   1.7756996158762101E-017   2.1328260416860723E-016  -3.5709661528421711E-016   5.9409227796773298E-017  -2.1899517550712511E-017  -8.2040552608520671E-017   2.7561749043329190E-016   2.1537540605045211E-016   5.6244519240239215E-016   6.3289592705361419E-018  -1.3736883567697165E-015  -7.0812009604776021E-017   1.3110477364775686E-017   3.4783486966668444E-017   2.2951185610241332E-017   1.1340377419614418E-004   2.3357472221892343E-017  -2.3947471774918870E-016   4.6016303156044644E-018  -1.5997140913416235E-017  -1.4136789964906101E-017   3.9430786461615521E-018   6.9787530371125206E-018  -1.0116210937489073E-017  -1.4113875185221788E-019  -2.1053300823911797E-017  -5.3454772298102188E-018  -3.6659174267260966E-017  -3.1663326146120812E-016  -3.2025432306787344E-016   1.4354030945034830E-016   1.9489628208752031E-016   9.8007292157773067E-017   1.2688226212308606E-003   2.0669984456094180E-016   4.9749985021016300E-017  -1.7712657007543320E-017  -5.7709256400857868E-017  -3.8047267064460108E-015   1.5531816961263605E-015   2.3032145854801841E-015   1.5219843617754430E-015   1.4348815910316491E-002   2.2747611436379801E-015
  -1.4569589649414491E-015  -2.8882439284643584E-016  -1.4137884281448148E-015   5.0951778956573619E-014  -6.6561989005282984E-017   6.5280614446300344E-018  -8.7703022733366131E-017   7.6326262586978465E-016   2.1098412648527000E-016  -2.6805260752890853E-015  -9.6327952541202874E-017  -4.9179193557917021E-014  -5.6701887097986890E-005   6.8533484358849630E-018  -1.3383350807175119E-017  -5.6701887098169910E-005   2.3357472221892343E-017   1.1340377419608735E-004   4.0166859130362948E-014   8.3241776930919306E-018   4.5638672983013951E-019  -3.7217277122935233E-018  -4.0429104153091418E-018  -2.9710934273992142E-018  -7.1235662840827827E-018   1.8341783548916757E-018  -8.4340054704883819E-018  -6.5129827997429358E-018  -1.4605067670774429E-017   3.7031326803033633E-014  -6.3441131061476815E-004   1.2733818610068899E-016  -4.9630405585247283E-017  -6.3441131061578264E-004   4.5077899004102636E-017   1.2688226212305600E-003  -1.5960351285226167E-017   1.7778299360830650E-017  -3.4467575894164839E-017  -7.1744079551504872E-003   1.4887782019360919E-015  -7.8682181203078859E-016  -7.1744079551621827E-003   6.5840813314233603E-016   1.4348815910312774E-002
   6.8097802414729342E-015   1.3160256914595226E-014   1.3995095089265988E-014  0.93673838751964189        1.3062570619759577E-015  -1.3971782992608646E-015   2.3995464729563584E-015  -1.0912006489305291E-014  -4.7954334688128188E-015  -1.1177653737203794E-013  -1.9999457851373297E-003  -7.9073147346571011E-003   2.4567448364188619E-014  -7.7609215637165641E-016   1.0123830866874150E-016   2.1236113067828576E-014  -2.3947471774918870E-016   4.0166859130362948E-014  0.74070969151813060        2.0407682663895845E-016  -4.2664341769306936E-016   2.4734599375935692E-016  -3.2526719040270073E-017  -2.0989838986638428E-017   1.2485111234477948E-016  -8.5022384636260234E-016  -2.2751535297499062E-017  -3.7547103656492572E-016  -1.5691258057479011E-017  0.69865681382371903       -3.8445823318998636E-014  -1.0733202623695074E-015   1.1953130497585087E-015  -5.7813031369361361E-014   9.2112482917554272E-016  -6.6072342789259296E-014   2.0976757025705313E-016  -3.1458886038389247E-015   3.2657092313169840E-016  -1.0013042213757708E-014  -1.3598744620150921E-014   6.0252056582289812E-015  -8.1824621393971771E-014   4.2971040676908649E-015  -8.1653071934196694E-014
   1.5081260051268623E-013   1.1238114788027162E-015  -1.4037887599142493E-015   2.5985793692035030E-016   4.8532089031447972E-015   3.6251274678022818E-017  -4.5336790266445406E-017  -7.9528568405889874E-015   2.9640366038345737E-016  -5.9276582602057877E-016  -5.1823318913378124E-019   3.1014073668778291E-016  -3.5699861996363808E-018  -3.7095337909299197E-018   9.5449364793957769E-019  -4.7541914940757833E-018   4.6016303156044644E-018   8.3241776930919306E-018   2.0407682663895845E-016   1.4495518169742048E-026   3.4379428285289031E-029  -5.0165147075492146E-029   5.4976962239048340E-027   2.9619913132493575E-029   5.6615253327076070E-027   6.8760595231328300E-029  -4.7693481021112624E-029   4.3529946949237761E-029  -1.5558190339228034E-028   2.0087941364645286E-016  -3.9942932052927710E-017  -4.1504265810427554E-017   1.0679390001773409E-017  -5.3192459914971384E-017   5.1485523126334597E-017   9.3135391966867783E-017   4.3973139710636156E-016   3.2982022182180883E-018  -4.1333109139393692E-018  -4.5170520240711466E-016  -4.6936195780367283E-016   1.2077070396301873E-016  -6.0154098954464959E-016   5.8223764380065759E-016   1.0532461919506605E-015
   8.0611409680768709E-017   4.1410786233147065E-014   1.0740909849884782E-015  -5.3409129164005280E-016   2.3930413735748129E-018   1.3263066976775139E-015   3.4563566008944747E-017  -8.3023160420250816E-016  -2.8100054023295597E-014  -6.1180080627843967E-017   1.2530132770455327E-018   9.6734777158900019E-016   5.2450662257452318E-018  -3.5061311968910169E-019  -7.8213398017814758E-018  -5.7014529557420912E-018  -1.5997140913416235E-017   4.5638672983013951E-019  -4.2664341769306936E-016   3.4379428285289031E-029   1.4818137556499760E-027   9.4515786088462777E-030  -1.8550501964917775E-030   9.7505505359501941E-032   2.3336592828926430E-029   3.0824560085158812E-027   3.9403014019220129E-030   1.5114566046519078E-027   3.4787383203985316E-029  -3.7656094805355561E-016   5.8684631303575011E-017  -3.9228487828156523E-018  -8.7509370293729714E-017  -6.3790932315405897E-017  -1.7898464499818964E-016   5.1063010116600920E-018   1.8522298554276625E-019   1.1918022055190536E-016   3.1315038244663786E-018   6.6365066105434684E-016  -4.4362572109533574E-017  -9.8962283912805703E-016  -7.2139661543282310E-016  -2.0240951563119317E-015   5.7745954378163816E-017
  -1.1738356057691708E-016  -4.4451732504625886E-016   5.6560595344662677E-014   3.1576630033293221E-016  -3.9310505744679758E-018  -1.3934142860835602E-017   1.8125225429775271E-015  -6.2480691133217185E-016   1.5458711448296392E-015  -3.4284485869202640E-014  -6.1308569229484988E-019   5.1904489829698672E-016  -1.6523656493474162E-017  -1.2131056332355196E-017  -2.6736111126227051E-017   2.0245384205693605E-017  -1.4136789964906101E-017  -3.7217277122935233E-018   2.4734599375935692E-016  -5.0165147075492146E-029   9.4515786088462777E-030   2.6232706025149257E-027  -3.0919239737634474E-029  -3.6335912265787264E-030  -3.9083142765779963E-029   6.9057137415664689E-029   2.4938180526743280E-027   6.6233822188567232E-029   6.4210947188590021E-027   2.4731553278003828E-016  -1.8487558542865872E-016  -1.3572880446884953E-016  -2.9913803875747660E-016   2.2651628341108998E-016  -1.5817003469416132E-016  -4.1640697982791620E-017  -3.8031971162778339E-019  -1.2042738387737116E-018   1.6302840060210775E-016  -2.0907144129043843E-015  -1.5349250529291032E-015  -3.3828815612852686E-015   2.5616192499813771E-015  -1.7887076352351187E-015  -4.7090483707749826E-016
   5.7111872421051592E-014   1.3505372235064648E-016  -7.4859779497048100E-016  -3.8986146763211492E-017   1.8372329742124710E-015   4.5104547625456295E-018  -2.4095728373330549E-017  -5.6801946283590514E-015   6.6812428104798280E-016   1.6650335972644741E-017   1.2757128610980453E-019   3.7902660393713456E-016   6.8966910487276437E-019   8.2881766046181572E-018   3.3303318376916616E-018   3.3532413101783268E-018   3.9430786461615521E-018  -4.0429104153091418E-018  -3.2526719040270073E-017   5.4976962239048340E-027  -1.8550501964917775E-030  -3.0919239737634474E-029   2.0904109729360783E-027   1.2584774876635334E-029   2.1498559401245865E-027  -4.4781010931199028E-030  -2.8010321632979409E-029  -3.7960297910714823E-031  -8.9307402648887479E-029  -2.0508848429335481E-017   7.7163901092225951E-018   9.2732592360785976E-017   3.7261549730707242E-017   3.7517873272216721E-017   4.4117291677537962E-017  -4.5234263381884511E-017   1.6636282263393965E-016   4.3451034823265913E-019  -2.1840985705723680E-018   8.7262836679029036E-017   1.0486910261581716E-015   4.2138208183938922E-016   4.2428078434598256E-016   4.9891205133839697E-016  -5.1154362102553295E-016
   2.8921265048314426E-016   4.4062997609543756E-017  -1.7519880309776242E-016  -2.6585974693142767E-017   9.1929922774055223E-018   1.4156188208566755E-018  -5.7046493681572626E-018  -4.8350249551647346E-016  -1.1960187252936519E-017  -2.6469548883783558E-016   5.5911687349544982E-020  -7.0328383721184094E-018   7.1610035912818888E-019   3.4970564053387468E-018   4.0350963616853655E-018   2.2549930682695441E-018   6.9787530371125206E-018  -2.9710934273992142E-018  -2.0989838986638428E-017   2.9619913132493575E-029   9.7505505359501941E-032  -3.6335912265787264E-030   1.2584774876635334E-029   9.9156953752043110E-031   1.1089323309525560E-029   2.9887432425469476E-030  -3.2449381191280118E-030   9.6324073781178003E-031  -1.1869005321638005E-029  -1.9993085125728902E-017   8.0121172437039982E-018   3.9126954162402017E-017   4.5146835533850445E-017   2.5230079298663644E-017   7.8082054889599400E-017  -3.3242196542363091E-017   8.1502809057462590E-019   1.2789531906395002E-019  -5.2735789958777005E-019   9.0607145126567053E-017   4.4247750080544976E-016   5.1055492010391535E-016   2.8532101903104775E-016   8.8301155162511149E-016  -3.7592816415761075E-016
   5.8856281970455633E-014   5.2446403959406639E-016  -4.1555581816460511E-016   1.5515921446820301E-016   1.8935592513257944E-015   1.6822021839982425E-017  -1.3038708009950657E-017  -4.9896448782355630E-015  -2.5539530867321314E-016   1.3941636338285211E-015  -3.8767145237944639E-019  -4.8310062603517985E-016   4.0922448082601340E-018  -3.3109034192690963E-018  -4.6015225306716534E-018   3.0313214756282175E-018  -1.0116210937489073E-017  -7.1235662840827827E-018   1.2485111234477948E-016   5.6615253327076070E-027   2.3336592828926430E-029  -3.9083142765779963E-029   2.1498559401245865E-027   1.1089323309525560E-029   2.2170510013517778E-027   4.1474361392858392E-029  -3.7491822788023306E-029   2.3705501702300174E-029  -9.7062734197948618E-029   1.0482271624005059E-016   4.5786243193867081E-017  -3.7044174101401394E-017  -5.1484317170323521E-017   3.3916060447132572E-017  -1.1318562693003441E-016  -7.9702303641233150E-017   1.7149627890102343E-016   1.5154683031023847E-018  -1.1288876186478764E-018   5.1778583059724969E-016  -4.1892383209166500E-016  -5.8222400592804919E-016   3.8354873220033153E-016  -1.2799895724882781E-015  -9.0133456279775314E-016
   1.1423856817886480E-016   8.5183018511571156E-014   2.1374776635675124E-015  -1.0627830675108186E-015   3.1947388916295435E-018   2.7275459440108259E-015   6.7970171217616894E-017  -1.9840476737918339E-015  -6.0677964186689639E-014  -3.4595266283603773E-015   2.5259826109254558E-018   2.2035755050369434E-015  -3.5970268727402394E-018  -1.8315173238007641E-018  -1.1041913743929653E-017   1.7628485174920963E-018  -1.4113875185221788E-019   1.8341783548916757E-018  -8.5022384636260234E-016   6.8760595231328300E-029   3.0824560085158812E-027   6.9057137415664689E-029  -4.4781010931199028E-030   2.9887432425469476E-030   4.1474361392858392E-029   6.4330584681309098E-027   5.5601795772499219E-029   3.1551085414356960E-027   1.6493928144441532E-028  -7.4300989678389903E-016  -4.0245477697212319E-017  -2.0492004151616967E-017  -1.2354288946115520E-016   1.9723700492309678E-017  -1.5791365176237684E-018   2.0521777204483607E-017   2.1378515738383123E-019   2.4498324695279692E-016   6.0304794583610915E-018  -4.5512661977768695E-016  -2.3173924415031558E-016  -1.3971174128238962E-015   2.2305067918932879E-016  -1.7858082610942392E-017   2.3207594058760588E-016
  -1.6477318531518669E-016  -3.4631134037231529E-016   5.2208489374795193E-014  -2.6313648577094655E-017  -5.6943681476391477E-018  -1.0635283065111163E-017   1.6720379098608142E-015  -1.6012515384755408E-015   2.1098685034014692E-015  -3.5830257286487594E-014   1.0691808444045328E-019   4.3360924798036329E-016  -2.7507636658911245E-018  -8.3931049320389022E-018  -3.3767221410136366E-017   1.1184769136306002E-017  -2.1053300823911797E-017  -8.4340054704883819E-018  -2.2751535297499062E-017  -4.7693481021112624E-029   3.9403014019220129E-030   2.4938180526743280E-027  -2.8010321632979409E-029  -3.2449381191280118E-030  -3.7491822788023306E-029   5.5601795772499219E-029   2.3811183944747540E-027   5.8837822817161753E-029   6.0771125003848134E-027  -9.8197634820827910E-018  -3.0777028274706624E-017  -9.3906587109657676E-017  -3.7780589477756052E-016   1.2514123267932704E-016  -2.3555569050761051E-016  -9.4364204404878133E-017  -5.7754141356242490E-019  -8.8359984758495840E-019   1.5023168382074669E-016  -3.4805015735849785E-016  -1.0619674560144663E-015  -4.2725177997977904E-015   1.4151926994848491E-015  -2.6638437738777054E-015  -1.0671425421267232E-015
   1.9819823925979401E-016   4.2060471257548851E-014   1.2946723369793313E-015  -4.7116189962737002E-016   6.4064407152073235E-018   1.3469512855279103E-015   4.0984756486770021E-017   1.0598304593056130E-016  -2.9212800856515336E-014  -2.8547789892012992E-015   1.0818129544505677E-018   6.5209617360977947E-016  -6.2205500308655985E-018  -1.0194542735516544E-017  -7.0168476294857215E-018   1.2733532830471363E-017  -5.3454772298102188E-018  -6.5129827997429358E-018  -3.7547103656492572E-016   4.3529946949237761E-029   1.5114566046519078E-027   6.6233822188567232E-029  -3.7960297910714823E-031   9.6324073781178003E-031   2.3705501702300174E-029   3.1551085414356960E-027   5.8837822817161753E-029   1.5513299232901894E-027   1.5233994627153665E-028  -3.3674669940561209E-016  -6.9598870509953073E-017  -1.1406204535637659E-016  -7.8508277745929021E-017   1.4246963664193229E-016  -5.9808083800811410E-017  -7.2870766132066181E-017   5.8491875969338573E-019   1.2100948821199759E-016   3.6068673369565064E-018  -7.8707721930755364E-016  -1.2899007818641860E-015  -8.8783160542913154E-016   1.6111555348864657E-015  -6.7635552050140870E-016  -8.2407831557910267E-016
  -4.5197894210129993E-016  -8.0923392008330423E-016   1.4520400266047010E-013  -2.0923220243377920E-017  -1.4495478414515258E-017  -2.5125669758324901E-017   4.6575574207792435E-015   2.2669653841310467E-016   3.8047816952495995E-015  -6.9953505183160011E-014   2.2402610295085824E-020  -1.9003427178738220E-016  -1.7898078183886075E-017  -2.2928479860592005E-017  -6.4928032853739687E-017   3.2503145854447638E-017  -3.6659174267260966E-017  -1.4605067670774429E-017  -1.5691258057479011E-017  -1.5558190339228034E-028   3.4787383203985316E-029   6.4210947188590021E-027  -8.9307402648887479E-029  -1.1869005321638005E-029  -9.7062734197948618E-029   1.6493928144441532E-028   6.0771125003848134E-027   1.5233994627153665E-028   1.5853078641263483E-026  -1.9909165046117732E-017  -2.0025335697260567E-016  -2.5653620546337450E-016  -7.2644986836527591E-016   3.6366273533369840E-016  -4.1016262391293731E-016  -1.6340937836143639E-016  -1.3056205262743179E-018  -2.1326077382132334E-018   4.1962070106059654E-016  -2.2646180061277836E-015  -2.9011074715496947E-015  -8.2152503075124868E-015   4.1125761437683611E-015  -4.6384324217908092E-015  -1.8479581376410315E-015
   2.8682322093411142E-015  -2.8496356227449187E-015  -9.0624421775125687E-015  0.88385231036983380        9.8769640488397918E-016  -2.1334831507795306E-015   1.9579923434462241E-015   2.4021499213197215E-015   1.1853945457262005E-014   7.0279639967181512E-014  -1.8809243019982250E-003   4.4721524375561580E-002   2.1610409372956265E-014  -6.3627884945125757E-016  -6.7042199886218616E-019   1.9095279823541329E-014  -3.1663326146120812E-016   3.7031326803033633E-014  0.69865681382371903        2.0087941364645286E-016  -3.7656094805355561E-016   2.4731553278003828E-016  -2.0508848429335481E-017  -1.9993085125728902E-017   1.0482271624005059E-016  -7.4300989678389903E-016  -9.8197634820827910E-018  -3.3674669940561209E-016  -1.9909165046117732E-017  0.66039297196901725       -4.7753463514031093E-014   4.1603624860404484E-016   4.8727638377548086E-016  -5.8838141584948444E-014   3.0018059589156736E-016  -6.2162151066694903E-014   3.0372094279419992E-017  -3.5099726645791550E-015   5.8017295034652459E-016  -8.7967940008011969E-014   2.8122141668024076E-015  -2.0789791522325827E-015  -7.2361768981263630E-014  -2.7296107484157082E-015  -2.7756409356574122E-014
  -2.5802748670214619E-015   4.3661593833088434E-016  -1.4758717515993330E-015  -5.6357180285962086E-014  -1.7876802840569390E-016  -1.8757989646715051E-016   1.0798490559010681E-017   6.9027488160877008E-016  -4.6521629527265722E-016  -1.1336419229545451E-015  -3.3755034256513083E-015  -1.9638547932290651E-013   1.2688226212299850E-003   9.4149090170284146E-017  -2.5768895406604129E-017  -6.3441131061474495E-004  -3.2025432306787344E-016  -6.3441131061476815E-004  -3.8445823318998636E-014  -3.9942932052927710E-017   5.8684631303575011E-017  -1.8487558542865872E-016   7.7163901092225951E-018   8.0121172437039982E-018   4.5786243193867081E-017  -4.0245477697212319E-017  -3.0777028274706624E-017  -6.9598870509953073E-017  -2.0025335697260567E-016  -4.7753463514031093E-014   1.4196272174880419E-002   1.4454577540222888E-016  -1.2566113613862198E-016  -7.0981360874395188E-003   5.2384821444362966E-016  -7.0981360874411105E-003  -1.5341640367947457E-016  -2.1095878225699433E-016  -1.9128077365260046E-017  0.16054229538601753        1.9761102900106512E-015  -1.3611934870615845E-015  -8.0271147693007194E-002   1.8503354264639650E-015  -8.0271147693010400E-002
   2.0806290285180607E-016   2.9711764041399215E-016   8.8315550421648773E-016   1.1686669766587973E-017  -2.9898914717068356E-016  -1.5838963765190672E-016  -5.3284156786197653E-016   6.2860707250247249E-016   3.5313345879894764E-016   1.2693635393508810E-015   5.0567414108193835E-016   1.2382745310001057E-015   1.4205333794157219E-016   1.2688226212302712E-003   2.6741562739912704E-016   5.8977155457508664E-017   1.4354030945034830E-016   1.2733818610068899E-016  -1.0733202623695074E-015  -4.1504265810427554E-017  -3.9228487828156523E-018  -1.3572880446884953E-016   9.2732592360785976E-017   3.9126954162402017E-017  -3.7044174101401394E-017  -2.0492004151616967E-017  -9.3906587109657676E-017  -1.1406204535637659E-016  -2.5653620546337450E-016   4.1603624860404484E-016   1.4454577540222888E-016   1.4196272174882264E-002   4.4444638271625346E-017   2.0354156723892990E-016   2.0509555340545274E-017   8.4054454252652562E-018  -2.3310665344980156E-016  -1.2930568852347592E-016  -3.9544811227584305E-016  -1.8314800495421488E-016  0.16054229538602935        1.3416550839463704E-015   9.1034294258915132E-016   4.2801055251259597E-016  -2.9846148220662184E-016
  -7.7485055592468491E-017   7.3390010125451794E-016   3.7032846650206718E-015   8.5870587501590468E-016  -1.4204935045318778E-016  -3.8484481813456018E-016  -2.1030248369248051E-015   7.4724112354011457E-016   6.1590049027920333E-016   3.6395020419562233E-015  -2.3424845696098403E-017   1.8372934582402691E-015  -1.3820450791036304E-016   1.2915206033104285E-016   1.2688226212305218E-003  -3.1712171977761328E-017   1.9489628208752031E-016  -4.9630405585247283E-017   1.1953130497585087E-015   1.0679390001773409E-017  -8.7509370293729714E-017  -2.9913803875747660E-016   3.7261549730707242E-017   4.5146835533850445E-017  -5.1484317170323521E-017  -1.2354288946115520E-016  -3.7780589477756052E-016  -7.8508277745929021E-017  -7.2644986836527591E-016   4.8727638377548086E-016  -1.2566113613862198E-016   4.4444638271625346E-017   1.4196272174881274E-002  -5.0854657748651203E-016  -3.5351052630030823E-016   3.3862029692639381E-016  -1.1274295848279708E-016  -3.3521597140205569E-016  -1.7085528393736748E-015  -8.8246645302183084E-017  -1.1147474527672770E-015  0.16054229538602383       -2.3519301795592542E-015  -1.4059307348914127E-015   2.1093687425856881E-015
  -3.8166995732124751E-015  -6.4634906900285143E-017  -3.2199199843688549E-015  -7.2466809200516520E-014   1.9514028719630743E-016   2.2868313568840159E-017   3.0239063589051131E-016   5.0494985145827089E-016  -3.1055288506881531E-016  -3.7157299675390141E-016   3.4006304767957591E-015  -2.0149881049002366E-013  -6.3441131061478734E-004  -1.2378804188896727E-017   6.9194948228232648E-017   1.2688226212308753E-003   9.8007292157773067E-017  -6.3441131061578264E-004  -5.7813031369361361E-014  -5.3192459914971384E-017  -6.3790932315405897E-017   2.2651628341108998E-016   3.7517873272216721E-017   2.5230079298663644E-017   3.3916060447132572E-017   1.9723700492309678E-017   1.2514123267932704E-016   1.4246963664193229E-016   3.6366273533369840E-016  -5.8838141584948444E-014  -7.0981360874395188E-003   2.0354156723892990E-016  -5.0854657748651203E-016   1.4196272174879293E-002  -5.9085549535849885E-016  -7.0981360874396672E-003   2.6632214356024677E-016   3.7943688680855864E-018   3.4299125337530103E-016  -8.0271147693003350E-002   1.4149901377284891E-015  -3.2871884374732024E-015  0.16054229538601111       -4.2710901564216943E-015  -8.0271147693008887E-002
