  0.11133728987735012        6.2713231879858976E-016  -4.0018105485882696E-016   8.0955833830735180E-002  -3.4620226795640723E-016  -4.9055902536603156E-016  -1.4297905192913555E-002  -3.6404521749203683E-015   2.7930393364772586E-014   4.6562456853840331E-015   2.5234560068571690E-016  -1.2852988102165072E-015  -1.4807506561001308E-016   3.3369099310928387E-017  -5.6866677374528475E-018   1.5045674197787119E-016   1.4223658738305603E-017   6.4584179764712528E-018  -4.8531878856741060E-015  -3.5519335583581874E-015   1.9568609082451515E-015   2.9728179236516435E-017  -5.6212843839508372E-017   6.1004287602782277E-016  -9.7168179735838442E-018   5.6315862380315977E-016  -5.8600303598755224E-017  -4.1886436980352998E-017  -2.7321015695139285E-017  -8.3834599144986818E-017  -2.1280977384519240E-015   3.7371218594205825E-016  -5.0777589741222339E-017   1.9998420394794400E-015   1.6936326439984289E-016   1.3109610168462224E-016   1.0832512844422658E-002  -8.2097804456964515E-017  -1.5288868925831435E-016  -2.2791231343964565E-014   4.0334231516007481E-015  -5.7050264500334311E-016   2.1382470036723403E-014   1.7941446193499506E-015   1.4090520911033931E-015
   6.2713231879858976E-016  0.11133728987731878        1.6097590227313990E-016   1.9965111221704799E-016   8.0955833830733986E-002  -3.1693171674440116E-016   1.2028622416194914E-014  -1.4297905192955391E-002  -6.7167024975845126E-015  -3.3209975317074521E-015  -6.5054101997046944E-017  -2.2587310165683440E-015  -2.8432841464134962E-017  -1.8448235310851983E-017  -6.2791252962924891E-018  -2.1956137467833059E-017   1.9038926720239948E-017  -1.2442496945934729E-017   3.4077678839279232E-015   2.4683278794601028E-015  -3.6366880564662341E-017   1.1208097622794941E-015  -4.8315920312440086E-017   4.8870689669869389E-017  -2.4956113520493369E-017  -6.6452376248539862E-018   3.8740922145965018E-015  -4.3153180643719573E-017   1.2166515088269284E-015  -9.6485358392828139E-017  -6.8099592842534362E-017  -1.3641988595535971E-016   2.7738551022099641E-017   1.1716450398894177E-016   2.1841660087041414E-016  -4.5475165276976530E-017   3.0860918970455887E-017   1.0832512844425164E-002  -6.8451000848894305E-017  -7.3621902242184552E-016  -1.4388129465821430E-015   2.9489764047284342E-016   1.2570865976963892E-015   2.3128603529285947E-015  -5.0595730645220490E-016
  -4.0018105485882696E-016   1.6097590227313990E-016  0.11133728987732100        3.7487974096370595E-016   4.5839270950331754E-016   8.0955833830735333E-002  -2.0241302386223898E-014  -1.2651100902845629E-014  -1.4297905192932911E-002  -2.1819695942061522E-015   2.0048966574995785E-016  -8.0957546230071747E-015  -3.0766790425209607E-016  -2.1119532294221694E-017  -1.5953604224173348E-017  -2.1248952021319017E-016  -1.3612039148564221E-017  -2.0750864001964598E-016   2.8679567497340323E-015   1.1532761374287359E-015   1.2911752735103453E-016   2.1789253659604568E-017   1.0925803217782818E-015   5.8319449649002323E-017   3.3459080276322973E-017  -4.4853907240873116E-018   7.6516894685114732E-017   1.1494453751593756E-015   1.0042253926915566E-017   3.5348311761063980E-015  -1.0706017254928530E-015  -3.1536225586255067E-016  -1.5873167351651064E-016   3.5876256619224391E-016  -3.3725285191291402E-016   2.2563239157256142E-016   1.2947348335101546E-017   8.7433251567225688E-017   1.0832512844425433E-002  -9.8481403295469626E-015  -3.3468633178463039E-015  -1.6998350530796362E-015   5.4593180942888743E-015  -3.5865698500947314E-015   4.0630471714834562E-015
   8.0955833830735180E-002   1.9965111221704799E-016   3.7487974096370595E-016   5.8866166033656228E-002  -4.4854216320678170E-016   1.2051230477219609E-016  -8.7424172496816353E-003   3.5475826267271749E-015  -2.1151984177285072E-014  -4.0322679322344350E-015  -9.1015962219553869E-017   7.4502997412190088E-016   1.1239637875912051E-016  -1.5680360710166714E-017   8.6429933416487005E-019  -9.2909907494860455E-017  -1.0498076623255601E-017  -1.3038317571459055E-017   3.9987377738962964E-015   3.1407364543184822E-015   1.4308429469511298E-015   2.1525745213600891E-017  -4.1261122850055676E-017   4.4681509383493974E-016  -7.5483229789037128E-018   4.1268781293859346E-016  -4.3380982035218067E-017  -2.8826473953465542E-017  -1.9201708784903681E-017  -6.2623104079998738E-017   1.6162412005793736E-015  -2.9534429907164373E-016   2.5485238085783576E-017  -1.4679066892753248E-015  -1.8273613617147404E-016  -1.4625045141124724E-016   7.8771737082641360E-003  -9.1216315425500323E-017  -4.8257266519769629E-017   1.7248086842376724E-014  -3.1389557387254725E-015   2.5028186376966478E-016  -1.5681336574694316E-014  -1.9667741485296503E-015  -1.5665330253113154E-015
  -3.4620226795640723E-016   8.0955833830733986E-002   4.5839270950331754E-016  -4.4854216320678170E-016   5.8866166033671154E-002   4.1838615293435711E-017  -9.8902645180314567E-015  -8.7424172496511961E-003   4.3744610161598806E-015   2.1842814966755920E-015   1.1716616017937675E-016   2.4483476710059504E-015  -2.2185836542084592E-017  -3.5481766970802949E-018  -9.0263079555834535E-018  -2.0811514099967880E-017  -5.3243900829605388E-018  -2.8281423334579117E-018  -2.2091476263255088E-015  -1.6585177503634148E-015  -2.6589468778321571E-017   8.1968793221162222E-016  -3.5165195637180921E-017   3.6406059872589032E-017  -1.8373383483177713E-017  -5.1650814175528436E-018   2.8240700868479841E-015  -3.0758688870114607E-017   8.8939631827849418E-016  -7.1295988384320128E-017  -6.1261919025704417E-017   3.6950422806167104E-017  -5.1779980671170313E-017   1.6655708004024310E-018  -1.1713312899739932E-016   6.1663023949636707E-017  -6.0178884166594192E-017   7.8771737082681155E-003  -7.5615670282425861E-018  -6.6059158776275050E-016   4.0538915996591783E-016  -5.5371896343238314E-016   1.8029431314849477E-017  -1.2627469579337611E-015   6.5301612616101059E-016
  -4.9055902536603156E-016  -3.1693171674440116E-016   8.0955833830735333E-002   1.2051230477219609E-016   4.1838615293435711E-017   5.8866166033671896E-002   1.8280530464401365E-014   1.0663395953808570E-014  -8.7424172496657088E-003   2.3692960807291090E-015   2.7268527735883123E-016   6.0276076195110725E-015  -1.3078233255810747E-016   2.3309460540957488E-017   3.7408309075278107E-018  -2.1153002899711896E-016   2.9150564961043768E-017  -1.9435613334578447E-016  -1.9688331127041145E-015  -1.9765108810267574E-015   9.3061130114624321E-017   1.6510077085064006E-017   7.9728049684178967E-016   4.2458140582452577E-017   2.4253555016379659E-017  -3.7167857947899527E-018   5.6688748405027755E-017   8.3924682473010481E-016   7.6221363163004419E-018   2.5764131054844117E-015   5.8109510649805584E-016   3.3516692972075778E-016   9.3886482804099938E-017  -5.2334700123550178E-016   3.1773799120754842E-016  -4.1751571217835923E-016  -1.0223471690322622E-017   3.0228508834957131E-017   7.8771737082682612E-003   7.4066205327705642E-015   3.5933437369706797E-015   1.0083417369097047E-015  -4.4001262310805989E-015   3.4074182677044301E-015  -3.2481593123361757E-015
  -1.4297905192913555E-002   1.2028622416194914E-014  -2.0241302386223898E-014  -8.7424172496816353E-003  -9.8902645180314567E-015   1.8280530464401365E-014   2.0007399986088097        5.9515984062834296E-015  -1.2715288027266900E-015   6.8233809346394542E-015  -8.0502328504803865E-015  -4.2493670141666580E-015   3.7716767466292882E-017  -5.3545110148461310E-016   8.0573168738606223E-016   1.0499150430527160E-015   5.3957598626517514E-016  -1.0642043722187689E-015   1.6897424657216017E-014  -1.3078955859824240E-014   9.3758834465001127E-015  -1.1292811178415008E-016  -4.6111921573164821E-016   3.8366226194290981E-015  -5.8251154372006509E-016   3.7982972812870501E-015  -9.2477200097148602E-016   1.9754964555268941E-015   8.0603002697688060E-016  -2.0016528530299256E-015  -8.3378018469992912E-016   1.2022099267898152E-015   1.1732335022196627E-016  -1.0913952091117735E-016   2.9890551284845611E-016   9.6520343422697839E-016  -6.5227054470687535E-004  -9.5133036839261957E-015   1.4264744980656072E-014  -7.3246938304875330E-015   1.0660811217100362E-015  -1.1755139487552334E-015   7.5266049118815385E-015   1.4135198643826625E-015  -1.9493021800723673E-016
  -3.6404521749203683E-015  -1.4297905192955391E-002  -1.2651100902845629E-014   3.5475826267271749E-015  -8.7424172496511961E-003   1.0663395953808570E-014   5.9515984062834296E-015   2.0007399986087195       -3.5331197597342136E-015  -7.7043408587718959E-016  -3.1051157495676654E-015  -1.6666433189948748E-015  -8.5439112643691148E-016   5.1080638248129845E-016   6.4752049340735179E-016   1.2002000179857932E-015  -1.8207766610308132E-017  -5.0612308465115108E-016   9.8646049875690440E-015  -5.1439664084757950E-015  -1.7214271614449062E-016   5.5631451525099012E-015  -3.4415210534753720E-017   1.0465155140430237E-015  -2.7143000127690800E-016  -4.0182634487407712E-016   8.1209484587716148E-015   7.5360539900303460E-016   5.5746566106175041E-015  -1.3645913235234976E-015  -2.5165656566563068E-016   3.9406982367211640E-016  -1.3131949763571452E-016   4.9393435705436047E-016  -6.0817867891324904E-016  -8.9961987423729717E-016   2.5023826995145213E-015  -6.5227054467334564E-004   5.4993290595662531E-015  -2.3455845260657484E-015  -3.6318483806495100E-016  -2.1514563687922065E-016   1.4973247012525135E-015   7.9471310089925842E-019   3.7786980441566603E-016
   2.7930393364772586E-014  -6.7167024975845126E-015  -1.4297905192932911E-002  -2.1151984177285072E-014   4.3744610161598806E-015  -8.7424172496657088E-003  -1.2715288027266900E-015  -3.5331197597342136E-015   2.0007399986087502        3.9848978046623156E-015  -2.2247742771458706E-014  -4.0555279439786344E-015  -2.2054280667834871E-015  -6.5598930254655972E-016   8.8948615619669024E-016  -3.0881603950114093E-015  -1.0750263173917528E-016  -3.7574515612260067E-015   5.4731196574494123E-014  -2.5750632346584973E-014  -1.0113889978967194E-015   8.0287837739099346E-016   3.2931915270429576E-015   5.6281174975394859E-017  -9.5292588855242864E-017  -5.4976646322847518E-016   1.2611337921723631E-015   4.0333744434744206E-015   3.8568849420010716E-016   6.9889274926352287E-015  -4.1994443450426626E-015   7.4031610590552562E-016  -8.9456055084695852E-016  -1.5142824974873356E-015   1.7403770362511652E-016  -1.7603695998661914E-015  -1.2284920389408951E-014   1.2163405166321365E-015  -6.5227054468677511E-004  -4.0435754996603482E-015  -8.2933564657742350E-016  -1.2251597382302068E-015  -1.9949249830055797E-016  -1.4053977607684824E-015  -1.5002393418033140E-015
   4.6562456853840331E-015  -3.3209975317074521E-015  -2.1819695942061522E-015  -4.0322679322344350E-015   2.1842814966755920E-015   2.3692960807291090E-015   6.8233809346394542E-015  -7.7043408587718959E-016   3.9848978046623156E-015  0.67376524813681815        2.4341573649074192E-002  -1.9673114611670028E-003   3.6938796571104417E-014  -8.4137731389035994E-017  -7.3505338756862399E-017   3.8559175480763029E-014   4.1996776745083138E-017   2.7284219179482153E-014 -0.68310441689011758      -0.51738900526022824        2.5024085286396631E-016   2.0322524748526885E-016   2.4899243938496823E-016  -4.2910246482825523E-016   1.0805614483413742E-017   6.3157464016979275E-017  -6.7119893065120915E-016   1.3617374995593757E-016   2.2780803884386543E-016  -9.7479243060969316E-017   2.4168834260067442E-014  -1.3434498087752954E-015   3.7163279637865284E-016   1.5096748733019624E-014   1.2535325702657685E-016   2.7586021751137715E-014  -1.5838575659851361E-015   1.9870378608904674E-015   8.2642296479267580E-016   4.4374696890614904E-014  -5.4103563154432031E-015  -1.1330596077211013E-015  -2.8955712089832551E-014   9.8525243830536855E-016   2.1586063712457809E-014
   2.5234560068571690E-016  -6.5054101997046944E-017   2.0048966574995785E-016  -9.1015962219553869E-017   1.1716616017937675E-016   2.7268527735883123E-016  -8.0502328504803865E-015  -3.1051157495676654E-015  -2.2247742771458706E-014   2.4341573649074192E-002   8.7948970407630779E-004   3.3763975723866450E-004   1.0954295224926626E-015   5.6040936877517623E-017   1.9756605957343988E-017   1.7793927720411293E-015  -1.8997082184937572E-017   8.2950432661830720E-016  -2.4682134794514747E-002  -1.8683790379369309E-002   8.9327002748830816E-018   7.3003509894299026E-018   9.1193747053184089E-018  -1.5486558808978354E-017   3.4674445034507039E-019   2.4125986016092252E-018  -2.4485523662898808E-017   4.9640871999646853E-018   7.9975185522164477E-018  -3.5893760179551665E-018  -2.5327366522757296E-015   7.9707948251658346E-016   3.3407542021244782E-016   6.1451490330488498E-015  -2.8780516892672059E-016  -1.2074303098857050E-015  -5.1800120177896856E-017   7.6811139345438339E-017   4.9833478950820059E-017  -3.4769946478300412E-014   8.8466610517695569E-015   3.3877882098079693E-015   5.8837309544420455E-014  -3.0898879239438440E-015  -2.2747731993310951E-014
  -1.2852988102165072E-015  -2.2587310165683440E-015  -8.0957546230071747E-015   7.4502997412190088E-016   2.4483476710059504E-015   6.0276076195110725E-015  -4.2493670141666580E-015  -1.6666433189948748E-015  -4.0555279439786344E-015  -1.9673114611670028E-003   3.3763975723866450E-004   1.9611261561828435       -1.2314953869731672E-014   1.3095593133124550E-015   5.1082266253105962E-016  -1.5489758214994723E-014  -8.8559922015103805E-016  -1.5465071056026956E-014  -1.3161557150485767E-002   4.1205763804512109E-002  -5.1856261197735481E-016  -2.0070629100939783E-016   5.9356801888149903E-016   7.7625480431202875E-017  -2.0941507929626701E-016   6.2774635230930822E-016  -1.1336229983661225E-015   2.1286561081152655E-016  -1.1170151857665474E-015  -3.2444951656613114E-016  -2.0299555157496468E-014  -4.8703773273841964E-016  -6.3069551982803305E-016  -1.1149854536100155E-014   1.4278665981625227E-016  -1.7741637260256172E-014   1.3120844393080911E-015   3.6829462225479398E-015   4.3113330988928653E-015  -4.5818568868419143E-014   7.2661953104836116E-015  -1.8154512139032756E-015  -8.6893235833127621E-015  -7.2970299476515932E-016  -2.8492118479563107E-014
  -1.4807506561001308E-016  -2.8432841464134962E-017  -3.0766790425209607E-016   1.1239637875912051E-016  -2.2185836542084592E-017  -1.3078233255810747E-016   3.7716767466292882E-017  -8.5439112643691148E-016  -2.2054280667834871E-015   3.6938796571104417E-014   1.0954295224926626E-015  -1.2314953869731672E-014   7.7416153781564772E-005  -4.7899555847825811E-017   2.5464195156165008E-017  -3.8708076890796115E-005  -1.3056209069158977E-017  -3.8708076890786099E-005  -3.6466659179362866E-014  -2.8921976851785451E-014   2.5500910307813146E-018  -1.1591955737236067E-018  -1.7597631998435957E-018  -3.9255475454579683E-018   2.9561190368669814E-018   5.0372969783036285E-019  -8.5666409562224049E-019   4.9865807087485834E-018   4.9508254929863530E-018   2.6224369179407258E-018   1.1133257185824291E-003  -5.8265909419039634E-016   2.5924907129533662E-016  -5.5666285929142207E-004  -1.0869782898829004E-016  -5.5666285929101744E-004   7.3488067039626990E-017   1.2189273244954988E-017   2.8714638328075451E-018   1.1901311442839622E-002  -6.1308659503711986E-015   2.6343778156837949E-015  -5.9506557214217279E-003  -1.0984789657510384E-015  -5.9506557214178898E-003
   3.3369099310928387E-017  -1.8448235310851983E-017  -2.1119532294221694E-017  -1.5680360710166714E-017  -3.5481766970802949E-018   2.3309460540957488E-017  -5.3545110148461310E-016   5.1080638248129845E-016  -6.5598930254655972E-016  -8.4137731389035994E-017   5.6040936877517623E-017   1.3095593133124550E-015  -4.7899555847825811E-017   7.7416153781469891E-005  -8.7887205120860040E-018  -1.8192715347514883E-017  -2.1781670698336798E-018  -2.7008644214552004E-017   7.0565917859588600E-017   9.3479114844144373E-017   4.3472808025283192E-018  -9.7643001781268325E-019   3.8087469578769498E-018  -1.9414264573986262E-019   6.2317380661976046E-018  -5.6383465121067507E-018  -1.1610353759349823E-019  -6.8406856889669293E-018   3.1897153198182341E-018  -4.8715262007768216E-019  -1.3333215519492193E-016   1.1133257185818339E-003  -9.0368542347640138E-017   1.1808389082590813E-016   1.1661214021588100E-016  -4.8424333445594405E-017  -1.2713832413437530E-017   1.3664149405784816E-018   9.4012504937630589E-018  -1.2532650121435718E-015   1.1901311442832284E-002  -1.0590258858133398E-015   1.5099680082785380E-015   1.1496082182635701E-015  -3.2851878217524345E-016
  -5.6866677374528475E-018  -6.2791252962924891E-018  -1.5953604224173348E-017   8.6429933416487005E-019  -9.0263079555834535E-018   3.7408309075278107E-018   8.0573168738606223E-016   6.4752049340735179E-016   8.8948615619669024E-016  -7.3505338756862399E-017   1.9756605957343988E-017   5.1082266253105962E-016   2.5464195156165008E-017  -8.7887205120860040E-018   7.7416153781538331E-005  -3.7940086774412447E-017  -7.9564268182858344E-018   3.3295429998164120E-018   1.6107209745691186E-017   7.4967600101612867E-017   9.9914228241640919E-019  -4.4114542528272131E-018  -3.8996543160387070E-018  -4.6055527000615530E-019  -4.1109675546527400E-018  -8.7993476759258794E-019   4.9045802744611847E-018  -2.9497002346854288E-018  -1.2778292955116831E-018   3.8630472831918285E-018   1.2765914127733011E-016  -2.9602327780878871E-017   1.1133257185823727E-003  -1.5827972642771373E-016   7.5519471930132985E-017   5.2163392473574077E-017   5.4993407394205797E-018   9.7850502779274711E-020   1.0727876658764358E-017   1.2880859675049268E-015  -2.9149690434466408E-016   1.1901311442837513E-002  -1.8718837328839324E-015   8.8266266026161344E-016   6.1934779111482168E-016
   1.5045674197787119E-016  -2.1956137467833059E-017  -2.1248952021319017E-016  -9.2909907494860455E-017  -2.0811514099967880E-017  -2.1153002899711896E-016   1.0499150430527160E-015   1.2002000179857932E-015  -3.0881603950114093E-015   3.8559175480763029E-014   1.7793927720411293E-015  -1.5489758214994723E-014  -3.8708076890796115E-005  -1.8192715347514883E-017  -3.7940086774412447E-017   7.7416153781596444E-005   1.7357605536704111E-017  -3.8708076890794380E-005  -4.0272141582984101E-014  -2.9387168974122750E-014  -1.8069438607050611E-018   1.2195465849598193E-018  -4.6910740839891200E-018   2.7194822346004081E-018  -7.5111010715013970E-020  -2.9495679874087492E-019  -5.6968056794154817E-019   6.9607959002736184E-018  -1.0727488512711500E-018  -3.2366142564207082E-018  -5.5666285929122745E-004  -4.0893416244318122E-016  -3.7424617512443784E-016   1.1133257185826817E-003   1.5170576144900577E-016  -5.5666285929147465E-004  -6.4838028668535340E-017  -1.8097248852291011E-017  -4.3402677465916431E-017  -5.9506557214199967E-003  -4.3271507739552428E-015  -3.9701496205365557E-015   1.1901311442842011E-002   1.5157155900467971E-015  -5.9506557214220610E-003
   1.4223658738305603E-017   1.9038926720239948E-017  -1.3612039148564221E-017  -1.0498076623255601E-017  -5.3243900829605388E-018   2.9150564961043768E-017   5.3957598626517514E-016  -1.8207766610308132E-017  -1.0750263173917528E-016   4.1996776745083138E-017  -1.8997082184937572E-017  -8.8559922015103805E-016  -1.3056209069158977E-017  -2.1781670698336798E-018  -7.9564268182858344E-018   1.7357605536704111E-017   7.7416153781497931E-005  -1.1078071050930040E-017   1.8511082784773764E-017  -7.2796053655892718E-017  -1.1496634532095016E-018   1.2831131670071501E-018  -3.4234334677645974E-019   4.4224552157875086E-018  -3.7324510000249108E-018  -2.8800198362080302E-018  -5.8887014426355705E-018  -8.3016104824934288E-019   6.3253161615663282E-018  -3.4142714432264248E-019  -8.8062104616089844E-017  -1.4155466761149262E-016  -2.1097142137414363E-016   1.1167472297269619E-016   1.1133257185820193E-003  -2.4188748826058026E-017   4.8956756517214269E-019  -1.1834178101153648E-018   1.2393092517901786E-017  -9.0454606085639016E-016  -1.4881398757563847E-015  -2.1034380759694612E-015   1.1452392343157507E-015   1.1901311442834416E-002  -2.3697393119729908E-016
   6.4584179764712528E-018  -1.2442496945934729E-017  -2.0750864001964598E-016  -1.3038317571459055E-017  -2.8281423334579117E-018  -1.9435613334578447E-016  -1.0642043722187689E-015  -5.0612308465115108E-016  -3.7574515612260067E-015   2.7284219179482153E-014   8.2950432661830720E-016  -1.5465071056026956E-014  -3.8708076890786099E-005  -2.7008644214552004E-017   3.3295429998164120E-018  -3.8708076890794380E-005  -1.1078071050930040E-017   7.7416153781591972E-005  -2.7135988241247537E-014  -2.1487760831406854E-014  -7.4314717002851166E-019  -6.0351011203952837E-020   6.4508372838314234E-018   1.2060653107904845E-018  -2.8810080261529194E-018  -2.0877289908390950E-019   1.4263446634773530E-018  -1.1947376609025686E-017  -3.8780766416644103E-018   6.1417733841487458E-019  -5.5666285929145264E-004  -3.4729584453235488E-016  -1.6537027893355742E-017  -5.5666285929117400E-004  -1.4046363742494149E-016   1.1133257185826574E-003  -7.7808663694232965E-018  -2.6742329074397534E-019  -3.3646736379052021E-017  -5.9506557214223082E-003  -3.8545387238775077E-015  -7.0311993193262428E-017  -5.9506557214193678E-003  -1.4590257792345516E-015   1.1901311442841719E-002
  -4.8531878856741060E-015   3.4077678839279232E-015   2.8679567497340323E-015   3.9987377738962964E-015  -2.2091476263255088E-015  -1.9688331127041145E-015   1.6897424657216017E-014   9.8646049875690440E-015   5.4731196574494123E-014 -0.68310441689011758       -2.4682134794514747E-002  -1.3161557150485767E-002  -3.6466659179362866E-014   7.0565917859588600E-017   1.6107209745691186E-017  -4.0272141582984101E-014   1.8511082784773764E-017  -2.7135988241247537E-014  0.69269016863217692       0.52425384220463789       -2.4970751820759627E-016  -2.0449565178198865E-016  -2.5703665746302021E-016   4.3446009285200265E-016  -9.3372129574627908E-018  -6.8885740643447832E-017   6.8927865828766704E-016  -1.3970943960780824E-016  -2.2233822875411071E-016   1.0134006326686168E-016  -1.1551076551403324E-014   1.2994357092132896E-015  -1.1552665461265044E-015  -3.3877157295272464E-014   6.5192819472656706E-016  -2.1971356881443305E-014   1.5906529274428508E-015  -2.0374766444114592E-015  -7.9176833097090451E-016   9.2155539189957994E-014   4.7191867522533361E-015  -7.2110735159974610E-015  -1.7001587119378807E-013   7.3461491932366164E-015   4.0982964949127555E-014
  -3.5519335583581874E-015   2.4683278794601028E-015   1.1532761374287359E-015   3.1407364543184822E-015  -1.6585177503634148E-015  -1.9765108810267574E-015  -1.3078955859824240E-014  -5.1439664084757950E-015  -2.5750632346584973E-014 -0.51738900526022824       -1.8683790379369309E-002   4.1205763804512109E-002  -2.8921976851785451E-014   9.3479114844144373E-017   7.4967600101612867E-017  -2.9387168974122750E-014  -7.2796053655892718E-017  -2.1487760831406854E-014  0.52425384220463789       0.39811007201178017       -2.0264312567095522E-016  -1.6010856305151161E-016  -1.7917389036862164E-016   3.3105661510149604E-016  -1.2535839706814375E-017  -3.5789103586429691E-017   4.9243297270114144E-016  -1.0025210435902272E-016  -1.9753142071198002E-016   6.8282040537730277E-017  -2.3417432091459146E-014   1.0557517450288292E-015  -1.8038395086955074E-016  -4.1390911724284371E-015  -4.1871180375403707E-016  -2.4771012806923342E-014   1.2446594097198681E-015  -1.4568054552015492E-015  -5.9053357161371034E-016  -8.2554991693950667E-014   4.6653406934559863E-015   2.0918901138946695E-015   1.0414095328019259E-013  -4.2492413542622085E-015  -5.1680211641182623E-014
   1.9568609082451515E-015  -3.6366880564662341E-017   1.2911752735103453E-016   1.4308429469511298E-015  -2.6589468778321571E-017   9.3061130114624321E-017   9.3758834465001127E-015  -1.7214271614449062E-016  -1.0113889978967194E-015   2.5024085286396631E-016   8.9327002748830816E-018  -5.1856261197735481E-016   2.5500910307813146E-018   4.3472808025283192E-018   9.9914228241640919E-019  -1.8069438607050611E-018  -1.1496634532095016E-018  -7.4314717002851166E-019  -2.4970751820759627E-016  -2.0264312567095522E-016   8.2025451444663150E-029  -1.2961625627383934E-030  -3.5686995466560413E-030   2.9105977207132697E-029  -2.3696327889301227E-030   2.8435764041456330E-029  -7.9159600351759558E-030   7.6145378841263046E-030   2.8979650622498424E-030  -1.0436107146774966E-029   3.6672991237574088E-017   6.2518470460542316E-017   1.4368716930484199E-017  -2.5985753281652576E-017  -1.6533369686469265E-017  -1.0687237955883744E-017   1.9395033879277839E-016  -3.6036535805825582E-018   1.2194730908073062E-017   3.9202964862294335E-016   6.6831456011646878E-016   1.5359977082122657E-016  -2.7778442347991616E-016  -1.7673963562865665E-016  -1.1424522514299204E-016
   2.9728179236516435E-017   1.1208097622794941E-015   2.1789253659604568E-017   2.1525745213600891E-017   8.1968793221162222E-016   1.6510077085064006E-017  -1.1292811178415008E-016   5.5631451525099012E-015   8.0287837739099346E-016   2.0322524748526885E-016   7.3003509894299026E-018  -2.0070629100939783E-016  -1.1591955737236067E-018  -9.7643001781268325E-019  -4.4114542528272131E-018   1.2195465849598193E-018   1.2831131670071501E-018  -6.0351011203952837E-020  -2.0449565178198865E-016  -1.6010856305151161E-016  -1.2961625627383934E-030   2.8311254321009748E-029   1.1538338168768493E-030   3.5159960054953936E-030  -9.4657754574432584E-031  -1.4797154145961241E-030   6.3708417323093565E-029   3.7822507687953933E-030   2.8978311324767577E-029  -1.3999614803470615E-030  -1.6670451605529602E-017  -1.4042090676534710E-017  -6.3441352174170683E-017   1.7538362624647640E-017   1.8452516934784988E-017  -8.6791101909840556E-019   2.8520606141895566E-018   1.1115815410469509E-016   2.4177712765612118E-018  -1.7820502404532692E-016  -1.5010817738300966E-016  -6.7818004917818413E-016   1.8748288331924885E-016   1.9725507753900643E-016  -9.2778592739075198E-018
  -5.6212843839508372E-017  -4.8315920312440086E-017   1.0925803217782818E-015  -4.1261122850055676E-017  -3.5165195637180921E-017   7.9728049684178967E-016  -4.6111921573164821E-016  -3.4415210534753720E-017   3.2931915270429576E-015   2.4899243938496823E-016   9.1193747053184089E-018   5.9356801888149903E-016  -1.7597631998435957E-018   3.8087469578769498E-018  -3.8996543160387070E-018  -4.6910740839891200E-018  -3.4234334677645974E-019   6.4508372838314234E-018  -2.5703665746302021E-016  -1.7917389036862164E-016  -3.5686995466560413E-030   1.1538338168768493E-030   1.8011328426066780E-029  -7.1074348781945927E-031   5.9904176218486227E-031  -2.1835014899767990E-030   6.2201386414355534E-031   1.6934717135231920E-029  -3.6332072358853840E-031   4.7830057400515494E-029  -2.5307245753021307E-017   5.4773787338303590E-017  -5.6081130766072843E-017  -6.7462579453599692E-017  -4.9232574073203597E-018   9.2769825206611628E-017  -5.6423118375809551E-018  -4.7158903001924725E-018   1.0757121939865691E-016  -2.7053126361852164E-016   5.8552487482905424E-016  -5.9950021110028765E-016  -7.2116646136304938E-016  -5.2629000426216530E-017   9.9169772498154513E-016
   6.1004287602782277E-016   4.8870689669869389E-017   5.8319449649002323E-017   4.4681509383493974E-016   3.6406059872589032E-017   4.2458140582452577E-017   3.8366226194290981E-015   1.0465155140430237E-015   5.6281174975394859E-017  -4.2910246482825523E-016  -1.5486558808978354E-017   7.7625480431202875E-017  -3.9255475454579683E-018  -1.9414264573986262E-019  -4.6055527000615530E-019   2.7194822346004081E-018   4.4224552157875086E-018   1.2060653107904845E-018   4.3446009285200265E-016   3.3105661510149604E-016   2.9105977207132697E-029   3.5159960054953936E-030  -7.1074348781945927E-031   1.2359799755875325E-029  -1.6885810622925576E-030   1.0244565563946188E-029   4.2216921299176504E-030   4.5188219588184256E-030   4.9317265153451367E-030  -3.2292440046890426E-030  -5.6453502639530754E-017  -2.7919754472159431E-018  -6.6232692000633136E-018   3.9109014916639140E-017   6.3599557592443485E-017   1.7344487722846539E-017   6.0800909367963934E-017   5.1439867235918732E-018   5.6977362701548898E-018  -6.0348081943847889E-016  -2.9845865215815937E-017  -7.0801911968818118E-017   4.1807043435443442E-016   6.7987124513587411E-016   1.8541038508401642E-016
  -9.7168179735838442E-018  -2.4956113520493369E-017   3.3459080276322973E-017  -7.5483229789037128E-018  -1.8373383483177713E-017   2.4253555016379659E-017  -5.8251154372006509E-016  -2.7143000127690800E-016  -9.5292588855242864E-017   1.0805614483413742E-017   3.4674445034507039E-019  -2.0941507929626701E-016   2.9561190368669814E-018   6.2317380661976046E-018  -4.1109675546527400E-018  -7.5111010715013970E-020  -3.7324510000249108E-018  -2.8810080261529194E-018  -9.3372129574627908E-018  -1.2535839706814375E-017  -2.3696327889301227E-030  -9.4657754574432584E-031   5.9904176218486227E-031  -1.6885810622925576E-030   1.2980470260652090E-030  -1.4151266703176125E-030  -1.7421938680562200E-030  -4.6542997964189236E-031  -9.4123963951800461E-031   1.3881365149707871E-030   4.2512101030279161E-017   8.9618948005965284E-017  -5.9120037399004338E-017  -1.0801753367234856E-018  -5.3676571215395537E-017  -4.1431925693556340E-017  -1.1611635732798143E-018  -2.5296050851955324E-018   3.2217525587083615E-018   4.5444899547907651E-016   9.5801524531079562E-016  -6.3198573953155065E-016  -1.1546938043939229E-017  -5.7379577293116627E-016  -4.4290205743513634E-016
   5.6315862380315977E-016  -6.6452376248539862E-018  -4.4853907240873116E-018   4.1268781293859346E-016  -5.1650814175528436E-018  -3.7167857947899527E-018   3.7982972812870501E-015  -4.0182634487407712E-016  -5.4976646322847518E-016   6.3157464016979275E-017   2.4125986016092252E-018   6.2774635230930822E-016   5.0372969783036285E-019  -5.6383465121067507E-018  -8.7993476759258794E-019  -2.9495679874087492E-019  -2.8800198362080302E-018  -2.0877289908390950E-019  -6.8885740643447832E-017  -3.5789103586429691E-017   2.8435764041456330E-029  -1.4797154145961241E-030  -2.1835014899767990E-030   1.0244565563946188E-029  -1.4151266703176125E-030   1.1314778930020871E-029  -4.6816785237772427E-030   2.9265710287922818E-030  -6.7628838320053098E-031  -6.3196231710100405E-030   7.2441628834548885E-018  -8.1085353322036944E-017  -1.2654387483542152E-017  -4.2417890049061633E-018  -4.1417714482799502E-017  -3.0023738785514951E-018   5.6222935276454905E-017  -7.9538457394014920E-019  -6.3982254590938996E-019   7.7439187094721668E-017  -8.6679219498039536E-016  -1.3527380536196950E-016  -4.5344189197802056E-017  -4.4275014138539749E-016  -3.2094997896936227E-017
  -5.8600303598755224E-017   3.8740922145965018E-015   7.6516894685114732E-017  -4.3380982035218067E-017   2.8240700868479841E-015   5.6688748405027755E-017  -9.2477200097148602E-016   8.1209484587716148E-015   1.2611337921723631E-015  -6.7119893065120915E-016  -2.4485523662898808E-017  -1.1336229983661225E-015  -8.5666409562224049E-019  -1.1610353759349823E-019   4.9045802744611847E-018  -5.6968056794154817E-019  -5.8887014426355705E-018   1.4263446634773530E-018   6.8927865828766704E-016   4.9243297270114144E-016  -7.9159600351759558E-030   6.3708417323093565E-029   6.2201386414355534E-031   4.2216921299176504E-030  -1.7421938680562200E-030  -4.6816785237772427E-030   1.7540021312450454E-028   3.6850161986996581E-030   6.6710644733426232E-029  -5.8919176119991783E-031  -1.2319730743751919E-017  -1.6696909896324971E-018   7.0533023040848196E-017  -8.1926057631579755E-018  -8.4685720549237831E-017   2.0512336506865878E-017  -6.0460880592380069E-018   3.8011367251604692E-016   7.9144519368456041E-018  -1.3169636704329116E-016  -1.7848785983550568E-017   7.5398911585627352E-016  -8.7577921796123550E-017  -9.0527966631450343E-016   2.1927428883942325E-016
  -4.1886436980352998E-017  -4.3153180643719573E-017   1.1494453751593756E-015  -2.8826473953465542E-017  -3.0758688870114607E-017   8.3924682473010481E-016   1.9754964555268941E-015   7.5360539900303460E-016   4.0333744434744206E-015   1.3617374995593757E-016   4.9640871999646853E-018   2.1286561081152655E-016   4.9865807087485834E-018  -6.8406856889669293E-018  -2.9497002346854288E-018   6.9607959002736184E-018  -8.3016104824934288E-019  -1.1947376609025686E-017  -1.3970943960780824E-016  -1.0025210435902272E-016   7.6145378841263046E-030   3.7822507687953933E-030   1.6934717135231920E-029   4.5188219588184256E-030  -4.6542997964189236E-031   2.9265710287922818E-030   3.6850161986996581E-030   2.5503207893929463E-029   3.5584292366178972E-030   4.9331465788344329E-029   7.1712275534912869E-017  -9.8376255319511881E-017  -4.2419791903553044E-017   1.0010356649129096E-016  -1.1938589046826532E-017  -1.7181584202621666E-016  -3.3471247522664624E-018  -3.9220693751052538E-018   1.1338016658427742E-016   7.6659517620997266E-016  -1.0516297554218827E-015  -4.5346222256266126E-016   1.0700944938816323E-015  -1.2762201039895975E-016  -1.8366896700916246E-015
  -2.7321015695139285E-017   1.2166515088269284E-015   1.0042253926915566E-017  -1.9201708784903681E-017   8.8939631827849418E-016   7.6221363163004419E-018   8.0603002697688060E-016   5.5746566106175041E-015   3.8568849420010716E-016   2.2780803884386543E-016   7.9975185522164477E-018  -1.1170151857665474E-015   4.9508254929863530E-018   3.1897153198182341E-018  -1.2778292955116831E-018  -1.0727488512711500E-018   6.3253161615663282E-018  -3.8780766416644103E-018  -2.2233822875411071E-016  -1.9753142071198002E-016   2.8979650622498424E-030   2.8978311324767577E-029  -3.6332072358853840E-031   4.9317265153451367E-030  -9.4123963951800461E-031  -6.7628838320053098E-031   6.6710644733426232E-029   3.5584292366178972E-030   3.1862752393086881E-029  -3.8684779280508690E-030   7.1198077924327188E-017   4.5871461278375988E-017  -1.8376529305094248E-017  -1.5427256811245041E-017   9.0964699443863682E-017  -5.5770821113039293E-017  -2.3615570510707372E-018   1.2049183902279471E-016   1.1200921352091049E-018   7.6109846863838433E-016   4.9036013261884527E-016  -1.9644277936634887E-016  -1.6491542857124852E-016   9.7240115836371017E-016  -5.9618304006708256E-016
  -8.3834599144986818E-017  -9.6485358392828139E-017   3.5348311761063980E-015  -6.2623104079998738E-017  -7.1295988384320128E-017   2.5764131054844117E-015  -2.0016528530299256E-015  -1.3645913235234976E-015   6.9889274926352287E-015  -9.7479243060969316E-017  -3.5893760179551665E-018  -3.2444951656613114E-016   2.6224369179407258E-018  -4.8715262007768216E-019   3.8630472831918285E-018  -3.2366142564207082E-018  -3.4142714432264248E-019   6.1417733841487458E-019   1.0134006326686168E-016   6.8282040537730277E-017  -1.0436107146774966E-029  -1.3999614803470615E-030   4.7830057400515494E-029  -3.2292440046890426E-030   1.3881365149707871E-030  -6.3196231710100405E-030  -5.8919176119991783E-031   4.9331465788344329E-029  -3.8684779280508690E-030   1.4347939341885731E-028   3.7713401189616227E-017  -7.0057670694183584E-018   5.5554683129969632E-017  -4.6545917315174674E-017  -4.9100814523499482E-018   8.8325161255157924E-018  -8.9004839118836466E-018  -9.8964628321766641E-018   3.4667089549138649E-016   4.0315149972292082E-016  -7.4890765925460521E-017   5.9387255230198217E-016  -4.9756998254361900E-016  -5.2488151130231690E-017   9.4418482820678864E-017
  -2.1280977384519240E-015  -6.8099592842534362E-017  -1.0706017254928530E-015   1.6162412005793736E-015  -6.1261919025704417E-017   5.8109510649805584E-016  -8.3378018469992912E-016  -2.5165656566563068E-016  -4.1994443450426626E-015   2.4168834260067442E-014  -2.5327366522757296E-015  -2.0299555157496468E-014   1.1133257185824291E-003  -1.3333215519492193E-016   1.2765914127733011E-016  -5.5666285929122745E-004  -8.8062104616089844E-017  -5.5666285929145264E-004  -1.1551076551403324E-014  -2.3417432091459146E-014   3.6672991237574088E-017  -1.6670451605529602E-017  -2.5307245753021307E-017  -5.6453502639530754E-017   4.2512101030279161E-017   7.2441628834548885E-018  -1.2319730743751919E-017   7.1712275534912869E-017   7.1198077924327188E-017   3.7713401189616227E-017   1.6010794842048134E-002  -3.9037731541747228E-016   2.9777824425553569E-016  -8.0053974210243951E-003  -1.2939947634658541E-016  -8.0053974210238868E-003   1.0564611152925436E-015   2.1291674300028142E-016   3.7794935480959932E-016  0.17115337648468867       -2.7682532788213233E-015   1.2135559619925637E-015  -8.5576688242343518E-002  -4.7025236352485571E-016  -8.5576688242345100E-002
   3.7371218594205825E-016  -1.3641988595535971E-016  -3.1536225586255067E-016  -2.9534429907164373E-016   3.6950422806167104E-017   3.3516692972075778E-016   1.2022099267898152E-015   3.9406982367211640E-016   7.4031610590552562E-016  -1.3434498087752954E-015   7.9707948251658346E-016  -4.8703773273841964E-016  -5.8265909419039634E-016   1.1133257185818339E-003  -2.9602327780878871E-017  -4.0893416244318122E-016  -1.4155466761149262E-016  -3.4729584453235488E-016   1.2994357092132896E-015   1.0557517450288292E-015   6.2518470460542316E-017  -1.4042090676534710E-017   5.4773787338303590E-017  -2.7919754472159431E-018   8.9618948005965284E-017  -8.1085353322036944E-017  -1.6696909896324971E-018  -9.8376255319511881E-017   4.5871461278375988E-017  -7.0057670694183584E-018  -3.9037731541747228E-016   1.6010794842050636E-002   9.2328809749120963E-017  -4.2021264808618138E-016   9.1777099305702811E-017  -1.0508877380129960E-016  -1.8988256265559808E-016   2.9626866999318874E-017   1.3782727375405816E-016  -1.6989839795586173E-015  0.17115337648470139       -3.5042110369935205E-016  -9.3032153813913512E-016  -4.1331335958998613E-016   1.5965195950693032E-015
  -5.0777589741222339E-017   2.7738551022099641E-017  -1.5873167351651064E-016   2.5485238085783576E-017  -5.1779980671170313E-017   9.3886482804099938E-017   1.1732335022196627E-016  -1.3131949763571452E-016  -8.9456055084695852E-016   3.7163279637865284E-016   3.3407542021244782E-016  -6.3069551982803305E-016   2.5924907129533662E-016  -9.0368542347640138E-017   1.1133257185823727E-003  -3.7424617512443784E-016  -2.1097142137414363E-016  -1.6537027893355742E-017  -1.1552665461265044E-015  -1.8038395086955074E-016   1.4368716930484199E-017  -6.3441352174170683E-017  -5.6081130766072843E-017  -6.6232692000633136E-018  -5.9120037399004338E-017  -1.2654387483542152E-017   7.0533023040848196E-017  -4.2419791903553044E-017  -1.8376529305094248E-017   5.5554683129969632E-017   2.9777824425553569E-016   9.2328809749120963E-017   1.6010794842051979E-002   1.8828335395515115E-016  -3.0243583358700201E-016  -1.7625305088436881E-016   7.7864628491795190E-017   9.4068830570472292E-018   1.5610127694695842E-016   2.0819934318239374E-015   1.3457659201278540E-015  0.17115337648470810       -5.7433746614935963E-016  -2.1491139107511210E-015  -9.9642372464504360E-016
   1.9998420394794400E-015   1.1716450398894177E-016   3.5876256619224391E-016  -1.4679066892753248E-015   1.6655708004024310E-018  -5.2334700123550178E-016  -1.0913952091117735E-016   4.9393435705436047E-016  -1.5142824974873356E-015   1.5096748733019624E-014   6.1451490330488498E-015  -1.1149854536100155E-014  -5.5666285929142207E-004   1.1808389082590813E-016  -1.5827972642771373E-016   1.1133257185826817E-003   1.1167472297269619E-016  -5.5666285929117400E-004  -3.3877157295272464E-014  -4.1390911724284371E-015  -2.5985753281652576E-017   1.7538362624647640E-017  -6.7462579453599692E-017   3.9109014916639140E-017  -1.0801753367234856E-018  -4.2417890049061633E-018  -8.1926057631579755E-018   1.0010356649129096E-016  -1.5427256811245041E-017  -4.6545917315174674E-017  -8.0053974210243951E-003  -4.2021264808618138E-016   1.8828335395515115E-016   1.6010794842048846E-002   1.9788124309914895E-016  -8.0053974210247420E-003  -9.5401307866196483E-016  -2.2431361840083077E-016  -2.7593793920829789E-016  -8.5576688242348542E-002  -3.8548850594369165E-015   2.4512726917725286E-015  0.17115337648469181        5.9093507675080262E-016  -8.5576688242343935E-002
