   1.9988456422804064       -3.4321310848689154E-014   3.6757516518395872E-014   4.4970243291030234E-004   1.5205862591188511E-014  -1.5802367895566803E-014  -1.0426734493855487E-014  -6.5709901360936620E-004  -1.9301507481607298E-014   4.9958003229058634E-015   3.0810570954052672E-017  -1.9280647431704924E-017   7.3010543395521164E-017   1.9347314719671768E-016   4.3841808314745885E-016   2.8470964828556843E-017   2.8502699684318684E-014  -1.3749129708748358E-013   1.3539194600391283E-015  -9.8146115068371242E-016  -7.6017403996459152E-014   9.6944152452451823E-017  -6.7439328316534700E-014   2.5059567299752862E-015  -1.3804097896355568E-015   9.6723884566812153E-016  -2.5971312430788916E-015  -7.1312873071279788E-015   1.4746919704203106E-017  -7.5187848425192119E-017  -3.0780721336937459E-016  -3.7029192425855091E-017  -8.1040476899811494E-017   1.1495415680855448E-016   3.1178202542699431E-004   1.0793574117028561E-014  -1.3408934233175210E-014   2.3937924345350144E-015   5.5754003869329577E-016  -1.6278571208917435E-015  -1.2973154382814839E-015   2.4600080913074473E-015  -1.2605960999780940E-015   5.5794305041271601E-015  -1.3160572095967389E-014
  -3.4321310848689154E-014   1.9988456422793184        4.4989335065519220E-014   8.3157134332730468E-015   4.4970243325729171E-004  -1.7598948248770236E-014   3.3245201862670903E-015   1.9743804369740971E-015  -6.5709901362268096E-004   1.3383686384626711E-014  -8.6600428184255661E-016  -3.5014469455096330E-017  -6.2206442619498995E-017  -6.2876417067611525E-016  -9.2729896315730774E-017  -9.4622239522438358E-016  -2.5437667004463045E-015   4.1941623350612139E-016  -4.4684359720812858E-014   5.9304304463507887E-016   7.1404051023174778E-016   2.6609747784271221E-017   1.2747059587323404E-016  -5.4774509228426236E-014   6.3190959643160063E-016  -3.4286189342021509E-014   1.0792344739017902E-015   6.9302821035568966E-017  -5.5039304910417360E-016   3.8780865227336601E-016  -1.1001079359233759E-016   4.6589450690364457E-016  -1.5606003899001414E-017   3.3214430492527168E-018   6.9586264248054952E-015   3.1178202563477824E-004  -1.0279017705123738E-014  -6.4990883105477022E-015   5.7917692875599301E-015  -2.1468132234032253E-015   6.2688404006106788E-015  -3.8471013000896892E-016   5.0909073167152104E-016   1.3429935253843212E-018   1.0465372597758032E-014
   3.6757516518395872E-014   4.4989335065519220E-014   1.9988456422794663       -1.5137373121730084E-014  -1.7467488212578221E-014   4.4970243318916760E-004   7.7447124981805065E-017   5.0494683304438959E-016   5.1232116964582131E-014  -6.5709901375972314E-004  -2.4343131658486426E-016   2.9979814398650992E-016   3.8556144383067048E-016   1.6004351785350017E-016  -9.2517311527399228E-017  -4.5385926211834266E-016  -3.8834243310479929E-014   4.4987013484997170E-016  -7.2165934473209051E-016  -4.1676587760882717E-014   1.5929391299418254E-016   1.7002054647116751E-016   4.5136137905945608E-016  -1.4215268805750705E-015  -3.7947645894589963E-014  -7.5998304646990456E-016  -5.0178837849878673E-014  -7.1837395111446856E-015  -7.3789970555578039E-016  -9.4039985408114732E-016   5.5833870291228401E-016   4.0513005465795862E-016   3.1955285036706661E-016   2.8968109003377435E-016  -1.0401607513030432E-014  -1.1803465433924400E-014   3.1178202561539856E-004  -7.1636436473961436E-015  -1.2740878214729121E-014   7.6743573161260161E-015   7.9589685008468843E-015   4.1679045917697208E-016  -2.6363823983202671E-015  -2.6394555007696691E-014   1.1094723068773455E-014
   4.4970243291030234E-004   8.3157134332730468E-015  -1.5137373121730084E-014   1.3996366874589227E-007   5.4975283283337715E-018  -5.8718978749537611E-018  -2.2573977575807178E-015   2.7835198421013291E-004   6.6838585196035966E-015   2.9025920325852369E-015  -1.7679462716602879E-018   1.1684471066452998E-019   1.3490133134608324E-018   6.8763141819225327E-019  -3.2982072734479608E-018   1.1724074331129767E-018  -6.5354118720280564E-015  -2.8370699757136767E-017   1.3918749584461308E-019  -4.8089252157779381E-020  -1.5619136508841123E-017   9.6708100288849933E-020  -1.3500756731797499E-017   5.5310927503012326E-019  -2.0961216387195949E-019   1.1261294963632143E-019  -4.5901395168345441E-019  -3.0508135572336519E-015  -9.8231739071291722E-017   9.2437679839346908E-018   6.9008987665374479E-017   2.8181842533376468E-017  -1.6589674908938883E-016   7.0105182231204298E-017   1.1036267897126047E-007   4.1262591499978514E-018  -4.1516029410978720E-018  -1.4832713117707658E-015   1.4172806759292024E-016   1.0399425228473473E-015   4.2480988183258006E-016  -2.5051354497005945E-015   1.0584284998451507E-015  -6.7385454749409686E-015   9.9003644232183235E-015
   1.5205862591188511E-014   4.4970243325729171E-004  -1.7467488212578221E-014   5.4975283283337715E-018   1.3996366887182460E-007  -1.1461274627800594E-017   5.5635118013001923E-017  -5.2318801626440686E-015   2.7835198410141264E-004  -3.4694194796311101E-015   6.4740914186118565E-018  -4.1496423815989923E-018   1.3399499732831774E-018  -6.2934384937535787E-018   1.2386894151038936E-019  -6.6118547547090946E-019   2.4171830981431769E-016   4.2684312148931306E-020  -1.0065157695894315E-017  -1.8743751743669477E-019   2.1894917528602978E-019   2.9317970041752041E-020  -1.4568167609381596E-020  -1.2437810392273306E-017  -2.5745414694325643E-019  -7.5398875644319202E-018  -3.7898162624969957E-019  -1.5904703868963122E-016   3.4778875685573750E-016  -2.1370785217958158E-016   6.8467632799079505E-017  -3.1898576236152982E-016   8.0141874897370067E-018  -2.8788676351605444E-017   4.1089044978594474E-018   1.1036267904527870E-007  -8.4864522138443685E-018   5.2511851649350082E-015  -3.2264774512505465E-015   1.0339426214199334E-015  -4.8176821204539171E-015   1.2129644642502619E-016  -4.3312869017702107E-016   2.0057490365957017E-016  -6.3816862798979266E-015
  -1.5802367895566803E-014  -1.7598948248770236E-014   4.4970243318916760E-004  -5.8718978749537611E-018  -1.1461274627800594E-017   1.3996366886744719E-007   8.0589396841496616E-015   4.9396090108354053E-015  -2.2132205757280547E-014   2.7835198419574826E-004   4.0119769622866852E-018   9.9230595619626557E-018  -6.6549282153799752E-018  -5.6937241088192733E-018   2.9760787534786591E-019   1.5310292879445117E-018   2.3021338072264274E-014   1.2752565344701363E-019  -1.1085376168196549E-019  -8.2848331716596305E-018   1.0946131021161034E-019   6.2639038030476348E-020   1.1913155103189059E-019  -5.5065003854105144E-020  -7.4550276910479384E-018  -1.9096099842115275E-019  -9.3770032930661900E-018   1.1912822519357282E-014   2.0884500325495263E-016   5.1445145444878989E-016  -3.4166628017204688E-016  -2.9245504331322091E-016   9.2829012455953057E-018   8.3544203622977067E-017  -3.2869903653402698E-018  -9.3060150293307113E-018   1.1036267905893221E-007   3.1548453944673560E-015   7.7687518319740269E-015  -5.1598247488522194E-015  -4.4159559797527379E-015   1.4069519810548486E-016   1.2605008530369787E-015   2.3924616911603888E-014  -8.6982635830694976E-015
  -1.0426734493855487E-014   3.3245201862670903E-015   7.7447124981805065E-017  -2.2573977575807178E-015   5.5635118013001923E-017   8.0589396841496616E-015  0.11384957966622816        4.4070512324924994E-015  -6.7300373900496940E-015  -1.2815366830076318E-014   7.3231959759030962E-017   4.0305845642603433E-016  -3.5730655954340808E-017   7.3115485804638061E-016  -4.9910567055398465E-017  -7.9147841042582306E-016  0.32362908960246051       -1.6061193690485391E-016   1.2615459655589827E-016  -3.5575932209810555E-016  -4.2194196765874286E-017  -3.0292334001680254E-017   1.2856833314362808E-016   2.5498441926664985E-016   2.3027367175789278E-016  -7.7542921480746391E-017  -9.5908841528573300E-017  0.17313924157888849       -3.3769154428773990E-015  -2.5733900880088418E-016  -1.4245589013109594E-016  -3.6821964067408762E-016  -1.4007152407125031E-016   2.8547583354554601E-015  -2.2390804946049960E-015   2.2805525331308622E-017   5.9327770543888820E-015  -3.4619170945154123E-014  -1.2713513171039334E-015  -1.9775375924193084E-015   5.6569935239135798E-015  -5.2503790438964350E-015   4.3954796431133190E-014  0.33735573714644618        3.6438839085584473E-003
  -6.5709901360936620E-004   1.9743804369740971E-015   5.0494683304438959E-016   2.7835198421013291E-004  -5.2318801626440686E-015   4.9396090108354053E-015   4.4070512324924994E-015   1.9995846741193186       -1.6051064709814546E-015  -8.0305262494060475E-015   9.1327412374989429E-016  -4.3367798466917920E-016  -8.3047124421473905E-018   7.1226981932136601E-016  -1.3248912497789962E-015  -1.3726987467280858E-015  -2.8690161327364608E-015   1.8441671238650979E-014  -1.1881254604052127E-015   1.2404314701235761E-015   1.0675138616557084E-014   5.3772029001261057E-016   1.2025540125566242E-014  -7.7530020906189219E-017   7.2528681968118924E-016  -7.5418320599671409E-016   9.0042624151321055E-016   7.8778008969567610E-015   1.5131322004923012E-016  -8.5811829585114802E-016   1.2989334117362737E-015   3.0612993846760832E-016   4.4321904332178590E-016  -2.1022665151617590E-016   2.8865366381987108E-004  -4.0716746719572129E-015   5.8140476032190001E-015  -3.6358726779488080E-016  -3.3923087951841406E-016  -7.5609730085095184E-016   3.4256678000780351E-016   1.1746489694626548E-015   4.9747854992444597E-017   3.9308053310900264E-015  -6.9105927956960156E-015
  -1.9301507481607298E-014  -6.5709901362268096E-004   5.1232116964582131E-014   6.6838585196035966E-015   2.7835198410141264E-004  -2.2132205757280547E-014  -6.7300373900496940E-015  -1.6051064709814546E-015   1.9995846741194514        1.6315097161451447E-014  -4.6692655929146910E-016  -2.5174801031846217E-017   1.9891788953324145E-016   1.9054107402980230E-016  -7.8213739360036342E-017   7.7004227541261958E-016   5.2697755187843514E-015  -3.7116622239299690E-016  -7.1630793265617720E-017  -2.3039258006193003E-015   4.1837568918900498E-016   1.6750613990451037E-016  -3.1054589702087718E-016  -8.0467866135922887E-016  -2.8694290974605648E-015   1.2595299103452258E-015  -4.4647007031907862E-015  -4.9892718976328079E-015   3.8009443031334420E-016  -1.7418671429012310E-016  -1.2668549006587141E-016   5.2365077772649143E-016  -1.5560111556364403E-016  -6.6978886160001738E-016   6.6371290275343411E-015   2.8865366373934825E-004  -2.1133881794454834E-014  -2.5717876199698939E-015   2.5762367500183805E-015  -1.0033920474774080E-015   4.1255332452256986E-015  -1.3638141194603735E-016   6.8354442129221259E-016  -6.9001468154657637E-015   1.3998047676901730E-016
   4.9958003229058634E-015   1.3383686384626711E-014  -6.5709901375972314E-004   2.9025920325852369E-015  -3.4694194796311101E-015   2.7835198419574826E-004  -1.2815366830076318E-014  -8.0305262494060475E-015   1.6315097161451447E-014   1.9995846741192940        1.4398292784967163E-016  -7.7384459081545955E-016  -8.9200029676877332E-016  -4.7530082657858512E-016   9.9294560413085721E-016   1.1719463938958465E-016   3.3245437317938593E-015   1.8877805290522235E-016   3.7004163386805116E-016   7.8512883713673272E-015   5.2855047428940050E-016   1.7504344124117161E-016   1.2610039577297282E-016   1.9013419966652190E-015   7.7844685422827484E-015  -1.4319763882359724E-016   1.3746401020521384E-014  -2.0625937964590011E-014  -2.1773848065601904E-016  -1.2440012292346116E-016   3.3983668761354999E-016   1.1834035663411025E-016  -6.7522719511859798E-016  -3.0368068182415078E-016   5.7956053583448629E-015  -5.0549507826278626E-015   2.8865366384715725E-004  -1.8851904454125657E-015  -3.8460069512927656E-015   3.8786846786940574E-015   1.5999307211948600E-015   6.2209745640765598E-016  -1.1180033007413112E-015  -3.8427613168741747E-014  -1.7246465614710373E-014
   3.0810570954052672E-017  -8.6600428184255661E-016  -2.4343131658486426E-016  -1.7679462716602879E-018   6.4740914186118565E-018   4.0119769622866852E-018   7.3231959759030962E-017   9.1327412374989429E-016  -4.6692655929146910E-016   1.4398292784967163E-016   3.1259103543457420E-006   2.2406958721545990E-018   2.1655151032575689E-018  -1.5629551771751732E-006  -9.3532346459073164E-019  -1.5629551771752867E-006   3.8522427469267704E-016   2.9131747870339680E-019   6.7844551566514499E-019  -3.1475709417457511E-019  -3.2266020357523590E-020  -1.6544201403452203E-019  -3.6259777938629760E-019  -1.9820674601016007E-018   1.3908595459270611E-019  -7.5594817347403180E-020   3.6898491353176584E-018   4.0289513412553017E-016   1.6147584911371343E-004   5.3981036256469648E-017  -5.1051185687864647E-017  -8.0737924556889377E-005   9.1723267839004930E-017  -8.0737924556846158E-005  -1.7546235532212975E-018   5.8254713889110716E-018   3.4540822802219841E-018   2.4384360925004643E-003   8.2939375082552693E-016  -7.6153880499754542E-016  -1.2192180462505440E-003   1.3922038558466029E-015  -1.2192180462499182E-003   3.0626604814451644E-016   8.2764069102999128E-015
  -1.9280647431704924E-017  -3.5014469455096330E-017   2.9979814398650992E-016   1.1684471066452998E-019  -4.1496423815989923E-018   9.9230595619626557E-018   4.0305845642603433E-016  -4.3367798466917920E-016  -2.5174801031846217E-017  -7.7384459081545955E-016   2.2406958721545990E-018   3.1259103543649993E-006   2.8598051211297167E-018   2.5782869951008727E-018  -1.3562939292029571E-018   6.3468280325866571E-018   1.1503201510584282E-015   3.1200513558583268E-019  -5.0640246804986693E-019   9.3097887728661561E-019  -1.0389544326908877E-018   5.6571746012497147E-019   6.2074969413693101E-019  -3.1452641477580293E-019   2.4141706016439416E-019  -1.2641253973853538E-018   2.3921014889492954E-018   5.6194017285094537E-016   6.3381277624151001E-017   1.6147584911420029E-004   1.5472254539126554E-017  -5.4853368936348739E-017  -2.4514326287982048E-017  -2.5451718790964231E-018   7.9414908522380600E-019  -3.8724691362314471E-018   7.2151893577055254E-018   9.1266693629863550E-016   2.4384360925080039E-003   2.5381808132595932E-016  -8.7126671869391185E-016  -3.7912652750365020E-016  -5.5369617319727061E-017   1.1900195499878250E-015  -1.8554779852051921E-015
   7.3010543395521164E-017  -6.2206442619498995E-017   3.8556144383067048E-016   1.3490133134608324E-018   1.3399499732831774E-018  -6.6549282153799752E-018  -3.5730655954340808E-017  -8.3047124421473905E-018   1.9891788953324145E-016  -8.9200029676877332E-016   2.1655151032575689E-018   2.8598051211297167E-018   3.1259103543508123E-006  -1.1624498265936063E-018  -6.1090878459393307E-018  -4.0603620470191426E-018  -7.8068436297941434E-017  -2.4705334436399539E-019  -1.5409955000104333E-019  -5.1393633421280921E-019  -6.0080829416701527E-019   1.3587596889989709E-019   9.3184506161020821E-019   8.8687188288091105E-019   3.7340003592673877E-019  -3.3238518597693042E-019  -1.0345075844627938E-018  -6.8857711926817553E-017   1.6282099017683860E-016   1.3180456353458781E-016   1.6147584911383394E-004  -2.5574599779708462E-017  -1.7967719274061205E-016  -1.3741574239266098E-016   9.1901715890929637E-019   1.9170741500111795E-018  -6.8427604347200117E-018   2.4483413026479320E-015   1.9712780729256598E-015   2.4384360925024753E-003  -3.8330451089854024E-016  -2.6639178746522233E-015  -2.0704394722894470E-015  -1.0676804998069945E-016  -2.8801546414284117E-016
   1.9347314719671768E-016  -6.2876417067611525E-016   1.6004351785350017E-016   6.8763141819225327E-019  -6.2934384937535787E-018  -5.6937241088192733E-018   7.3115485804638061E-016   7.1226981932136601E-016   1.9054107402980230E-016  -4.7530082657858512E-016  -1.5629551771751732E-006   2.5782869951008727E-018  -1.1624498265936063E-018   3.1259103543420104E-006   4.9055172361219648E-018  -1.5629551771641787E-006   1.8984714627293542E-015  -3.5756044593999773E-019  -8.1593695218660086E-019   6.2242365395902979E-019  -3.2423050066314262E-019  -5.2540591630012575E-019   8.0595837539422552E-019   1.4428131680427180E-018  -1.5633815158621852E-019   8.4004218051782253E-019  -3.6364534009974197E-018   1.5649695160248807E-015  -8.0737924556955080E-005   1.9085671614950665E-016  -3.6219836891199041E-017   1.6147584911363895E-004   1.0132847360233573E-016  -8.0737924556673215E-005   2.0296560365229102E-018  -6.3436495321584714E-018  -4.1114505034662906E-018  -1.2192180462517151E-003   2.8788287714042053E-015  -5.2514494247660553E-016   2.4384360924990032E-003   1.5260950672623706E-015  -1.2192180462472881E-003   2.1163563560562727E-015   1.1103047419206761E-014
   4.3841808314745885E-016  -9.2729896315730774E-017  -9.2517311527399228E-017  -3.2982072734479608E-018   1.2386894151038936E-019   2.9760787534786591E-019  -4.9910567055398465E-017  -1.3248912497789962E-015  -7.8213739360036342E-017   9.9294560413085721E-016  -9.3532346459073164E-019  -1.3562939292029571E-018  -6.1090878459393307E-018   4.9055172361219648E-018   3.1259103543596134E-006   2.1995792474504081E-018  -1.3175692146925887E-016  -4.0651010928864988E-019  -4.3048122612599532E-019   1.2007392077025817E-018   7.3286332345860317E-019   2.6919245293754070E-019  -1.8747278095151766E-019   5.7438935938694652E-019  -8.8419641741815898E-019  -2.7196882416064413E-020  -1.3800425068677740E-018  -4.1911593612621681E-017  -1.3779390406216301E-016  -4.3950435285547328E-017  -1.4369835285292949E-016   1.5314185152734710E-016   1.6147584911407078E-004  -1.1988737141556096E-017  -1.3049371130919298E-020   1.1403191937044205E-019   3.1691760937005346E-019  -2.1169126157101983E-015  -6.7670070299332413E-016  -2.1024898391286227E-015   2.2990217455079051E-015   2.4384360925059031E-003  -1.8053046635199766E-016  -1.3895672251757594E-016   7.2157661856897762E-016
   2.8470964828556843E-017  -9.4622239522438358E-016  -4.5385926211834266E-016   1.1724074331129767E-018  -6.6118547547090946E-019   1.5310292879445117E-018  -7.9147841042582306E-016  -1.3726987467280858E-015   7.7004227541261958E-016   1.1719463938958465E-016  -1.5629551771752867E-006   6.3468280325866571E-018  -4.0603620470191426E-018  -1.5629551771641787E-006   2.1995792474504081E-018   3.1259103543415250E-006  -2.5621022533018439E-015   6.6242967209483893E-020   1.3749143655851144E-019  -3.0766655977011550E-019   3.5649652101073668E-019   6.9084793034245731E-019  -4.4336059601078389E-019   5.3925429213391104E-019   1.7252197008732691E-020  -7.6444736314003821E-019  -5.3395734320275324E-020  -1.0232650109028062E-015  -8.0737924557002080E-005   3.3195703614629321E-016  -7.0660436408935326E-017  -8.0737924556612242E-005   1.2566160111744885E-016   1.6147584911362577E-004  -1.9908265538414562E-019   2.0860199837478334E-019   5.4262123300040517E-019  -1.2192180462524296E-003   5.0019173566229152E-015  -1.0982287006023424E-015  -1.2192180462463854E-003   1.8945702034307698E-015   2.4384360924988129E-003  -2.5217070696720053E-015   4.9020434512314312E-015
   2.8502699684318684E-014  -2.5437667004463045E-015  -3.8834243310479929E-014  -6.5354118720280564E-015   2.4171830981431769E-016   2.3021338072264274E-014  0.32362908960246051       -2.8690161327364608E-015   5.2697755187843514E-015   3.3245437317938593E-015   3.8522427469267704E-016   1.1503201510584282E-015  -7.8068436297941434E-017   1.8984714627293542E-015  -1.3175692146925887E-016  -2.5621022533018439E-015  0.92026793270282392       -4.4502911828449044E-016   3.7287485036273298E-016  -1.0098082414800163E-015  -1.2083312367977078E-016  -9.1372203497648035E-017   3.6248832746540022E-016   7.1911389226751505E-016   6.4560555683666724E-016  -2.1231477233887656E-016  -2.6205556158978874E-016  0.49122930739187126        4.9169740372156665E-015  -1.7586270379615064E-015   6.2903147921245700E-016  -3.0740164711814317E-015   6.0761340229043694E-016  -4.9306089846293451E-015  -6.4618406113343464E-015   1.3491223119009928E-016   1.6933711603080582E-014   1.2440129344038090E-013  -1.8829007946295892E-014   9.8712239883218313E-015  -1.1173982595980891E-014   3.2670342581490745E-016  -6.7565538008711326E-014  0.95910731057192056       -1.4231395953503595E-002
  -1.3749129708748358E-013   4.1941623350612139E-016   4.4987013484997170E-016  -2.8370699757136767E-017   4.2684312148931306E-020   1.2752565344701363E-019  -1.6061193690485391E-016   1.8441671238650979E-014  -3.7116622239299690E-016   1.8877805290522235E-016   2.9131747870339680E-019   3.1200513558583268E-019  -2.4705334436399539E-019  -3.5756044593999773E-019  -4.0651010928864988E-019   6.6242967209483893E-020  -4.4502911828449044E-016   9.6277059976761304E-027  -1.1308287006796801E-028   7.1292964782690647E-029   5.3269281746563820E-027  -1.7887439906872324E-030   4.7491018627311455E-027  -1.8552734256129935E-028   9.3960628551704018E-029  -8.0851613423056317E-029   1.7950244046890974E-028  -2.7809066639755158E-016   1.5048652041331447E-017   1.6117318952126073E-017  -1.2762089770520234E-017  -1.8470579789753982E-017  -2.0999183477013280E-017   3.4219277483976265E-018  -1.8789436415979714E-017   1.1841488328250386E-020   9.7453646549501364E-020   2.2724869683275052E-016   2.4338656500597989E-016  -1.9271947156829093E-016  -2.7892300090649191E-016  -3.1710727755566014E-016   5.1674304073839776E-017  -4.7089671232684298E-016  -8.9337371555617956E-016
   1.3539194600391283E-015  -4.4684359720812858E-014  -7.2165934473209051E-016   1.3918749584461308E-019  -1.0065157695894315E-017  -1.1085376168196549E-019   1.2615459655589827E-016  -1.1881254604052127E-015  -7.1630793265617720E-017   3.7004163386805116E-016   6.7844551566514499E-019  -5.0640246804986693E-019  -1.5409955000104333E-019  -8.1593695218660086E-019  -4.3048122612599532E-019   1.3749143655851144E-019   3.7287485036273298E-016  -1.1308287006796801E-028   1.0020485503030772E-027   1.1548513630090256E-030  -7.3683914635742495E-029  -1.2013924855477639E-030  -5.6102649705773988E-029   1.2265654740027313E-027  -2.6402985170078490E-031   7.6808951899930667E-028  -4.1862398469866495E-030   1.4997047038327565E-016   3.5046611482271722E-017  -2.6159345359396166E-017  -7.9603548611440379E-018  -4.2149037318257324E-017  -2.2237464813980191E-017   7.1024258359552482E-018   3.9675121294537995E-020  -6.9823783288822242E-018  -5.9162432153750614E-020   5.2923655659525881E-016  -3.9503054005071881E-016  -1.2020879103014773E-016  -6.3648981829205367E-016  -3.3580648193360248E-016   1.0725326169694402E-016   3.8003600432574854E-016  -1.0953915086720408E-015
  -9.8146115068371242E-016   5.9304304463507887E-016  -4.1676587760882717E-014  -4.8089252157779381E-020  -1.8743751743669477E-019  -8.2848331716596305E-018  -3.5575932209810555E-016   1.2404314701235761E-015  -2.3039258006193003E-015   7.8512883713673272E-015  -3.1475709417457511E-019   9.3097887728661561E-019  -5.1393633421280921E-019   6.2242365395902979E-019   1.2007392077025817E-018  -3.0766655977011550E-019  -1.0098082414800163E-015   7.1292964782690647E-029   1.1548513630090256E-030   9.0583733920699477E-028   4.2545131481815626E-029  -2.5419344074531383E-030   3.1741863615828049E-029   1.9955783853339027E-029   8.2518314145175781E-028   2.8448098169701716E-030   1.1073318572267746E-027  -5.4535586502693497E-016  -1.6259477491658880E-017   4.8091783729236172E-017  -2.6548523965185686E-017   3.2152677664869009E-017   6.2026853347527523E-017  -1.5893200173205534E-017   2.5992406030488959E-020  -2.4017388319405430E-019  -5.3689465678886088E-018  -2.4553329168723189E-016   7.2623083787294634E-016  -4.0090750037631855E-016   4.8553545387035091E-016   9.3666340035998790E-016  -2.4000216218312400E-016  -1.0535331320938702E-015  -1.2497550019348952E-016
  -7.6017403996459152E-014   7.1404051023174778E-016   1.5929391299418254E-016  -1.5619136508841123E-017   2.1894917528602978E-019   1.0946131021161034E-019  -4.2194196765874286E-017   1.0675138616557084E-014   4.1837568918900498E-016   5.2855047428940050E-016  -3.2266020357523590E-020  -1.0389544326908877E-018  -6.0080829416701527E-019  -3.2423050066314262E-019   7.3286332345860317E-019   3.5649652101073668E-019  -1.2083312367977078E-016   5.3269281746563820E-027  -7.3683914635742495E-029   4.2545131481815626E-029   2.9489117256853723E-027  -7.5337112348128759E-031   2.6281880199240452E-027  -1.1511657070249274E-028   5.4605547604769386E-029  -5.2516993753970764E-029   1.0195171970700952E-028  -6.1549895183819842E-017  -1.6667730180206033E-018  -5.3669501102333524E-017  -3.1036088197277461E-017  -1.6748847365286490E-017   3.7857684331447505E-017   1.8415620383305799E-017  -1.0319306299229175E-017   1.7182751090643649E-019   1.0118135400123583E-019  -2.5169828847298472E-017  -8.1045957815198214E-016  -4.6867391034442364E-016  -2.5292323370617142E-016   5.7168638133159029E-016   2.7809306255346814E-016  -1.2541729203107467E-016   6.7370027022002978E-017
   9.6944152452451823E-017   2.6609747784271221E-017   1.7002054647116751E-016   9.6708100288849933E-020   2.9317970041752041E-020   6.2639038030476348E-020  -3.0292334001680254E-017   5.3772029001261057E-016   1.6750613990451037E-016   1.7504344124117161E-016  -1.6544201403452203E-019   5.6571746012497147E-019   1.3587596889989709E-019  -5.2540591630012575E-019   2.6919245293754070E-019   6.9084793034245731E-019  -9.1372203497648035E-017  -1.7887439906872324E-030  -1.2013924855477639E-030  -2.5419344074531383E-030  -7.5337112348128759E-031   5.8634055343588574E-031  -8.7810772646674770E-033  -6.0659135795698406E-031  -2.5655776498658311E-030  -1.1476720565308100E-030  -2.9199327076026529E-030  -3.0617896253374699E-017  -8.5462750582505574E-018   2.9223393148479030E-017   7.0189752632529336E-018  -2.7141010728803842E-017   1.3905734645482958E-017   3.5687285787066508E-017   9.2777208460781045E-020   2.8341119994154608E-020   5.1805741106661934E-020  -1.2905673308341968E-016   4.4130052258406052E-016   1.0599308013071466E-016  -4.0985460371509784E-016   2.0998957700728156E-016   5.3891133679846025E-016  -9.2055265630116700E-017   4.0459947995611340E-016
  -6.7439328316534700E-014   1.2747059587323404E-016   4.5136137905945608E-016  -1.3500756731797499E-017  -1.4568167609381596E-020   1.1913155103189059E-019   1.2856833314362808E-016   1.2025540125566242E-014  -3.1054589702087718E-016   1.2610039577297282E-016  -3.6259777938629760E-019   6.2074969413693101E-019   9.3184506161020821E-019   8.0595837539422552E-019  -1.8747278095151766E-019  -4.4336059601078389E-019   3.6248832746540022E-016   4.7491018627311455E-027  -5.6102649705773988E-029   3.1741863615828049E-029   2.6281880199240452E-027  -8.7810772646674770E-033   2.3483602623930376E-027  -8.7716599741434470E-029   4.3849362201269433E-029  -4.0009481161727653E-029   8.2460018649633011E-029   2.0427178870712912E-016  -1.8730794449238027E-017   3.2066205548237457E-017   4.8136528405870660E-017   4.1633571748542635E-017  -9.6843233024870313E-018  -2.2902777299298738E-017  -8.7858730020569514E-018  -2.4956290417307327E-020   8.8635162361404239E-020  -2.8285248522881684E-016   4.8422964416991850E-016   7.2690652426830661E-016   6.2870580689650778E-016  -1.4624232417333578E-016  -3.4585332166770203E-016   3.7967095828446334E-016   2.3377399410815436E-016
   2.5059567299752862E-015  -5.4774509228426236E-014  -1.4215268805750705E-015   5.5310927503012326E-019  -1.2437810392273306E-017  -5.5065003854105144E-020   2.5498441926664985E-016  -7.7530020906189219E-017  -8.0467866135922887E-016   1.9013419966652190E-015  -1.9820674601016007E-018  -3.1452641477580293E-019   8.8687188288091105E-019   1.4428131680427180E-018   5.7438935938694652E-019   5.3925429213391104E-019   7.1911389226751505E-016  -1.8552734256129935E-028   1.2265654740027313E-027   1.9955783853339027E-029  -1.1511657070249274E-028  -6.0659135795698406E-031  -8.7716599741434470E-029   1.5096966460449258E-027   1.6971882234493072E-029   9.4059074574437657E-028   1.3833342020098919E-029   4.0452130836502254E-016  -1.0238810133496266E-016  -1.6247561234063701E-017   4.5813338870840415E-017   7.4531721965340460E-017   2.9671359384580844E-017   2.7856379369645955E-017   3.7980474353053880E-019  -8.6625874039554618E-018   5.2770426252212811E-020  -1.5461559304881667E-015  -2.4535334507117628E-016   6.9182419311481965E-016   1.1254985923528624E-015   4.4806523101772530E-016   4.2065733813527378E-016   7.5307567738635748E-016   4.4781227894457211E-016
  -1.3804097896355568E-015   6.3190959643160063E-016  -3.7947645894589963E-014  -2.0961216387195949E-019  -2.5745414694325643E-019  -7.4550276910479384E-018   2.3027367175789278E-016   7.2528681968118924E-016  -2.8694290974605648E-015   7.7844685422827484E-015   1.3908595459270611E-019   2.4141706016439416E-019   3.7340003592673877E-019  -1.5633815158621852E-019  -8.8419641741815898E-019   1.7252197008732691E-020   6.4560555683666724E-016   9.3960628551704018E-029  -2.6402985170078490E-031   8.2518314145175781E-028   5.4605547604769386E-029  -2.5655776498658311E-030   4.3849362201269433E-029   1.6971882234493072E-029   7.5720956195034353E-028  -2.4848003668574184E-031   1.0150572191700474E-027   3.7652771413392987E-016   7.1847942104544620E-018   1.2470934979846593E-017   1.9288809027451526E-017  -8.0759948029751451E-018  -4.5675131754129332E-017   8.9120059253196946E-019  -1.1064600895386902E-019  -3.1577284000244603E-019  -4.7967746317168895E-018   1.0849710105938590E-016   1.8832276237584879E-016   2.9127902638100002E-016  -1.2195506212552323E-016  -6.8973713660755502E-016   1.3457961066106455E-017   6.7843026353448893E-016   6.9865580683444314E-016
   9.6723884566812153E-016  -3.4286189342021509E-014  -7.5998304646990456E-016   1.1261294963632143E-019  -7.5398875644319202E-018  -1.9096099842115275E-019  -7.7542921480746391E-017  -7.5418320599671409E-016   1.2595299103452258E-015  -1.4319763882359724E-016  -7.5594817347403180E-020  -1.2641253973853538E-018  -3.3238518597693042E-019   8.4004218051782253E-019  -2.7196882416064413E-020  -7.6444736314003821E-019  -2.1231477233887656E-016  -8.0851613423056317E-029   7.6808951899930667E-028   2.8448098169701716E-030  -5.2516993753970764E-029  -1.1476720565308100E-030  -4.0009481161727653E-029   9.4059074574437657E-028  -2.4848003668574184E-031   5.9102359764620917E-028  -6.0149149708161268E-030  -1.4172865700728922E-016  -3.9050183587520096E-018  -6.5301207900838481E-017  -1.7170095765499999E-017   4.3394246479644239E-017  -1.4049154275300830E-018  -3.9489228120906267E-017   4.2006688762556942E-020  -5.1677368867962602E-018  -1.3925792208411211E-019  -5.8969423354087813E-017  -9.8610921139766205E-016  -2.5928447787137055E-016   6.5529363928789692E-016  -2.1215534732912001E-017  -5.9632421593373809E-016  -2.2623868529570519E-016  -6.2734208014544966E-016
  -2.5971312430788916E-015   1.0792344739017902E-015  -5.0178837849878673E-014  -4.5901395168345441E-019  -3.7898162624969957E-019  -9.3770032930661900E-018  -9.5908841528573300E-017   9.0042624151321055E-016  -4.4647007031907862E-015   1.3746401020521384E-014   3.6898491353176584E-018   2.3921014889492954E-018  -1.0345075844627938E-018  -3.6364534009974197E-018  -1.3800425068677740E-018  -5.3395734320275324E-020  -2.6205556158978874E-016   1.7950244046890974E-028  -4.1862398469866495E-030   1.1073318572267746E-027   1.0195171970700952E-028  -2.9199327076026529E-030   8.2460018649633011E-029   1.3833342020098919E-029   1.0150572191700474E-027  -6.0149149708161268E-030   1.3772268439503199E-027  -1.7689856336380103E-016   1.9060736063585829E-016   1.2356932071255023E-016  -5.3439789270268897E-017  -1.8784908526582360E-016  -7.1289163907023797E-017  -2.7582753700772919E-018  -2.7519770134919001E-019  -4.7634751858082884E-019  -5.8442380999964983E-018   2.8783491167364872E-015   1.8660121201101484E-015  -8.0699071500464777E-016  -2.8366965832317166E-015  -1.0765329380781189E-015  -4.1652533504658714E-017  -2.7958515398167159E-016  -8.1797269300442544E-016
  -7.1312873071279788E-015   6.9302821035568966E-017  -7.1837395111446856E-015  -3.0508135572336519E-015  -1.5904703868963122E-016   1.1912822519357282E-014  0.17313924157888849        7.8778008969567610E-015  -4.9892718976328079E-015  -2.0625937964590011E-014   4.0289513412553017E-016   5.6194017285094537E-016  -6.8857711926817553E-017   1.5649695160248807E-015  -4.1911593612621681E-017  -1.0232650109028062E-015  0.49122930739187126       -2.7809066639755158E-016   1.4997047038327565E-016  -5.4535586502693497E-016  -6.1549895183819842E-017  -3.0617896253374699E-017   2.0427178870712912E-016   4.0452130836502254E-016   3.7652771413392987E-016  -1.4172865700728922E-016  -1.7689856336380103E-016  0.26605500817164601       -5.8397124800886971E-015   6.8347142807783537E-016  -4.3844906468040092E-016   1.5129803977633943E-015   1.2484355981371767E-016   4.6067477138490233E-015  -3.0986815122686044E-015  -1.6622194857730983E-016   8.8169696767328492E-015  -7.3854352306177044E-014   1.3430505080612459E-014  -6.0003790527344144E-015   3.0044062200319083E-014  -3.0681745313572067E-015   5.7675878617131160E-014  0.51263286226218341        7.7723465297543287E-002
   1.4746919704203106E-017  -5.5039304910417360E-016  -7.3789970555578039E-016  -9.8231739071291722E-017   3.4778875685573750E-016   2.0884500325495263E-016  -3.3769154428773990E-015   1.5131322004923012E-016   3.8009443031334420E-016  -2.1773848065601904E-016   1.6147584911371343E-004   6.3381277624151001E-017   1.6282099017683860E-016  -8.0737924556955080E-005  -1.3779390406216301E-016  -8.0737924557002080E-005   4.9169740372156665E-015   1.5048652041331447E-017   3.5046611482271722E-017  -1.6259477491658880E-017  -1.6667730180206033E-018  -8.5462750582505574E-018  -1.8730794449238027E-017  -1.0238810133496266E-016   7.1847942104544620E-018  -3.9050183587520096E-018   1.9060736063585829E-016  -5.8397124800886971E-015   8.3413939912720791E-003   8.3384490896334887E-017  -4.8916152703934296E-018  -4.1706969956366649E-003   1.1600024891907961E-016  -4.1706969956365565E-003  -9.7675931850092996E-017   3.1135982393503327E-016   1.7916970692135641E-016  0.12596283767339519        1.9942480182684191E-015   4.1077053359510550E-016  -6.2981418836697667E-002   2.1183148928164474E-015  -6.2981418836697417E-002  -3.0545798222421155E-015   1.3500932500512302E-014
  -7.5187848425192119E-017   3.8780865227336601E-016  -9.4039985408114732E-016   9.2437679839346908E-018  -2.1370785217958158E-016   5.1445145444878989E-016  -2.5733900880088418E-016  -8.5811829585114802E-016  -1.7418671429012310E-016  -1.2440012292346116E-016   5.3981036256469648E-017   1.6147584911420029E-004   1.3180456353458781E-016   1.9085671614950665E-016  -4.3950435285547328E-017   3.3195703614629321E-016  -1.7586270379615064E-015   1.6117318952126073E-017  -2.6159345359396166E-017   4.8091783729236172E-017  -5.3669501102333524E-017   2.9223393148479030E-017   3.2066205548237457E-017  -1.6247561234063701E-017   1.2470934979846593E-017  -6.5301207900838481E-017   1.2356932071255023E-016   6.8347142807783537E-016   8.3384490896334887E-017   8.3413939912709931E-003  -2.3388909014296145E-017   1.4547706165797861E-016   8.2528458224015702E-017   8.0190303182458444E-017   4.4278404553025901E-017  -1.9953563396068252E-016   3.7590824549989849E-016  -1.0369572157865013E-015  0.12596283767338848        6.8887156721118876E-016  -2.0789576657412259E-017   7.8458120805324087E-016   3.3612384929418739E-016  -1.5361526786374811E-015   8.7626370489190435E-016
  -3.0780721336937459E-016  -1.1001079359233759E-016   5.5833870291228401E-016   6.9008987665374479E-017   6.8467632799079505E-017  -3.4166628017204688E-016  -1.4245589013109594E-016   1.2989334117362737E-015  -1.2668549006587141E-016   3.3983668761354999E-016  -5.1051185687864647E-017   1.5472254539126554E-017   1.6147584911383394E-004  -3.6219836891199041E-017  -1.4369835285292949E-016  -7.0660436408935326E-017   6.2903147921245700E-016  -1.2762089770520234E-017  -7.9603548611440379E-018  -2.6548523965185686E-017  -3.1036088197277461E-017   7.0189752632529336E-018   4.8136528405870660E-017   4.5813338870840415E-017   1.9288809027451526E-017  -1.7170095765499999E-017  -5.3439789270268897E-017  -4.3844906468040092E-016  -4.8916152703934296E-018  -2.3388909014296145E-017   8.3413939912710001E-003  -9.0167980724200578E-017  -4.0277259704422310E-016   8.6311545594469305E-017   4.7086910223409957E-017   9.8012780211274657E-017  -3.4979536384896322E-016  -6.1150283665515182E-016  -1.3395351722376301E-015  0.12596283767338876       -1.2120300321380222E-015  -3.5316397108310511E-015   1.5444443006397064E-015  -5.4662946130538589E-016  -9.5708372993329696E-016
  -3.7029192425855091E-017   4.6589450690364457E-016   4.0513005465795862E-016   2.8181842533376468E-017  -3.1898576236152982E-016  -2.9245504331322091E-016  -3.6821964067408762E-016   3.0612993846760832E-016   5.2365077772649143E-016   1.1834035663411025E-016  -8.0737924556889377E-005  -5.4853368936348739E-017  -2.5574599779708462E-017   1.6147584911363895E-004   1.5314185152734710E-016  -8.0737924556612242E-005  -3.0740164711814317E-015  -1.8470579789753982E-017  -4.2149037318257324E-017   3.2152677664869009E-017  -1.6748847365286490E-017  -2.7141010728803842E-017   4.1633571748542635E-017   7.4531721965340460E-017  -8.0759948029751451E-018   4.3394246479644239E-017  -1.8784908526582360E-016   1.5129803977633943E-015  -4.1706969956366649E-003   1.4547706165797861E-016  -9.0167980724200578E-017   8.3413939912743412E-003   5.5011150329472159E-017  -4.1706969956371263E-003   9.8012097708002227E-017  -3.2390055211104665E-016  -2.1005015485669615E-016  -6.2981418836706909E-002   2.0271006146441528E-015  -2.3505884264312178E-016  0.12596283767341199        6.2101787538901519E-016  -6.2981418836705078E-002  -5.1625699658382185E-016   1.2395684297648029E-014
  -8.1040476899811494E-017  -1.5606003899001414E-017   3.1955285036706661E-016  -1.6589674908938883E-016   8.0141874897370067E-018   9.2829012455953057E-018  -1.4007152407125031E-016   4.4321904332178590E-016  -1.5560111556364403E-016  -6.7522719511859798E-016   9.1723267839004930E-017  -2.4514326287982048E-017  -1.7967719274061205E-016   1.0132847360233573E-016   1.6147584911407078E-004   1.2566160111744885E-016   6.0761340229043694E-016  -2.0999183477013280E-017  -2.2237464813980191E-017   6.2026853347527523E-017   3.7857684331447505E-017   1.3905734645482958E-017  -9.6843233024870313E-018   2.9671359384580844E-017  -4.5675131754129332E-017  -1.4049154275300830E-018  -7.1289163907023797E-017   1.2484355981371767E-016   1.1600024891907961E-016   8.2528458224015702E-017  -4.0277259704422310E-016   5.5011150329472159E-017   8.3413939912719819E-003   2.5160948262086865E-018   5.7269343913942367E-018   7.1965228678704188E-018   9.6620275364138205E-018  -1.1290485965756759E-016   5.7429638505141573E-016  -2.5959245315815945E-015   1.3008202608340391E-016  0.12596283767339592        6.4377098029728076E-017   2.5713487887140023E-016   1.2865812287838147E-016
   1.1495415680855448E-016   3.3214430492527168E-018   2.8968109003377435E-016   7.0105182231204298E-017  -2.8788676351605444E-017   8.3544203622977067E-017   2.8547583354554601E-015  -2.1022665151617590E-016  -6.6978886160001738E-016  -3.0368068182415078E-016  -8.0737924556846158E-005  -2.5451718790964231E-018  -1.3741574239266098E-016  -8.0737924556673215E-005  -1.1988737141556096E-017   1.6147584911362577E-004  -4.9306089846293451E-015   3.4219277483976265E-018   7.1024258359552482E-018  -1.5893200173205534E-017   1.8415620383305799E-017   3.5687285787066508E-017  -2.2902777299298738E-017   2.7856379369645955E-017   8.9120059253196946E-019  -3.9489228120906267E-017  -2.7582753700772919E-018   4.6067477138490233E-015  -4.1706969956365565E-003   8.0190303182458444E-017   8.6311545594469305E-017  -4.1706969956371263E-003   2.5160948262086865E-018   8.3413939912742752E-003  -2.8600633939314567E-019   1.2561847421197670E-017   3.0815517053282602E-017  -6.2981418836705522E-002   6.4561952382554557E-016  -3.0781346709811223E-016  -6.2981418836706007E-002  -1.1890447343230602E-016  0.12596283767341143        6.8987965791072698E-016   1.6970519687392062E-014
