  0.22122421461758759        6.8001199784037229E-016  -1.0076168415265596E-015   5.3249884650834552E-016   2.3067455703954626E-017  -2.7569217710957892E-017  -8.2917758762004114E-018   8.6587824066274825E-018  -8.1098168203092162E-018   2.1284685431655787E-017  0.32276114410642331        7.8077679464578245E-016   1.1495253533777561E-016   3.5430619260278717E-016  -4.5021513704032507E-016   5.7050335443321004E-016   7.2450346183905518E-018  -6.9415439803049705E-017   5.8186962822303761E-017   1.1145442161240079E-017  -1.2141853794128704E-016  -1.8878577120793654E-018  -4.8467957858836611E-017   1.3039664887070292E-017  -1.7133211223345584E-016   2.4286486740659150E-016  0.26927252085114711        5.9837638434936836E-016  -2.0541565410453488E-016   1.0115498110707896E-017   2.2360885423620061E-018  -8.3806695983878117E-019   1.1299990460728619E-017  -6.9530939052753440E-019   2.4529598699077681E-017
   6.8001199784037229E-016  0.22122421461758732        7.0646706375834818E-016   3.0502877834125623E-016   5.6773802990148643E-017   1.9863001270442362E-017  -1.9339945210065904E-017   9.2350667573091786E-017   1.4463255890476690E-017   1.4401898166941258E-016  -8.5790295468716514E-016  0.32276114410642437       -2.1832220562241191E-016  -2.2408273912588875E-016   1.5216503812870809E-015   3.1211691699886333E-016  -4.4952882035160955E-016   1.2137509622012146E-016   1.1732717271521791E-016  -1.0409787060867820E-017   1.4477697457429877E-016  -1.1152343680806247E-015   1.2391929559403475E-016  -5.5191520787750581E-016   2.7897016129790283E-016   1.7969576622044179E-016   2.7012929122745538E-016  0.26927252085114683        4.6143384474770363E-016   1.6816242285653398E-016   1.9027816772078738E-017  -6.0462317415888874E-019   1.6715153556022553E-016  -1.6924329284101834E-018   1.7479759321845326E-016
  -1.0076168415265596E-015   7.0646706375834818E-016  0.22122421461757683       -1.5730506801801311E-015   1.9173798886932663E-016   1.4924642065829370E-017   8.1105865985433117E-017   4.7315889308980476E-016   3.5265150117488009E-017   4.0713212948224395E-016  -6.1029740289209045E-016  -3.4549172907584985E-016  0.32276114410642937       -9.7836116676512674E-016   1.6713853967293829E-015   4.1145061598915781E-017   1.4799259595424105E-016  -2.4873285176599132E-015   3.3204943241879399E-018   3.0299618440068551E-017   4.0960250607862214E-017   3.2532350667433552E-016  -2.5003638548210118E-015   2.0341217197975884E-016  -5.5714857415216489E-015  -9.7972203999981457E-017  -3.5070552148117051E-016   3.2985274066550320E-016  0.26927252085113984        1.6812944950525827E-016  -1.1871151809403794E-017  -2.9758412432855664E-018   1.0731789168749641E-016  -3.3887285966002817E-018   1.3699616880621224E-016
   5.3249884650834552E-016   3.0502877834125623E-016  -1.5730506801801311E-015  0.26662528942831454       -1.9160176954982652E-014  -1.2269310537525200E-016  -9.8452333607323253E-017  -1.9333144996271525E-014   3.5057280879916500E-017  -1.8010427093182802E-014  -7.4886662694403114E-016   9.7623293067865502E-016  -1.5438906077302155E-015  0.42935889281693629        4.6319306044959822E-003   3.1249623062535512E-016  -1.9942537983450594E-016  -7.0156935006941963E-017   1.0270859772476273E-016   5.9392366207681056E-018   2.1000301624978305E-016  -4.2705476651798412E-016  -7.2466186915796502E-017  -1.7812424705277528E-016  -1.6278618736986312E-016  0.12971736725435334        2.6618550052221637E-016   2.2116848138204046E-016  -1.0516196944427616E-015  -1.8460837910519544E-014  -2.5010348730871822E-017   2.6062490140035657E-017  -1.8606233621358708E-014  -1.4736722016363241E-017  -1.8264403807587048E-014
   2.3067455703954626E-017   5.6773802990148643E-017   1.9173798886932663E-016  -1.9160176954982652E-014   1.3961629808459436E-027   9.3659971708113827E-030   6.2396570629687621E-030   1.4043443594251053E-027  -8.1332762271612721E-031   1.3140391894889270E-027   3.3654898074910415E-017   8.2831699233450444E-017   2.7974140517616120E-016  -3.0878148861828225E-014   5.6965627189892419E-015  -2.0178828477272563E-029   1.4649874812563195E-029   4.5166836241044582E-030  -4.9115930200804384E-030  -4.5876269699179793E-031  -1.7970953798568455E-029   3.5981859048722340E-029   3.5457222387011030E-030   1.4833746345298213E-029   8.8876798543959885E-030  -9.0574970439110863E-015   2.8077540958931197E-017   6.9104664134038038E-017   2.3338209922004989E-016   1.3484882934942042E-027   2.3690583121270245E-030  -1.2580653118175949E-030   1.3591031897575440E-027   8.4380769978765351E-031   1.3345246363264377E-027
  -2.7569217710957892E-017   1.9863001270442362E-017   1.4924642065829370E-017  -1.2269310537525200E-016   9.3659971708113827E-030   7.7613345408610208E-032   2.4915735334036133E-032   9.3437487132950755E-030   3.5319804091173077E-032   8.8676235365016134E-030  -4.0222867401244610E-017   2.8979671264817676E-017   2.1774716465251904E-017  -1.9823929099170238E-016   1.6645133576673371E-016  -1.2531348391160574E-031   6.9021155833307801E-032  -7.1041249186364955E-032   2.4191483119037045E-032  -4.5981673086570289E-033  -1.4793902670215652E-031   2.6668227918138920E-031  -1.0479150943066501E-031   1.0035806353115488E-031  -1.9963147261200511E-031  -5.2304281285085495E-017  -3.3557053253669824E-017   2.4177102099818302E-017   1.8166166840342756E-017   9.1261823443237247E-030   2.8269244402055572E-032   5.1258336646083474E-033   9.1948809287883893E-030   5.6677717675480948E-034   9.0374156742102919E-030
  -8.2917758762004114E-018  -1.9339945210065904E-017   8.1105865985433117E-017  -9.8452333607323253E-017   6.2396570629687621E-030   2.4915735334036133E-032   1.1048939261974045E-031   6.6161762070519607E-030  -7.9788216746551226E-032   5.8728304056146306E-030  -1.2097514158214994E-017  -2.8216544259166006E-017   1.1833163084996833E-016  -1.5742834222764287E-016  -2.8582592229796976E-016  -2.4804639679030534E-031   1.5254431848295915E-031  -9.6973787973433185E-031  -1.6365977789004813E-031   1.2080019541135073E-032   6.7892357582804676E-032   1.2490949781319350E-031  -9.2149761318665012E-031   9.3989226423251407E-032  -2.0930721441448917E-030  -6.0349438023951084E-017  -1.0092689881967453E-017  -2.3540442029999477E-017   9.8721475980672531E-017   5.8422103314941538E-030  -2.4050724815982693E-032  -3.9735222087745186E-032   5.8633116989224560E-030   1.4351484509551257E-032   5.7488375426353881E-030
   8.6587824066274825E-018   9.2350667573091786E-017   4.7315889308980476E-016  -1.9333144996271525E-014   1.4043443594251053E-027   9.3437487132950755E-030   6.6161762070519607E-030   1.4140630860494794E-027  -1.1825092787834726E-030   1.3216943969386345E-027   1.2632968416171894E-017   1.3473754297826842E-016   6.9032816295349627E-016  -3.1151116101234671E-014   4.2726363321989267E-015  -2.0811654817252782E-029   1.4822833940383148E-029   1.0433828907853072E-030  -5.5316276676178929E-030  -4.1310673647173016E-031  -1.7331097048265016E-029   3.5245118929998054E-029   3.2231727512415023E-031   1.4647740300447356E-029   1.4987644883698473E-030  -9.2039179594186090E-015   1.0539407587778696E-017   1.1240856749194630E-016   5.7592559713980490E-016   1.3555980394596471E-027   2.2371315101526711E-030  -1.4243603631252864E-030   1.3661779694556468E-027   8.9873355050221211E-031   1.3414259412458595E-027
  -8.1098168203092162E-018   1.4463255890476690E-017   3.5265150117488009E-017   3.5057280879916500E-017  -8.1332762271612721E-031   3.5319804091173077E-032  -7.9788216746551226E-032  -1.1825092787834726E-030   1.5797116530661259E-031  -5.9660849326015154E-031  -1.1832039995898606E-017   2.1101564432190895E-017   5.1451059363827428E-017   5.4383702317395884E-017   5.2872986195381267E-016   2.3129580480739438E-031  -5.5570863734104869E-033  -2.5449196561729425E-031   2.3243235458531689E-031  -4.4547025734335243E-034  -2.0943659859616030E-031   3.8686533340880323E-031  -3.5631656491495389E-031   1.4739691034476442E-031  -7.1293876836417137E-031   4.0199835163097748E-017  -9.8712106295439589E-018   1.7604570910449092E-017   4.2924486755417502E-017  -4.9189557010360563E-031   4.6515868850914900E-032   5.7044374022718319E-032  -5.0160435464629329E-031  -2.1110853700455711E-032  -4.5568868819435053E-031
   2.1284685431655787E-017   1.4401898166941258E-016   4.0713212948224395E-016  -1.8010427093182802E-014   1.3140391894889270E-027   8.8676235365016134E-030   5.8728304056146306E-030   1.3216943969386345E-027  -5.9660849326015154E-031   1.2371219420020668E-027   3.1053876420196043E-017   2.1012044896170975E-016   5.9399660268347446E-016  -2.9027013659151755E-014   5.8082438479160275E-015  -1.8640739892321192E-029   1.3761299141319360E-029   1.8652410133524274E-030  -4.3826920238226339E-030  -4.0870795349208556E-031  -1.7012130110298628E-029   3.4097818237681001E-029   8.5530072328528068E-031   1.4076298879427001E-029   2.9023343817542722E-030  -8.4941068826451761E-015   2.5907565822391841E-017   1.7529886731240105E-016   4.9555829597892720E-016   1.2694404156716621E-027   2.2659109240218563E-030  -1.1394124551387196E-030   1.2793720510000699E-027   7.7307747991909045E-031   1.2562986960021444E-027
  0.32276114410642331       -8.5790295468716514E-016  -6.1029740289209045E-016  -7.4886662694403114E-016   3.3654898074910415E-017  -4.0222867401244610E-017  -1.2097514158214994E-017   1.2632968416171894E-017  -1.1832039995898606E-017   3.1053876420196043E-017  0.47090123621849361       -1.5600103017109715E-015   1.4221479896492362E-015  -1.9404602262738955E-015  -5.8973639589139542E-016   8.3235153851361085E-016   1.0570342250127640E-017  -1.0127556247951508E-016   8.4893467584769861E-017   1.6260948964163986E-017  -1.7714691083615170E-016  -2.7543418613159656E-018  -7.0713658349128191E-017   1.9024577237133942E-017  -2.4996969098630062E-016  -3.8387389532090226E-016  0.39286254019060468       -1.3788211054587751E-015   7.4685266651663973E-016   1.4758283803088523E-017   3.2624027957499908E-018  -1.2227208095776172E-018   1.6486431450664058E-017  -1.0144407328217820E-018   3.5788131757161223E-017
   7.8077679464578245E-016  0.32276114410642437       -3.4549172907584985E-016   9.7623293067865502E-016   8.2831699233450444E-017   2.8979671264817676E-017  -2.8216544259166006E-017   1.3473754297826842E-016   2.1101564432190895E-017   2.1012044896170975E-016  -1.5600103017109715E-015  0.47090123621849728       -2.3263890615812722E-015   5.5150794112795694E-016  -3.6418693102091912E-015   4.5537154872337265E-016  -6.5585241930366179E-016   1.7708353034389020E-016   1.7117770116528977E-016  -1.5187644749820571E-017   2.1122634352954402E-016  -1.6271018125693598E-015   1.8079545989996906E-016  -8.0523185155029463E-016   4.0701117907783424E-016   2.6331817619960662E-016   1.3686499486417768E-016  0.39286254019060607       -1.0018974344994161E-015   2.4534518561041476E-016   2.7761155901579954E-017  -8.8213158664496291E-019   2.4387032382422560E-016  -2.4692215056171613E-018   2.5502574965290061E-016
   1.1495253533777561E-016  -2.1832220562241191E-016  0.32276114410642937       -1.5438906077302155E-015   2.7974140517616120E-016   2.1774716465251904E-017   1.1833163084996833E-016   6.9032816295349627E-016   5.1451059363827428E-017   5.9399660268347446E-016   1.4221479896492362E-015  -2.3263890615812722E-015  0.47090123621853430       -1.9484475910431812E-016  -3.4001157358997472E-015   6.0029717718526353E-017   2.1591786266274581E-016  -3.6289562583203664E-015   4.8445263956567842E-018   4.4206460538736283E-017   5.9760082647072374E-017   4.7463966546536208E-016  -3.6479745215028210E-015   2.9677377527073188E-016  -8.1286721501747863E-015  -3.3929673187268256E-017   1.4176485506334213E-015  -1.0390764175961722E-015  0.39286254019062067        2.4529707823391866E-016  -1.7319742987845651E-017  -4.3416853169641794E-018   1.5657438569284738E-016  -4.9440786615315811E-018   1.9987432324490749E-016
   3.5430619260278717E-016  -2.2408273912588875E-016  -9.7836116676512674E-016  0.42935889281693629       -3.0878148861828225E-014  -1.9823929099170238E-016  -1.5742834222764287E-016  -3.1151116101234671E-014   5.4383702317395884E-017  -2.9027013659151755E-014  -1.9404602262738955E-015   5.5150794112795694E-016  -1.9484475910431812E-016  0.69144552111941160       -5.6252270518046728E-006   5.0062403624831125E-016  -3.2152158929077841E-016  -1.1496640355166659E-016   1.6238770542237529E-016   9.6344333500988496E-018   3.4181697245957990E-016  -6.9426414495174440E-016  -1.1728803978936099E-016  -2.8931446400211822E-016  -2.6457443427589375E-016  0.20856268290867025       -1.8640939632253023E-016  -5.0741795937899897E-016   2.0305326907010607E-016  -2.9755158314229083E-014  -4.0989582090208733E-017   4.1204941791677584E-017  -2.9989567223578954E-014  -2.3469055868338592E-017  -2.9439049678862948E-014
  -4.5021513704032507E-016   1.5216503812870809E-015   1.6713853967293829E-015   4.6319306044959822E-003   5.6965627189892419E-015   1.6645133576673371E-016  -2.8582592229796976E-016   4.2726363321989267E-015   5.2872986195381267E-016   5.8082438479160275E-015  -5.8973639589139542E-016  -3.6418693102091912E-015  -3.4001157358997472E-015  -5.6252270518046728E-006   1.9039505554093636        6.6931140177082349E-016   9.2889821778982032E-017   5.0620302679942502E-016   7.6914524054829536E-016  -1.7803791980310206E-017  -9.2461726820488738E-016   1.6652964585447801E-015   1.4984054529769272E-016   6.2760980521340057E-016   6.1755915288473651E-016   8.5687098557280850E-002   1.0018362926804524E-016   4.7974888695949803E-017   1.0189398536569166E-015   6.5215849322627170E-015   1.8174256045188645E-016   1.9548531796117709E-016   6.5883182129576613E-015  -6.7120780739994018E-017   6.5806449526278072E-015
   5.7050335443321004E-016   3.1211691699886333E-016   4.1145061598915781E-017   3.1249623062535512E-016  -2.0178828477272563E-029  -1.2531348391160574E-031  -2.4804639679030534E-031  -2.0811654817252782E-029   2.3129580480739438E-031  -1.8640739892321192E-029   8.3235153851361085E-016   4.5537154872337265E-016   6.0029717718526353E-017   5.0062403624831125E-016   6.6931140177082349E-016   2.5170031044686137E-030  -7.8815075782197810E-031  -3.7566973873554488E-031   7.0416419303489480E-031   2.0407827391335652E-032  -1.7879649129155443E-031  -1.4350522497048543E-030  -4.4744102122464045E-031  -6.9605849155462332E-031  -1.0589429335732857E-030   1.8112772509676524E-016   6.9441257444542280E-016   3.7990646361137637E-016   5.0081472665496416E-017  -1.8956361120290544E-029   6.4616503071338232E-032   9.4986760198569556E-032  -1.9112302146707080E-029  -4.5399069990734076E-032  -1.8665984941509362E-029
   7.2450346183905518E-018  -4.4952882035160955E-016   1.4799259595424105E-016  -1.9942537983450594E-016   1.4649874812563195E-029   6.9021155833307801E-032   1.5254431848295915E-031   1.4822833940383148E-029  -5.5570863734104869E-033   1.3761299141319360E-029   1.0570342250127640E-017  -6.5585241930366179E-016   2.1591786266274581E-016  -3.2152158929077841E-016   9.2889821778982032E-017  -7.8815075782197810E-031   1.1667239880837505E-030  -1.8347038370808069E-030  -2.7226866688418425E-031   3.6438737030291452E-032  -4.7481618185844048E-031   2.8878086135875426E-030  -1.8642140460325282E-030   1.4231484324804398E-030  -4.1464872950125298E-030  -9.2801011283872457E-017   8.8186039612374565E-018  -5.4716324277865536E-016   1.8013552200327943E-016   1.3925375701023740E-029  -1.8606153682151127E-032  -1.0412790622393633E-032   1.3999042990805092E-029   8.7877902402049369E-033   1.3747429002517499E-029
  -6.9415439803049705E-017   1.2137509622012146E-016  -2.4873285176599132E-015  -7.0156935006941963E-017   4.5166836241044582E-030  -7.1041249186364955E-032  -9.6973787973433185E-031   1.0433828907853072E-030  -2.5449196561729425E-031   1.8652410133524274E-030  -1.0127556247951508E-016   1.7708353034389020E-016  -3.6289562583203664E-015  -1.1496640355166659E-016   5.0620302679942502E-016  -3.7566973873554488E-031  -1.8347038370808069E-030   2.8208284219368524E-029   1.8627241292957764E-031  -3.5621687397211854E-031  -6.4566519965345486E-031  -3.7108644157151796E-030   2.8255309841939719E-029  -2.3789944192667595E-030   6.3057848411803016E-029  -1.1895619834246791E-017  -8.4491973421947566E-017   1.4773689301707005E-016  -3.0275583588036350E-015   4.8799345369447022E-030   1.9834599916126436E-031   7.8512542824747456E-032   5.6194582745500302E-030   2.3447478361889641E-032   5.1922419656582212E-030
   5.8186962822303761E-017   1.1732717271521791E-016   3.3204943241879399E-018   1.0270859772476273E-016  -4.9115930200804384E-030   2.4191483119037045E-032  -1.6365977789004813E-031  -5.5316276676178929E-030   2.3243235458531689E-031  -4.3826920238226339E-030   8.4893467584769861E-017   1.7117770116528977E-016   4.8445263956567842E-018   1.6238770542237529E-016   7.6914524054829536E-016   7.0416419303489480E-031  -2.7226866688418425E-031   1.8627241292957764E-031   4.2643166013202527E-031  -7.0641514091310441E-033  -2.4778161768030091E-031  -7.7398141207723224E-032   4.8429310292686425E-032  -1.0063675142628116E-031   2.0660382092991251E-031   8.3597513530428625E-017   7.0824752104637082E-017   1.4280978967866021E-016   4.0416817783334238E-018  -4.2592502568551908E-030   7.4294073691739704E-032   8.8062447523954689E-032  -4.2884813717802398E-030  -3.3758229543009367E-032  -4.1543086778601172E-030
   1.1145442161240079E-017  -1.0409787060867820E-017   3.0299618440068551E-017   5.9392366207681056E-018  -4.5876269699179793E-031  -4.5981673086570289E-033   1.2080019541135073E-032  -4.1310673647173016E-031  -4.4547025734335243E-034  -4.0870795349208556E-031   1.6260948964163986E-017  -1.5187644749820571E-017   4.4206460538736283E-017   9.6344333500988496E-018  -1.7803791980310206E-017   2.0407827391335652E-032   3.6438737030291452E-032  -3.5621687397211854E-031  -7.0641514091310441E-033   5.5020157620176658E-033   6.0891659103474800E-033   7.1694333734227260E-032  -3.5376663364107227E-031   4.4587590305242550E-032  -7.9430971000787627E-031   2.1047914238402098E-018   1.3566151932986482E-017  -1.2670717842750566E-017   3.6880477357729177E-017  -4.5995750065690347E-031  -4.6792165050564720E-033  -1.6751865631772788E-033  -4.7206941168543920E-031  -1.1889232248165132E-034  -4.5995535715590088E-031
  -1.2141853794128704E-016   1.4477697457429877E-016   4.0960250607862214E-017   2.1000301624978305E-016  -1.7970953798568455E-029  -1.4793902670215652E-031   6.7892357582804676E-032  -1.7331097048265016E-029  -2.0943659859616030E-031  -1.7012130110298628E-029  -1.7714691083615170E-016   2.1122634352954402E-016   5.9760082647072374E-017   3.4181697245957990E-016  -9.2461726820488738E-016  -1.7879649129155443E-031  -4.7481618185844048E-031  -6.4566519965345486E-031  -2.4778161768030091E-031   6.0891659103474800E-033   7.8696914056062289E-031  -1.8205029241360104E-030  -4.8599827664869966E-031  -7.7849503050872353E-031  -1.1856686460502712E-030   6.1490223736389276E-017  -1.4778976996721556E-016   1.7622149081741945E-016   4.9856522058129402E-017  -1.7740827384374098E-029  -9.9495402611449047E-032  -7.5050577701072066E-032  -1.7901685536458836E-029   1.9640563019572895E-032  -1.7622574487033760E-029
  -1.8878577120793654E-018  -1.1152343680806247E-015   3.2532350667433552E-016  -4.2705476651798412E-016   3.5981859048722340E-029   2.6668227918138920E-031   1.2490949781319350E-031   3.5245118929998054E-029   3.8686533340880323E-031   3.4097818237681001E-029  -2.7543418613159656E-018  -1.6271018125693598E-015   4.7463966546536208E-016  -6.9426414495174440E-016   1.6652964585447801E-015  -1.4350522497048543E-030   2.8878086135875426E-030  -3.7108644157151796E-030  -7.7398141207723224E-032   7.1694333734227260E-032  -1.8205029241360104E-030   8.2541788859172812E-030  -4.0523996729122316E-030   3.9207614860822656E-030  -8.7922862293515180E-030  -1.3446514705505899E-016  -2.2978868114300276E-018  -1.3574552412899923E-015   3.9598142945501403E-016   3.4979765601766599E-029   8.6718299311840350E-032   1.2828768454164831E-031   3.5189155593011798E-029  -3.1588159770237839E-032   3.4634671931661969E-029
  -4.8467957858836611E-017   1.2391929559403475E-016  -2.5003638548210118E-015  -7.2466186915796502E-017   3.5457222387011030E-030  -1.0479150943066501E-031  -9.2149761318665012E-031   3.2231727512415023E-031  -3.5631656491495389E-031   8.5530072328528068E-031  -7.0713658349128191E-017   1.8079545989996906E-016  -3.6479745215028210E-015  -1.1728803978936099E-016   1.4984054529769272E-016  -4.4744102122464045E-031  -1.8642140460325282E-030   2.8255309841939719E-029   4.8429310292686425E-032  -3.5376663364107227E-031  -4.8599827664869966E-031  -4.0523996729122316E-030   2.8371824486699105E-029  -2.5125907136310326E-030   6.3258425900143999E-029  -2.8634276779553244E-017  -5.8994849256075730E-017   1.5083367417254107E-016  -3.0434248773200695E-015   3.7522271097388975E-030   1.6559698294162011E-031   4.1874171663709097E-032   4.4837315692103213E-030   3.6203688532165413E-032   4.0556940567925583E-030
   1.3039664887070292E-017  -5.5191520787750581E-016   2.0341217197975884E-016  -1.7812424705277528E-016   1.4833746345298213E-029   1.0035806353115488E-031   9.3989226423251407E-032   1.4647740300447356E-029   1.4739691034476442E-031   1.4076298879427001E-029   1.9024577237133942E-017  -8.0523185155029463E-016   2.9677377527073188E-016  -2.8931446400211822E-016   6.2760980521340057E-016  -6.9605849155462332E-031   1.4231484324804398E-030  -2.3789944192667595E-030  -1.0063675142628116E-031   4.4587590305242550E-032  -7.7849503050872353E-031   3.9207614860822656E-030  -2.5125907136310326E-030   1.8926693509949129E-030  -5.5147019817369126E-030  -5.9020778226842686E-017   1.5871786193323205E-017  -6.7178721632331656E-016   2.4759183082864657E-016   1.4335457593710321E-029   1.8804761733586107E-032   4.5920609575156695E-032   1.4402212398049613E-029  -1.1240005465092748E-032   1.4178330033423488E-029
  -1.7133211223345584E-016   2.7897016129790283E-016  -5.5714857415216489E-015  -1.6278618736986312E-016   8.8876798543959885E-030  -1.9963147261200511E-031  -2.0930721441448917E-030   1.4987644883698473E-030  -7.1293876836417137E-031   2.9023343817542722E-030  -2.4996969098630062E-016   4.0701117907783424E-016  -8.1286721501747863E-015  -2.6457443427589375E-016   6.1755915288473651E-016  -1.0589429335732857E-030  -4.1464872950125298E-030   6.3057848411803016E-029   2.0660382092991251E-031  -7.9430971000787627E-031  -1.1856686460502712E-030  -8.7922862293515180E-030   6.3258425900143999E-029  -5.5147019817369126E-030   1.4110273352724113E-028  -5.2010701031172730E-017  -2.0854421313511787E-016   3.3956047128381694E-016  -6.7815723206392549E-015   9.4706541004604379E-030   3.9586866841175691E-031   1.2247277571252186E-031   1.1111327219683093E-029   7.0957842384983134E-032   1.0150144703434478E-029
   2.4286486740659150E-016   1.7969576622044179E-016  -9.7972203999981457E-017  0.12971736725435334       -9.0574970439110863E-015  -5.2304281285085495E-017  -6.0349438023951084E-017  -9.2039179594186090E-015   4.0199835163097748E-017  -8.4941068826451761E-015  -3.8387389532090226E-016   2.6331817619960662E-016  -3.3929673187268256E-017  0.20856268290867025        8.5687098557280850E-002   1.8112772509676524E-016  -9.2801011283872457E-017  -1.1895619834246791E-017   8.3597513530428625E-017   2.1047914238402098E-018   6.1490223736389276E-017  -1.3446514705505899E-016  -2.8634276779553244E-017  -5.9020778226842686E-017  -5.2010701031172730E-017   6.6765848142217352E-002   1.3847603227497586E-016   6.6743355668697570E-017   2.5549621485139108E-016  -8.6816350188052052E-015  -4.1843522891556192E-018   2.1226749902208560E-017  -8.7493371480490397E-015  -1.0099870430351723E-017  -8.5836281118181364E-015
  0.26927252085114711        2.7012929122745538E-016  -3.5070552148117051E-016   2.6618550052221637E-016   2.8077540958931197E-017  -3.3557053253669824E-017  -1.0092689881967453E-017   1.0539407587778696E-017  -9.8712106295439589E-018   2.5907565822391841E-017  0.39286254019060468        1.3686499486417768E-016   1.4176485506334213E-015  -1.8640939632253023E-016   1.0018362926804524E-016   6.9441257444542280E-016   8.8186039612374565E-018  -8.4491973421947566E-017   7.0824752104637082E-017   1.3566151932986482E-017  -1.4778976996721556E-016  -2.2978868114300276E-018  -5.8994849256075730E-017   1.5871786193323205E-017  -2.0854421313511787E-016   1.3847603227497586E-016  0.32775657317111345        4.9661950369818223E-017   8.1595700248543457E-016   1.2312511452013574E-017   2.7217508702156159E-018  -1.0200890680431889E-018   1.3754267010148669E-017  -8.4632558276891951E-019   2.9857250882738060E-017
   5.9837638434936836E-016  0.26927252085114683        3.2985274066550320E-016   2.2116848138204046E-016   6.9104664134038038E-017   2.4177102099818302E-017  -2.3540442029999477E-017   1.1240856749194630E-016   1.7604570910449092E-017   1.7529886731240105E-016  -1.3788211054587751E-015  0.39286254019060607       -1.0390764175961722E-015  -5.0741795937899897E-016   4.7974888695949803E-017   3.7990646361137637E-016  -5.4716324277865536E-016   1.4773689301707005E-016   1.4280978967866021E-016  -1.2670717842750566E-017   1.7622149081741945E-016  -1.3574552412899923E-015   1.5083367417254107E-016  -6.7178721632331656E-016   3.3956047128381694E-016   6.6743355668697570E-017   4.9661950369818223E-017  0.32775657317111317       -8.3525703934978411E-017   2.0468609005253224E-016   2.3160521543124117E-017  -7.3594297329640062E-019   2.0345564531553145E-016  -2.0600171721357785E-018   2.1276237163282517E-016
  -2.0541565410453488E-016   4.6143384474770363E-016  0.26927252085113984       -1.0516196944427616E-015   2.3338209922004989E-016   1.8166166840342756E-017   9.8721475980672531E-017   5.7592559713980490E-016   4.2924486755417502E-017   4.9555829597892720E-016   7.4685266651663973E-016  -1.0018974344994161E-015  0.39286254019062067        2.0305326907010607E-016   1.0189398536569166E-015   5.0081472665496416E-017   1.8013552200327943E-016  -3.0275583588036350E-015   4.0416817783334238E-018   3.6880477357729177E-017   4.9856522058129402E-017   3.9598142945501403E-016  -3.0434248773200695E-015   2.4759183082864657E-016  -6.7815723206392549E-015   2.5549621485139108E-016   8.1595700248543457E-016  -8.3525703934978411E-017  0.32775657317111173        2.0464595512675944E-016  -1.4449480490418244E-017  -3.6221725303330948E-018   1.3062656489508694E-016  -4.1247360433137957E-018   1.6675075007115502E-016
   1.0115498110707896E-017   1.6816242285653398E-016   1.6812944950525827E-016  -1.8460837910519544E-014   1.3484882934942042E-027   9.1261823443237247E-030   5.8422103314941538E-030   1.3555980394596471E-027  -4.9189557010360563E-031   1.2694404156716621E-027   1.4758283803088523E-017   2.4534518561041476E-016   2.4529707823391866E-016  -2.9755158314229083E-014   6.5215849322627170E-015  -1.8956361120290544E-029   1.3925375701023740E-029   4.8799345369447022E-030  -4.2592502568551908E-030  -4.5995750065690347E-031  -1.7740827384374098E-029   3.4979765601766599E-029   3.7522271097388975E-030   1.4335457593710321E-029   9.4706541004604379E-030  -8.6816350188052052E-015   1.2312511452013574E-017   2.0468609005253224E-016   2.0464595512675944E-016   1.3030543482293522E-027   2.3919565919242437E-030  -1.1063723082987505E-030   1.3133233640498130E-027   7.7615605887488551E-031   1.2896355022478316E-027
   2.2360885423620061E-018   1.9027816772078738E-017  -1.1871151809403794E-017  -2.5010348730871822E-017   2.3690583121270245E-030   2.8269244402055572E-032  -2.4050724815982693E-032   2.2371315101526711E-030   4.6515868850914900E-032   2.2659109240218563E-030   3.2624027957499908E-018   2.7761155901579954E-017  -1.7319742987845651E-017  -4.0989582090208733E-017   1.8174256045188645E-016   6.4616503071338232E-032  -1.8606153682151127E-032   1.9834599916126436E-031   7.4294073691739704E-032  -4.6792165050564720E-033  -9.9495402611449047E-032   8.6718299311840350E-032   1.6559698294162011E-031   1.8804761733586107E-032   3.9586866841175691E-031  -4.1843522891556192E-018   2.7217508702156159E-018   2.3160521543124117E-017  -1.4449480490418244E-017   2.3919565919242437E-030   2.2074399650089400E-032   1.6316688826722027E-032   2.4154106962736045E-030  -4.9865388362092233E-033   2.3812422389097918E-030
  -8.3806695983878117E-019  -6.0462317415888874E-019  -2.9758412432855664E-018   2.6062490140035657E-017  -1.2580653118175949E-030   5.1258336646083474E-033  -3.9735222087745186E-032  -1.4243603631252864E-030   5.7044374022718319E-032  -1.1394124551387196E-030  -1.2227208095776172E-018  -8.8213158664496291E-019  -4.3416853169641794E-018   4.1204941791677584E-017   1.9548531796117709E-016   9.4986760198569556E-032  -1.0412790622393633E-032   7.8512542824747456E-032   8.8062447523954689E-032  -1.6751865631772788E-033  -7.5050577701072066E-032   1.2828768454164831E-031   4.1874171663709097E-032   4.5920609575156695E-032   1.2247277571252186E-031   2.1226749902208560E-017  -1.0200890680431889E-018  -7.3594297329640062E-019  -3.6221725303330948E-018  -1.1063723082987505E-030   1.6316688826722027E-032   2.2571597266507226E-032  -1.1126734610991210E-030  -8.2372937803037366E-033  -1.0811243851695686E-030
   1.1299990460728619E-017   1.6715153556022553E-016   1.0731789168749641E-016  -1.8606233621358708E-014   1.3591031897575440E-027   9.1948809287883893E-030   5.8633116989224560E-030   1.3661779694556468E-027  -5.0160435464629329E-031   1.2793720510000699E-027   1.6486431450664058E-017   2.4387032382422560E-016   1.5657438569284738E-016  -2.9989567223578954E-014   6.5883182129576613E-015  -1.9112302146707080E-029   1.3999042990805092E-029   5.6194582745500302E-030  -4.2884813717802398E-030  -4.7206941168543920E-031  -1.7901685536458836E-029   3.5189155593011798E-029   4.4837315692103213E-030   1.4402212398049613E-029   1.1111327219683093E-029  -8.7493371480490397E-015   1.3754267010148669E-017   2.0345564531553145E-016   1.3062656489508694E-016   1.3133233640498130E-027   2.4154106962736045E-030  -1.1126734610991210E-030   1.3236909136012377E-027   7.8269538047057424E-031   1.2998080282382128E-027
  -6.9530939052753440E-019  -1.6924329284101834E-018  -3.3887285966002817E-018  -1.4736722016363241E-017   8.4380769978765351E-031   5.6677717675480948E-034   1.4351484509551257E-032   8.9873355050221211E-031  -2.1110853700455711E-032   7.7307747991909045E-031  -1.0144407328217820E-018  -2.4692215056171613E-018  -4.9440786615315811E-018  -2.3469055868338592E-017  -6.7120780739994018E-017  -4.5399069990734076E-032   8.7877902402049369E-033   2.3447478361889641E-032  -3.3758229543009367E-032  -1.1889232248165132E-034   1.9640563019572895E-032  -3.1588159770237839E-032   3.6203688532165413E-032  -1.1240005465092748E-032   7.0957842384983134E-032  -1.0099870430351723E-017  -8.4632558276891951E-019  -2.0600171721357785E-018  -4.1247360433137957E-018   7.7615605887488551E-031  -4.9865388362092233E-033  -8.2372937803037366E-033   7.8269538047057424E-031   3.2298798491856731E-033   7.6372536657276718E-031
   2.4529598699077681E-017   1.7479759321845326E-016   1.3699616880621224E-016  -1.8264403807587048E-014   1.3345246363264377E-027   9.0374156742102919E-030   5.7488375426353881E-030   1.3414259412458595E-027  -4.5568868819435053E-031   1.2562986960021444E-027   3.5788131757161223E-017   2.5502574965290061E-016   1.9987432324490749E-016  -2.9439049678862948E-014   6.5806449526278072E-015  -1.8665984941509362E-029   1.3747429002517499E-029   5.1922419656582212E-030  -4.1543086778601172E-030  -4.5995535715590088E-031  -1.7622574487033760E-029   3.4634671931661969E-029   4.0556940567925583E-030   1.4178330033423488E-029   1.0150144703434478E-029  -8.5836281118181364E-015   2.9857250882738060E-017   2.1276237163282517E-016   1.6675075007115502E-016   1.2896355022478316E-027   2.3812422389097918E-030  -1.0811243851695686E-030   1.2998080282382128E-027   7.6372536657276718E-031   1.2763685236756712E-027
