  0.20130647672895474        1.7329164723559521E-017  -1.5251336435081752E-016  -6.8240499087114530E-016  -4.1618008879033343E-017  -3.0913310282605902E-017  -8.6244060686106043E-018  -2.7654117241775681E-017  -1.5178845592851227E-017  -6.4897458463719339E-017  0.23960454090496636       -5.2922618544456654E-017  -2.3622506583933533E-016  -9.7804528860518175E-016  -1.3547759660472296E-015  -5.1673969545400374E-015  -1.5934474102976446E-017   2.0941793779444978E-017  -2.1844603481921915E-015  -3.6485280957561888E-018  -1.9615866521589003E-015   4.2309724245215833E-018   7.0156916352745959E-018   1.5526328080274380E-017  -1.1175627562010526E-017  -4.0361293328342765E-016  -4.5417765590533282E-017  -7.9247034944823599E-018  -1.9418716270712770E-018  -6.0992336242580435E-017   6.2743086096338852E-018  -6.6454943186395341E-017  0.19181578600291088       -9.4325589006230966E-018  -1.5094917684155660E-016
   1.7329164723559521E-017  0.20130647672896845       -6.2540395316205900E-017  -2.9899717721698860E-016   1.7817429943647919E-016   3.8433064011088320E-017   1.7156553918484813E-017   2.1807228145950577E-016  -6.9136125161593924E-017   1.8128992172183745E-016   4.6514531954154188E-016  0.23960454090495542        2.1287180279490063E-016  -1.3382272439903757E-015   7.8941259264641462E-016  -2.2808305777734342E-016   1.0882648267312649E-015  -3.3923489350121249E-017  -9.0000944534547153E-017  -3.0819253495635679E-018  -8.4619353080071241E-017   2.9922604560864348E-015  -3.2719051635278295E-017   1.3890486048672270E-015  -1.4616677567265036E-016   3.4664539525630791E-017   2.0200725083066107E-016   3.3888826054023054E-018  -2.1064716239904185E-017   2.1161484538978644E-016   1.6562616480038100E-017   2.3170686637868115E-016   1.9917697410368534E-017  0.19181578600291985       -8.9313412713020331E-017
  -1.5251336435081752E-016  -6.2540395316205900E-017  0.20130647672896856       -8.8243359803994804E-016   3.3340857081235687E-016  -2.3723488971132688E-017  -6.3314584068738325E-017   3.3558912038149551E-016  -3.4777852676328315E-018   1.7909616441144773E-016   1.4960239445541938E-016   1.6780061498285862E-016  0.23960454090495337       -2.0199730708376478E-015  -1.6909757618237522E-015  -4.0138605611170925E-017   1.6807233685145611E-018   1.5255089623904915E-015  -4.0675736476759016E-017   8.7301016028677112E-019  -1.8809484675785001E-018  -1.3720013593446098E-016   1.6465195595805442E-015  -3.5913244326853504E-017   3.6495474444304361E-015  -2.4788277990374861E-016   2.8100655908845844E-016  -1.2881566260910466E-017  -9.7029322387101689E-018   2.3957824967747871E-016  -5.5169332918478221E-018   2.5619236904077846E-016  -1.9265482040982380E-017  -3.7897383437419684E-017  0.19181578600291949     
  -6.8240499087114530E-016  -2.9899717721698860E-016  -8.8243359803994804E-016  0.26080159929823138        4.2362421766587916E-018   1.2053497407266223E-016   1.3063952302700930E-016  -1.2772240460867069E-015  -2.6307316924609216E-016  -4.3115465341860374E-016   1.0651668264643847E-015   3.0342041840435203E-015   2.4907348611288442E-016  0.42865586756572738        5.4092552706928249E-003  -4.6324793157648908E-016  -5.0412999862997459E-016  -2.2145760064901345E-017  -7.1402533750560694E-017  -4.2232907734841372E-018  -1.2093338406051617E-016  -1.0162054460494398E-015  -8.1580308722830193E-017  -4.7543745368422414E-016  -1.8051290861375846E-016  0.12276765055251601        4.4859950585247931E-016  -1.6346517442896613E-017  -6.1871761194270267E-017   8.2918643195209589E-016   9.2103129215733925E-017   1.1021914041378360E-015  -5.7527643790919485E-017  -2.9194176904523035E-016  -1.2107495037777539E-016
  -4.1618008879033343E-017   1.7817429943647919E-016   3.3340857081235687E-016   4.2362421766587916E-018   6.7393049774002431E-030  -1.1626362490156235E-030  -1.8915282783545051E-030   8.0689198506955402E-030   3.5844462420448144E-030   9.4467915857806888E-030  -4.9535733141199404E-017   2.1207152353582134E-016   3.9683873485514052E-016   1.9855681229358569E-017  -3.3901644701663773E-015   6.1476255952853884E-031  -5.6046745052845807E-031   1.4906089627530013E-030   3.4770690482107275E-032   3.0361888484467422E-031   9.6057016556071649E-031   2.6010948691439148E-030   1.5614866152904394E-030  -2.5344685573794253E-031   1.0252491516594385E-029  -1.3975787516861723E-016   8.5271682662270280E-030   4.4507527001395702E-031   2.1452185274870459E-030   1.1214669066813619E-029  -1.0991402796138983E-030   1.0665581644739343E-029  -3.9655907821368926E-017   1.6977418634146882E-016   3.1768986328535394E-016
  -3.0913310282605902E-017   3.8433064011088320E-017  -2.3723488971132688E-017   1.2053497407266223E-016  -1.1626362490156235E-030   2.9628850717080548E-031   4.2206236843751113E-031  -2.0041616535467246E-030  -8.3923238775701825E-031  -1.9151062680006494E-030  -3.6794491853777393E-017   4.5744860312398229E-017  -2.8236824646454663E-017   1.9561609065141866E-016   6.5890724202890084E-016   5.7500725600461801E-031   2.7162419621718744E-031  -5.8451021664751612E-033   3.4207999332417466E-031  -6.0983798328801370E-032   1.0645458947070977E-031   7.8936331168628187E-032  -1.9547840494471270E-032   3.2078536297288738E-031  -1.3796176824519200E-030   8.4185128939425873E-017  -1.3032843304038964E-030  -9.3630799898125240E-032  -4.5336215022921833E-031  -1.6484412333822507E-030   2.5933503970814850E-031  -1.4033891883632407E-030  -2.9455887392007379E-017   3.6621118712006486E-017  -2.2605033666433030E-017
  -8.6244060686106043E-018   1.7156553918484813E-017  -6.3314584068738325E-017   1.3063952302700930E-016  -1.8915282783545051E-030   4.2206236843751113E-031   6.2877186581752065E-031  -2.9255312924569110E-030  -1.2314035424031555E-030  -2.9483659846041992E-030  -1.0265178201043433E-017   2.0420546283189487E-017  -7.5360028623432642E-017   2.1085340987499943E-016   1.0195237003701775E-015   3.5806187009114563E-032   2.9672933204522367E-031  -1.9438114035660350E-031   1.4351954913907032E-031  -9.3737487201529685E-032  -1.7361233785045473E-031  -2.7021577882934755E-031  -2.2176701983448916E-031   3.1449040698749209E-031  -2.5513201102015612E-030   1.0401086590689341E-016  -2.2037886384912344E-030  -1.4208406982471363E-031  -6.8364552592052865E-031  -2.8198824938715022E-030   3.8038695316990624E-031  -2.5064701072597027E-030  -8.2178042939280471E-018   1.6347699927241810E-017  -6.0329587532069931E-017
  -2.7654117241775681E-017   2.1807228145950577E-016   3.3558912038149551E-016  -1.2772240460867069E-015   8.0689198506955402E-030  -2.0041616535467246E-030  -2.9255312924569110E-030   1.5990893004791919E-029   5.6596629696998697E-030   1.3559810476079280E-029  -3.2915245319068222E-017   2.5955999892416754E-016   3.9943412863939377E-016  -2.0835493658995939E-015  -4.1568723469630429E-015   2.4480824563064664E-030   1.7990244109653715E-030   1.3920904334231341E-030   1.5715314252239804E-031   3.8992924650433690E-031   1.5405513502029708E-030   8.2291955043440281E-030   1.7266547334634835E-030   2.0502701050340122E-030   1.2096273441050709E-029  -7.7392821892539372E-016   8.0801817099029479E-030   6.2624493515032188E-031   2.9208484739870213E-030   9.4958080132248303E-030  -1.7892383522234902E-030   7.4781057538377924E-030  -2.6350350575608523E-017   2.0779115880073619E-016   3.1976760979564184E-016
  -1.5178845592851227E-017  -6.9136125161593924E-017  -3.4777852676328315E-018  -2.6307316924609216E-016   3.5844462420448144E-030  -8.3923238775701825E-031  -1.2314035424031555E-030   5.6596629696998697E-030   2.5061558510874681E-030   5.8242474802214043E-030  -1.8066583792236721E-017  -8.2289103651614232E-017  -4.1394253973281866E-018  -4.2456781025464688E-016  -2.0621842153077673E-015   8.2815633429901238E-031  -7.8713091461646888E-031  -6.0136864471473497E-031   1.0536567421554528E-031   1.9013342386539332E-031   6.8422099723783626E-031   1.1914278765477921E-031  -6.2326671554764928E-031  -8.5490861600647823E-031   2.8017749122171835E-030  -2.0983211523533529E-016   4.2488422573147702E-030   2.9644455586987195E-031   1.3928016647930031E-030   5.5246912210123726E-030  -7.6924564357219797E-031   4.8785669977379206E-030  -1.4463231612413349E-017  -6.5876669268429359E-017  -3.3138234074735204E-018
  -6.4897458463719339E-017   1.8128992172183745E-016   1.7909616441144773E-016  -4.3115465341860374E-016   9.4467915857806888E-030  -1.9151062680006494E-030  -2.9483659846041992E-030   1.3559810476079280E-029   5.8242474802214043E-030   1.4459924062183515E-029  -7.7244040995449228E-017   2.1577988533046389E-016   2.1316877106450663E-016  -6.8941261993142887E-016  -5.0674038431512654E-015   1.9255075346751701E-030  -4.5016235788866085E-031  -1.3743361806208644E-031   3.0417930641197399E-031   4.6006659547204224E-031   1.7018963500323330E-030   4.5456546309958497E-030  -1.2367526111728211E-031  -1.0752234670115447E-031   9.8898648458359701E-030  -4.1446084230987868E-016   1.1441921861958422E-029   7.1055847175089238E-031   3.3288013590673754E-030   1.4875129709270317E-029  -1.7927990355829343E-030   1.3563273493553567E-029  -6.1837836551929663E-017   1.7274292111476231E-016   1.7065258954853194E-016
  0.23960454090496636        4.6514531954154188E-016   1.4960239445541938E-016   1.0651668264643847E-015  -4.9535733141199404E-017  -3.6794491853777393E-017  -1.0265178201043433E-017  -3.2915245319068222E-017  -1.8066583792236721E-017  -7.7244040995449228E-017  0.28518871799429857        4.6609851395152979E-016   1.1296370197762742E-016   1.9091672747578741E-015   1.6935033046962757E-015  -6.1504815696185797E-015  -1.8965968775790231E-017   2.4925918757234517E-017  -2.6000485794524335E-015  -4.3426516303280905E-018  -2.3347737085909710E-015   5.0359045661695137E-018   8.3504097866893454E-018   1.8480173971864723E-017  -1.3301763335343453E-017   5.3995391604625755E-016  -5.4058384261039297E-017  -9.4323589258389374E-018  -2.3113079482672966E-018  -7.2595978835804199E-017   7.4679804561475629E-018  -7.9097833372152884E-017  0.22830826951203667        4.1234467374149643E-016   1.3585561441011647E-016
  -5.2922618544456654E-017  0.23960454090495542        1.6780061498285862E-016   3.0342041840435203E-015   2.1207152353582134E-016   4.5744860312398229E-017   2.0420546283189487E-017   2.5955999892416754E-016  -8.2289103651614232E-017   2.1577988533046389E-016   4.6609851395152979E-016  0.28518871799425305        5.4169225167354802E-016   3.9893302902376250E-015  -1.6664031317541364E-015  -2.7147530091899646E-016   1.2953045447366427E-015  -4.0377350116625066E-017  -1.0712340381003450E-016  -3.6682540993437476E-018  -1.0071797776145384E-016   3.5615306794819471E-015  -3.8943771076334376E-017   1.6533117000104218E-015  -1.7397464676585895E-016   1.5251796678053662E-015   2.4043863556323457E-016   4.0336092213340562E-018  -2.5072226914738479E-017   2.5187405145718500E-016   1.9713613701696500E-017   2.7578853023165108E-016  -4.6376747928067982E-017  0.22830826951202132        1.2451158449185809E-016
  -2.3622506583933533E-016   2.1287180279490063E-016  0.23960454090495337        2.4907348611288442E-016   3.9683873485514052E-016  -2.8236824646454663E-017  -7.5360028623432642E-017   3.9943412863939377E-016  -4.1394253973281866E-018   2.1316877106450663E-016   1.1296370197762742E-016   5.4169225167354802E-016  0.28518871799424805       -2.8769598025782632E-016   3.0402944669183562E-015  -4.7774877024837511E-017   2.0004768730993800E-018   1.8157333063460576E-015  -4.8414195722109711E-017   1.0390982051829565E-018  -2.2387943068867756E-018  -1.6330212577777095E-016   1.9597658732832563E-015  -4.2745651104550546E-017   4.3438649075902455E-015   5.2676785726947805E-016   3.3446736873905990E-016  -1.5332252693676938E-017  -1.1548891333580157E-017   2.8515742492512522E-016  -6.5665163390433609E-018   3.0493233980748942E-016  -7.5045989749470079E-017   2.2865597942266567E-016  0.22830826951201888     
  -9.7804528860518175E-016  -1.3382272439903757E-015  -2.0199730708376478E-015  0.42865586756572738        1.9855681229358569E-017   1.9561609065141866E-016   2.1085340987499943E-016  -2.0835493658995939E-015  -4.2456781025464688E-016  -6.8941261993142887E-016   1.9091672747578741E-015   3.9893302902376250E-015  -2.8769598025782632E-016  0.70457027045126697        1.6307253441169148E-003  -7.6177894827032525E-016  -8.3185095301990965E-016  -3.8543097532088104E-017  -1.1793315906018748E-016  -6.2899847607029965E-018  -1.9740738110812932E-016  -1.6698219785387506E-015  -1.3651404684934941E-016  -7.8445799248816600E-016  -2.8740310629262997E-016  0.20147846940229505        7.5416728076715538E-016  -2.5877864171593858E-017  -9.7023528206012690E-017   1.3855670697638100E-015   1.4901555718946628E-016   1.8329957601806448E-015   4.0995666011084420E-017  -1.2805405008062669E-015  -7.4122033199609437E-016
  -1.3547759660472296E-015   7.8941259264641462E-016  -1.6909757618237522E-015   5.4092552706928249E-003  -3.3901644701663773E-015   6.5890724202890084E-016   1.0195237003701775E-015  -4.1568723469630429E-015  -2.0621842153077673E-015  -5.0674038431512654E-015   1.6935033046962757E-015  -1.6664031317541364E-015   3.0402944669183562E-015   1.6307253441169148E-003   1.9091507737455369        9.0434685671996528E-017   8.4633366027829762E-016   5.6334687662621639E-016   1.4979870384832924E-016  -1.7138997819261175E-016  -3.6007891176897096E-016  -1.3217084806301760E-016   6.3673718434027147E-016   7.8549377203625567E-016  -2.4464651840381346E-015   8.2366343122269800E-002  -4.4201732075067085E-015  -2.6051078256748722E-016  -1.2291353051377601E-015  -5.9541554214096050E-015   6.2405362409936312E-016  -5.6106627706361830E-015  -9.5128137921642830E-016  -8.6983887585674777E-016  -1.7338092699306092E-015
  -5.1673969545400374E-015  -2.2808305777734342E-016  -4.0138605611170925E-017  -4.6324793157648908E-016   6.1476255952853884E-031   5.7500725600461801E-031   3.5806187009114563E-032   2.4480824563064664E-030   8.2815633429901238E-031   1.9255075346751701E-030  -6.1504815696185797E-015  -2.7147530091899646E-016  -4.7774877024837511E-017  -7.6177894827032525E-016   9.0434685671996528E-017   1.3373798815073000E-028   1.1603151323216339E-031  -7.3441500525303615E-031   5.6318413625798264E-029   9.5497499917254663E-032   5.0644881234158687E-029  -1.6723131878422221E-030  -2.9295366365381126E-031  -1.0790262281515145E-030  -8.2580616081368476E-032  -2.1388265542360357E-016  -1.4801406360682173E-031   2.1755161319113494E-031   1.2120189672607898E-031  -5.0766877417669855E-031  -3.0971732368273791E-031  -8.6074488934173410E-031  -4.9237775382592981E-015  -2.1732997225128367E-016  -3.8246251732546606E-017
  -1.5934474102976446E-017   1.0882648267312649E-015   1.6807233685145611E-018  -5.0412999862997459E-016  -5.6046745052845807E-031   2.7162419621718744E-031   2.9672933204522367E-031   1.7990244109653715E-030  -7.8713091461646888E-031  -4.5016235788866085E-031  -1.8965968775790231E-017   1.2953045447366427E-015   2.0004768730993800E-018  -8.3185095301990965E-016   8.4633366027829762E-016   1.1603151323216339E-031   7.2434633265454932E-030   1.2353614735682677E-031  -1.0805740637009644E-031  -8.5082899108228628E-032  -2.2891451853218961E-031   1.8089176969239875E-029   2.8053843429362951E-031   8.7836640774965552E-030  -1.5062025012811609E-030  -2.0148632228707004E-016  -1.7571295584143838E-030  -6.6328966420614909E-032  -5.4527364383390999E-031  -3.1319837653133764E-030   1.9018167699097858E-031  -3.3988935574047693E-030  -1.5183235652775331E-017   1.0369580577371941E-015   1.6014848564401781E-018
   2.0941793779444978E-017  -3.3923489350121249E-017   1.5255089623904915E-015  -2.2145760064901345E-017   1.4906089627530013E-030  -5.8451021664751612E-033  -1.9438114035660350E-031   1.3920904334231341E-030  -6.0136864471473497E-031  -1.3743361806208644E-031   2.4925918757234517E-017  -4.0377350116625066E-017   1.8157333063460576E-015  -3.8543097532088104E-017   5.6334687662621639E-016  -7.3441500525303615E-031   1.2353614735682677E-031   1.1736658705590428E-029  -4.6958261831303237E-031  -4.3477488813021039E-032  -2.9939105756743736E-031  -1.4900335610041404E-030   1.2679116059780318E-029  -2.2934706298833587E-031   2.6973799917817334E-029   1.3148944527081204E-017   7.4444028312620948E-031  -1.7446234641120317E-031  -4.2755556054410749E-031  -6.0431839363692974E-032   1.3197401254501912E-031   1.3810770501010731E-031   1.9954482833276534E-017  -3.2324150118707394E-017   1.4535881081928541E-015
  -2.1844603481921915E-015  -9.0000944534547153E-017  -4.0675736476759016E-017  -7.1402533750560694E-017   3.4770690482107275E-032   3.4207999332417466E-031   1.4351954913907032E-031   1.5715314252239804E-031   1.0536567421554528E-031   3.0417930641197399E-031  -2.6000485794524335E-015  -1.0712340381003450E-016  -4.8414195722109711E-017  -1.1793315906018748E-016   1.4979870384832924E-016   5.6318413625798264E-029  -1.0805740637009644E-031  -4.6958261831303237E-031   2.3784481790995332E-029   2.8374766032694207E-032   2.1328979047525357E-029  -1.0865676403411061E-030  -3.2126895227775748E-031  -5.8905496955466382E-031  -6.9495251193553518E-031  -2.7286204879890126E-017  -1.2807411230297005E-031   7.0940316803327449E-032  -4.7910142433929988E-032  -1.8137415729523027E-031  -5.0290302720862274E-032  -1.8240958726815988E-031  -2.0814729137843438E-015  -8.5757806690653055E-017  -3.8758059304976224E-017
  -3.6485280957561888E-018  -3.0819253495635679E-018   8.7301016028677112E-019  -4.2232907734841372E-018   3.0361888484467422E-031  -6.0983798328801370E-032  -9.3737487201529685E-032   3.8992924650433690E-031   1.9013342386539332E-031   4.6006659547204224E-031  -4.3426516303280905E-018  -3.6682540993437476E-018   1.0390982051829565E-018  -6.2899847607029965E-018  -1.7138997819261175E-016   9.5497499917254663E-032  -8.5082899108228628E-032  -4.3477488813021039E-032   2.8374766032694207E-032   1.5556839121786454E-032   7.0883575774752347E-032  -2.0057420239733370E-032  -4.8452380356505827E-032  -8.5372952299496177E-032   2.4038145487269867E-031  -9.1504715566435410E-018   3.8915187775503433E-031   2.3646393742532619E-032   1.1149549068174485E-031   5.2130041009690599E-031  -5.7709020500944452E-032   4.8642867757195793E-031  -3.4765164827929411E-018  -2.9366264957522868E-018   8.3185167613558667E-019
  -1.9615866521589003E-015  -8.4619353080071241E-017  -1.8809484675785001E-018  -1.2093338406051617E-016   9.6057016556071649E-031   1.0645458947070977E-031  -1.7361233785045473E-031   1.5405513502029708E-030   6.8422099723783626E-031   1.7018963500323330E-030  -2.3347737085909710E-015  -1.0071797776145384E-016  -2.2387943068867756E-018  -1.9740738110812932E-016  -3.6007891176897096E-016   5.0644881234158687E-029  -2.2891451853218961E-031  -2.9939105756743736E-031   2.1328979047525357E-029   7.0883575774752347E-032   1.9272887844790920E-029  -8.0572355892826134E-031  -1.5174566235861512E-031  -6.6335851175406482E-031   6.7747465041168382E-031  -7.1877825211240427E-017   9.7666786833779632E-031   1.3222745024202273E-031   2.8653888505313680E-031   1.2371012786866438E-030  -2.2728725036881029E-031   1.0918604615015607E-030  -1.8691067054106292E-015  -8.0629932955240205E-017  -1.7922702468503634E-018
   4.2309724245215833E-018   2.9922604560864348E-015  -1.3720013593446098E-016  -1.0162054460494398E-015   2.6010948691439148E-030   7.8936331168628187E-032  -2.7021577882934755E-031   8.2291955043440281E-030   1.1914278765477921E-031   4.5456546309958497E-030   5.0359045661695137E-018   3.5615306794819471E-015  -1.6330212577777095E-016  -1.6698219785387506E-015  -1.3217084806301760E-016  -1.6723131878422221E-030   1.8089176969239875E-029  -1.4900335610041404E-030  -1.0865676403411061E-030  -2.0057420239733370E-032  -8.0572355892826134E-031   4.8537244478093450E-029  -1.3276555274165936E-030   2.2478147132000153E-029  -3.8147175511863595E-030  -4.8300540736820449E-016   1.3200157828943596E-030   1.3781993382406187E-031   5.9965426334154962E-033   9.7515113929959847E-032  -1.4499975799751218E-031  -6.9868621439767272E-031   4.0315011933694138E-018   2.8511888968303639E-015  -1.3073176949696012E-016
   7.0156916352745959E-018  -3.2719051635278295E-017   1.6465195595805442E-015  -8.1580308722830193E-017   1.5614866152904394E-030  -1.9547840494471270E-032  -2.2176701983448916E-031   1.7266547334634835E-030  -6.2326671554764928E-031  -1.2367526111728211E-031   8.3504097866893454E-018  -3.8943771076334376E-017   1.9597658732832563E-015  -1.3651404684934941E-016   6.3673718434027147E-016  -2.9295366365381126E-031   2.8053843429362951E-031   1.2679116059780318E-029  -3.2126895227775748E-031  -4.8452380356505827E-032  -1.5174566235861512E-031  -1.3276555274165936E-030   1.3711748259960399E-029  -1.0426053736842108E-031   2.9113190171579698E-029  -1.1708686261800795E-017   6.4233380753437057E-031  -1.8808199809592922E-031  -4.6727578515599470E-031  -3.3331058199590461E-031   1.3165230206929013E-031  -1.7329578594879530E-031   6.6849334767621780E-018  -3.1176496199577883E-017   1.5688936025408777E-015
   1.5526328080274380E-017   1.3890486048672270E-015  -3.5913244326853504E-017  -4.7543745368422414E-016  -2.5344685573794253E-031   3.2078536297288738E-031   3.1449040698749209E-031   2.0502701050340122E-030  -8.5490861600647823E-031  -1.0752234670115447E-031   1.8480173971864723E-017   1.6533117000104218E-015  -4.2745651104550546E-017  -7.8445799248816600E-016   7.8549377203625567E-016  -1.0790262281515145E-030   8.7836640774965552E-030  -2.2934706298833587E-031  -5.8905496955466382E-031  -8.5372952299496177E-032  -6.6335851175406482E-031   2.2478147132000153E-029  -1.0426053736842108E-031   1.0790354629334000E-029  -2.3491480134906617E-030  -1.9054852205773049E-016  -1.3229756905707743E-030  -5.3524077742131776E-032  -5.4253240651295822E-031  -2.5866817081946257E-030   2.0705132512639983E-031  -2.8083638715808680E-030   1.4794331870735783E-017   1.3235612398978752E-015  -3.4220097139474227E-017
  -1.1175627562010526E-017  -1.4616677567265036E-016   3.6495474444304361E-015  -1.8051290861375846E-016   1.0252491516594385E-029  -1.3796176824519200E-030  -2.5513201102015612E-030   1.2096273441050709E-029   2.8017749122171835E-030   9.8898648458359701E-030  -1.3301763335343453E-017  -1.7397464676585895E-016   4.3438649075902455E-015  -2.8740310629262997E-016  -2.4464651840381346E-015  -8.2580616081368476E-032  -1.5062025012811609E-030   2.6973799917817334E-029  -6.9495251193553518E-031   2.4038145487269867E-031   6.7747465041168382E-031  -3.8147175511863595E-030   2.9113190171579698E-029  -2.3491480134906617E-030   6.9521065526737427E-029  -1.8710737572385724E-016   1.0307567364886668E-029   1.0866382197376927E-031   1.4534246160658518E-030   1.1259883576691270E-029  -9.7220836553739451E-031   1.0925568621485181E-029  -1.0648747222220990E-017  -1.3927567268940627E-016   3.4774877737832476E-015
  -4.0361293328342765E-016   3.4664539525630791E-017  -2.4788277990374861E-016  0.12276765055251601       -1.3975787516861723E-016   8.4185128939425873E-017   1.0401086590689341E-016  -7.7392821892539372E-016  -2.0983211523533529E-016  -4.1446084230987868E-016   5.3995391604625755E-016   1.5251796678053662E-015   5.2676785726947805E-016  0.20147846940229505        8.2366343122269800E-002  -2.1388265542360357E-016  -2.0148632228707004E-016   1.3148944527081204E-017  -2.7286204879890126E-017  -9.1504715566435410E-018  -7.1877825211240427E-017  -4.8300540736820449E-016  -1.1708686261800795E-017  -1.9054852205773049E-016  -1.8710737572385724E-016   6.1128064475090990E-002   2.5966408392479766E-017  -1.8573035520923745E-017  -8.0463522975900949E-017   1.4065248091076166E-016   6.9368720072340039E-017   2.8328988752364003E-016  -9.1893002931242267E-017  -3.8097945977148043E-017   9.6867460465391558E-017
  -4.5417765590533282E-017   2.0200725083066107E-016   2.8100655908845844E-016   4.4859950585247931E-016   8.5271682662270280E-030  -1.3032843304038964E-030  -2.2037886384912344E-030   8.0801817099029479E-030   4.2488422573147702E-030   1.1441921861958422E-029  -5.4058384261039297E-017   2.4043863556323457E-016   3.3446736873905990E-016   7.5416728076715538E-016  -4.4201732075067085E-015  -1.4801406360682173E-031  -1.7571295584143838E-030   7.4444028312620948E-031  -1.2807411230297005E-031   3.8915187775503433E-031   9.7666786833779632E-031   1.3200157828943596E-030   6.4233380753437057E-031  -1.3229756905707743E-030   1.0307567364886668E-029   2.5966408392479766E-017   1.1654412018266447E-029   5.6275741946477813E-031   2.7082747328546202E-030   1.5841938829684149E-029  -1.2776098398833292E-030   1.5572259230972283E-029  -4.3276523174035336E-017   1.9248352177233772E-016   2.6775836962314797E-016
  -7.9247034944823599E-018   3.3888826054023054E-018  -1.2881566260910466E-017  -1.6346517442896613E-017   4.4507527001395702E-031  -9.3630799898125240E-032  -1.4208406982471363E-031   6.2624493515032188E-031   2.9644455586987195E-031   7.1055847175089238E-031  -9.4323589258389374E-018   4.0336092213340562E-018  -1.5332252693676938E-017  -2.5877864171593858E-017  -2.6051078256748722E-016   2.1755161319113494E-031  -6.6328966420614909E-032  -1.7446234641120317E-031   7.0940316803327449E-032   2.3646393742532619E-032   1.3222745024202273E-031   1.3781993382406187E-031  -1.8808199809592922E-031  -5.3524077742131776E-032   1.0866382197376927E-031  -1.8573035520923745E-017   5.6275741946477813E-031   3.7675162783851679E-032   1.7155751424957706E-031   7.5246212531883073E-031  -9.0176272217010089E-032   6.8879995073816696E-031  -7.5510895343961223E-018   3.2291121040387683E-018  -1.2274258620163250E-017
  -1.9418716270712770E-018  -2.1064716239904185E-017  -9.7029322387101689E-018  -6.1871761194270267E-017   2.1452185274870459E-030  -4.5336215022921833E-031  -6.8364552592052865E-031   2.9208484739870213E-030   1.3928016647930031E-030   3.3288013590673754E-030  -2.3113079482672966E-018  -2.5072226914738479E-017  -1.1548891333580157E-017  -9.7023528206012690E-017  -1.2291353051377601E-015   1.2120189672607898E-031  -5.4527364383390999E-031  -4.2755556054410749E-031  -4.7910142433929988E-032   1.1149549068174485E-031   2.8653888505313680E-031   5.9965426334154962E-033  -4.6727578515599470E-031  -5.4253240651295822E-031   1.4534246160658518E-030  -8.0463522975900949E-017   2.7082747328546202E-030   1.7155751424957706E-031   8.0709656758685265E-031   3.6108282141123961E-030  -4.2352701566392526E-031   3.3259257484386612E-030  -1.8503211546691626E-018  -2.0071610055177315E-017  -9.2454828286875758E-018
  -6.0992336242580435E-017   2.1161484538978644E-016   2.3957824967747871E-016   8.2918643195209589E-016   1.1214669066813619E-029  -1.6484412333822507E-030  -2.8198824938715022E-030   9.4958080132248303E-030   5.5246912210123726E-030   1.4875129709270317E-029  -7.2595978835804199E-017   2.5187405145718500E-016   2.8515742492512522E-016   1.3855670697638100E-015  -5.9541554214096050E-015  -5.0766877417669855E-031  -3.1319837653133764E-030  -6.0431839363692974E-032  -1.8137415729523027E-031   5.2130041009690599E-031   1.2371012786866438E-030   9.7515113929959847E-032  -3.3331058199590461E-031  -2.5866817081946257E-030   1.1259883576691270E-029   1.4065248091076166E-016   1.5841938829684149E-029   7.5246212531883073E-031   3.6108282141123961E-030   2.1840373367103966E-029  -1.6442510185569144E-030   2.1694195570435997E-029  -5.8116823197280836E-017   2.0163816166222796E-016   2.2828321779711913E-016
   6.2743086096338852E-018   1.6562616480038100E-017  -5.5169332918478221E-018   9.2103129215733925E-017  -1.0991402796138983E-030   2.5933503970814850E-031   3.8038695316990624E-031  -1.7892383522234902E-030  -7.6924564357219797E-031  -1.7927990355829343E-030   7.4679804561475629E-018   1.9713613701696500E-017  -6.5665163390433609E-018   1.4901555718946628E-016   6.2405362409936312E-016  -3.0971732368273791E-031   1.9018167699097858E-031   1.3197401254501912E-031  -5.0290302720862274E-032  -5.7709020500944452E-032  -2.2728725036881029E-031  -1.4499975799751218E-031   1.3165230206929013E-031   2.0705132512639983E-031  -9.7220836553739451E-031   6.9368720072340039E-017  -1.2776098398833292E-030  -9.0176272217010089E-032  -4.2352701566392526E-031  -1.6442510185569144E-030   2.3698852557068655E-031  -1.4367140095210648E-030   5.9785033106622917E-018   1.5781763955169062E-017  -5.2568348167266856E-018
  -6.6454943186395341E-017   2.3170686637868115E-016   2.5619236904077846E-016   1.1021914041378360E-015   1.0665581644739343E-029  -1.4033891883632407E-030  -2.5064701072597027E-030   7.4781057538377924E-030   4.8785669977379206E-030   1.3563273493553567E-029  -7.9097833372152884E-017   2.7578853023165108E-016   3.0493233980748942E-016   1.8329957601806448E-015  -5.6106627706361830E-015  -8.6074488934173410E-031  -3.3988935574047693E-030   1.3810770501010731E-031  -1.8240958726815988E-031   4.8642867757195793E-031   1.0918604615015607E-030  -6.9868621439767272E-031  -1.7329578594879530E-031  -2.8083638715808680E-030   1.0925568621485181E-029   2.8328988752364003E-016   1.5572259230972283E-029   6.8879995073816696E-031   3.3259257484386612E-030   2.1694195570435997E-029  -1.4367140095210648E-030   2.1897105557409365E-029  -6.3321892907797322E-017   2.2078293465212427E-016   2.4411405650733338E-016
  0.19181578600291088        1.9917697410368534E-017  -1.9265482040982380E-017  -5.7527643790919485E-017  -3.9655907821368926E-017  -2.9455887392007379E-017  -8.2178042939280471E-018  -2.6350350575608523E-017  -1.4463231612413349E-017  -6.1837836551929663E-017  0.22830826951203667       -4.6376747928067982E-017  -7.5045989749470079E-017   4.0995666011084420E-017  -9.5128137921642830E-016  -4.9237775382592981E-015  -1.5183235652775331E-017   1.9954482833276534E-017  -2.0814729137843438E-015  -3.4765164827929411E-018  -1.8691067054106292E-015   4.0315011933694138E-018   6.6849334767621780E-018   1.4794331870735783E-017  -1.0648747222220990E-017  -9.1893002931242267E-017  -4.3276523174035336E-017  -7.5510895343961223E-018  -1.8503211546691626E-018  -5.8116823197280836E-017   5.9785033106622917E-018  -6.3321892907797322E-017  0.18277253845863162       -5.7372364960688100E-018  -2.3719181277645732E-017
  -9.4325589006230966E-018  0.19181578600291985       -3.7897383437419684E-017  -2.9194176904523035E-016   1.6977418634146882E-016   3.6621118712006486E-017   1.6347699927241810E-017   2.0779115880073619E-016  -6.5876669268429359E-017   1.7274292111476231E-016   4.1234467374149643E-016  0.22830826951202132        2.2865597942266567E-016  -1.2805405008062669E-015  -8.6983887585674777E-016  -2.1732997225128367E-016   1.0369580577371941E-015  -3.2324150118707394E-017  -8.5757806690653055E-017  -2.9366264957522868E-018  -8.0629932955240205E-017   2.8511888968303639E-015  -3.1176496199577883E-017   1.3235612398978752E-015  -1.3927567268940627E-016  -3.8097945977148043E-017   1.9248352177233772E-016   3.2291121040387683E-018  -2.0071610055177315E-017   2.0163816166222796E-016   1.5781763955169062E-017   2.2078293465212427E-016  -5.7372364960688100E-018  0.18277253845863620       -6.4430972854476821E-017
  -1.5094917684155660E-016  -8.9313412713020331E-017  0.19181578600291949       -1.2107495037777539E-016   3.1768986328535394E-016  -2.2605033666433030E-017  -6.0329587532069931E-017   3.1976760979564184E-016  -3.3138234074735204E-018   1.7065258954853194E-016   1.3585561441011647E-016   1.2451158449185809E-016  0.22830826951201888       -7.4122033199609437E-016  -1.7338092699306092E-015  -3.8246251732546606E-017   1.6014848564401781E-018   1.4535881081928541E-015  -3.8758059304976224E-017   8.3185167613558667E-019  -1.7922702468503634E-018  -1.3073176949696012E-016   1.5688936025408777E-015  -3.4220097139474227E-017   3.4774877737832476E-015   9.6867460465391558E-017   2.6775836962314797E-016  -1.2274258620163250E-017  -9.2454828286875758E-018   2.2828321779711913E-016  -5.2568348167266856E-018   2.4411405650733338E-016  -2.3719181277645732E-017  -6.4430972854476821E-017  0.18277253845863542     
