  0.27796709384192536        6.7819379323890899E-009  -2.4113905683803772E-009  -1.9279895439334899E-007  -2.5919523168918808E-008  -3.1829105556414766E-010  -4.3771114027428156E-008   9.5160124496420182E-009  -8.1778675907456304E-009   1.6403511980134979E-008  0.25525873800184740       -2.6875211035539552E-009  -2.1299568191620527E-009   6.0845208530174598E-008  -1.0347789410629285E-002  -1.0849974981376778E-009   1.3891162129028036E-010   5.0457974215144588E-008   6.9168717464969725E-009  -1.9335361257454352E-010  -1.3924466366675692E-011  -7.6307192097768225E-011   2.5078733559281169E-010  -2.7476401258664647E-010   8.5917991979278974E-012  -1.5407338311225499E-010   1.6063247263602998E-010   2.2063662275993796E-010  -6.2852831392839260E-011  -1.2674945888185332E-008  -1.4370021962243767E-009  -1.4423004619032514E-008   5.5370489734942208E-009  -2.5012555056333005E-009   7.1378980819755042E-009   2.0449520238593359E-008   7.9089772454767171E-002  -2.1682521890378708E-011  -6.9912064327563628E-010  -1.6071460080503704E-009  -1.1732422419257106E-009  -1.3316928412188906E-009   5.4398106639513834E-010  -6.7699522180799528E-010   1.0631649608523230E-009
   6.7819379323890899E-009  0.27796709275878545        4.0667581387012662E-009  -1.2490271114402228E-007  -6.6781416955979789E-009  -4.5918101449117592E-008  -5.4843604682526729E-009   3.0903057981516670E-008  -4.1192204520885328E-008  -2.4224917200221129E-008   2.7646090613862811E-009  0.25525873801995258       -1.0798114620296765E-009   3.8000041838942988E-008  -5.8530566324805539E-010  -1.0347789322361464E-002  -6.3820843973126504E-010   3.7458461130746949E-008   5.0688316639688230E-009   1.4969882076070885E-010   4.8180512758049922E-010  -1.1789475322856769E-011  -2.6382287830640010E-010   3.0351023740112782E-010   6.2979355206096335E-011   4.9154660172549748E-011  -2.7571860815830244E-010  -5.4768328715259586E-010   2.1429628206052029E-010  -1.5144350913239049E-009  -1.8760576116820222E-008  -1.4882924756190866E-009   8.6239910377302311E-009  -1.3572714480586124E-008  -7.1095559067347006E-009   7.8573915509538405E-009   1.0607975544363871E-009   7.9089772327313637E-002   9.3940074499283612E-011   1.0715363340264228E-010  -3.3583474413948530E-009  -4.0521475676702703E-010   1.2835648208267377E-009  -1.1176659993956185E-009  -1.3907185219166244E-009
  -2.4113905683803772E-009   4.0667581387012662E-009  0.27796707913488367        1.2974118391102658E-007   1.6089704369528121E-008  -1.1799638498270294E-009  -5.2590454077112717E-008   1.9620382419766645E-008  -8.0558399672532593E-009  -3.5710088212045846E-008   2.1697171896092965E-009   1.1181286378027027E-009  0.25525873783334596       -1.9062252290052506E-008   4.9902713950836888E-010  -4.4313993312248215E-010  -1.0347787812624382E-002  -3.9729035986209625E-008  -5.3314408837990215E-009   6.5682439522244711E-011   7.0466232593863696E-011   1.5832104040651332E-010   2.4097613467677197E-010   1.7080469634335038E-010  -3.2909851396833898E-010  -7.0361335669419115E-011  -2.5316818705504343E-010   2.3935099211796350E-011   7.0658633096497208E-011   5.3608255628808646E-009  -7.3011758158524980E-010  -2.0548350029555324E-008   6.4434318744032911E-009  -3.8802797838104902E-009  -1.1804261066310465E-008  -1.1260140902482602E-009   2.1947420462380098E-010   5.3678729211701729E-010   7.9089771455289309E-002   3.9506098819463855E-012  -1.3546406326805454E-010  -3.8799849266709061E-009   2.9422610647959285E-010  -1.7714827726837886E-009  -2.9817758000443180E-010
  -1.9279895439334899E-007  -1.2490271114402228E-007   1.2974118391102658E-007  0.29553883601934400       -1.2214850748628818E-009   1.2099713748477238E-009   8.7994933509753636E-010  -3.4378368401466556E-010   1.1607039780275040E-009   1.5652602033037880E-009  -3.1090766573188408E-008   2.4108524780165931E-008  -6.9453668685957715E-008  0.49167831485876662        6.4779411700971723E-009   7.5851278134283036E-009  -1.0234794784671115E-008   4.3701276434225840E-003  -4.6816666429377890E-004   3.3412103716425914E-009  -1.3212553386133067E-009  -1.3389424165523463E-009  -1.9981931732572528E-009  -1.1603610052653537E-009  -2.4845126984006671E-009   3.7960846945154048E-009  -6.6158769010240944E-010  -3.7717250412258999E-009   1.4911064015946089E-009  -5.3477793405208720E-010   7.3320840714190781E-010   1.8547238932549594E-010   1.9980487330481235E-010   9.3239991985087574E-010   3.3493876716511063E-010   6.6340052324870752E-002  -8.2238620788523456E-010   1.0185469923189510E-008  -2.2849391328913406E-008  -1.4994774704340711E-010   2.8047665620273176E-010   2.6526318581418323E-011   9.5905767289363586E-011   3.4702354850765151E-010   5.4029574161043702E-011
  -2.5919523168918808E-008  -6.6781416955979789E-009   1.6089704369528121E-008  -1.2214850748628818E-009   3.5206979599717518E-015   1.0597724319490753E-015   1.1663292789556060E-015  -4.9583452027255291E-016   1.2808839724836683E-015  -3.0248635792288397E-015  -2.3807452248308987E-008  -6.1320704136455511E-009   1.4776148771132588E-008  -2.0321166263638483E-009   4.4899101173625834E-009  -8.0122121201093249E-011  -1.1734815990241426E-009  -4.3158577943754306E-011   6.0504544376136881E-013   4.4522703714618288E-018  -7.4912197411318443E-019   2.2082750857368856E-017   5.1722405288255541E-018   3.2986162002763390E-017  -1.1142479397111048E-017  -6.5891583855731032E-018  -2.0237305672895466E-017   9.5877989207424419E-018  -1.3775544398342676E-018   1.5154354022355514E-015   5.4066169714480165E-016   1.8651042781358719E-016  -3.4431315635590092E-016   3.3177326650769894E-016  -1.1711224294053958E-015  -2.7574402339601755E-010  -7.0950706655369187E-009  -1.9262189835172675E-009   4.5323909217413052E-009   1.0805779668393916E-016   1.8408768492971582E-016  -1.0171174517033338E-016  -4.7099094174797068E-017  -1.2088124725998734E-017  -6.0958702556723569E-017
  -3.1829105556414766E-010  -4.5918101449117592E-008  -1.1799638498270294E-009   1.2099713748477238E-009   1.0597724319490753E-015   7.6000419545802865E-015   1.1829329660617077E-015  -5.1998816059599397E-015   6.8543471746196881E-015   4.1401092906355113E-015  -2.9283865443396103E-010  -4.2171177366715372E-008  -1.0834148089992515E-009   2.0129563978275385E-009   3.7117288824031803E-010   4.5301719187728111E-009  -5.5546939950365405E-011   1.5921274904653567E-011  -1.9252228257751657E-012  -1.1092643645981396E-017  -8.5251232262685413E-017  -4.1155810654221006E-018   3.4047584412126743E-017  -5.5290037023985972E-017  -1.9164961847649083E-017   7.9037373769216442E-018   4.3685876011697216E-017   7.4635143346929058E-017  -2.9493867060906973E-017   2.3810931972486140E-016   3.0971466275591721E-015   3.5009379741896879E-016  -1.4575663157960167E-015   2.2605258552800117E-015   1.2194568570868127E-015   2.7147702930290577E-010  -6.2041987579361866E-011  -1.2841147347330027E-008  -3.4362984899465899E-010  -2.0170138798174823E-017   5.3312105210763122E-016   8.4543865858387823E-017  -2.1392558524350683E-016   1.8144634224209567E-016   2.3409568738635422E-016
  -4.3771114027428156E-008  -5.4843604682526729E-009  -5.2590454077112717E-008   8.7994933509753636E-010   1.1663292789556060E-015   1.1829329660617077E-015   1.6958281877584834E-014  -5.8230513952381212E-015   3.6284242047244343E-015   4.6567221816926234E-015  -4.0196628868131631E-008  -5.0362870553259092E-009  -4.8298534903559769E-008   1.4639105479735363E-009   2.5220163818419182E-009   1.8489637423916799E-010   4.8407025782328750E-009   1.6643461891755241E-011  -4.9952499897276763E-013   2.5022780323513912E-017  -2.4583549238277117E-017  -2.1647390444628750E-017  -8.5808983427703685E-017   1.5062679265462249E-018   5.2242516220331696E-017   4.7916301181272747E-017   2.6066663499410738E-017  -3.9704772539128321E-017  -3.2870983078996523E-018   1.0092204815689877E-015   7.3688494896347508E-016   6.1775839167587912E-015  -2.2557146933763898E-015   1.3987399772691567E-015   1.2464946091115003E-015   1.9774198121605744E-010  -1.2383316994196032E-008  -1.5619898769655340E-009  -1.4734695471375387E-008   2.4823879383326322E-016   2.7805660191390469E-016   9.2278595904334867E-016  -1.5351743235375155E-016   4.6590231009437815E-016  -9.4721237680253201E-017
   9.5160124496420182E-009   3.0903057981516670E-008   1.9620382419766645E-008  -3.4378368401466556E-010  -4.9583452027255291E-016  -5.1998816059599397E-015  -5.8230513952381212E-015   5.1486870719464285E-015  -5.4292525118599786E-015  -4.6528527037731077E-015   8.7412074881777050E-009   2.8377481222383595E-008   1.8018383504914724E-008  -5.7192127165177018E-010  -2.0488773239291035E-009  -5.1867930148267503E-010  -1.3012355185614215E-009  -4.0992103086596315E-012  -1.0350713989358724E-013   1.0761764801887374E-017   5.9610759437941765E-017   8.8039191299147690E-018  -1.4286984561006852E-018   3.7755455097949458E-017  -1.3011038886696084E-017  -9.1882996348211036E-018  -4.2275368142992052E-017  -4.7275587605493315E-017   2.4945633519644987E-017  -2.1677404635796694E-016  -2.1895319798509466E-015  -2.1050942253444333E-015   1.5985411641530092E-015  -1.8708062646144072E-015  -1.3817672879879656E-015  -7.7104548244125891E-011   2.5730754999949730E-009   8.8429674439394682E-009   5.5372640812470578E-009  -2.5708310415126769E-017  -4.2912120692319850E-016  -3.5188586065693126E-016   1.7071363880743958E-016  -2.7620599191573460E-016  -1.4500538112613812E-016
  -8.1778675907456304E-009  -4.1192204520885328E-008  -8.0558399672532593E-009   1.1607039780275040E-009   1.2808839724836683E-015   6.8543471746196881E-015   3.6284242047244343E-015  -5.4292525118599786E-015   6.5834135729244844E-015   4.1483686444609172E-015  -7.5097917620077174E-009  -3.7828435353347751E-008  -7.3980630189688443E-009   1.9309643870962317E-009   3.1169689366629910E-010   2.4485476689863203E-009   5.2126419627342893E-010   2.3201725938511189E-011  -1.7729857245362738E-012  -5.2728669833244694E-018  -7.8210334845362512E-017  -5.8495806571672961E-018   1.6873519470428835E-017  -4.6397242674682897E-017  -9.7980700392459590E-018   1.4200153067678379E-017   4.0855833488601101E-017   5.9148230650543940E-017  -2.6091125279615889E-017   4.4005590088042847E-016   2.8433139887474318E-015   1.2403706843735689E-015  -1.6268537189914373E-015   2.1995128306694861E-015   1.1867977466731405E-015   2.6091152716515761E-010  -2.3262659108925844E-009  -1.1647752838715380E-008  -2.2745513208141693E-009   3.1418466322622578E-017   5.2922772909561302E-016   2.0990637268978850E-016  -2.1439305281560132E-016   2.3411772461290059E-016   1.8297457202636297E-016
   1.6403511980134979E-008  -2.4224917200221129E-008  -3.5710088212045846E-008   1.5652602033037880E-009  -3.0248635792288397E-015   4.1401092906355113E-015   4.6567221816926234E-015  -4.6528527037731077E-015   4.1483686444609172E-015   7.6777165746390033E-015   1.5066245914536807E-008  -2.2245411644063978E-008  -3.2794533583401424E-008   2.6040233044731455E-009  -2.4410305957407945E-009   5.9879866278740952E-010   2.4747177176111587E-009   4.7368216442151655E-011  -4.5155274074939576E-013  -1.5214131422162508E-017  -5.8861602551692703E-017  -3.0886632881284440E-017  -3.7434849212845990E-018  -7.0741587556610756E-017   2.4153590263747073E-017   1.5777350798346277E-017   6.2512695507516560E-017   3.7687897626073505E-017  -2.3568122904833037E-017  -1.2986614220050969E-015   1.6488703269521076E-015   1.9185838278751604E-015  -1.2542280446192924E-015   1.5390330251417314E-015   2.5528898203480454E-015   3.5285343299393748E-010   4.5219957024540656E-009  -6.9167489423338342E-009  -1.0069655364378623E-008  -8.2349499561127257E-017   2.4503354256220367E-016   4.5359760136058938E-016  -1.2361453504970169E-016   2.8829412108543483E-016   2.0596408739212921E-016
  0.25525873800184740        2.7646090613862811E-009   2.1697171896092965E-009  -3.1090766573188408E-008  -2.3807452248308987E-008  -2.9283865443396103E-010  -4.0196628868131631E-008   8.7412074881777050E-009  -7.5097917620077174E-009   1.5066245914536807E-008  0.23440987429374122       -5.6481899264730342E-009   2.0694265299563046E-009   2.9860652320447019E-007  -1.2335166127307640E-002  -9.1659400227263548E-010   1.0019694970576303E-010   6.1770142893798552E-008   5.7456071300526755E-009  -1.7757941537673889E-010  -1.2780480251801310E-011  -7.0070317311218232E-011   2.3029098135379999E-010  -2.5229892194679567E-010   7.9273814656475956E-012  -1.4147787525957342E-010   1.4748660508124051E-010   2.0259390463797879E-010  -5.7703134852491892E-011  -1.1627612341594516E-008  -1.3196956781540146E-009  -1.3239986038533240E-008   5.0786425633370389E-009  -2.2972091735269459E-009   6.5489708545744472E-009   5.2435070739672059E-008   7.2403736958652973E-002  -1.0099208009179887E-009   6.1672240436038195E-010  -1.4450076148684247E-009  -1.0775502035348291E-009  -1.2101333562065780E-009   4.8413172521739257E-010  -6.2213974156546688E-010   9.6087590838643581E-010
  -2.6875211035539552E-009  0.25525873801995258        1.1181286378027027E-009   2.4108524780165931E-008  -6.1320704136455511E-009  -4.2171177366715372E-008  -5.0362870553259092E-009   2.8377481222383595E-008  -3.7828435353347751E-008  -2.2245411644063978E-008  -5.6481899264730342E-009  0.23440987523947668       -3.3943587728352227E-009   2.6579742339475582E-007  -1.9411897355016485E-010  -1.2335165789071015E-002  -4.9285462642727868E-010   3.8621203843827147E-008   4.6212108605639061E-009   1.3745886895593815E-010   4.4241090005758889E-010  -1.0832296972710054E-011  -2.4222716955448022E-010   2.7870339868908657E-010   5.7805390260305099E-011   4.5132184617218725E-011  -2.5314766880070626E-010  -5.0289744558098786E-010   1.9675942307395469E-010  -1.3906910043053272E-009  -1.7218182639981991E-008  -1.3667105368154250E-009   7.9202029255718313E-009  -1.2459104209671117E-008  -6.5295118793057719E-009   3.8538419313297240E-008  -1.5622771738519801E-009   7.2403737153569958E-002  -6.5927796450143773E-010   9.7880980581783822E-011  -3.0591574639518916E-009  -3.7236883152074668E-010   1.1808039050301923E-009  -1.0133753823091050E-009  -1.2786849471996027E-009
  -2.1299568191620527E-009  -1.0798114620296765E-009  0.25525873783334596       -6.9453668685957715E-008   1.4776148771132588E-008  -1.0834148089992515E-009  -4.8298534903559769E-008   1.8018383504914724E-008  -7.3980630189688443E-009  -3.2794533583401424E-008   2.0694265299563046E-009  -3.3943587728352227E-009  0.23440988638448237       -3.3126244152473043E-007   6.3314660501735374E-010  -2.0969497115583543E-010  -1.2335164484471459E-002  -3.6205887752150104E-008  -5.1541590028669356E-009   6.0313808321678931E-011   6.4712027321676170E-011   1.4534313624131918E-010   2.2127567698548517E-010   1.5684721453061802E-010  -3.0219527877164591E-010  -6.4627252006116397E-011  -2.3247062053039193E-010   2.1996095354372817E-011   6.4907788649075341E-011   4.9199161725945899E-009  -6.7050869517428889E-010  -1.8860143969632930E-008   5.9141732936631388E-009  -3.5633230616534489E-009  -1.0834092797444916E-008  -4.3197783754810906E-008   2.4028765979280002E-010  -8.7618050518295068E-010   7.2403739891342231E-002  -4.4226328257827598E-012  -1.2475560260165478E-010  -3.5384047208523360E-009   2.6234923734802789E-010  -1.6275712479644692E-009  -2.5792739699433937E-010
   6.0845208530174598E-008   3.8000041838942988E-008  -1.9062252290052506E-008  0.49167831485876662       -2.0321166263638483E-009   2.0129563978275385E-009   1.4639105479735363E-009  -5.7192127165177018E-010   1.9309643870962317E-009   2.6040233044731455E-009   2.9860652320447019E-007   2.6579742339475582E-007  -3.3126244152473043E-007  0.81800950229823710        2.8079239355343496E-008   1.6653408311776130E-008  -1.6965825295398970E-008   1.1710683156846327E-003  -4.6565098052910866E-004   5.5585413056033973E-009  -2.1980573215975159E-009  -2.2275250228053969E-009  -3.3242443140875668E-009  -1.9304047286325667E-009  -4.1333243358684411E-009   6.3152450287318019E-009  -1.1006364371046105E-009  -6.2747301748166384E-009   2.4806639151138769E-009  -8.9010869369504619E-010   1.2199753568327159E-009   3.0874375896872339E-010   3.3247014981851258E-010   1.5514212676162587E-009   5.5758129131479367E-010  0.10999124169013462        1.0978415481594343E-007   8.7955442457565012E-008  -1.0555301573753486E-007  -2.5020829745186824E-010   4.6674533088788238E-010   4.4338563549330014E-011   1.5956580493065926E-010   5.7779773794752737E-010   9.0621855252464904E-011
  -1.0347789410629285E-002  -5.8530566324805539E-010   4.9902713950836888E-010   6.4779411700971723E-009   4.4899101173625834E-009   3.7117288824031803E-010   2.5220163818419182E-009  -2.0488773239291035E-009   3.1169689366629910E-010  -2.4410305957407945E-009  -1.2335166127307640E-002  -1.9411897355016485E-010   6.3314660501735374E-010   2.8079239355343496E-008   1.8465321796687630       -4.1909844759134255E-010   4.4203103562780933E-010   5.3433506672900664E-008   6.6460117090845607E-009   2.2422291517780418E-011  -4.1040997886549680E-012   4.5345022963071376E-013  -4.4789779168155188E-012  -2.1429549989254875E-012  -2.5552682377344223E-011   1.3682406336120760E-012   8.8573735441880366E-012   2.2693484460226112E-012  -6.9387597771557632E-012  -7.2585659863328534E-009   1.1156488323075605E-010  -2.5522556695035258E-009   3.7436788209841739E-009   2.8394442859452542E-010   3.5148842479869520E-009  -4.5409558975976606E-008  0.14359075912144306        3.4095368626352032E-010  -1.9113213424636431E-010  -2.0041562662124091E-008   1.4499529592105325E-010  -8.2713678638700478E-009   1.0022202619055439E-008   3.1938641489494819E-010   1.0019359317151308E-008
  -1.0849974981376778E-009  -1.0347789322361464E-002  -4.4313993312248215E-010   7.5851278134283036E-009  -8.0122121201093249E-011   4.5301719187728111E-009   1.8489637423916799E-010  -5.1867930148267503E-010   2.4485476689863203E-009   5.9879866278740952E-010  -9.1659400227263548E-010  -1.2335165789071015E-002  -2.0969497115583543E-010   1.6653408311776130E-008  -4.1909844759134255E-010   1.8465321800476491       -4.4721645325410107E-010   2.0545567870939564E-008   2.9421537003134776E-009   2.2292651052820206E-012   3.4574046012759338E-012   3.9111231322995335E-012  -1.8727970364095024E-011  -3.9901080982663360E-012   1.5734301251113928E-011   3.7773742082475046E-012  -2.0097394950837815E-011  -8.9149570925232180E-012   1.2065846349219860E-011   4.1311877806266509E-011  -5.6617868618113405E-009   5.7987922135917718E-011  -8.0579256920171615E-010  -2.6196991561767951E-009   7.6447707542199273E-010  -1.8407912206843438E-008   1.1255139757641361E-010  0.14359075891079692        3.5871323121757498E-010   3.3411151546536170E-010  -1.6058234155861221E-008   1.8319100577061748E-010  -1.4158178802786048E-009  -8.4199025583275066E-009   1.0817059920915459E-009
   1.3891162129028036E-010  -6.3820843973126504E-010  -1.0347787812624382E-002  -1.0234794784671115E-008  -1.1734815990241426E-009  -5.5546939950365405E-011   4.8407025782328750E-009  -1.3012355185614215E-009   5.2126419627342893E-010   2.4747177176111587E-009   1.0019694970576303E-010  -4.9285462642727868E-010  -1.2335164484471459E-002  -1.6965825295398970E-008   4.4203103562780933E-010  -4.4721645325410107E-010   1.8465321814448643       -1.0559543913519673E-008  -2.0462716352174573E-009  -2.0464132085837301E-012  -3.7007532456849584E-012   2.3318577398964899E-011   1.0315507923216722E-012  -3.4665382804246332E-012   1.7195298911659502E-012   1.0190296907631619E-011  -1.7372309680325386E-013  -9.9774050214279978E-012  -1.7308616593213583E-011   1.7298926123265075E-009   5.1590090272371938E-011  -5.4406942684921303E-009   1.6281518235255594E-009   1.7043527039425807E-010  -3.3580451780849603E-009   1.0468893726150976E-008  -3.6297311013891153E-010   2.5717717244350620E-010  0.14359075804749424        5.2465805346329579E-009   2.3840228333516984E-010  -1.5892650569004599E-008   5.0986415566175439E-009   5.9280658332392087E-010  -1.0345222455429215E-008
   5.0457974215144588E-008   3.7458461130746949E-008  -3.9729035986209625E-008   4.3701276434225840E-003  -4.3158577943754306E-011   1.5921274904653567E-011   1.6643461891755241E-011  -4.0992103086596315E-012   2.3201725938511189E-011   4.7368216442151655E-011   6.1770142893798552E-008   3.8621203843827147E-008  -3.6205887752150104E-008   1.1710683156846327E-003   5.3433506672900664E-008   2.0545567870939564E-008  -1.0559543913519673E-008   1.8336515439613208        2.1643177477866928E-004   8.5788513585144473E-011  -4.1078436887789516E-011  -2.8813182620318012E-011  -5.4937534560617910E-011  -3.2252432042224837E-011  -6.0162035870390118E-011   1.0931606906865798E-010  -1.7357130073214644E-011  -1.0559134834747252E-010   3.4414823684223116E-011   1.1018702912030593E-010  -4.2678586677469219E-011  -5.2348548671827771E-011  -1.2454860641225846E-011  -5.5277459856448165E-011  -9.7672116039516658E-011  0.11410229187426536       -3.1248743396950984E-009   4.8347045780350701E-009  -9.6050315074689752E-009   2.2097689717989972E-010  -3.5045625770740760E-011  -6.1675959540866998E-011  -1.2363725776504943E-012  -1.3517741334898261E-010  -2.1974191284644756E-010
   6.9168717464969725E-009   5.0688316639688230E-009  -5.3314408837990215E-009  -4.6816666429377890E-004   6.0504544376136881E-013  -1.9252228257751657E-012  -4.9952499897276763E-013  -1.0350713989358724E-013  -1.7729857245362738E-012  -4.5155274074939576E-013   5.7456071300526755E-009   4.6212108605639061E-009  -5.1541590028669356E-009  -4.6565098052910866E-004   6.6460117090845607E-009   2.9421537003134776E-009  -2.0462716352174573E-009   2.1643177477866928E-004   2.0004187941477491       -6.0379439698855292E-012   2.4415371784408053E-012   2.3432103238559828E-012   3.6625561811125391E-012   2.1153150968549340E-012   4.4461945438106633E-012  -6.9532656852954646E-012   1.1861933044810816E-012   6.8912261349226447E-012  -2.6360015556690857E-012   1.8908742937093279E-012   1.5536448533332574E-012  -8.4744652293472126E-013   9.7688889157238631E-013   1.0307979491090698E-012  -2.8549819027074671E-012  -1.6419681382653683E-003   2.9924303574304587E-009   1.5248316612014196E-009  -1.1235099565955453E-009  -9.6673781390721267E-013  -2.4739157163097023E-012   5.7292790410419349E-013  -7.4000827020403539E-013  -2.2661789870108258E-012   1.6908559227680809E-012
  -1.9335361257454352E-010   1.4969882076070885E-010   6.5682439522244711E-011   3.3412103716425914E-009   4.4522703714618288E-018  -1.1092643645981396E-017   2.5022780323513912E-017   1.0761764801887374E-017  -5.2728669833244694E-018  -1.5214131422162508E-017  -1.7757941537673889E-010   1.3745886895593815E-010   6.0313808321678931E-011   5.5585413056033973E-009   2.2422291517780418E-011   2.2292651052820206E-012  -2.0464132085837301E-012   8.5788513585144473E-011  -6.0379439698855292E-012   3.8005525061864246E-017  -1.4651995457604634E-017  -1.5053433761356926E-017  -2.2850715941548066E-017  -1.2723876095560669E-017  -2.8139044746577225E-017   4.3034647396746577E-017  -7.7997740159355460E-018  -4.3084988302848479E-017   1.7033759453062117E-017   3.1607086707031992E-018  -1.0147135691750849E-018   6.4445669287820453E-018   4.6049949889646640E-018   4.0415770166223129E-018  -7.7660918556894975E-018   7.5225168445310884E-010  -5.3805738929244685E-011   4.3213486333966309E-011   1.8719553773270200E-011  -6.7745057499793663E-019   2.0780790325439101E-018   1.8568440957674022E-020   1.5447501348990210E-018   3.3376712510119650E-018  -8.6744009063698628E-019
  -1.3924466366675692E-011   4.8180512758049922E-010   7.0466232593863696E-011  -1.3212553386133067E-009  -7.4912197411318443E-019  -8.5251232262685413E-017  -2.4583549238277117E-017   5.9610759437941765E-017  -7.8210334845362512E-017  -5.8861602551692703E-017  -1.2780480251801310E-011   4.4241090005758889E-010   6.4712027321676170E-011  -2.1980573215975159E-009  -4.1040997886549680E-012   3.4574046012759338E-012  -3.7007532456849584E-012  -4.1078436887789516E-011   2.4415371784408053E-012  -1.4651995457604634E-017   6.7610848223296876E-018   6.0096217570881561E-018   8.5244394723540050E-018   5.7710209001777368E-018   1.1133281976290741E-017  -1.6896494897847631E-017   2.4073080859600052E-018   1.5908051244473403E-017  -6.2736143902866236E-018   1.7764760541157390E-018  -3.5982253722730899E-017  -7.8834461808875418E-018   1.5394487264602715E-017  -2.8588508303337067E-017  -1.7170811656699880E-017  -2.9791337522929689E-010  -4.3290615308999883E-012   1.3878552286704261E-010   1.9964442251101273E-011   9.8617598923239547E-019  -7.2380205369565706E-018  -1.7049752841274502E-018   1.7994475038021641E-018  -4.0013118177598335E-018  -2.7855683599476621E-018
  -7.6307192097768225E-011  -1.1789475322856769E-011   1.5832104040651332E-010  -1.3389424165523463E-009   2.2082750857368856E-017  -4.1155810654221006E-018  -2.1647390444628750E-017   8.8039191299147690E-018  -5.8495806571672961E-018  -3.0886632881284440E-017  -7.0070317311218232E-011  -1.0832296972710054E-011   1.4534313624131918E-010  -2.2275250228053969E-009   4.5345022963071376E-013   3.9111231322995335E-012   2.3318577398964899E-011  -2.8813182620318012E-011   2.3432103238559828E-012  -1.5053433761356926E-017   6.0096217570881561E-018   6.1782351859974916E-018   9.1326595818363607E-018   5.4170208671098843E-018   1.1063657892263702E-017  -1.7198200827578875E-017   2.8205413416111631E-018   1.7064175268288904E-017  -6.7073103054756830E-018   9.0598858360196251E-018  -2.5588278241129876E-018  -8.6153695153599491E-018   9.0255014292389178E-019  -5.1773735823869240E-018  -9.9622833137994129E-018  -3.0111077479692447E-010  -2.1901354805069147E-011  -3.0790530109737193E-012   4.7365923288143551E-011   1.2267945182175636E-018  -9.1001719235692777E-019  -2.1897137477188417E-018  -4.0539207609845034E-019  -2.3551901149892604E-018  -8.2134673461425943E-019
   2.5078733559281169E-010  -2.6382287830640010E-010   2.4097613467677197E-010  -1.9981931732572528E-009   5.1722405288255541E-018   3.4047584412126743E-017  -8.5808983427703685E-017  -1.4286984561006852E-018   1.6873519470428835E-017  -3.7434849212845990E-018   2.3029098135379999E-010  -2.4222716955448022E-010   2.2127567698548517E-010  -3.3242443140875668E-009  -4.4789779168155188E-012  -1.8727970364095024E-011   1.0315507923216722E-012  -5.4937534560617910E-011   3.6625561811125391E-012  -2.2850715941548066E-017   8.5244394723540050E-018   9.1326595818363607E-018   1.4196589007543376E-017   7.4576082444337563E-018   1.6460848092808218E-017  -2.5913489995597619E-017   4.6608157736598178E-018   2.6242086550873777E-017  -1.0281077379790923E-017  -1.7462572478758728E-018   1.1018591428116539E-017  -3.0709030948892957E-017   1.0737035042611217E-018   1.0073234297641053E-018   6.7278268648868559E-019  -4.5010428010170901E-010   7.1741488703425057E-011  -7.7331688261094169E-011   6.9359082863981251E-011  -5.6722042857866233E-019   3.6749523103130333E-019  -4.4704060839147235E-018  -1.0455358103585541E-018  -3.2956124166444243E-018   1.6128394627671438E-018
  -2.7476401258664647E-010   3.0351023740112782E-010   1.7080469634335038E-010  -1.1603610052653537E-009   3.2986162002763390E-017  -5.5290037023985972E-017   1.5062679265462249E-018   3.7755455097949458E-017  -4.6397242674682897E-017  -7.0741587556610756E-017  -2.5229892194679567E-010   2.7870339868908657E-010   1.5684721453061802E-010  -1.9304047286325667E-009  -2.1429549989254875E-012  -3.9901080982663360E-012  -3.4665382804246332E-012  -3.2252432042224837E-011   2.1153150968549340E-012  -1.2723876095560669E-017   5.7710209001777368E-018   5.4170208671098843E-018   7.4576082444337563E-018   5.2640698025369801E-018   9.6132993723861090E-018  -1.4742040786146857E-017   1.9819870393182894E-018   1.4007570402403863E-017  -5.5149135936483530E-018   1.6322915469664042E-017  -2.2416551321053368E-017  -7.1152584661741721E-019   7.0927384665560321E-018  -1.8405719612261461E-017  -2.3415523124498622E-017  -2.6139947841927026E-010  -7.9160583346961084E-011   8.6937473456564337E-011   4.8828712301148292E-011   2.4392161906263041E-018  -3.7557441507109546E-018  -1.5826056035505468E-018   6.0335702259069044E-019  -3.0357064067766975E-018  -3.0425251188045118E-018
   8.5917991979278974E-012   6.2979355206096335E-011  -3.2909851396833898E-010  -2.4845126984006671E-009  -1.1142479397111048E-017  -1.9164961847649083E-017   5.2242516220331696E-017  -1.3011038886696084E-017  -9.7980700392459590E-018   2.4153590263747073E-017   7.9273814656475956E-012   5.7805390260305099E-011  -3.0219527877164591E-010  -4.1333243358684411E-009  -2.5552682377344223E-011   1.5734301251113928E-011   1.7195298911659502E-012  -6.0162035870390118E-011   4.4461945438106633E-012  -2.8139044746577225E-017   1.1133281976290741E-017   1.1063657892263702E-017   1.6460848092808218E-017   9.6132993723861090E-018   2.1291654966690180E-017  -3.1823553484570141E-017   5.8036666678665811E-018   3.1562491413881745E-017  -1.2572112224622343E-017  -2.4930155287090949E-018  -9.6569377162426076E-018   2.2064310596350438E-017  -7.2525265945523480E-018  -6.4293016489278872E-018   9.7458339999794231E-018  -5.5914779714561457E-010   4.4134584633476832E-013   1.9354065204619514E-011  -9.4473600930779887E-011   1.4757733988589950E-018  -3.1553511946965808E-018   4.4453782802880399E-018  -1.0267457104690818E-018  -1.1822381194599468E-018  -4.4892237046263879E-019
  -1.5407338311225499E-010   4.9154660172549748E-011  -7.0361335669419115E-011   3.7960846945154048E-009  -6.5891583855731032E-018   7.9037373769216442E-018   4.7916301181272747E-017  -9.1882996348211036E-018   1.4200153067678379E-017   1.5777350798346277E-017  -1.4147787525957342E-010   4.5132184617218725E-011  -6.4627252006116397E-011   6.3152450287318019E-009   1.3682406336120760E-012   3.7773742082475046E-012   1.0190296907631619E-011   1.0931606906865798E-010  -6.9532656852954646E-012   4.3034647396746577E-017  -1.6896494897847631E-017  -1.7198200827578875E-017  -2.5913489995597619E-017  -1.4742040786146857E-017  -3.1823553484570141E-017   4.8872777420228893E-017  -8.5719383086489071E-018  -4.8673185188702983E-017   1.9207927943028936E-017  -1.4388280674668650E-018   7.0605337375901521E-018   1.5295238336922839E-017  -6.1221621887404032E-019   1.1932879026234822E-017   2.0506058196306316E-018   8.5539472090159225E-010  -4.4184347837698406E-011   1.4431590282188925E-011  -1.9419687502754553E-011  -9.4069648493596464E-019   3.6437409910016225E-018   1.9419727734227189E-018   1.0758318144209037E-018   5.0550984265570206E-018  -1.3529450709954212E-019
   1.6063247263602998E-010  -2.7571860815830244E-010  -2.5316818705504343E-010  -6.6158769010240944E-010  -2.0237305672895466E-017   4.3685876011697216E-017   2.6066663499410738E-017  -4.2275368142992052E-017   4.0855833488601101E-017   6.2512695507516560E-017   1.4748660508124051E-010  -2.5314766880070626E-010  -2.3247062053039193E-010  -1.1006364371046105E-009   8.8573735441880366E-012  -2.0097394950837815E-011  -1.7372309680325386E-013  -1.7357130073214644E-011   1.1861933044810816E-012  -7.7997740159355460E-018   2.4073080859600052E-018   2.8205413416111631E-018   4.6608157736598178E-018   1.9819870393182894E-018   5.8036666678665811E-018  -8.5719383086489071E-018   2.0786139016736758E-018   9.0930865275952922E-018  -3.6515805228665094E-018  -9.5802392221530873E-018   1.6907215686306158E-017   1.1448996874128868E-017  -1.1640266204838964E-017   1.3517428543708602E-017   2.1220585928038075E-017  -1.4897496219038566E-010   4.6882196404830268E-011  -8.0860009713906439E-011  -7.2795479251353477E-011  -8.9826736507224676E-019   2.4146091329731557E-018   3.1208190062268080E-018  -1.3648422751303010E-018   1.6933620364004494E-018   2.2631382822251337E-018
   2.2063662275993796E-010  -5.4768328715259586E-010   2.3935099211796350E-011  -3.7717250412258999E-009   9.5877989207424419E-018   7.4635143346929058E-017  -3.9704772539128321E-017  -4.7275587605493315E-017   5.9148230650543940E-017   3.7687897626073505E-017   2.0259390463797879E-010  -5.0289744558098786E-010   2.1996095354372817E-011  -6.2747301748166384E-009   2.2693484460226112E-012  -8.9149570925232180E-012  -9.9774050214279978E-012  -1.0559134834747252E-010   6.8912261349226447E-012  -4.3084988302848479E-017   1.5908051244473403E-017   1.7064175268288904E-017   2.6242086550873777E-017   1.4007570402403863E-017   3.1562491413881745E-017  -4.8673185188702983E-017   9.0930865275952922E-018   4.9393727754774814E-017  -1.9496466950137905E-017   1.5350945191792786E-019   2.6506175069428557E-017  -1.2637800511646773E-017  -1.4570791319318651E-017   1.2576093856642447E-017   1.4417718470558245E-017  -8.4971912439747468E-010   6.3608952679974740E-011  -1.5815841431813493E-010   6.0897783943025025E-012   2.7582047047931896E-019   2.3519754010685420E-018  -9.0056865072188656E-019  -3.2422264943133472E-018  -2.7793331672601043E-018   2.9665644498872159E-018
  -6.2852831392839260E-011   2.1429628206052029E-010   7.0658633096497208E-011   1.4911064015946089E-009  -1.3775544398342676E-018  -2.9493867060906973E-017  -3.2870983078996523E-018   2.4945633519644987E-017  -2.6091125279615889E-017  -2.3568122904833037E-017  -5.7703134852491892E-011   1.9675942307395469E-010   6.4907788649075341E-011   2.4806639151138769E-009  -6.9387597771557632E-012   1.2065846349219860E-011  -1.7308616593213583E-011   3.4414823684223116E-011  -2.6360015556690857E-012   1.7033759453062117E-017  -6.2736143902866236E-018  -6.7073103054756830E-018  -1.0281077379790923E-017  -5.5149135936483530E-018  -1.2572112224622343E-017   1.9207927943028936E-017  -3.6515805228665094E-018  -1.9496466950137905E-017   7.7210495096855283E-018   3.8710414435583298E-019  -1.0694593892582137E-017  -2.1091629687934432E-018   8.0025257541029023E-018  -6.2158247392557256E-018  -8.3898036896832830E-018   3.3547404131634280E-010  -1.8619668685637507E-011   6.2564705140026398E-011   1.8939088036562499E-011  -2.4504561169628147E-019  -1.1214615726099315E-018  -6.9299119443700655E-019   1.3192593644265246E-018   4.9350447863326503E-019  -1.0742766229606179E-018
  -1.2674945888185332E-008  -1.5144350913239049E-009   5.3608255628808646E-009  -5.3477793405208720E-010   1.5154354022355514E-015   2.3810931972486140E-016   1.0092204815689877E-015  -2.1677404635796694E-016   4.4005590088042847E-016  -1.2986614220050969E-015  -1.1627612341594516E-008  -1.3906910043053272E-009   4.9199161725945899E-009  -8.9010869369504619E-010  -7.2585659863328534E-009   4.1311877806266509E-011   1.7298926123265075E-009   1.1018702912030593E-010   1.8908742937093279E-012   3.1607086707031992E-018   1.7764760541157390E-018   9.0598858360196251E-018  -1.7462572478758728E-018   1.6322915469664042E-017  -2.4930155287090949E-018  -1.4388280674668650E-018  -9.5802392221530873E-018   1.5350945191792786E-019   3.8710414435583298E-019   7.2496210270283632E-016   1.5216095735158498E-016   2.7559779734705080E-016  -1.9014653081782219E-016   1.1072916630520297E-016  -5.3481561820730352E-016  -1.1276073331067023E-010  -4.2199823751881609E-009  -4.3209691203980963E-010   1.6784596360945996E-009   1.6271365650313907E-016   6.8624582626387603E-017   6.1307844990182322E-018  -6.2997000253055274E-017   1.5457849414365369E-018  -9.9716648424583483E-017
  -1.4370021962243767E-009  -1.8760576116820222E-008  -7.3011758158524980E-010   7.3320840714190781E-010   5.4066169714480165E-016   3.0971466275591721E-015   7.3688494896347508E-016  -2.1895319798509466E-015   2.8433139887474318E-015   1.6488703269521076E-015  -1.3196956781540146E-009  -1.7218182639981991E-008  -6.7050869517428889E-010   1.2199753568327159E-009   1.1156488323075605E-010  -5.6617868618113405E-009   5.1590090272371938E-011  -4.2678586677469219E-011   1.5536448533332574E-012  -1.0147135691750849E-018  -3.5982253722730899E-017  -2.5588278241129876E-018   1.1018591428116539E-017  -2.2416551321053368E-017  -9.6569377162426076E-018   7.0605337375901521E-018   1.6907215686306158E-017   2.6506175069428557E-017  -1.0694593892582137E-017   1.5216095735158498E-016   1.2992710482415773E-015   2.2925688848776993E-016  -6.2528525600859389E-016   9.5226082592650339E-016   4.7312422499859377E-016   1.6127797068749332E-010  -4.0425976759387725E-010  -5.8427621122752892E-009  -2.0580238093995372E-010  -1.0401891627389239E-018   2.8953928657350471E-016   4.3439207840256814E-017  -8.4881002004589438E-017   1.1361855944967545E-016   8.5921168406213738E-017
  -1.4423004619032514E-008  -1.4882924756190866E-009  -2.0548350029555324E-008   1.8547238932549594E-010   1.8651042781358719E-016   3.5009379741896879E-016   6.1775839167587912E-015  -2.1050942253444333E-015   1.2403706843735689E-015   1.9185838278751604E-015  -1.3239986038533240E-008  -1.3667105368154250E-009  -1.8860143969632930E-008   3.0874375896872339E-010  -2.5522556695035258E-009   5.7987922135917718E-011  -5.4406942684921303E-009  -5.2348548671827771E-011  -8.4744652293472126E-013   6.4445669287820453E-018  -7.8834461808875418E-018  -8.6153695153599491E-018  -3.0709030948892957E-017  -7.1152584661741721E-019   2.2064310596350438E-017   1.5295238336922839E-017   1.1448996874128868E-017  -1.2637800511646773E-017  -2.1091629687934432E-018   2.7559779734705080E-016   2.2925688848776993E-016   2.3014981639754254E-015  -8.2256340308830434E-016   4.8947557566837298E-016   5.4696579764071026E-016   3.8233670752601762E-011  -4.3489653927733253E-009  -4.2325751331145433E-010  -6.3391701274211773E-009   9.8424113730424544E-017   8.8072417638193864E-017   4.2593988332180797E-016  -9.0769715938016379E-017   1.7001320349158213E-016  -7.6543397820648027E-018
   5.5370489734942208E-009   8.6239910377302311E-009   6.4434318744032911E-009   1.9980487330481235E-010  -3.4431315635590092E-016  -1.4575663157960167E-015  -2.2557146933763898E-015   1.5985411641530092E-015  -1.6268537189914373E-015  -1.2542280446192924E-015   5.0786425633370389E-009   7.9202029255718313E-009   5.9141732936631388E-009   3.3247014981851258E-010   3.7436788209841739E-009  -8.0579256920171615E-010   1.6281518235255594E-009  -1.2454860641225846E-011   9.7688889157238631E-013   4.6049949889646640E-018   1.5394487264602715E-017   9.0255014292389178E-019   1.0737035042611217E-018   7.0927384665560321E-018  -7.2525265945523480E-018  -6.1221621887404032E-019  -1.1640266204838964E-017  -1.4570791319318651E-017   8.0025257541029023E-018  -1.9014653081782219E-016  -6.2528525600859389E-016  -8.2256340308830434E-016   5.3782368806947312E-016  -5.5898197013127790E-016  -3.4767724666509675E-016   4.3900350219002626E-011   1.8889620252693365E-009   2.4153015283158831E-009   1.9816160151676808E-009  -6.6487762525942534E-017  -1.2581220926352144E-016  -1.6309445476528195E-016   8.4559090324846663E-017  -8.5605330489167078E-017  -1.8071359777712357E-017
  -2.5012555056333005E-009  -1.3572714480586124E-008  -3.8802797838104902E-009   9.3239991985087574E-010   3.3177326650769894E-016   2.2605258552800117E-015   1.3987399772691567E-015  -1.8708062646144072E-015   2.1995128306694861E-015   1.5390330251417314E-015  -2.2972091735269459E-009  -1.2459104209671117E-008  -3.5633230616534489E-009   1.5514212676162587E-009   2.8394442859452542E-010  -2.6196991561767951E-009   1.7043527039425807E-010  -5.5277459856448165E-011   1.0307979491090698E-012   4.0415770166223129E-018  -2.8588508303337067E-017  -5.1773735823869240E-018   1.0073234297641053E-018  -1.8405719612261461E-017  -6.4293016489278872E-018   1.1932879026234822E-017   1.3517428543708602E-017   1.2576093856642447E-017  -6.2158247392557256E-018   1.1072916630520297E-016   9.5226082592650339E-016   4.8947557566837298E-016  -5.5898197013127790E-016   7.4766312148836392E-016   4.4825273739585373E-016   2.0503262924966185E-010  -6.9653327560886013E-010  -4.1098735571397039E-009  -1.1019907818297324E-009   6.1166647016885826E-018   2.0472477546395620E-016   8.4647370271228607E-017  -6.7948413154544199E-017   1.0085550898258331E-016   6.1831725082852837E-017
