  0.38580635222982440       -2.1456079661951524E-015  -5.4635551941880729E-017  0.12628114320297179        1.6085268779814869E-015  -4.1686764388430199E-017  -2.6207754780037153E-002   3.1475471681240633E-016  -2.4001027540230675E-014  -3.4467199218765271E-015   5.0095529983776564E-017  -1.2139965428150307E-014   3.0451595537345976E-017  -4.1559480108348319E-017  -4.0383945188636901E-017   2.0963487191818836E-018   1.2819673413006428E-017  -2.0028872556921524E-017  -3.3654247927597325E-015   2.2484142217089477E-014   2.9784185909877339E-016  -1.3835116509685328E-017   8.4088557873969861E-015  -5.8951635163218712E-018   9.0378504708045867E-015   4.9577639026116611E-016   2.0375076660344375E-017   1.8357996322228188E-016   5.5914539801681664E-017   9.1886655897922613E-017  -4.5283787183457459E-016   2.3978437548192161E-016  -1.8044105394295795E-017  -3.3239605160394708E-017  -6.6469463196868652E-017  -2.1143174023431146E-015   9.9188839573178169E-003   3.2404228193009446E-016  -1.3106282229873357E-016   5.9989303605519535E-016  -2.9232151805153757E-015   1.5517428715885563E-015  -2.1634163578202810E-016  -1.4356451902532383E-016  -3.8904703870238319E-016
  -2.1456079661951524E-015  0.38580635222980725        3.2705967760667049E-015  -8.5655936833590766E-016  0.12628114320297318       -8.0332029832240411E-016   2.0013028026025438E-014  -2.6207754779937757E-002   5.6701179176720958E-014  -8.2554053875150525E-016  -1.1267477672268139E-015  -8.0465956040507268E-015   4.5784755339622012E-016  -1.5778960567573302E-017  -9.0683879780761286E-019   3.3891261551172173E-016  -5.7202347991080591E-018   2.8023800581243094E-016  -1.2281051883623072E-015   8.0149826390062611E-017   9.6003401667351683E-015  -1.1251928229311120E-016   1.3727557320878407E-016  -1.8578692857233121E-017  -8.4121876406443804E-018   2.6997796540607269E-014  -1.2034358193055336E-016   1.0079888703965287E-014  -2.4015068468683720E-016   1.0399750670520719E-015  -7.6535196770163452E-017   8.8303895806827115E-017   9.1560986550789099E-017   3.4989361960411186E-018  -6.3291445228692527E-016  -6.2091946099894594E-017  -2.8502464598502532E-016   9.9188839573184778E-003  -3.7740395331615091E-016   5.9030469497433710E-015  -5.2810812760963940E-016   5.8211139262998333E-016  -6.0530367089074863E-016   1.5421274990370546E-017  -5.3999750899725570E-015
  -5.4635551941880729E-017   3.2705967760667049E-015  0.38580635222986753       -8.8553240709583271E-016  -2.1454961569326553E-016  0.12628114320296543       -1.2919359305529656E-014   1.3747332557838544E-015  -2.6207754780028552E-002  -6.3464777086301645E-015  -5.4584120360973589E-016   1.9305337071914701E-014   3.0921704700693636E-016  -4.7495960753385875E-017   4.7745987513001945E-017   2.2714740719267555E-016  -4.6268730800976969E-017   3.2116125337879479E-016  -6.5965419998887408E-015   1.2508523282054266E-016  -1.8719407395028125E-016   7.6819393667163677E-015   1.5060942014943082E-017   1.5279946118562630E-017   1.9269627028305702E-017  -3.8392389380224303E-016   6.9855839580463752E-015  -1.8216157667619450E-016   1.9721193445619460E-014  -1.4751729251633805E-016  -1.4628817336475412E-016  -6.2073818036629774E-017  -4.9650035957256964E-016  -3.6681830344731764E-016   1.0865108688987983E-015  -2.2167952861936516E-015  -2.2732476044945636E-016  -2.0034135758559394E-016   9.9188839573116916E-003  -1.7970042913821492E-015  -9.9517741989715877E-016  -2.3158087144227913E-016  -4.2650025833208244E-015  -2.5261033196997110E-015   6.2137392434106117E-015
  0.12628114320297179       -8.5655936833590766E-016  -8.8553240709583271E-016   4.1334800432452197E-002   4.6233716491395584E-016  -2.7356726755882765E-016  -7.3285684881498076E-003  -9.6680345893562451E-016   1.8713518726796902E-014   4.2368795167563456E-015  -1.0008182187792003E-016   9.1385109116241661E-015   2.6643277425665757E-018   4.1822788222562777E-017  -4.3272994837325543E-017   3.0421896730622124E-018   1.1474185990851396E-017  -1.5539409175512205E-018   3.9491538405502754E-015   7.3168628320617422E-015   9.7682373978783278E-017  -4.3721139485532752E-018   2.7321026445213759E-015  -2.0643314158033309E-018   2.9397269579176852E-015   1.6167962284999558E-016   6.7959179197674709E-018   5.9102231547001256E-017   1.8563846079970369E-017  -4.5557429590530779E-017   4.1213285833654575E-016  -2.2125334465728780E-016   1.5557235630063494E-017   5.7977280184237445E-017   3.2440170965207337E-017   2.5359714022884904E-015   3.2470144003580994E-003   9.5817965768202801E-017  -5.0382715855922023E-017  -3.2231849077277821E-016   2.8858425995440572E-015  -1.5506822944340658E-015   8.0639648342501319E-017   4.2733000067994725E-016   2.3985015960533241E-016
   1.6085268779814869E-015  0.12628114320297318       -2.1454961569326553E-016   4.6233716491395584E-016   4.1334800432454785E-002  -7.2247963056136577E-016  -1.4379627494603572E-014  -7.3285684882422120E-003  -4.3591164853659441E-014   1.6939327880048471E-016  -3.8332457411193209E-016   5.6108311819746509E-015   4.7049475839284356E-017   4.4059002243660782E-018  -6.6595337794216791E-018   1.1771263955073091E-016  -2.3438194721168446E-018   1.8796303012810808E-016  -1.0789938633179669E-017   2.7121611389872721E-017   3.1260641454733238E-015  -3.6968050390197024E-017   4.5214081722862101E-017  -6.1024919381935752E-018  -2.4981969526891906E-018   8.8006041176058493E-015  -3.9356393560464275E-017   3.2840025053049559E-015  -7.9229437985207103E-017  -7.1351577825128123E-016   6.8712280313792802E-017  -4.1261336844088692E-017   9.3453651566610535E-017  -4.0611508491922132E-018   7.8416040895369733E-016   4.7368339490678644E-016  -4.2087433701614505E-017   3.2470144003584199E-003  -1.7604012279449072E-016  -5.2931034089605071E-015   4.7136040673677250E-016  -2.8773446183948768E-016   2.3815235379927758E-016  -3.0697728661212134E-017   5.0221296754969700E-015
  -4.1686764388430199E-017  -8.0332029832240411E-016  0.12628114320296543       -2.7356726755882765E-016  -7.2247963056136577E-016   4.1334800432443392E-002   7.7510347863916224E-015   5.9803511867294598E-016  -7.3285684881681775E-003   7.1563509315290620E-015  -3.8979581241897354E-016  -1.7147893978062771E-014   1.6446442260659306E-016  -6.7766800000633431E-018   2.7758804570707220E-017   1.4970639807215828E-016   2.5309721145632574E-017  -3.3498333352426769E-017   6.8186146939204152E-015   4.0731356527157762E-017  -6.1516580752798867E-017   2.4986176349346228E-015   5.0843792114292132E-018   4.9165966946436074E-018   6.1461098047989318E-018  -1.2503985406802531E-016   2.2711588214710061E-015  -5.9509947896522181E-017   6.4220595931431273E-015   6.0279297089760709E-016   3.7709000345630724E-017   9.7689250640909564E-017   6.1100245083696566E-016   2.8489293742607609E-016  -1.0687647408739295E-015   3.2912482794910391E-015  -6.0496402462992295E-017  -1.3421520856636333E-016   3.2470144003555550E-003   3.8674777700575165E-015   2.6194092099014232E-016   7.3474004750786581E-016   3.9023870883044307E-015   1.9505391135793791E-015  -7.7202099974661765E-015
  -2.6207754780037153E-002   2.0013028026025438E-014  -1.2919359305529656E-014  -7.3285684881498076E-003  -1.4379627494603572E-014   7.7510347863916224E-015   2.0005439967552601        1.0827035972181571E-014  -2.3043123112009314E-014   4.2202626179626271E-015   4.6892335438966518E-015  -5.4765158890480508E-015   1.6911101414531641E-016   8.7009132026525375E-016  -1.0460821949524469E-015   3.0523203722851328E-016   8.0956494249881294E-016  -3.8743989405703661E-016  -1.2892771482594919E-014  -6.9644367417718974E-014   2.8932187377974528E-016   2.5102521092940588E-016  -3.2979158552809825E-014  -2.1510698447088235E-016  -3.0233485314215010E-014  -9.8793600508511076E-016   2.0142173959927127E-016  -1.5905945521169105E-015   4.1531600150802594E-016   1.3348501116408704E-016  -7.4496653794016790E-016   1.0698437435156960E-015  -1.0559785613513699E-015  -5.3742067342543496E-016   9.6459628401416192E-016   1.0227235925689326E-014  -4.8725700405213759E-005  -9.0124415296822231E-015   1.0117237262524693E-014   4.1619948930699909E-016  -1.5612523042297892E-015   4.4785840304652751E-016  -2.7208682934310244E-016   1.5372861979760710E-016  -1.9150512286552013E-016
   3.1475471681240633E-016  -2.6207754779937757E-002   1.3747332557838544E-015  -9.6680345893562451E-016  -7.3285684882422120E-003   5.9803511867294598E-016   1.0827035972181571E-014   2.0005439967553298        2.8790728227721283E-014  -6.5586193835072387E-015  -8.0272311280341443E-015  -5.0215512909663951E-015   5.6814169162910534E-016   5.9581865272317174E-016   7.5279480606075145E-016   8.5833392787882853E-016   6.2824451624894019E-017  -1.1719607904880993E-015   2.2281617984524590E-014   1.4135160391038708E-015  -2.6713792151642040E-014  -2.1392032286002204E-016   4.4074000664123644E-016  -3.2904536844952084E-017   4.0883527889679722E-016  -5.9805014814711335E-014   6.2808025784287807E-017  -2.5188915100593092E-014  -9.8161324609094118E-016   7.5344161583187796E-016  -3.7207908632073419E-016  -5.4488133779528281E-016  -2.8461492332340094E-016   1.6510545924159305E-017   9.2196535979309807E-016  -1.6986375248316984E-014  -2.7036937066785951E-015  -4.8725700461438965E-005   6.5090780638990888E-017   1.7952958448082095E-015   1.3465051224354904E-017   4.4227149236379559E-016   2.8053643645775714E-017   1.3328211098222038E-017  -7.9138338431266513E-016
  -2.4001027540230675E-014   5.6701179176720958E-014  -2.6207754780028552E-002   1.8713518726796902E-014  -4.3591164853659441E-014  -7.3285684881681775E-003  -2.3043123112009314E-014   2.8790728227721283E-014   2.0005439967552587       -1.9748167491851164E-015  -4.3375758142434908E-015   1.1138969351793096E-014  -6.3384581390955126E-016   6.0069809781560197E-016   8.8763349469582140E-016  -5.4331197808594664E-016   1.2607123749027426E-015   1.1019167016599240E-015   2.7628678145234439E-016  -3.4632526615254660E-016  -3.7865657568538967E-016  -2.5816546804276779E-014   2.4635863319242258E-016  -1.3666168932520158E-016  -2.5909419070449625E-016   1.0259167238900275E-015  -2.5016802612398109E-014   1.9584436957341242E-016  -5.4169421095547623E-014   1.3002447771150190E-015  -3.1741914251732166E-016  -4.1336178157900859E-016   1.8084162290544734E-016  -6.0894786058439137E-016  -1.1993572315522005E-015  -9.3474397265568185E-016   1.6627282178273768E-014  -3.1253991932588314E-014  -4.8725700414535078E-005  -1.5112373273316257E-015  -4.6458653568521815E-016  -1.7157954832687122E-017  -3.4348534091580523E-015  -1.0444490653621313E-015   4.9201287170309492E-015
  -3.4467199218765271E-015  -8.2554053875150525E-016  -6.3464777086301645E-015   4.2368795167563456E-015   1.6939327880048471E-016   7.1563509315290620E-015   4.2202626179626271E-015  -6.5586193835072387E-015  -1.9748167491851164E-015   1.0641522992565444       -2.3851578095963451E-002   3.7149206226267709E-003  -5.4061071863938080E-014   9.7063294588327456E-016  -1.7441512736176458E-015  -4.4975319239797911E-014   1.0492570474787757E-016  -5.6339222645777609E-014   1.0188859300145032        2.6769136523179903E-017  -5.3393889352049158E-017  -9.4664556793688556E-017  -5.5086779072633640E-016  -9.3533837202825786E-018   2.5976920461516666E-016  -1.4188551465624301E-016   1.4384114688513213E-016   6.0451058250801604E-016  -6.8113767374654956E-017  -1.1520936088573651E-014   1.6126047189043299E-015   8.4789022928906555E-016   7.0741057278603608E-015   6.1699540168901818E-017  -8.6725915632401780E-015  0.55294816691195325       -7.5079770326023081E-017  -4.1014785966027105E-016   4.0073007109087655E-015  -2.8462304768142630E-015   1.2106422106440744E-014   4.5551891699837682E-017   6.2812932301137580E-014   3.1093702759010845E-016  -1.9410558269749349E-014
   5.0095529983776564E-017  -1.1267477672268139E-015  -5.4584120360973589E-016  -1.0008182187792003E-016  -3.8332457411193209E-016  -3.8979581241897354E-016   4.6892335438966518E-015  -8.0272311280341443E-015  -4.3375758142434908E-015  -2.3851578095963451E-002   5.3460865304604335E-004   3.0867969269509924E-005   2.3192584313060083E-016   4.1665855146003808E-016   3.1081146762462811E-017   2.0626531775236022E-015   7.7041518327387002E-018   1.1784245229818389E-015  -2.2837649974576619E-002  -6.2498905695875047E-019   1.2698307986428428E-018   2.1523139104059761E-018   1.2371583023600309E-017   2.2413281647730870E-019  -5.8025454677284583E-018   3.1394531543502137E-018  -3.2092054720207545E-018  -1.3582542251462925E-017   1.5231511010662897E-018  -9.7289956129919484E-015   4.4433003330493112E-015  -1.0123050820632263E-016   1.0647245518788155E-014   1.0160724923588751E-016  -6.3696477684318882E-016  -1.2389814990525751E-002   2.9454956369887724E-018  -2.2581159381161579E-017  -1.0964505136709656E-016  -6.8355556241163352E-014   3.0429058833623872E-014  -5.6461108857536327E-016   7.2677519113269481E-014   6.9877618713084799E-016  -5.2385707935123126E-015
  -1.2139965428150307E-014  -8.0465956040507268E-015   1.9305337071914701E-014   9.1385109116241661E-015   5.6108311819746509E-015  -1.7147893978062771E-014  -5.4765158890480508E-015  -5.0215512909663951E-015   1.1138969351793096E-014   3.7149206226267709E-003   3.0867969269509924E-005   1.9121020776261812       -4.8566971211944381E-014   1.0067656766601524E-015   5.9694390853149399E-016  -5.4882382107585118E-014  -3.5001061714634619E-016  -5.6868868865325587E-014  -7.4696295580262504E-003  -4.1863453714288778E-016   1.2240808762646142E-015   5.1117746318652328E-016   4.1027146095182053E-016   2.4270367719467238E-016   3.3329879803675307E-016  -6.8276049040739576E-016   2.4853569455692999E-016  -5.5460374468187566E-016  -5.9370740882862329E-017  -7.7725759692663307E-014   6.4716904947456667E-016   1.8621167158837968E-016  -6.8893030141924503E-014   3.0251584187344939E-016  -6.7356595903527698E-014   6.5474223475491283E-002   7.4839149830348178E-015   3.9841519385718339E-015  -1.2072124446388791E-014  -4.7729381653768721E-014   6.9573636345280388E-015   4.8426258985053515E-016  -2.1498886609950835E-014   2.8922481143267939E-016  -5.7872999929325762E-014
   3.0451595537345976E-017   4.5784755339622012E-016   3.0921704700693636E-016   2.6643277425665757E-018   4.7049475839284356E-017   1.6446442260659306E-016   1.6911101414531641E-016   5.6814169162910534E-016  -6.3384581390955126E-016  -5.4061071863938080E-014   2.3192584313060083E-016  -4.8566971211944381E-014   3.4364372819652595E-004  -7.4166361353862506E-017   3.8665961130677127E-018  -1.7182186409810137E-004   4.1595855952539616E-017  -1.7182186409810961E-004  -4.9937737537209862E-014   6.4054910681935317E-018   8.2084787367409013E-018  -1.1951660217541165E-017  -2.1830489732106074E-018   3.4440879523665530E-018  -6.4015540851982443E-018  -1.7153516654235156E-017   1.0775530644568380E-017   6.2153210745764904E-018  -3.1031647900796555E-017   3.5115899478380184E-003  -6.9395833589472076E-016  -8.4188783421391574E-017  -1.7557949739184723E-003   5.2872952966108026E-017  -1.7557949739193416E-003  -3.0379844387059572E-014  -8.4717934061744069E-018  -1.2821049611612005E-017   4.2810697464058650E-017   2.4066982329312269E-002  -4.8589293608371214E-015  -5.5049640697739684E-016  -1.2033491164653154E-002   4.7398656121238777E-016  -1.2033491164659004E-002
  -4.1559480108348319E-017  -1.5778960567573302E-017  -4.7495960753385875E-017   4.1822788222562777E-017   4.4059002243660782E-018  -6.7766800000633431E-018   8.7009132026525375E-016   5.9581865272317174E-016   6.0069809781560197E-016   9.7063294588327456E-016   4.1665855146003808E-016   1.0067656766601524E-015  -7.4166361353862506E-017   3.4364372819584594E-004  -1.6455348770979940E-017  -4.1203205516716631E-017  -5.0814538827189900E-017  -1.0186562980292040E-016   2.4115897341636907E-016   1.1213830519029950E-017  -2.6305669209437686E-018   1.9095142904911075E-017  -4.1000120495502756E-018   4.1711345346533131E-019  -1.0944920347128275E-017  -2.3143588285861484E-018   6.7710262504694388E-018   7.9839333044260983E-018  -6.8847993101700641E-018  -8.7380700524443493E-017   3.5115899478348990E-003  -1.3561103364659020E-017   1.3322089195789610E-016  -8.9077372865051216E-017  -1.1908953027895836E-016   7.8553507144789280E-016   1.6450520680549967E-017   5.2156558641962961E-019   2.0567657495206844E-018  -3.5181837057260949E-016   2.4066982329287910E-002  -1.5466313397095105E-016   1.0285499902685278E-015  -7.8631000229858690E-016  -7.3815411460437040E-016
  -4.0383945188636901E-017  -9.0683879780761286E-019   4.7745987513001945E-017  -4.3272994837325543E-017  -6.6595337794216791E-018   2.7758804570707220E-017  -1.0460821949524469E-015   7.5279480606075145E-016   8.8763349469582140E-016  -1.7441512736176458E-015   3.1081146762462811E-017   5.9694390853149399E-016   3.8665961130677127E-018  -1.6455348770979940E-017   3.4364372819594021E-004  -7.5458171642808709E-017  -9.1486374271711972E-017   4.0631181999052121E-017  -1.6129940479106690E-015  -7.6926993830220521E-018   4.3087775092263260E-018   1.1461400709586772E-017   4.6401275383002309E-018  -9.0485735155158582E-018   5.6807117123190021E-018  -1.2451072323680937E-017  -1.2360640662849519E-017   7.3154120636801933E-018  -2.3286378580056769E-018   1.1319286244018563E-016  -1.5003986932615848E-016   3.5115899478352914E-003  -3.5206756369523078E-016  -5.4565767170915472E-016   2.2386948447035013E-016  -9.1949573277814765E-016  -9.4884138808740612E-018  -3.5921221858631030E-018   4.0826306287169454E-018   8.1839530593807208E-016  -9.7796772375733444E-016   2.4066982329291258E-002  -2.4365092251391878E-015  -3.5409543203937695E-015   1.6131511663980013E-015
   2.0963487191818836E-018   3.3891261551172173E-016   2.2714740719267555E-016   3.0421896730622124E-018   1.1771263955073091E-016   1.4970639807215828E-016   3.0523203722851328E-016   8.5833392787882853E-016  -5.4331197808594664E-016  -4.4975319239797911E-014   2.0626531775236022E-015  -5.4882382107585118E-014  -1.7182186409810137E-004  -4.1203205516716631E-017  -7.5458171642808709E-017   3.4364372819607823E-004  -7.9400603777825006E-017  -1.7182186409822159E-004  -4.5576406218005432E-014  -4.1822199574590843E-018   9.7433288399811844E-019   1.9055126386097788E-017   5.3594430266069409E-018  -7.2594989770925150E-019   2.4914774467395170E-019   1.8045025211996331E-019  -1.5508710693136815E-017  -1.4995788283523825E-018   6.7349380761883929E-018  -1.7557949739179202E-003  -5.8903822587471582E-016  -4.0769633339221003E-016   3.5115899478356640E-003  -3.9498787456803483E-016  -1.7557949739179601E-003  -2.3896472730291286E-014   1.1321661674378362E-017   1.6756003381989398E-017   3.8702980891785768E-017  -1.2033491164647683E-002  -3.9164652017349935E-015  -2.8422029608858492E-015   2.4066982329296469E-002  -2.7696499302722623E-015  -1.2033491164648880E-002
   1.2819673413006428E-017  -5.7202347991080591E-018  -4.6268730800976969E-017   1.1474185990851396E-017  -2.3438194721168446E-018   2.5309721145632574E-017   8.0956494249881294E-016   6.2824451624894019E-017   1.2607123749027426E-015   1.0492570474787757E-016   7.7041518327387002E-018  -3.5001061714634619E-016   4.1595855952539616E-017  -5.0814538827189900E-017  -9.1486374271711972E-017  -7.9400603777825006E-017   3.4364372819601177E-004   1.4586698136381161E-017   1.2764974296404034E-016  -6.9134224171141069E-018   4.1681388218231455E-018  -5.1285499090414961E-018   2.2953820131499628E-018   3.1482986285539895E-018   6.9799474758926820E-018  -2.1942881069450144E-018   6.2009623371684274E-018  -9.3425281871542750E-019   3.8139717030675719E-018   3.5491304184136965E-016  -3.9029457088641568E-016  -4.0646315930007929E-016  -4.1840534447452026E-016   3.5115899478357112E-003   4.9485067676914432E-017   2.4188678876193391E-017   6.3817547167196227E-018  -5.8518797047300253E-019   1.4910161903067286E-017   2.4252619510886343E-015  -2.7442253893274815E-015  -2.8206417372134487E-015  -2.7728381622857314E-015   2.4066982329293701E-002   3.4317921022834248E-016
  -2.0028872556921524E-017   2.8023800581243094E-016   3.2116125337879479E-016  -1.5539409175512205E-018   1.8796303012810808E-016  -3.3498333352426769E-017  -3.8743989405703661E-016  -1.1719607904880993E-015   1.1019167016599240E-015  -5.6339222645777609E-014   1.1784245229818389E-015  -5.6868868865325587E-014  -1.7182186409810961E-004  -1.0186562980292040E-016   4.0631181999052121E-017  -1.7182186409822159E-004   1.4586698136381161E-017   3.4364372819626092E-004  -5.2330795101613973E-014  -2.2232711107046166E-018  -9.1828116208045905E-018  -7.1034661685967290E-018  -3.1763940533524339E-018  -2.7181380546730926E-018   6.1524063404587371E-018   1.6973066402247749E-017   4.7331800485518443E-018  -4.7157422462426918E-018   2.4296709824645354E-017  -1.7557949739168798E-003  -9.3686338534895833E-016   1.7551028239893877E-016  -1.7557949739196923E-003   1.0485682904878856E-016   3.5115899478365838E-003  -3.1768771144398231E-014  -2.5005666515104888E-018   2.3856590383766784E-017  -5.9472444119355510E-017  -1.2033491164642527E-002  -6.4386056991328319E-015   1.2243966072887627E-015  -1.2033491164660452E-002   6.6959436788110610E-016   2.4066982329302964E-002
  -3.3654247927597325E-015  -1.2281051883623072E-015  -6.5965419998887408E-015   3.9491538405502754E-015  -1.0789938633179669E-017   6.8186146939204152E-015  -1.2892771482594919E-014   2.2281617984524590E-014   2.7628678145234439E-016   1.0188859300145032       -2.2837649974576619E-002  -7.4696295580262504E-003  -4.9937737537209862E-014   2.4115897341636907E-016  -1.6129940479106690E-015  -4.5576406218005432E-014   1.2764974296404034E-016  -5.2330795101613973E-014  0.97560866571106797        2.8045141363810843E-017  -5.8182682156481707E-017  -9.3587498902850382E-017  -5.2981227677300887E-016  -1.0355312307404790E-017   2.4680245530190159E-016  -1.3191561278902770E-016   1.3629215956618448E-016   5.8200664588166347E-016  -6.4875374002731967E-017   5.2022203373779686E-015  -5.4329220245535240E-015   1.4284142270840740E-015  -2.1746353778589513E-014   3.1450332835548314E-016   5.2164557908863455E-015  0.52906069768778008       -1.2383111578966464E-016  -4.1921765076001583E-016   3.8967226841805016E-015   1.0573450718640726E-013  -3.6240067889793329E-014   4.2739251947591960E-015  -1.3791869711960879E-013   2.0585966407902905E-015   7.1748953705969979E-014
   2.2484142217089477E-014   8.0149826390062611E-017   1.2508523282054266E-016   7.3168628320617422E-015   2.7121611389872721E-017   4.0731356527157762E-017  -6.9644367417718974E-014   1.4135160391038708E-015  -3.4632526615254660E-016   2.6769136523179903E-017  -6.2498905695875047E-019  -4.1863453714288778E-016   6.4054910681935317E-018   1.1213830519029950E-017  -7.6926993830220521E-018  -4.1822199574590843E-018  -6.9134224171141069E-018  -2.2232711107046166E-018   2.8045141363810843E-017   3.6337516019652376E-027  -1.0095414070397554E-029  -2.6610220061504392E-030   1.5943692678078873E-027   7.1604566015798811E-030   1.5356710699800283E-027   2.5679537917891497E-029   1.2641462409911131E-030   4.9450956651253574E-029   2.7571141103481666E-030   6.5455750244813006E-017   1.1459069756401611E-016  -7.8609337545847566E-017  -4.2736824092011007E-017  -7.0646145042207710E-017  -2.2718926152752822E-017  -5.8536518922103042E-021   5.5675393633485452E-016   2.5043547009125679E-018   3.1102301971143409E-018   4.4860658786865672E-016   7.8535715568782077E-016  -5.3875582449444080E-016  -2.9290048254860443E-016  -4.8417940295446762E-016  -1.5570610532002093E-016
   2.9784185909877339E-016   9.6003401667351683E-015  -1.8719407395028125E-016   9.7682373978783278E-017   3.1260641454733238E-015  -6.1516580752798867E-017   2.8932187377974528E-016  -2.6713792151642040E-014  -3.7865657568538967E-016  -5.3393889352049158E-017   1.2698307986428428E-018   1.2240808762646142E-015   8.2084787367409013E-018  -2.6305669209437686E-018   4.3087775092263260E-018   9.7433288399811844E-019   4.1681388218231455E-018  -9.1828116208045905E-018  -5.8182682156481707E-017  -1.0095414070397554E-029   5.8036066127747922E-028   1.5825092920079439E-030  -5.9472005890573162E-031   1.4372112439550587E-031  -2.8731742826633684E-030   1.4267419101917949E-027  -2.1657381999162264E-030   5.7009589492070380E-028   7.0407997354528298E-030   8.3879928699196921E-017  -2.6880957220324600E-017   4.4030076929764655E-017   9.9564091548200593E-018   4.2592933282206846E-017  -9.3836337854156903E-017   1.2941518095460498E-017   7.7541670071521371E-018   2.3866972190977342E-016  -4.9350556719099376E-018   5.7487827217173259E-016  -1.8423094154683139E-016   3.0176390158509582E-016   6.8237102495622923E-017   2.9191431456496422E-016  -6.4311537466745266E-016
  -1.3835116509685328E-017  -1.1251928229311120E-016   7.6819393667163677E-015  -4.3721139485532752E-018  -3.6968050390197024E-017   2.4986176349346228E-015   2.5102521092940588E-016  -2.1392032286002204E-016  -2.5816546804276779E-014  -9.4664556793688556E-017   2.1523139104059761E-018   5.1117746318652328E-016  -1.1951660217541165E-017   1.9095142904911075E-017   1.1461400709586772E-017   1.9055126386097788E-017  -5.1285499090414961E-018  -7.1034661685967290E-018  -9.3587498902850382E-017  -2.6610220061504392E-030   1.5825092920079439E-030   4.7590090707262553E-028  -6.9326672684205700E-030   1.6739732693317321E-030  -8.1110987607720070E-031  -2.2392987855812644E-029   4.4876984711070355E-028  -6.0121368481277338E-030   1.0615842969663180E-027  -1.2213035314271857E-016   1.9512741358447726E-016   1.1712054147251268E-016   1.9471849704173962E-016  -5.2407079861533014E-017  -7.2588143899089819E-017  -3.2190211383566247E-017  -2.7748595269530496E-019  -2.9621015846859864E-018   1.8958845605589801E-016  -8.3703083065465709E-016   1.3373224335582427E-015   8.0269565749083344E-016   1.3345198890262424E-015  -3.5917640832037521E-016  -4.9748905837162917E-016
   8.4088557873969861E-015   1.3727557320878407E-016   1.5060942014943082E-017   2.7321026445213759E-015   4.5214081722862101E-017   5.0843792114292132E-018  -3.2979158552809825E-014   4.4074000664123644E-016   2.4635863319242258E-016  -5.5086779072633640E-016   1.2371583023600309E-017   4.1027146095182053E-016  -2.1830489732106074E-018  -4.1000120495502756E-018   4.6401275383002309E-018   5.3594430266069409E-018   2.2953820131499628E-018  -3.1763940533524339E-018  -5.2981227677300887E-016   1.5943692678078873E-027  -5.9472005890573162E-031  -6.9326672684205700E-030   7.0950467842242607E-028   3.2809124217900304E-030   6.7747664501502051E-028   2.2680709748473921E-029  -6.1028673282484982E-030   2.7224921247958719E-029  -1.1505303222138827E-029  -2.2307908455831821E-017  -4.1896766673839690E-017   4.7416041333409641E-017   5.4766505872233723E-017   2.3455805366168750E-017  -3.2458597416443823E-017  -2.7254013822855117E-016   2.0605262371988046E-016   3.6700311256995649E-018   4.6457142541185477E-019  -1.5288916034762796E-016  -2.8714307711681176E-016   3.2496989849284017E-016   3.7534693647150897E-016   1.6075637009231688E-016  -2.2245777612392930E-016
  -5.8951635163218712E-018  -1.8578692857233121E-017   1.5279946118562630E-017  -2.0643314158033309E-018  -6.1024919381935752E-018   4.9165966946436074E-018  -2.1510698447088235E-016  -3.2904536844952084E-017  -1.3666168932520158E-016  -9.3533837202825786E-018   2.2413281647730870E-019   2.4270367719467238E-016   3.4440879523665530E-018   4.1711345346533131E-019  -9.0485735155158582E-018  -7.2594989770925150E-019   3.1482986285539895E-018  -2.7181380546730926E-018  -1.0355312307404790E-017   7.1604566015798811E-030   1.4372112439550587E-031   1.6739732693317321E-030   3.2809124217900304E-030   3.7148694140987486E-031   2.9326016139697695E-030  -2.8167049637431201E-031   2.4142383723946933E-030  -1.1781872038086012E-031   4.0843912357239444E-030   3.5194079334685193E-017   4.2623545553586480E-018  -9.2464599793933644E-017  -7.4182595352237585E-018   3.2171498880100767E-017  -2.7775819799486755E-017   3.2066388473242277E-018  -2.1895608316099759E-019  -4.8833341544047659E-019   3.5042674423567022E-019   2.4120563563123074E-016   2.9212411838749525E-017  -6.3371405043957219E-016  -5.0841676790372787E-017   2.2049012172718609E-016  -1.9036395884087350E-016
   9.0378504708045867E-015  -8.4121876406443804E-018   1.9269627028305702E-017   2.9397269579176852E-015  -2.4981969526891906E-018   6.1461098047989318E-018  -3.0233485314215010E-014   4.0883527889679722E-016  -2.5909419070449625E-016   2.5976920461516666E-016  -5.8025454677284583E-018   3.3329879803675307E-016  -6.4015540851982443E-018  -1.0944920347128275E-017   5.6807117123190021E-018   2.4914774467395170E-019   6.9799474758926820E-018   6.1524063404587371E-018   2.4680245530190159E-016   1.5356710699800283E-027  -2.8731742826633684E-030  -8.1110987607720070E-031   6.7747664501502051E-028   2.9326016139697695E-030   6.5162590750812794E-028   1.3263003130151671E-029   6.9927206962869026E-031   2.2193168343898747E-029   3.6089799906772692E-030  -6.5415519421896577E-017  -1.1184278692517500E-016   5.8049452117756032E-017   2.5459644510413784E-018   7.1325944231487757E-017   6.2869554970813914E-017   1.4602593537339744E-016   2.2309575633637834E-016  -8.8598958538485894E-020   4.1479651754215184E-019  -4.4833086247969528E-016  -7.6652411488028861E-016   3.9784688961324981E-016   1.7448985321294187E-017   4.8883846489457569E-016   4.3088187715838977E-016
   4.9577639026116611E-016   2.6997796540607269E-014  -3.8392389380224303E-016   1.6167962284999558E-016   8.8006041176058493E-015  -1.2503985406802531E-016  -9.8793600508511076E-016  -5.9805014814711335E-014   1.0259167238900275E-015  -1.4188551465624301E-016   3.1394531543502137E-018  -6.8276049040739576E-016  -1.7153516654235156E-017  -2.3143588285861484E-018  -1.2451072323680937E-017   1.8045025211996331E-019  -2.1942881069450144E-018   1.6973066402247749E-017  -1.3191561278902770E-016   2.5679537917891497E-029   1.4267419101917949E-027  -2.2392987855812644E-029   2.2680709748473921E-029  -2.8167049637431201E-031   1.3263003130151671E-029   3.5744495198594797E-027  -2.9257948952271036E-029   1.4167774531592074E-027  -3.2070339311257227E-029  -1.7528652994574616E-016  -2.3649723627274154E-017  -1.2723369240889970E-016   1.8439658267023226E-018  -2.2422757719018238E-017   1.7344256411910981E-016  -9.6399183840013735E-017   1.2447737576419481E-017   6.7597057108644203E-016  -9.5578134934927161E-018  -1.2013412389931083E-015  -1.6208540549597588E-016  -8.7200700320477887E-016   1.2637777652103305E-017  -1.5367628960501943E-016   1.1887034613410043E-015
   2.0375076660344375E-017  -1.2034358193055336E-016   6.9855839580463752E-015   6.7959179197674709E-018  -3.9356393560464275E-017   2.2711588214710061E-015   2.0142173959927127E-016   6.2808025784287807E-017  -2.5016802612398109E-014   1.4384114688513213E-016  -3.2092054720207545E-018   2.4853569455692999E-016   1.0775530644568380E-017   6.7710262504694388E-018  -1.2360640662849519E-017  -1.5508710693136815E-017   6.2009623371684274E-018   4.7331800485518443E-018   1.3629215956618448E-016   1.2641462409911131E-030  -2.1657381999162264E-030   4.4876984711070355E-028  -6.1028673282484982E-030   2.4142383723946933E-030   6.9927206962869026E-031  -2.9257948952271036E-029   4.2936954111595310E-028  -9.4969250041256861E-030   1.0052279888467436E-027   1.1011184546469978E-016   6.9191042253374267E-017  -1.2630959898002496E-016  -1.5847876188455487E-016   6.3365733821093931E-017   4.8366916419839384E-017   8.2984664369736072E-017   5.8725513346423128E-019  -3.0768868211121329E-018   1.7192082137894027E-016   7.5466095939789052E-016   4.7420673142192352E-016  -8.6567364977968777E-016  -1.0861477616983137E-015   4.3428248138560408E-016   3.3148680230041895E-016
   1.8357996322228188E-016   1.0079888703965287E-014  -1.8216157667619450E-016   5.9102231547001256E-017   3.2840025053049559E-015  -5.9509947896522181E-017  -1.5905945521169105E-015  -2.5188915100593092E-014   1.9584436957341242E-016   6.0451058250801604E-016  -1.3582542251462925E-017  -5.5460374468187566E-016   6.2153210745764904E-018   7.9839333044260983E-018   7.3154120636801933E-018  -1.4995788283523825E-018  -9.3425281871542750E-019  -4.7157422462426918E-018   5.8200664588166347E-016   4.9450956651253574E-029   5.7009589492070380E-028  -6.0121368481277338E-030   2.7224921247958719E-029  -1.1781872038086012E-031   2.2193168343898747E-029   1.4167774531592074E-027  -9.4969250041256861E-030   5.6617660054247168E-028  -9.3626969026680883E-030   6.3512461358370071E-017   8.1585367738934992E-017   7.4753954049998537E-017  -1.5323736496552674E-017  -9.5468432499894382E-018  -4.8188724861766210E-017   2.9561089441628895E-016   4.2262289952098282E-018   2.5148572301712667E-016  -4.6259053460564373E-018   4.3528809112346461E-016   5.5915230219630423E-016   5.1233262365238271E-016  -1.0502253992078767E-016  -6.5430107504334091E-017  -3.3026555120263186E-016
   5.5914539801681664E-017  -2.4015068468683720E-016   1.9721193445619460E-014   1.8563846079970369E-017  -7.9229437985207103E-017   6.4220595931431273E-015   4.1531600150802594E-016  -9.8161324609094118E-016  -5.4169421095547623E-014  -6.8113767374654956E-017   1.5231511010662897E-018  -5.9370740882862329E-017  -3.1031647900796555E-017  -6.8847993101700641E-018  -2.3286378580056769E-018   6.7349380761883929E-018   3.8139717030675719E-018   2.4296709824645354E-017  -6.4875374002731967E-017   2.7571141103481666E-030   7.0407997354528298E-030   1.0615842969663180E-027  -1.1505303222138827E-029   4.0843912357239444E-030   3.6089799906772692E-030  -3.2070339311257227E-029   1.0052279888467436E-027  -9.3626969026680883E-030   2.4084871266268382E-027  -3.1710290016149204E-016  -7.0353654284096939E-017  -2.3795636653024876E-017   6.8822268259259036E-017   3.8973808031530152E-017   2.4828063190224065E-016  -3.7357998444178633E-017   1.5686014904285048E-018  -6.4862273063091845E-018   4.9050063658922869E-016  -2.1732918729472628E-015  -4.8217479250397332E-016  -1.6308543290934570E-016   4.7167930728329886E-016   2.6711032983162193E-016   1.7016125656639655E-015
   9.1886655897922613E-017   1.0399750670520719E-015  -1.4751729251633805E-016  -4.5557429590530779E-017  -7.1351577825128123E-016   6.0279297089760709E-016   1.3348501116408704E-016   7.5344161583187796E-016   1.3002447771150190E-015  -1.1520936088573651E-014  -9.7289956129919484E-015  -7.7725759692663307E-014   3.5115899478380184E-003  -8.7380700524443493E-017   1.1319286244018563E-016  -1.7557949739179202E-003   3.5491304184136965E-016  -1.7557949739168798E-003   5.2022203373779686E-015   6.5455750244813006E-017   8.3879928699196921E-017  -1.2213035314271857E-016  -2.2307908455831821E-017   3.5194079334685193E-017  -6.5415519421896577E-017  -1.7528652994574616E-016   1.1011184546469978E-016   6.3512461358370071E-017  -3.1710290016149204E-016   3.5883861540184747E-002  -2.3968709022390696E-016  -1.0737233161369183E-016  -1.7941930770092634E-002  -1.7646975896999771E-016  -1.7941930770090021E-002  -1.5529397565644706E-014  -9.2711796717157984E-017  -2.2621891188026215E-016   3.5480201029104491E-016  0.24593311702774898       -2.6934658282324415E-015  -4.6510483842528269E-016 -0.12296655851388343       -6.8868331413864975E-017 -0.12296655851386444     
  -4.5283787183457459E-016  -7.6535196770163452E-017  -1.4628817336475412E-016   4.1213285833654575E-016   6.8712280313792802E-017   3.7709000345630724E-017  -7.4496653794016790E-016  -3.7207908632073419E-016  -3.1741914251732166E-016   1.6126047189043299E-015   4.4433003330493112E-015   6.4716904947456667E-016  -6.9395833589472076E-016   3.5115899478348990E-003  -1.5003986932615848E-016  -5.8903822587471582E-016  -3.9029457088641568E-016  -9.3686338534895833E-016  -5.4329220245535240E-015   1.1459069756401611E-016  -2.6880957220324600E-017   1.9512741358447726E-016  -4.1896766673839690E-017   4.2623545553586480E-018  -1.1184278692517500E-016  -2.3649723627274154E-017   6.9191042253374267E-017   8.1585367738934992E-017  -7.0353654284096939E-017  -2.3968709022390696E-016   3.5883861540191998E-002   4.6506343968996386E-017  -3.5534863846065405E-016   4.0758547795519124E-016  -1.5347569965800756E-016   3.3918108300333270E-015   1.6436493554069305E-016   5.4888674761424787E-018   2.7722805320275057E-017   8.8184176622168850E-016  0.24593311702776827       -3.1197409293502126E-016  -1.2550546471773262E-015   9.9686629936000803E-016  -2.5443514482803639E-016
   2.3978437548192161E-016   8.8303895806827115E-017  -6.2073818036629774E-017  -2.2125334465728780E-016  -4.1261336844088692E-017   9.7689250640909564E-017   1.0698437435156960E-015  -5.4488133779528281E-016  -4.1336178157900859E-016   8.4789022928906555E-016  -1.0123050820632263E-016   1.8621167158837968E-016  -8.4188783421391574E-017  -1.3561103364659020E-017   3.5115899478352914E-003  -4.0769633339221003E-016  -4.0646315930007929E-016   1.7551028239893877E-016   1.4284142270840740E-015  -7.8609337545847566E-017   4.4030076929764655E-017   1.1712054147251268E-016   4.7416041333409641E-017  -9.2464599793933644E-017   5.8049452117756032E-017  -1.2723369240889970E-016  -1.2630959898002496E-016   7.4753954049998537E-017  -2.3795636653024876E-017  -1.0737233161369183E-016   4.6506343968996386E-017   3.5883861540190173E-002   1.1567664262855112E-016  -1.7626670929067262E-016  -1.6163728562129940E-016   1.0688197892543851E-016  -7.6493571893209643E-017  -3.6772288105327250E-017   2.4602059708751473E-017  -3.0038212941446521E-016   8.3317040603953094E-016  0.24593311702776249        5.5179791942291826E-016   8.2298398781585615E-016  -3.0212987602203030E-016
  -1.8044105394295795E-017   9.1560986550789099E-017  -4.9650035957256964E-016   1.5557235630063494E-017   9.3453651566610535E-017   6.1100245083696566E-016  -1.0559785613513699E-015  -2.8461492332340094E-016   1.8084162290544734E-016   7.0741057278603608E-015   1.0647245518788155E-014  -6.8893030141924503E-014  -1.7557949739184723E-003   1.3322089195789610E-016  -3.5206756369523078E-016   3.5115899478356640E-003  -4.1840534447452026E-016  -1.7557949739196923E-003  -2.1746353778589513E-014  -4.2736824092011007E-017   9.9564091548200593E-018   1.9471849704173962E-016   5.4766505872233723E-017  -7.4182595352237585E-018   2.5459644510413784E-018   1.8439658267023226E-018  -1.5847876188455487E-016  -1.5323736496552674E-017   6.8822268259259036E-017  -1.7941930770092634E-002  -3.5534863846065405E-016   1.1567664262855112E-016   3.5883861540183373E-002  -2.0670568528320599E-017  -1.7941930770092953E-002   1.4587970472246447E-014   1.1337146017089270E-016   8.1636660171413784E-017   3.2478648257029997E-016 -0.12296655851386619       -1.2034601762941212E-015   3.0208752437466049E-016  0.24593311702774304       -7.8101689341119399E-016 -0.12296655851387782     
  -3.3239605160394708E-017   3.4989361960411186E-018  -3.6681830344731764E-016   5.7977280184237445E-017  -4.0611508491922132E-018   2.8489293742607609E-016  -5.3742067342543496E-016   1.6510545924159305E-017  -6.0894786058439137E-016   6.1699540168901818E-017   1.0160724923588751E-016   3.0251584187344939E-016   5.2872952966108026E-017  -8.9077372865051216E-017  -5.4565767170915472E-016  -3.9498787456803483E-016   3.5115899478357112E-003   1.0485682904878856E-016   3.1450332835548314E-016  -7.0646145042207710E-017   4.2592933282206846E-017  -5.2407079861533014E-017   2.3455805366168750E-017   3.2171498880100767E-017   7.1325944231487757E-017  -2.2422757719018238E-017   6.3365733821093931E-017  -9.5468432499894382E-018   3.8973808031530152E-017  -1.7646975896999771E-016   4.0758547795519124E-016  -1.7626670929067262E-016  -2.0670568528320599E-017   3.5883861540191284E-002   5.4004703134565690E-017  -1.4886265784140814E-016   5.8232043587958973E-017  -4.5813802665599747E-018   1.5087030593477026E-016  -1.2826671801039881E-015   2.0851748875738013E-015  -1.5648154430211725E-015   8.2643649410886477E-016  0.24593311702776566        4.1129548226416512E-016
