   1.1418298017361594       -1.0990617398977135E-014   6.5659597633652679E-015  -2.2466472174276157E-002   2.1690080715643369E-015  -8.9548929979993778E-015   9.9800368584346988E-002   5.2225825240374920E-015  -1.7274901164301762E-015   5.1943656996877640E-014   1.2490018556905170E-014  -6.6567377342881421E-014   3.2874488722020469E-017   3.4988250919735016E-017  -2.1035238011001195E-016  -5.6207485670351739E-017   5.6424178556903034E-017   1.0707204134469200E-017  -6.3204297300270728E-014  -1.0044327686812443E-014   4.0099854969017682E-016   3.4306692593028639E-016  -5.0438058419494971E-015  -2.3371155559604010E-016  -6.8435469182887851E-015   1.7572649852495616E-015   4.2409558872162155E-016   6.7650316863407854E-016   7.9838484442538847E-016   2.7455741856629830E-016   8.3635702938279815E-017  -2.3231461154336305E-016  -3.8820249209336924E-016   1.3529840724613728E-016   1.0081795011432015E-016  -2.9676082397569972E-014   6.3215245760867705E-003   1.8985420078325403E-015  -3.7077366814160117E-016   1.5557050410843567E-015   3.2315521072574166E-016  -2.3672075156374912E-015  -2.5385324206230000E-015   8.1950292331490236E-016   9.7411716962883784E-016
  -1.0990617398977135E-014   1.1418298017360429        4.7073737332501984E-015  -9.1715302566714149E-015  -2.2466472174228536E-002  -1.6507519079785075E-014   1.8485090645818050E-015   9.9800368584396351E-002  -1.0366542823833511E-015  -5.3667410268692642E-015   1.4042504811092961E-016   2.1728026357699677E-015   3.9974355560828967E-016  -4.8822433890083938E-017  -1.7066657472681362E-017   3.7262418407404618E-016   1.5155334393983255E-017  -3.4374272069707215E-018   2.7122268206206640E-015   1.1768093338212926E-016   3.1028601222600676E-015  -4.1694549065163325E-016  -4.2894156649534718E-017  -1.3581190769612392E-016  -1.2230537176814867E-016   9.8621770905691184E-015  -6.7806816792228575E-016   2.2908286316058589E-015  -8.7347099112204251E-016   9.2128662480460137E-016   5.3468099941097586E-018  -4.7957708638604015E-017   6.6812349420522743E-016   3.0915652076407491E-017  -1.0887442270062703E-015   4.6688970328736944E-015   6.5275452909903030E-016   6.3215245760409496E-003  -6.6667541667981585E-016   5.3382452169088379E-015  -2.9255274127031153E-016  -3.6739788812693404E-016   3.7386322238533640E-015   2.4440369149064943E-016  -9.5219313421434813E-015
   6.5659597633652679E-015   4.7073737332501984E-015   1.1418298017364719       -1.8865147647997949E-015   9.7296116788066002E-016  -2.2466472174315022E-002  -4.5601882573595539E-015  -1.7407303497477914E-015   9.9800368584260807E-002  -1.6460720702565495E-014   1.7381815955564808E-014   2.6477924690937714E-014   5.7719207508736707E-016  -3.8319608470078305E-016  -2.5245099135569869E-016   6.1201477548024874E-016   1.2527190822282251E-016   1.7752824799372939E-015  -2.3748425567092111E-014  -7.1601415693215792E-016  -2.5794900967177512E-018  -1.1931153575669214E-014  -1.7367520553789281E-017  -2.0585270296926065E-016  -4.3305236731910914E-016   9.6127484554578101E-017  -1.1435385523294856E-014  -3.7447131961508391E-016  -3.3028117140249779E-014   9.3153651367876624E-016   5.6459214186362406E-017  -4.2896275961494976E-016  -3.2472505743387537E-016   5.6010173124884615E-016   1.9551260809750626E-015   2.7066138040868087E-014  -1.9016393744641919E-015  -7.5175579763484165E-016   6.3215245760035264E-003   1.2238333745182592E-015  -7.5572097269753630E-016  -4.4564115508347078E-015  -8.3604467760332636E-015   4.4411576505188522E-015   6.9541551425116308E-015
  -2.2466472174276157E-002  -9.1715302566714149E-015  -1.8865147647997949E-015   2.0002317535390279       -1.2807023669659162E-015  -3.4114845531861760E-015  -1.4979595911229250E-003   5.2850520030557874E-015   3.9344312687680092E-015   2.4361472477927646E-014   1.9026586140675471E-014  -4.2200430405011902E-014   1.6494130645031665E-015   1.9044031854880848E-016   5.9467406688918975E-016  -6.5780307194338467E-016  -9.2626795885316046E-016  -9.8863593761053161E-016  -6.5435375436132256E-014   1.7675128733577319E-014   4.4951818330892271E-016   3.6581171850666765E-017   8.8178802015170209E-015  -9.1493849853504123E-016   7.0563682875525987E-015   1.3390035706695532E-015   4.3104582051339061E-016  -2.0909966971902944E-016   4.4748334880871937E-016  -9.8615482717861686E-016  -8.3900672407030506E-017  -6.2140127302808407E-016   1.0945752466664955E-015   3.4978385632921360E-016  -1.1567779955443661E-016   3.9928390385224775E-015  -8.9791752130218602E-005   2.6265593999440232E-015   1.4812981726743692E-015   1.6483257943829704E-015   4.2145457336987267E-016  -1.5820420346322948E-015  -3.5775861883139918E-015   1.3631991822013107E-015   1.9182924613968551E-015
   2.1690080715643369E-015  -2.2466472174228536E-002   9.7296116788066002E-016  -1.2807023669659162E-015   2.0002317535390270       -1.3194604981154390E-014  -5.1923085199451091E-015  -1.4979595911298205E-003   2.2396782218309443E-016  -4.1992488264252586E-015  -3.7846392811891116E-015   8.3606259047649629E-016  -1.8206601975003768E-016   6.0428478189779459E-016  -2.0813002569038605E-016   1.6002668088982577E-016   3.7821366150177071E-017   7.7631269526066735E-016   6.0314178885070043E-015  -1.1643262415913034E-015  -1.0854041450987448E-015   2.1169120941441546E-016   4.2558533998309701E-016   7.7332866150753057E-017  -9.3183031532797517E-016  -7.4035043506793622E-016  -2.6759200512105742E-016  -1.7497207904863119E-015  -4.3998226674276708E-016   9.8918492128583986E-016  -3.9399797093986250E-016   1.6546975222816213E-016   3.8702989116106290E-016   1.6675689677471695E-017  -1.2543891718880380E-015   1.6049304775615666E-015  -1.1755408227602011E-015  -8.9791752117906348E-005   6.5565335043896254E-016   4.1270703274490977E-015  -1.7927312527806413E-017  -7.6279085012115729E-017   3.9305718809158256E-015   6.1618661080152390E-017  -7.7218752800382558E-015
  -8.9548929979993778E-015  -1.6507519079785075E-014  -2.2466472174315022E-002  -3.4114845531861760E-015  -1.3194604981154390E-014   2.0002317535388898        6.9610802213776098E-015   1.4530194560048495E-014  -1.4979595910429671E-003   1.1825448612459746E-014  -4.1461333335999393E-014   1.8137847815487244E-014  -5.1199853168086942E-016   5.2801515431244820E-016   1.3798166427269863E-015  -3.8014007017151095E-015  -6.2229411794066860E-016  -5.1095023266124071E-016   8.6952663696416269E-014   6.1735434236639563E-016  -1.3279914764531221E-015   1.9944684896284674E-014  -1.5884472920641286E-015   5.5183371477217565E-016   1.3120909531483405E-015  -1.3589467317595437E-015   1.7713214643335392E-014  -5.0864282370443619E-016   3.8383467277221383E-014  -3.8059128132704744E-015   2.6170694013902675E-016  -1.5237119584009990E-015  -8.2153218715252941E-016   1.0990642001011107E-015  -1.4162459373259972E-015  -4.8063517808493732E-014   4.5808890985262914E-015   1.3990832128313851E-014  -8.9791752069117535E-005   1.5886855599220124E-015  -1.1713893145760626E-015  -2.0492669036483969E-015  -6.7193003726724060E-015   2.6325174120343430E-015   3.2325458719838345E-015
   9.9800368584346988E-002   1.8485090645818050E-015  -4.5601882573595539E-015  -1.4979595911229250E-003  -5.1923085199451091E-015   6.9610802213776098E-015   8.7230490780196932E-003   7.0220851424977267E-016  -5.9700375246289164E-016  -4.6964707129381305E-014   8.6216489524685144E-016   4.9643214319110921E-014  -1.1544900253835894E-017  -6.7568103406680518E-018   1.3440177901298265E-017   2.1254387418977747E-017  -5.5384290938227429E-018  -1.0812395869954362E-017   3.2544712982015129E-014  -8.7384328991515142E-016   3.5155352022241763E-017   2.9995475217722321E-017  -4.3881792293785964E-016  -2.0641435103178629E-017  -5.9654075283013216E-016   1.5391166870472253E-016   3.7169927236640287E-017   5.9083415841333990E-017   6.9889807736056936E-017  -1.1957307977298565E-016  -8.8184134917581876E-017   2.8640658385392096E-016   2.2120151841206431E-016  -8.7394828657070109E-017  -1.0275132797226516E-016   3.6737037997272699E-014   5.5253390582768924E-004   1.8203251871387437E-016  -6.0353186742543021E-017  -9.1160065060761138E-016  -6.6966848837722257E-016   2.0361368982989754E-015   1.6406830686348757E-015  -6.5404643531784764E-016  -7.2984631832210300E-016
   5.2225825240374920E-015   9.9800368584396351E-002  -1.7407303497477914E-015   5.2850520030557874E-015  -1.4979595911298205E-003   1.4530194560048495E-014   7.0220851424977267E-016   8.7230490780292099E-003  -2.7497965069641104E-016   4.4320595474592500E-015   3.4006033200764805E-017  -2.7042165853827504E-015  -4.7289243822708559E-017  -1.6776901645393976E-018   1.6288688298326736E-018  -2.7071501655083670E-017  -2.3076518399006970E-018   1.4174742071031507E-016  -3.4016062254744197E-015   1.0015170366201000E-017   2.7096350643213741E-016  -3.6395271819169366E-017  -3.6502053336522072E-018  -1.1853102833981581E-017  -1.0907524243801445E-017   8.6186544102290861E-016  -5.9331218776972224E-017   1.9983037150265829E-016  -7.6451226427971301E-017  -7.1511789936144466E-016   2.4091616109222360E-017   2.6535088105459135E-017  -5.1942232624592705E-016  -3.2553515740027878E-017   1.2783310370937378E-015  -3.2672594404847573E-015   9.1119542915940654E-017   5.5253390582401662E-004  -6.9761268162326252E-017  -5.3510419738118326E-015   1.4781073530287550E-016   1.9223028447082990E-016  -3.8973812937617929E-015  -2.3640441152846198E-016   9.2095999763836490E-015
  -1.7274901164301762E-015  -1.0366542823833511E-015   9.9800368584260807E-002   3.9344312687680092E-015   2.2396782218309443E-016  -1.4979595910429671E-003  -5.9700375246289164E-016  -2.7497965069641104E-016   8.7230490780022801E-003   4.4814733981410950E-015   1.5340123231729270E-015  -2.1611245649935443E-014   4.6222431182597538E-017  -3.9719215717373480E-017   2.4819289363867007E-017   1.4422811078869840E-016  -3.9193134348599979E-017   6.7547484398181644E-017  -6.3152759220098001E-015  -6.2441939440992152E-017  -5.3472297491100429E-019  -1.0382393424710963E-015  -1.8879753396191660E-018  -1.7864763308064030E-017  -3.7546895670897098E-017   8.0858943920516188E-018  -9.9542466331915165E-016  -3.2850415871259220E-017  -2.8779988325425275E-015   4.0739943734975942E-017  -5.6471773589077956E-017   4.1306190496455767E-016   8.5862061636495708E-016  -4.3494903461010089E-016  -6.7683292365029080E-016  -2.6583639933187419E-015  -1.7781227242298243E-016  -7.0445724139925893E-017   5.5253390581980048E-004  -1.8361730075163171E-016  -5.1571652661296551E-016   2.9065862710556198E-015   5.7539016635957546E-015  -3.1508793171966780E-015  -5.5866747702833956E-015
   5.1943656996877640E-014  -5.3667410268692642E-015  -1.6460720702565495E-014   2.4361472477927646E-014  -4.1992488264252586E-015   1.1825448612459746E-014  -4.6964707129381305E-014   4.4320595474592500E-015   4.4814733981410950E-015   1.3121430528183471        6.1641456776396894E-003  -2.5288103046680033E-003  -3.2111383652462694E-014   1.5917301865662274E-015   2.7110677443278965E-016   1.0804957180177058E-014   5.2662787805040692E-016  -5.4723234507679442E-015 -0.97940864111834069       -3.6429989089476740E-016   1.1997253595280952E-017   1.5912840570979250E-015   1.6672737541182930E-016   9.5859385220421539E-018   9.5394324990534069E-017  -4.3220911029109516E-017   1.6978050705433946E-015   1.7479689599164913E-016   3.1259926295655740E-015  -1.0762672899142888E-014  -7.9488045654226964E-016   3.8517212562104718E-016  -1.5339589963078869E-014   1.1749171141470541E-015  -2.0389316765408981E-014 -0.96211482574274843       -3.0553294016941697E-014   2.8123076374060709E-015   2.1825104381637530E-015  -4.7814769300683560E-014   6.2978892445459770E-015   2.2758644877179420E-015   2.4732038083803182E-014   5.5151008588562115E-015  -1.1183136908869925E-014
   1.2490018556905170E-014   1.4042504811092961E-016   1.7381815955564808E-014   1.9026586140675471E-014  -3.7846392811891116E-015  -4.1461333335999393E-014   8.6216489524685144E-016   3.4006033200764805E-017   1.5340123231729270E-015   6.1641456776396894E-003   2.8997875212736808E-005   2.6643234472813914E-004   6.9653126860249580E-016   4.9206389057025062E-019  -4.3340823492878034E-017  -1.1933978450057297E-015   1.6774191650310199E-017   3.6093427536766711E-016  -4.6028657525615316E-003  -1.6749767536256628E-018   2.2057182127977362E-019   7.5329553630749976E-018   7.3013542368605216E-019   3.9870043597430036E-020   4.8317707984282754E-019  -1.6631558553819838E-019   8.2063495892378951E-018   7.4825806211774803E-019   1.5500180781011456E-017   8.1761404417593526E-015  -7.0146174683585748E-017  -4.3119247805222986E-016  -1.2083237939913987E-014   1.4463878953744368E-016   3.6720906761915696E-015  -4.5119509379794327E-003  -6.8799811183777655E-017   1.4038800480893355E-017   1.0283919740268265E-016   5.9957584147696165E-014  -4.5747365489347306E-016  -3.1540781072994295E-015  -8.7667095601332404E-014   1.0427108400193947E-015   2.7535575554417257E-014
  -6.6567377342881421E-014   2.1728026357699677E-015   2.6477924690937714E-014  -4.2200430405011902E-014   8.3606259047649629E-016   1.8137847815487244E-014   4.9643214319110921E-014  -2.7042165853827504E-015  -2.1611245649935443E-014  -2.5288103046680033E-003   2.6643234472813914E-004   1.9297229302524204       -1.8895591012795250E-014  -7.9739881218552466E-016   5.9234545110037062E-016  -2.9964064607439507E-014  -5.0114786110162765E-016  -2.1339792709504982E-014  -1.0798679924684650E-002   2.5322678229394767E-016   1.1385614395422057E-015   3.9540699619647820E-016  -3.6857679151972747E-016  -3.5813334780193634E-017   2.4274706164993536E-016   2.5473047069292473E-016   1.5946051994441573E-015  -5.0578225014406187E-016   5.6448134863343177E-015  -3.8259567553625311E-014   8.5985908363095892E-016  -1.0015227411888184E-015  -3.4899496607374010E-014  -3.9886613714237436E-016  -4.1850540355025390E-014   5.6233385479067019E-002   4.5477059641651867E-014  -1.6486980612627845E-016  -2.3160230071870995E-014  -2.1614961185685635E-014  -4.3108468080222145E-015  -1.1881386110911329E-015  -4.8861312490359078E-014  -4.9323415370089019E-015  -1.9336807413582863E-014
   3.2874488722020469E-017   3.9974355560828967E-016   5.7719207508736707E-016   1.6494130645031665E-015  -1.8206601975003768E-016  -5.1199853168086942E-016  -1.1544900253835894E-017  -4.7289243822708559E-017   4.6222431182597538E-017  -3.2111383652462694E-014   6.9653126860249580E-016  -1.8895591012795250E-014   3.3723926319321584E-004  -1.7691928365677852E-017   1.0194088173191744E-016  -1.6861963159651536E-004  -2.1358465160714388E-018  -1.6861963159664982E-004   2.1663001212277940E-014  -4.0788411561771361E-018  -1.3558637626666893E-018   2.0201163367451885E-017   1.1560635438512185E-017  -1.2731585166506271E-017  -6.0777660102357674E-018   2.1461860017135630E-017  -4.5420425839129828E-018  -9.7253707467645478E-018   8.0550071350883738E-019   3.2657005573172599E-003  -3.5739365392796925E-016   8.1901910599910073E-016  -1.6328502786581212E-003  -1.5016073033982733E-016  -1.6328502786591109E-003   2.4066255712512739E-014  -2.5010609114924374E-017  -5.7653386657119667E-017  -4.9088179731395305E-018   2.3875363398152362E-002  -2.5604434860913244E-015   6.0085624660705682E-015  -1.1937681699072489E-002  -1.0899075746599535E-015  -1.1937681699079826E-002
   3.4988250919735016E-017  -4.8822433890083938E-017  -3.8319608470078305E-016   1.9044031854880848E-016   6.0428478189779459E-016   5.2801515431244820E-016  -6.7568103406680518E-018  -1.6776901645393976E-018  -3.9719215717373480E-017   1.5917301865662274E-015   4.9206389057025062E-019  -7.9739881218552466E-016  -1.7691928365677852E-017   3.3723926319299011E-004   2.5651852968849434E-017  -8.6761691493541744E-017   1.9137358450476000E-017   2.4750244712725951E-017  -9.2439975657723354E-016   2.1428390904572333E-017  -4.4590474651558034E-018  -1.0639693166870247E-017  -2.7897933843896576E-017   6.1457974802473410E-018  -8.5126905131118753E-019   1.3841911270817793E-017   4.9582441764887777E-018  -8.3195464064741155E-018   1.1887249602529308E-017   1.7621060659280902E-016   3.2657005573162555E-003   9.8261847065080466E-017  -3.9137095123904944E-016   1.4552552286134618E-016   2.0918424430755294E-016  -1.3388086177713417E-015   1.8774714694807117E-018   1.9506780791548106E-019  -4.3027976197104316E-018   1.3566092388719274E-015   2.3875363398144410E-002   5.6071020157057962E-016  -2.9800132626404104E-015   1.1665068154880971E-015   1.6701197966336618E-015
  -2.1035238011001195E-016  -1.7066657472681362E-017  -2.5245099135569869E-016   5.9467406688918975E-016  -2.0813002569038605E-016   1.3798166427269863E-015   1.3440177901298265E-017   1.6288688298326736E-018   2.4819289363867007E-017   2.7110677443278965E-016  -4.3340823492878034E-017   5.9234545110037062E-016   1.0194088173191744E-016   2.5651852968849434E-017   3.3723926319307121E-004   4.3345566080064084E-017  -1.2382684245069662E-016  -4.4145548580485397E-017  -3.4529251192948611E-016   6.1732775799733045E-018   6.4449410838063919E-018  -1.6027462904286179E-018   4.3894717696386775E-018  -1.4633574103536890E-017  -1.2671792757482112E-017  -1.1837094142802860E-018   6.0101425925039923E-018  -1.8313140492769015E-018   9.9114725257275832E-018   1.9646447461574755E-016   1.8391510082138471E-016   3.2657005573166827E-003   1.6091002842672984E-016  -6.7904153479134294E-016  -2.4946717913274427E-016  -8.8464318414174737E-017   1.6764096551584213E-017  -5.4342677606918028E-019   2.9099078289149191E-017   1.1587061317348104E-015   1.2471049915044394E-015   2.3875363398147234E-002   9.9367594976417294E-016  -4.8871811323240470E-015  -2.1189944117634955E-015
  -5.6207485670351739E-017   3.7262418407404618E-016   6.1201477548024874E-016  -6.5780307194338467E-016   1.6002668088982577E-016  -3.8014007017151095E-015   2.1254387418977747E-017  -2.7071501655083670E-017   1.4422811078869840E-016   1.0804957180177058E-014  -1.1933978450057297E-015  -2.9964064607439507E-014  -1.6861963159651536E-004  -8.6761691493541744E-017   4.3345566080064084E-017   3.3723926319298116E-004  -4.1476185872163527E-017  -1.6861963159647196E-004  -4.9573492653558505E-015   5.1506600088791204E-018   8.1013700049578212E-018  -3.0972769230046852E-018  -1.5051048645179927E-017   1.6899933560597274E-017   8.1510269944703238E-018   1.1319919200567513E-017   1.1458834277870918E-017  -1.0325006505070144E-018   3.8052616567203004E-017  -1.6328502786583088E-003  -4.0020174617021180E-016   2.9193183756510425E-016   3.2657005573161146E-003  -3.7748640040252348E-016  -1.6328502786578261E-003  -9.8961400802126989E-015   2.6136935610623535E-017  -5.3692441928766597E-017   7.1503508906619335E-017  -1.1937681699073183E-002  -3.1617161764470241E-015   2.0966602308220731E-015   2.3875363398144053E-002  -2.8132740328800031E-015  -1.1937681699070880E-002
   5.6424178556903034E-017   1.5155334393983255E-017   1.2527190822282251E-016  -9.2626795885316046E-016   3.7821366150177071E-017  -6.2229411794066860E-016  -5.5384290938227429E-018  -2.3076518399006970E-018  -3.9193134348599979E-017   5.2662787805040692E-016   1.6774191650310199E-017  -5.0114786110162765E-016  -2.1358465160714388E-018   1.9137358450476000E-017  -1.2382684245069662E-016  -4.1476185872163527E-017   3.3723926319305820E-004  -4.7804858298438782E-017  -1.7339927697083800E-016   2.8675049814961005E-020  -4.9979948011312804E-018  -2.2541581438269191E-018  -5.2816300198400818E-018   1.0288746279426731E-017   5.2431584030060259E-018   4.4539153263072639E-018   4.8410357231749249E-018  -1.5636823994465781E-018  -8.9451766091437356E-018   1.1074381391132701E-016   1.1603041123292777E-017  -5.2410235741509258E-016   5.2744741625461048E-018   3.2657005573166371E-003  -8.7973831209850595E-017  -5.3364767137938189E-016  -2.9736178984471128E-018   2.1975160969229160E-019  -4.3203307011885653E-017   9.5418917958731667E-016   1.6351706348948103E-016  -3.7952970062816573E-015  -1.0568959478484558E-016   2.3875363398146728E-002  -7.7499448915622518E-016
   1.0707204134469200E-017  -3.4374272069707215E-018   1.7752824799372939E-015  -9.8863593761053161E-016   7.7631269526066735E-016  -5.1095023266124071E-016  -1.0812395869954362E-017   1.4174742071031507E-016   6.7547484398181644E-017  -5.4723234507679442E-015   3.6093427536766711E-016  -2.1339792709504982E-014  -1.6861963159664982E-004   2.4750244712725951E-017  -4.4145548580485397E-017  -1.6861963159647196E-004  -4.7804858298438782E-017   3.3723926319307733E-004   3.7443586879546054E-015  -1.0718188527108703E-018  -6.7455062423232761E-018  -1.7103886444566133E-017   3.4904132066920644E-018  -4.1683483941015400E-018  -2.0732609842554797E-018  -3.2781779217701573E-017  -6.9167916941233587E-018   1.0757871397287467E-017  -3.8858117281152184E-017  -1.6328502786584606E-003  -1.4222680764212423E-017  -1.3153983596006819E-016  -1.6328502786580529E-003  -3.5760031342353955E-016   3.2657005573165066E-003   3.4854514982013234E-015  -1.1961796646627052E-018   1.1561617379310690E-016  -5.0264792947814983E-017  -1.1937681699075595E-002   7.9438779817462653E-017  -9.4480004436011773E-016  -1.1937681699072000E-002  -2.5688158509096483E-015   2.3875363398147557E-002
  -6.3204297300270728E-014   2.7122268206206640E-015  -2.3748425567092111E-014  -6.5435375436132256E-014   6.0314178885070043E-015   8.6952663696416269E-014   3.2544712982015129E-014  -3.4016062254744197E-015  -6.3152759220098001E-015 -0.97940864111834069       -4.6028657525615316E-003  -1.0798679924684650E-002   2.1663001212277940E-014  -9.2439975657723354E-016  -3.4529251192948611E-016  -4.9573492653558505E-015  -1.7339927697083800E-016   3.7443586879546054E-015  0.73113272087904713        2.7026026587018815E-016  -1.6440190971522087E-017  -1.1903844407608660E-015  -1.2202753591875820E-016  -6.9198072957537868E-018  -7.2801207786438069E-017   3.0586828073957463E-017  -1.2777788038602576E-015  -1.2714887489575885E-016  -2.3704500033135346E-015  -1.5247822638051926E-014   3.0906575743503218E-015  -1.6272903963227168E-015   3.9866758007615084E-014   1.2211440244132946E-015   1.0839945837931130E-014  0.71778338957051879        2.2368461020079233E-014  -2.1051452606220054E-015  -1.6737286037772582E-015  -1.3621556573269182E-013   1.3626595985633003E-014  -1.1534204941214362E-014   1.8793678248501134E-013   1.1235995023723565E-014  -2.5553640477021476E-014
  -1.0044327686812443E-014   1.1768093338212926E-016  -7.1601415693215792E-016   1.7675128733577319E-014  -1.1643262415913034E-015   6.1735434236639563E-016  -8.7384328991515142E-016   1.0015170366201000E-017  -6.2441939440992152E-017  -3.6429989089476740E-016  -1.6749767536256628E-018   2.5322678229394767E-016  -4.0788411561771361E-018   2.1428390904572333E-017   6.1732775799733045E-018   5.1506600088791204E-018   2.8675049814961005E-020  -1.0718188527108703E-018   2.7026026587018815E-016   2.4411909537828319E-028   1.0737362027054855E-030   9.3737466299505292E-030   1.1780612214359472E-028  -5.3438773949804460E-030   1.2174522571024589E-028  -1.6740585832452254E-030   1.2980435503401828E-029  -6.9881952396928007E-030   3.0565532982621251E-029  -3.9497992347870583E-017   2.0750462878162802E-016   5.9779741666135016E-017   4.9877090533120541E-017   2.7767859918808880E-019  -1.0379098185254322E-017   2.7423509677473789E-016  -5.5306217303063521E-017   6.3141934542570928E-019  -3.9536423850317371E-018  -2.8876772510248849E-016   1.5170553245793647E-015   4.3704651760820268E-016   3.6464876090741688E-016   2.0300934966743398E-018  -7.5881035804928188E-017
   4.0099854969017682E-016   3.1028601222600676E-015  -2.5794900967177512E-018   4.4951818330892271E-016  -1.0854041450987448E-015  -1.3279914764531221E-015   3.5155352022241763E-017   2.7096350643213741E-016  -5.3472297491100429E-019   1.1997253595280952E-017   2.2057182127977362E-019   1.1385614395422057E-015  -1.3558637626666893E-018  -4.4590474651558034E-018   6.4449410838063919E-018   8.1013700049578212E-018  -4.9979948011312804E-018  -6.7455062423232761E-018  -1.6440190971522087E-017   1.0737362027054855E-030   1.1235383982018436E-029  -1.3651653783280367E-029   9.4058318168303054E-031  -1.2370928077075952E-030  -1.5286497788190239E-030   2.9351165374470745E-029  -1.1813412843974492E-029   7.3023247586017926E-030  -2.2084083458808706E-029  -1.3129684258733232E-017  -4.3179769918182630E-017   6.2410430772430297E-017   7.8450677094234712E-017  -4.8398737006411667E-017  -6.5320992835563138E-017   2.3288282833356277E-017   2.2279641898851233E-018   1.7160679920915470E-017  -3.7251511199118037E-020  -9.5990424559104450E-017  -3.1568500545320781E-016   4.5627934600073199E-016   5.7354873528117749E-016  -3.5384059675970141E-016  -4.7755831072212734E-016
   3.4306692593028639E-016  -4.1694549065163325E-016  -1.1931153575669214E-014   3.6581171850666765E-017   2.1169120941441546E-016   1.9944684896284674E-014   2.9995475217722321E-017  -3.6395271819169366E-017  -1.0382393424710963E-015   1.5912840570979250E-015   7.5329553630749976E-018   3.9540699619647820E-016   2.0201163367451885E-017  -1.0639693166870247E-017  -1.6027462904286179E-018  -3.0972769230046852E-018  -2.2541581438269191E-018  -1.7103886444566133E-017  -1.1903844407608660E-015   9.3737466299505292E-030  -1.3651653783280367E-029   3.2298293972223483E-028  -1.5288698686484061E-029   6.8571337138412894E-030   1.5411795802525883E-029  -1.6043189193150791E-029   2.9436380687355073E-028  -2.3403963676506335E-030   7.2324923233851350E-028   1.9562061025466274E-016  -1.0303086175607527E-016  -1.5520403539004223E-017  -2.9992886586640579E-017  -2.1828435505565605E-017  -1.6562772366818737E-016  -1.1555630437416890E-015   1.9000745865089595E-018  -2.3048201441923463E-018  -6.5713658170904020E-017   1.4301718960530378E-015  -7.5325316037911401E-016  -1.1346884629365224E-016  -2.1927640150908307E-016  -1.5958653310725776E-016  -1.2108954945440301E-015
  -5.0438058419494971E-015  -4.2894156649534718E-017  -1.7367520553789281E-017   8.8178802015170209E-015   4.2558533998309701E-016  -1.5884472920641286E-015  -4.3881792293785964E-016  -3.6502053336522072E-018  -1.8879753396191660E-018   1.6672737541182930E-016   7.3013542368605216E-019  -3.6857679151972747E-016   1.1560635438512185E-017  -2.7897933843896576E-017   4.3894717696386775E-018  -1.5051048645179927E-017  -5.2816300198400818E-018   3.4904132066920644E-018  -1.2202753591875820E-016   1.1780612214359472E-028   9.4058318168303054E-031  -1.5288698686484061E-029   6.4920941693294786E-029  -5.0622319097783024E-030   5.8577655541094683E-029  -2.5405294786033966E-030  -1.4701398953178335E-029  -3.1841310466494356E-030  -3.3825077555684038E-029   1.1194892681529927E-016  -2.7015329484294614E-016   4.2506024561623851E-017  -1.4574880007570340E-016  -5.1145355780959836E-017   3.3799873260427585E-017  -1.3262844380391626E-016  -2.7773273315194791E-017  -2.3012878611895465E-019  -1.2363268289471356E-019   8.1845266056601375E-016  -1.9750763961292055E-015   3.1075928892062191E-016  -1.0655617395340482E-015  -3.7392098080214211E-016   2.4710907896804550E-016
  -2.3371155559604010E-016  -1.3581190769612392E-016  -2.0585270296926065E-016  -9.1493849853504123E-016   7.7332866150753057E-017   5.5183371477217565E-016  -2.0641435103178629E-017  -1.1853102833981581E-017  -1.7864763308064030E-017   9.5859385220421539E-018   3.9870043597430036E-020  -3.5813334780193634E-017  -1.2731585166506271E-017   6.1457974802473410E-018  -1.4633574103536890E-017   1.6899933560597274E-017   1.0288746279426731E-017  -4.1683483941015400E-018  -6.9198072957537868E-018  -5.3438773949804460E-030  -1.2370928077075952E-030   6.8571337138412894E-030  -5.0622319097783024E-030   2.6577509682579136E-030  -2.3429762133588900E-031  -2.0311463022050437E-030   7.1474611241080943E-030  -4.4596664163594515E-031   1.7003712110754523E-029  -1.2328797180997434E-016   5.9513634522789507E-017  -1.4170613069478628E-016   1.6365271921459629E-016   9.9632421624557283E-017  -4.0364747404627579E-017  -8.0374803911632276E-018  -1.3098046804837768E-018  -7.5060554347290873E-019  -1.1301897214362668E-018  -9.0135181653098241E-016   4.3510102241083522E-016  -1.0360059983158129E-015   1.1964563418374418E-015   7.2840734500111163E-016  -2.9510452530645824E-016
  -6.8435469182887851E-015  -1.2230537176814867E-016  -4.3305236731910914E-016   7.0563682875525987E-015  -9.3183031532797517E-016   1.3120909531483405E-015  -5.9654075283013216E-016  -1.0907524243801445E-017  -3.7546895670897098E-017   9.5394324990534069E-017   4.8317707984282754E-019   2.4274706164993536E-016  -6.0777660102357674E-018  -8.5126905131118753E-019  -1.2671792757482112E-017   8.1510269944703238E-018   5.2431584030060259E-018  -2.0732609842554797E-018  -7.2801207786438069E-017   1.2174522571024589E-028  -1.5286497788190239E-030   1.5411795802525883E-029   5.8577655541094683E-029  -2.3429762133588900E-031   6.7248041098716567E-029  -7.3335085680344552E-030   1.5348712683645973E-029  -4.3049498212368993E-030   3.5408200676654378E-029  -5.8854842876045335E-017  -8.2433753085893655E-018  -1.2270896418911722E-016   7.8931537053376725E-017   5.0772810842613933E-017  -2.0076694177358427E-017  -6.3101109850353014E-017  -3.7768279850920231E-017  -6.9327968732268483E-019  -2.3749650948350375E-018  -4.3028463165670722E-016  -6.0266879239411153E-017  -8.9711872255446207E-016   5.7706427691344038E-016   3.7119732453632914E-016  -1.4677964525674904E-016
   1.7572649852495616E-015   9.8621770905691184E-015   9.6127484554578101E-017   1.3390035706695532E-015  -7.4035043506793622E-016  -1.3589467317595437E-015   1.5391166870472253E-016   8.6186544102290861E-016   8.0858943920516188E-018  -4.3220911029109516E-017  -1.6631558553819838E-019   2.5473047069292473E-016   2.1461860017135630E-017   1.3841911270817793E-017  -1.1837094142802860E-018   1.1319919200567513E-017   4.4539153263072639E-018  -3.2781779217701573E-017   3.0586828073957463E-017  -1.6740585832452254E-030   2.9351165374470745E-029  -1.6043189193150791E-029  -2.5405294786033966E-030  -2.0311463022050437E-030  -7.3335085680344552E-030   9.3861798832348094E-029  -1.6742324442637994E-029   1.9916212835005220E-029  -2.9877534835205820E-029   2.0782873131486004E-016   1.3403996000777670E-016  -1.1462605087323885E-017   1.0961791961016374E-016   4.3130072179736749E-017  -3.1744665092502798E-016   3.8867188403751321E-017   9.7525232717903436E-018   5.4590627573793421E-017   5.0871914207444212E-019   1.5194248209932939E-015   9.7995903142090832E-016  -8.3802497242495039E-017   8.0141079064275686E-016   3.1532166792586908E-016  -2.3208356116360573E-015
   4.2409558872162155E-016  -6.7806816792228575E-016  -1.1435385523294856E-014   4.3104582051339061E-016  -2.6759200512105742E-016   1.7713214643335392E-014   3.7169927236640287E-017  -5.9331218776972224E-017  -9.9542466331915165E-016   1.6978050705433946E-015   8.2063495892378951E-018   1.5946051994441573E-015  -4.5420425839129828E-018   4.9582441764887777E-018   6.0101425925039923E-018   1.1458834277870918E-017   4.8410357231749249E-018  -6.9167916941233587E-018  -1.2777788038602576E-015   1.2980435503401828E-029  -1.1813412843974492E-029   2.9436380687355073E-028  -1.4701398953178335E-029   7.1474611241080943E-030   1.5348712683645973E-029  -1.6742324442637994E-029   2.7232041551604376E-028  -2.1278044326238444E-030   6.7207104185449433E-028  -4.3983464016065256E-017   4.8013806628369018E-017   5.8200002656876714E-017   1.1096312194873986E-016   4.6878803225643900E-017  -6.6979657932906816E-017  -1.1998694260845301E-015   2.3555249257255141E-018  -3.7588552728760194E-018  -6.3007360374387069E-017  -3.2156077033402318E-016   3.5102639120181703E-016   4.2549712958009786E-016   8.1124549352354223E-016   3.4272844158190187E-016  -4.8968472318965025E-016
   6.7650316863407854E-016   2.2908286316058589E-015  -3.7447131961508391E-016  -2.0909966971902944E-016  -1.7497207904863119E-015  -5.0864282370443619E-016   5.9083415841333990E-017   1.9983037150265829E-016  -3.2850415871259220E-017   1.7479689599164913E-016   7.4825806211774803E-019  -5.0578225014406187E-016  -9.7253707467645478E-018  -8.3195464064741155E-018  -1.8313140492769015E-018  -1.0325006505070144E-018  -1.5636823994465781E-018   1.0757871397287467E-017  -1.2714887489575885E-016  -6.9881952396928007E-030   7.3023247586017926E-030  -2.3403963676506335E-030  -3.1841310466494356E-030  -4.4596664163594515E-031  -4.3049498212368993E-030   1.9916212835005220E-029  -2.1278044326238444E-030   7.5210149015821503E-030  -2.1285591229832100E-030  -9.4176900895515725E-017  -8.0563416842400432E-017  -1.7733769356258168E-017  -9.9983552268023184E-018  -1.5142123236155100E-017   1.0417525612234238E-016  -1.4241132403877815E-016   3.7419452594841149E-018   1.2653254477970365E-017  -2.0821148305155147E-018  -6.8852232258539584E-016  -5.8899486341429644E-016  -1.2965064627587390E-016  -7.3097444249427900E-017  -1.1070325908257288E-016   7.6161976683483868E-016
   7.9838484442538847E-016  -8.7347099112204251E-016  -3.3028117140249779E-014   4.4748334880871937E-016  -4.3998226674276708E-016   3.8383467277221383E-014   6.9889807736056936E-017  -7.6451226427971301E-017  -2.8779988325425275E-015   3.1259926295655740E-015   1.5500180781011456E-017   5.6448134863343177E-015   8.0550071350883738E-019   1.1887249602529308E-017   9.9114725257275832E-018   3.8052616567203004E-017  -8.9451766091437356E-018  -3.8858117281152184E-017  -2.3704500033135346E-015   3.0565532982621251E-029  -2.2084083458808706E-029   7.2324923233851350E-028  -3.3825077555684038E-029   1.7003712110754523E-029   3.5408200676654378E-029  -2.9877534835205820E-029   6.7207104185449433E-028  -2.1285591229832100E-030   1.6995749961090730E-027   7.8001716185693396E-018   1.1511173783364881E-016   9.5979041836611658E-017   3.6848749447121772E-016  -8.6621788818810649E-017  -3.7628766609042125E-016  -2.1328608222707601E-015   4.4281182401488001E-018  -4.8437142891235653E-018  -1.8220125487284213E-016   5.7026640593046413E-017   8.4157580400716829E-016   7.0169767932999417E-016   2.6939925090394141E-015  -6.3328729929433037E-016  -2.7510191496328330E-015
   2.7455741856629830E-016   9.2128662480460137E-016   9.3153651367876624E-016  -9.8615482717861686E-016   9.8918492128583986E-016  -3.8059128132704744E-015  -1.1957307977298565E-016  -7.1511789936144466E-016   4.0739943734975942E-017  -1.0762672899142888E-014   8.1761404417593526E-015  -3.8259567553625311E-014   3.2657005573172599E-003   1.7621060659280902E-016   1.9646447461574755E-016  -1.6328502786583088E-003   1.1074381391132701E-016  -1.6328502786584606E-003  -1.5247822638051926E-014  -3.9497992347870583E-017  -1.3129684258733232E-017   1.9562061025466274E-016   1.1194892681529927E-016  -1.2328797180997434E-016  -5.8854842876045335E-017   2.0782873131486004E-016  -4.3983464016065256E-017  -9.4176900895515725E-017   7.8001716185693396E-018   3.1623838900252950E-002  -9.5489624034006744E-017   2.7429531458407042E-016  -1.5811919450127120E-002  -1.8141455202761026E-016  -1.5811919450125562E-002   1.7030532959410951E-014  -2.4272926535304300E-016  -5.7457787558555592E-016  -7.3303748503651219E-017  0.23120020728673796       -1.9028510456773770E-016   2.2063632794692595E-015 -0.11560010364337395       -1.2497174925766796E-015 -0.11560010364336354     
   8.3635702938279815E-017   5.3468099941097586E-018   5.6459214186362406E-017  -8.3900672407030506E-017  -3.9399797093986250E-016   2.6170694013902675E-016  -8.8184134917581876E-017   2.4091616109222360E-017  -5.6471773589077956E-017  -7.9488045654226964E-016  -7.0146174683585748E-017   8.5985908363095892E-016  -3.5739365392796925E-016   3.2657005573162555E-003   1.8391510082138471E-016  -4.0020174617021180E-016   1.1603041123292777E-017  -1.4222680764212423E-017   3.0906575743503218E-015   2.0750462878162802E-016  -4.3179769918182630E-017  -1.0303086175607527E-016  -2.7015329484294614E-016   5.9513634522789507E-017  -8.2433753085893655E-018   1.3403996000777670E-016   4.8013806628369018E-017  -8.0563416842400432E-017   1.1511173783364881E-016  -9.5489624034006744E-017   3.1623838900254664E-002   3.2705449547436882E-016   4.7058090642930156E-016  -2.7298754865306958E-016  -4.3296142700204105E-016  -8.3879320563087345E-016   1.6734562580328200E-017   4.4281482617510680E-018  -2.0893007791514522E-017  -3.6313996514716168E-017  0.23120020728674459        8.6419923460071525E-016   2.2907413135429778E-015  -1.0024753515367244E-015  -1.8020486721794113E-015
  -2.3231461154336305E-016  -4.7957708638604015E-017  -4.2896275961494976E-016  -6.2140127302808407E-016   1.6546975222816213E-016  -1.5237119584009990E-015   2.8640658385392096E-016   2.6535088105459135E-017   4.1306190496455767E-016   3.8517212562104718E-016  -4.3119247805222986E-016  -1.0015227411888184E-015   8.1901910599910073E-016   9.8261847065080466E-017   3.2657005573166827E-003   2.9193183756510425E-016  -5.2410235741509258E-016  -1.3153983596006819E-016  -1.6272903963227168E-015   5.9779741666135016E-017   6.2410430772430297E-017  -1.5520403539004223E-017   4.2506024561623851E-017  -1.4170613069478628E-016  -1.2270896418911722E-016  -1.1462605087323885E-017   5.8200002656876714E-017  -1.7733769356258168E-017   9.5979041836611658E-017   2.7429531458407042E-016   3.2705449547436882E-016   3.1623838900255330E-002   3.2052213768047588E-016  -3.9223131172031289E-017   4.5011688159118340E-016   5.9590685864243874E-016   1.7221874496897008E-016  -4.5751199146570667E-018   2.9268738185820181E-016  -6.8315748294901253E-016   1.4470308530242525E-015  0.23120020728674656        5.7384449297405615E-016   4.6135491768865756E-016   4.3262387775514923E-016
  -3.8820249209336924E-016   6.6812349420522743E-016  -3.2472505743387537E-016   1.0945752466664955E-015   3.8702989116106290E-016  -8.2153218715252941E-016   2.2120151841206431E-016  -5.1942232624592705E-016   8.5862061636495708E-016  -1.5339589963078869E-014  -1.2083237939913987E-014  -3.4899496607374010E-014  -1.6328502786581212E-003  -3.9137095123904944E-016   1.6091002842672984E-016   3.2657005573161146E-003   5.2744741625461048E-018  -1.6328502786580529E-003   3.9866758007615084E-014   4.9877090533120541E-017   7.8450677094234712E-017  -2.9992886586640579E-017  -1.4574880007570340E-016   1.6365271921459629E-016   7.8931537053376725E-017   1.0961791961016374E-016   1.1096312194873986E-016  -9.9983552268023184E-018   3.6848749447121772E-016  -1.5811919450127120E-002   4.7058090642930156E-016   3.2052213768047588E-016   3.1623838900252776E-002   2.8497131785126012E-016  -1.5811919450125850E-002  -6.7654643034168058E-016   2.5409376470350965E-016  -5.3623693643317910E-016   6.5842510127155328E-016 -0.11560010364336740        1.1563880143164648E-015   1.9788485357708935E-015  0.23120020728673729        1.5654236126773129E-015 -0.11560010364336999     
   1.3529840724613728E-016   3.0915652076407491E-017   5.6010173124884615E-016   3.4978385632921360E-016   1.6675689677471695E-017   1.0990642001011107E-015  -8.7394828657070109E-017  -3.2553515740027878E-017  -4.3494903461010089E-016   1.1749171141470541E-015   1.4463878953744368E-016  -3.9886613714237436E-016  -1.5016073033982733E-016   1.4552552286134618E-016  -6.7904153479134294E-016  -3.7748640040252348E-016   3.2657005573166371E-003  -3.5760031342353955E-016   1.2211440244132946E-015   2.7767859918808880E-019  -4.8398737006411667E-017  -2.1828435505565605E-017  -5.1145355780959836E-017   9.9632421624557283E-017   5.0772810842613933E-017   4.3130072179736749E-017   4.6878803225643900E-017  -1.5142123236155100E-017  -8.6621788818810649E-017  -1.8141455202761026E-016  -2.7298754865306958E-016  -3.9223131172031289E-017   2.8497131785126012E-016   3.1623838900255670E-002   1.6801544371410971E-016  -2.1645623929662631E-015  -3.0910299469421234E-017   1.4805647202692393E-018  -4.2185699014900746E-016   7.3429286197478649E-017  -1.2338169900908213E-015   6.5602490006608292E-017   6.8653375627676304E-016  0.23120020728674737       -4.8167057941212574E-017
