  0.23410415076390828       -2.8447314674426437E-008   7.2801546057220503E-008   1.0473954725789029E-007   1.3992182011709938E-008  -1.0171667998040022E-008  -5.4479482430068764E-009  -9.8633677225134824E-009  -6.2041336760967459E-008  -4.1288152171683122E-009  0.30187697044896594       -6.7074308477356569E-009   1.9658538999270810E-008   3.1775350549946839E-009  -1.8574891110432700E-003   3.4873018564704709E-009  -4.4347907126031190E-009  -2.4945750697597532E-008   7.1994969276653956E-009   3.9543674594324901E-009   4.8468838665007119E-009  -3.8163041114347969E-009  -4.0200705665065834E-009  -5.8427893651395878E-009  -1.9921903003059778E-009  -1.7046583953859343E-009  -1.2815633664626841E-009  -2.3420758589207076E-009  -3.4060869215188406E-009   6.4860328530975795E-009   6.6344741685010291E-009   8.4154490875071843E-009  -5.2874297066690785E-009  -4.3867362016238212E-008  -1.1986032499285239E-009  -4.2600178906587102E-009  0.12368696147596464       -6.2931465379565051E-009   9.0459107893332149E-009   2.0640720307260479E-009  -2.8206785827622854E-009   1.9042329251714425E-009  -1.4699164928180508E-009  -1.1399028771702548E-008  -5.9415546785285929E-010
  -2.8447314674426437E-008  0.23410425974020574        7.5177491895574440E-008   3.4880395119772532E-008  -1.6893279840943645E-008  -2.5522947687808646E-008   3.1785178520065789E-008   2.4324979359078126E-008  -2.9605996030138957E-008  -7.4316997302555423E-009  -6.2662556583815491E-009  0.30187699919529076        2.0177289618021270E-008  -8.3501991448022006E-009   3.0800326651463584E-009  -1.8574977016591206E-003  -5.9452357127570221E-009   5.7439181902549848E-009   3.8816762255871066E-009  -2.1868110037696868E-009  -1.4635527862434573E-009  -2.4623302966959654E-009  -4.7212484263898519E-010  -2.7454866430932151E-009   9.5743876261737132E-010  -1.6896779432098093E-009   9.0238227545060037E-010   2.3502793293750973E-009   1.1634403699870381E-009   4.1170099992559986E-009  -8.5849739784982279E-009   8.4280693302118980E-010   9.1232000781898704E-009  -1.8889211905613874E-008  -1.3240210438675970E-008  -2.0876125854485280E-008  -5.2652906262688338E-009  0.12368697807340021        1.1122444107601076E-008   2.6831581437683822E-009  -2.0544482737675732E-009   1.0542353121925076E-009  -1.6411931521144678E-009  -4.0331434431327398E-009  -1.0419647184270604E-009
   7.2801546057220503E-008   7.5177491895574440E-008  0.23410397590372706       -2.7565232362188393E-008  -1.9844484549649911E-008   1.5570543677937521E-007  -2.3047328197991241E-008   8.8897403100204929E-009   1.0231554353162327E-007   1.0954749644187074E-008   1.9835310834878671E-008   1.7527837538211710E-008  0.30187692302699914       -6.1435948469986241E-009  -5.6344672824800858E-009  -8.2691441806023921E-009  -1.8574764743878088E-003   4.5512226841517873E-009  -6.8094899340826567E-009   8.0928373820430648E-009  -1.6563334891056565E-009   2.2227137408523019E-009   1.8484368265976895E-010   6.9131763868306365E-009  -8.6838186255107268E-009   1.3357342064385209E-008   3.5577257235078540E-009  -8.7213978502851104E-009   6.3747550627722910E-010   2.4751048250264272E-010   6.2897609047799826E-008  -7.3216384399165491E-009   7.1586157138633662E-010   3.6011886730925756E-008  -9.6336782797034135E-010   1.4211518648582317E-009   1.1603412576316064E-008   1.4539875827835150E-008  0.12368693669565704       -1.0203780228648855E-009   1.8082531767577888E-008  -1.8647973895191485E-009   2.5437780552710125E-010   6.7627649320613330E-009   7.6600095481601286E-010
   1.0473954725789029E-007   3.4880395119772532E-008  -2.7565232362188393E-008  0.29177944264247813        2.7612116288385204E-009  -1.5469414982964411E-009  -5.8339420938426587E-009  -5.2654352135423149E-009   5.8162779282452573E-009   2.5041894152320223E-009   5.2899386040890880E-008   7.9346225138066195E-008  -1.6584058138869599E-008  0.49241571973775161        2.0663703356163833E-009   9.2729349583840277E-009  -4.5188309523100655E-010   4.3923794795481443E-003   1.1118521043196394E-009   1.0331047996056116E-009   9.1518518855913862E-009  -2.6201422019702821E-009  -1.1641957705444978E-009   1.1284366692936082E-009  -4.8913924648374496E-009  -8.8552860498835296E-009   5.5293867956291730E-009  -2.2104706128337484E-010  -3.5486804895991023E-004  -5.3176969677831486E-010   2.3763596795196220E-009  -1.1482894840788963E-008  -1.3141158156715039E-008  -3.8726734254461885E-009   1.3672939331972154E-008   6.8996770862914988E-002   9.3060332115947442E-009   1.7070094779077178E-008  -4.2390261443665625E-009  -1.5780386859479254E-010   1.6133729410063933E-010  -2.8437529429798761E-009  -2.5447657903972934E-009   6.5755563745366393E-011   2.7025778641853668E-009
   1.3992182011709938E-008  -1.6893279840943645E-008  -1.9844484549649911E-008   2.7612116288385204E-009   3.7669294129193241E-015  -1.1980418949344859E-014  -7.2158622253230183E-016  -3.1543476655546829E-015  -1.0192186010570266E-014  -6.1258257791182820E-016   1.8044782640605192E-008  -2.1789788407399280E-008  -2.5592360830832258E-008   4.6608273159261830E-009  -7.8731830992212833E-010   2.2720850314966453E-009   1.2048536998364058E-009  -2.0210746310845695E-010   7.3802031286790594E-016  -2.8230508918583667E-016   6.2230727906912130E-016  -2.6393343348709820E-016  -2.3318458946869640E-016  -7.2622196320378821E-016   5.0171689110634514E-016  -1.1955172163681219E-015  -3.9082668375363861E-016   4.2724392233047936E-016  -5.3684015437419866E-012   5.4418792977728229E-017  -4.2996076392459792E-015   9.5695687254237962E-016  -1.1430674832096428E-015  -4.3462203078057816E-015   1.0886484634820408E-015   6.3561422761162255E-010   7.3506256963248288E-009  -8.7925521700470928E-009  -1.0419583402936552E-008  -7.5725469524289500E-019  -1.5584222542130187E-015   1.7268322930385622E-016   1.3514742402413622E-017  -9.5626305822095608E-016  -1.2757486312251583E-017
  -1.0171667998040022E-008  -2.5522947687808646E-008   1.5570543677937521E-007  -1.5469414982964411E-009  -1.1980418949344859E-014   1.0680215310254483E-013  -1.8528596109305411E-014   3.7196188950851312E-015   7.3947025811390914E-014   8.2608038989823266E-015  -1.3108216886365016E-008  -3.2910616788460929E-008   2.0078875023010844E-007  -2.6108274390228490E-009  -2.8635789952414498E-009  -2.3991799354058022E-010  -3.6379751643470858E-009   3.0115598167560471E-011  -5.2710553733607472E-015   5.4441454851470925E-015  -1.2014851631043716E-015   1.9266302864335159E-015   3.5540050781357845E-016   5.1452311832063606E-015  -5.7678610649149935E-015   9.1892240556675671E-015   2.2942387580153761E-015  -5.9536964917191491E-015   2.5545224236397218E-012  -5.6575317281321722E-016   4.2458335782222464E-014  -5.2653257373385347E-015  -2.2206162624888653E-016   2.7914824158631658E-014   7.8781759346339460E-016  -3.6199710743346514E-010  -5.5571008399534932E-009  -1.3512341277465190E-008   8.2116407223381328E-008  -1.0580188329087739E-015   1.2348257734304168E-014  -1.4151146849727701E-015   4.1525042730610343E-016   5.4035362296664713E-015   6.4276882001852374E-016
  -5.4479482430068764E-009   3.1785178520065789E-008  -2.3047328197991241E-008  -5.8339420938426587E-009  -7.2158622253230183E-016  -1.8528596109305411E-014   6.8289447354305366E-015   2.7634448720330883E-015  -1.2764217471932601E-014  -2.0418585063494861E-015  -7.0285030778595531E-009   4.0987860450141655E-008  -2.9719485747995031E-008  -9.8440196160508094E-009   1.2640713192811559E-009  -5.8542820465911616E-010   1.6923970950694672E-010  -4.8629756322380456E-010   1.0076294458519130E-015  -1.2062214703594132E-015  -3.3136949277650422E-016  -4.1175648209262474E-016   3.4568170087541186E-017  -9.4012161614560243E-016   1.1291266794932402E-015  -1.3278906083412289E-015  -3.0864574694143449E-016   1.2367375588873599E-015  -3.5233543322167736E-012   3.9702739775018885E-016  -7.5517267623831377E-015   8.6693553935176998E-016   1.5506756538990107E-015  -5.0073283907362237E-015  -1.9477037605633723E-015  -1.4078794056910689E-009  -2.8025057706915971E-009   1.6772720877122089E-008  -1.2177719099300976E-008   4.2249341989261455E-016  -1.9848198067696755E-015   3.3430060182934815E-016  -1.6794957335078419E-016  -9.4662358089459877E-016  -2.5454405618025710E-016
  -9.8633677225134824E-009   2.4324979359078126E-008   8.8897403100204929E-009  -5.2654352135423149E-009  -3.1543476655546829E-015   3.7196188950851312E-015   2.7634448720330883E-015   3.3883482461754022E-015   3.3209099467322630E-015  -2.3399972510492413E-016  -1.2719635058669210E-008   3.1379862201673796E-008   1.1467399439964814E-008  -8.8842993346426283E-009   3.7971326156562271E-010  -4.8152410664307173E-009  -1.5415979855054995E-009  -5.5099106337153983E-010  -1.7892030531069262E-016  -1.0484549660004147E-016  -5.8420294572055045E-016   3.7028700066527759E-017   1.4856435622616954E-016   2.0301601355450917E-016  -5.8118322662226770E-017   5.6250498118481500E-016   1.8283114842123011E-016   1.6173361276589646E-017  -8.0885936958897643E-012   1.9445736750001106E-016   1.1767931138971795E-015  -3.4227729062314924E-016   1.4001017998978706E-015   1.3188514943637711E-015  -1.5945592803963223E-015  -1.2786494792746251E-009  -5.1924934503036113E-009   1.2564652962933609E-008   4.6054038676160637E-009   1.8825700535898131E-016   5.9067926548890631E-016   4.0961672155676660E-018  -1.1504205981065981E-016   3.0608239356045220E-016  -7.3215059084775656E-017
  -6.2041336760967459E-008  -2.9605996030138957E-008   1.0231554353162327E-007   5.8162779282452573E-009  -1.0192186010570266E-014   7.3947025811390914E-014  -1.2764217471932601E-014   3.3209099467322630E-015   6.5028757781661349E-014   6.8712780177031071E-015  -8.0005783831921921E-008  -3.8177504937172467E-008   1.3194705649372137E-007   9.8168877599481167E-009   1.7618770708962093E-009   4.4609099665009529E-010  -4.8400344844699206E-009  -1.9737440114614127E-010  -5.3527384146204307E-015   2.7872085238667126E-015  -1.6412911152606711E-015   2.2430253643870887E-015   1.1833727513064117E-015   4.9384154120533674E-015  -3.4861363919483746E-015   6.3258419425549397E-015   1.8899192731901707E-015  -3.4916500057383531E-015  -9.1282025277175295E-012  -2.1443259663553764E-015   2.6889737914756798E-014  -5.7718188074418213E-015   2.9693923386658076E-016   2.9658773361700049E-014   1.8473888578890075E-015   1.3551230869068473E-009  -3.2700135176943259E-008  -1.5628963687974227E-008   5.3807272877843004E-008  -1.3362582420744471E-015   8.9355839436718675E-015  -1.5170844047145976E-015   6.5084910305965863E-016   6.4539113972278550E-015   6.8540956245950078E-016
  -4.1288152171683122E-009  -7.4316997302555423E-009   1.0954749644187074E-008   2.5041894152320223E-009  -6.1258257791182820E-016   8.2608038989823266E-015  -2.0418585063494861E-015  -2.3399972510492413E-016   6.8712780177031071E-015   8.4658227805233470E-016  -5.3251487748591522E-009  -9.5900740483178668E-009   1.4124968363543492E-008   4.2234143320673577E-009   4.0760372959385167E-010   2.5431490263311747E-009   3.3674298247447229E-010   7.5310338590484356E-010  -5.5910032702596638E-016   3.8715063753857113E-016  -3.8105461245119067E-017   2.2690510877404494E-016   8.4620391378774084E-017   5.2320600290783991E-016  -4.4359818945497135E-016   6.3301358794922310E-016   2.0799497511284142E-016  -4.4341745121437704E-016   1.3451442337484786E-011  -2.4887608973404006E-016   3.1228156685312555E-015  -6.1467843916498890E-016  -2.5703279617987904E-016   3.0273702828161747E-015   5.0590922566113132E-016   6.4302755699087264E-010  -2.1581328187120939E-009  -3.7721013406000922E-009   5.8141823124538553E-009  -1.8749971426221108E-016   9.6774338144037364E-016  -1.7677910552742974E-016   1.0152754943591292E-016   6.5018085453268096E-016   8.5972276966955671E-017
  0.30187697044896594       -6.2662556583815491E-009   1.9835310834878671E-008   5.2899386040890880E-008   1.8044782640605192E-008  -1.3108216886365016E-008  -7.0285030778595531E-009  -1.2719635058669210E-008  -8.0005783831921921E-008  -5.3251487748591522E-009  0.38928449005194621        3.0571687758501673E-008  -7.0107794400485451E-008  -1.3451319857126301E-007  -7.6333189681410995E-003   4.4501174665356493E-009  -8.6818972172787921E-009  -3.7304124543743067E-008   9.2835958360154612E-009   5.0988460289355914E-009   6.2499569263066083E-009  -4.9218167153810741E-009  -5.1843312662603327E-009  -7.5333759390720642E-009  -2.5690727200276338E-009  -2.1974765218088616E-009  -1.6520728559571746E-009  -3.0205396224677663E-009  -4.5216557059641941E-009   8.3582634080629619E-009   8.5194131205138552E-009   1.0858524170097099E-008  -6.8154106144775867E-009  -5.6585328073480755E-008  -1.5428529141436300E-009  -2.5252718477017319E-008  0.15916865032362279        7.9697914771481224E-009  -2.7691369266815601E-008   2.6593322804144415E-009  -3.6893891845581786E-009   2.4726574923040440E-009  -1.8948499945716495E-009  -1.4712114218863794E-008  -7.6448219099799389E-010
  -6.7074308477356569E-009  0.30187699919529076        1.7527837538211710E-008   7.9346225138066195E-008  -2.1789788407399280E-008  -3.2910616788460929E-008   4.0987860450141655E-008   3.1379862201673796E-008  -3.8177504937172467E-008  -9.5900740483178668E-009   3.0571687758501673E-008  0.38928438299928175       -7.6377107063892146E-008   4.7378110936091888E-008   3.9485477998551103E-009  -7.6333322260104903E-003  -8.3611699459511659E-009  -1.0873553575645307E-008   5.0051146837513952E-009  -2.8199882999927487E-009  -1.8869508952643127E-009  -3.1751392640376335E-009  -6.0875637173836724E-010  -3.5399290519574980E-009   1.2346367964639805E-009  -2.1793583521429864E-009   1.1636917151685120E-009   3.0308478597811500E-009   1.9679524840061241E-009   5.3334836359580375E-009  -1.1076325016447240E-008   1.0843953456987604E-009   1.1726151361568114E-008  -2.4354342262351919E-008  -1.7059635478066634E-008  -2.0249027395938064E-008   9.0633910734712280E-009  0.15916861246154801       -2.7709386878454184E-008   3.4966287718835071E-009  -2.6547251003106349E-009   1.3562633739387848E-009  -2.1818980046274695E-009  -5.1980875913392803E-009  -1.3147304254644648E-009
   1.9658538999270810E-008   2.0177289618021270E-008  0.30187692302699914       -1.6584058138869599E-008  -2.5592360830832258E-008   2.0078875023010844E-007  -2.9719485747995031E-008   1.1467399439964814E-008   1.3194705649372137E-007   1.4124968363543492E-008  -7.0107794400485451E-008  -7.6377107063892146E-008  0.38928465846327132        2.4048682131536733E-008  -1.0264348071096501E-008  -1.1537109540783438E-008  -7.6332957783638829E-003   9.4318035313662520E-009  -8.7807693967483252E-009   1.0436928266227989E-008  -2.1364002772728986E-009   2.8672952913341308E-009   2.3919818929176694E-010   8.9133439717051429E-009  -1.1198146188157228E-008   1.7223245677978383E-008   4.5869586307431436E-009  -1.1245046249011544E-008   7.4740332187056186E-010   3.1578969938472084E-010   8.1127866526568594E-008  -9.4469702863132948E-009   9.2029974093718550E-010   4.6409010136537686E-008  -1.2360840063796412E-009   6.5739739459551768E-009  -2.4489388753223221E-008  -2.1912413459586628E-008  0.15916871300813509       -1.3153997472561035E-009   2.3329254375571403E-008  -2.4083418537017380E-009   3.1681790221001153E-010   8.6725856453684143E-009   9.9858279100851215E-010
   3.1775350549946839E-009  -8.3501991448022006E-009  -6.1435948469986241E-009  0.49241571973775161        4.6608273159261830E-009  -2.6108274390228490E-009  -9.8440196160508094E-009  -8.8842993346426283E-009   9.8168877599481167E-009   4.2234143320673577E-009  -1.3451319857126301E-007   4.7378110936091888E-008   2.4048682131536733E-008  0.83104201253375165       -7.1832701195198343E-009  -9.9320525121742269E-009   4.7452062148503239E-009   4.9790486184130489E-004   1.8758593419445148E-009   1.7441128370181259E-009   1.5445260587761907E-008  -4.4214638132641498E-009  -1.9660094009398845E-009   1.9047354193708506E-009  -8.2545054100760918E-009  -1.4944261519669181E-008   9.3304682200061127E-009  -3.7342255642203385E-010  -3.6755433362846082E-004  -8.9935860785788728E-010   4.0106424342324292E-009  -1.9384148921828386E-008  -2.2181969019551790E-008  -6.5363882201850096E-009   2.3081346778198614E-008  0.11594917321800255       -7.6785921698343250E-008  -8.4121055207916959E-009   1.4557506383268332E-008  -2.7072753970947132E-010   2.7378114319451737E-010  -4.8124097830132632E-009  -4.3088796852583333E-009   1.0595674917023388E-010   4.5796209565605930E-009
  -1.8574891110432700E-003   3.0800326651463584E-009  -5.6344672824800858E-009   2.0663703356163833E-009  -7.8731830992212833E-010  -2.8635789952414498E-009   1.2640713192811559E-009   3.7971326156562271E-010   1.7618770708962093E-009   4.0760372959385167E-010  -7.6333189681410995E-003   3.9485477998551103E-009  -1.0264348071096501E-008  -7.1832701195198343E-009   1.8838530830110656        8.8593721065913197E-010  -7.2043475870342602E-009  -2.1227181190496125E-008  -4.0450092377573856E-012   7.7260919998149068E-011  -5.8366209125712974E-012   2.8119939168027358E-010   1.9595833598074027E-010  -2.7570901163968167E-010   6.9897634518193398E-011  -2.3103628995911502E-010  -1.7103868443571726E-010   1.7655620153408522E-010  -3.2059778015114139E-009   1.9148309360612771E-009   1.2790272609459958E-008  -2.5155233174903422E-009  -9.3549671796430561E-010   6.9705816023807538E-009  -9.7933886012459071E-010   1.8420734004322301E-008  0.11608616509511781        7.5699124744372847E-010   2.4915033887577343E-009   8.0590469704102247E-010   1.8767700948037504E-008  -6.1830882455117046E-009  -2.0585913771686810E-010   4.7945889463047871E-009  -6.0004718236127160E-010
   3.4873018564704709E-009  -1.8574977016591206E-003  -8.2691441806023921E-009   9.2729349583840277E-009   2.2720850314966453E-009  -2.3991799354058022E-010  -5.8542820465911616E-010  -4.8152410664307173E-009   4.4609099665009529E-010   2.5431490263311747E-009   4.4501174665356493E-009  -7.6333322260104903E-003  -1.1537109540783438E-008  -9.9320525121742269E-009   8.8593721065913197E-010   1.8838530758572816       -4.7171011965629233E-009  -5.2071314827257895E-008   7.8105468858096536E-011   5.2430694379190560E-011  -9.4620717473364057E-011   7.8357290429081771E-012  -1.3673577245206895E-011  -1.1262526717130358E-010  -1.4505943385852094E-011   1.9900102328732019E-010  -3.3127592100378547E-011  -7.7804675105482559E-011  -6.6125208320974347E-009  -8.8821509310556125E-009   2.2249408530998559E-009   8.5817614268812151E-010   1.3664271246049609E-008  -1.0293860658853128E-009  -4.7821150130720366E-009   4.1614578238045279E-008   9.5431886991787317E-010  0.11608616641244002       -1.2680123825782751E-010  -1.3220459061122109E-008   1.9984598508148623E-009   1.1322638600043491E-009   2.3599041870747681E-008  -9.1997384671760130E-010  -1.0378579023200012E-008
  -4.4347907126031190E-009  -5.9452357127570221E-009  -1.8574764743878088E-003  -4.5188309523100655E-010   1.2048536998364058E-009  -3.6379751643470858E-009   1.6923970950694672E-010  -1.5415979855054995E-009  -4.8400344844699206E-009   3.3674298247447229E-010  -8.6818972172787921E-009  -8.3611699459511659E-009  -7.6332957783638829E-003   4.7452062148503239E-009  -7.2043475870342602E-009  -4.7171011965629233E-009   1.8838531028370207        1.0572944811135132E-008   2.9976271390484265E-011  -5.0306691061372034E-010   2.1413549228877315E-010  -4.1523437920439426E-010  -3.0393626314103833E-010   3.7501521280649026E-010   2.0117001060322069E-010   2.6756129232343408E-010   2.3316768215246006E-010  -3.5898735211066094E-010   1.3866945564622655E-009   1.2105604372089736E-009  -8.2098584520643623E-009   2.1147632882421860E-009   1.0017186502637876E-009   9.8971836790858101E-009  -2.2122735903981451E-009  -8.2372742117063189E-009   3.1872504620746816E-009   9.9675265063746706E-010  0.11608615598050115       -1.2805609957396452E-010  -4.4016484245252185E-009   1.3403420158284953E-009   4.0270382141431821E-009   1.7209278490933985E-008  -3.8989803165430475E-009
  -2.4945750697597532E-008   5.7439181902549848E-009   4.5512226841517873E-009   4.3923794795481443E-003  -2.0210746310845695E-010   3.0115598167560471E-011  -4.8629756322380456E-010  -5.5099106337153983E-010  -1.9737440114614127E-010   7.5310338590484356E-010  -3.7304124543743067E-008  -1.0873553575645307E-008   9.4318035313662520E-009   4.9790486184130489E-004  -2.1227181190496125E-008  -5.2071314827257895E-008   1.0572944811135132E-008   1.8057478329632037        1.5444435670695595E-010  -1.4496708601697109E-010   5.3032401358812202E-011  -1.3406331072679336E-010   3.1670619878299792E-010  -7.3145029413497229E-011  -1.6633490318984514E-010  -1.8034908253831271E-010   3.6813134370929001E-010   9.4896828368870707E-011   1.6509836696070821E-004   4.9435614146011265E-010  -2.1346710459718330E-011   1.2023061514524150E-009   9.9336283307309815E-010   1.4928724313962961E-010  -1.4876611017306688E-009  0.12943989277750828       -7.1900782202365149E-009   2.1844978025637035E-008  -1.1397319730508283E-009   1.1490323662589796E-009  -3.8870124343760971E-010   3.4049455535888593E-009   3.6842344525157726E-009   1.3129843749274148E-009  -4.8332363735041678E-009
   7.1994969276653956E-009   3.8816762255871066E-009  -6.8094899340826567E-009   1.1118521043196394E-009   7.3802031286790594E-016  -5.2710553733607472E-015   1.0076294458519130E-015  -1.7892030531069262E-016  -5.3527384146204307E-015  -5.5910032702596638E-016   9.2835958360154612E-009   5.0051146837513952E-009  -8.7807693967483252E-009   1.8758593419445148E-009  -4.0450092377573856E-012   7.8105468858096536E-011   2.9976271390484265E-011   1.5444435670695595E-010   4.8809730918663074E-016  -1.4611425962181413E-016   2.0782914032524365E-016  -2.3282532637026592E-016  -1.4123904522599603E-016  -4.2202458591773530E-016   1.8855233950544037E-016  -5.0272016222278647E-016  -1.0685335927893751E-016   2.1979825765424248E-016  -6.2363624755163559E-012   2.5807246931351719E-016  -1.7582112932451596E-015   4.4204936931299895E-016  -8.1388299890359822E-017  -2.7245201025492994E-015  -1.7668425327890966E-016   2.7271201488632187E-010   3.8070929769992046E-009   2.0576189905631111E-009  -3.5992348245755266E-009   1.3639524408868429E-016  -6.4550333013051036E-016   1.1958602117002801E-016  -8.7923879480161246E-017  -6.1393641623445582E-016  -4.8471345653884906E-017
   3.9543674594324901E-009  -2.1868110037696868E-009   8.0928373820430648E-009   1.0331047996056116E-009  -2.8230508918583667E-016   5.4441454851470925E-015  -1.2062214703594132E-015  -1.0484549660004147E-016   2.7872085238667126E-015   3.8715063753857113E-016   5.0988460289355914E-009  -2.8199882999927487E-009   1.0436928266227989E-008   1.7441128370181259E-009   7.7260919998149068E-011   5.2430694379190560E-011  -5.0306691061372034E-010  -1.4496708601697109E-010  -1.4611425962181413E-016   3.7076850540299352E-016   7.0648477784895762E-017   2.6214156881894615E-017  -6.1176973698513889E-017   1.6981950458082844E-016  -3.6012770792252624E-016   4.1729746380986726E-016   1.1239241527893663E-016  -3.6369277242802940E-016   2.7563769461812572E-012   7.7395826826079799E-017   2.3775894953268773E-015  -1.6021217843143997E-016  -1.9645717739760606E-016   6.6463048615317041E-016   1.1906153234581943E-016   2.3288049760968189E-010   2.0960066754966478E-009  -1.1532036136908051E-009   4.2485129846850884E-009  -2.6300316007292141E-017   5.9936398768249036E-016  -5.3166129676329215E-017  -1.0557830776307563E-017   7.5260968852361765E-017   3.6858196828854047E-017
   4.8468838665007119E-009  -1.4635527862434573E-009  -1.6563334891056565E-009   9.1518518855913862E-009   6.2230727906912130E-016  -1.2014851631043716E-015  -3.3136949277650422E-016  -5.8420294572055045E-016  -1.6412911152606711E-015  -3.8105461245119067E-017   6.2499569263066083E-009  -1.8869508952643127E-009  -2.1364002772728986E-009   1.5445260587761907E-008  -5.8366209125712974E-012  -9.4620717473364057E-011   2.1413549228877315E-010   5.3032401358812202E-011   2.0782914032524365E-016   7.0648477784895762E-017   4.0830395837778404E-016  -1.6156036172334084E-016  -1.1814745950858092E-016  -1.1727072685365530E-016  -1.3919392156475487E-016  -3.9696009371713820E-016   1.1609910537590585E-016  -8.4553290853626244E-018  -7.5989724151108139E-012   9.0756561142798534E-017  -1.8016606973431070E-016  -1.3933846666176786E-016  -5.8449199259821870E-016  -1.1651402408140315E-015   4.9373575920955820E-016   2.1581004570910963E-009   2.5628362090936996E-009  -7.7985693874535545E-010  -8.6262011029837070E-010   2.8919861488974796E-017  -1.6865569191017282E-016  -4.3359474594925539E-017  -1.0286949012414563E-016  -2.5466095850738396E-016   7.3949879054376996E-017
  -3.8163041114347969E-009  -2.4623302966959654E-009   2.2227137408523019E-009  -2.6201422019702821E-009  -2.6393343348709820E-016   1.9266302864335159E-015  -4.1175648209262474E-016   3.7028700066527759E-017   2.2430253643870887E-015   2.2690510877404494E-016  -4.9218167153810741E-009  -3.1751392640376335E-009   2.8672952913341308E-009  -4.4214638132641498E-009   2.8119939168027358E-010   7.8357290429081771E-012  -4.1523437920439426E-010  -1.3406331072679336E-010  -2.3282532637026592E-016   2.6214156881894615E-017  -1.6156036172334084E-016   1.3286600598337957E-016   8.2777589090076458E-017   1.7950123941933840E-016  -1.6135121514537435E-017   2.5179241081427835E-016  -4.5678028167623025E-018  -6.7254839461498536E-017   5.9138523991745081E-012  -1.4187683139108408E-016   5.6131783700413713E-016  -1.1328974045892433E-016   1.1454768310054990E-016   1.2892153952656508E-015   2.7329085986941398E-017  -6.2631135981672194E-010  -2.0007192678872156E-009  -1.3016786288254040E-009   1.1496454585915481E-009  -6.9980768390931189E-017   2.4123153518713743E-016  -3.5588869305784429E-017   6.5270338291988640E-017   2.8878423893295090E-016   4.7103571988083866E-018
  -4.0200705665065834E-009  -4.7212484263898519E-010   1.8484368265976895E-010  -1.1641957705444978E-009  -2.3318458946869640E-016   3.5540050781357845E-016   3.4568170087541186E-017   1.4856435622616954E-016   1.1833727513064117E-015   8.4620391378774084E-017  -5.1843312662603327E-009  -6.0875637173836724E-010   2.3919818929176694E-010  -1.9660094009398845E-009   1.9595833598074027E-010  -1.3673577245206895E-011  -3.0393626314103833E-010   3.1670619878299792E-010  -1.4123904522599603E-016  -6.1176973698513889E-017  -1.1814745950858092E-016   8.2777589090076458E-017   7.4901363704215556E-017   1.0671370541179609E-016   4.4905595506953649E-017   7.8467727838718259E-017   9.2956790366888098E-019   2.9575520793536863E-017  -7.1242323908686474E-012  -1.1721349053247795E-016  -5.4107170475211791E-017  -1.0647257126509421E-016   1.2524212651932417E-016   8.3426847971220138E-016  -8.0286666162508845E-018  -2.5152358708868458E-010  -2.1137750933852408E-009  -2.5052577772847217E-010   7.8864778506440236E-011  -4.0603090446672724E-017   6.8439804883603925E-017  -2.5074054810280244E-017   3.8711073122446915E-017   2.0684656598005589E-016   1.8919885465244191E-018
  -5.8427893651395878E-009  -2.7454866430932151E-009   6.9131763868306365E-009   1.1284366692936082E-009  -7.2622196320378821E-016   5.1452311832063606E-015  -9.4012161614560243E-016   2.0301601355450917E-016   4.9384154120533674E-015   5.2320600290783991E-016  -7.5333759390720642E-009  -3.5399290519574980E-009   8.9133439717051429E-009   1.9047354193708506E-009  -2.7570901163968167E-010  -1.1262526717130358E-010   3.7501521280649026E-010  -7.3145029413497229E-011  -4.2202458591773530E-016   1.6981950458082844E-016  -1.1727072685365530E-016   1.7950123941933840E-016   1.0671370541179609E-016   3.8670306137582597E-016  -2.3683481412645548E-016   4.2267715945829244E-016   1.4792638883866750E-016  -2.2763595910666332E-016   2.4530408740164014E-012  -2.0436243182237419E-016   1.7975721274904956E-015  -4.7978023299441634E-016  -5.3549713396701783E-018   2.3661038788691375E-015   2.0971757796980678E-016   2.6042997484914887E-010  -3.1070040797513260E-009  -1.4589078849868905E-009   3.6792350402720246E-009  -1.1301225041450314E-016   6.2480222368656800E-016  -1.2485247483985423E-016   5.2691637565004450E-017   5.3489588902851920E-016   6.0320660319299245E-017
  -1.9921903003059778E-009   9.5743876261737132E-010  -8.6838186255107268E-009  -4.8913924648374496E-009   5.0171689110634514E-016  -5.7678610649149935E-015   1.1291266794932402E-015  -5.8118322662226770E-017  -3.4861363919483746E-015  -4.4359818945497135E-016  -2.5690727200276338E-009   1.2346367964639805E-009  -1.1198146188157228E-008  -8.2545054100760918E-009   6.9897634518193398E-011  -1.4505943385852094E-011   2.0117001060322069E-010  -1.6633490318984514E-010   1.8855233950544037E-016  -3.6012770792252624E-016  -1.3919392156475487E-016  -1.6135121514537435E-017   4.4905595506953649E-017  -2.3683481412645548E-016   4.2500020492937483E-016  -3.3940839351298745E-016  -2.1006937298211732E-016   3.5672839427514921E-016   7.6787955575995254E-012  -3.8475484000064955E-017  -2.4646988102141314E-015   3.9592036819721121E-016   2.7598282593251769E-016  -9.7394898966487450E-016  -2.3750769443419426E-016  -1.1632554133207639E-009  -1.0491938482419992E-009   5.0542607888785152E-010  -4.5798055636730610E-009   3.3907228477136488E-017  -6.5760220896865190E-016   1.0468691503192428E-016   3.9020195053871945E-017  -1.7016710218433331E-016  -7.2927589405209144E-017
  -1.7046583953859343E-009  -1.6896779432098093E-009   1.3357342064385209E-008  -8.8552860498835296E-009  -1.1955172163681219E-015   9.1892240556675671E-015  -1.3278906083412289E-015   5.6250498118481500E-016   6.3258419425549397E-015   6.3301358794922310E-016  -2.1974765218088616E-009  -2.1793583521429864E-009   1.7223245677978383E-008  -1.4944261519669181E-008  -2.3103628995911502E-010   1.9900102328732019E-010   2.6756129232343408E-010  -1.8034908253831271E-010  -5.0272016222278647E-016   4.1729746380986726E-016  -3.9696009371713820E-016   2.5179241081427835E-016   7.8467727838718259E-017   4.2267715945829244E-016  -3.3940839351298745E-016   1.0556186493760781E-015   3.8065745581238974E-017  -4.9093401437144622E-016   1.1030840155238956E-011  -4.7582685041434067E-017   3.5273187005599316E-015  -1.3584203655503904E-016   4.1397128985872952E-016   2.6290732486672682E-015  -3.6638870798140903E-016  -2.0973445287823197E-009  -9.1583995379428160E-010  -8.8119485829554148E-010   7.0804566032758597E-009  -8.9290807284184439E-017   1.0591390973132157E-015  -4.0483478703846222E-017   1.1734860130150160E-016   4.9866719332845727E-016  -2.8058003290300757E-017
  -1.2815633664626841E-009   9.0238227545060037E-010   3.5577257235078540E-009   5.5293867956291730E-009  -3.9082668375363861E-016   2.2942387580153761E-015  -3.0864574694143449E-016   1.8283114842123011E-016   1.8899192731901707E-015   2.0799497511284142E-016  -1.6520728559571746E-009   1.1636917151685120E-009   4.5869586307431436E-009   9.3304682200061127E-009  -1.7103868443571726E-010  -3.3127592100378547E-011   2.3316768215246006E-010   3.6813134370929001E-010  -1.0685335927893751E-016   1.1239241527893663E-016   1.1609910537590585E-016  -4.5678028167623025E-018   9.2956790366888098E-019   1.4792638883866750E-016  -2.1006937298211732E-016   3.8065745581238974E-017   1.6944561540106354E-016  -1.1490740303373683E-016  -1.3049083003232985E-011  -2.5772862940452034E-017   9.2914617082569264E-016  -3.7097033018158427E-016  -1.7380950666456499E-016   6.4205001272930426E-016   1.9958266076087530E-016   1.3277905780815975E-009  -6.8836525573360242E-010   4.7515177156125128E-010   1.8959397363135257E-009  -1.9188622601017949E-017   2.8290065471455872E-016  -8.7285679950951363E-017  -4.1796004037835137E-017   1.5304024844241835E-016   6.0984799137052883E-017
  -2.3420758589207076E-009   2.3502793293750973E-009  -8.7213978502851104E-009  -2.2104706128337484E-010   4.2724392233047936E-016  -5.9536964917191491E-015   1.2367375588873599E-015   1.6173361276589646E-017  -3.4916500057383531E-015  -4.4341745121437704E-016  -3.0205396224677663E-009   3.0308478597811500E-009  -1.1245046249011544E-008  -3.7342255642203385E-010   1.7655620153408522E-010  -7.7804675105482559E-011  -3.5898735211066094E-010   9.4896828368870707E-011   2.1979825765424248E-016  -3.6369277242802940E-016  -8.4553290853626244E-018  -6.7254839461498536E-017   2.9575520793536863E-017  -2.2763595910666332E-016   3.5672839427514921E-016  -4.9093401437144622E-016  -1.1490740303373683E-016   3.7222211263086796E-016  -2.5616051346670050E-012  -3.2179816179165883E-017  -2.4948153316187838E-015   2.0510691517970008E-016   1.2709865791339840E-016  -1.0911481756206289E-015  -9.4919009133268049E-017  -4.5284737628111215E-011  -1.2275980478908590E-009   1.2380746025884161E-009  -4.6344886401490388E-009   4.4997795621292403E-017  -6.6372578036464899E-016   6.2492728663405464E-017  -1.0792024006703929E-017  -1.8187054412088698E-016  -3.4205802283070039E-017
  -3.4060869215188406E-009   1.1634403699870381E-009   6.3747550627722910E-010  -3.5486804895991023E-004  -5.3684015437419866E-012   2.5545224236397218E-012  -3.5233543322167736E-012  -8.0885936958897643E-012  -9.1282025277175295E-012   1.3451442337484786E-011  -4.5216557059641941E-009   1.9679524840061241E-009   7.4740332187056186E-010  -3.6755433362846082E-004  -3.2059778015114139E-009  -6.6125208320974347E-009   1.3866945564622655E-009   1.6509836696070821E-004  -6.2363624755163559E-012   2.7563769461812572E-012  -7.5989724151108139E-012   5.9138523991745081E-012  -7.1242323908686474E-012   2.4530408740164014E-012   7.6787955575995254E-012   1.1030840155238956E-011  -1.3049083003232985E-011  -2.5616051346670050E-012   2.0003326726257198        1.3297021081825775E-011  -5.2882199088024023E-012   3.1091316638449284E-011   4.3193138957162563E-011   2.2916681645302402E-011  -5.6487372831167234E-011  -1.2219879876012307E-003  -1.8116429132999588E-009  -1.9160653683461349E-010   4.8442126692001754E-010  -1.1994606932331085E-011   7.0768557051530186E-014  -1.4513976408691166E-011  -1.9813572134908648E-011  -7.5558218005400304E-012   3.1811443046483069E-011
   6.4860328530975795E-009   4.1170099992559986E-009   2.4751048250264272E-010  -5.3176969677831486E-010   5.4418792977728229E-017  -5.6575317281321722E-016   3.9702739775018885E-016   1.9445736750001106E-016  -2.1443259663553764E-015  -2.4887608973404006E-016   8.3582634080629619E-009   5.3334836359580375E-009   3.1578969938472084E-010  -8.9935860785788728E-010   1.9148309360612771E-009  -8.8821509310556125E-009   1.2105604372089736E-009   4.9435614146011265E-010   2.5807246931351719E-016   7.7395826826079799E-017   9.0756561142798534E-017  -1.4187683139108408E-016  -1.1721349053247795E-016  -2.0436243182237419E-016  -3.8475484000064955E-017  -4.7582685041434067E-017  -2.5772862940452034E-017  -3.2179816179165883E-017   1.3297021081825775E-011   2.9787780118972281E-016   9.3297817935293762E-017   2.5625292658903895E-016  -2.5912082435473224E-017  -1.4833727914902178E-015  -2.7196575453497156E-016  -9.0033015204413028E-011   3.5490328158960479E-009   1.6252527211684520E-009   2.0611882264515759E-010   1.6667719276547459E-016  -8.8050393678856221E-017   6.4525594242496663E-017  -1.7207623485037144E-016  -3.5885822304794422E-016   5.3990247832566534E-018
   6.6344741685010291E-009  -8.5849739784982279E-009   6.2897609047799826E-008   2.3763596795196220E-009  -4.2996076392459792E-015   4.2458335782222464E-014  -7.5517267623831377E-015   1.1767931138971795E-015   2.6889737914756798E-014   3.1228156685312555E-015   8.5194131205138552E-009  -1.1076325016447240E-008   8.1127866526568594E-008   4.0106424342324292E-009   1.2790272609459958E-008   2.2249408530998559E-009  -8.2098584520643623E-009  -2.1346710459718330E-011  -1.7582112932451596E-015   2.3775894953268773E-015  -1.8016606973431070E-016   5.6131783700413713E-016  -5.4107170475211791E-017   1.7975721274904956E-015  -2.4646988102141314E-015   3.5273187005599316E-015   9.2914617082569264E-016  -2.4948153316187838E-015  -5.2882199088024023E-012   9.3297817935293762E-017   1.7542727725455798E-014  -1.8772349001356042E-015  -3.9419841050809310E-016   9.0955313041746601E-015   3.0090178171405063E-016   5.5787739033735486E-010   4.3033592651223076E-009  -4.4017721134787588E-009   3.2752268733099678E-008  -3.2431982227811802E-016   5.0025253880503197E-015  -5.5515641928586048E-016   7.5059053299701584E-017   1.6026491161990990E-015   2.4926101084131512E-016
   8.4154490875071843E-009   8.4280693302118980E-010  -7.3216384399165491E-009  -1.1482894840788963E-008   9.5695687254237962E-016  -5.2653257373385347E-015   8.6693553935176998E-016  -3.4227729062314924E-016  -5.7718188074418213E-015  -6.1467843916498890E-016   1.0858524170097099E-008   1.0843953456987604E-009  -9.4469702863132948E-009  -1.9384148921828386E-008  -2.5155233174903422E-009   8.5817614268812151E-010   2.1147632882421860E-009   1.2023061514524150E-009   4.4204936931299895E-016  -1.6021217843143997E-016  -1.3933846666176786E-016  -1.1328974045892433E-016  -1.0647257126509421E-016  -4.7978023299441634E-016   3.9592036819721121E-016  -1.3584203655503904E-016  -3.7097033018158427E-016   2.0510691517970008E-016   3.1091316638449284E-011   2.5625292658903895E-016  -1.8772349001356042E-015   9.9331306925393263E-016   3.4713734404236082E-016  -2.6166699049761243E-015  -6.0339080107842816E-016  -2.6175713773302610E-009   4.2940615310010155E-009   4.9903628852330578E-010  -3.7405219896228629E-009   1.1558039836484071E-016  -7.0907958929755610E-016   2.5509876008294401E-016   5.1789014468819774E-017  -6.2508680155919280E-016  -1.6736972637167085E-016
  -5.2874297066690785E-009   9.1232000781898704E-009   7.1586157138633662E-010  -1.3141158156715039E-008  -1.1430674832096428E-015  -2.2206162624888653E-016   1.5506756538990107E-015   1.4001017998978706E-015   2.9693923386658076E-016  -2.5703279617987904E-016  -6.8154106144775867E-009   1.1726151361568114E-008   9.2029974093718550E-010  -2.2181969019551790E-008  -9.3549671796430561E-010   1.3664271246049609E-008   1.0017186502637876E-009   9.9336283307309815E-010  -8.1388299890359822E-017  -1.9645717739760606E-016  -5.8449199259821870E-016   1.1454768310054990E-016   1.2524212651932417E-016  -5.3549713396701783E-018   2.7598282593251769E-016   4.1397128985872952E-016  -1.7380950666456499E-016   1.2709865791339840E-016   4.3193138957162563E-011  -2.5912082435473224E-017  -3.9419841050809310E-016   3.4713734404236082E-016   1.1709958731206774E-015   5.3273755327892077E-016  -1.1450842243618716E-015  -3.0227865610137450E-009  -2.8543084405786711E-009   5.6738029851028346E-009   4.4082163265107825E-010  -3.4053574618337092E-017   3.3863949655025445E-017   1.3495092030377979E-016   2.6133824148107979E-016   1.1871420613190902E-016  -2.2728497560786319E-016
  -4.3867362016238212E-008  -1.8889211905613874E-008   3.6011886730925756E-008  -3.8726734254461885E-009  -4.3462203078057816E-015   2.7914824158631658E-014  -5.0073283907362237E-015   1.3188514943637711E-015   2.9658773361700049E-014   3.0273702828161747E-015  -5.6585328073480755E-008  -2.4354342262351919E-008   4.6409010136537686E-008  -6.5363882201850096E-009   6.9705816023807538E-009  -1.0293860658853128E-009   9.8971836790858101E-009   1.4928724313962961E-010  -2.7245201025492994E-015   6.6463048615317041E-016  -1.1651402408140315E-015   1.2892153952656508E-015   8.3426847971220138E-016   2.3661038788691375E-015  -9.7394898966487450E-016   2.6290732486672682E-015   6.4205001272930426E-016  -1.0911481756206289E-015   2.2916681645302402E-011  -1.4833727914902178E-015   9.0955313041746601E-015  -2.6166699049761243E-015   5.3273755327892077E-016   1.5414307937741048E-014   9.5063580138639244E-016  -9.0100743149778007E-010  -2.2765412634816010E-008  -1.0053241495804333E-008   1.9659393781633067E-008  -7.4759018707148223E-016   3.5153836070599963E-015  -7.0583758991517318E-016   4.8744541668712725E-016   3.6114504546494317E-015   2.6014474494384001E-016
