   1.1209166202971645        4.9866939977911601E-015   1.7080816107008877E-014  0.10503525960315509        3.5707723147135352E-015  -9.5289068611485983E-015  -2.0393605830192885E-002   1.1333369156348145E-014   1.1521755816062767E-014  -2.1134403864896776E-015  -7.4974149934893589E-017  -3.3226489182036521E-017  -9.0673676473989134E-017   3.0135905665143164E-017   7.9158059459242806E-017   3.2528653581315818E-017  -9.3638974561279956E-015  -2.8113733432069568E-014   2.1668568995944386E-016   9.1883183332963229E-017  -1.5205819024809957E-014   3.7643779357886702E-017  -1.4556780530017333E-014   4.8515080237183531E-016  -1.6189145469525893E-016   2.2388582900508477E-016  -2.3409899514297338E-016  -3.4824922773397337E-015  -3.9426744250228500E-016   8.6008313539446861E-017   3.3128887411525341E-017   4.7944821309225089E-016  -4.1400241667800098E-017  -8.8864889541890092E-017   1.7607662786679894E-002   2.0488945315504844E-015  -5.6701005261314934E-015  -5.2607375263560882E-015   9.8020284287956310E-016   7.0553207124202994E-017   5.1797792808511455E-015   2.8731556610238575E-016   8.0674535400509868E-017  -7.9306421106816644E-015   1.1901369202019118E-014
   4.9866939977911601E-015   1.1209166202966492        6.1834141714689679E-015  -4.8550885725044559E-015  0.10503525960328244       -1.8582506749870018E-016  -9.6931775116983086E-015  -2.0393605830151627E-002  -1.9138763415091616E-014  -4.7704210540080127E-015   1.1258402808325413E-016   4.3980015768581133E-017  -5.6302197751397900E-017  -6.1044818039425919E-017   8.2131432414451305E-017   7.0382097789470970E-017  -9.8530497395586373E-015  -1.1878034351930237E-015   1.2467847135883660E-015  -2.1090414109669719E-016  -4.8908568555743250E-016   5.9554838436069258E-017  -6.9058501167424137E-016   1.3153552739157404E-014  -1.5149991461345605E-016   5.1605493032389776E-015  -3.1685981919198680E-016  -6.4366029525161925E-015   5.3071764781614750E-017  -1.0144242720352446E-016  -1.0490174938182594E-017   3.0321651436279202E-017   1.4739296300370239E-018  -1.1863052003113779E-016  -3.1252048671156653E-015   1.7607662786779301E-002  -1.3361997904773387E-016   1.6848408301225454E-015  -1.2205740848401270E-015  -2.0434860939099387E-016  -3.2683001801106682E-016   8.0409242276430925E-017  -1.1829397250005902E-015  -1.0785128290731235E-014   5.6682563513083197E-015
   1.7080816107008877E-014   6.1834141714689679E-015   1.1209166202965477       -6.0964451715496178E-015  -3.9791858387804548E-015  0.10503525960328509       -1.7733650960900816E-014  -5.1635865709746930E-014  -2.0393605830257584E-002   1.1854635478904834E-014  -1.1802512215373378E-017   1.9783673312974290E-017  -2.4380078606387942E-017  -3.0541954270327360E-016   7.8895719132058021E-018  -5.9364182238734227E-016   4.9317333832945336E-014   4.0420243611373788E-016  -3.7303147653350433E-016   1.1975379046727168E-014   2.6421740559877679E-016   8.5770862910957964E-018   4.2256236295364967E-016  -5.1387323500078444E-016   1.5210229271507905E-014  -3.2291535629767789E-016   3.9349218832438881E-014   1.8015144396093660E-014   5.4110189069582680E-016  -1.2965555425978564E-017  -6.2637208417195044E-017  -5.6619217848524185E-017  -1.6877010279845082E-016   4.4188048238591746E-016  -4.0728096544658710E-015  -1.8032727465220299E-015   1.7607662786783222E-002   5.8997528429183625E-015  -1.2535047980489815E-016  -1.5135610129372742E-015  -5.0555498879395031E-015  -1.7222752265779481E-015  -6.9109134320021435E-016   3.9656007037228736E-014  -7.1524061658969519E-015
  0.10503525960315509       -4.8550885725044559E-015  -6.0964451715496178E-015   9.8425599944512044E-003  -1.6463534358227358E-016  -1.6115924534397893E-015  -1.2000618281643922E-003  -7.7143081733690451E-015  -5.8152288072075340E-015   2.5993400343569645E-015  -6.0260709697989865E-019  -4.3820728474322194E-018  -9.2599137462127683E-018  -4.0787880035347755E-018   6.8028602768053441E-018   3.5384564316863271E-018   6.8551141532933881E-015  -2.6366181608717057E-015   2.0752120600653985E-017   8.9187535126767384E-018  -1.4250127841443868E-015   3.5456706628850606E-018  -1.3644338279036259E-015   4.6216188791377719E-017  -1.4599651702277750E-017   2.1222994995575442E-017  -2.1191842323685243E-017   3.6316782119001555E-015   3.0149334863735291E-016  -5.9141695464137396E-017  -2.0658895638617189E-017  -3.0716536967556440E-016  -1.3772592794751260E-017   5.3301088032968932E-018   1.6500334895378974E-003   1.0941451557087905E-016  -6.4910370449718742E-016   4.1858498716893543E-015  -8.3732542037271881E-016  -3.2588186189122721E-016  -4.3873024529603154E-015  -1.1739210496970610E-016   2.0142620127192076E-016   6.8654388596895564E-015  -7.8505202974998856E-015
   3.5707723147135352E-015  0.10503525960328244       -3.9791858387804548E-015  -1.6463534358227358E-016   9.8425599944795446E-003  -4.2663339753011858E-016   6.4949557213137785E-015  -1.2000618282344607E-003   1.2392344897369891E-014   1.9887271664104450E-015   7.3886563741231774E-018   6.2829398429864193E-018  -4.8280039859990189E-018  -5.5258582125387174E-018   7.5345218441357202E-018   7.9681320301719511E-018   5.7437681961511029E-015  -1.1162027996186437E-016   1.1322717960707036E-016  -1.8621573472728277E-017  -4.6042471237492817E-017   5.5303641136127160E-018  -6.4777875835964655E-017   1.2253183218456297E-015  -1.2968447109701875E-017   4.7976655814429518E-016  -2.7030879482863359E-017   2.9615087048961462E-015  -1.1732908182942526E-016   9.9488774690427933E-017   2.2378470367561432E-017   3.3664788716190157E-017   9.2921235388351818E-018   8.0246346045614461E-017  -2.4553788419757234E-016   1.6500334895499398E-003  -7.3217795160061504E-017  -1.5388491660171171E-015   1.3936575078707521E-015   3.0376335870775735E-016   3.9869426111857429E-016   1.3230360090311996E-016   1.1564525959832654E-015   5.5855524291986331E-015  -3.3084476211085614E-015
  -9.5289068611485983E-015  -1.8582506749870018E-016  0.10503525960328509       -1.6115924534397893E-015  -4.2663339753011858E-016   9.8425599944809896E-003   1.2767216086029327E-014   3.1526797519153181E-014  -1.2000618281636896E-003  -1.1794661312516674E-014  -6.9040591446825413E-018   2.0194666580542197E-018   1.5919130191653462E-019  -2.3019297999522548E-017   3.4438373611003997E-018  -5.5616426977457914E-017  -3.0551462947610714E-014   3.7619790127966251E-017  -3.4878356713876275E-017   1.1196937768152129E-015   2.5228325181061042E-017   6.8940641879182448E-019   4.0031395667779725E-017  -4.6586552779339709E-017   1.4228264837789760E-015  -3.0216843488525781E-017   3.6821162931789476E-015  -1.7673989335432407E-014  -2.7273817115896807E-016   7.0389950487845560E-018   1.2440048505943926E-016   2.8260225884908476E-016   1.0345834896679863E-016   7.6584488877717995E-017  -5.5550500999682132E-016  -1.7163974538771371E-016   1.6500334895505314E-003  -3.9126527322847491E-015   1.0262734176374510E-016   1.6600110615267574E-015   3.5045418909484155E-015   1.4905688902245667E-015   4.2400527697810010E-016  -3.1177214245763382E-014   4.1817989513996700E-015
  -2.0393605830192885E-002  -9.6931775116983086E-015  -1.7733650960900816E-014  -1.2000618281643922E-003   6.4949557213137785E-015   1.2767216086029327E-014   1.9998979015095606        3.4983823143218191E-016  -4.0666998665811845E-015  -4.8035530967730554E-016  -8.3274531075795169E-016   1.8483266725544348E-016  -8.0330179730348699E-016   2.6526759424247818E-016  -1.1484155187909356E-015   5.9731550247588337E-016  -1.9035424687954486E-015  -5.7510387146539700E-015   1.2550715342419848E-015   8.6702575078518095E-016  -1.5835777744563918E-016   5.0696093852744015E-017  -8.4255107316951163E-016   2.1153452538281499E-015   1.6071235533551827E-015   6.8169502497591294E-016   2.0978358479670101E-015  -1.5269737501734269E-015   4.6342187346045906E-016  -1.1001334181112814E-016   7.2675596424995868E-016   4.6512339646930139E-016   1.4614485215098395E-015  -9.1917592866285278E-016  -7.8760310991990933E-006   6.6046174500835341E-015   1.1691883616155848E-014  -3.6603428061360837E-015   8.7023558412421034E-017  -4.0678568589190797E-016   2.5757095968692464E-015  -7.2150228454296473E-016   1.0852149478250050E-015   8.1133016804528687E-016   8.7743007421333643E-015
   1.1333369156348145E-014  -2.0393605830151627E-002  -5.1635865709746930E-014  -7.7143081733690451E-015  -1.2000618282344607E-003   3.1526797519153181E-014   3.4983823143218191E-016   1.9998979015096401       -2.7188588754335424E-014   7.6898755238104177E-015  -2.0411752654042891E-015  -1.0510261098385751E-017  -4.3291671478412837E-017  -1.1860159847609480E-015  -9.5966522739930126E-016  -1.2574184907155007E-015  -1.4896112517418400E-014  -8.7112446869278838E-016  -1.0155153286008228E-014   3.2134544344690183E-015  -5.8961929524080702E-016  -1.4230343202334361E-016  -1.7517820675625419E-016  -2.0581778734567172E-014   3.4561296920740160E-015  -1.0786408138501100E-014   7.4884264510657013E-015   7.6138515085545348E-015   9.3977775525878806E-016  -3.0401310800336653E-017   7.1766625605811757E-017  -5.8685295874139700E-016   3.8914671195039476E-016  -6.7871882140036589E-016  -7.0974963059094057E-015  -7.8760311577511064E-006   2.3677681637343748E-014  -7.1759931193287120E-017  -2.4715596383212796E-016   1.4906689947750290E-016  -3.9220825644043631E-017   9.6815449243626575E-017  -1.9402165769536433E-016   1.6549508338271512E-015   3.8578913312710141E-015
   1.1521755816062767E-014  -1.9138763415091616E-014  -2.0393605830257584E-002  -5.8152288072075340E-015   1.2392344897369891E-014  -1.2000618281636896E-003  -4.0666998665811845E-015  -2.7188588754335424E-014   1.9998979015095455        2.5673612823770689E-016   1.7301751492755686E-015   3.4899709751046586E-018  -4.0325828082502538E-016  -3.1151072344313974E-016   9.3484914647482038E-016  -1.9293803729548644E-015   3.1017551660112251E-014  -7.2714237074926392E-016   2.2189608620168629E-016  -7.1274158148697205E-015   1.3168012906294593E-015  -3.2165818929850289E-016   1.2165736068986992E-015   4.4134140599740592E-015  -7.1532580032916012E-015   1.2364730362072077E-016  -1.5043597276236872E-014  -2.0706340671395221E-015  -1.6459920501574848E-015  -4.5036306477778601E-017   5.4941383815819173E-017   8.7735529948414766E-016  -4.1072389129642736E-016  -2.4975967248404667E-016  -3.2898088086174979E-015   1.0066980437128530E-014  -7.8760311017025161E-006   3.7593436281569269E-015  -1.2384742265302548E-016  -5.8230598409028089E-016  -1.8841731990793360E-015  -6.8689223929531873E-016   2.4735456094511521E-015   2.4375490434831324E-014   6.1029701352459296E-015
  -2.1134403864896776E-015  -4.7704210540080127E-015   1.1854635478904834E-014   2.5993400343569645E-015   1.9887271664104450E-015  -1.1794661312516674E-014  -4.8035530967730554E-016   7.6898755238104177E-015   2.5673612823770689E-016  0.11384035622553262        1.3616945066088271E-014   3.6795408531809969E-017  -2.3440443593884088E-016   9.2334494395562353E-015  -1.6346193641884874E-016   1.0307176301567218E-014  0.30972193318991659       -6.6730189652377649E-017   2.9174125299889684E-016  -3.5429527406488721E-016   1.0296236386469242E-016  -3.7695677121534708E-017  -2.4539862747780462E-017   5.2300169008406497E-016  -4.3136980708622010E-016   2.9045240926541295E-016  -8.0502808436410301E-016  0.17221022578101988        1.2637639017209572E-015   5.4951536923866033E-016   4.2504685422986340E-016   6.1186455707027663E-015  -6.3181830546212035E-018   4.1234539450955047E-015   1.1429410791940549E-015   1.8096781409228826E-015  -8.5540893925766842E-015   1.1755598457486641E-014   6.3330652499417563E-015   4.8619565221122229E-015  -3.4946161265100970E-015  -1.1005539341528239E-015  -4.6720923819376650E-015  0.30761561212722310        4.4893875107062699E-003
  -7.4974149934893589E-017   1.1258402808325413E-016  -1.1802512215373378E-017  -6.0260709697989865E-019   7.3886563741231774E-018  -6.9040591446825413E-018  -8.3274531075795169E-016  -2.0411752654042891E-015   1.7301751492755686E-015   1.3616945066088271E-014   3.9072095140207532E-006  -8.5198534478955716E-018  -2.4238865218131244E-018  -1.9536047570086393E-006  -5.0412289790040153E-019  -1.9536047570188380E-006   3.6898178977873082E-014   3.2223503369325658E-019  -4.0736607604943466E-019  -2.3288444424228290E-019  -2.2713183890206487E-019  -1.9720759059289635E-019  -2.1120605144203942E-019   3.2395765912963835E-019  -3.1706769451575214E-019  -1.2873857509690183E-019  -5.8209052413945280E-019   2.0808948301170302E-014   1.9670155561442919E-004  -4.1032822026922056E-016  -2.0819624820340493E-016  -9.8350777807042507E-005  -1.1901845064890430E-016  -9.8350777807403316E-005   4.5945995526501388E-018   8.1127830429835642E-019  -2.0378680182927800E-018   2.7214211484953522E-003  -5.6093266153928943E-015  -2.8465946678987072E-015  -1.3607105742452087E-003  -1.6175240004580931E-015  -1.3607105742501479E-003   3.6782088333079514E-014   6.9945834879306643E-015
  -3.3226489182036521E-017   4.3980015768581133E-017   1.9783673312974290E-017  -4.3820728474322194E-018   6.2829398429864193E-018   2.0194666580542197E-018   1.8483266725544348E-016  -1.0510261098385751E-017   3.4899709751046586E-018   3.6795408531809969E-017  -8.5198534478955716E-018   3.9072095139960512E-006  -9.5818031306649245E-018  -2.2099914706490307E-018  -7.0988268261143399E-018  -6.1946913199623749E-018   8.8855903816645929E-017   1.2533341185516541E-018  -4.9303646449796486E-019   7.0004492932300408E-019  -1.0730662112119473E-018   2.9776174112523471E-019  -6.0882743295348586E-019   3.0915743271172489E-019  -2.3969560267544440E-020  -2.4718768328882226E-019   1.9964556070608149E-019   4.3265971423683330E-017  -2.7781850180605635E-017   1.9670155561381017E-004  -2.7212146325476585E-016  -6.7231236756863996E-017  -1.2698430375896514E-016   8.3261231058898701E-017  -1.1297520089737266E-018   1.1645358736078666E-018  -1.5620464985203965E-018  -3.1738885692945919E-016   2.7214211484867545E-003  -3.7835655073179558E-015  -8.3745236934614465E-016  -1.8074912691471466E-015   1.1571935691190289E-015   7.7268480557658629E-017   3.9632416686139436E-016
  -9.0673676473989134E-017  -5.6302197751397900E-017  -2.4380078606387942E-017  -9.2599137462127683E-018  -4.8280039859990189E-018   1.5919130191653462E-019  -8.0330179730348699E-016  -4.3291671478412837E-017  -4.0325828082502538E-016  -2.3440443593884088E-016  -2.4238865218131244E-018  -9.5818031306649245E-018   3.9072095140175844E-006  -2.3407268494988063E-018   3.4057297915934243E-018  -2.6592645132704506E-018  -6.5730739139127888E-016  -3.7933542120067915E-019  -1.8584660687275664E-018  -4.2713536248498520E-019  -1.1519599376726438E-018   4.7424387569863851E-019   1.6607821047026306E-018   7.6739130072530426E-019  -2.2778955408105946E-019   7.8371739978967508E-019   1.4270654520451592E-019  -3.6348599644736989E-016   8.3719221111730519E-017  -2.0709734537707999E-016   1.9670155561434858E-004  -5.9712803572206493E-017   6.0360004159114416E-017  -2.8427788903513748E-017  -1.0109710380877724E-018  -1.0203762295244032E-018  -6.5942741901544991E-020   1.1590154575792187E-015  -2.8868375208600499E-015   2.7214211484942507E-003  -7.9272267698400737E-016   8.5323805916298110E-016  -3.7032848230730418E-016  -6.4676023525731098E-016  -1.9405110883910084E-016
   3.0135905665143164E-017  -6.1044818039425919E-017  -3.0541954270327360E-016  -4.0787880035347755E-018  -5.5258582125387174E-018  -2.3019297999522548E-017   2.6526759424247818E-016  -1.1860159847609480E-015  -3.1151072344313974E-016   9.2334494395562353E-015  -1.9536047570086393E-006  -2.2099914706490307E-018  -2.3407268494988063E-018   3.9072095140133688E-006   2.9061783653614861E-019  -1.9536047569967419E-006   2.5080406011018075E-014   2.5635022445767811E-019   1.0194547604845906E-018   2.9594482070854798E-019  -2.4488436014181488E-019   7.6469089627957529E-019  -9.6036992418057918E-020   3.1935012703619892E-019   1.6363901436706433E-019  -1.2795285633020780E-018  -4.0126073032248784E-019   1.4099498281727263E-014  -9.8350777807304707E-005  -4.7471703448504652E-017  -5.8874661162157338E-017   1.9670155561425973E-004  -8.1072581468428012E-017  -9.8350777806943438E-005  -4.9572487871489436E-018  -1.4540462478054381E-018  -3.7449135866584146E-019  -1.3607105742489351E-003  -7.0506657246489960E-016  -8.3979375370085564E-016   2.7214211484927909E-003  -1.1128000561928041E-015  -1.3607105742438421E-003   2.4918877608869674E-014   5.0731963302691092E-015
   7.9158059459242806E-017   8.2131432414451305E-017   7.8895719132058021E-018   6.8028602768053441E-018   7.5345218441357202E-018   3.4438373611003997E-018  -1.1484155187909356E-015  -9.5966522739930126E-016   9.3484914647482038E-016  -1.6346193641884874E-016  -5.0412289790040153E-019  -7.0988268261143399E-018   3.4057297915934243E-018   2.9061783653614861E-019   3.9072095140124159E-006  -5.4674051999573297E-018  -4.1081309889616301E-016   1.6027068536807419E-019   4.1377308806726969E-019   7.0037378652849961E-019   3.3009600927396528E-019  -4.4800604588121423E-019  -5.4512169765220189E-019   5.1510810649146069E-021   4.5744758084387062E-019  -5.5354087100383717E-019  -9.1295538904657293E-019  -2.8624807114180242E-016   9.0286552101924148E-017  -2.2697078890040434E-016   1.0750896530725988E-016   9.3149367953678404E-017   1.9670155561421994E-004  -1.8817304197583169E-016   9.5807987405632700E-019   8.6100424351337428E-019   1.8236986272204091E-018   1.2666068530888830E-015  -3.1384327164171747E-015   1.5177434133923082E-015   1.3156878331104161E-015   2.7214211484924500E-003  -2.5824768247527468E-015  -4.3071771944191236E-016  -1.2374483948113010E-015
   3.2528653581315818E-017   7.0382097789470970E-017  -5.9364182238734227E-016   3.5384564316863271E-018   7.9681320301719511E-018  -5.5616426977457914E-017   5.9731550247588337E-016  -1.2574184907155007E-015  -1.9293803729548644E-015   1.0307176301567218E-014  -1.9536047570188380E-006  -6.1946913199623749E-018  -2.6592645132704506E-018  -1.9536047569967419E-006  -5.4674051999573297E-018   3.9072095140143166E-006   2.7958889145315849E-014  -5.7858525817037523E-019  -6.1208868432737770E-019  -6.3060376576820079E-020   4.7201619907946916E-019  -5.6748330569662081E-019   3.0724304385069516E-019  -6.4330778596825592E-019   1.5342868001225533E-019   1.4082671385023248E-018   9.8335125417922216E-019   1.5862381504619792E-014  -9.8350777807462987E-005  -3.9423593761270753E-016  -1.0667109421246528E-016  -9.8350777806815082E-005  -8.5904352703044458E-017   1.9670155561428315E-004   1.7391468512335873E-019   1.8574637307532321E-018  -1.1978138780953326E-017  -1.3607105742511007E-003  -5.4737616921023614E-015  -1.4844369794104644E-015  -1.3607105742420185E-003  -1.2265022584038791E-015   2.7214211484931101E-003   2.7786910229188931E-014   9.5710396350594315E-015
  -9.3638974561279956E-015  -9.8530497395586373E-015   4.9317333832945336E-014   6.8551141532933881E-015   5.7437681961511029E-015  -3.0551462947610714E-014  -1.9035424687954486E-015  -1.4896112517418400E-014   3.1017551660112251E-014  0.30972193318991659        3.6898178977873082E-014   8.8855903816645929E-017  -6.5730739139127888E-016   2.5080406011018075E-014  -4.1081309889616301E-016   2.7958889145315849E-014  0.84299815865548444       -1.8521412689058481E-016   8.0308604472702831E-016  -9.7701932949667989E-016   2.8199137972119020E-016  -1.0355505930241176E-016  -6.3718955956844539E-017   1.4209613536215067E-015  -1.1825901896071279E-015   7.9595570027885533E-016  -2.1859312203250858E-015  0.46774907659992693        2.1611017422843467E-016   1.1766948910005721E-015   3.7929351860135408E-017   1.7654993756689119E-014   8.3754103019426204E-016   1.3152528013606382E-014   3.1616223089763523E-015   5.0156376655159734E-015  -2.3050720219732993E-014  -1.1887122870334989E-014   1.3072170802784105E-014  -2.1535635952021878E-015   6.3077348009446645E-015   9.1185341979404502E-015   1.5009957695367249E-014  0.83705929376296595       -1.3620550878529113E-002
  -2.8113733432069568E-014  -1.1878034351930237E-015   4.0420243611373788E-016  -2.6366181608717057E-015  -1.1162027996186437E-016   3.7619790127966251E-017  -5.7510387146539700E-015  -8.7112446869278838E-016  -7.2714237074926392E-016  -6.6730189652377649E-017   3.2223503369325658E-019   1.2533341185516541E-018  -3.7933542120067915E-019   2.5635022445767811E-019   1.6027068536807419E-019  -5.7858525817037523E-019  -1.8521412689058481E-016   7.2740680593663958E-028  -6.5350156544048481E-030   1.2177804185957628E-030   3.8277627655131886E-028  -8.4395882755257500E-031   3.6865177761375151E-028  -2.5613554192633049E-029   5.9703317251178679E-030  -9.2273832050849206E-030   1.5949107078952672E-029  -9.2738686894410755E-017   1.6222353107591322E-017   6.3096890489177181E-017  -1.9096971171597171E-017   1.2905498861339190E-017   8.0685443199561375E-018  -2.9127851968937806E-017  -4.4259682748334095E-016  -1.8797849514202646E-017   6.2368381014147167E-018   2.2444080163709307E-016   8.7296316312886602E-016  -2.6421194817826187E-016   1.7855119357567894E-016   1.1163057191549627E-016  -4.0299199521276974E-016  -1.8178256903688583E-016   2.6988971415752326E-016
   2.1668568995944386E-016   1.2467847135883660E-015  -3.7303147653350433E-016   2.0752120600653985E-017   1.1322717960707036E-016  -3.4878356713876275E-017   1.2550715342419848E-015  -1.0155153286008228E-014   2.2189608620168629E-016   2.9174125299889684E-016  -4.0736607604943466E-019  -4.9303646449796486E-019  -1.8584660687275664E-018   1.0194547604845906E-018   4.1377308806726969E-019  -6.1208868432737770E-019   8.0308604472702831E-016  -6.5350156544048481E-030   5.5973536984856305E-029  -2.1660556423225333E-029   2.8611834488711713E-031   5.5597268919705334E-031  -4.1227513447741164E-030   1.2077519405527638E-028  -2.3644041107364363E-029   6.0656689412010256E-029  -5.3903272592311219E-029   4.2037152723002615E-016  -2.0508124938031652E-017  -2.4821049189734622E-017  -9.3561188736765693E-017   5.1322647669886058E-017   2.0830674628876375E-017  -3.0814522731825532E-017   3.6005076854601931E-018   1.8001400505502303E-017  -5.8260639805535726E-018  -2.8373565601958418E-016  -3.4340617175998945E-016  -1.2944452671523425E-015   7.1006321393473787E-016   2.8819822138862219E-016  -4.2632755791514615E-016   7.9207822672207731E-016  -6.8439622224771196E-016
   9.1883183332963229E-017  -2.1090414109669719E-016   1.1975379046727168E-014   8.9187535126767384E-018  -1.8621573472728277E-017   1.1196937768152129E-015   8.6702575078518095E-016   3.2134544344690183E-015  -7.1274158148697205E-015  -3.5429527406488721E-016  -2.3288444424228290E-019   7.0004492932300408E-019  -4.2713536248498520E-019   2.9594482070854798E-019   7.0037378652849961E-019  -6.3060376576820079E-020  -9.7701932949667989E-016   1.2177804185957628E-030  -2.1660556423225333E-029   1.5931211596727994E-028  -4.4546509279191416E-030   1.1188307851507253E-030  -1.9884777573842498E-030  -5.6445806101745219E-029   1.9432019892064836E-028  -2.3098997968026132E-029   4.8505400467636907E-028  -5.0661103836627357E-016  -1.1724155637567861E-017   3.5242524390886903E-017  -2.1503374712161016E-017   1.4898818813400661E-017   3.5259080125792947E-017  -3.1746631758464798E-018   1.5790800512030199E-018  -2.8113626849648745E-018   1.8703273218537336E-016  -1.6220697899764336E-016   4.8759020183714628E-016  -2.9750521556833297E-016   2.0612933375021073E-016   4.8781925506936202E-016  -4.3922354752578056E-017  -9.6260856958507449E-016   9.6048600087942340E-016
  -1.5205819024809957E-014  -4.8908568555743250E-016   2.6421740559877679E-016  -1.4250127841443868E-015  -4.6042471237492817E-017   2.5228325181061042E-017  -1.5835777744563918E-016  -5.8961929524080702E-016   1.3168012906294593E-015   1.0296236386469242E-016  -2.2713183890206487E-019  -1.0730662112119473E-018  -1.1519599376726438E-018  -2.4488436014181488E-019   3.3009600927396528E-019   4.7201619907946916E-019   2.8199137972119020E-016   3.8277627655131886E-028   2.8611834488711713E-031  -4.4546509279191416E-030   2.0852028726589723E-028  -1.0849381673251698E-030   1.9864016480533981E-028  -3.8296964952842649E-030  -3.8842858173884229E-031  -1.9802897603391759E-030  -3.3675233721675436E-031   1.5157719924831217E-016  -1.1434550894880006E-017  -5.4021621381273263E-017  -5.7993386567348574E-017  -1.2328270192427528E-017   1.6618100025951169E-017   2.3762821087320852E-017  -2.3892511614845803E-016  -7.7762230146460099E-018   4.3569306295639611E-018  -1.5820021621928432E-016  -7.4740427163260385E-016  -8.0235475608851548E-016  -1.7056507317012516E-016   2.2991607116256859E-016   3.2876528938941325E-016   2.7896798526352889E-016  -1.3466858528254048E-016
   3.7643779357886702E-017   5.9554838436069258E-017   8.5770862910957964E-018   3.5456706628850606E-018   5.5303641136127160E-018   6.8940641879182448E-019   5.0696093852744015E-017  -1.4230343202334361E-016  -3.2165818929850289E-016  -3.7695677121534708E-017  -1.9720759059289635E-019   2.9776174112523471E-019   4.7424387569863851E-019   7.6469089627957529E-019  -4.4800604588121423E-019  -5.6748330569662081E-019  -1.0355505930241176E-016  -8.4395882755257500E-031   5.5597268919705334E-031   1.1188307851507253E-030  -1.0849381673251698E-030   3.7580949638304627E-031  -5.5247296994597058E-031   1.5359935417465961E-030   1.1097517263584731E-030   7.6123783218687778E-031   2.3689518056991246E-030  -5.4788813259853507E-017  -9.9280675143018926E-018   1.4990288458281168E-017   2.3874969529002864E-017   3.8497011312898738E-017  -2.2554072371457360E-017  -2.8568943798598972E-017   5.9934817681477844E-019   9.1343470754934441E-019   8.4489064203800451E-020  -1.3735759644968228E-016   2.0739484192171372E-016   3.3031689451032976E-016   5.3261694048900632E-016  -3.1204191214782620E-016  -3.9525934403932244E-016  -1.0225934788112294E-016   7.2725669852256550E-017
  -1.4556780530017333E-014  -6.9058501167424137E-016   4.2256236295364967E-016  -1.3644338279036259E-015  -6.4777875835964655E-017   4.0031395667779725E-017  -8.4255107316951163E-016  -1.7517820675625419E-016   1.2165736068986992E-015  -2.4539862747780462E-017  -2.1120605144203942E-019  -6.0882743295348586E-019   1.6607821047026306E-018  -9.6036992418057918E-020  -5.4512169765220189E-019   3.0724304385069516E-019  -6.3718955956844539E-017   3.6865177761375151E-028  -4.1227513447741164E-030  -1.9884777573842498E-030   1.9864016480533981E-028  -5.5247296994597058E-031   1.9194100944441907E-028  -1.1071003978141979E-029   2.3808078198896637E-030  -4.9763630846761035E-030   7.8817632179359274E-030  -4.3945443377288082E-017  -1.0632795278687718E-017  -3.0650340795143729E-017   8.3609139043889846E-017  -4.8348126039380918E-018  -2.7443188173824864E-017   1.5467607882621995E-017  -2.2883491882460920E-016  -1.0877236074269423E-017   6.8290435492865425E-018  -1.4710770257333279E-016  -4.2405605480821973E-016   1.1567558705409752E-015  -6.6890987355232495E-017  -3.7968419947209608E-016   2.1399868992856161E-016  -6.5091502443301524E-017  -2.2755434770179247E-016
   4.8515080237183531E-016   1.3153552739157404E-014  -5.1387323500078444E-016   4.6216188791377719E-017   1.2253183218456297E-015  -4.6586552779339709E-017   2.1153452538281499E-015  -2.0581778734567172E-014   4.4134140599740592E-015   5.2300169008406497E-016   3.2395765912963835E-019   3.0915743271172489E-019   7.6739130072530426E-019   3.1935012703619892E-019   5.1510810649146069E-021  -6.4330778596825592E-019   1.4209613536215067E-015  -2.5613554192633049E-029   1.2077519405527638E-028  -5.6445806101745219E-029  -3.8296964952842649E-030   1.5359935417465961E-030  -1.1071003978141979E-029   3.7640633254026976E-028  -5.9398754480814845E-029   1.7177626158571246E-028  -1.3116002847392633E-028   7.9553795632870670E-016   1.6309075635226611E-017   1.5563984405292133E-017   3.8632958400798452E-017   1.6077117579199736E-017   2.5932206928481686E-019  -3.2386193214374276E-017   7.9528315440427644E-018   2.0344059932820228E-016  -7.3838235003671801E-018   2.2564063211146632E-016   2.1533208612970047E-016   5.3449780654993469E-016   2.2243142739824556E-016   3.5877935048722580E-018  -4.4807205950967801E-016   1.4124558513051278E-015   1.6592205367374776E-016
  -1.6189145469525893E-016  -1.5149991461345605E-016   1.5210229271507905E-014  -1.4599651702277750E-017  -1.2968447109701875E-017   1.4228264837789760E-015   1.6071235533551827E-015   3.4561296920740160E-015  -7.1532580032916012E-015  -4.3136980708622010E-016  -3.1706769451575214E-019  -2.3969560267544440E-020  -2.2778955408105946E-019   1.6363901436706433E-019   4.5744758084387062E-019   1.5342868001225533E-019  -1.1825901896071279E-015   5.9703317251178679E-030  -2.3644041107364363E-029   1.9432019892064836E-028  -3.8842858173884229E-031   1.1097517263584731E-030   2.3808078198896637E-030  -5.9398754480814845E-029   2.3929789074528365E-028  -2.4783044553668890E-029   6.0077042237979277E-028  -6.3244131754539060E-016  -1.5962212548558623E-017  -1.2067051370566272E-018  -1.1467662402013499E-017   8.2381168906176349E-018   2.3029389758187447E-017   7.7240956579212236E-018  -2.2923450521823671E-018  -1.8401324444009962E-018   2.3785179715079211E-016  -2.2084168409731689E-016  -1.6695103756179621E-017  -1.5865832320015298E-016   1.1397665595438854E-016   3.1861806140321059E-016   1.0686502814291053E-016  -1.1692261536898923E-015   6.5070015071579806E-016
   2.2388582900508477E-016   5.1605493032389776E-015  -3.2291535629767789E-016   2.1222994995575442E-017   4.7976655814429518E-016  -3.0216843488525781E-017   6.8169502497591294E-016  -1.0786408138501100E-014   1.2364730362072077E-016   2.9045240926541295E-016  -1.2873857509690183E-019  -2.4718768328882226E-019   7.8371739978967508E-019  -1.2795285633020780E-018  -5.5354087100383717E-019   1.4082671385023248E-018   7.9595570027885533E-016  -9.2273832050849206E-030   6.0656689412010256E-029  -2.3098997968026132E-029  -1.9802897603391759E-030   7.6123783218687778E-031  -4.9763630846761035E-030   1.7177626158571246E-028  -2.4783044553668890E-029   8.3024303270553420E-029  -5.4482165006670207E-029   4.2653964651188475E-016  -6.4811159746443658E-018  -1.2444226923937204E-017   3.9454866995932461E-017  -6.4415603503601426E-017  -2.7867036572493630E-017   7.0896719478271386E-017   3.6240265701991314E-018   7.9392357314673587E-017  -5.0540375018967202E-018  -8.9668055873478073E-017  -1.7216936704791918E-016   5.4586914230751418E-016  -8.9120792725935060E-016  -3.8554826085325837E-016   9.8087598313282896E-016   7.8714490662766293E-016  -4.1486707270134468E-016
  -2.3409899514297338E-016  -3.1685981919198680E-016   3.9349218832438881E-014  -2.1191842323685243E-017  -2.7030879482863359E-017   3.6821162931789476E-015   2.0978358479670101E-015   7.4884264510657013E-015  -1.5043597276236872E-014  -8.0502808436410301E-016  -5.8209052413945280E-019   1.9964556070608149E-019   1.4270654520451592E-019  -4.0126073032248784E-019  -9.1295538904657293E-019   9.8335125417922216E-019  -2.1859312203250858E-015   1.5949107078952672E-029  -5.3903272592311219E-029   4.8505400467636907E-028  -3.3675233721675436E-031   2.3689518056991246E-030   7.8817632179359274E-030  -1.3116002847392633E-028   6.0077042237979277E-028  -5.4482165006670207E-029   1.5205572318952699E-027  -1.2273898399217707E-015  -2.9304318381742358E-017   1.0050802809865630E-017   7.1843087341355553E-018  -2.0200762094598047E-017  -4.5961125090850417E-017   4.9505080476296139E-017  -3.3501208799460651E-018  -3.8079813671573511E-018   6.1586918669995663E-016  -4.0543345748972108E-016   1.3905567366097120E-016   9.9396924774276632E-017  -2.7948320494015181E-016  -6.3588504646130179E-016   6.8491666242981436E-016  -2.1736051986315700E-015  -3.5042059724549259E-016
  -3.4824922773397337E-015  -6.4366029525161925E-015   1.8015144396093660E-014   3.6316782119001555E-015   2.9615087048961462E-015  -1.7673989335432407E-014  -1.5269737501734269E-015   7.6138515085545348E-015  -2.0706340671395221E-015  0.17221022578101988        2.0808948301170302E-014   4.3265971423683330E-017  -3.6348599644736989E-016   1.4099498281727263E-014  -2.8624807114180242E-016   1.5862381504619792E-014  0.46774907659992693       -9.2738686894410755E-017   4.2037152723002615E-016  -5.0661103836627357E-016   1.5157719924831217E-016  -5.4788813259853507E-017  -4.3945443377288082E-017   7.9553795632870670E-016  -6.3244131754539060E-016   4.2653964651188475E-016  -1.2273898399217707E-015  0.26225104453287934        2.9023330999814533E-015  -3.4858450702530992E-016   4.9368724808027350E-016   9.0336981873409711E-015  -6.1810868438075959E-017   6.0965496484806311E-015   1.4803411852246306E-015   2.6403344816128277E-015  -1.2825541360163190E-014   2.9898985625192800E-014  -7.2956187773844080E-015   5.0805657736507114E-015  -1.2542569665868995E-014  -3.0314539016142312E-015  -1.1180048250998182E-014  0.46502930435340084        6.4663980590418765E-002
  -3.9426744250228500E-016   5.3071764781614750E-017   5.4110189069582680E-016   3.0149334863735291E-016  -1.1732908182942526E-016  -2.7273817115896807E-016   4.6342187346045906E-016   9.3977775525878806E-016  -1.6459920501574848E-015   1.2637639017209572E-015   1.9670155561442919E-004  -2.7781850180605635E-017   8.3719221111730519E-017  -9.8350777807304707E-005   9.0286552101924148E-017  -9.8350777807462987E-005   2.1611017422843467E-016   1.6222353107591322E-017  -2.0508124938031652E-017  -1.1724155637567861E-017  -1.1434550894880006E-017  -9.9280675143018926E-018  -1.0632795278687718E-017   1.6309075635226611E-017  -1.5962212548558623E-017  -6.4811159746443658E-018  -2.9304318381742358E-017   2.9023330999814533E-015   9.9025920781300771E-003  -4.6281075556674941E-016  -1.2337860733882406E-016  -4.9512960390653152E-003  -1.6878677309170607E-016  -4.9512960390655988E-003   2.9103715927486156E-016  -3.1166571126018994E-017  -9.8625391102257400E-017  0.13700513665062677       -2.9959250412523595E-015  -2.4157379655743456E-018  -6.8502568325312860E-002  -8.6873393136296429E-016  -6.8502568325314123E-002   4.4654184084908028E-015   6.7469565302079368E-015
   8.6008313539446861E-017  -1.0144242720352446E-016  -1.2965555425978564E-017  -5.9141695464137396E-017   9.9488774690427933E-017   7.0389950487845560E-018  -1.1001334181112814E-016  -3.0401310800336653E-017  -4.5036306477778601E-017   5.4951536923866033E-016  -4.1032822026922056E-016   1.9670155561381017E-004  -2.0709734537707999E-016  -4.7471703448504652E-017  -2.2697078890040434E-016  -3.9423593761270753E-016   1.1766948910005721E-015   6.3096890489177181E-017  -2.4821049189734622E-017   3.5242524390886903E-017  -5.4021621381273263E-017   1.4990288458281168E-017  -3.0650340795143729E-017   1.5563984405292133E-017  -1.2067051370566272E-018  -1.2444226923937204E-017   1.0050802809865630E-017  -3.4858450702530992E-016  -4.6281075556674941E-016   9.9025920781303546E-003   1.5909110458184205E-016  -1.7342364320320553E-016   1.7231445355878415E-016   4.4608037255087749E-017  -3.0714970860629439E-017   2.2324743800040061E-017  -9.4524530237474968E-017  -3.0310870729587710E-015  0.13700513665062894        1.2602211246391046E-015   2.2679866204479052E-015  -1.6475023758156750E-016   8.8152328183354790E-016   4.6865835805422844E-016   1.4430625997689201E-015
   3.3128887411525341E-017  -1.0490174938182594E-017  -6.2637208417195044E-017  -2.0658895638617189E-017   2.2378470367561432E-017   1.2440048505943926E-016   7.2675596424995868E-016   7.1766625605811757E-017   5.4941383815819173E-017   4.2504685422986340E-016  -2.0819624820340493E-016  -2.7212146325476585E-016   1.9670155561434858E-004  -5.8874661162157338E-017   1.0750896530725988E-016  -1.0667109421246528E-016   3.7929351860135408E-017  -1.9096971171597171E-017  -9.3561188736765693E-017  -2.1503374712161016E-017  -5.7993386567348574E-017   2.3874969529002864E-017   8.3609139043889846E-017   3.8632958400798452E-017  -1.1467662402013499E-017   3.9454866995932461E-017   7.1843087341355553E-018   4.9368724808027350E-016  -1.2337860733882406E-016   1.5909110458184205E-016   9.9025920781299903E-003  -3.7642355934214778E-017  -1.8055474741169851E-016  -6.1565425100874139E-017   2.7776515681482943E-017  -6.6499185588929137E-018   1.8160647608853517E-017  -1.6698932682598541E-015   1.1142765007942420E-015  0.13700513665062625        1.1617124634228498E-015  -1.5847778920055886E-015   3.0500978804269542E-016   4.2260496929016101E-016   6.2484565390722735E-016
   4.7944821309225089E-016   3.0321651436279202E-017  -5.6619217848524185E-017  -3.0716536967556440E-016   3.3664788716190157E-017   2.8260225884908476E-016   4.6512339646930139E-016  -5.8685295874139700E-016   8.7735529948414766E-016   6.1186455707027663E-015  -9.8350777807042507E-005  -6.7231236756863996E-017  -5.9712803572206493E-017   1.9670155561425973E-004   9.3149367953678404E-017  -9.8350777806815082E-005   1.7654993756689119E-014   1.2905498861339190E-017   5.1322647669886058E-017   1.4898818813400661E-017  -1.2328270192427528E-017   3.8497011312898738E-017  -4.8348126039380918E-018   1.6077117579199736E-017   8.2381168906176349E-018  -6.4415603503601426E-017  -2.0200762094598047E-017   9.0336981873409711E-015  -4.9512960390653152E-003  -1.7342364320320553E-016  -3.7642355934214778E-017   9.9025920781317285E-003  -1.2856933111871339E-016  -4.9512960390658313E-003  -2.6788145563855200E-016  -1.5202679591592430E-017   2.2441626556823001E-016  -6.8502568325317828E-002  -4.8300478335894623E-015  -1.7917736860732568E-015  0.13700513665063871       -1.3326598058048194E-015  -6.8502568325320187E-002   1.6175633859221792E-014   9.6839590227271062E-015
  -4.1400241667800098E-017   1.4739296300370239E-018  -1.6877010279845082E-016  -1.3772592794751260E-017   9.2921235388351818E-018   1.0345834896679863E-016   1.4614485215098395E-015   3.8914671195039476E-016  -4.1072389129642736E-016  -6.3181830546212035E-018  -1.1901845064890430E-016  -1.2698430375896514E-016   6.0360004159114416E-017  -8.1072581468428012E-017   1.9670155561421994E-004  -8.5904352703044458E-017   8.3754103019426204E-016   8.0685443199561375E-018   2.0830674628876375E-017   3.5259080125792947E-017   1.6618100025951169E-017  -2.2554072371457360E-017  -2.7443188173824864E-017   2.5932206928481686E-019   2.3029389758187447E-017  -2.7867036572493630E-017  -4.5961125090850417E-017  -6.1810868438075959E-017  -1.6878677309170607E-016   1.7231445355878415E-016  -1.8055474741169851E-016  -1.2856933111871339E-016   9.9025920781301412E-003   5.8874136729656202E-017  -5.7642325390603176E-018  -1.3982042611106711E-017   7.5500156003885927E-017  -1.4558599009499530E-015   2.4732150802710996E-015  -9.7127722226521920E-016  -4.2253645650717832E-016  0.13700513665062727        1.8692280728360537E-015   1.9459921305441676E-016   1.4488227602102547E-015
  -8.8864889541890092E-017  -1.1863052003113779E-016   4.4188048238591746E-016   5.3301088032968932E-018   8.0246346045614461E-017   7.6584488877717995E-017  -9.1917592866285278E-016  -6.7871882140036589E-016  -2.4975967248404667E-016   4.1234539450955047E-015  -9.8350777807403316E-005   8.3261231058898701E-017  -2.8427788903513748E-017  -9.8350777806943438E-005  -1.8817304197583169E-016   1.9670155561428315E-004   1.3152528013606382E-014  -2.9127851968937806E-017  -3.0814522731825532E-017  -3.1746631758464798E-018   2.3762821087320852E-017  -2.8568943798598972E-017   1.5467607882621995E-017  -3.2386193214374276E-017   7.7240956579212236E-018   7.0896719478271386E-017   4.9505080476296139E-017   6.0965496484806311E-015  -4.9512960390655988E-003   4.4608037255087749E-017  -6.1565425100874139E-017  -4.9512960390658313E-003   5.8874136729656202E-017   9.9025920781316851E-003  -2.3212121076240137E-017   4.5764723689311535E-017  -1.1139582451195570E-016  -6.8502568325320520E-002  -3.5934186941137787E-016  -1.2853555567994774E-015  -6.8502568325317786E-002  -1.0980731840297781E-015  0.13700513665063785        1.0337615712588458E-014   4.8533733040538927E-015
