  0.27606246908284282       -6.9366476765775394E-010  -2.0983328591224524E-009  -7.4520713940049024E-008  -4.0426015422280076E-009  -7.4370902825428250E-010   8.6873705190434390E-009   4.2023295629150002E-009  -5.4717778866764154E-009  -1.5972548770008029E-010   6.8450527027773059E-008  0.18444459980144512        1.5040963983929028E-010   5.1883744878911920E-010   2.6172567979698152E-008   3.2855144056859522E-009  -5.2289584823022789E-010   5.0154558790292342E-011  -6.9736051726078664E-010   1.5950817799279218E-010   3.3957491575543404E-010   5.4196518155340846E-010  -9.6329195356713922E-011   3.3015246008345471E-010   7.9084393473645812E-011   2.7370096655102729E-010  -1.0648851702793677E-002   9.1624551953886471E-011   2.0945954353260494E-010  -1.6239068636788166E-009  -4.2064014678593741E-010   2.2466320433522674E-009   1.0200039838972074E-009  -9.8841146967319545E-010   6.0390403225437148E-010   1.5649952275676798E-008   2.5433149577295359E-002  -8.8101505435424767E-012   3.3721434283419809E-011  -5.6786148962440723E-010   3.9972566305467716E-010   2.3913893699494651E-010   3.8316893940997281E-010  -3.1051466658930615E-010   1.8469253103152360E-010
  -6.9366476765775394E-010  0.27606247534163592       -1.4230219615210077E-009   4.7223917867365467E-008   1.4058299959122806E-008  -3.0631014382159025E-010  -4.2966562922690194E-009  -1.5772124618946314E-008   1.5599416117924675E-008   1.7138248281793796E-009  -4.8360809529108912E-008   1.2042924331636476E-010  0.18444459866375149        2.7887912674585113E-010  -1.8393226729980873E-008  -2.2966600364923054E-009  -9.3909505992076664E-012  -5.6215553851726411E-010   1.4026007350444051E-010  -1.9914468208215712E-012  -1.9359392241921615E-010   1.4590498939180420E-011  -8.8009407893577200E-011   2.1514647682991347E-010   6.8024074511891913E-010  -2.6490450037016691E-010   9.3980879732323629E-011  -1.0648852368889818E-002   1.6383172818459940E-010   3.2715015589737700E-009  -5.6704836243250094E-010  -9.6991946724256801E-010  -3.8772197963023136E-009   3.8736452960264832E-009   6.0571835569499195E-010  -9.5528209670178444E-009  -1.9312677527041462E-011   2.5433149528767837E-002  -1.4174956925078360E-011   6.1008222979704610E-010  -2.7812741368828455E-010  -2.6951785558045360E-010  -4.6087789808428694E-010   6.7551339146085833E-010  -1.4920415783409176E-010
  -2.0983328591224524E-009  -1.4230219615210077E-009  0.27606247141265405       -1.6416346560130544E-008  -6.0465624805393029E-009  -9.4036758108084145E-010  -2.2588670384064201E-009   1.6319597042088926E-009  -1.1876079777205657E-008   4.4146040708751085E-009   1.1614518501271233E-008   2.3461552043942379E-010   2.6058069182132786E-010  0.18444459942109609        6.3727353091809829E-009   8.0249430219752670E-010   1.7386119214224642E-010   1.1652250329979510E-010  -6.5494644245675461E-010   3.0374180178227419E-010   6.9081645333628316E-011  -5.3700096162404117E-010  -1.6624089622456047E-010   1.3581075819480724E-010   1.0651397164962184E-010   3.8696881952048849E-010   1.8095343006442383E-010   1.6025031078025952E-010  -1.0648851845121845E-002  -1.5685331550222748E-009  -5.4192241835392697E-010  -9.7673622970707388E-010  -2.8463310757247961E-011  -2.8243215142924176E-009   1.5969965544518471E-009   1.4678540978184860E-009   1.3095636622918580E-011  -1.3226644757068067E-011   2.5433149471773980E-002  -2.0800199402934339E-010  -9.2559918437902197E-011  -3.9647206616602328E-010   2.4616062174620188E-010  -2.7013104457281237E-010  -3.8158755612287251E-011
  -7.4520713940049024E-008   4.7223917867365467E-008  -1.6416346560130544E-008  0.28006854464813152        9.8713641615041076E-010   1.7203764593398670E-010   6.9422540520721815E-010   9.5558642318151301E-010  -1.9722623420747063E-010  -1.9427860159010026E-009  0.47082091664625891        5.8349753576156715E-008  -5.9787984035149777E-008   2.9641216236345105E-008   4.3549133311684427E-003  -5.1223960322072798E-004  -5.5291941739780559E-010   2.6432078597274676E-009  -2.3822394511829632E-010   5.6510024833892809E-010  -1.3218053421148772E-009   1.7671773645596328E-010  -1.3903954419959833E-009   1.8034710043777362E-009  -7.7779680911965153E-010  -1.1666662165286120E-009   5.0169173544739623E-009  -4.7116152236652635E-009   2.3881770561711675E-009  -5.3320252335843499E-012  -1.5620140238872415E-014   6.3752060450844789E-011   3.3611083706623786E-010   2.9884115873239350E-010  -3.3095538521093874E-010   8.0738611124235901E-002   1.1009271112116308E-008  -9.7344048161988761E-009   4.2665684259819821E-009   1.4303686329231199E-010  -3.0457059212064377E-011   1.1987586686879411E-010   1.4816034681230978E-010  -4.2837759063291068E-011  -2.9121599743286753E-010
  -4.0426015422280076E-009   1.4058299959122806E-008  -6.0465624805393029E-009   9.8713641615041076E-010   9.1201122920606157E-016   1.6531407897927766E-017  -2.9414254689700904E-016  -8.9770242757504703E-016   1.1339279611087582E-015  -1.4309068544748913E-017   1.6593162699706328E-009  -2.7016041809657911E-009   9.3925045002640404E-009  -4.0398626546569782E-009   5.7467849215549860E-011  -8.0196098254001574E-013   1.3956051265896635E-018  -2.2611536591119602E-017   3.0817228165628753E-017  -7.0845132246526292E-018  -2.0977840517020983E-017   5.2131438602331991E-018  -4.3328827063602022E-018   9.5259759439683926E-018   2.8425069874269377E-017  -3.0070669413121898E-017   1.3814290182915360E-009  -1.2806931237443723E-010   2.2432891798649850E-010   2.2282194497643074E-016  -1.1037591606888006E-017  -6.0401014853271152E-017  -2.0948238062256340E-016   2.7472297531171534E-016  -1.3340182463008164E-017   2.8656844275994033E-010  -1.9670085315126789E-010   1.3545655674962015E-009  -5.5833706721250342E-010   4.1073462531690028E-017  -1.9508987413132041E-017  -6.9497428911206921E-018  -3.2269075582250042E-017   4.5122264680386477E-017  -8.8044402429041391E-018
  -7.4370902825428250E-010  -3.0631014382159025E-010  -9.4036758108084145E-010   1.7203764593398670E-010   1.6531407897927766E-017   6.4768540116762468E-018  -1.0602303213754353E-017   8.7981588620014841E-019   3.7868283387510107E-017  -1.7411272067808925E-017   2.8922626881992472E-010  -4.9671858616149933E-010  -2.0524196116386786E-010  -6.2824395623934024E-010  -2.0236939671372562E-012  -1.3348610511838183E-013   4.9210090163221304E-019   1.6868875333165851E-018   3.8384320530790523E-018  -1.1215264201861200E-018  -1.7559307583814480E-018   4.6145128977172170E-019   6.6288349783199098E-020  -4.8766923073794735E-019  -1.7759408373814096E-018  -2.4976109360987397E-018  -3.0446919918220813E-010   1.1447278333440934E-009  -4.1453200280454135E-011   6.2608809783607846E-018   2.0406590486336309E-018  -1.5274007106616018E-018   2.1129866560568491E-018   8.2952869699479858E-018  -8.3739799080217698E-018   4.9372145378150513E-011  -1.1629177319277702E-010   1.3424133099472612E-010  -9.7780564775167302E-011   2.3577970175599708E-018  -3.1408936486240940E-018   1.1035261575990050E-018  -1.5777952482874906E-018   1.7285449738498951E-018  -7.8001389457009105E-019
   8.6873705190434390E-009  -4.2966562922690194E-009  -2.2588670384064201E-009   6.9422540520721815E-010  -2.9414254689700904E-016  -1.0602303213754353E-017   3.6118988252638205E-016   3.6683746464591586E-016  -3.1864518300048545E-016  -7.2694997479313039E-017   1.1669602741206832E-009   5.8042783294873986E-009  -2.8706761179332644E-009  -1.5097852696731967E-009   4.2001004143097427E-011  -7.7152634348340263E-013  -1.9101223108696168E-017   1.5942826798648836E-017  -1.9392805791007013E-017   3.9860128283272802E-018   9.8614532135081770E-018   2.1638916522270100E-017  -3.7529690382789836E-018   1.0420336882326739E-017  -1.0907827766076438E-017   6.6874835026229698E-018  -3.6832898409620296E-010   1.0188086737379681E-010   1.1986259564681398E-009  -8.9257113911363011E-017   1.3375169526587845E-019   9.2532432404997299E-017   9.3295844168899775E-017  -6.7167784108713697E-017  -4.0391211150695503E-018   2.0161366418096257E-010   7.9558815321852406E-010  -4.0500082410950269E-010  -4.8715918779451538E-011  -2.5750128783278511E-017   1.7890007256403547E-017   1.2561627269986277E-017   1.6808189648593360E-017  -1.8236950399038043E-017   8.9418925230197577E-018
   4.2023295629150002E-009  -1.5772124618946314E-008   1.6319597042088926E-009   9.5558642318151301E-010  -8.9770242757504703E-016   8.7981588620014841E-019   3.6683746464591586E-016   9.7846156365634845E-016  -1.0454547957081618E-015  -8.0759324821076982E-017   1.6065341521940742E-009   2.8080037473535884E-009  -1.0537427130218808E-008   1.0903039023832815E-009  -1.3602738173550190E-011  -9.3087935912358183E-013  -8.2679549248733462E-018   4.2607810377611017E-017  -2.3301036189672817E-017   6.2609347088454054E-018   1.2116289956310892E-017   4.8306618688958829E-018  -2.1627892797255481E-018  -3.2038551529324924E-019  -3.9706528641087631E-017   1.7606545721403857E-017  -7.7175819750461847E-010  -5.5011102832184773E-011   3.6085157330766809E-011  -2.1985977705220957E-016   2.3481552236607398E-017   8.3781190848994611E-017   2.3726559813162674E-016  -2.5210028575870043E-016  -1.7406424409880920E-017   2.7412894445802130E-010   2.9972760654218544E-010  -1.5481914391106276E-009   1.6455155657477093E-010  -4.2519204058601807E-017   2.3155009316740301E-017   1.6240054783095683E-017   3.3191298438731064E-017  -4.5583350275804188E-017   9.3278301200346852E-018
  -5.4717778866764154E-009   1.5599416117924675E-008  -1.1876079777205657E-008  -1.9722623420747063E-010   1.1339279611087582E-015   3.7868283387510107E-017  -3.1864518300048545E-016  -1.0454547957081618E-015   1.5011453791066497E-015  -8.8473218667529472E-017  -3.3155371595722505E-010  -3.6558086583319004E-009   1.0422327790514089E-008  -7.9344453184200861E-009  -7.3990956577324874E-012   2.0932866656535392E-013   2.7445919863865693E-018  -3.9643442203202330E-017   5.0110908538545063E-017  -1.6749445298448229E-017  -1.9714571705604284E-017   1.3068456908501466E-017   5.0692664537308141E-018  -1.5100344800546469E-018   3.2842727073079544E-017  -3.6226173887464009E-017   1.5280125346780781E-010  -5.0098210825270033E-010  -7.3626992485221153E-011   2.8464586840446996E-016  -5.5656935951732757E-019  -5.6699404185566453E-017  -2.3824136808098216E-016   3.5959844176543146E-016  -4.6404397627967263E-017  -5.7064278075840742E-011  -5.1246092203696335E-010   1.4515945341959325E-009  -1.1703739435152429E-009   5.4971286273899156E-017  -1.9926564542003046E-017  -1.7656819362133706E-018  -4.4054397152249935E-017   5.6044788591454718E-017  -1.0916860845937157E-017
  -1.5972548770008029E-010   1.7138248281793796E-009   4.4146040708751085E-009  -1.9427860159010026E-009  -1.4309068544748913E-017  -1.7411272067808925E-017  -7.2694997479313039E-017  -8.0759324821076982E-017  -8.8473218667529472E-017   9.5068849216035722E-017  -3.2659585789449279E-009  -1.0639787290409821E-010   1.1449227401033426E-009   2.9495596165721502E-009  -4.3281071633403365E-011   1.7431274350153154E-012   6.8724708168493992E-018  -1.9996872205318014E-017  -7.5161482973525633E-018   8.2345371155254047E-019   8.8618539848246257E-018  -1.0043843288963216E-017   6.4959851734725772E-018  -9.2059935617816797E-018   1.1281636999492607E-017   1.2464391613791238E-017  -6.0967313861823020E-010   1.8308494593662781E-010  -2.6041294699036687E-010  -2.9622129610182975E-018  -1.2443968106735988E-017  -2.3380191277280397E-017  -2.7783293597061321E-017  -2.2622764676116688E-017   3.0746728282843971E-017  -5.6068785844697578E-010  -1.0302683840788194E-010   1.9362653777420928E-010   3.9378579886457079E-010   1.4456197897726819E-018  -3.6460122196178191E-018  -9.2904072617267357E-018  -9.2225352408465632E-019   4.6111091175611056E-019  -5.2323744489999230E-019
   6.8450527027773059E-008  -4.8360809529108912E-008   1.1614518501271233E-008  0.47082091664625891        1.6593162699706328E-009   2.8922626881992472E-010   1.1669602741206832E-009   1.6065341521940742E-009  -3.3155371595722505E-010  -3.2659585789449279E-009  0.79151418775628368        2.2750734432188616E-007  -1.8585388739047293E-007   7.6028061116019592E-008   1.0537861653132296E-003  -3.9942598380454143E-004  -9.2951131717791650E-010   4.4435050686064247E-009  -4.0046856398394519E-010   9.4998783083695726E-010  -2.2220971677162954E-009   2.9708035187271895E-010  -2.3373963327743388E-009   3.0318017382765999E-009  -1.3075591158210964E-009  -1.9612798549978919E-009   2.4642081013384791E-008  -1.7735344584161126E-008   6.6861311455704576E-009  -8.6688921972447562E-012  -8.7991169865396578E-014   1.0733142414242587E-010   5.6511415473850570E-010   5.0225614423762772E-010  -5.5674472320387247E-010  0.13543127092463023        3.9792576445026592E-008  -3.0271706501216302E-008   1.1390584712257188E-008   2.4140166390380080E-010  -5.1307499294968592E-011   2.0221060903795487E-010   2.4905264568578864E-010  -7.2191111103053715E-011  -4.9048614296582372E-010
  0.18444459980144512        1.2042924331636476E-010   2.3461552043942379E-010   5.8349753576156715E-008  -2.7016041809657911E-009  -4.9671858616149933E-010   5.8042783294873986E-009   2.8080037473535884E-009  -3.6558086583319004E-009  -1.0639787290409821E-010   2.2750734432188616E-007  0.12323274815784165        4.9061282673664470E-010   1.4400292122310759E-009   2.0824921300807073E-008   2.1634874514616248E-009  -3.4934219520879699E-010   3.3512846931191735E-011  -4.6588994708562041E-010   1.0656149356602760E-010   2.2685987943072938E-010   3.6208672045236053E-010  -6.4359878942280396E-011   2.2056857402594686E-010   5.2834841228069337E-011   1.8285191583640941E-010  -7.9964322065412471E-003  -6.4098046400570781E-012   1.4344965265268452E-010  -1.0836961691605903E-009  -2.8129053309480046E-010   1.5008584940134446E-009   6.8083650834852725E-010  -6.6039550992402198E-010   4.0286043156059792E-010   4.1722914142513718E-008   1.6866126061826945E-002   4.1435565679273436E-011   1.8292073899027581E-010  -3.7703871437614295E-010   2.6735460797485147E-010   1.5898110518220324E-010   2.5482280544516585E-010  -2.0755136060851615E-010   1.2221589640109052E-010
   1.5040963983929028E-010  0.18444459866375149        2.6058069182132786E-010  -5.9787984035149777E-008   9.3925045002640404E-009  -2.0524196116386786E-010  -2.8706761179332644E-009  -1.0537427130218808E-008   1.0422327790514089E-008   1.1449227401033426E-009  -1.8585388739047293E-007   4.9061282673664470E-010  0.12323274384377028        9.9568204035449653E-010  -1.3627560670611110E-008  -1.5807788704253786E-009  -6.2725170560779635E-012  -3.7556974421603381E-010   9.3699746645320902E-011  -1.3298164836585846E-012  -1.2934372891740288E-010   9.7451276484979098E-012  -5.8798052040080771E-011   1.4374235528743325E-010   4.5446116743446608E-010  -1.7697895716555219E-010  -5.5160371836903870E-012  -7.9964325103125504E-003   2.2675730231391857E-011   2.1860218528756111E-009  -3.7771543122318602E-010  -6.4806815520204090E-010  -2.5908552017749939E-009   2.5879613383779671E-009   4.0483342695593080E-010  -3.2718288904035540E-008   3.7247618444829786E-011   1.6866125529798975E-002   9.6389900612453324E-011   4.0778570555229329E-010  -1.8366977661261942E-010  -1.8017950117194783E-010  -3.0799210585469596E-010   4.5072082878859735E-010  -9.9793482944132583E-011
   5.1883744878911920E-010   2.7887912674585113E-010  0.18444459942109609        2.9641216236345105E-008  -4.0398626546569782E-009  -6.2824395623934024E-010  -1.5097852696731967E-009   1.0903039023832815E-009  -7.9344453184200861E-009   2.9495596165721502E-009   7.6028061116019592E-008   1.4400292122310759E-009   9.9568204035449653E-010  0.12323274660988559        4.2585884941323925E-009   5.7631581098215805E-010   1.1616123343585100E-010   7.7840180117180551E-011  -4.3756030576945028E-010   2.0292178552023451E-010   4.6151466113375523E-011  -3.5876836205200202E-010  -1.1106578556711425E-010   9.0722367944700580E-011   7.1170815152915991E-011   2.5853637852232758E-010   1.1270960115631039E-010   2.0127713602739439E-011  -7.9964325475568154E-003  -1.0478811316883532E-009  -3.6210216123546712E-010  -6.5147083567069606E-010  -1.8889256433284141E-011  -1.8873082117204896E-009   1.0667704472663256E-009   1.2659779680130617E-008   1.9521914001086930E-010   9.8788693049800917E-011   1.6866125766624513E-002  -1.3854458472022273E-010  -6.1947234939926541E-011  -2.6278445251116759E-010   1.6504272075593901E-010  -1.8047423040533277E-010  -2.6498222225191993E-011
   2.6172567979698152E-008  -1.8393226729980873E-008   6.3727353091809829E-009   4.3549133311684427E-003   5.7467849215549860E-011  -2.0236939671372562E-012   4.2001004143097427E-011  -1.3602738173550190E-011  -7.3990956577324874E-012  -4.3281071633403365E-011   1.0537861653132296E-003   2.0824921300807073E-008  -1.3627560670611110E-008   4.2585884941323925E-009   1.8769255721866005        1.8519735737271991E-004  -7.8097947889388127E-012   3.2259694727811992E-011  -6.2290428462424253E-012   8.1117332162098712E-012  -1.4178982015116601E-011   2.3656953240072423E-012  -1.7486272573019458E-011   2.7690997624321877E-011  -8.8019052219584747E-012  -1.5995578425072733E-011   3.0153658540613190E-008  -1.7938613632099315E-008   4.4814238670002689E-009  -8.9275462243151181E-011   1.8437779248083809E-011  -4.5896115361132752E-011  -1.8154377327505316E-011   4.0676356159720575E-011   1.0821390484609013E-010   9.0286450061232176E-002  -5.2486661260357454E-009   2.6018095240871632E-009  -3.2982608747099241E-010  -2.8057034304874647E-010   3.1518601933379506E-011  -2.0420733021799751E-010   7.9754314870527886E-012   5.2149043621526819E-011   2.7266927575556096E-010
   3.2855144056859522E-009  -2.2966600364923054E-009   8.0249430219752670E-010  -5.1223960322072798E-004  -8.0196098254001574E-013  -1.3348610511838183E-013  -7.7152634348340263E-013  -9.3087935912358183E-013   2.0932866656535392E-013   1.7431274350153154E-012  -3.9942598380454143E-004   2.1634874514616248E-009  -1.5807788704253786E-009   5.7631581098215805E-010   1.8519735737271991E-004   2.0004646639003445        6.5082986630913177E-013  -3.3696726688982255E-012   2.6312416927035348E-013  -7.7154559596999833E-013   1.6389850487374326E-012  -1.0163428410931529E-013   1.7285183518871654E-012  -2.4128510321916617E-012   1.0464695663260440E-012   1.6017978753786099E-012   3.7626782512207982E-009  -2.3786866019865362E-009   6.6531992851039633E-010  -8.3358772902918413E-013  -3.4483159952342433E-013  -5.1641157384248384E-013   1.1671013601805835E-012  -8.0078241836012069E-013  -3.2137962394720494E-013  -2.0768358768432256E-003   7.4800132872190817E-010  -3.4295323346991602E-010   4.0806583301781121E-011  -1.2583590436303995E-013   1.2304607001703402E-013  -5.9432862791552658E-013  -6.8577092802430262E-013   2.1198537203926312E-013   8.0792493629794862E-013
  -5.2289584823022789E-010  -9.3909505992076664E-012   1.7386119214224642E-010  -5.5291941739780559E-010   1.3956051265896635E-018   4.9210090163221304E-019  -1.9101223108696168E-017  -8.2679549248733462E-018   2.7445919863865693E-018   6.8724708168493992E-018  -9.2951131717791650E-010  -3.4934219520879699E-010  -6.2725170560779635E-012   1.1616123343585100E-010  -7.8097947889388127E-012   6.5082986630913177E-013   2.1925872479472590E-018  -5.2206261329406673E-018   1.3753233919712079E-018  -1.2268221046443111E-018   2.0156993819356036E-018  -1.7147194662770918E-018   2.8257583988554582E-018  -4.1082449207164952E-018   1.4294747918092075E-018   2.0370164451255443E-018  -1.5457892907798251E-011  -2.8051536748817016E-012  -6.8628210055026698E-012   2.0398090617145345E-018   4.6878766351569192E-019  -4.9704568421005967E-018  -2.5094413205812011E-018  -6.2926777658803656E-019   4.6997908144709139E-019  -1.5935884343938081E-010  -5.3282628806842762E-011  -1.3193543597795279E-012   1.5995102321372130E-011   7.3758998101564708E-019  -7.2648388727592448E-019  -9.6232925555632662E-019  -8.9548733869081925E-019   4.7389152469949383E-019   1.5793444386290818E-019
   5.0154558790292342E-011  -5.6215553851726411E-010   1.1652250329979510E-010   2.6432078597274676E-009  -2.2611536591119602E-017   1.6868875333165851E-018   1.5942826798648836E-017   4.2607810377611017E-017  -3.9643442203202330E-017  -1.9996872205318014E-017   4.4435050686064247E-009   3.3512846931191735E-011  -3.7556974421603381E-010   7.7840180117180551E-011   3.2259694727811992E-011  -3.3696726688982255E-012  -5.2206261329406673E-018   2.6150308002849280E-017  -2.9381282491684060E-018   5.4949162615938911E-018  -1.1989729047893095E-017   1.5092651727828323E-018  -1.3030603349128065E-017   1.6700106880901331E-017  -8.6679331762825657E-018  -1.0257560167937835E-017  -6.2625012169292383E-012  -2.0727520851011497E-011   1.8529560950390416E-011  -7.6533136420097752E-018   9.0390646760652024E-019   2.5410714187577995E-018   1.1215896477128884E-017  -6.4375308622050759E-018  -3.5642530229719857E-018   7.6156748124751723E-010   4.0001995484100825E-012  -5.7872487990262169E-011   1.4036782171878594E-011  -7.3208435001983491E-020   4.2012564118810071E-019   1.4931115869998883E-018   2.4861886903337447E-018  -1.9803940888979053E-018  -2.4131582824674645E-018
  -6.9736051726078664E-010   1.4026007350444051E-010  -6.5494644245675461E-010  -2.3822394511829632E-010   3.0817228165628753E-017   3.8384320530790523E-018  -1.9392805791007013E-017  -2.3301036189672817E-017   5.0110908538545063E-017  -7.5161482973525633E-018  -4.0046856398394519E-010  -4.6588994708562041E-010   9.3699746645320902E-011  -4.3756030576945028E-010  -6.2290428462424253E-012   2.6312416927035348E-013   1.3753233919712079E-018  -2.9381282491684060E-018   3.5938746159621532E-018  -1.6069874730967165E-018   2.5989384710387866E-021  -2.3804283722451282E-019   1.7759095248585786E-018  -2.5830276741671197E-018   5.5549623682397442E-019  -7.5350876087911260E-019  -4.0646777071895428E-011   1.7265231400580295E-011  -2.6138870761822019E-011   9.5875582454982332E-018   2.0098578779938962E-018  -3.8524812001500617E-018  -4.7977768067490891E-018   1.0895741422420773E-017  -4.7896352813400783E-018  -6.8795296476453147E-011  -7.3932917045460135E-011   1.6173641388400597E-011  -6.7710301942128051E-011   2.3182041645034392E-018  -9.4514237555397314E-019   1.6279585506717029E-019  -1.9673806999408651E-018   1.8141311644949990E-018  -3.5080717927179413E-019
   1.5950817799279218E-010  -1.9914468208215712E-012   3.0374180178227419E-010   5.6510024833892809E-010  -7.0845132246526292E-018  -1.1215264201861200E-018   3.9860128283272802E-018   6.2609347088454054E-018  -1.6749445298448229E-017   8.2345371155254047E-019   9.4998783083695726E-010   1.0656149356602760E-010  -1.3298164836585846E-012   2.0292178552023451E-010   8.1117332162098712E-012  -7.7154559596999833E-013  -1.2268221046443111E-018   5.4949162615938911E-018  -1.6069874730967165E-018   1.5673972407310855E-018  -2.3928783666026844E-018   7.8518897115277991E-020  -3.0435292329578265E-018   3.9784778108642363E-018  -1.4115927247145165E-018  -1.7675729991470540E-018   1.3763097581945254E-011  -1.6650483496122838E-012   1.9466781032317654E-011  -2.7302554318891121E-018  -8.2630268383915396E-019   3.2362381861716857E-019   1.2737191793224042E-018  -3.0927779818575406E-018   1.4561804396960297E-018   1.6287575058755569E-010   1.7551221612404230E-011  -4.3328197117142379E-013   3.2454941754125860E-011  -3.4082762176687539E-019   7.1157928305023883E-020  -1.1102481188916965E-019   8.0070027079675851E-019  -5.6742508926647909E-019  -4.5991071648884796E-019
   3.3957491575543404E-010  -1.9359392241921615E-010   6.9081645333628316E-011  -1.3218053421148772E-009  -2.0977840517020983E-017  -1.7559307583814480E-018   9.8614532135081770E-018   1.2116289956310892E-017  -1.9714571705604284E-017   8.8618539848246257E-018  -2.2220971677162954E-009   2.2685987943072938E-010  -1.2934372891740288E-010   4.6151466113375523E-011  -1.4178982015116601E-011   1.6389850487374326E-012   2.0156993819356036E-018  -1.1989729047893095E-017   2.5989384710387866E-021  -2.3928783666026844E-018   6.8099142368540219E-018  -3.1153717661579391E-019   6.4636633647038550E-018  -8.2216426180376959E-018   3.3178098932243222E-018   6.1261206812044916E-018   2.2633555463225325E-011   5.4853676641988589E-012   4.2869293879819069E-012  -4.7113931568787951E-018  -2.4230590049294902E-019   2.8964696364161831E-018   2.4048186514695710E-018  -6.0466992441440539E-018   2.3074118465777725E-018  -3.8074898134642107E-010   3.6408422903413707E-011  -1.8119672262932046E-011   7.3612261703565897E-012  -1.9532250217572913E-018   8.0144969523965844E-019  -1.6720790871636380E-019   2.0011501263333535E-019  -7.1875527312925158E-019   1.7531987500305101E-018
   5.4196518155340846E-010   1.4590498939180420E-011  -5.3700096162404117E-010   1.7671773645596328E-010   5.2131438602331991E-018   4.6145128977172170E-019   2.1638916522270100E-017   4.8306618688958829E-018   1.3068456908501466E-017  -1.0043843288963216E-017   2.9708035187271895E-010   3.6208672045236053E-010   9.7451276484979098E-012  -3.5876836205200202E-010   2.3656953240072423E-012  -1.0163428410931529E-013  -1.7147194662770918E-018   1.5092651727828323E-018  -2.3804283722451282E-019   7.8518897115277991E-020  -3.1153717661579391E-019   2.2218922383078800E-018  -7.4759464701248746E-019   1.5332275087234601E-018  -5.0626413640495850E-019  -9.6542800836813603E-019   7.1136612212318285E-012   5.4280445944796331E-012  -1.0260789995481606E-011  -6.2522617539519310E-021   1.9749635395489111E-019   6.3444434178541932E-018   2.0929115908253532E-018   3.9372577378492241E-018  -2.0867688273315259E-018   5.0926187716901819E-011   5.3948338315208522E-011   2.2032856380404647E-012  -5.3914820855217836E-011  -6.4898263030084713E-019   9.0338563322261791E-019   1.4021934845318003E-018   4.0081399651730739E-019  -6.8281235320274745E-020   2.4815694492357814E-019
  -9.6329195356713922E-011  -8.8009407893577200E-011  -1.6624089622456047E-010  -1.3903954419959833E-009  -4.3328827063602022E-018   6.6288349783199098E-020  -3.7529690382789836E-018  -2.1627892797255481E-018   5.0692664537308141E-018   6.4959851734725772E-018  -2.3373963327743388E-009  -6.4359878942280396E-011  -5.8798052040080771E-011  -1.1106578556711425E-010  -1.7486272573019458E-011   1.7285183518871654E-012   2.8257583988554582E-018  -1.3030603349128065E-017   1.7759095248585786E-018  -3.0435292329578265E-018   6.4636633647038550E-018  -7.4759464701248746E-019   7.0644428731222588E-018  -9.2190736862601673E-018   3.5526570138264812E-018   5.5477897207924680E-018   2.3107897345665319E-012  -2.1826321854871957E-012  -1.9355659783728585E-012   4.9902288840230941E-019   6.6057368938122219E-019  -1.9314965018917527E-019  -7.7364015182756060E-019  -6.7645399215348488E-019   2.7549508749253886E-019  -4.0062857352717483E-010  -9.0762082845535503E-012  -8.9079068607551138E-012  -1.6512645184999630E-011  -5.7290554208769679E-019   1.6928739238614252E-019  -3.3632435703927922E-019  -8.6739011988594428E-019   2.6453612342959312E-019   1.4403891226894183E-018
   3.3015246008345471E-010   2.1514647682991347E-010   1.3581075819480724E-010   1.8034710043777362E-009   9.5259759439683926E-018  -4.8766923073794735E-019   1.0420336882326739E-017  -3.2038551529324924E-019  -1.5100344800546469E-018  -9.2059935617816797E-018   3.0318017382765999E-009   2.2056857402594686E-010   1.4374235528743325E-010   9.0722367944700580E-011   2.7690997624321877E-011  -2.4128510321916617E-012  -4.1082449207164952E-018   1.6700106880901331E-017  -2.5830276741671197E-018   3.9784778108642363E-018  -8.2216426180376959E-018   1.5332275087234601E-018  -9.2190736862601673E-018   1.2243733636492754E-017  -4.3314166265934587E-018  -7.2006501950556320E-018   1.7453848356968582E-011  -4.2991299429247583E-012   2.6814185337941002E-011  -2.4688147132598793E-019  -1.2072540134475850E-018   1.8267022924600705E-018   3.6806539473782307E-019   2.3837536106129036E-018  -1.2231959721181028E-019   5.1988999821541640E-010   3.4745646756151198E-011   2.0394575481102372E-011   1.7108479875579403E-011   5.1785644409560222E-019   3.8453069973663905E-021   6.0387018162123119E-019   1.1940715770833220E-018  -2.4814357783736870E-019  -1.7120489520427555E-018
   7.9084393473645812E-011   6.8024074511891913E-010   1.0651397164962184E-010  -7.7779680911965153E-010   2.8425069874269377E-017  -1.7759408373814096E-018  -1.0907827766076438E-017  -3.9706528641087631E-017   3.2842727073079544E-017   1.1281636999492607E-017  -1.3075591158210964E-009   5.2834841228069337E-011   4.5446116743446608E-010   7.1170815152915991E-011  -8.8019052219584747E-012   1.0464695663260440E-012   1.4294747918092075E-018  -8.6679331762825657E-018   5.5549623682397442E-019  -1.4115927247145165E-018   3.3178098932243222E-018  -5.0626413640495850E-019   3.5526570138264812E-018  -4.3314166265934587E-018   3.9015599447637764E-018   2.8144150133410036E-018   3.1622799971803284E-012   2.3495820337417816E-011  -1.5933884531371684E-011   6.9839421788166170E-018  -1.7899701007564638E-018  -2.2819735103338284E-018  -1.0178134637843830E-017   7.3451727597010422E-018   3.1946849211560300E-018  -2.2406801449922008E-010   8.1767937763671511E-012   6.9801554025100188E-011   8.1171787588153204E-012   8.4189201651125547E-019  -6.4686732972550343E-019  -1.0419111822147837E-018  -1.3224874668291992E-018   1.6253909982057270E-018   4.8064808677373048E-019
   2.7370096655102729E-010  -2.6490450037016691E-010   3.8696881952048849E-010  -1.1666662165286120E-009  -3.0070669413121898E-017  -2.4976109360987397E-018   6.6874835026229698E-018   1.7606545721403857E-017  -3.6226173887464009E-017   1.2464391613791238E-017  -1.9612798549978919E-009   1.8285191583640941E-010  -1.7697895716555219E-010   2.5853637852232758E-010  -1.5995578425072733E-011   1.6017978753786099E-012   2.0370164451255443E-018  -1.0257560167937835E-017  -7.5350876087911260E-019  -1.7675729991470540E-018   6.1261206812044916E-018  -9.6542800836813603E-019   5.5477897207924680E-018  -7.2006501950556320E-018   2.8144150133410036E-018   5.9287195872561439E-018   1.7287826434665619E-011  -9.6683296473047750E-012  -4.7517946281816413E-013  -6.9622940632562262E-018  -5.9827419744447601E-019   1.5097930207416633E-018   3.3017060580489530E-018  -9.8982294937518384E-018   3.6613255476558128E-018  -3.3622606392463928E-010   2.9208610415814040E-011  -2.7256918228214209E-011   3.7723138249273368E-011  -2.1139123312576839E-018   7.0160543960372720E-019  -5.7154871787460240E-019   5.7639773775477459E-019  -1.1672489425142645E-018   1.5375925917670201E-018
  -1.0648851702793677E-002   9.3980879732323629E-011   1.8095343006442383E-010   5.0169173544739623E-009   1.3814290182915360E-009  -3.0446919918220813E-010  -3.6832898409620296E-010  -7.7175819750461847E-010   1.5280125346780781E-010  -6.0967313861823020E-010   2.4642081013384791E-008  -7.9964322065412471E-003  -5.5160371836903870E-012   1.1270960115631039E-010   3.0153658540613190E-008   3.7626782512207982E-009  -1.5457892907798251E-011  -6.2625012169292383E-012  -4.0646777071895428E-011   1.3763097581945254E-011   2.2633555463225325E-011   7.1136612212318285E-012   2.3107897345665319E-012   1.7453848356968582E-011   3.1622799971803284E-012   1.7287826434665619E-011   1.6990032119283835       -1.2936662602404361E-011   1.3789473592235317E-010  -2.4009797860441037E-009   4.9744761088735136E-010   2.5147120329789396E-010   1.2227963660780515E-009   6.1063617281858208E-011   1.1781817983364431E-009  -2.5196310588215197E-008  0.24259940984930947        1.9714807462973078E-013  -8.4461344040087239E-011  -4.5334077809815999E-009  -5.6909803233353962E-010   1.5204054675050802E-009   2.2634269290485716E-009   1.8214333854836311E-010   2.2699802864283387E-009
   9.1624551953886471E-011  -1.0648852368889818E-002   1.6025031078025952E-010  -4.7116152236652635E-009  -1.2806931237443723E-010   1.1447278333440934E-009   1.0188086737379681E-010  -5.5011102832184773E-011  -5.0098210825270033E-010   1.8308494593662781E-010  -1.7735344584161126E-008  -6.4098046400570781E-012  -7.9964325103125504E-003   2.0127713602739439E-011  -1.7938613632099315E-008  -2.3786866019865362E-009  -2.8051536748817016E-012  -2.0727520851011497E-011   1.7265231400580295E-011  -1.6650483496122838E-012   5.4853676641988589E-012   5.4280445944796331E-012  -2.1826321854871957E-012  -4.2991299429247583E-012   2.3495820337417816E-011  -9.6683296473047750E-012  -1.2936662602404361E-011   1.6990032111106792       -1.9169755488283670E-012  -5.9945973598916778E-010  -2.1831038788003862E-009   1.1339039602889954E-010   8.8667485476906184E-010   8.7215650962280009E-011  -2.8721303335841841E-010   1.4792098806868571E-008   1.8545788118703161E-012  0.24259941040784538       -4.4068707988328714E-012  -3.5832735947737268E-010  -4.1400308487764039E-009   2.1749556464342251E-010   1.4766377052686287E-010   1.1442393063583630E-009   2.1066247555769961E-010
   2.0945954353260494E-010   1.6383172818459940E-010  -1.0648851845121845E-002   2.3881770561711675E-009   2.2432891798649850E-010  -4.1453200280454135E-011   1.1986259564681398E-009   3.6085157330766809E-011  -7.3626992485221153E-011  -2.6041294699036687E-010   6.6861311455704576E-009   1.4344965265268452E-010   2.2675730231391857E-011  -7.9964325475568154E-003   4.4814238670002689E-009   6.6531992851039633E-010  -6.8628210055026698E-012   1.8529560950390416E-011  -2.6138870761822019E-011   1.9466781032317654E-011   4.2869293879819069E-012  -1.0260789995481606E-011  -1.9355659783728585E-012   2.6814185337941002E-011  -1.5933884531371684E-011  -4.7517946281816413E-013   1.3789473592235317E-010  -1.9169755488283670E-012   1.6990032112472246       -1.2662473114694677E-010   7.7800388982021711E-011  -2.1053024688792474E-009  -2.4510500477513925E-010   6.9610158619175006E-010   3.7172987462056339E-010  -3.4679948696572905E-009  -7.8240994487798603E-011  -5.2945398414957340E-012  0.24259941026297702       -8.1463299606618919E-010   2.0685655625553214E-010  -4.0477958646675099E-009  -1.1198151848817462E-009  -3.8986237276194648E-012   1.9344496046781104E-009
  -1.6239068636788166E-009   3.2715015589737700E-009  -1.5685331550222748E-009  -5.3320252335843499E-012   2.2282194497643074E-016   6.2608809783607846E-018  -8.9257113911363011E-017  -2.1985977705220957E-016   2.8464586840446996E-016  -2.9622129610182975E-018  -8.6688921972447562E-012  -1.0836961691605903E-009   2.1860218528756111E-009  -1.0478811316883532E-009  -8.9275462243151181E-011  -8.3358772902918413E-013   2.0398090617145345E-018  -7.6533136420097752E-018   9.5875582454982332E-018  -2.7302554318891121E-018  -4.7113931568787951E-018  -6.2522617539519310E-021   4.9902288840230941E-019  -2.4688147132598793E-019   6.9839421788166170E-018  -6.9622940632562262E-018  -2.4009797860441037E-009  -5.9945973598916778E-010  -1.2662473114694677E-010   6.0963782509997166E-017  -1.2571361757636893E-018  -1.9434543598591154E-017  -5.3799796145018255E-017   6.7595136571989779E-017  -7.1640245892327510E-018  -5.7677459227557483E-012  -5.0289421444840316E-010   2.3353088368874526E-010  -1.7134081343754998E-010   1.8553642619188814E-017  -3.1852011161177265E-018  -4.1691065781821311E-018  -1.2335504110765638E-017   1.0793635213333293E-017  -6.2181378235400038E-018
  -4.2064014678593741E-010  -5.6704836243250094E-010  -5.4192241835392697E-010  -1.5620140238872415E-014  -1.1037591606888006E-017   2.0406590486336309E-018   1.3375169526587845E-019   2.3481552236607398E-017  -5.5656935951732757E-019  -1.2443968106735988E-017  -8.7991169865396578E-014  -2.8129053309480046E-010  -3.7771543122318602E-010  -3.6210216123546712E-010   1.8437779248083809E-011  -3.4483159952342433E-013   4.6878766351569192E-019   9.0390646760652024E-019   2.0098578779938962E-018  -8.2630268383915396E-019  -2.4230590049294902E-019   1.9749635395489111E-019   6.6057368938122219E-019  -1.2072540134475850E-018  -1.7899701007564638E-018  -5.9827419744447601E-019   4.9744761088735136E-010  -2.1831038788003862E-009   7.7800388982021711E-011  -1.2571361757636893E-018   5.8702480080035680E-018   4.1134472620282750E-019   5.8579289769508055E-018  -1.1870543679207749E-018  -4.6007903921676125E-018   8.7041364889300132E-013   3.0255025836171392E-011  -3.6843790737689097E-010  -4.1767360818252997E-011  -8.6585671408353380E-019   5.3823708241513204E-018   9.9390301219458612E-019   3.1928540694745579E-019  -1.8550647046210986E-018   5.4657328909798160E-019
   2.2466320433522674E-009  -9.6991946724256801E-010  -9.7673622970707388E-010   6.3752060450844789E-011  -6.0401014853271152E-017  -1.5274007106616018E-018   9.2532432404997299E-017   8.3781190848994611E-017  -5.6699404185566453E-017  -2.3380191277280397E-017   1.0733142414242587E-010   1.5008584940134446E-009  -6.4806815520204090E-010  -6.5147083567069606E-010  -4.5896115361132752E-011  -5.1641157384248384E-013  -4.9704568421005967E-018   2.5410714187577995E-018  -3.8524812001500617E-018   3.2362381861716857E-019   2.8964696364161831E-018   6.3444434178541932E-018  -1.9314965018917527E-019   1.8267022924600705E-018  -2.2819735103338284E-018   1.5097930207416633E-018   2.5147120329789396E-010   1.1339039602889954E-010  -2.1053024688792474E-009  -1.9434543598591154E-017   4.1134472620282750E-019   2.7936910881309591E-017   2.2695805516751707E-017  -1.2319271690779375E-017  -3.2613135208920498E-018   1.6155117686869217E-011   2.5546698446409735E-010  -7.8461818893808430E-011  -3.9729111713504889E-010  -5.8731454932655362E-018   3.9975983573427307E-018   9.7681008898335384E-018   5.7603002169306685E-018  -3.8513961701372628E-018   1.1283686867597155E-019
   1.0200039838972074E-009  -3.8772197963023136E-009  -2.8463310757247961E-011   3.3611083706623786E-010  -2.0948238062256340E-016   2.1129866560568491E-018   9.3295844168899775E-017   2.3726559813162674E-016  -2.3824136808098216E-016  -2.7783293597061321E-017   5.6511415473850570E-010   6.8083650834852725E-010  -2.5908552017749939E-009  -1.8889256433284141E-011  -1.8154377327505316E-011   1.1671013601805835E-012  -2.5094413205812011E-018   1.1215896477128884E-017  -4.7977768067490891E-018   1.2737191793224042E-018   2.4048186514695710E-018   2.0929115908253532E-018  -7.7364015182756060E-019   3.6806539473782307E-019  -1.0178134637843830E-017   3.3017060580489530E-018   1.2227963660780515E-009   8.8667485476906184E-010  -2.4510500477513925E-010  -5.3799796145018255E-017   5.8579289769508055E-018   2.2695805516751707E-017   5.9923198205812599E-017  -5.7372251731114788E-017  -6.1236214576878436E-018   9.5784184404058060E-011   2.7496408462091072E-010  -2.5149819083207123E-010  -3.7928107300588502E-011  -1.3880835697167776E-017   3.1136078705394276E-018   6.6715808004475953E-018   9.9511278251691067E-018  -1.0022535991820138E-017   3.9296807854481810E-018
  -9.8841146967319545E-010   3.8736452960264832E-009  -2.8243215142924176E-009   2.9884115873239350E-010   2.7472297531171534E-016   8.2952869699479858E-018  -6.7167784108713697E-017  -2.5210028575870043E-016   3.5959844176543146E-016  -2.2622764676116688E-017   5.0225614423762772E-010  -6.6039550992402198E-010   2.5879613383779671E-009  -1.8873082117204896E-009   4.0676356159720575E-011  -8.0078241836012069E-013  -6.2926777658803656E-019  -6.4375308622050759E-018   1.0895741422420773E-017  -3.0927779818575406E-018  -6.0466992441440539E-018   3.9372577378492241E-018  -6.7645399215348488E-019   2.3837536106129036E-018   7.3451727597010422E-018  -9.8982294937518384E-018   6.1063617281858208E-011   8.7215650962280009E-011   6.9610158619175006E-010   6.7595136571989779E-017  -1.1870543679207749E-018  -1.2319271690779375E-017  -5.7372251731114788E-017   8.7343682306664276E-017  -1.0223061199766370E-017   8.7859264488193192E-011  -8.7771457517482891E-011   3.9080629922514588E-010  -1.7600078859630564E-010   1.2476384860643335E-017  -4.9341878532703979E-018  -1.8128586360380035E-018  -1.0533979482000134E-017   1.3469743058838809E-017  -1.9424198459448430E-018
