   1.1295177954215549       -6.4602618345613313E-015  -6.6850516463149938E-015  -8.9438341183444272E-016  0.10322416839877784       -2.3849948716936043E-015   6.7340473771693449E-015  -2.3798052278394533E-002   1.0213849789341157E-014   8.0340504888017199E-015   1.4637169062857670E-015   2.7480314241391488E-015  -1.8503099273546856E-016  -4.1022495333339288E-016  -9.3978220376017922E-017   8.2363046884446673E-017   3.6643953006029006E-016   5.0060195673970077E-018  -2.7704176467423967E-015  -4.6527066391241015E-014  -3.3210308715436612E-016   2.5717347885394999E-016  -2.3682521037453374E-014  -1.2912812618405947E-016  -1.8982586719300763E-014  -1.4324368094903316E-015   3.0222553817084169E-016  -6.7078705477738418E-016   8.8556493235118596E-016  -2.6806187719114036E-017  -5.4259384849399393E-016  -6.6525932454832942E-016  -8.5383660168049116E-016  -5.1767002875367824E-016   8.2145727269537120E-016   4.6412548032666033E-016   1.2575473813625872E-002  -1.2003566002127444E-015   5.3103052042441002E-015  -3.4202299464998762E-015  -9.5304283310666157E-015  -8.6239962134533495E-015  -2.7436090212565089E-015   8.8275156780444875E-015   6.2137888028219840E-015
  -6.4602618345613313E-015   1.1295177954213660        8.7313072765188349E-015   9.3135467693354468E-015   5.1091638680662223E-015  0.10322416839882798       -3.0389423048526159E-015  -5.1056005674808657E-015  -2.3798052278395151E-002   4.7932087097348061E-015   1.2623739148629434E-015  -2.7286174039795244E-014   1.2580820662742739E-016   1.0372331408115971E-016  -3.9258983495410230E-017   3.2913860173022708E-016  -3.7404223786375343E-017   1.4379303403423000E-016   6.1029572125775925E-015   2.9568149839107798E-015  -1.9721695674907784E-014  -5.9762132944365633E-016   1.5014782210143049E-015   5.3592220331488880E-017   1.3160781322779345E-015  -3.6307640948907133E-014  -6.4216932139448773E-016  -1.5058964879386356E-014  -1.0461077585602614E-015   6.3535002948038722E-015  -4.1568654397643827E-016   7.9194622609791878E-019   5.4908574691403597E-017   1.0384485815174047E-015  -2.6261380667205000E-016   3.5002851981107739E-016   3.0760611922119840E-015   1.2575473813673995E-002  -2.1116106490012878E-015  -7.6976477186933627E-015   3.6260010747744104E-016   4.2568207193795920E-016   8.9886790025695718E-015  -3.0042701787111730E-015   8.2559705803333356E-016
  -6.6850516463149938E-015   8.7313072765188349E-015   1.1295177954208808       -7.6819664817501256E-014  -1.7849361109073578E-015  -1.3095997878956491E-015  0.10322416839894590        7.4302099298342379E-015   2.9989120996320867E-014  -2.3798052278376138E-002   1.7936545855392804E-014  -3.5592415332235040E-014  -4.3738289268156286E-015  -2.7034632586660903E-016   6.9685464055899879E-017  -3.2268203302245195E-015  -5.9616902057007158E-017  -2.8113183100904792E-015  -8.3612017649929682E-014  -6.8148300365459667E-016  -2.3717197947238119E-016  -1.5609162280814420E-015  -9.9104528081958574E-017   2.5228579209513747E-017  -1.6362713450711814E-016  -1.6141628092403335E-015   8.8488306630944080E-016  -3.7587232518484348E-016   1.6252308919689278E-014  -5.3509820793699082E-014  -6.0709611870727929E-015   3.8016374547067106E-016   6.0949212507995389E-016   4.0990096019822335E-015  -1.4560461128141656E-015  -3.8991520802670400E-016   7.1338433201492788E-017  -7.8198640962960976E-016   1.2575473813763328E-002  -6.0063990974414179E-014   4.0170620522572263E-015   5.8833524879387617E-015   5.2676949803132512E-014  -1.4679053179458596E-014   5.8935845641836905E-015
  -8.9438341183444272E-016   9.3135467693354468E-015  -7.6819664817501256E-014   1.0695060088230377       -1.3215846961412870E-016  -5.0901959910473254E-015   7.6805570298309208E-014  -3.3419299145947690E-017   2.9952131877940012E-015  -7.7994436689566340E-014  -7.4143159305696442E-003   2.1624749584697304E-003  -7.0797639243586693E-014  -9.1782301091711040E-016  -8.8392788474915341E-016  -5.6630591884605719E-014   1.8243022663991227E-016  -7.1346524481396563E-014  0.88714601059215437       -2.1071858217735363E-016  -1.7360255918702428E-015   8.4794253604807090E-016  -6.7150572643660778E-017   2.4613351766904912E-017   8.1254936664514506E-017  -1.3170499467406979E-015   7.9674985489764619E-016  -1.4935390192408553E-015   2.5128641152764405E-015  0.79852044877773642       -1.3099564659127090E-013   1.2664232130593720E-015   5.6162617849262389E-016  -1.3574966609081432E-013   8.4510588537726385E-016  -9.8589067256930656E-014   5.6670985544094289E-016  -3.2271027412662908E-015   5.3820930562173496E-014  -1.7633067989716331E-013  -1.4707224573119568E-015   4.8876669850897027E-015  -7.3850577472385131E-014   7.8126549692113493E-015  -1.1348443135861994E-013
  0.10322416839877784        5.1091638680662223E-015  -1.7849361109073578E-015  -1.3215846961412870E-016   9.4335218821174280E-003   3.0151062390960232E-016   5.0361647803834839E-016  -1.7500906268139958E-003  -8.1246939552759333E-015  -1.2337487538665614E-014   1.3222862455920884E-016  -2.0939084770558027E-015   9.5979873813372870E-018   2.7958335694092167E-017   5.1689312100620057E-017   2.6179287323831971E-017  -2.7276623385179479E-017  -4.4735293595127583E-017  -2.8168139099263331E-016  -4.2500141928678058E-015  -3.0520925564345324E-017   2.3437104439416390E-017  -2.1632632302529871E-015  -1.1911724848986894E-017  -1.7336081660314517E-015  -1.3078754351901369E-016   2.7587375101337016E-017  -6.1639507388906276E-017   8.0982497012662470E-017  -9.0301946333095997E-017   2.6551499507676779E-016   7.1495046093146943E-016   6.3798302964266091E-016   1.7687786467925326E-016  -6.4847208810052735E-016  -4.9698037944890934E-016   1.1492347195484452E-003  -4.5985728166656689E-017   4.7113044958813971E-016   3.3059764766579174E-015   8.0429908128520312E-015   7.4365337691241485E-015   2.3238135816717370E-015  -7.5040619385298508E-015  -5.6254142856508079E-015
  -2.3849948716936043E-015  0.10322416839882798       -1.3095997878956491E-015  -5.0901959910473254E-015   3.0151062390960232E-016   9.4335218821281659E-003  -4.7596965155888508E-016   1.9202692481220327E-015  -1.7500906268244059E-003  -2.2480047663578491E-015   1.5764445396462200E-016   1.8572782233389346E-014   5.1734599548311942E-017   1.7231643132643330E-018  -5.0499507205367838E-018  -1.1042850209404947E-017   1.1865014072400189E-017   1.3916799306137561E-017  -4.4638769411031999E-015   2.7015050189018816E-016  -1.8041758318413568E-015  -5.4498849810897828E-017   1.3741069658759603E-016   4.7857022412284922E-018   1.2030032444697581E-016  -3.3218168471733976E-015  -5.8567767005116422E-017  -1.3778365415017308E-015  -9.6075010767796790E-017  -3.4130829810270390E-015   4.4518808629199954E-016  -9.2188411910466794E-017  -1.1587761029336481E-017  -3.9657433801079430E-016   1.5803411811021576E-016   4.0047385075538998E-017   2.5986973491523874E-016   1.1492347195535904E-003  -2.1956247514488758E-016   4.8452913053814703E-015  -1.0267235298496177E-015  -1.5141599812892605E-016  -4.8236204288861418E-015   1.8165786960974975E-015   1.7132716344361735E-016
   6.7340473771693449E-015  -3.0389423048526159E-015  0.10322416839894590        7.6805570298309208E-014   5.0361647803834839E-016  -4.7596965155888508E-016   9.4335218821537462E-003  -7.5812708687027554E-015  -2.1019642402955584E-014  -1.7500906268859029E-003   1.0524906671235518E-015   2.7326405734881235E-014  -1.4503829162333937E-016  -4.3376048134062174E-017  -3.2721840448447204E-017  -5.4081423659654781E-016   7.5038999011525980E-017  -2.6897628716368908E-016   6.1782774175770878E-014  -6.2482026138044416E-017  -2.1605682794497417E-017  -1.4649916932942104E-016  -9.1497785894309785E-018   2.4407922967363972E-018  -1.5151299599826696E-017  -1.4731645884932788E-016   7.7421781516843993E-017  -3.4277538077385569E-017   1.4771948706362080E-015   5.8323874786959846E-014   2.4888324386086223E-015  -1.8735437143143086E-016  -4.0745529173861618E-016  -2.5464880362187278E-015   8.2701555300673505E-016  -1.5908872257638123E-016   8.6797734332450878E-017  -1.1390908905123896E-016   1.1492347195635527E-003   2.9475551183442728E-014  -2.1842667541958747E-015  -4.7841641884705715E-015  -2.8735013252628919E-014   9.6829886230197306E-015  -8.7682814579397374E-016
  -2.3798052278394533E-002  -5.1056005674808657E-015   7.4302099298342379E-015  -3.3419299145947690E-017  -1.7500906268139958E-003   1.9202692481220327E-015  -7.5812708687027554E-015   2.0004499071849544        5.2139206048853635E-015   1.6054851626479747E-014  -7.1931840786713483E-015   3.4405842038723861E-015   1.3468647460097716E-016   1.0544837956754908E-015   4.3981254268357328E-016  -8.8263729634006077E-016   2.2625335406498434E-016   5.9506245258850379E-016   1.1766957664902537E-014   1.0363910719160496E-014  -7.9695610305023605E-016  -3.1343761411675234E-016   5.3520527041619049E-015  -5.1985079044937916E-016   5.9042722884746984E-015   5.9393188448106080E-016  -1.5872136270350091E-016  -1.5760885240427905E-015   2.2923377707574690E-016  -3.7086336638003136E-015   1.3180815051274944E-016  -1.6666748453143043E-015  -4.9677795416915338E-016   1.1281147508671747E-016   3.1816229705587797E-016  -7.3930276993347210E-016  -3.1397610862411924E-004   1.4220131624492487E-016  -6.7029698242775740E-015  -3.3535227694979307E-015  -5.1550833967250963E-015  -6.5334767527597325E-015  -1.9806942578151104E-015   6.2089075437568678E-015   4.4431170410234185E-015
   1.0213849789341157E-014  -2.3798052278395151E-002   2.9989120996320867E-014   2.9952131877940012E-015  -8.1246939552759333E-015  -1.7500906268244059E-003  -2.1019642402955584E-014   5.2139206048853635E-015   2.0004499071850188        1.4529629723903094E-014  -1.0382671957922594E-014  -1.4674436293979393E-014  -1.7348042342913881E-015  -1.0763847918984673E-017  -3.2541843227425267E-016   8.5772931024138282E-016  -8.1412522883918292E-017   3.5133813712634794E-016   2.1420106725560594E-014  -3.7480452486073318E-016  -8.3094689950553984E-015   5.6093383278267275E-016   8.8121129954004078E-016  -5.2834754383954828E-016   9.8520800243984546E-017  -1.6847799289931873E-014   5.7235640432766682E-016  -7.3601360208583663E-015  -2.2074061730058945E-015  -7.0237322142144679E-015   1.3600584598689268E-016   1.2728001860445573E-017  -1.5359809630446315E-016   2.5979492270620503E-017  -1.1616704911565546E-016  -1.3128489472966528E-015  -5.6357642599928142E-015  -3.1397610864096514E-004  -1.4638265089450072E-014  -5.3477777134808439E-015  -1.5650426745592839E-016   2.7230903502827599E-016   2.7090701349168632E-015  -8.0241628107941673E-016   5.4120596290087792E-016
   8.0340504888017199E-015   4.7932087097348061E-015  -2.3798052278376138E-002  -7.7994436689566340E-014  -1.2337487538665614E-014  -2.2480047663578491E-015  -1.7500906268859029E-003   1.6054851626479747E-014   1.4529629723903094E-014   2.0004499071850983       -4.8373357180595064E-014  -3.3754488843990848E-014  -5.4516558026187877E-015  -8.7437961055629613E-018  -6.9703026026168159E-016  -1.9435643790108946E-015  -8.5391159450653655E-016  -7.9316282537743249E-015   8.3700533299743918E-014  -9.4041373169093040E-016   3.2962852821186691E-016  -1.8096533029974678E-014  -4.3500184385733812E-016   6.3607972423154054E-016  -9.2774558563820242E-016   9.6797086542040613E-016  -1.6242637073826586E-014   3.4981596006233374E-016  -3.8330780908622831E-014  -1.2180614448951929E-013  -3.1285855847209072E-015   5.0345558416929052E-017   9.8103751637460701E-016  -1.2986162229025506E-016   1.0808625403588900E-015  -9.2212135667594272E-016  -7.8978691532760069E-015  -1.3954987945727294E-015  -3.1397610868743930E-004  -2.4943050735381199E-014  -1.5007036504609987E-016   3.8895500114620553E-015   2.3993342054572367E-014  -6.2349770618304554E-015   1.8923819661308402E-015
   1.4637169062857670E-015   1.2623739148629434E-015   1.7936545855392804E-014  -7.4143159305696442E-003   1.3222862455920884E-016   1.5764445396462200E-016   1.0524906671235518E-015  -7.1931840786713483E-015  -1.0382671957922594E-014  -4.8373357180595064E-014   5.1446829997094757E-005   2.8866644324648718E-004   1.2776685063154476E-016  -5.4177364704507329E-017   8.7662360384727141E-017   8.1851338246198474E-016   6.9963763751260533E-017   4.5063961576080894E-016  -6.1515131432954727E-003   1.4804358738322038E-018   1.1997352348443366E-017  -5.7185933842127187E-018   4.8836236434113313E-019  -1.7646389038221673E-019  -6.0805065109348573E-019   8.8019565243055813E-018  -5.3672491475295951E-018   1.0319922602774372E-017  -1.7210415164160586E-017  -5.5293189180455962E-003  -3.5078366899524514E-015  -7.3115047458432244E-016   9.6586495622239379E-016   5.9461869563203231E-015   8.3907254013869376E-016   1.3163361072318917E-016   1.2090601561583602E-017   4.0618995480615408E-017  -1.7373440959998230E-016  -4.9594220860800032E-014  -8.2869055250658979E-015   1.1105700592914646E-014   5.7897952036316254E-014   9.6509303516770551E-015  -5.7355456511528444E-015
   2.7480314241391488E-015  -2.7286174039795244E-014  -3.5592415332235040E-014   2.1624749584697304E-003  -2.0939084770558027E-015   1.8572782233389346E-014   2.7326405734881235E-014   3.4405842038723861E-015  -1.4674436293979393E-014  -3.3754488843990848E-014   2.8866644324648718E-004   1.9484531325471282        5.6664145263717109E-014   1.0688711819284144E-015   2.4150294229632676E-016   3.9716933689983278E-014   1.4528004632184572E-015   2.4620681463545268E-014  -7.2024538795797642E-003   1.2557081746865790E-016  -2.4470421752253420E-016   1.0267072748659139E-015   1.4643969273968067E-016  -3.7375812180730247E-017  -2.8700030255220644E-016  -2.1101922725888017E-015   1.0038416954308047E-015  -2.2111031578695285E-016   1.3521443671817646E-015   4.2670198869591794E-002   5.7765717113157096E-014  -2.1948153003112183E-016   3.3310241658423873E-016   7.0423631152810537E-014   6.1952805854756536E-016   1.1050763596468524E-013  -2.4291589571069256E-015   2.0354140694188404E-014   2.8078502878703106E-014   8.5063156714867600E-014   2.3379926064227614E-015   3.7339936301988370E-015   1.2159999333099536E-013   3.1417955700678688E-015   9.4726030447721691E-014
  -1.8503099273546856E-016   1.2580820662742739E-016  -4.3738289268156286E-015  -7.0797639243586693E-014   9.5979873813372870E-018   5.1734599548311942E-017  -1.4503829162333937E-016   1.3468647460097716E-016  -1.7348042342913881E-015  -5.4516558026187877E-015   1.2776685063154476E-016   5.6664145263717109E-014   9.7674252872114578E-005   6.9358068335954036E-018  -8.6999265312982609E-018  -4.8837126436073979E-005  -6.1127527990535573E-019  -4.8837126436109710E-005  -5.7317115395296468E-014   5.0008993136316602E-019   9.5273811883222624E-018   4.2333829751839800E-017  -3.9168705826655255E-018   1.2707480624789161E-018   3.8905461923869370E-018   6.9456117598208386E-018   3.5927409085674512E-017   6.1165341880439157E-018   8.2598245380419540E-017  -5.2409083072040540E-014   1.1621997120674073E-003  -2.9584903014569639E-017  -1.2229171889730330E-016  -5.8109985603336405E-004  -3.3769255596744540E-018  -5.8109985603405187E-004   2.3145623231290980E-017   2.9345413420664585E-017   1.5802451389876142E-016   1.3350167973063605E-002  -2.3417998350833354E-016  -1.3527511427634532E-015  -6.6750839865283625E-003   1.2755827818222314E-016  -6.6750839865352173E-003
  -4.1022495333339288E-016   1.0372331408115971E-016  -2.7034632586660903E-016  -9.1782301091711040E-016   2.7958335694092167E-017   1.7231643132643330E-018  -4.3376048134062174E-017   1.0544837956754908E-015  -1.0763847918984673E-017  -8.7437961055629613E-018  -5.4177364704507329E-017   1.0688711819284144E-015   6.9358068335954036E-018   9.7674252871985057E-005  -2.1335028238722808E-017  -4.9306555069308807E-018   1.6635058308548908E-017  -2.2497390086854141E-017  -6.3318078048895869E-016   2.6363942221237196E-018   2.5432994910188745E-018   2.5726235779062870E-019  -4.3974893656717547E-018   7.5176412766247326E-019   9.2939693043401465E-019   2.1024704210008230E-018  -3.4719438552682052E-018   4.4028208593355911E-020  -2.0947078677618163E-018  -7.1457984321838121E-016   1.0031915045561462E-016   1.1621997120668073E-003  -1.3336775291257829E-016  -7.5222729570680603E-017   9.4374564715946876E-017  -4.0757346067460994E-017   4.3306260358757247E-017   3.6642007779502957E-018  -9.1545039682614970E-018   1.1702957018082639E-015   1.3350167973054732E-002  -1.4798077458303223E-015  -6.9318129731649924E-016   1.0523926971843172E-015  -4.9890216770465880E-016
  -9.3978220376017922E-017  -3.9258983495410230E-017   6.9685464055899879E-017  -8.8392788474915341E-016   5.1689312100620057E-017  -5.0499507205367838E-018  -3.2721840448447204E-017   4.3981254268357328E-016  -3.2541843227425267E-016  -6.9703026026168159E-016   8.7662360384727141E-017   2.4150294229632676E-016  -8.6999265312982609E-018  -2.1335028238722808E-017   9.7674252871955539E-005  -1.0496461233653325E-017  -7.5571220762846966E-018   9.1817676651219438E-018  -8.9247145500663000E-016  -1.2930921311616846E-018   3.7139216191975679E-018  -2.4951977518895868E-018  -3.6332625183882232E-019  -5.1174895756961054E-018   2.0442928100479997E-018  -2.8228638868420251E-018   2.6551482788357112E-018   9.7548107104187335E-019  -3.3146807535863900E-018  -5.8358005071342450E-016   4.6925265455256209E-018  -1.3188077333878478E-016   1.1621997120666184E-003  -6.1712080914648466E-017  -4.6379130208231703E-017   3.2150445767201832E-017   4.5807924181386703E-017  -5.4879572580752810E-018  -2.3675884901810559E-017   1.5774207557319570E-016  -1.4174953435490885E-015   1.3350167973052702E-002  -6.4429931709801301E-016  -5.7716316806139584E-016   4.4912704418310140E-016
   8.2363046884446673E-017   3.2913860173022708E-016  -3.2268203302245195E-015  -5.6630591884605719E-014   2.6179287323831971E-017  -1.1042850209404947E-017  -5.4081423659654781E-016  -8.8263729634006077E-016   8.5772931024138282E-016  -1.9435643790108946E-015   8.1851338246198474E-016   3.9716933689983278E-014  -4.8837126436073979E-005  -4.9306555069308807E-018  -1.0496461233653325E-017   9.7674252872120338E-005   2.0965422020613312E-018  -4.8837126436021416E-005  -4.8511035069091009E-014  -9.0941210136144267E-019  -1.2480354542240548E-017  -3.1150237254995117E-017   1.3015744702752219E-018  -1.1480206334378520E-018  -6.1179584055102338E-019  -4.7594656447040907E-018  -3.0188903352346968E-017  -6.3548059296400187E-018  -6.4532900078639466E-017  -4.0835818919448890E-014  -5.8109985603417428E-004   7.8807978499023277E-018  -6.5316722266031786E-017   1.1621997120675276E-003  -8.1687116279380647E-017  -5.8109985603335733E-004   1.2204092267636233E-017  -1.8557089987018875E-017  -2.2388659701890563E-016  -6.6750839865375765E-003   7.1324409322500454E-018  -7.9366214240159017E-016   1.3350167973063948E-002  -9.4521867715936241E-016  -6.6750839865264231E-003
   3.6643953006029006E-016  -3.7404223786375343E-017  -5.9616902057007158E-017   1.8243022663991227E-016  -2.7276623385179479E-017   1.1865014072400189E-017   7.5038999011525980E-017   2.2625335406498434E-016  -8.1412522883918292E-017  -8.5391159450653655E-016   6.9963763751260533E-017   1.4528004632184572E-015  -6.1127527990535573E-019   1.6635058308548908E-017  -7.5571220762846966E-018   2.0965422020613312E-018   9.7674252872002377E-005  -1.2927625290685843E-018  -9.9957048405025348E-017  -1.2487953834321550E-018   4.5426004115845211E-018  -1.0383629284020690E-018   2.9303559758272882E-018  -4.3697288827932265E-018  -1.2577670801229103E-018   5.3881224032483343E-018   8.0344213570877448E-018   1.2806102525492345E-019   2.5476542232309446E-018   2.6822775134986588E-016  -2.3006723447184736E-017   1.1101770333831029E-016  -3.4769908391400990E-017   1.1530269081720236E-016   1.1621997120669547E-003  -8.6389671148987367E-017  -4.5604804626515723E-017   4.4818494081887386E-018   6.0125911889366611E-017  -1.9799370988396365E-016   1.2212997489545339E-015  -4.4058249344843006E-016   1.2495637560967163E-015   1.3350167973055884E-002  -1.0519098884044201E-015
   5.0060195673970077E-018   1.4379303403423000E-016  -2.8113183100904792E-015  -7.1346524481396563E-014  -4.4735293595127583E-017   1.3916799306137561E-017  -2.6897628716368908E-016   5.9506245258850379E-016   3.5133813712634794E-016  -7.9316282537743249E-015   4.5063961576080894E-016   2.4620681463545268E-014  -4.8837126436109710E-005  -2.2497390086854141E-017   9.1817676651219438E-018  -4.8837126436021416E-005  -1.2927625290685843E-018   9.7674252872175294E-005  -5.9614329496066668E-014   4.0932217006324770E-019   2.9529733542108139E-018  -1.1183592496811998E-017   2.6152961124222847E-018  -1.2272742905340958E-019  -3.2787503518616161E-018  -2.1861461150151960E-018  -5.7385057333190661E-018   2.3827174185107011E-019  -1.8065345302072393E-017  -5.2607308453300909E-014  -5.8109985603405534E-004  -2.2212753474462031E-016   6.8447170750619812E-017  -5.8109985603386669E-004   8.7354613729447880E-017   1.1621997120679348E-003  -3.6433235585598651E-017  -4.1096829212692469E-018  -4.9678388435204693E-017  -6.6750839865354758E-003  -2.5738423297072518E-015   7.7760927986445009E-016  -6.6750839865321772E-003   8.4397282897417491E-016   1.3350167973067678E-002
  -2.7704176467423967E-015   6.1029572125775925E-015  -8.3612017649929682E-014  0.88714601059215437       -2.8168139099263331E-016  -4.4638769411031999E-015   6.1782774175770878E-014   1.1766957664902537E-014   2.1420106725560594E-014   8.3700533299743918E-014  -6.1515131432954727E-003  -7.2024538795797642E-003  -5.7317115395296468E-014  -6.3318078048895869E-016  -8.9247145500663000E-016  -4.8511035069091009E-014  -9.9957048405025348E-017  -5.9614329496066668E-014  0.73592150129492573       -1.7537098844608872E-016  -1.4389046361323748E-015   6.9862851317096677E-016  -5.6377576384591758E-017   2.0589361146854033E-017   6.8726140597972998E-017  -1.0827508712561221E-015   6.5626972071220864E-016  -1.2378707873843625E-015   2.0781795674345493E-015  0.66217626706060018       -8.9042515176622953E-014   2.6351044984076517E-015  -1.4173054983718889E-015  -1.2902312365640986E-013  -2.2119804163262247E-015  -8.6081580125287057E-014   4.5857017190793775E-016  -2.7907911933294217E-015   4.4287960099875617E-014   8.1761521232739887E-014   1.6959935758138307E-014  -1.7577246853044250E-014  -2.4668659303101862E-013  -2.6962584085517566E-014  -1.3812742357164075E-013
  -4.6527066391241015E-014   2.9568149839107798E-015  -6.8148300365459667E-016  -2.1071858217735363E-016  -4.2500141928678058E-015   2.7015050189018816E-016  -6.2482026138044416E-017   1.0363910719160496E-014  -3.7480452486073318E-016  -9.4041373169093040E-016   1.4804358738322038E-018   1.2557081746865790E-016   5.0008993136316602E-019   2.6363942221237196E-018  -1.2930921311616846E-018  -9.0941210136144267E-019  -1.2487953834321550E-018   4.0932217006324770E-019  -1.7537098844608872E-016   1.9693874350021905E-027  -3.9961385065185589E-029  -3.8330101271124582E-030   1.0022136445049164E-027   2.9184681865301773E-030   8.1171228370206424E-028  -2.9919256471745882E-029  -7.7508197215389312E-030  -1.7660040836034621E-029  -2.9196451069178457E-029  -1.5467299265133873E-016   5.9504358325408001E-018   3.1369747049288125E-017  -1.5386156108978850E-017  -1.0820850441960262E-017  -1.4859081000035551E-017   4.8704146095351314E-018  -5.1823857828076648E-016   3.2927326596272627E-017  -7.5638810151854371E-018   6.8352553396796306E-017   3.6034374129696347E-016  -1.7674050886596548E-016  -1.2429892170181914E-016  -1.7068600621391112E-016   5.5946368305114499E-017
  -3.3210308715436612E-016  -1.9721695674907784E-014  -2.3717197947238119E-016  -1.7360255918702428E-015  -3.0520925564345324E-017  -1.8041758318413568E-015  -2.1605682794497417E-017  -7.9695610305023605E-016  -8.3094689950553984E-015   3.2962852821186691E-016   1.1997352348443366E-017  -2.4470421752253420E-016   9.5273811883222624E-018   2.5432994910188745E-018   3.7139216191975679E-018  -1.2480354542240548E-017   4.5426004115845211E-018   2.9529733542108139E-018  -1.4389046361323748E-015  -3.9961385065185589E-029   3.8794199978219167E-028   9.0168670530826093E-030  -2.5450498401058886E-029   1.4747800075167177E-030  -2.0091913860697933E-029   7.1487397917556151E-028   9.6867147274095939E-030   3.0083755636001432E-028   2.4249157435065209E-029  -1.3012431447650122E-015   1.1336375091821259E-016   3.0262037837497579E-017   4.4190956260743913E-017  -1.4850038806594977E-016   5.4051182733880989E-017   3.5136637148287651E-017  -3.6777603209796446E-018  -2.1935742115631503E-016  -2.6485086418480290E-018   1.3022074442956239E-015   3.4761950475714977E-016   5.0762074955405113E-016  -1.7058213869468925E-015   6.2088500035532675E-016   4.0361394265179867E-016
   2.5717347885394999E-016  -5.9762132944365633E-016  -1.5609162280814420E-015   8.4794253604807090E-016   2.3437104439416390E-017  -5.4498849810897828E-017  -1.4649916932942104E-016  -3.1343761411675234E-016   5.6093383278267275E-016  -1.8096533029974678E-014  -5.7185933842127187E-018   1.0267072748659139E-015   4.2333829751839800E-017   2.5726235779062870E-019  -2.4951977518895868E-018  -3.1150237254995117E-017  -1.0383629284020690E-018  -1.1183592496811998E-017   6.9862851317096677E-016  -3.8330101271124582E-030   9.0168670530826093E-030   1.8806752578519078E-028  -4.2022810593940082E-030  -5.1279119799316914E-030   4.2173024960570724E-030   8.7856980699840274E-030   1.6466619377741378E-028   5.1502236992371641E-030   3.6372732891423469E-028   6.5469307002530255E-016   5.0371887474463570E-016   3.0610957274136943E-018  -2.9689688157694201E-017  -3.7064831011275068E-016  -1.2355201713195838E-017  -1.3307056463201008E-016   2.8707879278584043E-018  -6.6670508517472953E-018  -1.6934073058046899E-017   5.7862099940481066E-015   3.5162753628588857E-017  -3.4104493389337736E-016  -4.2576307217754289E-015  -1.4192398819178912E-016  -1.5285792722727976E-015
  -2.3682521037453374E-014   1.5014782210143049E-015  -9.9104528081958574E-017  -6.7150572643660778E-017  -2.1632632302529871E-015   1.3741069658759603E-016  -9.1497785894309785E-018   5.3520527041619049E-015   8.8121129954004078E-016  -4.3500184385733812E-016   4.8836236434113313E-019   1.4643969273968067E-016  -3.9168705826655255E-018  -4.3974893656717547E-018  -3.6332625183882232E-019   1.3015744702752219E-018   2.9303559758272882E-018   2.6152961124222847E-018  -5.6377576384591758E-017   1.0022136445049164E-027  -2.5450498401058886E-029  -4.2022810593940082E-030   5.1130852911754585E-028   9.3197120719982970E-031   4.1310649258930429E-028  -2.5229192900677670E-029  -4.7551630775187084E-030  -1.3498615013368591E-029  -1.6475190381632640E-029  -4.7047846912504920E-017  -4.6605791490957145E-017  -5.2324545357015378E-017  -4.3231215275243546E-018   1.5487085184713492E-017   3.4867519036260363E-017   3.1118706306299178E-017  -2.6378803849857386E-016   1.6694316291172483E-017  -1.0926656463863244E-018  -5.3535992003929040E-016  -6.0105114669796193E-016  -4.9659622146849014E-017   1.7789987941146112E-016   4.0052258755937680E-016   3.5746004062787396E-016
  -1.2912812618405947E-016   5.3592220331488880E-017   2.5228579209513747E-017   2.4613351766904912E-017  -1.1911724848986894E-017   4.7857022412284922E-018   2.4407922967363972E-018  -5.1985079044937916E-016  -5.2834754383954828E-016   6.3607972423154054E-016  -1.7646389038221673E-019  -3.7375812180730247E-017   1.2707480624789161E-018   7.5176412766247326E-019  -5.1174895756961054E-018  -1.1480206334378520E-018  -4.3697288827932265E-018  -1.2272742905340958E-019   2.0589361146854033E-017   2.9184681865301773E-030   1.4747800075167177E-030  -5.1279119799316914E-030   9.3197120719982970E-031   9.8684395238387659E-031   4.6596073678248373E-031   3.2305806264508457E-030  -5.2903045760599080E-030   1.9179842621403371E-030  -1.0044416633880513E-029   1.7588363851257836E-017   1.5120290034476888E-017   8.9450395270139113E-018  -6.0891634555675713E-017  -1.3659989305198937E-017  -5.1994230824041714E-017  -1.4603007292909490E-018  -1.4248378033904729E-018   6.0959104461730621E-019   2.6527812065457129E-019   1.7368650987073016E-016   1.0275151419447197E-016  -6.9946115201361708E-016  -1.5691206067345156E-016  -5.9725682937599184E-016  -1.6774449197289251E-017
  -1.8982586719300763E-014   1.3160781322779345E-015  -1.6362713450711814E-016   8.1254936664514506E-017  -1.7336081660314517E-015   1.2030032444697581E-016  -1.5151299599826696E-017   5.9042722884746984E-015   9.8520800243984546E-017  -9.2774558563820242E-016  -6.0805065109348573E-019  -2.8700030255220644E-016   3.8905461923869370E-018   9.2939693043401465E-019   2.0442928100479997E-018  -6.1179584055102338E-019  -1.2577670801229103E-018  -3.2787503518616161E-018   6.8726140597972998E-017   8.1171228370206424E-028  -2.0091913860697933E-029   4.2173024960570724E-030   4.1310649258930429E-028   4.6596073678248373E-031   3.3646329328804010E-028  -1.7637043164461154E-029   2.2548077628482444E-030  -1.1117594516725396E-029   2.5105959294380222E-030   5.4616180045726388E-017   4.6292564638343701E-017   1.1058644557549447E-017   2.4324491310213844E-017  -7.2795944561531832E-018  -1.4965832810382520E-017  -3.9012970182242818E-017  -2.1147733467304629E-016   1.4649446745718636E-017  -1.7989163992222907E-018   5.3176188860566216E-016   1.2703045859057457E-016   2.7941501058622095E-016  -8.3620575496818347E-017  -1.7191226241134111E-016  -4.4814131310891777E-016
  -1.4324368094903316E-015  -3.6307640948907133E-014  -1.6141628092403335E-015  -1.3170499467406979E-015  -1.3078754351901369E-016  -3.3218168471733976E-015  -1.4731645884932788E-016   5.9393188448106080E-016  -1.6847799289931873E-014   9.6797086542040613E-016   8.8019565243055813E-018  -2.1101922725888017E-015   6.9456117598208386E-018   2.1024704210008230E-018  -2.8228638868420251E-018  -4.7594656447040907E-018   5.3881224032483343E-018  -2.1861461150151960E-018  -1.0827508712561221E-015  -2.9919256471745882E-029   7.1487397917556151E-028   8.7856980699840274E-030  -2.5229192900677670E-029   3.2305806264508457E-030  -1.7637043164461154E-029   1.3317556916040726E-027   7.4495278577032137E-030   5.5532004519200589E-028   1.3162505116759683E-029  -1.0277506783690374E-015   8.2643969623488459E-017   2.5016731083874442E-017  -3.3588499528091499E-017  -5.6631603920404151E-017   6.4111821913235903E-017  -2.6012365702912481E-017  -1.5961837408403983E-017  -4.0379900986437657E-016  -1.7994156030615423E-017   9.4932984837062872E-016   2.8736675688255715E-016  -3.8583051261084044E-016  -6.5052625385501802E-016   7.3645138844350201E-016  -2.9880359451553423E-016
   3.0222553817084169E-016  -6.4216932139448773E-016   8.8488306630944080E-016   7.9674985489764619E-016   2.7587375101337016E-017  -5.8567767005116422E-017   7.7421781516843993E-017  -1.5872136270350091E-016   5.7235640432766682E-016  -1.6242637073826586E-014  -5.3672491475295951E-018   1.0038416954308047E-015   3.5927409085674512E-017  -3.4719438552682052E-018   2.6551482788357112E-018  -3.0188903352346968E-017   8.0344213570877448E-018  -5.7385057333190661E-018   6.5626972071220864E-016  -7.7508197215389312E-030   9.6867147274095939E-030   1.6466619377741378E-028  -4.7551630775187084E-030  -5.2903045760599080E-030   2.2548077628482444E-030   7.4495278577032137E-030   1.5014019956585543E-028   4.9006071510254283E-030   3.5810973735772131E-028   6.1599169118386157E-016   4.2749059518631279E-016  -4.1311727812213788E-017   3.1592896535326523E-017  -3.5920965609686389E-016   9.5599422706215570E-017  -6.8280939089567864E-017   3.3685590114520766E-018  -7.1632823976578880E-018   1.0249502244461984E-017   4.9105770663897646E-015  -4.7454710220959448E-016   3.6290705557995836E-016  -4.1262351011155020E-015   1.0981489136540531E-015  -7.8434196527437350E-016
  -6.7078705477738418E-016  -1.5058964879386356E-014  -3.7587232518484348E-016  -1.4935390192408553E-015  -6.1639507388906276E-017  -1.3778365415017308E-015  -3.4277538077385569E-017  -1.5760885240427905E-015  -7.3601360208583663E-015   3.4981596006233374E-016   1.0319922602774372E-017  -2.2111031578695285E-016   6.1165341880439157E-018   4.4028208593355911E-020   9.7548107104187335E-019  -6.3548059296400187E-018   1.2806102525492345E-019   2.3827174185107011E-019  -1.2378707873843625E-015  -1.7660040836034621E-029   3.0083755636001432E-028   5.1502236992371641E-030  -1.3498615013368591E-029   1.9179842621403371E-030  -1.1117594516725396E-029   5.5532004519200589E-028   4.9006071510254283E-030   2.3473908499366856E-028   1.2407131557539364E-029  -1.1197096737830518E-015   7.2778998180899994E-017   5.2387983368798154E-019   1.1606987374392501E-017  -7.5614129666320434E-017   1.5237637586462269E-018   2.8351314858955966E-018  -7.4292222793322158E-018  -1.6747063677351368E-016  -4.1931505839917728E-018   8.3601109218651215E-016   6.0177985804288648E-018   1.3332926303492310E-016  -8.6857819848271493E-016   1.7503447916886392E-017   3.2567106296660718E-017
   8.8556493235118596E-016  -1.0461077585602614E-015   1.6252308919689278E-014   2.5128641152764405E-015   8.0982497012662470E-017  -9.6075010767796790E-017   1.4771948706362080E-015   2.2923377707574690E-016  -2.2074061730058945E-015  -3.8330780908622831E-014  -1.7210415164160586E-017   1.3521443671817646E-015   8.2598245380419540E-017  -2.0947078677618163E-018  -3.3146807535863900E-018  -6.4532900078639466E-017   2.5476542232309446E-018  -1.8065345302072393E-017   2.0781795674345493E-015  -2.9196451069178457E-029   2.4249157435065209E-029   3.6372732891423469E-028  -1.6475190381632640E-029  -1.0044416633880513E-029   2.5105959294380222E-030   1.3162505116759683E-029   3.5810973735772131E-028   1.2407131557539364E-029   1.0438825432983971E-027   1.9045522930485563E-015   9.8281434641901059E-016  -2.4924366546944168E-017  -3.9440496386287785E-017  -7.6785965272055878E-016   3.0313853626760657E-017  -2.1495469369910197E-016   9.8533512441237349E-018  -1.1592183101412605E-017   1.8187603363590632E-016   1.1289571383298311E-014  -2.8630576704572694E-016  -4.5305229921373831E-016  -8.8203905379733466E-015   3.4821471183185343E-016  -2.4691808453256136E-015
  -2.6806187719114036E-017   6.3535002948038722E-015  -5.3509820793699082E-014  0.79852044877773642       -9.0301946333095997E-017  -3.4130829810270390E-015   5.8323874786959846E-014  -3.7086336638003136E-015  -7.0237322142144679E-015  -1.2180614448951929E-013  -5.5293189180455962E-003   4.2670198869591794E-002  -5.2409083072040540E-014  -7.1457984321838121E-016  -5.8358005071342450E-016  -4.0835818919448890E-014   2.6822775134986588E-016  -5.2607308453300909E-014  0.66217626706060018       -1.5467299265133873E-016  -1.3012431447650122E-015   6.5469307002530255E-016  -4.7047846912504920E-017   1.7588363851257836E-017   5.4616180045726388E-017  -1.0277506783690374E-015   6.1599169118386157E-016  -1.1197096737830518E-015   1.9045522930485563E-015  0.59706080278133422       -1.0546723417798898E-013   3.2366603085603425E-016   1.2741834731256311E-015  -9.2645062915564873E-014   1.8507245228339053E-015  -6.9610529912156866E-014   3.7849405665088799E-016  -1.9804765746761955E-015   4.0826093923744228E-014  -2.3191844034353685E-013  -8.1385088886493778E-015   1.3467128653454099E-014   3.0356033231013868E-014   1.9760669001296372E-014  -6.3593620310521794E-014
  -5.4259384849399393E-016  -4.1568654397643827E-016  -6.0709611870727929E-015  -1.3099564659127090E-013   2.6551499507676779E-016   4.4518808629199954E-016   2.4888324386086223E-015   1.3180815051274944E-016   1.3600584598689268E-016  -3.1285855847209072E-015  -3.5078366899524514E-015   5.7765717113157096E-014   1.1621997120674073E-003   1.0031915045561462E-016   4.6925265455256209E-018  -5.8109985603417428E-004  -2.3006723447184736E-017  -5.8109985603405534E-004  -8.9042515176622953E-014   5.9504358325408001E-018   1.1336375091821259E-016   5.0371887474463570E-016  -4.6605791490957145E-017   1.5120290034476888E-017   4.6292564638343701E-017   8.2643969623488459E-017   4.2749059518631279E-016   7.2778998180899994E-017   9.8281434641901059E-016  -1.0546723417798898E-013   1.3828702355144232E-002  -1.4032244513916382E-016  -1.6754724294380177E-016  -6.9143511775713127E-003  -2.2738771853482478E-016  -6.9143511775730240E-003   2.9390965690595144E-016   3.2737048682222278E-016   2.3905835968064292E-015  0.15885006455755182       -3.5464589228224328E-016  -1.3057392458563552E-015  -7.9425032278772165E-002  -6.3265711393580183E-016  -7.9425032278779367E-002
  -6.6525932454832942E-016   7.9194622609791878E-019   3.8016374547067106E-016   1.2664232130593720E-015   7.1495046093146943E-016  -9.2188411910466794E-017  -1.8735437143143086E-016  -1.6666748453143043E-015   1.2728001860445573E-017   5.0345558416929052E-017  -7.3115047458432244E-016  -2.1948153003112183E-016  -2.9584903014569639E-017   1.1621997120668073E-003  -1.3188077333878478E-016   7.8807978499023277E-018   1.1101770333831029E-016  -2.2212753474462031E-016   2.6351044984076517E-015   3.1369747049288125E-017   3.0262037837497579E-017   3.0610957274136943E-018  -5.2324545357015378E-017   8.9450395270139113E-018   1.1058644557549447E-017   2.5016731083874442E-017  -4.1311727812213788E-017   5.2387983368798154E-019  -2.4924366546944168E-017   3.2366603085603425E-016  -1.4032244513916382E-016   1.3828702355148294E-002  -1.3551124257749911E-016  -1.0320212371673871E-016   8.8719183807481239E-017   5.7179620848764531E-017   5.6257342553955124E-016   2.9864660851714069E-017  -6.8886111865760288E-017  -1.3985208923232482E-015  0.15885006455757492       -9.3567918034920052E-016   8.4802503459357660E-016   6.4208909050138462E-016   2.9125418473730886E-016
  -8.5383660168049116E-016   5.4908574691403597E-017   6.0949212507995389E-016   5.6162617849262389E-016   6.3798302964266091E-016  -1.1587761029336481E-017  -4.0745529173861618E-016  -4.9677795416915338E-016  -1.5359809630446315E-016   9.8103751637460701E-016   9.6586495622239379E-016   3.3310241658423873E-016  -1.2229171889730330E-016  -1.3336775291257829E-016   1.1621997120666184E-003  -6.5316722266031786E-017  -3.4769908391400990E-017   6.8447170750619812E-017  -1.4173054983718889E-015  -1.5386156108978850E-017   4.4190956260743913E-017  -2.9689688157694201E-017  -4.3231215275243546E-018  -6.0891634555675713E-017   2.4324491310213844E-017  -3.3588499528091499E-017   3.1592896535326523E-017   1.1606987374392501E-017  -3.9440496386287785E-017   1.2741834731256311E-015  -1.6754724294380177E-016  -1.3551124257749911E-016   1.3828702355147975E-002  -2.5394153637809113E-017   1.0436547053004408E-016  -1.0296881907914480E-016   5.4814003054579675E-016  -5.9579008965256739E-017  -2.8438598562577235E-016  -6.8905889384143154E-016  -3.9748291599328915E-016  0.15885006455757292        4.7679145787764954E-016   6.7046384720145781E-016  -2.3311024334796918E-016
  -5.1767002875367824E-016   1.0384485815174047E-015   4.0990096019822335E-015  -1.3574966609081432E-013   1.7687786467925326E-016  -3.9657433801079430E-016  -2.5464880362187278E-015   1.1281147508671747E-016   2.5979492270620503E-017  -1.2986162229025506E-016   5.9461869563203231E-015   7.0423631152810537E-014  -5.8109985603336405E-004  -7.5222729570680603E-017  -6.1712080914648466E-017   1.1621997120675276E-003   1.1530269081720236E-016  -5.8109985603386669E-004  -1.2902312365640986E-013  -1.0820850441960262E-017  -1.4850038806594977E-016  -3.7064831011275068E-016   1.5487085184713492E-017  -1.3659989305198937E-017  -7.2795944561531832E-018  -5.6631603920404151E-017  -3.5920965609686389E-016  -7.5614129666320434E-017  -7.6785965272055878E-016  -9.2645062915564873E-014  -6.9143511775713127E-003  -1.0320212371673871E-016  -2.5394153637809113E-017   1.3828702355146280E-002   1.0315463693193063E-016  -6.9143511775750163E-003   1.2827933632131146E-016  -2.5259570700795722E-016  -2.1914447637259118E-015  -7.9425032278771068E-002  -2.1777661766208048E-015  -8.0775772355589688E-016  0.15885006455756301        1.1030672902868849E-015  -7.9425032278792537E-002
