   1.9992294640259327        2.5974751524464844E-014  -1.9274200833453714E-014  -7.5945555056688421E-015   3.2152498909980977E-004  -1.4330911954360207E-014   5.9892700664694960E-015  -1.1416073903055114E-003   3.4785558383892685E-015   1.7272753458650106E-014   3.2926479970434883E-014  -7.9819042532707568E-015   1.0041493262488263E-015  -6.2690108745492428E-016   2.9531847531068701E-016   9.8335574131948508E-016  -5.0738167962301152E-016   1.2662967700152687E-015  -5.9355068839524939E-014   9.0183679826408249E-014   2.2021638400093821E-017  -1.0218893175111744E-016   4.3923146197294225E-014  -4.4018493220966185E-016   4.6434632077648453E-014   8.5881596072376884E-017  -1.0710325779435162E-016   1.2952152505576655E-017   6.8497610501978478E-016   1.2882996665325524E-014   1.6571175406974122E-015   6.3574583351607325E-016  -3.4984728545032223E-016   1.3623400288172573E-015  -4.6436713157014896E-016   1.2760921415792266E-015   2.0827655905597203E-004  -6.3565736491587532E-015   5.3006160808466336E-015   1.2747542566866596E-015   1.7749810096153496E-016   1.2282204478656793E-016   1.2945128161229018E-015  -4.9287476943908683E-015  -5.3080066954000628E-016
   2.5974751524464844E-014   1.9992294640264952       -3.2076798899341452E-016  -9.2721279952069141E-015  -1.0867564971491007E-014   3.2152498889883246E-004  -6.2083521604266156E-015   1.2370291825487812E-014  -1.1416073901919400E-003  -1.0796893503491230E-014  -4.9331460019825799E-016  -8.7077431524284073E-016  -7.8304642649342229E-016   1.7997247468632332E-017  -1.2247128595602720E-016  -5.6829602511626568E-016  -3.3323692451509532E-016  -6.8685576814314198E-016  -3.2108724989776497E-015  -2.2146621214090666E-016   3.4361548835598873E-014  -1.3147883694204970E-015   8.6491898309635352E-017  -1.1625839700010975E-016  -2.5497550644256477E-016   6.4220305336309710E-014  -1.5757462711750051E-015   2.9126728088282276E-014  -2.9169441747450039E-015  -7.7773076475678406E-015  -2.1543753291429257E-015   1.3544743338975570E-016   2.1013769948343529E-016  -5.5562193216791085E-016   2.4497708009316543E-016  -5.9115059118609107E-016  -7.1341096111457672E-015   2.0827655893484705E-004  -3.4718860089678319E-015  -1.3121434249462332E-014   1.1664975843587700E-015   3.3974113712805878E-015   6.1105996290181999E-015   3.8191243928274625E-015   3.9114321876429106E-015
  -1.9274200833453714E-014  -3.2076798899341452E-016   1.9992294640262109        2.5454501070500771E-015   1.2371195017381213E-014   7.7408443861204781E-015   3.2152498902580766E-004   3.8100656662857016E-014  -2.3598759732912540E-014  -1.1416073902562689E-003   2.5556477758955476E-014   3.9988256137017232E-014  -2.8973055207751436E-015   5.0941143816118147E-016   1.0746789527544152E-016  -4.3635267175644708E-015   3.8839768062533678E-016  -3.3585887333336949E-015  -1.6521700290516486E-014   1.4062131746207846E-015   3.9522139381096577E-016   3.1386887046455095E-014   2.4690577761866876E-016  -8.7784188638138196E-017   2.4143047015320579E-016   1.0598765521329994E-015   2.7550083053385229E-014  -1.8418298836646736E-016   5.2705184867794371E-014   4.9510090896479347E-015   1.2690519890492390E-016  -3.2912347778196189E-016   1.7976363177247607E-015  -4.6304075484916608E-015   1.4886862475439836E-015   2.9166154883009907E-016   8.1987790923016023E-015   6.6706989404616180E-015   2.0827655901509994E-004   2.1530020964492105E-014  -4.4796143314596643E-015   1.9462159776462226E-014  -4.1877815504086810E-014   1.9675791334815914E-014   1.6903587841175984E-014
  -7.5945555056688421E-015  -9.2721279952069141E-015   2.5454501070500771E-015   1.2878937061779623        6.7672775479261630E-015   5.9593511949007856E-015   4.6799962485265822E-016  -8.6323033811513224E-015  -3.2012749210642123E-014   4.5164712524780742E-016   4.3920436673562015E-005   3.3265429933532813E-005   1.8637382218607305E-014  -2.0117518028201674E-016   5.6831020773675991E-017   1.3166489929977020E-014  -5.4366414148381037E-016   3.4790217529182184E-014   1.0037218075560670        5.3504775605987556E-017   1.2420194324355273E-015   1.9454584758037120E-016  -6.3929938419346917E-016  -1.3681885361842970E-017   6.0409279206492281E-016   1.6685156650552376E-015   1.3599324225179823E-016   1.0893225380067227E-015  -2.5658628231263087E-016  0.92985650572060063       -2.2606314485070355E-014   8.7483832132391838E-016   6.3192743736636890E-016  -1.3685246191024175E-014   1.7614901215636851E-015  -3.8432795211193130E-014   6.9770617050000319E-015   6.8646515108930290E-015  -4.5254848159261561E-016  -9.4965499474018258E-014   4.8387245706099100E-015   5.3966782680433980E-015  -3.7785641629403028E-014   1.0297450898358410E-014  -3.3283408618435688E-014
   3.2152498909980977E-004  -1.0867564971491007E-014   1.2371195017381213E-014   6.7672775479261630E-015   3.0099335015559416E-007  -3.6410276640211510E-018  -1.3139631389085565E-017   7.0569977047804276E-004   3.3541304100487191E-015  -1.5757680416712872E-014   2.2211193614620268E-018   6.3560879257811781E-015  -6.8086353421382352E-018  -1.1371640224596783E-017  -1.3471095201072280E-018   5.8430870166548759E-019   2.9329479909256900E-017   6.9570388615453834E-018   5.2510725211899256E-015   3.4095617428121792E-018  -3.0439168909000925E-019  -1.4336784025146983E-018   2.2234231784058326E-018  -4.4438188593664867E-019   2.8989458567107077E-018  -3.9490172768649226E-019   2.2387783314386850E-019  -3.7008594867857993E-019  -1.5313712791072689E-018   5.0250415728469373E-015  -7.6537463856088389E-017  -1.2130889682816296E-016  -1.7093768861674638E-017   5.2308193017499935E-018   3.0783088963789613E-016   7.2032041088677315E-017   2.5592207844579582E-007  -1.6602049894356477E-018  -1.3096394390279954E-017  -9.4455799114976662E-016  -1.4988879774180647E-015  -2.0963135195795774E-016   6.0948367726670092E-017   3.7928601710864136E-015   8.8387198023742578E-016
  -1.4330911954360207E-014   3.2152498889883246E-004   7.7408443861204781E-015   5.9593511949007856E-015  -3.6410276640211510E-018   3.0099335009006880E-007   1.0549467832092141E-017  -2.1709218855538299E-015   7.0569977047695183E-004   1.6997616346344878E-014  -1.4644232288158856E-017   3.5666251075846344E-015   6.4116267271157911E-017  -3.6799910980669062E-018  -2.3618698761819807E-017  -4.1506444594431264E-017  -3.1051036487714697E-017  -2.2803857319903266E-017   4.6709149145771689E-015  -3.2355844302918962E-019   3.7013787984892778E-018   8.2033571492477045E-019  -1.9943559232633802E-019  -3.8067472154916371E-021  -2.1473059198537205E-019   6.5252255038341934E-018   3.2714412202199828E-019   2.7326217980748427E-018   9.3383311433453188E-020   4.3634292664830081E-015   6.7855557003449998E-016  -3.9013310777887616E-017  -2.4856185263241563E-016  -4.3742264743390517E-016  -3.2941241471385705E-016  -2.4044772237807830E-016  -1.2986043212030352E-018   2.5592207839736692E-007   8.3381360612656139E-018   8.3576522128750683E-015  -4.8003698578994495E-016  -3.0674226633086648E-015  -5.3928296052167772E-015  -4.0639396026764059E-015  -2.9629263432990377E-015
   5.9892700664694960E-015  -6.2083521604266156E-015   3.2152498902580766E-004   4.6799962485265822E-016  -1.3139631389085565E-017   1.0549467832092141E-017   3.0099335013188205E-007  -2.9796773090248670E-014   1.2162473590138940E-014   7.0569977047823694E-004   4.4840555876062330E-018  -2.6397789926375719E-014  -8.3249634985789572E-017   6.2839976904965761E-018  -9.7341121649613074E-017   1.6143587548158954E-016  -9.4322696316336021E-017  -8.0738104442997446E-017   4.4463098697209705E-016  -4.3863398107180834E-019  -2.9663675780149582E-019   1.1653617447650475E-018  -2.6162988959640356E-019   9.1143116963521311E-020  -2.7385481323004854E-019  -6.5779807660609482E-019   6.1104671323048597E-019  -2.1679577661904395E-019   1.7624518086012512E-018  -2.3521478147692733E-016  -8.6883477367484560E-016   6.7010804446349800E-017  -1.0280317531398496E-015   1.7129966063535530E-015  -9.9865082229716869E-016  -8.4315899453644528E-016  -1.3213022994992784E-017   7.8078105710027890E-018   2.5592207842116320E-007  -1.0716037494243803E-014   8.2406245380828970E-016  -1.2671878673175645E-014   2.1110890223884129E-014  -1.2306097364705225E-014  -1.0396854473192979E-014
  -1.1416073903055114E-003   1.2370291825487812E-014   3.8100656662857016E-014  -8.6323033811513224E-015   7.0569977047804276E-004  -2.1709218855538299E-015  -2.9796773090248670E-014   1.9988084083868782       -2.4633636106384993E-015   4.6832875593680367E-014  -1.0405785996964151E-014  -6.3859040222860080E-016   8.5991546250592455E-016   7.6350844965323897E-016   6.2708225051061203E-016  -1.1593630097301476E-016   5.4868912704567864E-016  -1.5283134213222197E-016   1.0733068757388217E-014  -3.1466221966391391E-014  -8.7196891989971068E-016  -4.0130665805021827E-015  -1.3731615589785059E-014  -1.0576193795500055E-015  -1.2963935638890151E-014  -1.1573788861182199E-015   6.8277714258513362E-016  -1.0538560338025289E-015  -4.6486197479574974E-015  -1.2763699534663389E-014  -4.5920933340990633E-016   5.1713933897706195E-016  -2.6344060541501664E-017   2.6029497267605465E-016   1.6521878719360184E-016   2.9434306960533467E-016   6.2971180633365927E-004  -1.5817882294803043E-015  -2.9076713654527883E-014   7.5820730913906498E-017   2.0007808900963998E-017   7.3518491301826313E-016   2.7045558801637717E-016  -3.5970789290092411E-015  -5.3285170343680867E-016
   3.4785558383892685E-015  -1.1416073901919400E-003  -2.3598759732912540E-014  -3.2012749210642123E-014   3.3541304100487191E-015   7.0569977047695183E-004   1.2162473590138940E-014  -2.4633636106384993E-015   1.9988084083868960       -2.2308121655137533E-014  -4.2396422276432148E-014  -1.4027830461356784E-014  -3.9067990077989638E-016   4.5262579013143456E-017   8.3990477019098643E-017   3.7600751114847900E-016   8.7367022082108382E-016   3.9458929568436873E-016   8.0952018182073554E-014  -8.1521959665442654E-016  -5.1867943157467839E-015   2.9223970792583414E-015  -6.0416738879241191E-016   4.2230772781695654E-017  -4.9177910789879693E-016  -1.0805314505135962E-014   1.6448443742322872E-015  -5.5430547603315227E-015   1.5944612114122153E-015  -7.0698257412589282E-014   1.5953883287298635E-015  -1.7608022725369332E-016   1.0361069030263461E-015   1.2222713472757957E-015   1.1350440740007235E-015   6.2779871006498794E-016   5.7502305369145570E-015   6.2971180631217895E-004   7.7288766077710902E-015  -6.5678450381829778E-015   5.8335809299105105E-016   2.9812271477060483E-015   7.4805934049318279E-015   4.6337982142482692E-015   5.8700185099164961E-015
   1.7272753458650106E-014  -1.0796893503491230E-014  -1.1416073902562689E-003   4.5164712524780742E-016  -1.5757680416712872E-014   1.6997616346344878E-014   7.0569977047823694E-004   4.6832875593680367E-014  -2.2308121655137533E-014   1.9988084083869100        5.2696877427983108E-015   2.5801172005976614E-014  -6.5930603826593915E-016  -4.3227842819971305E-016   7.3174723713145218E-016  -1.4368402810760789E-015   1.1765228816089730E-015  -2.8769794096840712E-016  -7.0538819155274149E-015  -1.8832418776696862E-015  -1.0201768992344826E-015  -1.1011531621525847E-014  -8.5342286527166915E-016   2.9811130108968260E-016  -8.8554288592189033E-016  -2.3459173232426957E-015  -1.0831692441906186E-014  -5.2990609293057160E-016  -1.9041249480802754E-014   4.6606492560394337E-015   2.6337770768970075E-015   3.0771778584693591E-016   6.0091109037783798E-016   9.6343473026512473E-017  -8.1875371511772059E-017   2.0300210305745653E-015  -1.6315216238650117E-014   1.0038248593589016E-014   6.2971180630427511E-004   7.3465000815842068E-015  -1.6755918850650159E-015   1.1384903619504580E-014  -2.1944610498713294E-014   1.1310823140498692E-014   1.0500340950790773E-014
   3.2926479970434883E-014  -4.9331460019825799E-016   2.5556477758955476E-014   4.3920436673562015E-005   2.2211193614620268E-018  -1.4644232288158856E-017   4.4840555876062330E-018  -1.0405785996964151E-014  -4.2396422276432148E-014   5.2696877427983108E-015   7.8276237817314249E-009   1.1086029332237021E-004  -1.9725397084214789E-016   3.8677133651741118E-017   1.0672266661047598E-016   1.0117027392551533E-016   2.1123626164423648E-016   1.1061680933403361E-016   3.3870645977491373E-005  -1.0322754023057515E-021  -6.2527758969387580E-021   3.6602817044169465E-020  -3.0497827207821818E-020  -3.2957319105620279E-021   3.1987687561646912E-020   3.8138502581580354E-022  -3.4338120364142492E-021  -1.7662507306348914E-020  -1.1561129521314010E-019   3.4124381139512015E-005  -2.1193763114456606E-015   4.0814283861407492E-016   1.1245468797248432E-015   1.0238335225992916E-015   2.2252431596186619E-015   1.1114213003163878E-015   4.1779106218850224E-019  -1.2997933462439561E-017   2.8163153770533832E-018  -2.6190284537461801E-014   5.0305113799178823E-015   1.3862320818708037E-014   1.2560763593380706E-014   2.7431586633406815E-014   1.3653406027565532E-014
  -7.9819042532707568E-015  -8.7077431524284073E-016   3.9988256137017232E-014   3.3265429933532813E-005   6.3560879257811781E-015   3.5666251075846344E-015  -2.6397789926375719E-014  -6.3859040222860080E-016  -1.4027830461356784E-014   2.5801172005976614E-014   1.1086029332237021E-004   1.9415626511396018        6.6418819312221176E-014  -7.3149545354339879E-016  -8.6287772947415281E-017   7.1569685081468611E-014   1.0336124742251250E-015   7.6768650612812812E-014  -6.2581817458883691E-003  -5.0034174377797569E-017  -8.5129134660772340E-016   5.2486335165202541E-016  -1.5231807604950972E-016  -4.9549368823000777E-017   1.9943785654127686E-016  -9.8982203014028788E-016  -1.4135940327960385E-016  -9.5992240567707082E-016  -1.8715473563465034E-015   4.2300869353776235E-002   1.1213371048919463E-013   1.4289051580441784E-015   3.0680401818664563E-016   1.0707896425613173E-013  -1.1791024163990353E-015   1.0350829319519404E-013   3.9284383286293019E-016   3.1186833817377133E-015  -2.6184203433038308E-014   1.4975524723220285E-013   7.4161375013972883E-015  -1.2735585862272638E-017   1.8515672032966303E-013  -1.3807746554051356E-015   1.8256826990489619E-013
   1.0041493262488263E-015  -7.8304642649342229E-016  -2.8973055207751436E-015   1.8637382218607305E-014  -6.8086353421382352E-018   6.4116267271157911E-017  -8.3249634985789572E-017   8.5991546250592455E-016  -3.9067990077989638E-016  -6.5930603826593915E-016  -1.9725397084214789E-016   6.6418819312221176E-014   1.0851471415911657E-004   3.2537730075555258E-017   1.2278601907710113E-017  -5.4257357079511419E-005  -4.6261380634558174E-018  -5.4257357079563528E-005   1.5121411435474700E-014  -2.1615198495503717E-018   3.6414062363663078E-019  -2.4987580576160751E-017   3.1869974973332716E-018   1.5998334599945312E-018  -2.8478787353311942E-019   3.1817473187145745E-018  -2.4246427020015390E-017  -4.0860913032796228E-019  -4.7512486239053140E-017   1.4605641740661854E-014   1.1433581111236013E-003   3.7012726566022788E-016   8.5294745407052952E-018  -5.7167905556230949E-004   1.8394370969017225E-017  -5.7167905556129782E-004  -1.3766495755384266E-019   6.5913499346882477E-017  -5.4184352594049469E-017   1.4094510671986601E-002   4.6585326085559451E-015   1.2607529554507671E-016  -7.0472553359988517E-003   2.7368936838937192E-016  -7.0472553359877217E-003
  -6.2690108745492428E-016   1.7997247468632332E-017   5.0941143816118147E-016  -2.0117518028201674E-016  -1.1371640224596783E-017  -3.6799910980669062E-018   6.2839976904965761E-018   7.6350844965323897E-016   4.5262579013143456E-017  -4.3227842819971305E-016   3.8677133651741118E-017  -7.3149545354339879E-016   3.2537730075555258E-017   1.0851471415912974E-004   2.2386248988276989E-017   5.1132184247414290E-017   1.2091078408483266E-017   4.2166054089434680E-017  -5.1856216069455731E-016  -4.3891675766779219E-018  -4.1802132220735802E-018   8.8648296100263650E-018   2.2275976046213075E-018  -9.5839907670443882E-019   3.6636704309639508E-018  -2.6393771764855426E-018   8.9670502397945749E-018  -3.5676903751175455E-019   1.0246307205698837E-017   4.4701807641966255E-017  -1.7508759972341182E-017   1.1433581111237236E-003  -2.7328207995863652E-018  -1.3881159395991537E-017   5.6235444844474627E-017   7.0439958034110799E-017  -5.4061681417165357E-019  -2.7431530067384984E-018   9.1707660776121281E-018  -4.4567628489540469E-016   1.4094510671987200E-002   1.4563709959981275E-016  -3.7001975203291501E-016   8.2548362174787417E-016   7.4673953467862523E-016
   2.9531847531068701E-016  -1.2247128595602720E-016   1.0746789527544152E-016   5.6831020773675991E-017  -1.3471095201072280E-018  -2.3618698761819807E-017  -9.7341121649613074E-017   6.2708225051061203E-016   8.3990477019098643E-017   7.3174723713145218E-016   1.0672266661047598E-016  -8.6287772947415281E-017   1.2278601907710113E-017   2.2386248988276989E-017   1.0851471415914604E-004  -1.6685428231179689E-017   3.9685171253011382E-017  -5.0159059816695509E-018  -1.9387418707854376E-016   2.7674579649983955E-018   3.9107495659571372E-018  -1.0909897388313159E-017  -6.9271216169296888E-020  -4.2746473954048320E-019  -3.6465474749991341E-018   1.0782473313617728E-018  -3.6718692379740502E-018   3.0414545661384567E-018  -1.1327085158357520E-017   1.2494116994607650E-016   1.2322082760006405E-016   2.3133943628911136E-016   1.1433581111238275E-003  -3.7232688118405893E-017   7.7083279263739761E-017  -7.2884116271159701E-017  -1.4206510513181129E-018  -2.5889885281752047E-017  -8.4936570547807884E-017   1.4744276043076008E-015   2.7550160050859889E-015   1.4094510671988261E-002  -5.6956920005190729E-016   9.4878198843137656E-016  -8.8532840529552043E-016
   9.8335574131948508E-016  -5.6829602511626568E-016  -4.3635267175644708E-015   1.3166489929977020E-014   5.8430870166548759E-019  -4.1506444594431264E-017   1.6143587548158954E-016  -1.1593630097301476E-016   3.7600751114847900E-016  -1.4368402810760789E-015   1.0117027392551533E-016   7.1569685081468611E-014  -5.4257357079511419E-005   5.1132184247414290E-017  -1.6685428231179689E-017   1.0851471415893519E-004   9.3352830809634299E-018  -5.4257357079475261E-005   9.5864708478872502E-015   6.7134057773129429E-018  -8.6499319179697973E-019   2.8488166320297829E-017  -7.0983264301954538E-018  -5.8216434711055537E-018  -1.9103839733542161E-018  -1.6249407005873729E-020   3.7818595644459199E-017   6.8006041153323487E-019   7.5288741459134709E-017   1.1323589797854555E-014  -5.7167905556087910E-004   5.8431278788072135E-016  -1.3074077287089510E-016   1.1433581111227108E-003   3.3159336453572492E-017  -5.7167905556184653E-004  -5.9271792170894981E-018  -3.8466478839630880E-017   1.3491809133159322E-016  -7.0472553359816415E-003   6.9655015116512908E-015  -1.5776574418834036E-015   1.4094510671974751E-002   3.5486987955696182E-016  -7.0472553359932277E-003
  -5.0738167962301152E-016  -3.3323692451509532E-016   3.8839768062533678E-016  -5.4366414148381037E-016   2.9329479909256900E-017  -3.1051036487714697E-017  -9.4322696316336021E-017   5.4868912704567864E-016   8.7367022082108382E-016   1.1765228816089730E-015   2.1123626164423648E-016   1.0336124742251250E-015  -4.6261380634558174E-018   1.2091078408483266E-017   3.9685171253011382E-017   9.3352830809634299E-018   1.0851471415911768E-004   1.1680463057261253E-017  -9.5266796252888565E-016  -4.6674900860415226E-019   2.7249105699382257E-018  -3.8048207482470712E-018  -1.9187965693363668E-018  -6.9266044271645889E-018   2.5448122960674850E-018   1.2332001214873545E-017  -8.6623450540426220E-018   2.3800554238173584E-018  -2.1400620683643494E-017  -1.6997416399549489E-016  -5.9450264717571635E-017   6.2755646081894274E-017   3.5351119610981013E-016   8.7500700443076117E-017   1.1433581111236536E-003   1.5605445507008336E-017   3.5257857420336822E-017  -3.9485787816237348E-017  -7.9757444063267579E-017  -8.4200297444590295E-016   7.3620548056762685E-016   4.1828542499919068E-015   8.6335750884427533E-016   1.4094510671986435E-002   3.7435375492626390E-017
   1.2662967700152687E-015  -6.8685576814314198E-016  -3.3585887333336949E-015   3.4790217529182184E-014   6.9570388615453834E-018  -2.2803857319903266E-017  -8.0738104442997446E-017  -1.5283134213222197E-016   3.9458929568436873E-016  -2.8769794096840712E-016   1.1061680933403361E-016   7.6768650612812812E-014  -5.4257357079563528E-005   4.2166054089434680E-017  -5.0159059816695509E-018  -5.4257357079475261E-005   1.1680463057261253E-017   1.0851471415904867E-004   2.6497234567626827E-014  -4.5518859276413833E-018   5.0085256808891496E-019  -3.5005857442269642E-018   3.9113289328848018E-018   4.2218100111044266E-018   2.1951718470179225E-018  -3.1654979118031210E-018  -1.3572168624593453E-017  -2.7145128128520158E-019  -2.7776255220584073E-017   2.6827783947564516E-014  -5.7167905556228379E-004   3.7142230624469250E-016   2.2929292724382275E-017  -5.7167905556094383E-004   1.2113431579011640E-016   1.1433581111232485E-003   6.5906781325847358E-018  -2.7540010468581256E-017  -8.2593120939547496E-017  -7.0472553359995551E-003   4.7202600022381916E-015   2.2770375115963223E-016  -7.0472553359825869E-003   1.5002166738220770E-015   1.4094510671982231E-002
  -5.9355068839524939E-014  -3.2108724989776497E-015  -1.6521700290516486E-014   1.0037218075560670        5.2510725211899256E-015   4.6709149145771689E-015   4.4463098697209705E-016   1.0733068757388217E-014   8.0952018182073554E-014  -7.0538819155274149E-015   3.3870645977491373E-005  -6.2581817458883691E-003   1.5121411435474700E-014  -5.1856216069455731E-016  -1.9387418707854376E-016   9.5864708478872502E-015  -9.5266796252888565E-016   2.6497234567626827E-014  0.78227236997334981        4.1860969880301502E-017   9.7072503987130938E-016   1.4992081664326810E-016  -4.9774594941651202E-016  -1.0502625479753684E-017   4.7015512940029632E-016   1.3035638979400315E-015   1.0644406697688882E-016   8.5207208120309865E-016  -1.9391341461291888E-016  0.72454816748007278       -9.4328646986479862E-015  -3.1595927332788120E-015  -2.0208573813207925E-015  -1.5682033456109877E-014  -4.1614932380117296E-015  -3.4166168307596724E-014   5.4362341922684764E-015   5.3736568193061191E-015  -2.7217093674201000E-016   3.0881629505933708E-014  -4.3549979864263606E-014  -2.6764622828299942E-014  -8.7614088501740932E-014  -6.0240343709805114E-014  -7.4341708080188276E-014
   9.0183679826408249E-014  -2.2146621214090666E-016   1.4062131746207846E-015   5.3504775605987556E-017   3.4095617428121792E-018  -3.2355844302918962E-019  -4.3863398107180834E-019  -3.1466221966391391E-014  -8.1521959665442654E-016  -1.8832418776696862E-015  -1.0322754023057515E-021  -5.0034174377797569E-017  -2.1615198495503717E-018  -4.3891675766779219E-018   2.7674579649983955E-018   6.7134057773129429E-018  -4.6674900860415226E-019  -4.5518859276413833E-018   4.1860969880301502E-017   4.5656577524217722E-027   1.4513705093954906E-029   9.0826617393941146E-029   2.1974241515905420E-027  -3.8979538677315528E-030   2.2988279648239965E-027   2.2518046792265405E-029   1.5358461261324383E-029   1.6737522420028728E-029   1.6254231042248097E-028   3.7540826888948800E-017  -2.2774710982836971E-017  -4.6246173974794363E-017   2.9159137873514012E-017   7.0735356105391568E-017  -4.9178700690309181E-018  -4.7960645122384819E-017  -5.0368769870095761E-019  -2.7999015869144341E-019  -4.4666547409031683E-019  -2.8075053990259710E-016  -5.7009014611003047E-016   3.5945324211717030E-016   8.7197547453767007E-016  -6.0624026275682589E-017  -5.9122493463500399E-016
   2.2021638400093821E-017   3.4361548835598873E-014   3.9522139381096577E-016   1.2420194324355273E-015  -3.0439168909000925E-019   3.7013787984892778E-018  -2.9663675780149582E-019  -8.7196891989971068E-016  -5.1867943157467839E-015  -1.0201768992344826E-015  -6.2527758969387580E-021  -8.5129134660772340E-016   3.6414062363663078E-019  -4.1802132220735802E-018   3.9107495659571372E-018  -8.6499319179697973E-019   2.7249105699382257E-018   5.0085256808891496E-019   9.7072503987130938E-016   1.4513705093954906E-029   6.0687097732397849E-028  -1.7677269317382455E-029   9.3662933775023702E-030  -1.9163744691399452E-030   3.8468890857543784E-030   1.1360210321256107E-027  -2.1465456470824293E-029   5.1724222813737927E-028  -3.3455839948494826E-029   8.7819810634850358E-016   3.8367436053925512E-018  -4.4044540233280904E-017   4.1205354236639492E-017  -9.1139435747847981E-018   2.8710840058681778E-017   5.2771999691099772E-018  -2.7246206267105072E-019   1.9515389226196687E-018  -2.8021636264031098E-019   4.7296663369903830E-017  -5.4294996145226777E-016   5.0795048321347954E-016  -1.1235025468218080E-016   3.5392694351125857E-016   6.5053591311826479E-017
  -1.0218893175111744E-016  -1.3147883694204970E-015   3.1386887046455095E-014   1.9454584758037120E-016  -1.4336784025146983E-018   8.2033571492477045E-019   1.1653617447650475E-018  -4.0130665805021827E-015   2.9223970792583414E-015  -1.1011531621525847E-014   3.6602817044169465E-020   5.2486335165202541E-016  -2.4987580576160751E-017   8.8648296100263650E-018  -1.0909897388313159E-017   2.8488166320297829E-017  -3.8048207482470712E-018  -3.5005857442269642E-018   1.4992081664326810E-016   9.0826617393941146E-029  -1.7677269317382455E-029   5.7744467154880492E-028   3.1206603341215948E-029  -1.8961894459985656E-030   3.2094539035907889E-029  -2.7311775565132339E-029   5.0610570865159923E-028  -2.5420066876520797E-029   9.6880116884234048E-028   1.5189029413614681E-016  -2.6327999064883899E-016   9.3403691074375256E-017  -1.1495141250756864E-016   3.0016368089638261E-016  -4.0089242252417332E-017  -3.6883690247554951E-017  -1.2751944231332316E-018   7.8364755459093459E-019  -1.9428527804253413E-019  -3.2455296392429106E-015   1.1514146861274227E-015  -1.4170397660935901E-015   3.7002057033373930E-015  -4.9419184353649865E-016  -4.5467606409442362E-016
   4.3923146197294225E-014   8.6491898309635352E-017   2.4690577761866876E-016  -6.3929938419346917E-016   2.2234231784058326E-018  -1.9943559232633802E-019  -2.6162988959640356E-019  -1.3731615589785059E-014  -6.0416738879241191E-016  -8.5342286527166915E-016  -3.0497827207821818E-020  -1.5231807604950972E-016   3.1869974973332716E-018   2.2275976046213075E-018  -6.9271216169296888E-020  -7.0983264301954538E-018  -1.9187965693363668E-018   3.9113289328848018E-018  -4.9774594941651202E-016   2.1974241515905420E-027   9.3662933775023702E-030   3.1206603341215948E-029   1.0604397538963970E-027  -2.0721361878288215E-030   1.1092800412010636E-027   1.5951608787377573E-029  -1.7469139438396116E-030   1.0084126684026005E-029   5.6929964758731552E-029  -4.6488910384087057E-016   3.3579588417493719E-017   2.3470934880321805E-017  -7.2987158923063572E-019  -7.4791047115358140E-017  -2.0217273188531816E-017   4.1211458697967226E-017   2.5687082587264729E-019  -1.8134893120894381E-019  -2.4314960376177241E-019   4.1394543206209649E-016   2.8933309602095177E-016  -8.9973410809758207E-018  -9.2197116675964148E-016  -2.4922425436253847E-016   5.0802573469763738E-016
  -4.4018493220966185E-016  -1.1625839700010975E-016  -8.7784188638138196E-017  -1.3681885361842970E-017  -4.4438188593664867E-019  -3.8067472154916371E-021   9.1143116963521311E-020  -1.0576193795500055E-015   4.2230772781695654E-017   2.9811130108968260E-016  -3.2957319105620279E-021  -4.9549368823000777E-017   1.5998334599945312E-018  -9.5839907670443882E-019  -4.2746473954048320E-019  -5.8216434711055537E-018  -6.9266044271645889E-018   4.2218100111044266E-018  -1.0502625479753684E-017  -3.8979538677315528E-030  -1.9163744691399452E-030  -1.8961894459985656E-030  -2.0721361878288215E-030   1.4998792721439970E-030  -3.5843672122566946E-030  -4.5751513227112339E-030  -4.4865822503556614E-030  -1.5095988257804971E-030  -5.1462063820542151E-030  -1.0957204602034526E-017   1.6856539475832831E-017  -1.0098108505692294E-017  -4.5039539656837727E-018  -6.1339361526590860E-017  -7.2981709583922679E-017   4.4482822050748578E-017  -3.7919623197262836E-019   1.1745178155249277E-021   8.4774814598393124E-020   2.0779550450858104E-016  -1.2448234434656479E-016  -5.5521561108330309E-017  -7.5614829443040563E-016  -8.9966693250594293E-016   5.4835278992181621E-016
   4.6434632077648453E-014  -2.5497550644256477E-016   2.4143047015320579E-016   6.0409279206492281E-016   2.8989458567107077E-018  -2.1473059198537205E-019  -2.7385481323004854E-019  -1.2963935638890151E-014  -4.9177910789879693E-016  -8.8554288592189033E-016   3.1987687561646912E-020   1.9943785654127686E-016  -2.8478787353311942E-019   3.6636704309639508E-018  -3.6465474749991341E-018  -1.9103839733542161E-018   2.5448122960674850E-018   2.1951718470179225E-018   4.7015512940029632E-016   2.2988279648239965E-027   3.8468890857543784E-030   3.2094539035907889E-029   1.1092800412010636E-027  -3.5843672122566946E-030   1.1634785991376940E-027   5.9090406166340064E-030   6.9573279873057394E-031   5.3228336535504497E-030   5.9498527213093288E-029   4.4049605614588050E-016  -3.0006486006364982E-018   3.8602021266970605E-017  -3.8421606373384635E-017  -2.0128634427722412E-017   2.6813246503582715E-017   2.3129283028455470E-017   7.6086375781489891E-019  -1.8156999738720769E-019  -2.5384211936617405E-019  -3.6989875100099604E-017   4.7585843439087503E-016  -4.7363440709946008E-016  -2.4813157836933952E-016   3.3053475137724223E-016   2.8512145346946402E-016
   8.5881596072376884E-017   6.4220305336309710E-014   1.0598765521329994E-015   1.6685156650552376E-015  -3.9490172768649226E-019   6.5252255038341934E-018  -6.5779807660609482E-019  -1.1573788861182199E-015  -1.0805314505135962E-014  -2.3459173232426957E-015   3.8138502581580354E-022  -9.8982203014028788E-016   3.1817473187145745E-018  -2.6393771764855426E-018   1.0782473313617728E-018  -1.6249407005873729E-020   1.2332001214873545E-017  -3.1654979118031210E-018   1.3035638979400315E-015   2.2518046792265405E-029   1.1360210321256107E-027  -2.7311775565132339E-029   1.5951608787377573E-029  -4.5751513227112339E-030   5.9090406166340064E-030   2.1291889821493375E-027  -3.3781759058046478E-029   9.6874020195896953E-028  -5.1880105527624809E-029   1.1831107782194706E-015   3.3524270257821969E-017  -2.7809623113646704E-017   1.1360881716998343E-017  -1.7121080224469595E-019   1.2993531545186325E-016  -3.3353059455967278E-017  -3.5573133920277070E-019   3.2971356701910449E-018  -6.2859910990237624E-019   4.1326350889029540E-016  -3.4281737799020615E-016   1.4004891997144602E-016  -2.1105657575797568E-018   1.6017507310150144E-015  -4.1115294313332011E-016
  -1.0710325779435162E-016  -1.5757462711750051E-015   2.7550083053385229E-014   1.3599324225179823E-016   2.2387783314386850E-019   3.2714412202199828E-019   6.1104671323048597E-019   6.8277714258513362E-016   1.6448443742322872E-015  -1.0831692441906186E-014  -3.4338120364142492E-021  -1.4135940327960385E-016  -2.4246427020015390E-017   8.9670502397945749E-018  -3.6718692379740502E-018   3.7818595644459199E-017  -8.6623450540426220E-018  -1.3572168624593453E-017   1.0644406697688882E-016   1.5358461261324383E-029  -2.1465456470824293E-029   5.0610570865159923E-028  -1.7469139438396116E-030  -4.4865822503556614E-030   6.9573279873057394E-031  -3.3781759058046478E-029   4.5612174790553998E-028  -2.7429004998812743E-029   8.6108751573558834E-028   9.5108702155838999E-017  -2.5547087520682062E-016   9.4480731981457605E-017  -3.8688407454688104E-017   3.9847313257522669E-016  -9.1270225937917947E-017  -1.4300225736852099E-016   2.0396814950546050E-019   3.5385346286028305E-019  -5.3801990004307822E-019  -3.1492643835316950E-015   1.1646916851807413E-015  -4.7692334225572188E-016   4.9120951388208000E-015  -1.1251148358517686E-015  -1.7628307552892281E-015
   1.2952152505576655E-017   2.9126728088282276E-014  -1.8418298836646736E-016   1.0893225380067227E-015  -3.7008594867857993E-019   2.7326217980748427E-018  -2.1679577661904395E-019  -1.0538560338025289E-015  -5.5430547603315227E-015  -5.2990609293057160E-016  -1.7662507306348914E-020  -9.5992240567707082E-016  -4.0860913032796228E-019  -3.5676903751175455E-019   3.0414545661384567E-018   6.8006041153323487E-019   2.3800554238173584E-018  -2.7145128128520158E-019   8.5207208120309865E-016   1.6737522420028728E-029   5.1724222813737927E-028  -2.5420066876520797E-029   1.0084126684026005E-029  -1.5095988257804971E-030   5.3228336535504497E-030   9.6874020195896953E-028  -2.7429004998812743E-029   4.4187856434460828E-028  -4.3892176885264484E-029   7.6558595696807861E-016  -4.3052830857106459E-018  -3.7590733754187650E-018   3.2046084945787254E-017   7.1654115631817868E-018   2.5077296612185922E-017  -2.8601284777513032E-018  -3.3072175239142131E-019   1.2929828709738495E-018  -1.8619614241446377E-019  -5.3072486918956680E-017  -4.6339199670842919E-017   3.9504148513882511E-016   8.8330129261246380E-017   3.0913518808003725E-016  -3.5257642342747035E-017
   6.8497610501978478E-016  -2.9169441747450039E-015   5.2705184867794371E-014  -2.5658628231263087E-016  -1.5313712791072689E-018   9.3383311433453188E-020   1.7624518086012512E-018  -4.6486197479574974E-015   1.5944612114122153E-015  -1.9041249480802754E-014  -1.1561129521314010E-019  -1.8715473563465034E-015  -4.7512486239053140E-017   1.0246307205698837E-017  -1.1327085158357520E-017   7.5288741459134709E-017  -2.1400620683643494E-017  -2.7776255220584073E-017  -1.9391341461291888E-016   1.6254231042248097E-028  -3.3455839948494826E-029   9.6880116884234048E-028   5.6929964758731552E-029  -5.1462063820542151E-030   5.9498527213093288E-029  -5.1880105527624809E-029   8.6108751573558834E-028  -4.3892176885264484E-029   1.6485008698897795E-027  -2.2600689670807093E-016  -5.0061216989654155E-016   1.0795953842264786E-016  -1.1934708386358297E-016   7.9327484655780661E-016  -2.2548622489887373E-016  -2.9266267666172368E-016  -1.3933120227324776E-018   1.9801236978208845E-019  -4.9973280591651576E-019  -6.1711929993629651E-015   1.3308488842093641E-015  -1.4712264957237186E-015   9.7789316241795241E-015  -2.7796348075931295E-015  -3.6077386248171641E-015
   1.2882996665325524E-014  -7.7773076475678406E-015   4.9510090896479347E-015  0.92985650572060063        5.0250415728469373E-015   4.3634292664830081E-015  -2.3521478147692733E-016  -1.2763699534663389E-014  -7.0698257412589282E-014   4.6606492560394337E-015   3.4124381139512015E-005   4.2300869353776235E-002   1.4605641740661854E-014   4.4701807641966255E-017   1.2494116994607650E-016   1.1323589797854555E-014  -1.6997416399549489E-016   2.6827783947564516E-014  0.72454816748007278        3.7540826888948800E-017   8.7819810634850358E-016   1.5189029413614681E-016  -4.6488910384087057E-016  -1.0957204602034526E-017   4.4049605614588050E-016   1.1831107782194706E-015   9.5108702155838999E-017   7.6558595696807861E-016  -2.2600689670807093E-016  0.67227497528648517       -1.7006655818462293E-014   2.8319626939705526E-015   1.3668322850808355E-015  -4.8200136574765374E-015   3.3538598605706127E-015  -2.5096976990383293E-014   5.0458549545235190E-015   5.0091591102470220E-015  -8.9546788437118095E-016  -1.0384685458534595E-013   3.0395614644256639E-014   1.5038772713683302E-014   1.0392883874824647E-014   3.3387435415095356E-014  -1.5154573975704934E-014
   1.6571175406974122E-015  -2.1543753291429257E-015   1.2690519890492390E-016  -2.2606314485070355E-014  -7.6537463856088389E-017   6.7855557003449998E-016  -8.6883477367484560E-016  -4.5920933340990633E-016   1.5953883287298635E-015   2.6337770768970075E-015  -2.1193763114456606E-015   1.1213371048919463E-013   1.1433581111236013E-003  -1.7508759972341182E-017   1.2322082760006405E-016  -5.7167905556087910E-004  -5.9450264717571635E-017  -5.7167905556228379E-004  -9.4328646986479862E-015  -2.2774710982836971E-017   3.8367436053925512E-018  -2.6327999064883899E-016   3.3579588417493719E-017   1.6856539475832831E-017  -3.0006486006364982E-018   3.3524270257821969E-017  -2.5547087520682062E-016  -4.3052830857106459E-018  -5.0061216989654155E-016  -1.7006655818462293E-014   1.2046917143008509E-002   1.0311869097124238E-016   2.5051714099093336E-017  -6.0234585715051078E-003   8.0994693314771921E-017  -6.0234585715034641E-003  -5.3813637683719535E-018   6.9692920545947885E-016  -5.6469197982209209E-016  0.14850587981556396        2.2812524269513359E-015   5.2934688763947029E-016  -7.4252939907784893E-002   1.4929893784346285E-015  -7.4252939907778773E-002
   6.3574583351607325E-016   1.3544743338975570E-016  -3.2912347778196189E-016   8.7483832132391838E-016  -1.2130889682816296E-016  -3.9013310777887616E-017   6.7010804446349800E-017   5.1713933897706195E-016  -1.7608022725369332E-016   3.0771778584693591E-016   4.0814283861407492E-016   1.4289051580441784E-015   3.7012726566022788E-016   1.1433581111237236E-003   2.3133943628911136E-016   5.8431278788072135E-016   6.2755646081894274E-017   3.7142230624469250E-016  -3.1595927332788120E-015  -4.6246173974794363E-017  -4.4044540233280904E-017   9.3403691074375256E-017   2.3470934880321805E-017  -1.0098108505692294E-017   3.8602021266970605E-017  -2.7809623113646704E-017   9.4480731981457605E-017  -3.7590733754187650E-018   1.0795953842264786E-016   2.8319626939705526E-015   1.0311869097124238E-016   1.2046917143009626E-002  -7.6543055412198496E-017   3.3380215845554325E-016  -8.8566716222613993E-017  -2.5472715943669322E-017  -7.3124542932187768E-018  -2.9114462466973356E-017   9.7564847716753294E-017  -1.1505265463214373E-015  0.14850587981556815        9.4588042164945650E-016   2.0191524809835806E-015   3.0168532930850778E-016  -1.5951813624220039E-015
  -3.4984728545032223E-016   2.1013769948343529E-016   1.7976363177247607E-015   6.3192743736636890E-016  -1.7093768861674638E-017  -2.4856185263241563E-016  -1.0280317531398496E-015  -2.6344060541501664E-017   1.0361069030263461E-015   6.0091109037783798E-016   1.1245468797248432E-015   3.0680401818664563E-016   8.5294745407052952E-018  -2.7328207995863652E-018   1.1433581111238275E-003  -1.3074077287089510E-016   3.5351119610981013E-016   2.2929292724382275E-017  -2.0208573813207925E-015   2.9159137873514012E-017   4.1205354236639492E-017  -1.1495141250756864E-016  -7.2987158923063572E-019  -4.5039539656837727E-018  -3.8421606373384635E-017   1.1360881716998343E-017  -3.8688407454688104E-017   3.2046084945787254E-017  -1.1934708386358297E-016   1.3668322850808355E-015   2.5051714099093336E-017  -7.6543055412198496E-017   1.2046917143010004E-002   8.2515580676238922E-017   1.3122409491640273E-016   3.0502344644892580E-017  -1.7420081546860758E-017  -2.7258284294076510E-016  -8.9709922816572432E-016  -1.6059617625000642E-016  -1.9632110370151286E-015  0.14850587981557051       -1.4804113626844135E-016   1.6024055608453463E-015   5.1441263798819291E-016
   1.3623400288172573E-015  -5.5562193216791085E-016  -4.6304075484916608E-015  -1.3685246191024175E-014   5.2308193017499935E-018  -4.3742264743390517E-016   1.7129966063535530E-015   2.6029497267605465E-016   1.2222713472757957E-015   9.6343473026512473E-017   1.0238335225992916E-015   1.0707896425613173E-013  -5.7167905556230949E-004  -1.3881159395991537E-017  -3.7232688118405893E-017   1.1433581111227108E-003   8.7500700443076117E-017  -5.7167905556094383E-004  -1.5682033456109877E-014   7.0735356105391568E-017  -9.1139435747847981E-018   3.0016368089638261E-016  -7.4791047115358140E-017  -6.1339361526590860E-017  -2.0128634427722412E-017  -1.7121080224469595E-019   3.9847313257522669E-016   7.1654115631817868E-018   7.9327484655780661E-016  -4.8200136574765374E-015  -6.0234585715051078E-003   3.3380215845554325E-016   8.2515580676238922E-017   1.2046917143009877E-002   2.3495664282407756E-016  -6.0234585715049265E-003  -6.2923488036405110E-017  -4.0559584391653335E-016   1.4306710678442217E-015  -7.4252939907789361E-002   1.6125410909177426E-015   1.3756689624927862E-015  0.14850587981557165        2.3285177124410700E-015  -7.4252939907783533E-002
