 2.2379177185934320E-006 -2.1325377936126332E-018  5.4168339312079367E-017  9.9096333435872947E-016  3.8031736816373528E-017  2.0976556845779810E-015 -2.3920922296540933E-017 -8.6363380059035882E-010 -1.2924132293454111E-018  4.6081464882125787E-017  3.1976203648436093E-009  1.4909707692987254E-017 -3.7684127472395764E-016  3.8658998362871239E-009  1.6154271545160433E-017 -3.5760680338577226E-016  3.3725008010752466E-014  2.1154834570169564E-003 -1.3160825239942956E-015  2.3984886478182029E-014 -2.1099537971300412E-016  2.0427420271232139E-016 -4.3991259505708839E-016 -4.7598437337424060E-016 -2.2693633358756754E-016  6.7528170204391089E-016 -1.7950317627302864E-018  3.2747941266551992E-019  2.2711060988954907E-018  1.4389292594676863E-017 -3.0521789048287941E-018 -4.2941282844291222E-018 -2.0537844620192690E-015  2.0440449427160496E-015 -4.4409115854562775E-015 -4.8406615195151185E-015 -2.2684630368653307E-015  6.8844010648467758E-015  1.7022779295610062E-018 -9.0978165427272333E-020 -1.6300581618898381E-018 -8.1597354130949568E-018  2.4518210622664834E-018  4.4558551775359708E-018 -1.1298195138686025E-016  8.1547581970435078E-021 -3.2954219724193893E-020 -3.2629460942083083E-017  1.9361932098150224E-019 -3.5944170023059470E-017  6.0885515473416022E-019  5.9840773639004598E-019  2.8247613331462499E-019  6.9703797376568802E-019  3.0928771269905277E-019 -1.0042206511569589E-019  6.9459913511277538E-020 -1.1954181028196688E-019  1.2101344535430379E-019 -1.7881042776121035E-019 -1.6676828548823067E-020  4.7978817439949077E-020  9.5789349968961864E-020 -7.5103725395284620E-020 -6.0599140429903662E-019 -7.7698088708944160E-020 -2.8249251921620329E-019  5.7121247467412170E-020 -5.9696059691052163E-019 -4.3217118203072637E-017 -1.8097523371276670E-019  3.6481581437365174E-019 -2.6677596327383299E-017  3.0343281971451655E-019 -2.9096508565276356E-017 -4.9762078829866437E-019  6.7712814172235473E-019 -1.9752300134696040E-019  1.5224319556147647E-018
-2.1325377936126332E-018  2.2379177184635111E-006 -7.7028051257676668E-018 -2.9679598074047360E-016 -9.3593725426615546E-018 -6.7880994433743690E-016  2.9998899213044317E-018 -7.5098015113004940E-018 -8.6363391065894944E-010 -1.8239724435167086E-017  3.8370366218002406E-017  3.1976213219652207E-009  1.1580035162394116E-016  3.6526315805618070E-017  3.8659007565385611E-009  1.0939829132022472E-016  2.0073275177524780E-015 -6.9665749406260805E-016  2.1154834569555702E-003 -2.1080142839637879E-015  2.2608907563829902E-016 -1.0998925242848153E-017 -1.3864109961659370E-015 -7.7699168227999076E-016  1.7793502770432910E-016  5.4819477713341206E-016 -3.5005270831287022E-018 -2.0323977629724330E-019  4.5808520524910114E-018 -1.6056759368332277E-017  1.2012535637881085E-018 -6.8364235717569842E-019  2.2763156876959829E-015 -1.0719045524419681E-016 -1.3982839665580289E-014 -7.7845599263754496E-015  1.7843358294944696E-015  5.5004534349835269E-015  3.7160933103306026E-018 -4.5493306311300994E-019 -3.8276761671966678E-018  1.4281395847992867E-017 -1.0471030226292592E-018  2.6227231057704893E-018 -1.9608387421481997E-018 -3.7480513000473272E-017 -1.1000400863728809E-019 -1.1651224681239603E-018 -1.1456306389747615E-019 -4.1309600862824629E-019 -9.7000325630905069E-017 -2.3020141200662114E-019 -3.3234301013650082E-017 -1.8429767540920360E-018 -3.0593806616640275E-019 -1.6181234036158214E-019 -1.0941374549428229E-018  1.4346658082500835E-018 -1.6928191861381353E-019  3.8345833120569580E-019 -9.4232917310569535E-020 -4.8833416708547539E-019 -3.8217496462859292E-020 -1.2684101098560488E-018  5.6147039168592924E-018 -8.4977065841809587E-020  1.9854800505270110E-018 -9.9248413569542222E-020  2.3616008528338317E-018  3.1060004865589987E-019 -2.8656819124699993E-017  1.0388189371875395E-018  1.4329112339456848E-019 -2.8869587813952325E-019  7.7360115921592495E-020 -6.0246334678412359E-017  1.2618991447309145E-018 -3.2969133454243238E-017  2.7742058715637218E-018
 5.4168339312079367E-017 -7.7028051257676668E-018  2.2379177184103823E-006  1.6039238859045944E-015 -1.2802736268842921E-017  3.3297730540474867E-015  6.3025003282269961E-018  4.8717857401544517E-017  5.9264712855826595E-018 -8.6363394206763722E-010 -3.9507798652261290E-016 -9.9521356529892789E-018  3.1976216977663676E-009 -3.7607018887385819E-016 -1.0719949719712511E-017  3.8659011217204621E-009 -6.8039152029617503E-015  2.7202316564371788E-014 -5.1721864638423632E-015  2.1154834569304406E-003 -9.9862394910338101E-016 -1.4180547920815351E-015 -1.5356259347875049E-015  6.0305089750084304E-016  7.7914141957900388E-016  3.8585437362313253E-016  5.7975961643529122E-018  5.1417945957794361E-019  3.4775018116686908E-019  2.7081367704708188E-018  4.0609489842137089E-018  9.4320800266403349E-018 -1.0019259365225921E-014 -1.4272661473803128E-014 -1.5479288692343524E-014  6.1252384187969922E-015  7.8461970930138929E-015  3.8844593991646453E-015 -2.5758934126418569E-018 -5.8112546896814062E-019  2.9370570776448440E-019 -1.3985852136147347E-018 -2.8195408435176673E-018 -5.7398229513607383E-018  6.1757052483647676E-019  1.4167947584506666E-018 -2.9335436460575469E-017 -1.6585162454912866E-020 -1.9058267519197286E-019 -2.5306628053406546E-019  3.2519429474814487E-018 -2.4460529410571114E-017  2.2385821196679492E-018 -6.4860008730345857E-017  1.2104363385075433E-019 -2.1633549015648407E-019  5.8282465037156823E-019 -6.7841839511126929E-019 -1.6526977988380271E-019 -4.9174561568128187E-019 -3.9608090941165372E-019  2.7445727793930699E-019 -1.0339258745099898E-019  7.8559257815414160E-019 -1.9898182924476877E-018 -5.0855985626697042E-019 -8.5787971444147661E-019 -3.3914395209747033E-019 -1.8468815366813664E-018 -1.8449146608629888E-019  2.9719423927307602E-019 -2.4262476560406600E-017 -2.3564866692783729E-019 -9.6996777460259743E-020 -3.1584297864643123E-019  5.6228375274825371E-019 -2.1902481492023690E-017  5.5798211953474767E-019 -5.5360998484642507E-017
 9.9096333435872947E-016 -2.9679598074047360E-016  1.6039238859045944E-015  2.3334908336051297E-001 -2.4357992511052235E-007  4.8351032068591598E-001  3.6711083743298781E-007  2.6513880502333185E-015 -2.5987073172089709E-017  1.1159835318270119E-015 -1.9028758713024518E-014 -4.8670194760167021E-016 -1.2545046228446032E-014 -1.7468446414370517E-014 -6.2456096603314989E-016 -1.1543763595558995E-014  5.8834516408075854E-003 -6.7357326719908421E-014  1.4999465952067663E-014  1.2630588350081504E-014 -2.8819480304632702E-014 -1.0797235576725882E-015 -1.8830538775444422E-015 -3.2032096427211862E-014  1.0236526328373614E-015 -2.5399455375065667E-014  4.9660044141947200E-014  3.8503512129239702E-016  6.4558119869773768E-016  3.9343885533218513E-014 -3.4454502204883517E-016  5.0596066822969025E-014 -2.9433783179942089E-014 -2.9087256800007895E-015 -9.2350117516329364E-015 -6.4179551127717158E-014  1.7122791429192857E-015  6.9740158513550694E-016 -1.7505757069612469E-014 -2.3401475918860100E-016 -3.3161145368259461E-016 -9.6463516550375150E-015  2.1330447690997170E-016 -1.8501245654455276E-014  5.3317523757224900E-016 -3.6898501064790772E-017  9.3154665072731539E-018  2.3214847643632511E-016 -1.4822909360165899E-018  2.2809819319275830E-016 -1.2328286611021748E-016 -2.4890548614448979E-018 -3.4555322282421012E-017  1.5515040855243461E-017 -6.1670164041621016E-015 -5.4114517734958313E-017 -2.6341970992298601E-017 -2.3697453150392493E-015  2.8263803779561048E-017 -3.0972118117266447E-015 -5.2469889622397344E-017 -1.1357667156046096E-017 -2.4120108736577445E-017 -2.6433230596026346E-017 -3.8546681162484666E-015  6.0767396008303126E-017 -2.3387228583146481E-015  6.1911245648220529E-017 -6.1093702749038876E-015 -1.1262700607101408E-016  3.3291611607553548E-017  2.5469102393092306E-017 -5.0543786386840731E-017 -1.4032799014596313E-019 -4.8295380480799299E-017  7.5346048247164877E-017  2.0601200771180259E-017  4.1744578775379273E-017  4.0494610584340785E-017
 3.8031736816373528E-017 -9.3593725426615546E-018 -1.2802736268842921E-017 -2.4357992511052235E-007  2.8096923233143775E-013 -5.0611889633024020E-007 -3.2759050938765576E-013 -9.6536192658117398E-021  3.8316138122730266E-021  2.2371734038784363E-021  1.5015963266581929E-020 -1.3886845012316430E-020  9.0719039341347792E-021  2.7741682951162966E-020 -1.6354445091950598E-020  3.6483955412628414E-021  2.2484288580464430E-007  3.5948425103322452E-014 -8.8478592369714812E-015 -1.2099994128936719E-014  2.9785367448188273E-015  3.4305296558985736E-016  1.0287560228963708E-015 -3.5179525629212664E-016 -5.3245185076323640E-016 -2.6265522787144699E-015 -2.9796815904000143E-020  3.6059860519762122E-021  1.2191024766018187E-020 -5.7833567175371261E-020 -6.1621134155619002E-021 -9.7447890805126947E-020  3.0016989661562548E-014  3.4572583430237141E-015  1.0367717965575653E-014 -3.5458586635868932E-015 -5.3660015476616669E-015 -2.6470682431255909E-014 -6.3163950345654437E-020 -3.5060756930033568E-021 -1.1206025291933000E-020 -3.6405505952257447E-020  5.6692837305441887E-021 -1.7336771911048482E-021 -2.0576114178985971E-022  8.2170012882130456E-023  6.9898846318093509E-023 -1.9105389141788317E-022 -6.4368826948820598E-025 -8.0781798391511756E-023  1.2852984955590308E-022  5.5205468343781837E-023  7.3332840234357318E-023  2.2283499046775740E-022 -1.6707695945117545E-021  5.7282197908804315E-023  4.9227733565281807E-023 -2.0799549330304154E-021 -4.7997099576316960E-023 -1.9335174005369090E-021  6.3316014550065315E-023  1.6290484838729671E-023  1.7910970119366267E-023  5.4602656082633979E-023 -4.2091626552319352E-021 -9.1692628221704665E-023 -3.3208048972638313E-021 -7.8298280594873840E-023 -3.3360582483600031E-021  1.8614474704376226E-022 -5.3733289367929395E-023  9.5923095640186925E-024  1.2200796077224920E-022  1.2800382187759634E-025  9.9257740931950769E-023 -8.5753929522314030E-023  6.9101885663528670E-024 -4.3083554778636649E-023 -4.5271824886908407E-024
 2.0976556845779810E-015 -6.7880994433743690E-016  3.3297730540474867E-015  4.8351032068591598E-001 -5.0611889633024020E-007  1.0019306290532854E+000  7.5773551060180243E-007  5.0825518306991802E-015 -6.3982049994266640E-017  2.3935443252927434E-015 -3.6304302234014807E-014 -9.5464859974078454E-016 -2.6746978034595461E-014 -3.3229446090496343E-014 -1.2500010026258154E-015 -2.4642939710072634E-014 -9.0149150389073895E-007  9.6638764671189945E-014 -1.7641375733952576E-014 -7.2725504562655121E-015 -6.3517463940877935E-014 -4.6310472887419411E-015 -3.1662369689149831E-015 -4.7109243807057470E-014  4.4837180214570495E-015 -7.3324224489845382E-014  1.0371017566538839E-013  8.1377877804838938E-016  1.3410114711858715E-015  8.2174134439856514E-014 -7.2282178419726644E-016  1.0545083394547882E-013 -8.8306878331806684E-014 -3.0391312904314461E-014 -1.1822651118162244E-014  7.2884864840842039E-014  2.7390739373573510E-014 -1.9566094067873191E-013 -3.3758446655040525E-014 -4.9239981711957548E-016 -6.9360073993153509E-016 -1.7324163333193324E-014  4.4990027493056833E-016 -3.5651068698561413E-014  1.0862489383483872E-015 -7.8759538438414099E-017  1.5099489002596276E-017  4.7831632432226743E-016 -2.9557339935579007E-018  4.6432677220593236E-016 -2.5543955092347060E-016 -7.9341225601222302E-018 -7.3567022071235818E-017  1.9531545520884177E-017 -1.2350388122309239E-014 -1.1216980300854472E-016 -5.5728793787601280E-017 -4.6698785871060515E-015  5.9540083580031043E-017 -6.1448725044946718E-015 -1.0917114113011018E-016 -2.3767700928182419E-017 -4.9594459464867934E-017 -5.6196556247338726E-017 -7.5525133163208509E-015  1.2740457135029866E-016 -4.5418138881932502E-015  1.2900468768025395E-016 -1.2146222210606127E-014 -2.3698825592749005E-016  6.9983698568406098E-017  5.0863657814897431E-017 -1.0838415602794171E-016 -2.8979061482689073E-019 -1.0264844213231714E-016  1.5649556624007129E-016  4.1186901625577454E-017  8.6470816636071773E-017  8.1914637780569486E-017
-2.3920922296540933E-017  2.9998899213044317E-018  6.3025003282269961E-018  3.6711083743298781E-007 -3.2759050938765576E-013  7.5773551060180243E-007  6.9335221731495376E-013  2.9626145369825233E-020 -7.9793117553843173E-022 -3.8779064913638504E-021 -1.8736357086748776E-019  1.3945151531194687E-021  1.8973421526301673E-020 -1.8581163674730704E-019  2.4555776727838527E-021  2.1272822532797149E-020  4.9021477407587753E-007 -2.2621477054758791E-014  2.8357754359650626E-015  5.9568881451554537E-015 -9.3738043534468664E-016  3.1778667415605357E-016  1.6071291616229416E-015 -4.7502434773339387E-015 -6.2765874747823588E-016  5.6876947285628673E-015  3.4303648302708396E-020  3.9681576867080166E-021  2.1080582581229484E-020 -2.3498642780286654E-020 -8.0770130848550284E-021  1.2686612055973543E-019 -9.4468731892773291E-015  3.2026523270756252E-015  1.6196546737563956E-014 -4.7872654624126191E-014 -6.3255127059122104E-015  5.7320113694344780E-014 -1.1609015051279557E-019 -3.6772605807340153E-021 -1.8504830283273206E-020 -6.6352157484861280E-020  7.1450032176709396E-021 -1.9954339721033443E-019  1.5692310064551013E-021  3.2846448210831849E-023  1.8044651351540052E-022  4.7198442644373337E-022 -6.8940596652283791E-024  6.8641938545339622E-022 -1.9428209375551365E-022  1.0562342588561978E-022  2.3224865936065569E-023  5.2211993261312060E-022 -2.6585055159851321E-020 -8.3478799143456346E-023  3.8064049762093733E-024 -1.3209711530835570E-020  5.9566005848085452E-024 -1.5630419717893452E-020 -6.4753122415571188E-023 -8.6338460292624276E-024 -5.3077127896073884E-023  1.4656157345447704E-023 -2.3206785534345368E-020  3.6755378775396648E-023 -1.5677195045969354E-020  6.8930998501237858E-023 -2.9836562465923189E-020 -3.4387948475323319E-023  1.2850249267688412E-023  1.1539882484090773E-022  6.4673929277560316E-023 -2.5925914648553588E-025  2.5727383165477718E-023  1.0374282612337695E-022  9.1575372531538144E-023  6.6696240422743419E-023  1.4229512796606322E-022
-8.6363380059035882E-010 -7.5098015113004940E-018  4.8717857401544517E-017  2.6513880502333185E-015 -9.6536192658117398E-021  5.0825518306991802E-015  2.9626145369825233E-020  3.3328452396853194E-013  3.3971768756902099E-021 -3.6592033509847728E-020 -1.2339922087353455E-012 -1.6485263500268508E-020  2.1506643753436697E-019 -1.4918876331220934E-012 -1.9208349806192893E-020  2.2219787564554585E-019  6.7431476786198085E-014 -8.1638525084733057E-007 -7.0992177623738503E-015  4.6063056114354034E-014  1.1456857101781702E-017  7.6539719593192562E-017 -4.8864302544448608E-016 -6.3577206294230593E-016 -1.8643466789637778E-016  6.2431972025797685E-016  8.3566662364979343E-022  8.3645812836031300E-022 -7.0191623896281255E-021 -1.3544777731016152E-020 -1.1660876486717695E-021  9.5060012226542059E-021  1.1543332741145828E-016  7.7136720850315680E-016 -4.9245049601590763E-015 -6.4072464157290187E-015 -1.8788818083375628E-015  6.2918169648486842E-015 -7.8603456689720129E-022 -8.3440288810862846E-022  6.1763893215333093E-021  1.0366103669214739E-020  1.1705825979914937E-021 -8.8076761695462284E-021  4.3600813182247042E-020 -3.1468282415724209E-024  1.2716735584274986E-023  1.2592020331939900E-020 -7.4719548212402220E-023  1.3871198217001089E-020 -2.3496261752230765E-022 -2.3093176763678312E-022 -1.0901006300749396E-022 -2.6899493319531856E-022 -1.1935951823053699E-022  3.8753824825449057E-023 -2.6805216746719526E-023  4.6130968481261708E-023 -4.6700248579440866E-023  6.9003061409747229E-023  6.4357394342581038E-024 -1.8515469900250839E-023 -3.6966031740460602E-023  2.8983283731406309E-023  2.3385544453707401E-022  2.9984420073450954E-023  1.0901481513787939E-022 -2.2043635544585267E-023  2.3036968886124535E-022  1.6677898284158387E-020  6.9840168791267939E-023 -1.4078641907770761E-022  1.0295138980547535E-020 -1.1709762155033294E-022  1.1228620285503531E-020  1.9203682816262025E-022 -2.6131067792721714E-022  7.6226136206232806E-023 -5.8752220934265061E-022
-1.2924132293454111E-018 -8.6363391065894944E-010  5.9264712855826595E-018 -2.5987073172089709E-017  3.8316138122730266E-021 -6.3982049994266640E-017 -7.9793117553843173E-022  3.3971768756902099E-021  3.3328460894092158E-013  4.7529496063062495E-021 -1.6655318632957387E-020 -1.2339927354394796E-012 -3.6224747148421674E-020 -1.6329863621992050E-020 -1.4918881784809598E-012 -3.1985275497934154E-020  1.6632540860675215E-015 -1.2222156695035296E-015 -8.1638535491788297E-007  5.6002434575829000E-015  1.5471168817861226E-016  4.3594201543193144E-016 -1.5204476837271705E-015 -8.3665510998106839E-016 -2.4294334258333074E-018  6.8194446678079155E-016  3.2961849445050133E-021  5.5566931395825066E-021 -2.0881394844332545E-020 -4.3212312209316461E-021 -4.9324210291503467E-022  8.8362143432766905E-021  1.5591736662976377E-015  4.3933896092008976E-015 -1.5322953889925179E-014 -8.4317653256428540E-015 -2.4480221423446582E-017  6.8725946658940964E-015 -3.1908255251944712E-021 -4.7717144827928858E-021  1.8738140885949794E-020  3.9869278325860411E-021  4.3087845306845989E-022 -8.7536411458713041E-021  7.5670655062772980E-022  1.4464089436383048E-020  4.2451534499627174E-023  4.4963195537457420E-022  4.4210983243965299E-023  1.5941773572694012E-022  3.7433355964403326E-020  8.8836880309261891E-023  1.2825435507771443E-020  7.1122225769228503E-022  1.1806435391581074E-022  6.2444924326885923E-023  4.2223814872440126E-022 -5.5365130262781296E-022  6.5327514939441107E-023 -1.4798031850069158E-022  3.6365383505559473E-023  1.8845284979621834E-022  1.4748487882671429E-023  4.8949166484278735E-022 -2.1667680255275893E-021  3.2793464126995783E-023 -7.6621583542427142E-022  3.8300915068746290E-023 -9.1136465052450533E-022 -1.1986350798954493E-022  1.1058941340942735E-020 -4.0089024356792028E-022 -5.5297401326654782E-023  1.1141050759929650E-022 -2.9853992637720251E-023  2.3249638361113086E-020 -4.8697902944015696E-022  1.2723104799389279E-020 -1.0705927754243272E-021
 4.6081464882125787E-017 -1.8239724435167086E-017 -8.6363394206763722E-010  1.1159835318270119E-015  2.2371734038784363E-021  2.3935443252927434E-015 -3.8779064913638504E-021 -3.6592033509847728E-020  4.7529496063062495E-021  3.3328463319066373E-013  2.1833717781020866E-019 -2.2225230385188178E-020 -1.2339929253719796E-012  2.2476882057059168E-019 -2.7376496100004245E-020 -1.4918883737006690E-012 -1.3269392763985884E-014  4.3569656395286887E-014 -1.7242661157361404E-014 -8.1638538461791610E-007 -1.3030763843097478E-015 -2.5082202357632595E-015 -2.2109765673198941E-015  1.0611873149314915E-015  9.6840157141612743E-016  2.4189281990232424E-016 -1.8617445534225086E-020 -3.1725134985972231E-020 -2.7926132542743919E-020  1.2293359696403802E-020  1.0606146358040170E-020 -5.9828468752902938E-022 -1.3132323609941036E-014 -2.5277663000146919E-014 -2.2282055150365064E-014  1.0694547953734136E-014  9.7594808827518541E-015  2.4377793460769849E-015  1.5786513746907031E-020  2.8695226629020010E-020  2.4984840277290562E-020 -1.1505887038883612E-020 -9.9053133958345786E-021 -5.3177563731893187E-022 -2.3832872950042827E-022 -5.4675442100671471E-022  1.1320826732265611E-020  6.3997070915803255E-024  7.3547690355546132E-023  9.7659959724440575E-023 -1.2549552657356530E-021  9.4395533021661982E-021 -8.6389008854036828E-022  2.5030100468194175E-020 -4.6711115147112370E-023  8.3485940560717549E-023 -2.2491763540672871E-022  2.6180845946655930E-022  6.3779191259956896E-023  1.8976970733550365E-022  1.5285140677433408E-022 -1.0591570564780646E-022  3.9900203078869307E-023 -3.0316768923583050E-022  7.6789027567251799E-022  1.9625809941117936E-022  3.3106427583228190E-022  1.3087885897096239E-022  7.1272976413704189E-022  7.1196131222927304E-023 -1.1468988757377668E-022  9.3631227401084028E-021  9.0938528814033893E-023  3.7431996631326710E-023  1.2188623731183996E-022 -2.1699023908320534E-022  8.4523779787818901E-021 -2.1533040187323192E-022  2.1364341052010929E-020
 3.1976203648436093E-009  3.8370366218002406E-017 -3.9507798652261290E-016 -1.9028758713024518E-014  1.5015963266581929E-020 -3.6304302234014807E-014 -1.8736357086748776E-019 -1.2339922087353455E-012 -1.6655318632957387E-020  2.1833717781020866E-019  4.5688793259519292E-012  7.6132938978294209E-020 -1.1030579026130224E-018  5.5237419777556601E-012  8.9370156723422685E-020 -1.1935749361771867E-018 -5.1229772934389905E-013  3.0226817221406988E-006  3.6272161385371580E-014 -3.7350255406567251E-013  4.2018359971071223E-016 -3.1256656363118201E-016  4.4020624277571501E-015  5.7777860791530382E-015  2.0798369198768127E-015 -6.1979863936885261E-015  2.7192946865750190E-021 -3.4636553987530333E-021  5.8571952156115623E-020  9.3175726181600608E-020  2.1779510877969169E-020 -8.4035408517375460E-020  4.2346826352554930E-015 -3.1500433288786319E-015  4.4363645118262909E-014  5.8228033409590014E-014  2.0960467446352300E-014 -6.2462730398173181E-014 -2.3395252824944824E-021  3.4205078899410361E-021 -5.2293408039669879E-020 -7.7236244519917610E-020 -2.0103634906393323E-020  7.6716144036930712E-020 -1.6143283008107058E-019  1.1650819050768301E-023 -4.7081248655060830E-023 -4.6622191819452594E-020  2.7665055257420118E-022 -5.1358372056074644E-020  8.6995273078752907E-022  8.5503146512878344E-022  4.0361138563688651E-022  9.9596467725385649E-022  4.4194022559149539E-022 -1.4348672362147421E-022  9.9246710417426341E-023 -1.7079555348079245E-022  1.7290855957117818E-022 -2.5547889703578725E-022 -2.3828405543190948E-023  6.8553817119595392E-023  1.3686745911969594E-022 -1.0731131491999263E-022 -8.6584491071376309E-022 -1.1101783844344045E-022 -4.0362257544992985E-022  8.1616950188800977E-023 -8.5293569388387297E-022 -6.1750231654767505E-020 -2.5858469084925271E-022  5.2126661785097018E-022 -3.8117945464964809E-020  4.3355615130260800E-022 -4.1574177495517783E-020 -7.1102032404689488E-022  9.6750973441909904E-022 -2.8222892347665865E-022  2.1753172221357345E-021
 1.4909707692987254E-017  3.1976213219652207E-009 -9.9521356529892789E-018 -4.8670194760167021E-016 -1.3886845012316430E-020 -9.5464859974078454E-016  1.3945151531194687E-021 -1.6485263500268508E-020 -1.2339927354394796E-012 -2.2225230385188178E-020  7.6132938978294209E-020  4.5688820613595568E-012  1.5125565813636693E-019  7.7951286231442670E-020  5.5237449463496763E-012  1.3913956584764473E-019 -8.8425137284706578E-015  1.4095897329280262E-014  3.0226826269869045E-006 -9.4002723340133357E-015 -2.2772308055229284E-015 -1.4969589439180512E-015  1.4816659399669081E-014  8.3498986930472368E-015 -1.3212187818284774E-015 -6.0726717565788741E-015 -3.3622819655282035E-020 -1.9101901920499848E-020  1.9276540280022347E-019  8.2001388343737434E-020 -1.4890042782842867E-020 -7.7299568814634800E-020 -2.2949764839023628E-014 -1.5086235030246872E-014  1.4932116976214381E-013  8.4149719987902370E-014 -1.3315156735138114E-014 -6.1199966280690405E-014  3.1156713223996033E-020  1.6338164269513300E-020 -1.7363975061515785E-019 -7.4366348206406328E-020  1.3500710751013818E-020  7.2672579050718301E-020 -2.8017212382621817E-021 -5.3553571945924747E-020 -1.5717787011982351E-022 -1.6647712026998131E-021 -1.6369201784105941E-022 -5.9024744218553824E-022 -1.3859772715245057E-019 -3.2892050035911758E-022 -4.7486423948873921E-020 -2.6333147580578473E-021 -4.3713513226221478E-022 -2.3120349717480880E-022 -1.5633449683456087E-021  2.0499046002133335E-021 -2.4187636956690345E-022  5.4790027113451698E-022 -1.3464351599044226E-022 -6.9775037987827008E-022 -5.4606518613291906E-023 -1.8123525877141217E-021  8.0224999318487619E-021 -1.2141837991015226E-022  2.8369290050690694E-021 -1.4180980873649201E-022  3.3743462465420209E-021  4.4379674405875910E-022 -4.0945945032819720E-020  1.4843037284649329E-021  2.0473956841660049E-022 -4.1249956636348683E-022  1.1053484412964883E-022 -8.6082237439807083E-020  1.8030491461521671E-021 -4.7107542546374280E-020  3.9638901385593927E-021
-3.7684127472395764E-016  1.1580035162394116E-016  3.1976216977663676E-009 -1.2545046228446032E-014  9.0719039341347792E-021 -2.6746978034595461E-014  1.8973421526301673E-020  2.1506643753436697E-019 -3.6224747148421674E-020 -1.2339929253719796E-012 -1.1030579026130224E-018  1.5125565813636693E-019  4.5688831353859287E-012 -1.1884530267724846E-018  1.8474177249369808E-019  5.5237461174459984E-012  1.2305752758270073E-013 -3.5625895761684628E-013  1.0946804274408594E-013  3.0226829822641961E-006  1.1619330115581656E-014  1.9119463079913014E-014  1.7329717851816317E-014 -8.4351280118487190E-015 -8.8964591919882533E-015 -3.1842159900830894E-015  1.5431736224455857E-019  2.4102702079882686E-019  2.1830029680474978E-019 -1.0214233724392489E-019 -1.0600990541844133E-019 -2.6544832877499180E-020  1.1709880370760543E-013  1.9268454492562339E-013  1.7464759531919226E-013 -8.5008520889770386E-014 -8.9657858695811480E-014 -3.2090296479526749E-014 -1.3555972890864362E-019 -2.1783220892234439E-019 -1.9627304466397992E-019  9.3738182577800038E-020  9.6946204041862427E-020  2.7941303490497637E-020  8.8242729866871112E-022  2.0243683063035147E-021 -4.1915584349491592E-020 -2.3692041677221236E-023 -2.7231179522103582E-022 -3.6158456598512232E-022  4.6464946861917060E-021 -3.4950132480757634E-020  3.1985694435536415E-021 -9.2674441000549905E-020  1.7294470474933698E-022 -3.0910832074713862E-022  8.3276201400636051E-022 -9.6935255664800251E-022 -2.3614366456983666E-022 -7.0262790872187051E-022 -5.6593526047213203E-022  3.9215502120491253E-022 -1.4773132266108456E-022  1.1224842421055654E-021 -2.8431307017480373E-021 -7.2664929527769016E-022 -1.2257734358682014E-021 -4.8458128602527060E-022 -2.6388982430487855E-021 -2.6360106201806412E-022  4.2464099506782557E-022 -3.4667146569391102E-020 -3.3669920945577183E-022 -1.3859273969553079E-022 -4.5128350183140998E-022  8.0340947126339096E-022 -3.1295096150693352E-020  7.9726439944659589E-022 -7.9101894054071628E-020
 3.8658998362871239E-009  3.6526315805618070E-017 -3.7607018887385819E-016 -1.7468446414370517E-014  2.7741682951162966E-020 -3.3229446090496343E-014 -1.8581163674730704E-019 -1.4918876331220934E-012 -1.6329863621992050E-020  2.2476882057059168E-019  5.5237419777556601E-012  7.7951286231442670E-020 -1.1884530267724846E-018  6.6781640004166540E-012  9.1009677477386338E-020 -1.2675551135513291E-018 -4.8632867597741391E-013  3.6544002856772284E-006  3.4529206138810675E-014 -3.5554278261094319E-013  3.1606092322433231E-016 -1.4435720886129869E-016  4.1058839620264437E-015  5.3753568836329407E-015  1.9424565619909645E-015 -5.6914380149041349E-015  8.7558936374456683E-022 -1.2528094325249304E-021  5.5529833081224414E-020  9.2417221802079075E-020  1.9142525417746360E-020 -7.8954644495779160E-020  3.1853637736109878E-015 -1.4548463990698711E-015  4.1378778455602004E-014  5.4172369024109085E-014  1.9575964026177959E-014 -5.7357750150587787E-014 -6.5027209306847232E-022  1.4850941480659415E-021 -4.9420454371943616E-020 -7.5107493595945379E-020 -1.7813176551376680E-020  7.2300410852172860E-020 -1.9517112082106963E-019  1.4086015436723458E-023 -5.6922165992870638E-023 -5.6365891827576440E-020  3.3446850166442218E-022 -6.2091899345383952E-020  1.0517671214331325E-021  1.0337257733527998E-021  4.8796351207933985E-022  1.2041112963813177E-021  5.3429775308344861E-022 -1.7347442811064676E-022  1.1998860854668188E-022 -2.0649324669886750E-022  2.0904518653597012E-022 -3.0887529438652970E-022 -2.8808387216534888E-023  8.2881097175707300E-023  1.6547174828126998E-022 -1.2973851992906629E-022 -1.0468049478236972E-021 -1.3421978360166589E-022 -4.8798022837324726E-022  9.8674308697291160E-023 -1.0311993327393797E-021 -7.4655582309926791E-020 -3.1262688158875559E-022  6.3020649276439925E-022 -4.6084319658181011E-020  5.2416623996083482E-022 -5.0262879138538033E-020 -8.5961811443393189E-022  1.1697112862550390E-021 -3.4121254496122201E-022  2.6299402805846638E-021
 1.6154271545160433E-017  3.8659007565385611E-009 -1.0719949719712511E-017 -6.2456096603314989E-016 -1.6354445091950598E-020 -1.2500010026258154E-015  2.4555776727838527E-021 -1.9208349806192893E-020 -1.4918881784809598E-012 -2.7376496100004245E-020  8.9370156723422685E-020  5.5237449463496763E-012  1.8474177249369808E-019  9.1009677477386338E-020  6.6781671801885469E-012  1.7048532337423890E-019 -7.2589030322287710E-015  1.5272766236301610E-014  3.6544011556887341E-006 -1.0124535161222404E-014 -2.0859208296882998E-015 -1.3520708982567919E-015  1.3801612030501194E-014  7.8007482039847257E-015 -1.2610896632290530E-015 -5.7148320519530376E-015 -3.2264865588035698E-020 -1.7341799522018835E-020  1.8138281724803673E-019  7.0308527348987212E-020 -1.3776376897727123E-020 -7.3008940215787360E-020 -2.1021757868770711E-014 -1.3626063052991214E-014  1.3909159511502171E-013  7.8615436147118089E-014 -1.2709182627703455E-014 -5.7593691736619831E-014  3.0096068520971882E-020  1.4558001895356847E-020 -1.6326810382132806E-019 -6.3872237565125567E-020  1.2506250872251656E-020  6.9396650285783290E-020 -3.3872603418566354E-021 -6.4745876215472803E-020 -1.9002687772073256E-022 -2.0126961579210844E-021 -1.9790245381708649E-022 -7.1360479498810042E-022 -1.6756363695432201E-019 -3.9766245052628508E-022 -5.7410738729603449E-020 -3.1836582127231571E-021 -5.2849341105379443E-022 -2.7952335762282620E-022 -1.8900725969302264E-021  2.4783196464339702E-021 -2.9242676564148747E-022  6.6240724955359608E-022 -1.6278303335931638E-022 -8.4357507433482238E-022 -6.6018904054850576E-023 -2.1911209095875974E-021  9.6991438958163291E-021 -1.4679394687829592E-022  3.4298263250420346E-021 -1.7144703787475731E-022  4.0795593765112855E-021  5.3654706158259230E-022 -4.9503347622617368E-020  1.7945123479934624E-021  2.4752866705888895E-022 -4.9870895479634538E-022  1.3363584617056119E-022 -1.0407279452700901E-019  2.1798732233052746E-021 -5.6952673884259886E-020  4.7923141645834713E-021
-3.5760680338577226E-016  1.0939829132022472E-016  3.8659011217204621E-009 -1.1543763595558995E-014  3.6483955412628414E-021 -2.4642939710072634E-014  2.1272822532797149E-020  2.2219787564554585E-019 -3.1985275497934154E-020 -1.4918883737006690E-012 -1.1935749361771867E-018  1.3913956584764473E-019  5.5237461174459984E-012 -1.2675551135513291E-018  1.7048532337423890E-019  6.6781684420173904E-012  1.1827495772957678E-013 -3.3808395277907712E-013  1.0341686276818619E-013  3.6544015009352409E-006  1.0638409095083993E-014  1.7726361876962080E-014  1.5964436808515970E-014 -7.7671854482469838E-015 -8.2488316476067460E-015 -2.8712404353489002E-015  1.4372551459085645E-019  2.2367932202728149E-019  2.0125294585762863E-019 -9.2942129597611858E-020 -9.6661678100439667E-020 -1.9796661927315208E-020  1.0721316842017036E-013  1.7864498070704656E-013  1.6088839409231678E-013 -7.8277031445572791E-014 -8.3131118521904072E-014 -2.8936153491535184E-014 -1.2520024938700427E-019 -2.0220081874794661E-019 -1.8069653329369853E-019  8.5742382381075977E-020  8.8757225465227025E-020  2.2676775440627125E-020  1.0668431491626005E-021  2.4474468635421669E-021 -5.0675633191705665E-020 -2.8644925176301474E-023 -3.2922294727917656E-022 -4.3715467504357650E-022  5.6175791487963914E-021 -4.2254453048382118E-020  3.8670473531258053E-021 -1.1204271747362578E-019  2.0909073926722971E-022 -3.7370969600378142E-022  1.0068031368968169E-021 -1.1719394506072409E-021 -2.8549597302347705E-022 -8.4947118510739467E-022 -6.8421161492459892E-022  4.7411252141681105E-022 -1.7860606329102061E-022  1.3570752597203282E-021 -3.4373234561181231E-021 -8.7851374271698202E-022 -1.4819505133398819E-021 -5.8585533955922087E-022 -3.1904076758194917E-021 -3.1869365399815255E-022  5.1338821061935095E-022 -4.1912325298933132E-020 -4.0706804897697837E-022 -1.6755758609224968E-022 -5.4559971488823377E-022  9.7131690113992987E-022 -3.7835541130012895E-020  9.6388722185635119E-022 -9.5633608268264316E-020
 3.3725008010752466E-014  2.0073275177524780E-015 -6.8039152029617503E-015  5.8834516408075854E-003  2.2484288580464430E-007 -9.0149150389073895E-007  4.9021477407587753E-007  6.7431476786198085E-014  1.6632540860675215E-015 -1.3269392763985884E-014 -5.1229772934389905E-013 -8.8425137284706578E-015  1.2305752758270073E-013 -4.8632867597741391E-013 -7.2589030322287710E-015  1.1827495772957678E-013  1.9976744476689015E+000  2.0073350962705420E-014  8.8136327734859589E-016 -3.9399167187246921E-015  2.7821917888725297E-013 -5.7387430915234104E-015 -6.3393481138271085E-015  3.0336458311863069E-013  3.3049642257662549E-015  2.7391511824636496E-013 -1.3182882716892308E-013 -2.6115124167376228E-015 -5.2898976293480868E-016 -1.0574864105117543E-013  1.4557715469535047E-015 -9.9263946906880916E-014  1.0083427085561412E-012 -1.8365788083931572E-014 -4.7260200829032953E-014  1.1404274270589088E-012  2.7832348769989061E-014  8.8928569318360461E-013 -4.1238994071655935E-013  1.2291085531865496E-015  1.0530541802937689E-015 -4.3668431958603623E-013 -1.2972355188588464E-015 -4.4024959678526457E-013  3.0470550727454556E-015  3.7658114825835495E-016  6.8880204280066546E-016  4.4925919512759408E-016 -1.8984667992877261E-017  1.3662161594420427E-015 -4.4796634074874908E-018  4.5487802252493616E-016  3.2136946948720361E-016  2.0674950715778069E-015 -7.0274021279761255E-014  5.5115642159623546E-018  1.8726171474841542E-016 -3.9438751909140968E-014 -1.5922252673145672E-016 -4.4757589094216537E-014  7.2578878980375480E-017  3.8065769502753200E-017 -6.3449381833071501E-017  2.3291732136874884E-016 -7.1293800493266383E-014 -2.4286578445580086E-016 -4.9888661863030432E-014 -1.1667861379226875E-016 -8.4153433750036624E-014  5.9023687089852911E-016 -1.6331631744827316E-016  3.1350492773132204E-016  5.9757981453730998E-016 -1.6338482889099338E-019  4.2119197541760599E-016 -5.9540856735291041E-017  2.4624482923651941E-016  5.2996516070276935E-018  3.2741436588896226E-016
 2.1154834570169564E-003 -6.9665749406260805E-016  2.7202316564371788E-014 -6.7357326719908421E-014  3.5948425103322452E-014  9.6638764671189945E-014 -2.2621477054758791E-014 -8.1638525084733057E-007 -1.2222156695035296E-015  4.3569656395286887E-014  3.0226817221406988E-006  1.4095897329280262E-014 -3.5625895761684628E-013  3.6544002856772284E-006  1.5272766236301610E-014 -3.3808395277907712E-013  2.0073350962705420E-014  1.9997474526119721E+000  2.9698465908731406E-015 -1.6708856520608918E-014 -6.9263015623916427E-015  1.2801526364625884E-015  6.4056272463092689E-016  3.1465597169643765E-015 -1.4904447790825675E-015 -7.2783204264013785E-015 -1.6944079549130987E-015  3.0715283081803624E-016  2.1520899517085882E-015  1.3607762462013440E-014 -2.8825201496076452E-015 -4.0673139847262798E-015 -1.1640444924198127E-015 -9.1432596239766635E-016 -6.3920689243487594E-016 -9.6235784956595693E-015  2.5470338927098086E-015  1.2922536937917390E-015  1.6069631020111715E-015 -8.3823972295972355E-017 -1.5456058216940216E-015 -7.7184662988046525E-015  2.3152667664518271E-015  4.2194065913068809E-015 -1.0680082074275374E-013  7.7086194076482415E-018 -3.1151326704805115E-017 -3.0844335455622740E-014  1.8302659972624370E-016 -3.3977700086233006E-014  5.7554529223505566E-016  5.6566944214705681E-016  2.6702214382129213E-016  6.5890371733950501E-016  2.9236688940997422E-016 -9.4928073402157649E-017  6.5659830432659426E-017 -1.1300179562899275E-016  1.1439291963198154E-016 -1.6902788562526983E-016 -1.5764455774277990E-017  4.5353943855689389E-017  9.0548809523697524E-017 -7.0994874996114742E-017 -5.7283821372638060E-016 -7.3447303238994316E-017 -2.6703763248166803E-016  5.3996200594407828E-017 -5.6430147244078381E-016 -4.0852752475648429E-014 -1.7107425796386728E-016  3.4485710279349385E-016 -2.5218091458270074E-014  2.8683231071950534E-016 -2.7504667403719257E-014 -4.7039644794333131E-016  6.4008313205536000E-016 -1.8671671363057255E-016  1.4391412119711072E-015
-1.3160825239942956E-015  2.1154834569555702E-003 -5.1721864638423632E-015  1.4999465952067663E-014 -8.8478592369714812E-015 -1.7641375733952576E-014  2.8357754359650626E-015 -7.0992177623738503E-015 -8.1638535491788297E-007 -1.7242661157361404E-014  3.6272161385371580E-014  3.0226826269869045E-006  1.0946804274408594E-013  3.4529206138810675E-014  3.6544011556887341E-006  1.0341686276818619E-013  8.8136327734859589E-016  2.9698465908731406E-015  1.9997474526120107E+000  1.0720591081536033E-015  1.2772182932175862E-016 -7.1603712024940333E-016  9.0712466124547883E-016 -4.1073110457501222E-015  1.1191099193410337E-015  1.4199023771091999E-015 -3.3117008446357084E-015 -1.9199907023659187E-016  4.3467188963103445E-015 -1.5169131617707928E-014  1.1334345257346819E-015 -6.5273518105838885E-016 -7.8594999312253499E-016 -3.7602881268831188E-015 -9.6640178125306962E-016  1.9995807154189308E-015  2.8840568865009277E-015 -8.5782072688904379E-015  3.5152134969016955E-015 -4.3015399322306682E-016 -3.6331511146125723E-015  1.3491786094163081E-014 -9.8792091726726801E-016  2.4851012875272234E-015 -1.8535631970026136E-015 -3.5429991262208816E-014 -1.0398579833400820E-016 -1.1013797720685544E-015 -1.0829543215643688E-016 -3.9049593522135070E-016 -9.1693533903624478E-014 -2.1760732082926403E-016 -3.1416085326908331E-014 -1.7421493216090980E-015 -2.8920049752922405E-016 -1.5295974750415522E-016 -1.0342782786334354E-015  1.3561766630646983E-015 -1.6002067253331817E-016  3.6247970582368199E-016 -8.9077527748105505E-017 -4.6161788855184571E-016 -3.6126655083171811E-017 -1.1990166492539337E-015  5.3075290274071789E-015 -8.0328054740030860E-017  1.8768564038040969E-015 -9.3818631168913704E-017  2.2324000097542384E-015  2.9360742765478341E-016 -2.7089032937678261E-014  9.8198618215166260E-016  1.3545180796629630E-016 -2.7290161262703955E-016  7.3127820600819024E-017 -5.6950317387850860E-014  1.1928618925251257E-015 -3.1165424822007299E-014  2.6224318163760065E-015
 2.3984886478182029E-014 -2.1080142839637879E-015  2.1154834569304406E-003  1.2630588350081504E-014 -1.2099994128936719E-014 -7.2725504562655121E-015  5.9568881451554537E-015  4.6063056114354034E-014  5.6002434575829000E-015 -8.1638538461791610E-007 -3.7350255406567251E-013 -9.4002723340133357E-015  3.0226829822641961E-006 -3.5554278261094319E-013 -1.0124535161222404E-014  3.6544015009352409E-006 -3.9399167187246921E-015 -1.6708856520608918E-014  1.0720591081536033E-015  1.9997474526119756E+000 -3.8930958621442250E-015 -1.0274100242633596E-015  1.2456425490431594E-015 -4.6447412582963630E-015  3.7691963116793341E-016 -6.4914161019310057E-016  5.4922292567397553E-015  5.0288152193215270E-016  3.4698262902100955E-016  2.5527552156465360E-015  3.8295277216600001E-015  8.9114685087994049E-015  3.1129018607943914E-015  7.0284548123054854E-015  9.3722129621558949E-015 -1.6843901284927818E-015 -1.8087549417012495E-015 -1.0466956205823713E-014 -2.4456376108583458E-015 -5.6453350047406930E-016  2.6114946337584678E-016 -1.3155479328840753E-015 -2.6569324261796696E-015 -5.4216562217433957E-015  5.8378385456951327E-016  1.3392833206261510E-015 -2.7730523791698027E-014 -1.5677804250943559E-017 -1.8015608582717787E-016 -2.3922127457401618E-016  3.0740323700179710E-015 -2.3122318077301082E-014  2.1161115093865898E-015 -6.1311581903489342E-014  1.1442145611914309E-016 -2.0449998978938444E-016  5.5093889110353144E-016 -6.4130279690326082E-016 -1.5622803393654912E-016 -4.6484270033623134E-016 -3.7441171520538570E-016  2.5944199214610153E-016 -9.7736081416402371E-017  7.4261358639755150E-016 -1.8809573049168318E-015 -4.8073705028697550E-016 -8.1094596518608137E-016 -3.2058972239879600E-016 -1.7458404774734677E-015 -1.7439812020618495E-016  2.8093503678453086E-016 -2.2935100502342409E-014 -2.2275656146817425E-016 -9.1690179855318506E-017 -2.9856352180575790E-016  5.3152176551541508E-016 -2.0704218426327911E-014  5.2745547044601961E-016 -5.2332253098491437E-014
