   8.2820855296927426E-002   2.6672722809090258E-016   6.2738254437159580E-017  -1.8448941634328825E-016   4.0363898519658659E-002  -4.0548141061536097E-017  -1.2395078140320382E-017  -4.3303879360104741E-015   6.9866855841231451E-002   1.7903949039293491E-016  -7.0528420037541371E-017  -8.3985923908129261E-015  -2.6453811280237855E-019  -2.7994616436034672E-018  -3.7614393153175539E-018   7.4064683092815384E-018  -4.7373763420588724E-018  -4.5112144161435251E-018  -1.2140069682192237E-002   1.2310932674163230E-015  -5.3555482740293827E-015   4.5156804086242289E-016   1.3695211513204879E-015
   2.6672722809090258E-016   8.2820855296927828E-002  -3.9390107725423907E-016   1.1679695191267836E-016   1.3747387471602955E-017   4.0363898519658638E-002   1.0565214004670111E-017  -6.4047049146038412E-018   1.0854803815988557E-016   6.9866855841231992E-002  -2.3148274012589122E-016   1.1446496165704430E-016   3.2283303023450762E-017  -2.1909022116014856E-020   2.7369162303272196E-019   2.7791834525828369E-017   1.1188871063353622E-019   2.8633235154779711E-017  -2.4646009846022801E-015  -1.2140069682194258E-002  -5.5455172941356149E-016  -1.2974278685353881E-015   2.2790353275911384E-015
   6.2738254437159580E-017  -3.9390107725423907E-016   8.2820855296932838E-002  -9.6375612051799612E-018   9.1153194192809348E-017   8.9313792113193849E-017   4.0363898519657042E-002   1.6944216679036626E-015   4.1055919666884800E-017  -1.2652603618703308E-016   6.9866855841233616E-002   3.1067332255093305E-015   2.9567505039922498E-017  -8.4109536853353406E-019   1.8852931485838796E-018   2.3780272458652446E-017  -1.8643244364591220E-018   3.0368861525329943E-017  -1.6014052193462720E-015   1.9253867454624489E-015  -1.2140069682191503E-002  -2.4825879337072407E-015  -1.4142610561067388E-015
  -1.8448941634328825E-016   1.1679695191267836E-016  -9.6375612051799612E-018   1.4955493116098820E-004  -3.9575271123169890E-016   1.0717906878613249E-016  -2.5319137369774942E-017  -6.4795098131708809E-003  -1.8313972348579944E-017   5.5589076770935134E-017   7.8450687233810779E-017  -1.1560101663722351E-002   3.9443376894222188E-016   3.7913712614234974E-018  -1.2038581496717037E-019   4.0998500718725446E-016  -5.6011949801679984E-018   4.1757546909285739E-016   1.1004842371902257E-014  -3.4007767821165649E-015   4.1512595715129173E-015   7.2067893131518030E-003  -5.6487080412319472E-003
   4.0363898519658659E-002   1.3747387471602955E-017   9.1153194192809348E-017  -3.9575271123169890E-016   2.0130581437720414E-002  -1.0274236018847991E-016  -1.3388291217483850E-016   5.1115254445936006E-015   3.3554987992283222E-002  -6.1572823404273072E-017   1.2507305153060815E-016   8.4746559184310206E-015   3.5484576782490642E-018   1.0225290229586278E-018   1.0173515126150975E-018  -1.2552202163048390E-017   4.6764962989562467E-018   4.4162610915294692E-018  -3.6092526640915085E-002  -1.1014135996293934E-015   4.7639782754985326E-015   4.2611206904615644E-016  -2.1894173000426577E-015
  -4.0548141061536097E-017   4.0363898519658638E-002   8.9313792113193849E-017   1.0717906878613249E-016  -1.0274236018847991E-016   2.0130581437720178E-002   1.7888510871213226E-016  -3.2997188181677709E-017  -1.8222173472167602E-017   3.3554987992283368E-002   1.4285443589504275E-016   1.0127780264749878E-016   9.3800671778438938E-018   1.8014589106060461E-018  -5.9416417046114192E-019   1.8290487615784371E-017  -3.6420082084244524E-019   1.8021742377292016E-017   2.2801791303280416E-015  -3.6092526640912177E-002  -2.9164235523212145E-016  -1.2327823134150568E-015   1.1449390089853657E-015
  -1.2395078140320382E-017   1.0565214004670111E-017   4.0363898519657042E-002  -2.5319137369774942E-017  -1.3388291217483850E-016   1.7888510871213226E-016   2.0130581437717631E-002  -1.3302734626521214E-015  -1.9282473433664547E-017   3.0669205723875612E-017   3.3554987992280641E-002  -2.5477885722668705E-015   6.6561707021159621E-018   2.1734704089480663E-018  -5.3082474303158833E-018   2.0062643545034368E-017   2.2201582620200284E-018   1.1443377721748902E-017   2.2165916258238348E-015  -1.4966830773593527E-015  -3.6092526640916625E-002   2.0801540154887543E-015   2.2860212985801369E-015
  -4.3303879360104741E-015  -6.4047049146038412E-018   1.6944216679036626E-015  -6.4795098131708809E-003   5.1115254445936006E-015  -3.2997188181677709E-017  -1.3302734626521214E-015  0.30113233622474911       -1.7597020546965183E-015  -2.9253431033879875E-017   3.7663522051921204E-016  0.54045713775840942       -1.8950974551531776E-014  -1.3452535434269448E-016  -1.2426792092754991E-017  -1.9651907446134738E-014   8.2744734006373681E-017  -1.9904490375064080E-014  -1.4643480770793254E-014   4.2712343335864644E-015  -5.6020186617412153E-015 -0.22865711360919946        5.4800693429147992E-002
   6.9866855841231451E-002   1.0854803815988557E-016   4.1055919666884800E-017  -1.8313972348579944E-017   3.3554987992283222E-002  -1.8222173472167602E-017  -1.9282473433664547E-017  -1.7597020546965183E-015   5.9474486329675814E-002   5.9782590594657768E-017   4.3396100749200146E-019  -3.1288098529394824E-015  -4.1965943517972249E-018  -4.9406406368360106E-018  -6.2531379269784827E-018   2.3710984343718327E-017  -1.1544081532951597E-017  -1.0953011359041851E-017   2.2363968403343149E-002  -1.8163209832299472E-018  -1.1068769621391917E-015   8.4845901713601087E-016   5.7994487214933478E-016
   1.7903949039293491E-016   6.9866855841231992E-002  -1.2652603618703308E-016   5.5589076770935134E-017  -6.1572823404273072E-017   3.3554987992283368E-002   3.0669205723875612E-017  -2.9253431033879875E-017   5.9782590594657768E-017   5.9474486329676467E-002   5.0852858244813260E-019   1.7686149049016297E-017   3.4099028362937340E-017  -1.9765052597375692E-018   1.0170068485612108E-018   1.8317110036755767E-017   5.4682961291010134E-019   1.9760368898942813E-017  -5.9561556905909504E-016   2.2363968403342323E-002   2.0416708518863472E-015   2.2073187951107829E-015  -2.5043543307380766E-015
  -7.0528420037541371E-017  -2.3148274012589122E-016   6.9866855841233616E-002   7.8450687233810779E-017   1.2507305153060815E-016   1.4285443589504275E-016   3.3554987992280641E-002   3.7663522051921204E-016   4.3396100749200146E-019   5.0852858244813260E-019   5.9474486329675669E-002   9.0467100183746371E-016   3.3321055080672570E-017  -3.5009060797008742E-018   8.3187977416129186E-018   1.0905686455170890E-017  -4.9533701799101812E-018   2.9246463093744341E-017  -5.0575589068117617E-016   3.9420375146363265E-016   2.2363968403345515E-002  -1.0538289620143344E-015  -6.1459842163463983E-017
  -8.3985923908129261E-015   1.1446496165704430E-016   3.1067332255093305E-015  -1.1560101663722351E-002   8.4746559184310206E-015   1.0127780264749878E-016  -2.5477885722668705E-015  0.54045713775840942       -3.1288098529394824E-015   1.7686149049016297E-017   9.0467100183746371E-016  0.97051072949831962       -3.4149659391806149E-014  -2.3213354270851688E-016  -2.4187281995696758E-017  -3.5401626390719761E-014   1.1864833546435454E-016  -3.5836602492122774E-014   5.9817236456637498E-015   7.3803290645924136E-016   1.1667033592647059E-015 -0.38537411706756192        7.0849973480449205E-002
  -2.6453811280237855E-019   3.2283303023450762E-017   2.9567505039922498E-017   3.9443376894222188E-016   3.5484576782490642E-018   9.3800671778438938E-018   6.6561707021159621E-018  -1.8950974551531776E-014  -4.1965943517972249E-018   3.4099028362937340E-017   3.3321055080672570E-017  -3.4149659391806149E-014   1.2493997490462286E-027   4.5613383722111481E-030   7.9983352479583191E-031   1.2899311374261211E-027   3.0428267691874473E-030   1.3003165480200792E-027  -2.4189483370762544E-016   4.1327195163585771E-016   5.0579616299637757E-016   3.4919729185976649E-015  -1.1600965342258000E-017
  -2.7994616436034672E-018  -2.1909022116014856E-020  -8.4109536853353406E-019   3.7913712614234974E-018   1.0225290229586278E-018   1.8014589106060461E-018   2.1734704089480663E-018  -1.3452535434269448E-016  -4.9406406368360106E-018  -1.9765052597375692E-018  -3.5009060797008742E-018  -2.3213354270851688E-016   4.5613383722111481E-030   3.5735404005370118E-031  -8.3977680561800192E-033   5.1106533380255372E-030  -5.4324550792089271E-031   5.6744816776568636E-030  -1.5662189446014077E-016  -1.1921652264983960E-016  -1.6983689341078420E-016   8.4622914237038592E-016  -2.5207887141223181E-016
  -3.7614393153175539E-018   2.7369162303272196E-019   1.8852931485838796E-018  -1.2038581496717037E-019   1.0173515126150975E-018  -5.9416417046114192E-019  -5.3082474303158833E-018  -1.2426792092754991E-017  -6.2531379269784827E-018   1.0170068485612108E-018   8.3187977416129186E-018  -2.4187281995696758E-017   7.9983352479583191E-031  -8.3977680561800192E-033   1.2921587538795107E-031   4.8756526252614566E-031   9.2443056471802251E-032   7.6919385527178864E-031  -1.8698460827012069E-016   4.7825207715668290E-017   4.0940015918624760E-016   4.9855737303207629E-017   2.0840620811209245E-016
   7.4064683092815384E-018   2.7791834525828369E-017   2.3780272458652446E-017   4.0998500718725446E-016  -1.2552202163048390E-017   1.8290487615784371E-017   2.0062643545034368E-017  -1.9651907446134738E-014   2.3710984343718327E-017   1.8317110036755767E-017   1.0905686455170890E-017  -3.5401626390719761E-014   1.2899311374261211E-027   5.1106533380255372E-030   4.8756526252614566E-031   1.3339623412163273E-027   2.2757608457296259E-030   1.3438005561174514E-027   1.0621957841570354E-015  -3.1629474034373292E-016  -5.6092076810374356E-016   4.6104373200621754E-015  -1.9718663967755470E-016
  -4.7373763420588724E-018   1.1188871063353622E-019  -1.8643244364591220E-018  -5.6011949801679984E-018   4.6764962989562467E-018  -3.6420082084244524E-019   2.2201582620200284E-018   8.2744734006373681E-017  -1.1544081532951597E-017   5.4682961291010134E-019  -4.9533701799101812E-018   1.1864833546435454E-016   3.0428267691874473E-030  -5.4324550792089271E-031   9.2443056471802251E-032   2.2757608457296259E-030   1.8567920604506721E-030   1.4078423492575345E-030  -4.5886714639840714E-016   2.7531765223132709E-017  -2.0556676291617488E-016  -1.5758689248231118E-015   1.4983870566754351E-015
  -4.5112144161435251E-018   2.8633235154779711E-017   3.0368861525329943E-017   4.1757546909285739E-016   4.4162610915294692E-018   1.8021742377292016E-017   1.1443377721748902E-017  -1.9904490375064080E-014  -1.0953011359041851E-017   1.9760368898942813E-017   2.9246463093744341E-017  -3.5836602492122774E-014   1.3003165480200792E-027   5.6744816776568636E-030   7.6919385527178864E-031   1.3438005561174514E-027   1.4078423492575345E-030   1.3559902624241563E-027  -4.3452799076709584E-016  -2.7175920422395922E-016   2.1642455581938363E-016   5.9100734007490451E-015  -1.0012235325821601E-015
  -1.2140069682192237E-002  -2.4646009846022801E-015  -1.6014052193462720E-015   1.1004842371902257E-014  -3.6092526640915085E-002   2.2801791303280416E-015   2.2165916258238348E-015  -1.4643480770793254E-014   2.2363968403343149E-002  -5.9561556905909504E-016  -5.0575589068117617E-016   5.9817236456637498E-015  -2.4189483370762544E-016  -1.5662189446014077E-016  -1.8698460827012069E-016   1.0621957841570354E-015  -4.5886714639840714E-016  -4.3452799076709584E-016   1.9870394348546756       -2.1101980054876698E-016  -3.4413233405224196E-016   2.9175537571425180E-016  -2.4296468895659983E-017
   1.2310932674163230E-015  -1.2140069682194258E-002   1.9253867454624489E-015  -3.4007767821165649E-015  -1.1014135996293934E-015  -3.6092526640912177E-002  -1.4966830773593527E-015   4.2712343335864644E-015  -1.8163209832299472E-018   2.2363968403342323E-002   3.9420375146363265E-016   7.3803290645924136E-016   4.1327195163585771E-016  -1.1921652264983960E-016   4.7825207715668290E-017  -3.1629474034373292E-016   2.7531765223132709E-017  -2.7175920422395922E-016  -2.1101980054876698E-016   1.9870394348546745       -1.8681755108734516E-015  -2.1858602027288000E-015  -4.4358291273360994E-016
  -5.3555482740293827E-015  -5.5455172941356149E-016  -1.2140069682191503E-002   4.1512595715129173E-015   4.7639782754985326E-015  -2.9164235523212145E-016  -3.6092526640916625E-002  -5.6020186617412153E-015  -1.1068769621391917E-015   2.0416708518863472E-015   2.2363968403345515E-002   1.1667033592647059E-015   5.0579616299637757E-016  -1.6983689341078420E-016   4.0940015918624760E-016  -5.6092076810374356E-016  -2.0556676291617488E-016   2.1642455581938363E-016  -3.4413233405224196E-016  -1.8681755108734516E-015   1.9870394348546692        2.1498608074332813E-015   1.8877180759075862E-015
   4.5156804086242289E-016  -1.2974278685353881E-015  -2.4825879337072407E-015   7.2067893131518030E-003   4.2611206904615644E-016  -1.2327823134150568E-015   2.0801540154887543E-015 -0.22865711360919946        8.4845901713601087E-016   2.2073187951107829E-015  -1.0538289620143344E-015 -0.38537411706756192        3.4919729185976649E-015   8.4622914237038592E-016   4.9855737303207629E-017   4.6104373200621754E-015  -1.5758689248231118E-015   5.9100734007490451E-015   2.9175537571425180E-016  -2.1858602027288000E-015   2.1498608074332813E-015   2.2874408607162957      -0.55490048790143864     
   1.3695211513204879E-015   2.2790353275911384E-015  -1.4142610561067388E-015  -5.6487080412319472E-003  -2.1894173000426577E-015   1.1449390089853657E-015   2.2860212985801369E-015   5.4800693429147992E-002   5.7994487214933478E-016  -2.5043543307380766E-015  -6.1459842163463983E-017   7.0849973480449205E-002  -1.1600965342258000E-017  -2.5207887141223181E-016   2.0840620811209245E-016  -1.9718663967755470E-016   1.4983870566754351E-015  -1.0012235325821601E-015  -2.4296468895659983E-017  -4.4358291273360994E-016   1.8877180759075862E-015 -0.55490048790143864        2.1346744197563274     
