   6.7152550600764666E-002  -5.7362482909639919E-017   5.7677296821702808E-017   7.4191214816792497E-018   5.8988571108140320E-002  -2.0772565412385580E-017   7.9016880206194249E-018  -6.3393401334321943E-017   6.1861717514243138E-002  -2.5527137810521210E-017   1.6784804882791302E-017  -4.1644531801219806E-017   5.0024278767804180E-018  -4.7863262610142018E-020   4.8609664024082338E-019   7.1559458685704419E-018   5.1194521412950395E-019   5.8749749476134334E-018   1.6334759599187053E-016
  -5.7362482909639919E-017   6.7152550600764527E-002  -7.8418310256802509E-017   5.9645311706567497E-017  -1.6347382951605932E-018   5.8988571108140549E-002  -4.2689048820047407E-018   4.6628978726782154E-016  -1.0962053352088884E-017   6.1861717514243075E-002  -3.1147660225065727E-017   3.9202635177965566E-016   1.8523037180828140E-017   4.4679662812138391E-020   1.1982345777047441E-019   1.8791822506912675E-017  -1.2341925155305173E-019   1.8566207547963323E-017   8.9435682606132161E-016
   5.7677296821702808E-017  -7.8418310256802509E-017   6.7152550600764513E-002   1.5840089523031134E-017   1.3358274266832273E-017  -4.0861434064179485E-017   5.8988571108140382E-002   6.7342795360348995E-016   8.3314160691933012E-018  -5.8283348895463161E-017   6.1861717514243054E-002   8.0998682551133180E-016  -1.9964835978373807E-016   3.3954466959486567E-019   1.2386800157559032E-018  -1.9808992511410759E-016   9.9118946128315474E-020  -1.9914638820366501E-016   6.8989240485876036E-017
   7.4191214816792497E-018   5.9645311706567497E-017   1.5840089523031134E-017   5.7456912030307760E-003   4.5226489379638244E-017  -2.8457745987426055E-017   7.2273497896932251E-019   6.0602870195238100E-002   1.1662272535489931E-017   1.1270799102841916E-017  -1.4585011024882183E-017   4.9798014701361214E-002  -3.7401990999609142E-016  -7.6160153556765522E-019  -4.4591078280924896E-018  -3.3382509626614541E-016  -3.4578550715075050E-018  -3.8983918362613409E-016  -2.1299117770763449E-002
   5.8988571108140320E-002  -1.6347382951605932E-018   1.3358274266832273E-017   4.5226489379638244E-017   5.1817116256199267E-002   2.4578813839990412E-017  -2.5831116759467892E-017   3.3474122957294548E-016   5.4340963817673199E-002   2.2488089474891501E-017  -1.9624624010618435E-017   3.0139261236677093E-016   4.3942645496367138E-018  -4.2044351922299230E-020   4.2700010605323946E-019   6.2859715370104189E-018   4.4970617492532997E-019   5.1607329037436629E-018   7.0311601382687262E-016
  -2.0772565412385580E-017   5.8988571108140549E-002  -4.0861434064179485E-017  -2.8457745987426055E-017   2.4578813839990412E-017   5.1817116256199794E-002   2.0866374311295048E-017  -3.8972735243470708E-016   1.7653401877161046E-017   5.4340963817673463E-002  -1.5455527844242847E-018  -3.6379948929703960E-016   1.6271124270117832E-017   3.9247793915203569E-020   1.0525608477841103E-019   1.6507232387807051E-017  -1.0841472484988200E-019   1.6309046258913089E-017  -1.0191788679135068E-015
   7.9016880206194249E-018  -4.2689048820047407E-018   5.8988571108140382E-002   7.2273497896932251E-019  -2.5831116759467892E-017   2.0866374311295048E-017   5.1817116256199502E-002   5.1813885643747021E-016  -3.2076573023888791E-017   8.3271809044562979E-018   5.4340963817673289E-002   5.8805718695176124E-016  -1.7537638350839386E-016   2.9826499079441259E-019   1.0880891870221481E-018  -1.7400741340220618E-016   8.7068695820843802E-020  -1.7493543843660718E-016  -2.4777822751700699E-015
  -6.3393401334321943E-017   4.6628978726782154E-016   6.7342795360348995E-016   6.0602870195238100E-002   3.3474122957294548E-016  -3.8972735243470708E-016   5.1813885643747021E-016  0.64051170711887384       -3.0265702968946624E-018  -2.2321166963784259E-017   2.8452472667818495E-016  0.52506561039456046       -3.9249371728929785E-015  -1.6444245062902901E-017  -4.7236538583641301E-017  -3.5545947742155385E-015  -3.7293962008580276E-017  -4.1200852981660872E-015 -0.27586684472237627     
   6.1861717514243138E-002  -1.0962053352088884E-017   8.3314160691933012E-018   1.1662272535489931E-017   5.4340963817673199E-002   1.7653401877161046E-017  -3.2076573023888791E-017  -3.0265702968946624E-018   5.6987739997599436E-002   1.5064904483391346E-017  -2.5810223280101561E-017   2.8601553598767711E-018   4.6082952535720184E-018  -4.4092199096111698E-020   4.4779792836130524E-019   6.5921412948335907E-018   4.7160993790885241E-019   5.4120958528173162E-018  -4.2681233816759188E-017
  -2.5527137810521210E-017   6.1861717514243075E-002  -5.8283348895463161E-017   1.1270799102841916E-017   2.2488089474891501E-017   5.4340963817673463E-002   8.3271809044562979E-018  -2.2321166963784259E-017   1.5064904483391346E-017   5.6987739997599436E-002  -1.5836551498339583E-017  -1.8614910319990612E-017   1.7063639181761229E-017   4.1159429608936461E-020   1.1038277518672159E-019   1.7311247377807641E-017  -1.1369526260862327E-019   1.7103408230483971E-017   6.3965641124698249E-016
   1.6784804882791302E-017  -3.1147660225065727E-017   6.1861717514243054E-002  -1.4585011024882183E-017  -1.9624624010618435E-017  -1.5455527844242847E-018   5.4340963817673289E-002   2.8452472667818495E-016  -2.5810223280101561E-017  -1.5836551498339583E-017   5.6987739997599401E-002   4.9719217630227555E-016  -1.8391841150681264E-016   3.1279253350829386E-019   1.1410865639459304E-018  -1.8248276320403544E-016   9.1309536135949336E-020  -1.8345598939761655E-016   1.2778936439617325E-015
  -4.1644531801219806E-017   3.9202635177965566E-016   8.0998682551133180E-016   4.9798014701361214E-002   3.0139261236677093E-016  -3.6379948929703960E-016   5.8805718695176124E-016  0.52506561039456046        2.8601553598767711E-018  -1.8614910319990612E-017   4.9719217630227555E-016  0.43162541491076067       -3.2444214157141149E-015  -5.4330135517678697E-018  -3.8618856138497983E-017  -2.8886085554801797E-015  -2.9855153704977117E-017  -3.3775990933448614E-015 -0.17748943116486554     
   5.0024278767804180E-018   1.8523037180828140E-017  -1.9964835978373807E-016  -3.7401990999609142E-016   4.3942645496367138E-018   1.6271124270117832E-017  -1.7537638350839386E-016  -3.9249371728929785E-015   4.6082952535720184E-018   1.7063639181761229E-017  -1.8391841150681264E-016  -3.2444214157141149E-015   2.5255171325485470E-029  -8.1062575683729628E-032   2.8351204171589151E-031   2.1807935228769217E-029   2.1212997230452931E-031   2.5847441837858282E-029   5.9714554780519832E-016
  -4.7863262610142018E-020   4.4679662812138391E-020   3.3954466959486567E-019  -7.6160153556765522E-019  -4.2044351922299230E-020   3.9247793915203569E-020   2.9826499079441259E-019  -1.6444245062902901E-017  -4.4092199096111698E-020   4.1159429608936461E-020   3.1279253350829386E-019  -5.4330135517678697E-018  -8.1062575683729628E-032   5.4486936062872755E-032   1.9157293243029184E-033   2.6026472287218287E-031   5.7739536543356693E-033   1.0397460705807718E-031   3.3395393574848731E-016
   4.8609664024082338E-019   1.1982345777047441E-019   1.2386800157559032E-018  -4.4591078280924896E-018   4.2700010605323946E-019   1.0525608477841103E-019   1.0880891870221481E-018  -4.7236538583641301E-017   4.4779792836130524E-019   1.1038277518672159E-019   1.1410865639459304E-018  -3.8618856138497983E-017   2.8351204171589151E-031   1.9157293243029184E-033   3.5191731449419699E-033   2.6076781817015298E-031   2.8177690097639490E-033   3.0024045539085283E-031   2.4558815383790025E-017
   7.1559458685704419E-018   1.8791822506912675E-017  -1.9808992511410759E-016  -3.3382509626614541E-016   6.2859715370104189E-018   1.6507232387807051E-017  -1.7400741340220618E-016  -3.5545947742155385E-015   6.5921412948335907E-018   1.7311247377807641E-017  -1.8248276320403544E-016  -2.8886085554801797E-015   2.1807935228769217E-029   2.6026472287218287E-031   2.6076781817015298E-031   2.0851556607439193E-029   2.2183998337755317E-031   2.3455641294665673E-029   2.5587944264831184E-015
   5.1194521412950395E-019  -1.2341925155305173E-019   9.9118946128315474E-020  -3.4578550715075050E-018   4.4970617492532997E-019  -1.0841472484988200E-019   8.7068695820843802E-020  -3.7293962008580276E-017   4.7160993790885241E-019  -1.1369526260862327E-019   9.1309536135949336E-020  -2.9855153704977117E-017   2.1212997230452931E-031   5.7739536543356693E-033   2.8177690097639490E-033   2.2183998337755317E-031   2.6048187088084886E-033   2.3953813393957830E-031   4.5183146764497322E-017
   5.8749749476134334E-018   1.8566207547963323E-017  -1.9914638820366501E-016  -3.8983918362613409E-016   5.1607329037436629E-018   1.6309046258913089E-017  -1.7493543843660718E-016  -4.1200852981660872E-015   5.4120958528173162E-018   1.7103408230483971E-017  -1.8345598939761655E-016  -3.3775990933448614E-015   2.5847441837858282E-029   1.0397460705807718E-031   3.0024045539085283E-031   2.3455641294665673E-029   2.3953813393957830E-031   2.7098652441396880E-029   1.7696493571073883E-015
   1.6334759599187053E-016   8.9435682606132161E-016   6.8989240485876036E-017  -2.1299117770763449E-002   7.0311601382687262E-016  -1.0191788679135068E-015  -2.4777822751700699E-015 -0.27586684472237627       -4.2681233816759188E-017   6.3965641124698249E-016   1.2778936439617325E-015 -0.17748943116486554        5.9714554780519832E-016   3.3395393574848731E-016   2.4558815383790025E-017   2.5587944264831184E-015   4.5183146764497322E-017   1.7696493571073883E-015   2.0951204651871445     
