   4.8783539093226001E-032  -8.0930123481243845E-032   8.2194162227912036E-032   3.5884535883173362E-017   1.2024253808199410E-031   2.4035983762182810E-032   1.3894824322804667E-031   1.9351290488980181E-016  -7.5973584818793028E-032  -3.1138527174560631E-032   1.1964393955981877E-031   1.0083506640014868E-016  -8.9504390133711003E-032   7.9958167459513584E-034   3.8407478102842657E-034  -2.0823105316482300E-031   3.2216031909272334E-033  -1.7051314250703396E-031   1.0721543581630444E-017
  -8.0930123481243845E-032   1.4173435560778893E-031  -1.2156707812905570E-031  -5.6224134905219077E-017  -2.2706136799482365E-031  -1.0885928619026162E-031  -3.2218038240529566E-031  -3.0113411755871030E-016   1.9204288923746758E-031   1.4040533313405038E-031  -1.2326544643752225E-031  -1.5957704869807879E-016   1.2475364511963152E-031   6.8807586532013901E-033  -2.8801520514643069E-033   3.4731603508820817E-031  -5.7655292408682951E-033   2.7029406247990200E-031  -1.4252730889447178E-016
   8.2194162227912036E-032  -1.2156707812905570E-031   1.6775361838871876E-031   6.7004903223733975E-017   1.4801138411143197E-031  -9.6009603168300839E-032   5.2712221228630019E-032   3.6541701398395881E-016   2.6063721471962801E-033   1.2315031935395878E-031   3.5043029855653343E-031   1.8514056850358094E-016  -1.9776266588741657E-031   1.7587765867066819E-032  -3.7913279031709046E-033  -3.4714634009664858E-031   4.5949064477905488E-033  -3.1218886689766950E-031  -2.2877376163089028E-016
   3.5884535883173362E-017  -5.6224134905219077E-017   6.7004903223733975E-017   2.7859403012937479E-002   7.6244427356297953E-017  -1.2842022993514974E-017   6.1648462962285821E-017  0.15114901874197639       -2.6680673586494965E-017   1.6361821768862005E-017   1.2128983891868333E-016   7.7581938826571981E-002  -7.6338137126177492E-017   4.2195014894552329E-018  -7.0990188228437369E-019  -1.5234542582575064E-016   2.1834926334453911E-018  -1.3099381108737942E-016  -4.7305608328870770E-002
   1.2024253808199410E-031  -2.2706136799482365E-031   1.4801138411143197E-031   7.6244427356297953E-017   3.9817147495374661E-031   3.1382934512356209E-031   6.8078846068683354E-031   4.0354561365335071E-016  -4.3085218250278577E-031  -4.0427124511098437E-031   1.7305222932748036E-032   2.2010621636195253E-016  -1.3303388408499440E-031  -2.8317727015255161E-032   9.2243447125618535E-033  -5.2014638806649066E-031   9.4943758115317782E-033  -3.7385381756042841E-031   4.8677819914235281E-016
   2.4035983762182810E-032  -1.0885928619026162E-031  -9.6009603168300839E-032  -1.2842022993514974E-017   3.1382934512356209E-031   6.4854589831107841E-031   9.1454641029167779E-031  -8.8295397570546318E-017  -6.4664079568176308E-031  -8.3445287273817536E-031  -6.3530124678780348E-031  -2.1429388135079966E-017   1.7492869386202974E-031  -7.5356046382593571E-032   2.0891236579164626E-032  -1.1984030983328336E-031   5.4730514765625359E-033   3.2105945633286519E-032   1.1565965929109081E-015
   1.3894824322804667E-031  -3.2218038240529566E-031   5.2712221228630019E-032   6.1648462962285821E-017   6.8078846068683354E-031   9.1454641029167779E-031   1.5200852292244108E-030   3.0714375467539958E-016  -1.0259412494434387E-030  -1.1771692629429554E-030  -5.8178065222613490E-031   1.9270774038242788E-016   3.6124565509569172E-032  -9.8383288029271047E-032   2.8603882991155265E-032  -6.1601037216094804E-031   1.4339555001638999E-032  -3.3136077690484708E-031   1.5604660937334769E-015
   1.9351290488980181E-016  -3.0113411755871030E-016   3.6541701398395881E-016  0.15114901874197639        4.0354561365335071E-016  -8.8295397570546318E-017   3.0714375467539958E-016  0.82058684332431286       -1.2565918724518573E-016   1.1273198152221179E-016   6.7483815737814108E-016  0.42049942866053408       -4.1821599171971751E-016   2.5019878852634469E-017  -4.4474202811883590E-018  -8.2103052565498377E-016   1.1658604820436437E-017  -7.0987730554176196E-016 -0.28953681727662189     
  -7.5973584818793028E-032   1.9204288923746758E-031   2.6063721471962801E-033  -2.6680673586494965E-017  -4.3085218250278577E-031  -6.4664079568176308E-031  -1.0259412494434387E-030  -1.2565918724518573E-016   7.0121861656825640E-031   8.3223251669239727E-031   4.7794160337979068E-031  -8.8995940217815116E-017  -7.0179051575782529E-032   7.1233613064714008E-032  -2.0406157238852077E-032   3.4078974718740961E-031  -8.7351445833690771E-033   1.5444602188070336E-031  -1.1182934858121323E-015
  -3.1138527174560631E-032   1.4040533313405038E-031   1.2315031935395878E-031   1.6361821768862005E-017  -4.0427124511098437E-031  -8.3445287273817536E-031  -1.1771692629429554E-030   1.1273198152221179E-016   8.3223251669239727E-031   1.0736513955120510E-030   8.1677604432293759E-031   2.7121064643138555E-017  -2.2464629441885080E-031   9.6941061841970001E-032  -2.6878019287321806E-032   1.5509733140621021E-031  -7.0553119361718489E-033  -4.0547043261583774E-032  -1.4879946367917592E-015
   1.1964393955981877E-031  -1.2326544643752225E-031   3.5043029855653343E-031   1.2128983891868333E-016   1.7305222932748036E-032  -6.3530124678780348E-031  -5.8178065222613490E-031   6.7483815737814108E-016   4.7794160337979068E-031   8.1677604432293759E-031   1.0504318277995972E-030   3.2484159473235436E-016  -4.5833839120042442E-031   8.4557564322814048E-032  -2.1631156872413013E-032  -4.9189455179811936E-031   3.6641817707701826E-033  -5.4480572443559731E-031  -1.2290786513184359E-015
   1.0083506640014868E-016  -1.5957704869807879E-016   1.8514056850358094E-016   7.7581938826571981E-002   2.2010621636195253E-016  -2.1429388135079966E-017   1.9270774038242788E-016  0.42049942866053408       -8.8995940217815116E-017   2.7121064643138555E-017   3.2484159473235436E-016  0.21636726724408975       -2.0946724980694296E-016   1.0113023229237366E-017  -1.5182672062804476E-018  -4.2848554488848509E-016   6.2250326530243222E-018  -3.6541787088624398E-016 -0.10642557107241400     
  -8.9504390133711003E-032   1.2475364511963152E-031  -1.9776266588741657E-031  -7.6338137126177492E-017  -1.3303388408499440E-031   1.7492869386202974E-031   3.6124565509569172E-032  -4.1821599171971751E-016  -7.0179051575782529E-032  -2.2464629441885080E-031  -4.5833839120042442E-031  -2.0946724980694296E-016   2.3956239905147202E-031  -2.7525278462975098E-032   6.4168885105252132E-033   3.7611496274707480E-031  -4.5740466723989271E-033   3.5279008439592837E-031   3.7638494423157805E-016
   7.9958167459513584E-034   6.8807586532013901E-033   1.7587765867066819E-032   4.2195014894552329E-018  -2.8317727015255161E-032  -7.5356046382593571E-032  -9.8383288029271047E-032   2.5019878852634469E-017   7.1233613064714008E-032   9.6941061841970001E-032   8.4557564322814048E-032   1.0113023229237366E-017  -2.7525278462975098E-032   9.0252532424402528E-033  -2.4566681867436528E-033  -1.3614989185199387E-033  -4.0949248275037546E-034  -1.6609708552343052E-032  -1.3679867564562064E-016
   3.8407478102842657E-034  -2.8801520514643069E-033  -3.7913279031709046E-033  -7.0990188228437369E-019   9.2243447125618535E-033   2.0891236579164626E-032   2.8603882991155265E-032  -4.4474202811883590E-018  -2.0406157238852077E-032  -2.6878019287321806E-032  -2.1631156872413013E-032  -1.5182672062804476E-018   6.4168885105252132E-033  -2.4566681867436528E-033   6.7613622772472392E-034  -2.2000711550329307E-033   1.5170636028516193E-034   2.4330766525007672E-033   3.7518655107869074E-017
  -2.0823105316482300E-031   3.4731603508820817E-031  -3.4714634009664858E-031  -1.5234542582575064E-016  -5.2014638806649066E-031  -1.1984030983328336E-031  -6.1601037216094804E-031  -8.2103052565498377E-016   3.4078974718740961E-031   1.5509733140621021E-031  -4.9189455179811936E-031  -4.2848554488848509E-016   3.7611496274707480E-031  -1.3614989185199387E-033  -2.2000711550329307E-033   8.8929491201783055E-031  -1.3856550528006881E-032   7.2468538537229454E-031  -7.6944917106246354E-017
   3.2216031909272334E-033  -5.7655292408682951E-033   4.5949064477905488E-033   2.1834926334453911E-018   9.4943758115317782E-033   5.4730514765625359E-033   1.4339555001638999E-032   1.1658604820436437E-017  -8.7351445833690771E-033  -7.0553119361718489E-033   3.6641817707701826E-033   6.2250326530243222E-018  -4.5740466723989271E-033  -4.0949248275037546E-034   1.5170636028516193E-034  -1.3856550528006881E-032   2.3646497266938106E-034  -1.0551808154028324E-032   7.7344087186306328E-018
  -1.7051314250703396E-031   2.7029406247990200E-031  -3.1218886689766950E-031  -1.3099381108737942E-016  -3.7385381756042841E-031   3.2105945633286519E-032  -3.3136077690484708E-031  -7.0987730554176196E-016   1.5444602188070336E-031  -4.0547043261583774E-032  -5.4480572443559731E-031  -3.6541787088624398E-016   3.5279008439592837E-031  -1.6609708552343052E-032   2.4330766525007672E-033   7.2468538537229454E-031  -1.0551808154028324E-032   6.1717194729308362E-031   1.7249622029295455E-016
   1.0721543581630444E-017  -1.4252730889447178E-016  -2.2877376163089028E-016  -4.7305608328870770E-002   4.8677819914235281E-016   1.1565965929109081E-015   1.5604660937334769E-015 -0.28953681727662189       -1.1182934858121323E-015  -1.4879946367917592E-015  -1.2290786513184359E-015 -0.10642557107241400        3.7638494423157805E-016  -1.3679867564562064E-016   3.7518655107869074E-017  -7.6944917106246354E-017   7.7344087186306328E-018   1.7249622029295455E-016   2.0842116900280256     
