   1.4783704509786757E-003   1.0331185997814395E-018  -5.3647090156591534E-017  -5.7170056342451712E-018   1.9120480440723422E-002  -1.3023967898779480E-016   1.3069686943268950E-017   2.4313916069570126E-016   3.6400706778508679E-002  -2.1276987125810242E-016  -2.2860692706087356E-017   6.3339073420903677E-016   8.7327439808498714E-018   2.7950595520635479E-018  -7.2113086627143850E-019  -5.8997289594894156E-018  -2.7463439371272253E-018   3.2383888135933291E-018  -9.4240753462714322E-003   7.1379098866055622E-016   1.0258230823972219E-015   1.0897484809225418E-015   2.1044368030485387E-017
   1.0331185997814395E-018   1.4783704509792365E-003   4.9211123793874050E-017   4.5342248017521544E-017   7.2279972916663061E-017   1.9120480440726673E-002   4.2173642010215204E-016  -1.1786183596390320E-016   1.8764697771584265E-016   3.6400706778515687E-002   7.3955561664238655E-016  -1.5172643312121263E-016   1.6092655243997870E-017  -6.3721931687199692E-019   5.7651541211283102E-019   1.6928606301121148E-017   2.4705166000318658E-020   1.8380389274057842E-017   9.4570827212909422E-016  -9.4240753462715640E-003  -2.2206291230692982E-015   3.5515477422322946E-017  -2.9554675307220024E-016
  -5.3647090156591534E-017   4.9211123793874050E-017   1.4783704509790398E-003   4.9355155476155092E-017  -7.7317490784060539E-016   3.4209247081719403E-016   1.9120480440725444E-002   1.4961436143864220E-015  -1.4140230799092797E-015   6.2709659685736156E-016   3.6400706778512842E-002   3.5929773754277345E-015  -2.4267105297280425E-017   3.7413298574319152E-018  -5.3890447524546082E-019  -2.0460529541533893E-017   4.9706447634528083E-018  -2.9228040670313080E-017   2.4010125668906754E-015  -1.8967273856921008E-015  -9.4240753462705943E-003  -1.3622493273050298E-015   8.7382486718824669E-016
  -5.7170056342451712E-018   4.5342248017521544E-017   4.9355155476155092E-017   1.4383996675233925E-004   3.3673002196622334E-017   3.8332861169991810E-016   1.1156184713326628E-015  -5.3339627896317092E-003  -1.6709258215348568E-017   9.1151278079979924E-016   2.0613231156373459E-015  -1.1993509177798725E-002  -4.5636270793431233E-017   2.8534555162383459E-018  -3.1363114458354673E-019  -5.9597194898814571E-017  -3.9633631113067796E-018  -6.0260449013357353E-017  -2.0224060595086998E-015   4.6800176654001579E-015  -9.3416330560115123E-017   1.2058309129704740E-002  -5.2072614498776919E-003
   1.9120480440723422E-002   7.2279972916663061E-017  -7.7317490784060539E-016   3.3673002196622334E-017  0.24989262967210996       -9.8397645857697770E-017   6.9817848744079778E-016  -4.5383327550369491E-016  0.47329175923467143       -1.2550036531469205E-016   7.5046819687347861E-017  -6.0984153259835881E-016   1.2040192205162780E-016   3.3215005405899898E-017   5.4919902618294433E-018  -9.8059414242559589E-017  -3.2917853812398909E-017   5.6021579222636540E-017 -0.19479084263778496       -3.7688010568911896E-016  -2.2480124188813491E-015  -1.3133833185127884E-015   5.6880048490279972E-016
  -1.3023967898779480E-016   1.9120480440726673E-002   3.4209247081719403E-016   3.8332861169991810E-016  -9.8397645857697770E-017  0.24989262967210155       -2.9235377302085721E-016  -3.6349980705627050E-017  -3.7744600972465799E-017  0.47329175923466565       -1.9300588909668857E-016   3.7212232865181250E-016   2.2722542596012515E-016  -9.1100327909006667E-018   1.0904818780967996E-017   2.3762060667500852E-016   2.0549396392595220E-018   2.6144437876391029E-016  -1.1143812328888658E-015 -0.19479084263777988        2.1646193782462030E-015   8.0679718660050779E-016   1.3085033001682528E-016
   1.3069686943268950E-017   4.2173642010215204E-016   1.9120480440725444E-002   1.1156184713326628E-015   6.9817848744079778E-016  -2.9235377302085721E-016  0.24989262967210299       -1.7383861154785161E-015   9.8070729686673324E-016   1.3193790835805551E-016  0.47329175923466160       -2.3417461223687530E-015  -3.0155217135486687E-016   4.4154392701913193E-017  -1.0708608066491669E-017  -2.4920671315347232E-016   6.6339141070024741E-017  -4.0669791509463113E-016  -1.7601350643761076E-015   3.0950418368317042E-015 -0.19479084263778279        1.3031940758646687E-015  -1.9160051638485698E-015
   2.4313916069570126E-016  -1.1786183596390320E-016   1.4961436143864220E-015  -5.3339627896317092E-003  -4.5383327550369491E-016  -3.6349980705627050E-017  -1.7383861154785161E-015  0.22460203324473241        2.0901388036358600E-016  -1.3617312459968067E-015  -1.3575695810700975E-016  0.51619306057321057        2.0282439070645615E-015  -1.0085470155122360E-016   1.6113341826452348E-017   2.5208429648744216E-015   8.5064156869232871E-017   2.6610787137163526E-015   2.5441295057796690E-015  -1.0080054076066261E-014  -1.3921653734736202E-015 -0.27327279419945266        6.7574014706689792E-002
   3.6400706778508679E-002   1.8764697771584265E-016  -1.4140230799092797E-015  -1.6709258215348568E-017  0.47329175923467143       -3.7744600972465799E-017   9.8070729686673324E-016   2.0901388036358600E-016  0.89867767269016441        1.5498224922219890E-016  -2.6469552733627252E-016   1.2359983537554507E-015   2.2220539551621476E-016   6.5992244640488775E-017  -3.4754951595456820E-018  -1.6622913570364137E-016  -6.5113575361189404E-017   9.3360460303771679E-017 -0.30229719230460511       -1.2942121685889952E-016   1.8379365581821125E-016   6.9394338152486091E-016   8.4524688910365941E-016
  -2.1276987125810242E-016   3.6400706778515687E-002   6.2709659685736156E-016   9.1151278079979924E-016  -1.2550036531469205E-016  0.47329175923466565        1.3193790835805551E-016  -1.3617312459968067E-015   1.5498224922219890E-016  0.89867767269017240        6.0459845052058369E-016  -1.3333163185066536E-015   4.1463398028508104E-016  -1.6526739825369309E-017   1.7518241497038469E-017   4.3481547622292226E-016   2.2806585410149600E-018   4.7542532469675227E-016   3.5437684461888624E-016 -0.30229719230460861        7.7891314591453009E-017  -1.4457277950625466E-016   5.7389807671178876E-017
  -2.2860692706087356E-017   7.3955561664238655E-016   3.6400706778512842E-002   2.0613231156373459E-015   7.5046819687347861E-017  -1.9300588909668857E-016  0.47329175923466160       -1.3575695810700975E-016  -2.6469552733627252E-016   6.0459845052058369E-016  0.89867767269015231        2.9896150356083750E-015  -5.8565015819541553E-016   8.8039503022846469E-017  -1.6871863056167237E-017  -4.8892389394240145E-016   1.2436497618752723E-016  -7.4729373591613403E-016   4.0562840833056072E-016  -4.0991919489703626E-016 -0.30229719230460445       -1.9550573090740715E-016   9.5363736353784979E-016
   6.3339073420903677E-016  -1.5172643312121263E-016   3.5929773754277345E-015  -1.1993509177798725E-002  -6.0984153259835881E-016   3.7212232865181250E-016  -2.3417461223687530E-015  0.51619306057321057        1.2359983537554507E-015  -1.3333163185066536E-015   2.9896150356083750E-015   1.1904856858279171        4.7092840710522788E-015  -2.2458476564095419E-016   3.9413674633553316E-017   5.8034918491206185E-015   1.6690428407882282E-016   6.1747898221045164E-015  -1.7530173470106585E-015   7.1484089899295949E-015   3.5384135710221353E-016 -0.53860075359984061       0.10720758294608418     
   8.7327439808498714E-018   1.6092655243997870E-017  -2.4267105297280425E-017  -4.5636270793431233E-017   1.2040192205162780E-016   2.2722542596012515E-016  -3.0155217135486687E-016   2.0282439070645615E-015   2.2220539551621476E-016   4.1463398028508104E-016  -5.8565015819541553E-016   4.7092840710522788E-015   2.1377380007790339E-029  -9.0411176621842095E-031   4.9399444047457014E-031   2.4658662291426339E-029   7.1727871446104693E-031   2.8104835578582615E-029  -2.6491230116293952E-016  -6.3828107782032949E-016  -1.9060946962048489E-016  -9.3142763734362732E-016   1.6786367219403302E-015
   2.7950595520635479E-018  -6.3721931687199692E-019   3.7413298574319152E-018   2.8534555162383459E-018   3.3215005405899898E-017  -9.1100327909006667E-018   4.4154392701913193E-017  -1.0085470155122360E-016   6.5992244640488775E-017  -1.6526739825369309E-017   8.8039503022846469E-017  -2.2458476564095419E-016  -9.0411176621842095E-031   8.3415990616152018E-032  -1.6292096165726505E-032  -1.1847226301138588E-030  -8.5324473827649940E-032  -1.1294542921474730E-030   6.4533476845437401E-017   2.8433739565161521E-017   9.4956025402775351E-017   2.8137164081302650E-016  -1.0416714028092022E-016
  -7.2113086627143850E-019   5.7651541211283102E-019  -5.3890447524546082E-019  -3.1363114458354673E-019   5.4919902618294433E-018   1.0904818780967996E-017  -1.0708608066491669E-017   1.6113341826452348E-017  -3.4754951595456820E-018   1.7518241497038469E-017  -1.6871863056167237E-017   3.9413674633553316E-017   4.9399444047457014E-031  -1.6292096165726505E-032   1.3839438000456307E-031   2.6117594510419684E-031   5.7642536069882407E-032   8.0308138434720185E-031  -4.1121147408341483E-016  -1.0043786975641734E-016   1.0834186216123497E-016   1.1037503136508593E-016   2.3100921534651571E-016
  -5.8997289594894156E-018   1.6928606301121148E-017  -2.0460529541533893E-017  -5.9597194898814571E-017  -9.8059414242559589E-017   2.3762060667500852E-016  -2.4920671315347232E-016   2.5208429648744216E-015  -1.6622913570364137E-016   4.3481547622292226E-016  -4.8892389394240145E-016   5.8034918491206185E-015   2.4658662291426339E-029  -1.1847226301138588E-030   2.6117594510419684E-031   3.0015379409851230E-029   1.0706074073960504E-030   3.2294719195370632E-029   6.4805683326228724E-016  -6.3192090092835169E-016  -3.0222956397134122E-016  -2.5058006922345444E-015   1.7622640429777157E-015
  -2.7463439371272253E-018   2.4705166000318658E-020   4.9706447634528083E-018  -3.9633631113067796E-018  -3.2917853812398909E-017   2.0549396392595220E-018   6.6339141070024741E-017   8.5064156869232871E-017  -6.5113575361189404E-017   2.2806585410149600E-018   1.2436497618752723E-016   1.6690428407882282E-016   7.1727871446104693E-031  -8.5324473827649940E-032   5.7642536069882407E-032   1.0706074073960504E-030   3.2929256113802541E-031   1.0499818691496388E-030  -5.5502649949766237E-017  -4.8852668218354849E-017  -8.9247285173530483E-017  -6.1616910323722530E-016   6.9661403994331438E-016
   3.2383888135933291E-018   1.8380389274057842E-017  -2.9228040670313080E-017  -6.0260449013357353E-017   5.6021579222636540E-017   2.6144437876391029E-016  -4.0669791509463113E-016   2.6610787137163526E-015   9.3360460303771679E-017   4.7542532469675227E-016  -7.4729373591613403E-016   6.1747898221045164E-015   2.8104835578582615E-029  -1.1294542921474730E-030   8.0308138434720185E-031   3.2294719195370632E-029   1.0499818691496388E-030   3.7901935887640023E-029  -4.1734909436665955E-016  -7.8279710980164945E-016   9.9099974215812758E-016  -1.1743281962045502E-015   2.6694080151703223E-015
  -9.4240753462714322E-003   9.4570827212909422E-016   2.4010125668906754E-015  -2.0224060595086998E-015 -0.19479084263778496       -1.1143812328888658E-015  -1.7601350643761076E-015   2.5441295057796690E-015 -0.30229719230460511        3.5437684461888624E-016   4.0562840833056072E-016  -1.7530173470106585E-015  -2.6491230116293952E-016   6.4533476845437401E-017  -4.1121147408341483E-016   6.4805683326228724E-016  -5.5502649949766237E-017  -4.1734909436665955E-016   2.1057568181300428       -1.8386831383157791E-016  -2.7565515539480838E-016  -4.3518941684719481E-016  -2.9659039744800744E-016
   7.1379098866055622E-016  -9.4240753462715640E-003  -1.8967273856921008E-015   4.6800176654001579E-015  -3.7688010568911896E-016 -0.19479084263777988        3.0950418368317042E-015  -1.0080054076066261E-014  -1.2942121685889952E-016 -0.30229719230460861       -4.0991919489703626E-016   7.1484089899295949E-015  -6.3828107782032949E-016   2.8433739565161521E-017  -1.0043786975641734E-016  -6.3192090092835169E-016  -4.8852668218354849E-017  -7.8279710980164945E-016  -1.8386831383157791E-016   2.1057568181300383        5.8130099459481285E-016  -9.7731022485851450E-016   4.6579687494381739E-016
   1.0258230823972219E-015  -2.2206291230692982E-015  -9.4240753462705943E-003  -9.3416330560115123E-017  -2.2480124188813491E-015   2.1646193782462030E-015 -0.19479084263778279       -1.3921653734736202E-015   1.8379365581821125E-016   7.7891314591453009E-017 -0.30229719230460445        3.5384135710221353E-016  -1.9060946962048489E-016   9.4956025402775351E-017   1.0834186216123497E-016  -3.0222956397134122E-016  -8.9247285173530483E-017   9.9099974215812758E-016  -2.7565515539480838E-016   5.8130099459481285E-016   2.1057568181300388        1.5660758899862942E-016   4.5414225412732283E-017
   1.0897484809225418E-015   3.5515477422322946E-017  -1.3622493273050298E-015   1.2058309129704740E-002  -1.3133833185127884E-015   8.0679718660050779E-016   1.3031940758646687E-015 -0.27327279419945266        6.9394338152486091E-016  -1.4457277950625466E-016  -1.9550573090740715E-016 -0.53860075359984061       -9.3142763734362732E-016   2.8137164081302650E-016   1.1037503136508593E-016  -2.5058006922345444E-015  -6.1616910323722530E-016  -1.1743281962045502E-015  -4.3518941684719481E-016  -9.7731022485851450E-016   1.5660758899862942E-016   2.4163053028959274      -0.63012733481434813     
   2.1044368030485387E-017  -2.9554675307220024E-016   8.7382486718824669E-016  -5.2072614498776919E-003   5.6880048490279972E-016   1.3085033001682528E-016  -1.9160051638485698E-015   6.7574014706689792E-002   8.4524688910365941E-016   5.7389807671178876E-017   9.5363736353784979E-016  0.10720758294608418        1.6786367219403302E-015  -1.0416714028092022E-016   2.3100921534651571E-016   1.7622640429777157E-015   6.9661403994331438E-016   2.6694080151703223E-015  -2.9659039744800744E-016   4.6579687494381739E-016   4.5414225412732283E-017 -0.63012733481434813        2.1646802653498391     
