   7.2047965530710068E-003  -1.4572392874871158E-016  -6.7053245687018489E-017  -2.3609490287045110E-017   4.7964421578993229E-002   4.2754892396797178E-017  -3.7695507251658128E-016  -5.6765510195277035E-018   9.7926751110331771E-019  -7.8857542058614671E-019  -1.4441084687331180E-017   3.7955302006601545E-018   3.2739289343905168E-018   1.0231195609385436E-018   7.4059914760480600E-002  -6.2380888424325680E-017  -6.0406719322071938E-016  -2.0400276000239367E-017  -9.1360042892922741E-017
  -1.4572392874871158E-016   7.2047965530712861E-003  -5.8152170182294400E-017   3.1940205606180455E-017  -9.5913480203135133E-016   4.7964421578994235E-002  -2.7680247034512411E-016  -2.0489333197824075E-016  -3.4766832754030501E-018  -8.1360359575389253E-019  -2.1509606617127385E-018  -4.8594627376049555E-018   3.4434155154151201E-019  -5.4451629647150010E-018  -1.4235598347536315E-015   7.4059914760481960E-002  -4.4112397249485173E-016  -1.9212948523988091E-016  -5.9407052997044926E-017
  -6.7053245687018489E-017  -5.8152170182294400E-017   7.2047965530710953E-003   1.0039073337199938E-016  -4.7418316108874044E-017  -8.0337589859423291E-017   4.7964421578993541E-002  -9.1648115552293219E-016   7.0535816144816316E-017  -6.2652788480353986E-018   1.5066515813601795E-017   3.3257468129945206E-017  -8.6646961664720203E-019   5.0020340061460003E-017  -1.0821128245489444E-016  -1.6001669983495370E-016   7.4059914760480905E-002  -6.4637508409764110E-016  -4.6220359161864608E-016
  -2.3609490287045110E-017   3.1940205606180455E-017   1.0039073337199938E-016   1.4267874394930608E-004  -1.5602524697824282E-016   1.9124975766126587E-016   6.1807742987462155E-016  -8.9267744099481468E-003   3.7940305918500483E-017   2.1060211914968417E-018  -1.1808288892656985E-018   3.1428208916665622E-017   2.5616079560948366E-020   4.5455489660693966E-017  -2.4175847745711706E-016   3.0634140196313244E-016   9.4981072845751701E-016  -8.8618306471815265E-003   8.4714499485645176E-003
   4.7964421578993229E-002  -9.5913480203135133E-016  -4.7418316108874044E-017  -1.5602524697824282E-016  0.31931307434722472        3.5780612809192424E-016   1.4661575628340437E-016  -9.1714583232261347E-017   6.5192680175235973E-018  -5.2497754296345756E-018  -9.6138491753226323E-017   2.5267946057780142E-017   2.1795495052783461E-017   6.8112038397080655E-018  0.49303834570621846       -3.0230200017552075E-016   7.9756622313465142E-017  -1.8567086665233909E-016  -4.2562657962035788E-016
   4.2754892396797178E-017   4.7964421578994235E-002  -8.0337589859423291E-017   1.9124975766126587E-016   3.5780612809192424E-016  0.31931307434722578        1.9969137015395066E-016   2.4204892908431541E-016  -2.3145289542842226E-017  -5.4163952552265397E-018  -1.4319569361643233E-017  -3.2350853723214843E-017   2.2923816409867448E-018  -3.6250030112873070E-017   9.3461121297486941E-016  0.49303834570621885        2.1696660711320197E-016   3.6994412900637693E-016   3.4830483255200176E-017
  -3.7695507251658128E-016  -2.7680247034512411E-016   4.7964421578993541E-002   6.1807742987462155E-016   1.4661575628340437E-016   1.9969137015395066E-016  0.31931307434722500       -1.8565182462246489E-015   4.6957739848269035E-016  -4.1709779556373673E-017   1.0030216826901625E-016   2.2140461708867270E-016  -5.7683396987163365E-018   3.3299992033913288E-016  -6.5955632159532706E-018   6.8868013776511099E-017  0.49303834570621774        1.3496908346976670E-016   9.1902500582515815E-016
  -5.6765510195277035E-018  -2.0489333197824075E-016  -9.1648115552293219E-016  -8.9267744099481468E-003  -9.1714583232261347E-017   2.4204892908431541E-016  -1.8565182462246489E-015  0.59822609343189492       -2.7395220186197455E-015  -8.1310667371185781E-017   4.3832851708327268E-017  -2.2604700589273182E-015   8.7796680812371208E-019  -3.0312042430113109E-015   8.7897763212914916E-017  -4.2856370235896767E-016  -2.7175405129669109E-015  0.60196393299041973      -0.27815621306089766     
   9.7926751110331771E-019  -3.4766832754030501E-018   7.0535816144816316E-017   3.7940305918500483E-017   6.5192680175235973E-018  -2.3145289542842226E-017   4.6957739848269035E-016  -2.7395220186197455E-015   1.4149634842456919E-029   3.4331239816212353E-032   1.0928127702387136E-031   1.1394513856512860E-029  -2.4237096939117597E-032   1.4304210696326906E-029   1.0066136894474204E-017  -3.5737701283988698E-017   7.2505538397459297E-016  -2.7940941190185226E-015  -6.6788770325595358E-017
  -7.8857542058614671E-019  -8.1360359575389253E-019  -6.2652788480353986E-018   2.1060211914968417E-018  -5.2497754296345756E-018  -5.4163952552265397E-018  -4.1709779556373673E-017  -8.1310667371185781E-017   3.4331239816212353E-032   1.0080459880604172E-031  -6.6876343224227704E-032   6.1452610154777788E-032   3.8855724181795431E-033   3.9008035961093424E-031  -8.1059649638445957E-018  -8.3632358674545026E-018  -6.4402376114056179E-017  -7.0442238734620548E-017   4.4499073381954393E-016
  -1.4441084687331180E-017  -2.1509606617127385E-018   1.5066515813601795E-017  -1.1808288892656985E-018  -9.6138491753226323E-017  -1.4319569361643233E-017   1.0030216826901625E-016   4.3832851708327268E-017   1.0928127702387136E-031  -6.6876343224227704E-032   9.3597038632518438E-032   2.5808711818758677E-032  -1.0565530298432702E-032  -1.3035975520760708E-031  -1.4844353939970035E-016  -2.2110265305368379E-017   1.5487250315446495E-016   3.7393839111032752E-017  -2.6064689541553379E-016
   3.7955302006601545E-018  -4.8594627376049555E-018   3.3257468129945206E-017   3.1428208916665622E-017   2.5267946057780142E-017  -3.2350853723214843E-017   2.2140461708867270E-016  -2.2604700589273182E-015   1.1394513856512860E-029   6.1452610154777788E-032   2.5808711818758677E-032   9.2600081635639399E-030  -1.5236273469528820E-032   1.1634518065569469E-029   3.9015208973793223E-017  -4.9951638950218042E-017   3.4186187447625390E-016  -2.3039393163750239E-015   7.2493425282638831E-019
   3.2739289343905168E-018   3.4434155154151201E-019  -8.6646961664720203E-019   2.5616079560948366E-020   2.1795495052783461E-017   2.2923816409867448E-018  -5.7683396987163365E-018   8.7796680812371208E-019  -2.4237096939117597E-032   3.8855724181795431E-033  -1.0565530298432702E-032  -1.5236273469528820E-032   1.7679001148418978E-033  -9.3455255636655481E-033   3.3653538448560655E-017   3.5395733616919232E-018  -8.9066589845738579E-018   1.3768614589980326E-018   1.7251738842263576E-017
   1.0231195609385436E-018  -5.4451629647150010E-018   5.0020340061460003E-017   4.5455489660693966E-017   6.8112038397080655E-018  -3.6250030112873070E-017   3.3299992033913288E-016  -3.0312042430113109E-015   1.4304210696326906E-029   3.9008035961093424E-031  -1.3035975520760708E-031   1.1634518065569469E-029  -9.3455255636655481E-033   1.5715888119388584E-029   1.0516903137343306E-017  -5.5972198805788205E-017   5.1417164856135785E-016  -3.0472938568180972E-015   1.5114196103111996E-015
   7.4059914760480600E-002  -1.4235598347536315E-015  -1.0821128245489444E-016  -2.4175847745711706E-016  0.49303834570621846        9.3461121297486941E-016  -6.5955632159532706E-018   8.7897763212914916E-017   1.0066136894474204E-017  -8.1059649638445957E-018  -1.4844353939970035E-016   3.9015208973793223E-017   3.3653538448560655E-017   1.0516903137343306E-017  0.76128047945944488        1.2326941067470774E-016  -2.3655936150918090E-016  -2.2881537574427025E-017   4.1223568206177244E-016
  -6.2380888424325680E-017   7.4059914760481960E-002  -1.6001669983495370E-016   3.0634140196313244E-016  -3.0230200017552075E-016  0.49303834570621885        6.8868013776511099E-017  -4.2856370235896767E-016  -3.5737701283988698E-017  -8.3632358674545026E-018  -2.2110265305368379E-017  -4.9951638950218042E-017   3.5395733616919232E-018  -5.5972198805788205E-017   1.2326941067470774E-016  0.76128047945944344       -3.4744232705187012E-017  -2.4797090604331962E-016   1.9041882235626867E-018
  -6.0406719322071938E-016  -4.4112397249485173E-016   7.4059914760480905E-002   9.4981072845751701E-016   7.9756622313465142E-017   2.1696660711320197E-016  0.49303834570621774       -2.7175405129669109E-015   7.2505538397459297E-016  -6.4402376114056179E-017   1.5487250315446495E-016   3.4186187447625390E-016  -8.9066589845738579E-018   5.1417164856135785E-016  -2.3655936150918090E-016  -3.4744232705187012E-017  0.76128047945944177        3.2888066538545569E-016   2.9442448505876135E-016
  -2.0400276000239367E-017  -1.9212948523988091E-016  -6.4637508409764110E-016  -8.8618306471815265E-003  -1.8567086665233909E-016   3.6994412900637693E-016   1.3496908346976670E-016  0.60196393299041973       -2.7940941190185226E-015  -7.0442238734620548E-017   3.7393839111032752E-017  -2.3039393163750239E-015   1.3768614589980326E-018  -3.0472938568180972E-015  -2.2881537574427025E-017  -2.4797090604331962E-016   3.2888066538545569E-016  0.60726357589301594      -0.22483043531351130     
  -9.1360042892922741E-017  -5.9407052997044926E-017  -4.6220359161864608E-016   8.4714499485645176E-003  -4.2562657962035788E-016   3.4830483255200176E-017   9.1902500582515815E-016 -0.27815621306089766       -6.6788770325595358E-017   4.4499073381954393E-016  -2.6064689541553379E-016   7.2493425282638831E-019   1.7251738842263576E-017   1.5114196103111996E-015   4.1223568206177244E-016   1.9041882235626867E-018   2.9442448505876135E-016 -0.22483043531351130        2.1001615938101579     
