   3.3022701704370700E-032   6.1955310940493595E-032  -7.0099540610045662E-032   4.0468065637143556E-017  -6.5880362413640586E-032  -9.1285793959439267E-032   7.2913609938297829E-032   1.0509320230982027E-016  -2.5636925945538264E-032   3.8716162634360170E-032  -9.7490914794472466E-032   4.1142273521588535E-017   3.1153207836299700E-031   2.0740527138286748E-032  -1.5860910714084666E-035   3.1708797413467861E-031   9.0472741432519658E-034   2.9791929269925003E-031   6.9172544477008302E-017
   6.1955310940493595E-032   1.2972262108048364E-031  -9.7938823752673189E-032   8.6334893969942046E-017  -1.7450749816052439E-031  -1.4989426592440086E-031   9.2491955560841355E-032   2.2665522334784698E-016   9.9965128270965159E-032   5.5766721247931792E-032  -1.1422779823338187E-031   8.5075687747287365E-017   3.9820829745572198E-031   3.0967362566763392E-033  -3.3433520052445867E-033   4.2964447799981570E-031   1.2915453353211811E-033   4.1162759536420198E-031  -2.9520050191834406E-017
  -7.0099540610045662E-032  -9.7938823752673189E-032   2.3241115887820108E-031  -5.9981819025253176E-017   1.3096035602189079E-032   2.4699031588219368E-031  -2.6509271934793365E-031  -1.4967261447218120E-016   4.2308662223001580E-031  -1.2419107694607507E-031   3.7795546666989288E-031  -6.7697832123513080E-017  -1.1251072071481449E-030  -1.3320463988276454E-031  -8.2168871502844769E-033  -1.0845817651152448E-030  -2.9310636657694667E-033  -9.9920639366464001E-031  -5.4347423066074995E-016
   4.0468065637143556E-017   8.6334893969942046E-017  -5.9981819025253176E-017   5.7629483711367363E-002  -1.2003421735159318E-016  -9.5368693441473293E-017   5.5149416533751062E-017  0.15155070543818500        8.2889546642583542E-017   3.4421117833685435E-017  -6.6450461490572972E-017   5.6507056687201705E-002   2.3796809143979224E-016  -2.2331629599777688E-018  -2.5775650015553681E-018   2.6099850932224934E-016   7.9538674836238643E-019   2.5136274495939837E-016  -3.8211036361022473E-002
  -6.5880362413640586E-032  -1.7450749816052439E-031   1.3096035602189079E-032  -1.2003421735159318E-016   3.2359747547279838E-031   1.0144262549578190E-031   2.1781010240898269E-032  -3.2096482342654234E-016  -5.0777689986096419E-031  -1.3555327993996196E-032  -6.4760793086615837E-032  -1.1185102539265948E-016   8.1641410806598761E-032   9.3821672735261741E-032   1.2540065815701826E-032  -8.7623823229721570E-033  -2.7288789556906692E-034  -3.8265974236709351E-032   4.6333013090172753E-016
  -9.1285793959439267E-032  -1.4989426592440086E-031   2.4699031588219368E-031  -9.5368693441473293E-017   1.0144262549578190E-031   2.8621149040801290E-031  -2.7176782138612109E-031  -2.4378665574406546E-016   3.0550895589842645E-031  -1.3375923689778399E-031   3.7833485759597800E-031  -1.0123245553726280E-016  -1.1563659371028351E-030  -1.1409134030548663E-031  -5.2072852050016993E-033  -1.1384252565865252E-030  -3.1441333348739281E-033  -1.0569966845416680E-030  -4.4365869785321053E-016
   7.2913609938297829E-032   9.2491955560841355E-032  -2.6509271934793365E-031   5.5149416533751062E-017   2.1781010240898269E-032  -2.7176782138612109E-031   3.0654593033979793E-031   1.3517556920841232E-016  -5.4304136863246007E-031   1.4090901262948925E-031  -4.4089073233754226E-031   6.4930569250231083E-017   1.2998145727598518E-030   1.6345973886875874E-031   1.0851173747138947E-032   1.2430491885395164E-030   3.3309769359342675E-033   1.1417658166722745E-030   6.7607443259801868E-016
   1.0509320230982027E-016   2.2665522334784698E-016  -1.4967261447218120E-016  0.15155070543818500       -3.2096482342654234E-016  -2.4378665574406546E-016   1.3517556920841232E-016  0.39892191161286988        2.4214287296530719E-016   8.6326525829022479E-017  -1.6009806803114008E-016  0.14817753026444791        5.8416855834492342E-016  -1.2302320139922729E-017  -7.2954271132357641E-018   6.4779240168843980E-016   1.9918832277449950E-018   6.2602735184800244E-016 -0.12815511639198859     
  -2.5636925945538264E-032   9.9965128270965159E-032   4.2308662223001580E-031   8.2889546642583542E-017  -5.0777689986096419E-031   3.0550895589842645E-031  -5.4304136863246007E-031   2.4214287296530719E-016   1.6455521415361891E-030  -2.1528304704744956E-031   8.2974112639312560E-031   5.4652863469182762E-017  -2.2869917653118910E-030  -4.0933372752234301E-031  -3.6368942613272184E-032  -2.0606002800860580E-030  -5.1583941278112344E-033  -1.8486792934919092E-030  -1.8026928371669764E-015
   3.8716162634360170E-032   5.5766721247931792E-032  -1.2419107694607507E-031   3.4421117833685435E-017  -1.3555327993996196E-032  -1.3375923689778399E-031   1.4090901262948925E-031   8.6326525829022479E-017  -2.1528304704744956E-031   6.6495844576300179E-032  -2.0021618408973531E-031   3.8369208829621249E-017   5.9826577969392286E-031   6.9121163258236535E-032   4.1266755645970973E-033   5.7849312830669360E-031   1.5684292388893234E-033   5.3356893133996306E-031   2.8037823659558271E-016
  -9.7490914794472466E-032  -1.1422779823338187E-031   3.7795546666989288E-031  -6.6450461490572972E-017  -6.4760793086615837E-032   3.7833485759597800E-031  -4.4089073233754226E-031  -1.6009806803114008E-016   8.2974112639312560E-031  -2.0021618408973531E-031   6.3758363211131272E-031  -8.1295639851018422E-017  -1.8683504265263773E-030  -2.4363103242886674E-031  -1.6828563379472120E-032  -1.7777407173789323E-030  -4.7378876903347178E-033  -1.6297537098232006E-030  -1.0154807473303542E-015
   4.1142273521588535E-017   8.5075687747287365E-017  -6.7697832123513080E-017   5.6507056687201705E-002  -1.1185102539265948E-016  -1.0123245553726280E-016   6.4930569250231083E-017  0.14817753026444791        5.4652863469182762E-017   3.8369208829621249E-017  -8.1295639851018422E-017   5.5870836779934797E-002   2.7919296153688373E-016   4.8939113857165092E-018  -1.9576790532843635E-018   2.9840386993978474E-016   8.8982208007729121E-019   2.8501771527730789E-016  -6.9828320918495224E-003
   3.1153207836299700E-031   3.9820829745572198E-031  -1.1251072071481449E-030   2.3796809143979224E-016   8.1641410806598761E-032  -1.1563659371028351E-030   1.2998145727598518E-030   5.8416855834492342E-016  -2.2869917653118910E-030   5.9826577969392286E-031  -1.8683504265263773E-030   2.7919296153688373E-016   5.5118239277811251E-030   6.9036622625198517E-031   4.5619548029873966E-032   5.2740010905673504E-030   1.4140945062658685E-032   4.8452819647776683E-030   2.8528710996012485E-015
   2.0740527138286748E-032   3.0967362566763392E-033  -1.3320463988276454E-031  -2.2331629599777688E-018   9.3821672735261741E-032  -1.1409134030548663E-031   1.6345973886875874E-031  -1.2302320139922729E-017  -4.0933372752234301E-031   6.9121163258236535E-032  -2.4363103242886674E-031   4.8939113857165092E-018   6.9036622625198517E-031   1.0814625768950967E-031   8.7903833907785575E-033   6.3805000873178469E-031   1.6461068616685405E-033   5.7834841811993790E-031   4.6651260259971220E-016
  -1.5860910714084666E-035  -3.3433520052445867E-033  -8.2168871502844769E-033  -2.5775650015553681E-018   1.2540065815701826E-032  -5.2072852050016993E-033   1.0851173747138947E-032  -7.2954271132357641E-018  -3.6368942613272184E-032   4.1266755645970973E-033  -1.6828563379472120E-032  -1.9576790532843635E-018   4.5619548029873966E-032   8.7903833907785575E-033   8.1420287738616822E-034   4.0453816320118879E-032   9.9288977185153026E-035   3.6053371968590507E-032   3.9108371047687746E-017
   3.1708797413467861E-031   4.2964447799981570E-031  -1.0845817651152448E-030   2.6099850932224934E-016  -8.7623823229721570E-033  -1.1384252565865252E-030   1.2430491885395164E-030   6.4779240168843980E-016  -2.0606002800860580E-030   5.7849312830669360E-031  -1.7777407173789323E-030   2.9840386993978474E-016   5.2740010905673504E-030   6.3805000873178469E-031   4.0453816320118879E-032   5.0698535793179063E-030   1.3660783094480609E-032   4.6658723812880710E-030   2.6163000940243072E-015
   9.0472741432519658E-034   1.2915453353211811E-033  -2.9310636657694667E-033   7.9538674836238643E-019  -2.7288789556906692E-034  -3.1441333348739281E-033   3.3309769359342675E-033   1.9918832277449950E-018  -5.1583941278112344E-033   1.5684292388893234E-033  -4.7378876903347178E-033   8.8982208007729121E-019   1.4140945062658685E-032   1.6461068616685405E-033   9.9288977185153026E-035   1.3660783094480609E-032   3.7001184295827131E-035   1.2595517277279274E-032   6.6892346325000882E-018
   2.9791929269925003E-031   4.1162759536420198E-031  -9.9920639366464001E-031   2.5136274495939837E-016  -3.8265974236709351E-032  -1.0569966845416680E-030   1.1417658166722745E-030   6.2602735184800244E-016  -1.8486792934919092E-030   5.3356893133996306E-031  -1.6297537098232006E-030   2.8501771527730789E-016   4.8452819647776683E-030   5.7834841811993790E-031   3.6053371968590507E-032   4.6658723812880710E-030   1.2595517277279274E-032   4.2969005300779759E-030   2.3641581036073695E-015
   6.9172544477008302E-017  -2.9520050191834406E-017  -5.4347423066074995E-016  -3.8211036361022473E-002   4.6333013090172753E-016  -4.4365869785321053E-016   6.7607443259801868E-016 -0.12815511639198859       -1.8026928371669764E-015   2.8037823659558271E-016  -1.0154807473303542E-015  -6.9828320918495224E-003   2.8528710996012485E-015   4.6651260259971220E-016   3.9108371047687746E-017   2.6163000940243072E-015   6.6892346325000882E-018   2.3641581036073695E-015   2.0265871830436946     
