   2.1522370327740226E-005   1.4935671884940146E-018   9.2989990101990483E-019  -3.6357640451882085E-018  -6.2782678715197593E-005  -3.2324922766936774E-018  -2.1063839970029845E-018  -1.4443046093576162E-016   1.5776578721137348E-004   6.8314270123145374E-018   7.6537169194959517E-018  -1.3938975429615451E-016   1.4802453969017682E-019  -4.3132019849429794E-019  -1.7783000680606309E-018  -1.1540790554208339E-018  -1.3877015477292781E-018   6.5032181312967419E-019   6.5279398833785500E-003   3.7637018303161248E-016   3.4227055563417508E-016  -2.8227359190103907E-015  -3.0994385594988816E-015
   1.4935671884940146E-018   2.1522370327792152E-005  -4.6186813404150864E-018   3.4057193755651873E-017  -2.7554471878694430E-018  -6.2782678715283231E-005  -7.3196922891607725E-019   5.1048159006836177E-016   4.2077848512007817E-018   1.5776578721155929E-004  -2.1718154310220225E-018   5.3755466977685144E-016   1.9504460467973758E-018  -6.2908511717205661E-019  -9.2888119196020647E-020   1.3912363846789348E-018  -8.7139008209955898E-020   2.3050071657675460E-018   7.5943425568714177E-017   6.5279398833864265E-003  -1.6218319173834828E-016   5.8360012323705536E-016   5.5177215952105809E-016
   9.2989990101990483E-019  -4.6186813404150864E-018   2.1522370327794399E-005   7.3238699065126757E-018  -3.8561158380139903E-018   1.2906808204720077E-017  -6.2782678715290197E-005  -1.6721285334380974E-016   1.1581885151947063E-018  -3.0742006682301739E-017   1.5776578721157244E-004  -1.2140709618773641E-016   1.0725457070512371E-018   7.6053680165729332E-020  -1.0559971704794515E-018  -1.9825116291618094E-018   3.1434014216721489E-018   2.2483468836666299E-018  -5.6414088353030960E-017  -1.2366678052062580E-015   6.5279398833867604E-003   1.0469969856011964E-015  -3.0900095495911436E-015
  -3.6357640451882085E-018   3.4057193755651873E-017   7.3238699065126757E-018   9.2906126157716337E-004  -9.2247569804703753E-018  -4.3819561189870447E-017  -3.6003755642505453E-017   2.2749666021506170E-002   6.6051541492641962E-018   1.0007157338677574E-016   8.4943758251821834E-017   2.2531769884548244E-002   4.3897001819503601E-018   2.5068279584687531E-018   7.8090991955605031E-019   1.0963502018777425E-017  -2.1575179276109151E-018   1.3206405721001286E-017  -4.1640329737041549E-017   3.8492622122136819E-015   3.5045883498334998E-015  -1.0668293361339592E-002   8.8995441047656819E-004
  -6.2782678715197593E-005  -2.7554471878694430E-018  -3.8561158380139903E-018  -9.2247569804703753E-018   1.8314268766090813E-004   4.7579767978100952E-018   9.4802375911314374E-018  -1.3015086285636754E-016  -4.6021690826383421E-004  -8.1889557153769331E-018  -3.0708901570018841E-017  -1.3590291094660655E-016  -4.3180081821429079E-019   1.2581995864337557E-018   5.1874603090701704E-018   3.3665517991261360E-018   4.0480494990543130E-018  -1.8970468788320729E-018  -1.9042584349644537E-002  -6.1217903364485667E-016  -1.3452717028729095E-015   4.5403443420046730E-015   5.7058864076633600E-015
  -3.2324922766936774E-018  -6.2782678715283231E-005   1.2906808204720077E-017  -4.3819561189870447E-017   4.7579767978100952E-018   1.8314268766096587E-004   3.7871626825370347E-018  -1.0408217305447580E-016  -4.0324451020112697E-018  -4.6021690826389357E-004   2.1842324459922103E-018  -1.9787399573124250E-016  -5.6896255218415632E-018   1.8350975377922140E-018   2.7096294948613790E-019  -4.0583609345046127E-018   2.5419227867026179E-019  -6.7239120097233543E-018   1.1950041405026143E-016  -1.9042584349647541E-002   3.0133911782620956E-016  -8.6787468140299818E-016  -2.7272562908820084E-016
  -2.1063839970029845E-018  -7.3196922891607725E-019  -6.2782678715290197E-005  -3.6003755642505453E-017   9.4802375911314374E-018   3.7871626825370347E-018   1.8314268766098744E-004   6.7296809894616354E-017   1.0652365754008936E-018  -1.4450516497007922E-017  -4.6021690826393504E-004  -3.5644915050560549E-017  -3.1287117314601897E-018  -2.2185538554662505E-019   3.0804381705512521E-018   5.7831636928075841E-018  -9.1695830210282352E-018  -6.5586289004441841E-018   3.4843801428137075E-016  -7.0106423590999959E-016  -1.9042584349648641E-002  -6.6747738812374367E-016   4.4797431373719895E-015
  -1.4443046093576162E-016   5.1048159006836177E-016  -1.6721285334380974E-016   2.2749666021506170E-002  -1.3015086285636754E-016  -1.0408217305447580E-016   6.7296809894616354E-017  0.55754594548381764        1.0341615473227663E-016  -6.0415027281741905E-018  -2.0569651947252404E-016  0.55206553077176423        1.4456931762071199E-016   6.1264357560017302E-017   1.7130045595362343E-017   3.0709721212828037E-016  -5.3797895727967244E-017   3.6559214858436992E-016  -2.1267517590139498E-017  -7.2881922704603747E-015  -5.8347398284307772E-015 -0.26149046795843928        5.2853858051984920E-002
   1.5776578721137348E-004   4.2077848512007817E-018   1.1581885151947063E-018   6.6051541492641962E-018  -4.6021690826383421E-004  -4.0324451020112697E-018   1.0652365754008936E-018   1.0341615473227663E-016   1.1564731595731139E-003   6.6626585927061426E-019   1.4627226677677301E-017   9.7552219273127560E-017   1.0850667317633724E-018  -3.1617135854172343E-018  -1.3035502403468972E-017  -8.4597647893526545E-018  -1.0172291609061530E-017   4.7670647436732159E-018   4.7851865704695039E-002   7.1444391540526932E-016   7.9274152346708861E-016  -3.5065367025755048E-015  -4.4378422220188859E-015
   6.8314270123145374E-018   1.5776578721155929E-004  -3.0742006682301739E-017   1.0007157338677574E-016  -8.1889557153769331E-018  -4.6021690826389357E-004  -1.4450516497007922E-017  -6.0415027281741905E-018   6.6626585927061426E-019   1.1564731595730480E-003   6.9093461852462224E-018   2.3244460358126028E-016   1.4297386918817709E-017  -4.6113930399932075E-018  -6.8089931658879831E-019   1.0198203082799947E-017  -6.3875651323119175E-019   1.6896432153936458E-017  -6.9200336565454263E-016   4.7851865704693679E-002  -2.4423064774488733E-016   7.5696555355083862E-016  -3.5755211038164447E-016
   7.6537169194959517E-018  -2.1718154310220225E-018   1.5776578721157244E-004   8.4943758251821834E-017  -3.0708901570018841E-017   2.1842324459922103E-018  -4.6021690826393504E-004  -2.0569651947252404E-016   1.4627226677677301E-017   6.9093461852462224E-018   1.1564731595731200E-003   2.0674525758446882E-017   7.8620995372112100E-018   5.5749754970816480E-019  -7.7407935258308734E-018  -1.4532437787597893E-017   2.3042127435732516E-017   1.6481094350879988E-017  -1.5958778352628822E-016   5.4506911615971089E-016   4.7851865704695115E-002   7.0440022343162770E-016  -4.6507083700777135E-015
  -1.3938975429615451E-016   5.3755466977685144E-016  -1.2140709618773641E-016   2.2531769884548244E-002  -1.3590291094660655E-016  -1.9787399573124250E-016  -3.5644915050560549E-017  0.55206553077176423        9.7552219273127560E-017   2.3244460358126028E-016   2.0674525758446882E-017  0.54671244193773882        1.3105320252676010E-016   6.1100779958097981E-017   1.8444245388230771E-017   2.9267054829214950E-016  -5.3042404877240029E-017   3.4717063370152407E-016  -6.4834434415356853E-016   2.4842340089871860E-015   2.5482517688344265E-015 -0.25060113813628160        4.1327708728326119E-002
   1.4802453969017682E-019   1.9504460467973758E-018   1.0725457070512371E-018   4.3897001819503601E-018  -4.3180081821429079E-019  -5.6896255218415632E-018  -3.1287117314601897E-018   1.4456931762071199E-016   1.0850667317633724E-018   1.4297386918817709E-017   7.8620995372112100E-018   1.3105320252676010E-016   3.1631708467239352E-030  -6.9326184248021746E-032  -2.5952258311058174E-031   3.0576896826943983E-030   5.6160996536933911E-032   3.7468743963783471E-030   4.4897252564338437E-017   5.9158886058359143E-016   3.2531332707341380E-016  -4.0765773997495373E-016   2.4777213879634910E-015
  -4.3132019849429794E-019  -6.2908511717205661E-019   7.6053680165729332E-020   2.5068279584687531E-018   1.2581995864337557E-018   1.8350975377922140E-018  -2.2185538554662505E-019   6.1264357560017302E-017  -3.1617135854172343E-018  -4.6113930399932075E-018   5.5749754970816480E-019   6.1100779958097981E-017  -6.9326184248021746E-032   3.8718017808054820E-032   4.7912727611687449E-032  -7.2342059476535243E-033   3.5387303968460673E-032  -7.8483389328625685E-032  -1.3082352377458833E-016  -1.9080750697472698E-016   2.3067805472613306E-017   7.0215335247159883E-017  -2.8736966067462483E-017
  -1.7783000680606309E-018  -9.2888119196020647E-020  -1.0559971704794515E-018   7.8090991955605031E-019   5.1874603090701704E-018   2.7096294948613790E-019   3.0804381705512521E-018   1.7130045595362343E-017  -1.3035502403468972E-017  -6.8089931658879831E-019  -7.7407935258308734E-018   1.8444245388230771E-017  -2.5952258311058174E-031   4.7912727611687449E-032   2.3275759072072486E-031   2.9730294756409866E-032  -3.8153099190788152E-032  -4.0966490505946480E-031  -5.3937534584397147E-016  -2.8173851149186855E-017  -3.2029399833419299E-016   2.2081231830408581E-016  -1.8196405492630159E-016
  -1.1540790554208339E-018   1.3912363846789348E-018  -1.9825116291618094E-018   1.0963502018777425E-017   3.3665517991261360E-018  -4.0583609345046127E-018   5.7831636928075841E-018   3.0709721212828037E-016  -8.4597647893526545E-018   1.0198203082799947E-017  -1.4532437787597893E-017   2.9267054829214950E-016   3.0576896826943983E-030  -7.2342059476535243E-033   2.9730294756409866E-032   3.5678244526449962E-030  -3.2362228214062652E-031   3.4702673522041460E-030  -3.5004316809438770E-016   4.2197524456814537E-016  -6.0131465708239602E-016  -2.0374690782213514E-016   2.5182110109476509E-015
  -1.3877015477292781E-018  -8.7139008209955898E-020   3.1434014216721489E-018  -2.1575179276109151E-018   4.0480494990543130E-018   2.5419227867026179E-019  -9.1695830210282352E-018  -5.3797895727967244E-017  -1.0172291609061530E-017  -6.3875651323119175E-019   2.3042127435732516E-017  -5.3042404877240029E-017   5.6160996536933911E-032   3.5387303968460673E-032  -3.8153099190788152E-032  -3.2362228214062652E-031   5.5593879555406833E-031   1.6493300763454195E-031  -4.2090309485912431E-016  -2.6430091036805405E-017   9.5342358659852719E-016   1.4662663428592927E-017  -6.1997632954108634E-017
   6.5032181312967419E-019   2.3050071657675460E-018   2.2483468836666299E-018   1.3206405721001286E-017  -1.8970468788320729E-018  -6.7239120097233543E-018  -6.5586289004441841E-018   3.6559214858436992E-016   4.7670647436732159E-018   1.6896432153936458E-017   1.6481094350879988E-017   3.4717063370152407E-016   3.7468743963783471E-030  -7.8483389328625685E-032  -4.0966490505946480E-031   3.4702673522041460E-030   1.6493300763454195E-031   4.6020182113757916E-030   1.9724879910252593E-016   6.9913062454225564E-016   6.8194502139256361E-016  -8.4108905357246360E-016   2.8953359772685693E-015
   6.5279398833785500E-003   7.5943425568714177E-017  -5.6414088353030960E-017  -4.1640329737041549E-017  -1.9042584349644537E-002   1.1950041405026143E-016   3.4843801428137075E-016  -2.1267517590139498E-017   4.7851865704695039E-002  -6.9200336565454263E-016  -1.5958778352628822E-016  -6.4834434415356853E-016   4.4897252564338437E-017  -1.3082352377458833E-016  -5.3937534584397147E-016  -3.5004316809438770E-016  -4.2090309485912431E-016   1.9724879910252593E-016   1.9799863338509278       -2.1216820076004626E-016   1.1551632046746811E-015   1.5831728801032926E-015   2.0161383684575789E-015
   3.7637018303161248E-016   6.5279398833864265E-003  -1.2366678052062580E-015   3.8492622122136819E-015  -6.1217903364485667E-016  -1.9042584349647541E-002  -7.0106423590999959E-016  -7.2881922704603747E-015   7.1444391540526932E-016   4.7851865704693679E-002   5.4506911615971089E-016   2.4842340089871860E-015   5.9158886058359143E-016  -1.9080750697472698E-016  -2.8173851149186855E-017   4.2197524456814537E-016  -2.6430091036805405E-017   6.9913062454225564E-016  -2.1216820076004626E-016   1.9799863338509283        6.1848990555793384E-016   4.0008054555382190E-016  -6.3634584779228838E-016
   3.4227055563417508E-016  -1.6218319173834828E-016   6.5279398833867604E-003   3.5045883498334998E-015  -1.3452717028729095E-015   3.0133911782620956E-016  -1.9042584349648641E-002  -5.8347398284307772E-015   7.9274152346708861E-016  -2.4423064774488733E-016   4.7851865704695115E-002   2.5482517688344265E-015   3.2531332707341380E-016   2.3067805472613306E-017  -3.2029399833419299E-016  -6.0131465708239602E-016   9.5342358659852719E-016   6.8194502139256361E-016   1.1551632046746811E-015   6.1848990555793384E-016   1.9799863338509243        8.3955892312585234E-016   2.7554109750235780E-015
  -2.8227359190103907E-015   5.8360012323705536E-016   1.0469969856011964E-015  -1.0668293361339592E-002   4.5403443420046730E-015  -8.6787468140299818E-016  -6.6747738812374367E-016 -0.26149046795843928       -3.5065367025755048E-015   7.5696555355083862E-016   7.0440022343162770E-016 -0.25060113813628160       -4.0765773997495373E-016   7.0215335247159883E-017   2.2081231830408581E-016  -2.0374690782213514E-016   1.4662663428592927E-017  -8.4108905357246360E-016   1.5831728801032926E-015   4.0008054555382190E-016   8.3955892312585234E-016   2.2395884984382697      -0.52793654817298652     
  -3.0994385594988816E-015   5.5177215952105809E-016  -3.0900095495911436E-015   8.8995441047656819E-004   5.7058864076633600E-015  -2.7272562908820084E-016   4.4797431373719895E-015   5.2853858051984920E-002  -4.4378422220188859E-015  -3.5755211038164447E-016  -4.6507083700777135E-015   4.1327708728326119E-002   2.4777213879634910E-015  -2.8736966067462483E-017  -1.8196405492630159E-016   2.5182110109476509E-015  -6.1997632954108634E-017   2.8953359772685693E-015   2.0161383684575789E-015  -6.3634584779228838E-016   2.7554109750235780E-015 -0.52793654817298652        2.1246106871233827     
