   1.6830961725758212E-002   1.9444329518492158E-017   1.5595464745727626E-017  -5.3920915877216191E-017   5.8811943483844595E-002   1.0088286809762850E-016   1.7400576659621408E-016   1.6518291684399384E-016  -6.0427410668947286E-018   1.6039809728718798E-018   8.3968917786132355E-018  -7.2599182742026733E-018   2.9368724675213428E-018  -5.7108183008502971E-018   8.0233138819236993E-002   1.6623640982708314E-016   1.5086059131249045E-016   6.6569111056214706E-017  -3.1153300235287281E-016
   1.9444329518492158E-017   1.6830961725758403E-002   6.5764061541297419E-017   1.0764052568108031E-017  -7.4843579756483934E-017   5.8811943483845101E-002   1.3089750705336416E-016  -5.4152069419079710E-017   8.9711137285847104E-018   1.5503675652936215E-018   4.6528819860921124E-019   1.4217645278869585E-017   8.8758780836857335E-019   1.4286560245106134E-017  -5.6840569441973328E-017   8.0233138819237521E-002   1.7309626496909985E-016  -1.6592107643956563E-017  -3.6938011854455555E-016
   1.5595464745727626E-017   6.5764061541297419E-017   1.6830961725757525E-002   1.2840094962355582E-016  -1.6365036529955653E-016   5.2624039430541507E-017   5.8811943483843811E-002  -5.6081777474496769E-016   1.2631612234857560E-017  -2.2901939041110455E-018   4.8662753152260389E-018  -7.9878123885658392E-019   2.2388569309234148E-018   5.3690197746753966E-019  -2.2346380862815599E-016   9.0028590864818128E-017   8.0233138819235397E-002  -4.0188080097939269E-016   7.4025769665266699E-016
  -5.3920915877216191E-017   1.0764052568108031E-017   1.2840094962355582E-016   1.1725962752703756E-004  -1.8199946748650150E-016   4.0562163485796985E-017   4.2478086017363091E-016  -7.9087198357401314E-003  -1.0838614857151661E-017  -4.8766573228755181E-019   1.4350612430760956E-018  -1.5030290942630537E-017   1.9612519502512395E-019  -8.7421310954526142E-018  -2.4774613084556358E-016   5.8446452152989249E-017   5.7235495353054404E-016  -7.9430154546818420E-003   7.9471553860706590E-003
   5.8811943483844595E-002  -7.4843579756483934E-017  -1.6365036529955653E-016  -1.8199946748650150E-016  0.20550487563960726       -1.4642520916331191E-016  -1.5423622936553547E-016   4.0580227203698331E-016  -2.1114975597017338E-017   5.6047443908882669E-018   2.9341016441621027E-017  -2.5368122760704215E-017   1.0262228647028863E-017  -1.9955147461484661E-017  0.28035633986065966       -9.9793398439002060E-017  -5.1275054758744346E-016   1.0711001930554879E-016   8.1254087116773041E-016
   1.0088286809762850E-016   5.8811943483845101E-002   5.2624039430541507E-017   4.0562163485796985E-017  -1.4642520916331191E-016  0.20550487563960848       -1.6169858963084598E-016  -2.7758195446053541E-016   3.1347503618002357E-017   5.4174046091311396E-018   1.6258431149794585E-018   4.9680307295485426E-017   3.1014724454415778E-018   4.9921114871757085E-017  -4.1598105677013707E-017  0.28035633986066077       -2.3973742912727913E-016  -1.2698203502981108E-016  -4.7015409155537477E-016
   1.7400576659621408E-016   1.3089750705336416E-016   5.8811943483843811E-002   4.2478086017363091E-016  -1.5423622936553547E-016  -1.6169858963084598E-016  0.20550487563961015       -4.7974688648919941E-016   4.4138277834082849E-017  -8.0025584188390352E-018   1.7004085297033766E-017  -2.7911582143074054E-018   7.8231731160302481E-018   1.8760810742551130E-018  -2.1113397353144871E-016  -1.5687050183149635E-016  0.28035633986066177        5.8625109457946600E-017   2.3151429491307241E-016
   1.6518291684399384E-016  -5.4152069419079710E-017  -5.6081777474496769E-016  -7.9087198357401314E-003   4.0580227203698331E-016  -2.7758195446053541E-016  -4.7974688648919941E-016  0.58265721770466627        9.1219457931029664E-016  -1.6997071654961674E-017  -4.2877404860647295E-017   1.0755087940218943E-015  -3.2755963077960835E-017   7.4428545107711772E-016   2.0905423470017689E-016  -4.0874185438702029E-016  -2.1567311635035838E-016  0.59397364284917420      -0.25962152418920420     
  -6.0427410668947286E-018   8.9711137285847104E-018   1.2631612234857560E-017  -1.0838614857151661E-017  -2.1114975597017338E-017   3.1347503618002357E-017   4.4138277834082849E-017   9.1219457931029664E-016   1.6848101278639700E-030  -1.3993374737443809E-031   6.6584344012586166E-032   1.6261381095812988E-030  -8.8874194129872580E-032   1.3871348324760603E-030  -2.8805726658322896E-017   4.2765269440732289E-017   6.0214853700198222E-017   9.4848829091393250E-016   2.8225566326366885E-016
   1.6039809728718798E-018   1.5503675652936215E-018  -2.2901939041110455E-018  -4.8766573228755181E-019   5.6047443908882669E-018   5.4174046091311396E-018  -8.0025584188390352E-018  -1.6997071654961674E-017  -1.3993374737443809E-031   5.3176555056208317E-032  -6.0404850365240098E-032   6.5457558673732649E-034   1.9024946736037353E-032  -1.1962962573139342E-031   7.6461719868860271E-018   7.3905970504745991E-018  -1.0917346758046387E-017  -2.5975573977638002E-017  -3.1305198914463212E-016
   8.3968917786132355E-018   4.6528819860921124E-019   4.8662753152260389E-018   1.4350612430760956E-018   2.9341016441621027E-017   1.6258431149794585E-018   1.7004085297033766E-017  -4.2877404860647295E-017   6.6584344012586166E-032  -6.0404850365240098E-032   8.2194532026143402E-032  -1.1977722577200590E-031  -1.6841979486750218E-032   6.0035226581852638E-032   4.0027955306471783E-017   2.2180273021974769E-018   2.3197518315404811E-017  -3.3440320744056557E-017   3.9984447982693638E-016
  -7.2599182742026733E-018   1.4217645278869585E-017  -7.9878123885658392E-019  -1.5030290942630537E-017  -2.5368122760704215E-017   4.9680307295485426E-017  -2.7911582143074054E-018   1.0755087940218943E-015   1.6261381095812988E-030   6.5457558673732649E-034  -1.1977722577200590E-031   2.0192442710745410E-030  -5.0258843864105681E-032   1.3290790594184660E-030  -3.4608006375476399E-017   6.7775467969630286E-017  -3.8077875208535147E-018   1.0911986985535183E-015  -6.7196230091421037E-016
   2.9368724675213428E-018   8.8758780836857335E-019   2.2388569309234148E-018   1.9612519502512395E-019   1.0262228647028863E-017   3.1014724454415778E-018   7.8231731160302481E-018  -3.2755963077960835E-017  -8.8874194129872580E-032   1.9024946736037353E-032  -1.6841979486750218E-032  -5.0258843864105681E-032   8.9291246281574809E-033  -7.6125845327772391E-032   1.4000061328665349E-017   4.2311281436823148E-018   1.0672623576838496E-017  -3.6383662260531269E-017  -9.6310175655828092E-017
  -5.7108183008502971E-018   1.4286560245106134E-017   5.3690197746753966E-019  -8.7421310954526142E-018  -1.9955147461484661E-017   4.9921114871757085E-017   1.8760810742551130E-018   7.4428545107711772E-016   1.3871348324760603E-030  -1.1962962573139342E-031   6.0035226581852638E-032   1.3290790594184660E-030  -7.6125845327772391E-032   1.1515895926501550E-030  -2.7223451931587781E-017   6.8103985385502874E-017   2.5594099489030812E-018   7.7511928382431927E-016   2.7555833441507891E-016
   8.0233138819236993E-002  -5.6840569441973328E-017  -2.2346380862815599E-016  -2.4774613084556358E-016  0.28035633986065966       -4.1598105677013707E-017  -2.1113397353144871E-016   2.0905423470017689E-016  -2.8805726658322896E-017   7.6461719868860271E-018   4.0027955306471783E-017  -3.4608006375476399E-017   1.4000061328665349E-017  -2.7223451931587781E-017  0.38247110709872173        7.9630732041679151E-017  -7.0049285924751736E-016  -2.5488494690799362E-016  -5.8281621498932017E-016
   1.6623640982708314E-016   8.0233138819237521E-002   9.0028590864818128E-017   5.8446452152989249E-017  -9.9793398439002060E-017  0.28035633986066077       -1.5687050183149635E-016  -4.0874185438702029E-016   4.2765269440732289E-017   7.3905970504745991E-018   2.2180273021974769E-018   6.7775467969630286E-017   4.2311281436823148E-018   6.8103985385502874E-017   7.9630732041679151E-017  0.38247110709872240       -2.4012367615122729E-016  -1.7134008134564660E-016   5.7807738142172880E-016
   1.5086059131249045E-016   1.7309626496909985E-016   8.0233138819235397E-002   5.7235495353054404E-016  -5.1275054758744346E-016  -2.3973742912727913E-016  0.28035633986066177       -2.1567311635035838E-016   6.0214853700198222E-017  -1.0917346758046387E-017   2.3197518315404811E-017  -3.8077875208535147E-018   1.0672623576838496E-017   2.5594099489030812E-018  -7.0049285924751736E-016  -2.4012367615122729E-016  0.38247110709872206        5.1300614118900442E-016  -4.1012574081938040E-016
   6.6569111056214706E-017  -1.6592107643956563E-017  -4.0188080097939269E-016  -7.9430154546818420E-003   1.0711001930554879E-016  -1.2698203502981108E-016   5.8625109457946600E-017  0.59397364284917420        9.4848829091393250E-016  -2.5975573977638002E-017  -3.3440320744056557E-017   1.0911986985535183E-015  -3.6383662260531269E-017   7.7511928382431927E-016  -2.5488494690799362E-016  -1.7134008134564660E-016   5.1300614118900442E-016  0.60694618504989117      -0.21141424461252542     
  -3.1153300235287281E-016  -3.6938011854455555E-016   7.4025769665266699E-016   7.9471553860706590E-003   8.1254087116773041E-016  -4.7015409155537477E-016   2.3151429491307241E-016 -0.25962152418920420        2.8225566326366885E-016  -3.1305198914463212E-016   3.9984447982693638E-016  -6.7196230091421037E-016  -9.6310175655828092E-017   2.7555833441507891E-016  -5.8281621498932017E-016   5.7807738142172880E-016  -4.1012574081938040E-016 -0.21141424461252542        2.0898327856473045     
