   5.0673098770022563E-003   1.0217573981452026E-017  -3.2318383283810219E-017   1.6445755684285958E-019   4.3360620080466684E-002   4.2228877877944387E-016  -8.1513792162543966E-017   1.4328717414371384E-016   4.0813553116229362E-018   4.1033130127977707E-018  -7.9024530372484735E-018  -1.5062046100017660E-018   8.3638890122352585E-019  -3.6666860332607113E-018   6.9712712791006132E-002   6.1527087595590228E-016  -1.3725321877308683E-016   1.4929805888017929E-016   1.2110115341170521E-016
   1.0217573981452026E-017   5.0673098770015234E-003   1.4210663535978060E-017   2.2981753059200753E-017  -3.0816682542090010E-016   4.3360620080463701E-002   7.1630571202130775E-017  -2.6774572699246616E-016   4.5089622614168280E-017  -1.3360900839529139E-018   2.0040207224320883E-018   3.8395757756972622E-017   3.8088999422270819E-018   3.8527205350470610E-017  -4.8656926211362546E-016   6.9712712791001247E-002   1.0438093839390854E-016  -6.5147334184826733E-017   2.3646714852483079E-016
  -3.2318383283810219E-017   1.4210663535978060E-017   5.0673098770024835E-003  -2.3734660734036135E-016  -1.5656789931108982E-016   5.1371300035428973E-017   4.3360620080467635E-002   1.3545872143057392E-015  -3.6831466777354290E-016  -6.6755841010164248E-018  -4.9438865346600352E-018  -3.6957166906075061E-016  -1.1056607676966443E-018  -4.0249577454535476E-016  -3.0847203521459747E-016   1.0063745270887070E-016   6.9712712791007922E-002  -5.6966266273579258E-016   8.7557176555907995E-016
   1.6445755684285958E-019   2.2981753059200753E-017  -2.3734660734036135E-016   1.3637746405458686E-004   1.8062711290097125E-017   1.7580844204493575E-016  -2.0466484376765791E-015  -8.8533755075024291E-003   3.9174639789117760E-016   2.5267101184333485E-019  -3.0055931222736822E-018   3.9184694592383402E-016  -2.5862600214034732E-018   3.9197271294677669E-016   2.6255749314094495E-017   2.8515699185594293E-016  -3.2929839856253393E-015  -8.6524015159453547E-003   8.0727492781261217E-003
   4.3360620080466684E-002  -3.0816682542090010E-016  -1.5656789931108982E-016   1.8062711290097125E-017  0.37103382650733713        2.2839189925484061E-016   3.2913836857818152E-016  -1.7124720939126134E-016   3.4923875069124129E-017   3.5111765599070667E-017  -6.7620743978374768E-017  -1.2888488654275543E-017   7.1569219695961922E-018  -3.1375578739296204E-017  0.59652686089482698       -1.7754519964543461E-016   4.7611383151985320E-016  -1.5383417297656122E-016  -1.0901885552878899E-016
   4.2228877877944387E-016   4.3360620080463701E-002   5.1371300035428973E-017   1.7580844204493575E-016   2.2839189925484061E-016  0.37103382650733968        1.1999330119877985E-017  -1.1274050261883257E-015   3.8582878158245234E-016  -1.1432830422803507E-017   1.7148266691394038E-017   3.2854984305529454E-016   3.2592493320566172E-017   3.2967463101981566E-016   4.4321221311229919E-016  0.59652686089483031       -7.2974932430612169E-017   5.4038172782895174E-016  -4.8828543962966681E-016
  -8.1513792162543966E-017   7.1630571202130775E-017   4.3360620080467635E-002  -2.0466484376765791E-015   3.2913836857818152E-016   1.1999330119877985E-017  0.37103382650733674        1.1336435163469716E-014  -3.1516431335435023E-015  -5.7122511361118820E-017  -4.2304495077992234E-017  -3.1623992066036150E-015  -9.4610627038127492E-018  -3.4441284996721712E-015   4.3551046016027106E-017   1.7370591693288608E-016  0.59652686089482865       -5.3882585813432842E-015  -2.0207341592852187E-015
   1.4328717414371384E-016  -2.6774572699246616E-016   1.3545872143057392E-015  -8.8533755075024291E-003  -1.7124720939126134E-016  -1.1274050261883257E-015   1.1336435163469716E-014  0.61048663171737827       -2.7846886593696788E-014  -8.6124615786596494E-018   8.2250193908915544E-017  -2.7873014228105377E-014   1.6380748870495205E-016  -2.7554166570922645E-014  -2.3424943810572272E-017  -1.8505766078156891E-015   1.8753114907585560E-014  0.60406181570992035      -0.28309676502453501     
   4.0813553116229362E-018   4.5089622614168280E-017  -3.6831466777354290E-016   3.9174639789117760E-016   3.4923875069124129E-017   3.8582878158245234E-016  -3.1516431335435023E-015  -2.7846886593696788E-014   1.3157077157717706E-027   6.7594751149329231E-031  -6.3521073384784292E-031   1.3173484289789481E-027  -7.0378895520837685E-030   1.2980026768764247E-027   5.6148599068102925E-017   6.2031333931679548E-016  -5.0670306877701431E-015  -2.7717104349064588E-014   6.9042294407377623E-015
   4.1033130127977707E-018  -1.3360900839529139E-018  -6.6755841010164248E-018   2.5267101184333485E-019   3.5111765599070667E-017  -1.1432830422803507E-017  -5.7122511361118820E-017  -8.6124615786596494E-018   6.7594751149329231E-031   1.4635478766404618E-032  -3.0584349262497576E-032   6.7075793227330784E-031  -4.5530804216312010E-033   7.8385804027320949E-031   5.6450678663052958E-017  -1.8381047645862004E-017  -9.1838290620123759E-017  -6.7967281391727564E-018   6.7480246878021085E-017
  -7.9024530372484735E-018   2.0040207224320883E-018  -4.9438865346600352E-018  -3.0055931222736822E-018  -6.7620743978374768E-017   1.7148266691394038E-017  -4.2304495077992234E-017   8.2250193908915544E-017  -6.3521073384784292E-031  -3.0584349262497576E-032   4.4059949597738450E-031  -5.6823890965192449E-031   7.1187408151859300E-032  -1.5681275709250421E-030  -1.0871674563072497E-016   2.7569997580805942E-017  -6.8014735713367181E-017   5.6909441010488984E-017  -9.3886847084543119E-016
  -1.5062046100017660E-018   3.8395757756972622E-017  -3.6957166906075061E-016   3.9184694592383402E-016  -1.2888488654275543E-017   3.2854984305529454E-016  -3.1623992066036150E-015  -2.7873014228105377E-014   1.3173484289789481E-027   6.7075793227330784E-031  -5.6823890965192449E-031   1.3190152803776467E-027  -7.0432341676916814E-030   1.2995006679230868E-027  -2.0721371285711475E-017   5.2822355408984807E-016  -5.0843236838252550E-015  -2.7746715247985431E-014   6.7780359905730096E-015
   8.3638890122352585E-019   3.8088999422270819E-018  -1.1056607676966443E-018  -2.5862600214034732E-018   7.1569219695961922E-018   3.2592493320566172E-017  -9.4610627038127492E-018   1.6380748870495205E-016  -7.0378895520837685E-030  -4.5530804216312010E-033   7.1187408151859300E-032  -7.0432341676916814E-030   5.2755615596889087E-032  -7.0760935650923693E-030   1.1506487794875053E-017   5.2400337490167976E-017  -1.5210952835651930E-017   1.5923885677078976E-016  -1.8065140895525787E-016
  -3.6666860332607113E-018   3.8527205350470610E-017  -4.0249577454535476E-016   3.9197271294677669E-016  -3.1375578739296204E-017   3.2967463101981566E-016  -3.4441284996721712E-015  -2.7554166570922645E-014   1.2980026768764247E-027   7.8385804027320949E-031  -1.5681275709250421E-030   1.2995006679230868E-027  -7.0760935650923693E-030   1.2831929557551349E-027  -5.0443852169213344E-017   5.3003192353142824E-016  -5.5372718486820799E-015  -2.7367095002871277E-014   8.9902052076556780E-015
   6.9712712791006132E-002  -4.8656926211362546E-016  -3.0847203521459747E-016   2.6255749314094495E-017  0.59652686089482698        4.4321221311229919E-016   4.3551046016027106E-017  -2.3424943810572272E-017   5.6148599068102925E-017   5.6450678663052958E-017  -1.0871674563072497E-016  -2.0721371285711475E-017   1.1506487794875053E-017  -5.0443852169213344E-017  0.95906160125268114       -1.6323161338625781E-016  -1.5280474368467578E-017   1.3647106210703278E-017   1.3950212964138653E-016
   6.1527087595590228E-016   6.9712712791001247E-002   1.0063745270887070E-016   2.8515699185594293E-016  -1.7754519964543461E-016  0.59652686089483031        1.7370591693288608E-016  -1.8505766078156891E-015   6.2031333931679548E-016  -1.8381047645862004E-017   2.7569997580805942E-017   5.2822355408984807E-016   5.2400337490167976E-017   5.3003192353142824E-016  -1.6323161338625781E-016  0.95906160125268514        1.3093400887943492E-016   8.5753898878121731E-016   2.0208823076872308E-016
  -1.3725321877308683E-016   1.0438093839390854E-016   6.9712712791007922E-002  -3.2929839856253393E-015   4.7611383151985320E-016  -7.2974932430612169E-017  0.59652686089482865        1.8753114907585560E-014  -5.0670306877701431E-015  -9.1838290620123759E-017  -6.8014735713367181E-017  -5.0843236838252550E-015  -1.5210952835651930E-017  -5.5372718486820799E-015  -1.5280474368467578E-017   1.3093400887943492E-016  0.95906160125268747       -8.0719948573481348E-015  -9.3777711025141249E-016
   1.4929805888017929E-016  -6.5147334184826733E-017  -5.6966266273579258E-016  -8.6524015159453547E-003  -1.5383417297656122E-016   5.4038172782895174E-016  -5.3882585813432842E-015  0.60406181570992035       -2.7717104349064588E-014  -6.7967281391727564E-018   5.6909441010488984E-017  -2.7746715247985431E-014   1.5923885677078976E-016  -2.7367095002871277E-014   1.3647106210703278E-017   8.5753898878121731E-016  -8.0719948573481348E-015  0.59916006815619438      -0.22655426677922208     
   1.2110115341170521E-016   2.3646714852483079E-016   8.7557176555907995E-016   8.0727492781261217E-003  -1.0901885552878899E-016  -4.8828543962966681E-016  -2.0207341592852187E-015 -0.28309676502453501        6.9042294407377623E-015   6.7480246878021085E-017  -9.3886847084543119E-016   6.7780359905730096E-015  -1.8065140895525787E-016   8.9902052076556780E-015   1.3950212964138653E-016   2.0208823076872308E-016  -9.3777711025141249E-016 -0.22655426677922208        2.1024944553879141     
