   8.5719497374140141E-003   6.2538136561678640E-017  -3.6800828701119787E-017  -7.3492496096900418E-018   4.7248914332217160E-002   2.0018211986776721E-016  -5.6954213029064036E-017   3.2484695298320906E-016   4.9919308100962353E-019  -1.2000759992130564E-018  -8.5421053302734252E-018  -8.2269973882045930E-019   1.2997385524422833E-018  -1.1457326912456627E-018   7.0843241509026933E-002   2.5698527868790252E-016  -9.7119668354915655E-017   3.0503745371847459E-016  -1.0642832963559770E-015
   6.2538136561678640E-017   8.5719497374143055E-003  -2.5318104196354763E-016   9.7362421895216189E-017   1.7230908901678598E-016   4.7248914332217895E-002  -1.9892060546498829E-016  -7.9195093835542934E-016  -1.3172124419429652E-018  -1.2674544732212082E-018   1.1117314429449028E-018   2.2947583991077491E-018  -7.3561599857001825E-019   2.2722021679331551E-018   2.1206542742911254E-016   7.0843241509028015E-002  -4.6098299963873247E-016  -7.4560361721578186E-016   1.3320901738706911E-015
  -3.6800828701119787E-017  -2.5318104196354763E-016   8.5719497374151868E-003  -3.2275086369913817E-017  -1.2331557397033404E-016  -1.0636994576528978E-015   4.7248914332220004E-002  -2.5757698146210033E-016  -4.2301831743428167E-018  -1.6253458076783065E-018   3.1920237760722697E-018  -3.0408340634609404E-021  -2.7363388659153714E-018   5.8594317310973366E-020  -1.8027797498455278E-016  -1.6165471332417820E-015   7.0843241509031915E-002  -4.2205279190572787E-016  -2.3640694322287643E-015
  -7.3492496096900418E-018   9.7362421895216189E-017  -3.2275086369913817E-017   4.2848713933196195E-004   3.4527602304800107E-017   3.8649175998778994E-016  -1.9463497755537676E-016  -1.5302169590792917E-002   8.3523808365938117E-018  -3.3875226427129116E-018  -1.6602042218810408E-018   1.6936755731080298E-017   3.2412519216563509E-018   1.8439273811603749E-017   2.7339902412619733E-017   6.2461115094979592E-016  -2.6381295855559475E-016  -1.6370935360356793E-002   1.1689915115310074E-002
   4.7248914332217160E-002   1.7230908901678598E-016  -1.2331557397033404E-016   3.4527602304800107E-017  0.26043782032799057        1.5311645180926403E-016   1.2444608061060247E-016  -4.4684578956312540E-016   2.7515713276986629E-018  -6.6148647409217171E-018  -4.7084410820242384E-017  -4.5347523808911214E-018   7.1642085406293015E-018  -6.3153223519216403E-018  0.39049065284024725       -8.3302866919301440E-018   1.2196822689556820E-016  -5.6040146223211519E-016   1.2421679051964775E-015
   2.0018211986776721E-016   4.7248914332217895E-002  -1.0636994576528978E-015   3.8649175998778994E-016   1.5311645180926403E-016  0.26043782032798968        7.3267898186591734E-016   6.0933070944694545E-016  -7.2605252869292872E-018  -6.9862574629688934E-018   6.1279061727199995E-018   1.2648795937202312E-017  -4.0547434787380971E-018   1.2524465129500981E-017  -2.5587171270657865E-017  0.39049065284024609        2.0158706518294357E-016   1.0788481537489022E-015  -1.1991800394963660E-015
  -5.6954213029064036E-017  -1.9892060546498829E-016   4.7248914332220004E-002  -1.9463497755537676E-016   1.2444608061060247E-016   7.3267898186591734E-016  0.26043782032798612        4.8129557681358438E-016  -2.3316931215953179E-017  -8.9589681670700732E-018   1.7594556963363415E-017  -1.6761193485643309E-020  -1.5082804335079781E-017   3.2297411485657111E-019   2.1203154611122219E-016   9.7905714929967068E-016  0.39049065284024476        1.5513863492022081E-016   1.4284629762609218E-015
   3.2484695298320906E-016  -7.9195093835542934E-016  -2.5757698146210033E-016  -1.5302169590792917E-002  -4.4684578956312540E-016   6.0933070944694545E-016   4.8129557681358438E-016  0.56003297903455584       -4.5035132584365409E-017   1.1911307179405414E-016   4.8189568278318332E-017  -5.2234193209870396E-016  -1.2858080691799875E-016  -5.8664194147687151E-016   6.8661573770801735E-017  -6.2109085234275147E-016  -4.9321233586965146E-016  0.60380513876709474      -0.26229677074010466     
   4.9919308100962353E-019  -1.3172124419429652E-018  -4.2301831743428167E-018   8.3523808365938117E-018   2.7515713276986629E-018  -7.2605252869292872E-018  -2.3316931215953179E-017  -4.5035132584365409E-017   4.8945315002497878E-030  -9.9886183274280839E-032  -2.4189555352936687E-031   1.8705361365607604E-030  -1.7486236903197721E-031   1.7010385179189472E-030   4.1256023519764713E-018  -1.0886157992280003E-017  -3.4960527934395104E-017   3.8792904967120584E-017   3.1257740011290173E-015
  -1.2000759992130564E-018  -1.2674544732212082E-018  -1.6253458076783065E-018  -3.3875226427129116E-018  -6.6148647409217171E-018  -6.9862574629688934E-018  -8.9589681670700732E-018   1.1911307179405414E-016  -9.9886183274280839E-032   2.7700381132869187E-032   1.5075929464263834E-032  -1.4545305787106015E-031  -2.3417014863913889E-032  -1.5583317351927120E-031  -9.9180789022092191E-018  -1.0474931153198825E-017  -1.3432739238596198E-017   1.2679279018521133E-016  -1.1372970087138052E-016
  -8.5421053302734252E-018   1.1117314429449028E-018   3.1920237760722697E-018  -1.6602042218810408E-018  -4.7084410820242384E-017   6.1279061727199995E-018   1.7594556963363415E-017   4.8189568278318332E-017  -2.4189555352936687E-031   1.5075929464263834E-032   2.5363322526964594E-032  -1.3203940304898485E-031  -4.4671261698788935E-033  -1.2880828879948870E-031  -7.0596591142714153E-017   9.1879515767548662E-018   2.6380615635648433E-017   4.7743268167046407E-017  -1.7230889783099293E-016
  -8.2269973882045930E-019   2.2947583991077491E-018  -3.0408340634609404E-021   1.6936755731080298E-017  -4.5347523808911214E-018   1.2648795937202312E-017  -1.6761193485643309E-020  -5.2234193209870396E-016   1.8705361365607604E-030  -1.4545305787106015E-031  -1.3203940304898485E-031   1.1721247184947303E-030   4.9742338777378463E-032   1.1667919921500114E-030  -6.7992368214932106E-018   1.8965127940870502E-017  -2.5131101843849633E-020  -5.3048933145293426E-016   1.4061743947063153E-015
   1.2997385524422833E-018  -7.3561599857001825E-019  -2.7363388659153714E-018   3.2412519216563509E-018   7.1642085406293015E-018  -4.0547434787380971E-018  -1.5082804335079781E-017  -1.2858080691799875E-016  -1.7486236903197721E-031  -2.3417014863913889E-032  -4.4671261698788935E-033   4.9742338777378463E-032   3.7788624399613912E-032   7.1109062337602401E-032   1.0741744292709893E-017  -6.0795295634024151E-018  -2.2614588403671918E-017  -1.4196732027699269E-016  -5.8374960897006433E-017
  -1.1457326912456627E-018   2.2722021679331551E-018   5.8594317310973366E-020   1.8439273811603749E-017  -6.3153223519216403E-018   1.2524465129500981E-017   3.2297411485657111E-019  -5.8664194147687151E-016   1.7010385179189472E-030  -1.5583317351927120E-031  -1.2880828879948870E-031   1.1667919921500114E-030   7.1109062337602401E-032   1.1750921189216888E-030  -9.4689563328137993E-018   1.8778711013381715E-017   4.8425521608966371E-019  -6.0293513462710711E-016   1.3253893747894849E-015
   7.0843241509026933E-002   2.1206542742911254E-016  -1.8027797498455278E-016   2.7339902412619733E-017  0.39049065284024725       -2.5587171270657865E-017   2.1203154611122219E-016   6.8661573770801735E-017   4.1256023519764713E-018  -9.9180789022092191E-018  -7.0596591142714153E-017  -6.7992368214932106E-018   1.0741744292709893E-017  -9.4689563328137993E-018  0.58548696868822026       -3.9504713158130167E-016   2.2101913037022218E-016  -9.5955121043063913E-017  -3.3490184527226444E-016
   2.5698527868790252E-016   7.0843241509028015E-002  -1.6165471332417820E-015   6.2461115094979592E-016  -8.3302866919301440E-018  0.39049065284024609        9.7905714929967068E-016  -6.2109085234275147E-016  -1.0886157992280003E-017  -1.0474931153198825E-017   9.1879515767548662E-018   1.8965127940870502E-017  -6.0795295634024151E-018   1.8778711013381715E-017  -3.9504713158130167E-016  0.58548696868821837        1.2308856914046895E-016   2.0137401443006270E-018   3.0983095762341815E-016
  -9.7119668354915655E-017  -4.6098299963873247E-016   7.0843241509031915E-002  -2.6381295855559475E-016   1.2196822689556820E-016   2.0158706518294357E-016  0.39049065284024476       -4.9321233586965146E-016  -3.4960527934395104E-017  -1.3432739238596198E-017   2.6380615635648433E-017  -2.5131101843849633E-020  -2.2614588403671918E-017   4.8425521608966371E-019   2.2101913037022218E-016   1.2308856914046895E-016  0.58548696868822248       -1.1407087124346194E-015   4.5315348050476689E-016
   3.0503745371847459E-016  -7.4560361721578186E-016  -4.2205279190572787E-016  -1.6370935360356793E-002  -5.6040146223211519E-016   1.0788481537489022E-015   1.5513863492022081E-016  0.60380513876709474        3.8792904967120584E-017   1.2679279018521133E-016   4.7743268167046407E-017  -5.3048933145293426E-016  -1.4196732027699269E-016  -6.0293513462710711E-016  -9.5955121043063913E-017   2.0137401443006270E-018  -1.1407087124346194E-015  0.65255923852871445      -0.22732429567006313     
  -1.0642832963559770E-015   1.3320901738706911E-015  -2.3640694322287643E-015   1.1689915115310074E-002   1.2421679051964775E-015  -1.1991800394963660E-015   1.4284629762609218E-015 -0.26229677074010466        3.1257740011290173E-015  -1.1372970087138052E-016  -1.7230889783099293E-016   1.4061743947063153E-015  -5.8374960897006433E-017   1.3253893747894849E-015  -3.3490184527226444E-016   3.0983095762341815E-016   4.5315348050476689E-016 -0.22732429567006313        2.0945924744569608     
