   1.2794658669965838E-002   1.4907935267085666E-016   5.6974499702510535E-018   4.2941981677557756E-017   4.9239166082990102E-002   1.9448385096501338E-016  -1.2124206578425243E-016   5.0114426813976325E-016   7.0004039113798808E-002   3.8308193655143282E-016  -8.5280346570699902E-017   1.0642306677327554E-015   6.5862628875432231E-019   6.2320499292132198E-018  -1.8832597497259057E-018   7.0878584520405589E-019  -8.1693682049554995E-018  -1.5510128945121056E-018  -2.1769313756030213E-002  -9.0862487274046026E-016   3.7538552046531911E-016  -7.2382954465078464E-016   2.5310898553327426E-015
   1.4907935267085666E-016   1.2794658669965138E-002   9.1249401295081392E-017  -3.1189498481267111E-017   2.9202524752708382E-016   4.9239166082988853E-002   2.6574511048362708E-016  -1.8792594334345705E-016   5.0858645298155609E-016   7.0004039113796976E-002   3.1117218475813366E-016  -6.1696364635671395E-016   5.8807137270687384E-018  -3.8208472778753948E-018  -1.5272953245628766E-018   4.1531047669029306E-018  -9.3110128543188532E-019   9.1190155222736987E-018  -3.0178756552349940E-016  -2.1769313756030858E-002  -2.6247427629691119E-015   1.8069931235549085E-016  -6.8981972814917068E-016
   5.6974499702510535E-018   9.1249401295081392E-017   1.2794658669965592E-002  -1.3841547331253533E-016   1.3121015464833563E-016   1.2698346024153510E-016   4.9239166082989387E-002  -1.7866356623937683E-016   1.8567874801164786E-016   1.4180505389044242E-016   7.0004039113798419E-002  -9.4419504237368990E-016   1.8581098445006758E-017   2.2569274184465720E-018   4.3832729578249527E-018   6.6885547932750882E-018   2.8076391116598474E-018   6.4392807793108818E-018  -1.9559934957413549E-016  -2.6018386214984416E-015  -2.1769313756026049E-002   9.1291505186932755E-016  -5.3775754320195647E-016
   4.2941981677557756E-017  -3.1189498481267111E-017  -1.3841547331253533E-016   1.2258151495682554E-005   1.8125499463276055E-016  -5.3497023398265954E-017  -5.2869212602200138E-016   1.1175160246917153E-003   2.2885755503892746E-016  -1.9814160733585526E-016  -7.6022466537786684E-016   2.4265927971913975E-003   3.6472220877949973E-018   5.2426268822756789E-019   2.4110628546184784E-020   1.5515661916026292E-018   4.7226141213732535E-020   3.3370590115425613E-020  -1.0344228560263104E-015  -4.0673990331052965E-015   4.0564317178653254E-016   2.0824147842152326E-003  -2.7127212822120731E-003
   4.9239166082990102E-002   2.9202524752708382E-016   1.3121015464833563E-016   1.8125499463276055E-016  0.18992330335812527       -4.0459115894589686E-016  -6.2245458967855000E-017  -9.4069202155079655E-016  0.26918859274602108       -4.5960111865227749E-017   2.6833551466657680E-016  -1.6279859506602641E-015   1.3316706432569320E-018   1.6888425526008632E-017   7.6673752781597095E-019   7.3410326166765723E-018  -2.2139943792954769E-017  -8.6093151605708066E-018 -0.11308090796285161        7.8754267346485704E-016   1.2361589832504193E-015   1.1335865489903698E-015  -3.1869781841522561E-015
   1.9448385096501338E-016   4.9239166082988853E-002   1.2698346024153510E-016  -5.3497023398265954E-017  -4.0459115894589686E-016  0.18992330335812574       -1.5380146654429926E-016   4.1445385000922145E-016  -1.5843943693526838E-016  0.26918859274602186       -1.8428021668940607E-016   3.0609118190678468E-016   6.9585677568332434E-018  -1.5617473123276925E-017  -3.8403458621728405E-018   4.2059405126020525E-020  -2.1201665415906092E-018   3.7628535614037711E-017   3.9211297029879717E-016 -0.11308090796284857        2.1665926473759503E-015   1.0361360018572961E-015  -9.4768916876162581E-016
  -1.2124206578425243E-016   2.6574511048362708E-016   4.9239166082989387E-002  -5.2869212602200138E-016  -6.2245458967855000E-017  -1.5380146654429926E-016  0.18992330335812377        1.5901179378783415E-015  -1.5317605678983762E-017  -8.0329545803692229E-017  0.26918859274602114        1.0466794478143666E-015   8.9917335569938274E-017   6.2091688826385968E-018   1.5644162784020004E-017   4.3220664147799222E-017   1.7173525584911769E-017   6.4081963218498052E-017   6.0798915870148387E-016  -2.5158832003187207E-016 -0.11308090796284886       -3.1730340756527722E-017   4.9522065297935248E-016
   5.0114426813976325E-016  -1.8792594334345705E-016  -1.7866356623937683E-016   1.1175160246917153E-003  -9.4069202155079655E-016   4.1445385000922145E-016   1.5901179378783415E-015  0.24855640384729621        1.6870977600834595E-016   5.8096707752847885E-016   5.5697236337535558E-017  0.51822228400380965       -1.6955174150705737E-015   9.6774948470746255E-019  -1.9349666704894205E-017  -1.7949571533094936E-015   6.8709381533830674E-017  -2.0787440187466491E-015   2.3423077882729760E-015   6.4126308732559485E-015  -3.4569883778358089E-016 -0.24998352302391469        6.0824316553833017E-002
   7.0004039113798808E-002   5.0858645298155609E-016   1.8567874801164786E-016   2.2885755503892746E-016  0.26918859274602108       -1.5843943693526838E-016  -1.5317605678983762E-017   1.6870977600834595E-016  0.38312493462862135        4.4314972778542946E-016   3.5672985803005833E-016   5.3257960023173217E-016   4.2072925747764293E-018   3.7658357812151735E-017  -1.4325911732885481E-017   1.5628364602621963E-018  -4.9364212846699600E-017  -7.1610737182878098E-018 -0.10440166336862564       -1.2273298228281506E-015  -1.2806723116340867E-015  -1.0713977356313441E-015   1.8955617546409717E-015
   3.8308193655143282E-016   7.0004039113796976E-002   1.4180505389044242E-016  -1.9814160733585526E-016  -4.5960111865227749E-017  0.26918859274602186       -8.0329545803692229E-017   5.8096707752847885E-016   4.4314972778542946E-016  0.38312493462862218       -1.6662448326583025E-017  -2.0347320770296456E-016   4.0040788636402969E-017  -2.0446870415539752E-017  -9.3787855643227520E-018   3.0722907447958295E-017  -5.8286288500136708E-018   4.8621250011991640E-017  -4.4612464987464940E-016 -0.10440166336863020        1.8006560970746082E-015   4.1315937435677684E-018   1.0800371153351405E-015
  -8.5280346570699902E-017   3.1117218475813366E-016   7.0004039113798419E-002  -7.6022466537786684E-016   2.6833551466657680E-016  -1.8428021668940607E-016  0.26918859274602114        5.5697236337535558E-017   3.5672985803005833E-016  -1.6662448326583025E-017  0.38312493462862413       -3.1244030917700827E-015   9.2424925703130664E-017   1.3591219776367577E-017   2.4596921365948866E-017   2.7822996624069630E-017   1.2165539107068254E-017   1.5508561079020893E-017  -7.8302187333690511E-016   2.5411375935202359E-015 -0.10440166336863232       -6.8724137057071212E-016   1.0255370112727464E-016
   1.0642306677327554E-015  -6.1696364635671395E-016  -9.4419504237368990E-016   2.4265927971913975E-003  -1.6279859506602641E-015   3.0609118190678468E-016   1.0466794478143666E-015  0.51822228400380965        5.3257960023173217E-016  -2.0347320770296456E-016  -3.1244030917700827E-015   1.0817890355680644       -3.3792776626769821E-015   9.5010869610496566E-018  -3.9742016519560329E-017  -3.6054978218681854E-015   1.3813604813138110E-016  -4.2063373811687086E-015  -2.3564425318355807E-015  -6.0819322846717370E-015   1.7538312380566326E-015 -0.47302634340517918        9.3025809462928821E-002
   6.5862628875432231E-019   5.8807137270687384E-018   1.8581098445006758E-017   3.6472220877949973E-018   1.3316706432569320E-018   6.9585677568332434E-018   8.9917335569938274E-017  -1.6955174150705737E-015   4.2072925747764293E-018   4.0040788636402969E-017   9.2424925703130664E-017  -3.3792776626769821E-015   3.1162585018143428E-029   8.1957640206454504E-031   5.1201043414398902E-032   2.9599759977023148E-029  -8.8291164910550442E-031   3.0699397787758943E-029   8.0761828170039689E-017   1.0567735139610303E-015  -1.2846668721262207E-015   7.3674689666716089E-015  -4.3032075454810344E-015
   6.2320499292132198E-018  -3.8208472778753948E-018   2.2569274184465720E-018   5.2426268822756789E-019   1.6888425526008632E-017  -1.5617473123276925E-017   6.2091688826385968E-018   9.6774948470746255E-019   3.7658357812151735E-017  -2.0446870415539752E-017   1.3591219776367577E-017   9.5010869610496566E-018   8.1957640206454504E-031   1.8202701011942172E-031  -1.3261149342541820E-031   6.4986712390938211E-031  -2.3579327912757221E-031   5.0658956821563490E-031   4.7232669330320292E-016   6.8662596937764206E-017   1.6471882926386582E-016   2.9869742987952760E-016  -1.3503994465331519E-016
  -1.8832597497259057E-018  -1.5272953245628766E-018   4.3832729578249527E-018   2.4110628546184784E-020   7.6673752781597095E-019  -3.8403458621728405E-018   1.5644162784020004E-017  -1.9349666704894205E-017  -1.4325911732885481E-017  -9.3787855643227520E-018   2.4596921365948866E-017  -3.9742016519560329E-017   5.1201043414398902E-032  -1.3261149342541820E-031   1.8638770612308823E-031   7.2430597523902351E-032   1.8949971185582623E-031   1.0753686165381355E-031  -5.4229227882909037E-016  -1.3607243595989109E-016   7.5887762025310378E-017  -4.5280684388041103E-017  -1.8126850554145937E-016
   7.0878584520405589E-019   4.1531047669029306E-018   6.6885547932750882E-018   1.5515661916026292E-018   7.3410326166765723E-018   4.2059405126020525E-020   4.3220664147799222E-017  -1.7949571533094936E-015   1.5628364602621963E-018   3.0722907447958295E-017   2.7822996624069630E-017  -3.6054978218681854E-015   2.9599759977023148E-029   6.4986712390938211E-031   7.2430597523902351E-032   2.8781709320632632E-029  -8.6515044309681970E-031   2.9444016035606211E-029  -3.1521394442529021E-016   1.0779511018527306E-015  -1.2011848209894951E-015   7.1406100109377181E-015  -3.1840481461253267E-015
  -8.1693682049554995E-018  -9.3110128543188532E-019   2.8076391116598474E-018   4.7226141213732535E-020  -2.2139943792954769E-017  -2.1201665415906092E-018   1.7173525584911769E-017   6.8709381533830674E-017  -4.9364212846699600E-017  -5.8286288500136708E-018   1.2165539107068254E-017   1.3813604813138110E-016  -8.8291164910550442E-031  -2.3579327912757221E-031   1.8949971185582623E-031  -8.6515044309681970E-031   3.9801597388899557E-031  -4.7239048652813228E-031  -6.1905251548272737E-016  -9.8002110216927361E-017  -4.3825558535735473E-016  -3.9422205563550275E-016  -1.1487610197279439E-016
  -1.5510128945121056E-018   9.1190155222736987E-018   6.4392807793108818E-018   3.3370590115425613E-020  -8.6093151605708066E-018   3.7628535614037711E-017   6.4081963218498052E-017  -2.0787440187466491E-015  -7.1610737182878098E-018   4.8621250011991640E-017   1.5508561079020893E-017  -4.2063373811687086E-015   3.0699397787758943E-029   5.0658956821563490E-031   1.0753686165381355E-031   2.9444016035606211E-029  -4.7239048652813228E-031   3.3311741543595447E-029   1.8235688229814873E-016  -1.8804565478075444E-016  -2.6859884173466083E-015   6.5542453502403048E-015  -4.0297032224008526E-015
  -2.1769313756030213E-002  -3.0178756552349940E-016  -1.9559934957413549E-016  -1.0344228560263104E-015 -0.11308090796285161        3.9211297029879717E-016   6.0798915870148387E-016   2.3423077882729760E-015 -0.10440166336862564       -4.4612464987464940E-016  -7.8302187333690511E-016  -2.3564425318355807E-015   8.0761828170039689E-017   4.7232669330320292E-016  -5.4229227882909037E-016  -3.1521394442529021E-016  -6.1905251548272737E-016   1.8235688229814873E-016   2.0315951210286265        3.4094516082995931E-016   3.4887391861185149E-016   5.8713722167306642E-016  -5.7606026825985182E-016
  -9.0862487274046026E-016  -2.1769313756030858E-002  -2.6018386214984416E-015  -4.0673990331052965E-015   7.8754267346485704E-016 -0.11308090796284857       -2.5158832003187207E-016   6.4126308732559485E-015  -1.2273298228281506E-015 -0.10440166336863020        2.5411375935202359E-015  -6.0819322846717370E-015   1.0567735139610303E-015   6.8662596937764206E-017  -1.3607243595989109E-016   1.0779511018527306E-015  -9.8002110216927361E-017  -1.8804565478075444E-016   3.4094516082995931E-016   2.0315951210286300       -1.3505376008268711E-015   4.6565410022898072E-016  -8.1486579969040003E-016
   3.7538552046531911E-016  -2.6247427629691119E-015  -2.1769313756026049E-002   4.0564317178653254E-016   1.2361589832504193E-015   2.1665926473759503E-015 -0.11308090796284886       -3.4569883778358089E-016  -1.2806723116340867E-015   1.8006560970746082E-015 -0.10440166336863232        1.7538312380566326E-015  -1.2846668721262207E-015   1.6471882926386582E-016   7.5887762025310378E-017  -1.2011848209894951E-015  -4.3825558535735473E-016  -2.6859884173466083E-015   3.4887391861185149E-016  -1.3505376008268711E-015   2.0315951210286229        1.8207729537112192E-016   4.4804504009063812E-017
  -7.2382954465078464E-016   1.8069931235549085E-016   9.1291505186932755E-016   2.0824147842152326E-003   1.1335865489903698E-015   1.0361360018572961E-015  -3.1730340756527722E-017 -0.24998352302391469       -1.0713977356313441E-015   4.1315937435677684E-018  -6.8724137057071212E-016 -0.47302634340517918        7.3674689666716089E-015   2.9869742987952760E-016  -4.5280684388041103E-017   7.1406100109377181E-015  -3.9422205563550275E-016   6.5542453502403048E-015   5.8713722167306642E-016   4.6565410022898072E-016   1.8207729537112192E-016   2.3600944141275062      -0.59673814179128237     
   2.5310898553327426E-015  -6.8981972814917068E-016  -5.3775754320195647E-016  -2.7127212822120731E-003  -3.1869781841522561E-015  -9.4768916876162581E-016   4.9522065297935248E-016   6.0824316553833017E-002   1.8955617546409717E-015   1.0800371153351405E-015   1.0255370112727464E-016   9.3025809462928821E-002  -4.3032075454810344E-015  -1.3503994465331519E-016  -1.8126850554145937E-016  -3.1840481461253267E-015  -1.1487610197279439E-016  -4.0297032224008526E-015  -5.7606026825985182E-016  -8.1486579969040003E-016   4.4804504009063812E-017 -0.59673814179128237        2.1509735645467241     
