  0.23368998600262303        1.5038512846192080E-016   2.4543233270655608E-016  -5.5761283586263768E-017  0.52445289761311276       -1.0502157817637948E-016  -2.0601188675187138E-016   1.7821168549934462E-016   5.2664762713486027E-016  -1.4013854880692160E-017  -6.3901351743825967E-018   7.1262633861593878E-016   1.1770599962242516E-017   4.0461785574192087E-016  0.29808884230810351       -4.3105656615898776E-017   5.6857107370455953E-017  -9.3267051308012755E-017   5.4444107274174799E-002
   1.5038512846192080E-016  0.23607260554739593        2.9448461123403411E-016   3.1257587289664357E-017   3.7141847061974994E-016   6.8917567465518498E-002   1.4464486061056028E-017  -3.2265985252181095E-017  -3.8565980964597877E-017   2.3878948037116667E-018   1.7328757975412981E-018  -1.1961978517296679E-017  -1.5397935174606259E-020  -2.1440701157141171E-017   1.2426136846357137E-015  -5.7852058196966177E-002  -1.4229439182753391E-015  -6.8443424394483867E-016  -1.2600724270660125E-015
   2.4543233270655608E-016   2.9448461123403411E-016  0.23607260554739706        2.9843002342498797E-016   6.5813970321247169E-016   2.4199762184464849E-017   6.8917567465518859E-002   1.2257772279794483E-016  -3.6717271842048892E-017   6.6646800374388650E-018   8.7784971485164123E-019  -4.0141556044929335E-017   2.0384218573093672E-018  -3.5365762209829319E-017  -3.7273821584611948E-016  -7.9285206126670490E-016  -5.7852058196967940E-002   9.1446612251120836E-017   1.5564020045193591E-016
  -5.5761283586263768E-017   3.1257587289664357E-017   2.9843002342498797E-016  0.23607260554739742       -3.6908072642438006E-016   2.4781642937819074E-017   1.5731566562175414E-016   6.8917567465518775E-002   1.1974185104243525E-016  -6.4906949106144626E-018  -8.2218295260632902E-020   1.2000515262685700E-016   3.8971523833675450E-018   1.1539037185242768E-016  -4.6276025141998221E-017   6.4196348257391612E-016   5.7450436693300481E-016  -5.7852058196963568E-002  -3.9641083196419050E-016
  0.52445289761311276        3.7141847061974994E-016   6.5813970321247169E-016  -3.6908072642438006E-016   1.1805042712187170       -1.8133324074539244E-016  -4.8398990045423313E-016   2.9782136840033521E-016   9.5144024308231453E-016  -3.0905862612358900E-017  -1.4105640334466700E-017   1.3516645643200979E-015   2.5643526451250622E-017   6.6185013709425370E-016  0.58824724258724481        2.5521963488193045E-016   9.0025022882372149E-018  -5.1824475254779506E-016   7.3848986846858505E-002
  -1.0502157817637948E-016   6.8917567465518498E-002   2.4199762184464849E-017   2.4781642937819074E-017  -1.8133324074539244E-016   2.3359917372896118E-002   1.4774396887610766E-016   5.1762703979042432E-017   8.3875099533693954E-017  -1.5615070714516249E-017  -9.9378226697024652E-018  -9.1684244323265102E-017   3.8334114690524287E-018  -2.2406051634847286E-017  -1.2509178300193115E-015   6.2555493065705930E-002   1.6670089799022984E-015   6.1995269616480268E-016   1.1423517241048237E-015
  -2.0601188675187138E-016   1.4464486061056028E-017   6.8917567465518859E-002   1.5731566562175414E-016  -4.8398990045423313E-016   1.4774396887610766E-016   2.3359917372896329E-002  -7.5602128642159729E-017  -1.5570160284801209E-017  -5.4486608330375967E-017  -5.5159408468657195E-018   5.1804592994018439E-018  -1.1339168823346725E-017  -1.9260944449654327E-017   9.5493282281878027E-016   1.6687033987272016E-015   6.2555493065706694E-002  -1.7460027916955726E-015  -1.7273130717052372E-016
   1.7821168549934462E-016  -3.2265985252181095E-017   1.2257772279794483E-016   6.8917567465518775E-002   2.9782136840033521E-016   5.1762703979042432E-017  -7.5602128642159729E-017   2.3359917372895861E-002   3.6876803603991877E-017   4.2044925095966429E-017   1.2582451361318192E-019   2.7742655354759462E-017  -2.2414217361093217E-017   5.7968056484392540E-017   6.4622845793484551E-016   7.6910746900064167E-016  -1.3261333728298723E-015   6.2555493065703391E-002  -1.9781035195068307E-017
   5.2664762713486027E-016  -3.8565980964597877E-017  -3.6717271842048892E-017   1.1974185104243525E-016   9.5144024308231453E-016   8.3875099533693954E-017  -1.5570160284801209E-017   3.6876803603991877E-017   1.9333687100979866E-029  -4.4210514863090080E-031  -3.2703028781914676E-031   1.5575935234150798E-029   1.9793203075272725E-031   1.6908590644240684E-029   6.1532070180491843E-015   2.3417251247942063E-015  -1.0993145707492013E-016   1.7728958999070323E-017   2.8123792627151593E-015
  -1.4013854880692160E-017   2.3878948037116667E-018   6.6646800374388650E-018  -6.4906949106144626E-018  -3.0905862612358900E-017  -1.5615070714516249E-017  -5.4486608330375967E-017   4.2044925095966429E-017  -4.4210514863090080E-031   1.6619749796996507E-030   1.5557405686302922E-031  -3.7942622275624552E-032  -1.3174320410403254E-031   4.9683195199271984E-031  -3.2449001187180002E-017  -4.0049000310550564E-016  -1.3851107128147086E-015   1.0788060174805924E-015  -5.4260964344648319E-018
  -6.3901351743825967E-018   1.7328757975412981E-018   8.7784971485164123E-019  -8.2218295260632902E-020  -1.4105640334466700E-017  -9.9378226697024652E-018  -5.5159408468657195E-018   1.2582451361318192E-019  -3.2703028781914676E-031   1.5557405686302922E-031   4.4161503511120754E-032   2.1945625640812527E-031   7.4506907705407782E-033   4.2848123020702236E-032  -1.2207389866423827E-017  -2.5645969699155128E-016  -1.4172514274706512E-016   3.6932609640698379E-018  -8.2010387783339998E-018
   7.1262633861593878E-016  -1.1961978517296679E-017  -4.0141556044929335E-017   1.2000515262685700E-016   1.3516645643200979E-015  -9.1684244323265102E-017   5.1804592994018439E-018   2.7742655354759462E-017   1.5575935234150798E-029  -3.7942622275624552E-032   2.1945625640812527E-031   2.2691038943726270E-029  -1.7284410197646221E-032   1.9392166064355983E-029   6.9296040188589195E-015  -2.1591625851381837E-015   4.2413161982168569E-016  -2.0815024966554937E-016   2.7177175710025680E-015
   1.1770599962242516E-017  -1.5397935174606259E-020   2.0384218573093672E-018   3.8971523833675450E-018   2.5643526451250622E-017   3.8334114690524287E-018  -1.1339168823346725E-017  -2.2414217361093217E-017   1.9793203075272725E-031  -1.3174320410403254E-031   7.4506907705407782E-033  -1.7284410197646221E-032   2.2055385629304385E-031  -8.2949430274679756E-032   3.5745250074844386E-017   9.4092827430190864E-017  -2.9307637076210081E-016  -5.7834756167115614E-016   5.6670069428994432E-018
   4.0461785574192087E-016  -2.1440701157141171E-017  -3.5365762209829319E-017   1.1539037185242768E-016   6.6185013709425370E-016  -2.2406051634847286E-017  -1.9260944449654327E-017   5.7968056484392540E-017   1.6908590644240684E-029   4.9683195199271984E-031   4.2848123020702236E-032   1.9392166064355983E-029  -8.2949430274679756E-032   1.8632100871624724E-029   6.4436432076122554E-015  -3.9059587425331178E-016  -2.1041760916035934E-016   5.6700603039115662E-016   2.7818127881206569E-015
  0.29808884230810351        1.2426136846357137E-015  -3.7273821584611948E-016  -4.6276025141998221E-017  0.58824724258724481       -1.2509178300193115E-015   9.5493282281878027E-016   6.4622845793484551E-016   6.1532070180491843E-015  -3.2449001187180002E-017  -1.2207389866423827E-017   6.9296040188589195E-015   3.5745250074844386E-017   6.4436432076122554E-015   2.4572212043230737        3.7925498592467814E-016  -6.3472824842299801E-016  -5.5655261350994052E-016  0.60704411325160124     
  -4.3105656615898776E-017  -5.7852058196966177E-002  -7.9285206126670490E-016   6.4196348257391612E-016   2.5521963488193045E-016   6.2555493065705930E-002   1.6687033987272016E-015   7.6910746900064167E-016   2.3417251247942063E-015  -4.0049000310550564E-016  -2.5645969699155128E-016  -2.1591625851381837E-015   9.4092827430190864E-017  -3.9059587425331178E-016   3.7925498592467814E-016   1.9618156522752286        2.6303083517677363E-016   1.8704728583381328E-016  -3.2648514737656855E-016
   5.6857107370455953E-017  -1.4229439182753391E-015  -5.7852058196967940E-002   5.7450436693300481E-016   9.0025022882372149E-018   1.6670089799022984E-015   6.2555493065706694E-002  -1.3261333728298723E-015  -1.0993145707492013E-016  -1.3851107128147086E-015  -1.4172514274706512E-016   4.2413161982168569E-016  -2.9307637076210081E-016  -2.1041760916035934E-016  -6.3472824842299801E-016   2.6303083517677363E-016   1.9618156522752341       -3.6638118304164490E-016   2.4575645216148709E-017
  -9.3267051308012755E-017  -6.8443424394483867E-016   9.1446612251120836E-017  -5.7852058196963568E-002  -5.1824475254779506E-016   6.1995269616480268E-016  -1.7460027916955726E-015   6.2555493065703391E-002   1.7728958999070323E-017   1.0788060174805924E-015   3.6932609640698379E-018  -2.0815024966554937E-016  -5.7834756167115614E-016   5.6700603039115662E-016  -5.5655261350994052E-016   1.8704728583381328E-016  -3.6638118304164490E-016   1.9618156522752337        4.4416556796019258E-017
   5.4444107274174799E-002  -1.2600724270660125E-015   1.5564020045193591E-016  -3.9641083196419050E-016   7.3848986846858505E-002   1.1423517241048237E-015  -1.7273130717052372E-016  -1.9781035195068307E-017   2.8123792627151593E-015  -5.4260964344648319E-018  -8.2010387783339998E-018   2.7177175710025680E-015   5.6670069428994432E-018   2.7818127881206569E-015  0.60704411325160124       -3.2648514737656855E-016   2.4575645216148709E-017   4.4416556796019258E-017   2.1542208940437333     
