  0.53969263586449812       -3.7844421277053528E-016   2.1705239134988755E-016   3.1545231674136085E-016  -4.3070408182841368E-017  -3.2459011749261655E-016  -9.0686077047087422E-017   1.5332712387485363E-016   5.0668984794231306E-017  -3.5721166687888365E-016  0.58186596401503587       -3.0777704366845864E-016   1.9483326993061217E-016   5.9418659152572406E-016   2.5322117651314658E-016   6.0124511789414217E-016   3.2591910091925164E-017  -2.6128184940041911E-016  -4.7742821185545932E-017  -1.3666533645393643E-016 -0.22604843254283427        1.9281066041224974E-017  -5.7586217287943505E-016  -1.2632295695526714E-015   1.8637881173376779E-016 -0.24930854328014210        3.8187304654161730E-017  -5.1198412945687256E-016
  -3.7844421277053528E-016  0.53969263586450389        7.5056012910283874E-016   8.7483108473765993E-016  -4.9594935651621523E-016   6.4367251567689719E-017  -2.6066737781000996E-017  -4.1090122944796077E-016   4.8073948240278606E-017  -3.8022400813998990E-016   1.3383223381168790E-016  0.58186596401504231        5.0770714585487786E-016   7.0275961744991608E-016  -9.8597174496375165E-016  -1.4925133841247740E-016   1.1919621858310450E-016  -1.2015219076360315E-015  -7.3628768267375046E-016  -2.1895168660990165E-017   5.1760887514563595E-017 -0.22604843254283896       -1.2929988842934844E-015   9.0166332213582703E-016  -6.0241990747258832E-016   4.7393395319141614E-017 -0.24930854328014640       -1.1067906157345696E-015
   2.1705239134988755E-016   7.5056012910283874E-016  0.53969263586449434       -5.7464797474576921E-016  -2.6388056822988065E-017  -3.0844579687215663E-016  -1.0254681301239462E-016  -1.3414463609237566E-016   2.0701975555404044E-016  -1.0225328333126955E-016  -1.2459368289143517E-016   1.0326185785039689E-015  0.58186596401504287        3.7710046007511886E-016   4.2128884313244862E-016  -8.2797150692011234E-016   1.3800122502004695E-016  -3.8591405598381151E-016   5.0236013025244211E-016  -1.5746008835272009E-015  -1.6819453824289925E-016  -2.0140223723222553E-015 -0.22604843254283602        3.1410914113284308E-015  -9.9514407639023550E-016  -1.3600530652830290E-016  -1.8023613003155729E-015 -0.24930854328014371     
   3.1545231674136085E-016   8.7483108473765993E-016  -5.7464797474576921E-016  0.30728521420539451        4.1620556923792301E-015  -9.5454050424553206E-017  -9.1535355095018742E-016   2.2774532934007444E-015  -3.6896655362625366E-017   6.2548301023366702E-016   3.3417192224956503E-016   1.6948678185429943E-015   2.9339624883130679E-016  0.71030198738653705       -7.3446957962054043E-015  -1.1885943142898580E-015   4.2744086853117833E-015   2.1200313664399456E-014   5.5936561248785329E-015   2.0207195862316247E-016   5.1572043077259356E-016   7.1911121739574369E-016   5.4237502423199377E-016 -0.54678667514330070      -0.10339139853770463        3.9352868376806733E-016   4.3633559690521457E-016   5.2839515287534747E-016
  -4.3070408182841368E-017  -4.9594935651621523E-016  -2.6388056822988065E-017   4.1620556923792301E-015   3.1607735982084181E-003   1.4451628806777466E-016   7.7198159296268157E-017  -1.5803867991040985E-003   1.0145866521316482E-018  -1.5803867991040573E-003  -1.0875776204426609E-016  -5.1221280085166654E-016  -1.0159526155075721E-016   1.1016513214614552E-014   7.8210723513192679E-002   1.3273455210937044E-015   9.4586983373763397E-016  -3.9105361756596881E-002  -1.2475440060336606E-016  -3.9105361756595708E-002   1.9643262745596124E-016  -3.4155024872170006E-016  -6.4407553085227992E-016   3.1502545821584398E-016  -4.2611191745502849E-015   1.7672853271039562E-016  -2.2754599039475902E-016  -5.3952668748105947E-016
  -3.2459011749261655E-016   6.4367251567689719E-017  -3.0844579687215663E-016  -9.5454050424553206E-017   1.4451628806777466E-016   3.1607735982078513E-003   3.1836236248365693E-017  -5.7302414156464475E-017   4.3758251450748280E-018  -1.0637336213151051E-016  -3.0484806153369096E-016   5.6930601674244475E-017  -1.5317048035712462E-016  -9.9310231636326288E-017   2.1006662731461336E-015   7.8210723513185906E-002   9.8072185138534068E-016  -3.1486120473573774E-016  -1.9591448553518391E-016  -1.7990530872219306E-015   8.4803663482732021E-016  -3.4994444605864045E-016   2.7733744947595933E-017  -1.8836051845947270E-015   6.3086009503580003E-016   7.5151083759318331E-016  -2.9766947591581767E-016   9.5260722687806740E-017
  -9.0686077047087422E-017  -2.6066737781000996E-017  -1.0254681301239462E-016  -9.1535355095018742E-016   7.7198159296268157E-017   3.1836236248365693E-017   3.1607735982080946E-003  -1.1049129221393181E-016   2.6763435336598311E-017   4.9685152740921187E-017  -3.8129760018030054E-017  -3.9975445867651259E-017  -6.6123237690038378E-017  -2.6880078467527058E-015   9.3964075344349153E-016  -2.7073798796384144E-016   7.8210723513188793E-002  -1.9022843806356150E-015   1.1350961471212720E-015   1.0054755422358861E-015   8.6968956729680483E-017   1.8890597633997778E-016   8.5695250627616932E-017   4.6784138004928443E-015  -4.9570687667528378E-016   9.2586780311164512E-017   1.5929042020320396E-016   9.5062968531096812E-017
   1.5332712387485363E-016  -4.1090122944796077E-016  -1.3414463609237566E-016   2.2774532934007444E-015  -1.5803867991040985E-003  -5.7302414156464475E-017  -1.1049129221393181E-016   3.1607735982078591E-003  -3.0443290566606199E-017  -1.5803867991038311E-003   1.6788195088941888E-016  -4.1042779717455612E-016  -1.4331511372010426E-016   3.0593717129075563E-015  -3.9105361756593016E-002  -1.0211134645081053E-015  -7.8038077166779970E-016   7.8210723513185920E-002  -2.6037877501890523E-016  -3.9105361756592731E-002   2.7019645860158684E-016   2.7629619602908440E-016  -5.6285286858804354E-016   5.9407425269077866E-015  -3.2694053038799071E-015   2.0215122882589982E-016   2.7592437436903198E-016  -4.5002333952463928E-016
   5.0668984794231306E-017   4.8073948240278606E-017   2.0701975555404044E-016  -3.6896655362625366E-017   1.0145866521316482E-018   4.3758251450748280E-018   2.6763435336598311E-017  -3.0443290566606199E-017   3.1607735982080482E-003   3.3245407905020459E-017   6.0079459672013520E-017   8.7412576603332554E-017   2.4642700987541844E-016  -9.5665513349547278E-016   1.3130874154925450E-016   3.8254548996845946E-016  -4.1373493715225781E-016  -4.4872332710449247E-016   7.8210723513188252E-002   3.1530801461541177E-016   8.0911187301082634E-017   3.2417472493804635E-016   2.8644213039626577E-016   3.4405665912592938E-015  -8.0898989224581696E-016   7.1992367272396994E-017   2.6245849519310881E-016   2.2098349818445798E-016
  -3.5721166687888365E-016  -3.8022400813998990E-016  -1.0225328333126955E-016   6.2548301023366702E-016  -1.5803867991040573E-003  -1.0637336213151051E-016   4.9685152740921187E-017  -1.5803867991038311E-003   3.3245407905020459E-017   3.1607735982076965E-003  -3.2565564621567557E-016  -4.6437173012433155E-016  -3.6859342904909771E-017   2.5420276464225841E-015  -3.9105361756593168E-002  -7.8031639716381301E-016   2.4011520582175850E-016  -3.9105361756590781E-002   4.7957142001055305E-016   7.8210723513183686E-002  -1.8572161335163872E-016   1.9771855540050806E-016   3.2903008037830612E-016   6.3734117000516491E-015  -2.9055566416199717E-015  -1.1741357378206608E-016   2.0848772447718088E-016   2.9045639203145251E-016
  0.58186596401503587        1.3383223381168790E-016  -1.2459368289143517E-016   3.3417192224956503E-016  -1.0875776204426609E-016  -3.0484806153369096E-016  -3.8129760018030054E-017   1.6788195088941888E-016   6.0079459672013520E-017  -3.2565564621567557E-016  0.62733668565210410        2.5360580566832149E-016  -1.7867746981402889E-016   6.3659729787066220E-016  -1.2629307374333764E-015   1.7939447575633424E-015   1.5150169110075257E-015  -2.0505014121264674E-016   8.8364234786826657E-017   1.3116330178497646E-015 -0.24488016952746902       -3.0943063418112566E-016   1.1837216892178779E-016  -9.2364879739073364E-016   6.5073675202253799E-017 -0.26975997330025048       -2.9494775735226174E-016   1.0267843153484065E-016
  -3.0777704366845864E-016  0.58186596401504231        1.0326185785039689E-015   1.6948678185429943E-015  -5.1221280085166654E-016   5.6930601674244475E-017  -3.9975445867651259E-017  -4.1042779717455612E-016   8.7412576603332554E-017  -4.6437173012433155E-016   2.5360580566832149E-016  0.62733668565211120        7.8260499818040873E-016   2.5865196957889344E-015  -5.2867564508714363E-016  -4.8283469789800285E-016  -1.5866401983697900E-016  -4.8545790842905922E-016   9.9483977785223830E-017  -1.3704902854050784E-015  -6.7453251145860596E-016 -0.24488016952746602        1.2516107221220382E-016   7.0298678277681543E-015  -3.2695764066063177E-015  -5.6676619050402871E-016 -0.26975997330024853        4.3079116331973754E-017
   1.9483326993061217E-016   5.0770714585487786E-016  0.58186596401504287        2.9339624883130679E-016  -1.0159526155075721E-016  -1.5317048035712462E-016  -6.6123237690038378E-017  -1.4331511372010426E-016   2.4642700987541844E-016  -3.6859342904909771E-017  -1.7867746981402889E-016   7.8260499818040873E-016  0.62733668565212375        2.4597683716326640E-015  -1.3821659469560675E-015   3.5460407505836717E-015   1.2505218203319228E-015  -4.0674234955202034E-016   1.1299390195467936E-015   1.3157174423950384E-016   5.8640973319547925E-016  -6.4620221684820870E-017 -0.24488016952746977       -3.4331886692918813E-015   2.8075052505035317E-016   4.9532144483236850E-016  -1.5974553428260277E-016 -0.26975997330025259     
   5.9418659152572406E-016   7.0275961744991608E-016   3.7710046007511886E-016  0.71030198738653705        1.1016513214614552E-014  -9.9310231636326288E-017  -2.6880078467527058E-015   3.0593717129075563E-015  -9.5665513349547278E-016   2.5420276464225841E-015   6.3659729787066220E-016   2.5865196957889344E-015   2.4597683716326640E-015   1.6424017839126801        1.5211940141104077E-014   8.3340437222377039E-016  -4.9919662159948376E-015  -7.9002925327307359E-015  -9.3858409876175968E-015   2.5495907468672854E-014  -1.7875693079484679E-015  -2.3444576016924268E-015  -7.0403459900198622E-016  -1.2190778407176457      -0.25333314259932210       -1.5507315138700179E-015  -2.1527078777239062E-015  -6.0710011608048141E-016
   2.5322117651314658E-016  -9.8597174496375165E-016   4.2128884313244862E-016  -7.3446957962054043E-015   7.8210723513192679E-002   2.1006662731461336E-015   9.3964075344349153E-016  -3.9105361756593016E-002   1.3130874154925450E-016  -3.9105361756593168E-002  -1.2629307374333764E-015  -5.2867564508714363E-016  -1.3821659469560675E-015   1.5211940141104077E-014   1.9352595440319564       -3.6602258767295829E-015  -6.1094792419556222E-016 -0.96762977201597722       -4.5899698972169935E-016 -0.96762977201597711        3.8530448813510057E-016   9.5693292948314821E-016   4.6497606440389591E-016  -2.0628719073384081E-015  -2.3797575107003912E-015   5.0588904803213864E-016   8.9525232226635131E-016   1.4891191597833126E-016
   6.0124511789414217E-016  -1.4925133841247740E-016  -8.2797150692011234E-016  -1.1885943142898580E-015   1.3273455210937044E-015   7.8210723513185906E-002  -2.7073798796384144E-016  -1.0211134645081053E-015   3.8254548996845946E-016  -7.8031639716381301E-016   1.7939447575633424E-015  -4.8283469789800285E-016   3.5460407505836717E-015   8.3340437222377039E-016  -3.6602258767295829E-015   1.9352595440319684       -1.9244995137432358E-015   2.0271802357412049E-015   1.9388787450558327E-015   1.3052709954553096E-015  -1.4788228411968835E-015   6.3482142358670764E-016  -2.2566893784419182E-015   2.1210438357758068E-015  -1.0355130089677550E-015  -1.0444356314061898E-015   5.5158873316472258E-016  -8.6328155334427051E-016
   3.2591910091925164E-017   1.1919621858310450E-016   1.3800122502004695E-016   4.2744086853117833E-015   9.4586983373763397E-016   9.8072185138534068E-016   7.8210723513188793E-002  -7.8038077166779970E-016  -4.1373493715225781E-016   2.4011520582175850E-016   1.5150169110075257E-015  -1.5866401983697900E-016   1.2505218203319228E-015  -4.9919662159948376E-015  -6.1094792419556222E-016  -1.9244995137432358E-015   1.9352595440319620        1.2706307360444049E-015   1.4629953064976360E-015   4.0023323197304186E-016  -1.3911893942839980E-015   1.6185332646301325E-016  -3.8992084993653844E-016   5.0064850221073748E-015  -1.2267385406886353E-015  -9.1130382395570824E-016   1.0679445084609885E-016  -3.7838265110949015E-017
  -2.6128184940041911E-016  -1.2015219076360315E-015  -3.8591405598381151E-016   2.1200313664399456E-014  -3.9105361756596881E-002  -3.1486120473573774E-016  -1.9022843806356150E-015   7.8210723513185920E-002  -4.4872332710449247E-016  -3.9105361756590781E-002  -2.0505014121264674E-016  -4.8545790842905922E-016  -4.0674234955202034E-016  -7.9002925327307359E-015 -0.96762977201597722        2.0271802357412049E-015   1.2706307360444049E-015   1.9352595440319644        1.0934721010602912E-015 -0.96762977201598288        1.2132284684381100E-016   7.0843003345700449E-016  -4.2026447649348372E-016   3.7071797824170576E-015  -3.2438691014169730E-015   1.3109114948404994E-017   7.1507206939924044E-016  -2.5279834324107949E-016
  -4.7742821185545932E-017  -7.3628768267375046E-016   5.0236013025244211E-016   5.5936561248785329E-015  -1.2475440060336606E-016  -1.9591448553518391E-016   1.1350961471212720E-015  -2.6037877501890523E-016   7.8210723513188252E-002   4.7957142001055305E-016   8.8364234786826657E-017   9.9483977785223830E-017   1.1299390195467936E-015  -9.3858409876175968E-015  -4.5899698972169935E-016   1.9388787450558327E-015   1.4629953064976360E-015   1.0934721010602912E-015   1.9352595440319640       -6.8662523583503426E-016  -6.0956431866493171E-016   6.3681188354086079E-016   4.1567216668878742E-016   7.2790461254036212E-015  -1.0123218033992730E-015  -2.3902631001270242E-016   5.8126957256819708E-016   4.5416817494677829E-016
  -1.3666533645393643E-016  -2.1895168660990165E-017  -1.5746008835272009E-015   2.0207195862316247E-016  -3.9105361756595708E-002  -1.7990530872219306E-015   1.0054755422358861E-015  -3.9105361756592731E-002   3.1530801461541177E-016   7.8210723513183686E-002   1.3116330178497646E-015  -1.3704902854050784E-015   1.3157174423950384E-016   2.5495907468672854E-014 -0.96762977201597711        1.3052709954553096E-015   4.0023323197304186E-016 -0.96762977201598288       -6.8662523583503426E-016   1.9352595440319535       -2.4698187592481584E-016   9.0720700622683742E-016  -7.8186660136774739E-016   8.0322336677899834E-016  -7.8883891519989338E-015  -2.8685412619982545E-016   7.7824011620524248E-016  -3.3267911806121426E-016
 -0.22604843254283427        5.1760887514563595E-017  -1.6819453824289925E-016   5.1572043077259356E-016   1.9643262745596124E-016   8.4803663482732021E-016   8.6968956729680483E-017   2.7019645860158684E-016   8.0911187301082634E-017  -1.8572161335163872E-016 -0.24488016952746902       -6.7453251145860596E-016   5.8640973319547925E-016  -1.7875693079484679E-015   3.8530448813510057E-016  -1.4788228411968835E-015  -1.3911893942839980E-015   1.2132284684381100E-016  -6.0956431866493171E-016  -2.4698187592481584E-016  0.83831471080899700        2.5454812152793276E-016  -1.2502792165928775E-016   2.2626797207187923E-015  -5.3267400648510688E-016  0.72199683338291865        2.4827043044664102E-016   2.5502467975932968E-017
   1.9281066041224974E-017 -0.22604843254283896       -2.0140223723222553E-015   7.1911121739574369E-016  -3.4155024872170006E-016  -3.4994444605864045E-016   1.8890597633997778E-016   2.7629619602908440E-016   3.2417472493804635E-016   1.9771855540050806E-016  -3.0943063418112566E-016 -0.24488016952746602       -6.4620221684820870E-017  -2.3444576016924268E-015   9.5693292948314821E-016   6.3482142358670764E-016   1.6185332646301325E-016   7.0843003345700449E-016   6.3681188354086079E-016   9.0720700622683742E-016   2.5454812152793276E-016  0.83831471080899345        9.4830087323797828E-016  -4.1762365523648023E-015   1.9024591361437985E-015   1.5766935258970162E-016  0.72199683338291654        8.7868874189965586E-016
  -5.7586217287943505E-016  -1.2929988842934844E-015 -0.22604843254283602        5.4237502423199377E-016  -6.4407553085227992E-016   2.7733744947595933E-017   8.5695250627616932E-017  -5.6285286858804354E-016   2.8644213039626577E-016   3.2903008037830612E-016   1.1837216892178779E-016   1.2516107221220382E-016 -0.24488016952746977       -7.0403459900198622E-016   4.6497606440389591E-016  -2.2566893784419182E-015  -3.8992084993653844E-016  -4.2026447649348372E-016   4.1567216668878742E-016  -7.8186660136774739E-016  -1.2502792165928775E-016   9.4830087323797828E-016  0.83831471080899722        2.3864585245552035E-015  -6.9201868289286475E-016   2.2760339981352921E-017   1.3281746545000367E-015  0.72199683338291942     
  -1.2632295695526714E-015   9.0166332213582703E-016   3.1410914113284308E-015 -0.54678667514330070        3.1502545821584398E-016  -1.8836051845947270E-015   4.6784138004928443E-015   5.9407425269077866E-015   3.4405665912592938E-015   6.3734117000516491E-015  -9.2364879739073364E-016   7.0298678277681543E-015  -3.4331886692918813E-015  -1.2190778407176457       -2.0628719073384081E-015   2.1210438357758068E-015   5.0064850221073748E-015   3.7071797824170576E-015   7.2790461254036212E-015   8.0322336677899834E-016   2.2626797207187923E-015  -4.1762365523648023E-015   2.3864585245552035E-015   4.9116873115368165       -1.0755919450299305        1.9133650197169010E-015  -2.0894294930811611E-015   8.9554395754338344E-016
   1.8637881173376779E-016  -6.0241990747258832E-016  -9.9514407639023550E-016 -0.10339139853770463       -4.2611191745502849E-015   6.3086009503580003E-016  -4.9570687667528378E-016  -3.2694053038799071E-015  -8.0898989224581696E-016  -2.9055566416199717E-015   6.5073675202253799E-017  -3.2695764066063177E-015   2.8075052505035317E-016 -0.25333314259932210       -2.3797575107003912E-015  -1.0355130089677550E-015  -1.2267385406886353E-015  -3.2438691014169730E-015  -1.0123218033992730E-015  -7.8883891519989338E-015  -5.3267400648510688E-016   1.9024591361437985E-015  -6.9201868289286475E-016  -1.0755919450299305       0.43758547546421150       -4.2961230827888169E-016   1.2301319783596633E-015  -2.3958961080548510E-016
 -0.24930854328014210        4.7393395319141614E-017  -1.3600530652830290E-016   3.9352868376806733E-016   1.7672853271039562E-016   7.5151083759318331E-016   9.2586780311164512E-017   2.0215122882589982E-016   7.1992367272396994E-017  -1.1741357378206608E-016 -0.26975997330025048       -5.6676619050402871E-016   4.9532144483236850E-016  -1.5507315138700179E-015   5.0588904803213864E-016  -1.0444356314061898E-015  -9.1130382395570824E-016   1.3109114948404994E-017  -2.3902631001270242E-016  -2.8685412619982545E-016  0.72199683338291865        1.5766935258970162E-016   2.2760339981352921E-017   1.9133650197169010E-015  -4.2961230827888169E-016  0.62805105762883129        1.6345689974274853E-016   1.2691729923421623E-016
   3.8187304654161730E-017 -0.24930854328014640       -1.8023613003155729E-015   4.3633559690521457E-016  -2.2754599039475902E-016  -2.9766947591581767E-016   1.5929042020320396E-016   2.7592437436903198E-016   2.6245849519310881E-016   2.0848772447718088E-016  -2.9494775735226174E-016 -0.26975997330024853       -1.5974553428260277E-016  -2.1527078777239062E-015   8.9525232226635131E-016   5.5158873316472258E-016   1.0679445084609885E-016   7.1507206939924044E-016   5.8126957256819708E-016   7.7824011620524248E-016   2.4827043044664102E-016  0.72199683338291654        1.3281746545000367E-015  -2.0894294930811611E-015   1.2301319783596633E-015   1.6345689974274853E-016  0.62805105762883051        1.1875215124681954E-015
  -5.1198412945687256E-016  -1.1067906157345696E-015 -0.24930854328014371        5.2839515287534747E-016  -5.3952668748105947E-016   9.5260722687806740E-017   9.5062968531096812E-017  -4.5002333952463928E-016   2.2098349818445798E-016   2.9045639203145251E-016   1.0267843153484065E-016   4.3079116331973754E-017 -0.26975997330025259       -6.0710011608048141E-016   1.4891191597833126E-016  -8.6328155334427051E-016  -3.7838265110949015E-017  -2.5279834324107949E-016   4.5416817494677829E-016  -3.3267911806121426E-016   2.5502467975932968E-017   8.7868874189965586E-016  0.72199683338291942        8.9554395754338344E-016  -2.3958961080548510E-016   1.2691729923421623E-016   1.1875215124681954E-015  0.62805105762883262     
