  0.28931537094605631        8.3560217173358013E-016  -2.8893793101500942E-016  -7.7326840913944052E-017  0.52914526213995916        3.0809736355412095E-016   4.3075172621227561E-017  -6.6152441228810843E-017 -0.21547968850563745     
   8.3560217173358013E-016   3.3992083131400995E-030  -6.4409188142196491E-031  -5.0014354514755652E-031   1.5804807247944306E-015   1.4860318265593986E-030   4.9306925836488514E-031   1.7193614138788664E-031   7.6613637532957802E-016
  -2.8893793101500942E-016  -6.4409188142196491E-031   3.2534246787173817E-031   2.3757883034607419E-032  -5.1837189285698030E-016  -1.9253686877994454E-031   2.8191112052351174E-032   1.3618268380040356E-031   4.8339797240796527E-016
  -7.7326840913944052E-017  -5.0014354514755652E-031   2.3757883034607419E-032   9.8392400342383843E-032  -1.5608484455804953E-016  -2.4974913816968705E-031  -1.1502877620619395E-031  -8.4245286965777036E-032  -3.3228057075166828E-016
  0.52914526213995916        1.5804807247944306E-015  -5.1837189285698030E-016  -1.5608484455804953E-016  0.97054783288749669        5.9506556305665884E-016   9.8303714164938666E-017  -1.0176863036060319E-016 -0.32058048245068110     
   3.0809736355412095E-016   1.4860318265593986E-030  -1.9253686877994454E-031  -2.4974913816968705E-031   5.9506556305665884E-016   6.8864669904797974E-031   2.6882206965005537E-031   1.4907977605398089E-031   6.1023277745478205E-016
   4.3075172621227561E-017   4.9306925836488514E-031   2.8191112052351174E-032  -1.1502877620619395E-031   9.8303714164938666E-017   2.6882206965005537E-031   1.4427824453316022E-031   1.2589858486457752E-031   4.8716028067739423E-016
  -6.6152441228810843E-017   1.7193614138788664E-031   1.3618268380040356E-031  -8.4245286965777036E-032  -1.0176863036060319E-016   1.4907977605398089E-031   1.2589858486457752E-031   1.4878903746959092E-031   5.6053831047869129E-016
 -0.21547968850563745        7.6613637532957802E-016   4.8339797240796527E-016  -3.3228057075166828E-016 -0.32058048245068110        6.1023277745478205E-016   4.8716028067739423E-016   5.6053831047869129E-016   2.1161159296773917     
