  0.22806711242590919       -3.3357099682681570E-008  -1.4430199954569128E-008   2.3241005723456539E-008  -3.0580442263169648E-010   3.5552063409039592E-010  -8.9577494633549179E-010  -3.7667525064987556E-010  -2.2783802638908234E-010   6.8246086470372021E-010  0.57924849073380369       -2.2456845274679719E-008  -1.0676290818919178E-008   1.1538867676505039E-008  -4.0155093346492810E-010   1.1219253676877245E-010  -6.9880434976694512E-010  -1.2230959636302255E-010  -1.9243824001923012E-010   5.2385231144204698E-010   1.7120618119751720E-008   7.8682287784122535E-009  -1.0083139353069337E-008 -0.43499027487687947       -6.4656310513061491E-011   1.2947698896929618E-010  -2.3970385645724085E-010  -7.2535743087301579E-011  -9.3005853246928717E-011   1.3720983030879609E-010   9.5142481841886131E-002  -5.6756097809645652E-009  -2.6009935500505614E-009   3.3852539568495924E-009  -3.5760244836316825E-002
  -3.3357099682681570E-008  0.64689025906852804       -7.6447850032474797E-010   2.3594120201764348E-008   3.9607909090254597E-009  -3.4018369959044441E-008   3.0067956926097683E-008  -1.9126289572600981E-008  -4.1143138389378608E-008   1.5165489777134089E-008   2.4200682485889185E-008  0.55250289250359996        9.8967673967993445E-010  -1.4862434826021446E-009  -2.0128444015927381E-012  -1.5715435431450046E-009   1.5438322878770638E-009  -7.6430421190872110E-010  -1.8811782436571040E-009   7.6631018314318292E-010 -0.36673042161035097       -3.2464710693574624E-010  -3.3329190872088668E-009  -2.9898631785007918E-009   6.1468452253197852E-010   7.5318465658029257E-009  -6.9597314174001044E-009   3.1838420797929379E-009   8.3779787437777320E-009  -3.7985398070527011E-009   1.0444529111836834E-010  0.12252749016580895        9.6844703360349258E-011   1.1900765476202122E-009  -1.2961983049450210E-010
  -1.4430199954569128E-008  -7.6447850032474797E-010  0.64689024115891713        7.0614271315689030E-009   1.3506840455711245E-008  -2.0426774783817163E-008   1.0162655458729342E-009  -1.2790320630259081E-008  -5.6188028386801125E-009  -7.1650527463777656E-010   1.1981906138617889E-008  -7.5521992894400428E-010  0.55250289524301144       -2.6369424036042861E-010   4.8261132154091045E-010  -1.1886897287329593E-009  -1.7595792009465817E-010  -6.4208417640101080E-010  -1.0617640865538020E-010   1.5948064636568448E-010   5.2021440271932438E-010 -0.36673041988707600       -1.0962092675382503E-009  -2.2132561342797078E-009  -3.3705758582519849E-009   5.2020313861095746E-009  -6.2041756499366837E-010   3.2444017080340552E-009   2.9215243156065199E-010   1.2617406503676100E-010   2.3095124615094622E-010  -1.7117844481575120E-010  0.12252748952010893        3.8854754764398821E-010  -1.2375464604032156E-010
   2.3241005723456539E-008   2.3594120201764348E-008   7.0614271315689030E-009  0.64689022002019281        8.3552018183403519E-009  -5.5739180494539470E-008  -3.9430067459566268E-009  -2.4826548674402642E-009   4.0237983022280398E-008  -5.8725390815477109E-009  -9.8969854750012118E-009  -5.7323571755385878E-009  -1.8970239214042696E-009  0.55250289847657974        3.4690596212230432E-010  -2.4605005080259280E-009  -3.6092599844975236E-010  -2.3598071497659712E-010   1.7271816267501236E-009  -1.1091697396212522E-010  -1.2756568016857405E-009  -3.0432472300965931E-010 -0.36673041783219418       -2.2002445510935833E-009  -1.0800025153564567E-009   1.1492024961375383E-008   2.0573683092205229E-009   9.9990006804352546E-010  -7.7762793064107616E-009   8.0111840470231781E-011   8.0896716847039866E-010   5.3731573506144782E-010   1.3725628090437802E-010  0.12252748875079340       -2.2867494955782846E-010
  -3.0580442263169648E-010   3.9607909090254597E-009   1.3506840455711245E-008   8.3552018183403519E-009   5.5005409279164125E-004  -3.2368422681062561E-013  -3.8421836958128693E-012  -2.7502704288186517E-004   3.1084258512304307E-012  -2.7502704991043381E-004  -7.5598008800365935E-010   3.3336200527296868E-009   1.1518379210191128E-008   7.0988080375066127E-009   8.7624737962974306E-003  -9.5423636410745255E-013  -1.7258424281133993E-011  -4.3812368721550402E-003   2.4491891850532048E-011  -4.3812369241434043E-003  -1.5945446315486826E-009  -7.9556772636236539E-009  -4.3316331523192788E-009   4.3473599337839589E-010   2.8171941837297026E-002   5.6063293294500948E-013  -7.0671404792968806E-011  -1.4085970826415184E-002   8.5022805827194653E-011  -1.4085971010886376E-002  -5.2821490615774159E-011   4.3800063149350794E-010   2.6096610403154449E-009   1.3568455474955113E-009   2.4746524307190282E-011
   3.5552063409039592E-010  -3.4018369959044441E-008  -2.0426774783817163E-008  -5.5739180494539470E-008  -3.2368422681062561E-013   5.5005409208960191E-004  -2.1004868323875253E-012   1.2570446110390838E-012  -8.9643687117063268E-012  -9.3334023417307097E-013   8.8656258281635932E-010  -2.8983569492199114E-008  -1.7421146144676620E-008  -4.7466301471045818E-008  -6.1887801947798388E-012   8.7624737909476093E-003  -1.1396804896361689E-011   1.4242678770747841E-011  -6.1161308013773802E-011  -8.0538732556268498E-012   1.9377641082346556E-008   1.1893037427205336E-008   3.1371192891938186E-008  -6.4082327918293725E-010  -1.5634315555570532E-011   2.8171941819033021E-002  -4.4791946909871920E-011   4.2968453495925758E-011  -2.1084375846773122E-010  -2.7334062053462092E-011   1.2767684483881820E-010  -6.2892752555449367E-009  -3.8936016794460619E-009  -1.0135866924094178E-008  -4.6652468594213457E-011
  -8.9577494633549179E-010   3.0067956926097683E-008   1.0162655458729342E-009  -3.9430067459566268E-009  -3.8421836958128693E-012  -2.1004868323875253E-012   5.5005409996149819E-004   9.0610886439820677E-012   1.5555132296145366E-013  -5.2189068241879774E-012  -2.2261278340701915E-009   2.5624405911987019E-008   8.7589217664293159E-010  -3.3910884844363735E-009  -3.5996000700722697E-011  -1.7648371414765143E-011   8.7624738500839752E-003   6.6084980462593660E-011   3.4224239684169947E-012  -3.0088994175228407E-011  -1.7271585635834051E-008  -9.2820687781513487E-010   2.7738572075253853E-009   1.4557805286755110E-009  -1.3052486068916529E-010  -6.5162015461823897E-011   2.8171942022220627E-002   2.3550445264453890E-010   1.5883334898119079E-011  -1.0497958223938542E-010  -2.4382661880506891E-010   5.6238829469042885E-009   3.3684865312712489E-010  -9.6363340966390763E-010   9.6553096633200719E-011
  -3.7667525064987556E-010  -1.9126289572600981E-008  -1.2790320630259081E-008  -2.4826548674402642E-009  -2.7502704288186517E-004   1.2570446110390838E-012   9.0610886439820677E-012   5.5005409806205263E-004  -3.2392600666365510E-012  -2.7502705517902179E-004  -9.4288560153002159E-010  -1.6266322308562587E-008  -1.0910477920998153E-008  -2.1276365426648635E-009  -4.3812368728272048E-003   7.0701942744330624E-012   6.5874274594685513E-011   8.7624738347902315E-003  -2.3561847332738388E-011  -4.3812369619614022E-003   1.0440661119151364E-008   7.3991410000432806E-009   1.5687630702862191E-009   6.8367838516221601E-010  -1.4085970828631359E-002   2.0130326321733382E-011   2.3471904837898765E-010   2.8171941973947193E-002  -7.1052312629652383E-011  -1.4085971145312915E-002  -1.3707573996444569E-010  -3.3340627087276501E-009  -2.4164654649573121E-009  -5.2884668867509150E-010   4.9959380752008033E-011
  -2.2783802638908234E-010  -4.1143138389378608E-008  -5.6188028386801125E-009   4.0237983022280398E-008   3.1084258512304307E-012  -8.9643687117063268E-012   1.5555132296145366E-013  -3.2392600666365510E-012   5.5005410579384115E-004   1.3084849451515593E-013  -5.6400741315456880E-010  -3.5033768513197827E-008  -4.7623398554238736E-009   3.4251413806217562E-008   2.1723775824100727E-011  -7.3741890823986003E-011  -3.3693576613394296E-012  -3.0327885619341758E-011   8.7624738935608831E-003   8.6041260640870475E-012   2.3064079557901751E-008   2.7314793603463680E-009  -2.2399866832926605E-008   3.5943873627349010E-010   7.5621616030480696E-011  -2.5130116592699910E-010  -6.1858840101381742E-012  -9.2573579026983357E-011   2.8171942172741191E-002   1.6951966497800396E-011  -5.6921254209481605E-011  -7.4423334094608850E-009  -8.3046841167265968E-010   7.2071783101730553E-009   2.3161923075081991E-011
   6.8246086470372021E-010   1.5165489777134089E-008  -7.1650527463777656E-010  -5.8725390815477109E-009  -2.7502704991043381E-004  -9.3334023417307097E-013  -5.2189068241879774E-012  -2.7502705517902179E-004   1.3084849451515593E-013   5.5005410508894765E-004   1.6988191205573925E-009   1.2932694663525278E-008  -6.0788887276319579E-010  -4.9711647754046529E-009  -4.3812369234807027E-003  -6.1156369047450745E-012  -4.8615880193175756E-011  -4.3812369626166211E-003  -9.2981706355759695E-013   8.7624738860967149E-003  -8.8461116717624323E-009   5.5652668502495951E-010   2.7628652122642510E-009  -1.1183313216268931E-009  -1.4085971008699353E-002  -2.0689927200176818E-011  -1.6404773965067005E-010  -1.4085971147472306E-002  -1.3969761917398553E-011   2.8171942156173278E-002   1.8985682522366553E-010   2.8960604463635194E-009  -1.9319300441682953E-010  -8.2799767113327952E-010  -7.4690925219883981E-011
  0.57924849073380369        2.4200682485889185E-008   1.1981906138617889E-008  -9.8969854750012118E-009  -7.5598008800365935E-010   8.8656258281635932E-010  -2.2261278340701915E-009  -9.4288560153002159E-010  -5.6400741315456880E-010   1.6988191205573925E-009   1.4726615476461404        3.5933354386233123E-008   1.4394169712450159E-008  -2.9513849156220183E-008  -6.3427966752019585E-010   1.1561153864892709E-011  -9.0195997114372922E-010  -7.8963152384576185E-011  -2.2752103988567701E-010   7.1322248574001123E-010  -2.2306366101277637E-008  -9.3245978768486440E-009   1.6780034654021137E-008  -1.0488369785446015        1.0594676375035061E-009  -5.4529103333675273E-010   2.1693089011965696E-009   5.5644321996198057E-010   5.9507068465037034E-010  -1.6158744894902924E-009  0.19956545455323713        7.2938157621239935E-009   3.0572960309416211E-009  -5.4648676237231053E-009  -6.9797844145324639E-002
  -2.2456845274679719E-008  0.55250289250359996       -7.5521992894400428E-010  -5.7323571755385878E-009   3.3336200527296868E-009  -2.8983569492199114E-008   2.5624405911987019E-008  -1.6266322308562587E-008  -3.5033768513197827E-008   1.2932694663525278E-008   3.5933354386233123E-008  0.47234106413468058        7.5607570025646695E-010  -2.3356583739942064E-008  -9.2842058223393099E-010  -2.0133748743614959E-010   4.4452838487983646E-010   5.5144941614857975E-010   1.7335303590137024E-010   3.7696529287037023E-010 -0.28462617521295347       -2.9369853519036845E-010   1.2706317877918164E-008  -1.4611995071625418E-008  -2.4048065078690819E-009   1.0064069769352577E-008  -8.7257904004817062E-009   6.5382420295532854E-009   1.2806180402260457E-008  -4.1334468296201117E-009   2.8388217932029743E-009   7.9221445193376927E-002   9.4152300177335997E-011  -4.1063871794254091E-009  -1.0653275008159528E-009
  -1.0676290818919178E-008   9.8967673967993445E-010  0.55250289524301144       -1.8970239214042696E-009   1.1518379210191128E-008  -1.7421146144676620E-008   8.7589217664293159E-010  -1.0910477920998153E-008  -4.7623398554238736E-009  -6.0788887276319579E-010   1.4394169712450159E-008   7.5607570025646695E-010  0.47234108186473744       -6.9899980088500180E-009   1.8512152658072504E-010  -6.6409175083931160E-010   5.2264386943756786E-011  -3.5304871775333441E-010   5.9347936656640728E-010   1.6793384722348695E-010  -5.6501855692174421E-010 -0.28462618457677835        3.8455407432628655E-009  -5.2948140500422763E-009  -3.6173750079810300E-009   5.5624030665545218E-009   9.1362745154250983E-011   3.3938635753690049E-009   2.4146603521396744E-009   2.2351135529392004E-010   1.0100954264150240E-009   1.8705203662056819E-010   7.9221448213055018E-002  -1.2446582472986068E-009  -3.8355865468141891E-010
   1.1538867676505039E-008  -1.4862434826021446E-009  -2.6369424036042861E-010  0.55250289847657974        7.0988080375066127E-009  -4.7466301471045818E-008  -3.3910884844363735E-009  -2.1276365426648635E-009   3.4251413806217562E-008  -4.9711647754046529E-009  -2.9513849156220183E-008  -2.3356583739942064E-008  -6.9899980088500180E-009  0.47234110279102248       -3.9123079706856993E-010   2.2105922687443699E-010  -7.9301165763954509E-010  -3.4838282657277274E-010  -4.8381773658031970E-010   7.3962068563430394E-010   1.2044380218104481E-008   3.5901002092868236E-009 -0.28462619564994318        1.4365545633555391E-008  -3.0939480221850653E-009   1.7195444147273396E-008   2.3022504056825072E-010   3.8727339379172474E-010  -1.2859737344934216E-008   2.7066826402915975E-009  -2.8911249854499478E-009  -3.8796417301287227E-009  -1.1571270544866341E-009   7.9221451783869912E-002   1.0628504080486624E-009
  -4.0155093346492810E-010  -2.0128444015927381E-012   4.8261132154091045E-010   3.4690596212230432E-010   8.7624737962974306E-003  -6.1887801947798388E-012  -3.5996000700722697E-011  -4.3812368728272048E-003   2.1723775824100727E-011  -4.3812369234807027E-003  -6.3427966752019585E-010  -9.2842058223393099E-010   1.8512152658072504E-010  -3.9123079706856993E-010  0.13958799332112440       -3.1990065358657859E-011   1.2672194789575569E-010  -6.9793996734894823E-002  -5.2566692472249964E-011  -6.9793996586245730E-002  -5.6052604884636833E-010   3.1498629260141166E-011  -6.7996094024986277E-010   7.1337342745133811E-010  0.44878477476182543       -4.5054573211352038E-011   1.6552933937767196E-010 -0.22439238748191268       -6.8966964859508408E-011 -0.22439238727998503       -2.1156935167188349E-010   3.8173438923786520E-010  -2.3007210135601681E-011   3.2944476827527869E-010   6.6603126042900898E-011
   1.1219253676877245E-010  -1.5715435431450046E-009  -1.1886897287329593E-009  -2.4605005080259280E-009  -9.5423636410745255E-013   8.7624737909476093E-003  -1.7648371414765143E-011   7.0701942744330624E-012  -7.3741890823986003E-011  -6.1156369047450745E-012   1.1561153864892709E-011  -2.0133748743614959E-010  -6.6409175083931160E-010   2.2105922687443699E-010  -3.1990065358657859E-011  0.13958799333055566        7.0025997303374137E-011   2.0925783279940994E-011   1.2558041054525909E-010   1.1064685444677625E-011   1.1244049282639677E-009   7.4712143107586643E-010   2.0943722872652058E-009  -1.0070946801697579E-010  -3.4944272803225354E-011  0.44878477477523793        9.5294275906984291E-011   2.2321143761671974E-011   1.7743839707377139E-010   1.2624337932903546E-011   3.9306803775723749E-011  -4.1066179427060898E-010  -1.6560228887578102E-010  -8.6920038428183798E-010  -1.1374109307690189E-011
  -6.9880434976694512E-010   1.5438322878770638E-009  -1.7595792009465817E-010  -3.6092599844975236E-010  -1.7258424281133993E-011  -1.1396804896361689E-011   8.7624738500839752E-003   6.5874274594685513E-011  -3.3693576613394296E-012  -4.8615880193175756E-011  -9.0195997114372922E-010   4.4452838487983646E-010   5.2264386943756786E-011  -7.9301165763954509E-010   1.2672194789575569E-010   7.0025997303374137E-011  0.13958799321553594       -1.9753254108424780E-010  -3.9175190666276809E-011   7.0810363586535221E-011  -1.0815595842206884E-009   6.6717526347017306E-010  -1.9685717918307925E-010   1.1209946555988201E-009   1.7172693920766039E-010   9.0977370880275358E-011  0.44878477461346133       -2.6810356755109128E-010  -4.8223245774351413E-011   9.6376783133587477E-011  -3.4348093602300618E-010   3.3715074411770804E-010  -2.4027596070848280E-010   2.1127647204360431E-010   1.0691651711471667E-010
  -1.2230959636302255E-010  -7.6430421190872110E-010  -6.4208417640101080E-010  -2.3598071497659712E-010  -4.3812368721550402E-003   1.4242678770747841E-011   6.6084980462593660E-011   8.7624738347902315E-003  -3.0327885619341758E-011  -4.3812369626166211E-003  -7.8963152384576185E-011   5.5144941614857975E-010  -3.5304871775333441E-010  -3.4838282657277274E-010  -6.9793996734894823E-002   2.0925783279940994E-011  -1.9753254108424780E-010  0.13958799321014539       -3.6146521979072603E-011  -6.9793996475224704E-002   9.4211883947188907E-010   3.9994170546106728E-010   1.1368289463923612E-010   1.3888637678225196E-010 -0.22439238748278942        2.5856075058409237E-011  -2.6982480943150340E-010  0.44878477461041466       -4.1325676700738514E-011 -0.22439238712757875       -4.5102254300397205E-011  -4.6566132379497572E-010  -9.3752856971161770E-011   2.2088753085937101E-011   1.3772621848864382E-011
  -1.9243824001923012E-010  -1.8811782436571040E-009  -1.0617640865538020E-010   1.7271816267501236E-009   2.4491891850532048E-011  -6.1161308013773802E-011   3.4224239684169947E-012  -2.3561847332738388E-011   8.7624738935608831E-003  -9.2981706355759695E-013  -2.2752103988567701E-010   1.7335303590137024E-010   5.9347936656640728E-010  -4.8381773658031970E-010  -5.2566692472249964E-011   1.2558041054525909E-010  -3.9175190666276809E-011  -3.6146521979072603E-011  0.13958799312159095        8.8713473603095929E-011   1.7321173502607515E-009   4.3077289474826141E-010  -1.7027068129973804E-009   3.0516964375211353E-010  -7.6955132775756234E-011   1.7727994111292369E-010  -5.1941181262704724E-011  -3.7631321127505830E-011  0.44878477448252102        1.1458650965798216E-010  -9.7019719684374385E-011  -7.0920314348674425E-010  -2.8183279846166720E-010   7.6029647206587504E-010   2.9863005708903676E-011
   5.2385231144204698E-010   7.6631018314318292E-010   1.5948064636568448E-010  -1.1091697396212522E-010  -4.3812369241434043E-003  -8.0538732556268498E-012  -3.0088994175228407E-011  -4.3812369619614022E-003   8.6041260640870475E-012   8.7624738860967149E-003   7.1322248574001123E-010   3.7696529287037023E-010   1.6793384722348695E-010   7.3962068563430394E-010  -6.9793996586245730E-002   1.1064685444677625E-011   7.0810363586535221E-011  -6.9793996475224704E-002   8.8713473603095929E-011  0.13958799306146072       -3.8158935821891829E-010  -4.3144495802278902E-010   5.6627306280219358E-010  -8.5223045951052626E-010 -0.22439238727908797        1.9199795008816476E-011   1.0429473187404419E-010 -0.22439238712841883        1.1029347475055504E-010  0.44878477440753256        2.5663613458421426E-010   8.3925424175756825E-011   1.1676107489849550E-010  -3.5153177571601992E-010  -8.0358984231250918E-011
   1.7120618119751720E-008 -0.36673042161035097        5.2021440271932438E-010  -1.2756568016857405E-009  -1.5945446315486826E-009   1.9377641082346556E-008  -1.7271585635834051E-008   1.0440661119151364E-008   2.3064079557901751E-008  -8.8461116717624323E-009  -2.2306366101277637E-008 -0.28462617521295347       -5.6501855692174421E-010   1.2044380218104481E-008  -5.6052604884636833E-010   1.1244049282639677E-009  -1.0815595842206884E-009   9.4211883947188907E-010   1.7321173502607515E-009  -3.8158935821891829E-010   2.5394407978624067        2.0894190632783769E-010  -5.8185252812020351E-009   7.8736486811469694E-009   1.5908893574914521E-009  -6.5847588557506167E-009   5.7763302758367086E-009  -4.2931227339030680E-009  -8.4558183921970446E-009   2.7022381826339988E-009  -1.4458721718029721E-009 -0.97315359523068656       -6.5661978304440426E-011   1.8602375509654935E-009   5.5847579228025010E-010
   7.8682287784122535E-009  -3.2464710693574624E-010 -0.36673041988707600       -3.0432472300965931E-010  -7.9556772636236539E-009   1.1893037427205336E-008  -9.2820687781513487E-010   7.3991410000432806E-009   2.7314793603463680E-009   5.5652668502495951E-010  -9.3245978768486440E-009  -2.9369853519036845E-010 -0.28462618457677835        3.5901002092868236E-009   3.1498629260141166E-011   7.4712143107586643E-010   6.6717526347017306E-010   3.9994170546106728E-010   4.3077289474826141E-010  -4.3144495802278902E-010   2.0894190632783769E-010   2.5394408022579400       -1.7517482344285056E-009   3.0515089477070492E-009   2.2123985150949161E-009  -3.7348747432449302E-009  -3.1024367168633575E-010  -2.2667233099263117E-009  -1.5753946309862803E-009   5.4323750502056115E-011  -5.4872336535207220E-010  -6.8965437902024268E-011 -0.97315359663249834        5.6084790532781029E-010   2.1464570707933005E-010
  -1.0083139353069337E-008  -3.3329190872088668E-009  -1.0962092675382503E-009 -0.36673041783219418       -4.3316331523192788E-009   3.1371192891938186E-008   2.7738572075253853E-009   1.5687630702862191E-009  -2.2399866832926605E-008   2.7628652122642510E-009   1.6780034654021137E-008   1.2706317877918164E-008   3.8455407432628655E-009 -0.28462619564994318       -6.7996094024986277E-010   2.0943722872652058E-009  -1.9685717918307925E-010   1.1368289463923612E-010  -1.7027068129973804E-009   5.6627306280219358E-010  -5.8185252812020351E-009  -1.7517482344285056E-009   2.5394408074600943       -6.8902302118975966E-009   2.1145743341283601E-009  -1.1268394400951276E-008  -1.3172225664227038E-010  -3.1945390905160435E-010   8.4495098421551842E-009  -1.7951264337224279E-009   1.3197124589483606E-009   1.8521374437670903E-009   5.5771016266192327E-010 -0.97315359829128190       -4.9771152108843101E-010
 -0.43499027487687947       -2.9898631785007918E-009  -2.2132561342797078E-009  -2.2002445510935833E-009   4.3473599337839589E-010  -6.4082327918293725E-010   1.4557805286755110E-009   6.8367838516221601E-010   3.5943873627349010E-010  -1.1183313216268931E-009  -1.0488369785446015       -1.4611995071625418E-008  -5.2948140500422763E-009   1.4365545633555391E-008   7.1337342745133811E-010  -1.0070946801697579E-010   1.1209946555988201E-009   1.3888637678225196E-010   3.0516964375211353E-010  -8.5223045951052626E-010   7.8736486811469694E-009   3.0515089477070492E-009  -6.8902302118975966E-009   3.2212232869785518       -7.1819055312980323E-010   3.1974234276200100E-010  -1.4114005159518701E-009  -3.4237681644494385E-010  -3.8291503620921239E-010   1.0601877492049727E-009  -1.2685746080548421       -2.5452492454968460E-009  -9.9196618581514317E-010   2.2071404576048277E-009  0.34140120947596148     
  -6.4656310513061491E-011   6.1468452253197852E-010  -3.3705758582519849E-009  -1.0800025153564567E-009   2.8171941837297026E-002  -1.5634315555570532E-011  -1.3052486068916529E-010  -1.4085970828631359E-002   7.5621616030480696E-011  -1.4085971008699353E-002   1.0594676375035061E-009  -2.4048065078690819E-009  -3.6173750079810300E-009  -3.0939480221850653E-009  0.44878477476182543       -3.4944272803225354E-011   1.7172693920766039E-010 -0.22439238748278942       -7.6955132775756234E-011 -0.22439238727908797        1.5908893574914521E-009   2.2123985150949161E-009   2.1145743341283601E-009  -7.1819055312980323E-010   1.4428731960827077        7.3468529224755781E-011  -2.2557971239486619E-010 -0.72143659792526493        7.4214576597021226E-011 -0.72143659815767502        1.7716570924407830E-010  -6.1892022313533900E-010  -7.1318972137810708E-010  -7.3831361027667254E-010  -5.9786729616680634E-011
   1.2947698896929618E-010   7.5318465658029257E-009   5.2020313861095746E-009   1.1492024961375383E-008   5.6063293294500948E-013   2.8171941819033021E-002  -6.5162015461823897E-011   2.0130326321733382E-011  -2.5130116592699910E-010  -2.0689927200176818E-011  -5.4529103333675273E-010   1.0064069769352577E-008   5.5624030665545218E-009   1.7195444147273396E-008  -4.5054573211352038E-011  0.44878477477523793        9.0977370880275358E-011   2.5856075058409237E-011   1.7727994111292369E-010   1.9199795008816476E-011  -6.5847588557506167E-009  -3.7348747432449302E-009  -1.1268394400951276E-008   3.1974234276200100E-010   7.3468529224755781E-011   1.4428731960714647       -1.2495900064231517E-010  -6.1409407309372630E-011  -1.5763845671494190E-010  -1.2055235240310987E-011  -7.3526993477190446E-011   2.1527913201996488E-009   1.1640914148009380E-009   3.7426124702090072E-009   2.5505974690882157E-011
  -2.3970385645724085E-010  -6.9597314174001044E-009  -6.2041756499366837E-010   2.0573683092205229E-009  -7.0671404792968806E-011  -4.4791946909871920E-011   2.8171942022220627E-002   2.3471904837898765E-010  -6.1858840101381742E-012  -1.6404773965067005E-010   2.1693089011965696E-009  -8.7257904004817062E-009   9.1362745154250983E-011   2.3022504056825072E-010   1.6552933937767196E-010   9.5294275906984291E-011  0.44878477461346133       -2.6982480943150340E-010  -5.1941181262704724E-011   1.0429473187404419E-010   5.7763302758367086E-009  -3.1024367168633575E-010  -1.3172225664227038E-010  -1.4114005159518701E-009  -2.2557971239486619E-010  -1.2495900064231517E-010   1.4428731962201380        3.1235014599525057E-010   8.2904820498671412E-011  -8.6769935948012774E-011   3.4064401044988973E-010  -1.8583276080702528E-009   1.0527393060954189E-010  -3.4397893015628076E-011  -1.1587961653151055E-010
  -7.2535743087301579E-011   3.1838420797929379E-009   3.2444017080340552E-009   9.9990006804352546E-010  -1.4085970826415184E-002   4.2968453495925758E-011   2.3550445264453890E-010   2.8171941973947193E-002  -9.2573579026983357E-011  -1.4085971147472306E-002   5.5644321996198057E-010   6.5382420295532854E-009   3.3938635753690049E-009   3.8727339379172474E-010 -0.22439238748191268        2.2321143761671974E-011  -2.6810356755109128E-010  0.44878477461041466       -3.7631321127505830E-011 -0.22439238712841883       -4.2931227339030680E-009  -2.2667233099263117E-009  -3.1945390905160435E-010  -3.4237681644494385E-010 -0.72143659792526493       -6.1409407309372630E-011   3.1235014599525057E-010   1.4428731962562678        1.1978225290091852E-010 -0.72143659833085327        7.7526385807356147E-011   1.4715557094680173E-009   7.1253353376727543E-010   7.0800114960092774E-011  -2.7020616346440764E-011
  -9.3005853246928717E-011   8.3779787437777320E-009   2.9215243156065199E-010  -7.7762793064107616E-009   8.5022805827194653E-011  -2.1084375846773122E-010   1.5883334898119079E-011  -7.1052312629652383E-011   2.8171942172741191E-002  -1.3969761917398553E-011   5.9507068465037034E-010   1.2806180402260457E-008   2.4146603521396744E-009  -1.2859737344934216E-008  -6.8966964859508408E-011   1.7743839707377139E-010  -4.8223245774351413E-011  -4.1325676700738514E-011  0.44878477448252102        1.1029347475055504E-010  -8.4558183921970446E-009  -1.5753946309862803E-009   8.4495098421551842E-009  -3.8291503620921239E-010   7.4214576597021226E-011  -1.5763845671494190E-010   8.2904820498671412E-011   1.1978225290091852E-010   1.4428731963492520       -1.9399665025001172E-010   9.4044008873263225E-011   2.8090763466076943E-009   5.8399249022570439E-010  -2.8406280481034073E-009  -3.1808664227830966E-011
   1.3720983030879609E-010  -3.7985398070527011E-009   1.2617406503676100E-010   8.0111840470231781E-011  -1.4085971010886376E-002  -2.7334062053462092E-011  -1.0497958223938542E-010  -1.4085971145312915E-002   1.6951966497800396E-011   2.8171942156173278E-002  -1.6158744894902924E-009  -4.1334468296201117E-009   2.2351135529392004E-010   2.7066826402915975E-009 -0.22439238727998503        1.2624337932903546E-011   9.6376783133587477E-011 -0.22439238712757875        1.1458650965798216E-010  0.44878477440753256        2.7022381826339988E-009   5.4323750502056115E-011  -1.7951264337224279E-009   1.0601877492049727E-009 -0.72143659815767502       -1.2055235240310987E-011  -8.6769935948012774E-011 -0.72143659833085327       -1.9399665025001172E-010   1.4428731964886110       -2.5444002173013339E-010  -8.5263736200711156E-010   6.5536263170695009E-013   6.6751586394606940E-010   8.6728666758692410E-011
   9.5142481841886131E-002   1.0444529111836834E-010   2.3095124615094622E-010   8.0896716847039866E-010  -5.2821490615774159E-011   1.2767684483881820E-010  -2.4382661880506891E-010  -1.3707573996444569E-010  -5.6921254209481605E-011   1.8985682522366553E-010  0.19956545455323713        2.8388217932029743E-009   1.0100954264150240E-009  -2.8911249854499478E-009  -2.1156935167188349E-010   3.9306803775723749E-011  -3.4348093602300618E-010  -4.5102254300397205E-011  -9.7019719684374385E-011   2.5663613458421426E-010  -1.4458721718029721E-009  -5.4872336535207220E-010   1.3197124589483606E-009  -1.2685746080548421        1.7716570924407830E-010  -7.3526993477190446E-011   3.4064401044988973E-010   7.7526385807356147E-011   9.4044008873263225E-011  -2.5444002173013339E-010   2.7645742403380260        4.6499002622292033E-010   1.7749815280837337E-010  -4.2042929628366357E-010 -0.85046684651026927     
  -5.6756097809645652E-009  0.12252749016580895       -1.7117844481575120E-010   5.3731573506144782E-010   4.3800063149350794E-010  -6.2892752555449367E-009   5.6238829469042885E-009  -3.3340627087276501E-009  -7.4423334094608850E-009   2.8960604463635194E-009   7.2938157621239935E-009   7.9221445193376927E-002   1.8705203662056819E-010  -3.8796417301287227E-009   3.8173438923786520E-010  -4.1066179427060898E-010   3.3715074411770804E-010  -4.6566132379497572E-010  -7.0920314348674425E-010   8.3925424175756825E-011 -0.97315359523068656       -6.8965437902024268E-011   1.8521374437670903E-009  -2.5452492454968460E-009  -6.1892022313533900E-010   2.1527913201996488E-009  -1.8583276080702528E-009   1.4715557094680173E-009   2.8090763466076943E-009  -8.5263736200711156E-010   4.6499002622292033E-010   2.3744760470689634        2.1645163629327848E-011  -5.9145074797056881E-010  -1.8008507644384306E-010
  -2.6009935500505614E-009   9.6844703360349258E-011  0.12252748952010893        1.3725628090437802E-010   2.6096610403154449E-009  -3.8936016794460619E-009   3.3684865312712489E-010  -2.4164654649573121E-009  -8.3046841167265968E-010  -1.9319300441682953E-010   3.0572960309416211E-009   9.4152300177335997E-011   7.9221448213055018E-002  -1.1571270544866341E-009  -2.3007210135601681E-011  -1.6560228887578102E-010  -2.4027596070848280E-010  -9.3752856971161770E-011  -2.8183279846166720E-010   1.1676107489849550E-010  -6.5661978304440426E-011 -0.97315359663249834        5.5771016266192327E-010  -9.9196618581514317E-010  -7.1318972137810708E-010   1.1640914148009380E-009   1.0527393060954189E-010   7.1253353376727543E-010   5.8399249022570439E-010   6.5536263170695009E-013   1.7749815280837337E-010   2.1645163629327848E-011   2.3744760475156999       -1.7834104301329764E-010  -6.9606238401458920E-011
   3.3852539568495924E-009   1.1900765476202122E-009   3.8854754764398821E-010  0.12252748875079340        1.3568455474955113E-009  -1.0135866924094178E-008  -9.6363340966390763E-010  -5.2884668867509150E-010   7.2071783101730553E-009  -8.2799767113327952E-010  -5.4648676237231053E-009  -4.1063871794254091E-009  -1.2446582472986068E-009   7.9221451783869912E-002   3.2944476827527869E-010  -8.6920038428183798E-010   2.1127647204360431E-010   2.2088753085937101E-011   7.6029647206587504E-010  -3.5153177571601992E-010   1.8602375509654935E-009   5.6084790532781029E-010 -0.97315359829128190        2.2071404576048277E-009  -7.3831361027667254E-010   3.7426124702090072E-009  -3.4397893015628076E-011   7.0800114960092774E-011  -2.8406280481034073E-009   6.6751586394606940E-010  -4.2042929628366357E-010  -5.9145074797056881E-010  -1.7834104301329764E-010   2.3744760480438964        1.5901334864501864E-010
  -3.5760244836316825E-002  -1.2961983049450210E-010  -1.2375464604032156E-010  -2.2867494955782846E-010   2.4746524307190282E-011  -4.6652468594213457E-011   9.6553096633200719E-011   4.9959380752008033E-011   2.3161923075081991E-011  -7.4690925219883981E-011  -6.9797844145324639E-002  -1.0653275008159528E-009  -3.8355865468141891E-010   1.0628504080486624E-009   6.6603126042900898E-011  -1.1374109307690189E-011   1.0691651711471667E-010   1.3772621848864382E-011   2.9863005708903676E-011  -8.0358984231250918E-011   5.5847579228025010E-010   2.1464570707933005E-010  -4.9771152108843101E-010  0.34140120947596148       -5.9786729616680634E-011   2.5505974690882157E-011  -1.1587961653151055E-010  -2.7020616346440764E-011  -3.1808664227830966E-011   8.6728666758692410E-011 -0.85046684651026927       -1.8008507644384306E-010  -6.9606238401458920E-011   1.5901334864501864E-010   2.2632165304388452     
