  0.31190547431348509        1.2631455408989262E-016  -1.7548034698537390E-017   2.6020648686374447E-016  0.55031250062924753        2.6177812897027045E-016   3.2329999415454728E-017  -1.4893792796020591E-016   1.7635159100967227E-015   3.0996952058108391E-018   3.2405439927327063E-018   1.6188180810240902E-015  -8.1136508991410840E-019   1.7076155504572961E-015 -0.25603467722019535     
   1.2631455408989262E-016  0.22520210425508938        3.3786450200079840E-017   6.6682951116910825E-017   1.1724422800438404E-016  0.21750901423172611        1.2249677545465380E-016   1.7271792358599259E-016   4.7793698405670475E-017   3.9221866106252098E-018  -2.4365404873280411E-018   4.6332057703709719E-017  -1.0974453748143664E-017   4.1685026902256378E-017  -5.0445610140521127E-016
  -1.7548034698537390E-017   3.3786450200079840E-017  0.22520210425508952       -1.7572206710558754E-016  -1.6247424369676116E-016   7.1557343384042553E-017  0.21750901423172622       -1.4922235900642225E-016   6.1597154945509092E-018   4.5933614721084084E-018  -2.8054202245094623E-018  -2.7265538647902792E-018  -1.0164600445719618E-017  -9.6809942984170187E-018  -1.4831262308351120E-015
   2.6020648686374447E-016   6.6682951116910825E-017  -1.7572206710558754E-016  0.22520210425508908        3.5850317031256624E-016   4.0854093111969272E-017  -1.0485138509745253E-016  0.21750901423172581        1.4548289785274222E-017  -5.4970593313069021E-018   7.0640679293591525E-018   2.5674118249290309E-017   7.9413996745022363E-018   6.1731463510668301E-018  -9.9124444338420470E-016
  0.55031250062924753        1.1724422800438404E-016  -1.6247424369676116E-016   3.5850317031256624E-016  0.97425567400590407        4.1303376235207896E-016   1.2292574664603938E-017  -2.9199746277702909E-016   3.1593127556568521E-015   5.5131620001906187E-018   5.7685331704884307E-018   2.8955126803920259E-015  -1.4188376811321554E-018   3.0504455717583115E-015 -0.37153303955165179     
   2.6177812897027045E-016  0.21750901423172611        7.1557343384042553E-017   4.0854093111969272E-017   4.1303376235207896E-016  0.21007872652232587        1.5590601364888976E-016   1.4408143370521975E-016   4.6161026163996093E-017   3.7882014741018363E-018  -2.3533062503452812E-018   4.4749316316541089E-017  -1.0599557337113361E-017   4.0261031928293685E-017   6.8723197340690089E-016
   3.2329999415454728E-017   1.2249677545465380E-016  0.21750901423172622       -1.0485138509745253E-016   1.2292574664603938E-017   1.5590601364888976E-016  0.21007872652232595       -8.1468758244181374E-017   5.9492945219126000E-018   4.4364484475535788E-018  -2.7095847508050545E-018  -2.6334125311200349E-018  -9.8173692928887187E-018  -9.3502835313040097E-018   5.2169628245787587E-016
  -1.4893792796020591E-016   1.7271792358599259E-016  -1.4922235900642225E-016  0.21750901423172581       -2.9199746277702909E-016   1.4408143370521975E-016  -8.1468758244181374E-017  0.21007872652232551        1.4051308181240899E-017  -5.3092752409255289E-018   6.8227535300489329E-018   2.4797069148812903E-017   7.6701148976146592E-018   5.9622665692656988E-018   1.0183195644626384E-015
   1.7635159100967227E-015   4.7793698405670475E-017   6.1597154945509092E-018   1.4548289785274222E-017   3.1593127556568521E-015   4.6161026163996093E-017   5.9492945219126000E-018   1.4051308181240899E-017   1.0674059954311458E-029   1.8767736581132898E-032   1.8922962440472685E-032   9.7331560554697820E-030  -6.4978650741876367E-033   1.0207653839847328E-029  -2.8773751305057297E-016
   3.0996952058108391E-018   3.9221866106252098E-018   4.5933614721084084E-018  -5.4970593313069021E-018   5.5131620001906187E-018   3.7882014741018363E-018   4.4364484475535788E-018  -5.3092752409255289E-018   1.8767736581132898E-032   3.2757415347371602E-034  -2.3920021217895637E-034   1.6737884980789515E-032  -6.0019664554055777E-034   1.7850363227636885E-032  -1.4730035868343108E-018
   3.2405439927327063E-018  -2.4365404873280411E-018  -2.8054202245094623E-018   7.0640679293591525E-018   5.7685331704884307E-018  -2.3533062503452812E-018  -2.7095847508050545E-018   6.8227535300489329E-018   1.8922962440472685E-032  -2.3920021217895637E-034   3.1734898312999763E-034   1.7763916494528237E-032   4.8623001308688036E-034   1.8184873109911614E-032  -1.4222181416880089E-018
   1.6188180810240902E-015   4.6332057703709719E-017  -2.7265538647902792E-018   2.5674118249290309E-017   2.8955126803920259E-015   4.4749316316541089E-017  -2.6334125311200349E-018   2.4797069148812903E-017   9.7331560554697820E-030   1.6737884980789515E-032   1.7763916494528237E-032   8.8821372333011525E-030  -5.2894478490053236E-033   9.3192468178403918E-030  -3.7507107648876079E-016
  -8.1136508991410840E-019  -1.0974453748143664E-017  -1.0164600445719618E-017   7.9413996745022363E-018  -1.4188376811321554E-018  -1.0599557337113361E-017  -9.8173692928887187E-018   7.6701148976146592E-018  -6.4978650741876367E-033  -6.0019664554055777E-034   4.8623001308688036E-034  -5.2894478490053236E-033   1.2757867515063313E-033  -5.6744306612573013E-033   9.7392202480415106E-019
   1.7076155504572961E-015   4.1685026902256378E-017  -9.6809942984170187E-018   6.1731463510668301E-018   3.0504455717583115E-015   4.0261031928293685E-017  -9.3502835313040097E-018   5.9622665692656988E-018   1.0207653839847328E-029   1.7850363227636885E-032   1.8184873109911614E-032   9.3192468178403918E-030  -5.6744306612573013E-033   9.7845483517323042E-030  -4.9008716912049933E-016
 -0.25603467722019535       -5.0445610140521127E-016  -1.4831262308351120E-015  -9.9124444338420470E-016 -0.37153303955165179        6.8723197340690089E-016   5.2169628245787587E-016   1.0183195644626384E-015  -2.8773751305057297E-016  -1.4730035868343108E-018  -1.4222181416880089E-018  -3.7507107648876079E-016   9.7392202480415106E-019  -4.9008716912049933E-016   2.1546408968227833     
