  0.34297801874612532       -3.9338972333791506E-016   2.2177282892677154E-017  -1.0723313956811101E-016  0.62268005232972812       -6.1786812690920355E-015   2.2875297375836403E-018  -1.5284985942254176E-017  -5.0166249093791441E-015   1.7076613777990462E-017  -3.5762405975234317E-015  -3.8710660514626858E-016   2.5354471610288662E-016  -2.4870926570633585E-017 -0.46857888421205540       -2.7842108323024065E-016  -1.3966388482431451E-016  -1.0634776235403478E-016   8.3864019981458648E-002
  -3.9338972333791506E-016  0.74576968703457480       -9.2761433412361272E-016   2.5201241856492479E-016   2.6179324065515132E-016  -2.9790529607490803E-016   7.7899543667971238E-017  -5.6606526094641977E-018  -3.3303100861316505E-018  -6.0358866865217068E-017   9.7442905068855644E-017  0.52916952785128224       -2.8203169000781792E-016   2.6259461762056635E-016  -2.0846770694763166E-015  0.31600887950753698       -9.8314717141111974E-017   2.3657638157746479E-016   9.7920089486759941E-016
   2.2177282892677154E-017  -9.2761433412361272E-016  0.74576968703457391        2.0990661451907106E-016   5.0175952625042636E-016  -3.1989128793046993E-016   7.3082270070179144E-017  -1.0871709308323094E-016  -9.8546786070766136E-017   1.4952171563117912E-016  -1.4843142676703678E-016  -3.5859330294133195E-016  0.52916952785128146        4.8804834486983905E-016   9.8444017747730570E-016   7.4774185699953999E-016  0.31600887950754253        3.4880456778929505E-016  -5.2999348293563544E-016
  -1.0723313956811101E-016   2.5201241856492479E-016   2.0990661451907106E-016  0.74576968703457214       -4.0292081215750386E-016   1.3701555870550212E-016  -1.5093457735589696E-016  -9.7262449839661955E-017   1.8033726594327879E-016   7.0756311751791391E-017   2.4010789194223945E-016   3.7875330140545252E-016   5.6614973686710102E-016  0.52916952785128313       -1.4774619876115935E-016   6.2780669446583984E-016  -2.8136811027972221E-017  0.31600887950754003       -6.0610674949269982E-016
  0.62268005232972812        2.6179324065515132E-016   5.0175952625042636E-016  -4.0292081215750386E-016   1.1345408527363525       -1.1548807682481929E-014   3.9702972257194520E-018  -2.8277847814111223E-017  -9.4416638915601245E-015   3.0780635451302277E-017  -6.7937813684528192E-015   8.5439170856612289E-017   7.2180883805047621E-016  -1.9403750237941590E-016 -0.76548285111616610        4.9408216974246722E-016   1.3753964839741312E-016  -6.6681237202347587E-017   9.4756147869099500E-002
  -6.1786812690920355E-015  -2.9790529607490803E-016  -3.1989128793046993E-016   1.3701555870550212E-016  -1.1548807682481929E-014   1.4119783841030567E-028  -9.6328313192823362E-032   7.4446964805608382E-031   1.1956061844025944E-028  -5.0067627631338842E-031   9.0888683655589118E-029  -2.0771892409377094E-016  -1.9453291584942515E-016   7.6543632076712406E-017   6.8365811667733314E-016  -2.0493623542241706E-016  -8.3271870682352050E-016   5.0230385890478121E-016   1.4579549756793477E-015
   2.2875297375836403E-018   7.7899543667971238E-017   7.3082270070179144E-017  -1.5093457735589696E-016   3.9702972257194520E-018  -9.6328313192823362E-032   1.4078454979150726E-031  -2.2464316486785454E-031  -1.1663543651187933E-031  -1.5419057798530258E-032  -1.3466336006277936E-031   4.4435300631274639E-017   6.3244166745409389E-017  -9.4874520852876118E-017  -7.5836544356481037E-018   2.6588570648474869E-016  -2.1369525006395906E-016  -3.2656012920692032E-016   1.8082612645434499E-018
  -1.5284985942254176E-017  -5.6606526094641977E-018  -1.0871709308323094E-016  -9.7262449839661955E-017  -2.8277847814111223E-017   7.4446964805608382E-031  -2.2464316486785454E-031   2.4636074078052070E-030  -1.8002926278543848E-031  -8.5075742653978729E-032   5.8941771146493496E-031  -3.1711516437447513E-017  -8.5275504410613111E-017  -1.6564559171168656E-016   8.2595863156782106E-018   5.9261735727692999E-016   1.2868953719915262E-016   2.0348888533623769E-015   4.1852256049392570E-019
  -5.0166249093791441E-015  -3.3303100861316505E-018  -9.8546786070766136E-017   1.8033726594327879E-016  -9.4416638915601245E-015   1.1956061844025944E-028  -1.1663543651187933E-031  -1.8002926278543848E-031   1.0327733567555515E-028  -1.0525982343338743E-031   7.9087677313280033E-029   9.7448343885485357E-018  -9.7238148796035806E-017   1.4590123067935302E-016  -9.3590040671776987E-016  -2.6154504363305905E-016   5.4505538019034234E-016  -3.0903726017480516E-016   1.8266326883677803E-015
   1.7076613777990462E-017  -6.0358866865217068E-017   1.4952171563117912E-016   7.0756311751791391E-017   3.0780635451302277E-017  -5.0067627631338842E-031  -1.5419057798530258E-032  -8.5075742653978729E-032  -1.0525982343338743E-031   1.5742419022323128E-031  -7.7846216653474982E-032  -5.1743033455160710E-017   8.7147172921513539E-017   5.6681323980594285E-017  -2.9035570388471664E-017   1.6595302332020342E-016   4.7044218611636421E-016  -1.0913895761612153E-016   5.0774146833738400E-018
  -3.5762405975234317E-015   9.7442905068855644E-017  -1.4843142676703678E-016   2.4010789194223945E-016  -6.7937813684528192E-015   9.0888683655589118E-029  -1.3466336006277936E-031   5.8941771146493496E-031   7.9087677313280033E-029  -7.7846216653474982E-032   6.1596094510143326E-029   6.0267878610372807E-017  -1.2672634254954294E-016   1.5752491155389113E-016  -2.1362271006311421E-015   2.3194186033626137E-016   3.9698551510459653E-016   3.7774315454552074E-016   1.8811249885907000E-015
  -3.8710660514626858E-016  0.52916952785128224       -3.5859330294133195E-016   3.7875330140545252E-016   8.5439170856612289E-017  -2.0771892409377094E-016   4.4435300631274639E-017  -3.1711516437447513E-017   9.7448343885485357E-018  -5.1743033455160710E-017   6.0267878610372807E-017  0.37965657984944862        2.1455168088753939E-017   2.9689716234842996E-016   1.3956609806780190E-015  0.13446046716781973        4.0644010853367657E-016   9.8447956747204696E-016  -6.5508092840662159E-016
   2.5354471610288662E-016  -2.8203169000781792E-016  0.52916952785128146        5.6614973686710102E-016   7.2180883805047621E-016  -1.9453291584942515E-016   6.3244166745409389E-017  -8.5275504410613111E-017  -9.7238148796035806E-017   8.7147172921513539E-017  -1.2672634254954294E-016   2.1455168088753939E-017  0.37965657984944889        5.7793965022275277E-016  -8.0748260556652251E-016   1.8246497876132509E-016  0.13446046716781634        1.5987690410561777E-016   4.0689668129339694E-016
  -2.4870926570633585E-017   2.6259461762056635E-016   4.8804834486983905E-016  0.52916952785128313       -1.9403750237941590E-016   7.6543632076712406E-017  -9.4874520852876118E-017  -1.6564559171168656E-016   1.4590123067935302E-016   5.6681323980594285E-017   1.5752491155389113E-016   2.9689716234842996E-016   5.7793965022275277E-016  0.37965657984945167        4.3058734557508147E-016   4.1887306106845193E-016   1.7864365314725766E-015  0.13446046716781884        3.6793247450792454E-016
 -0.46857888421205540       -2.0846770694763166E-015   9.8444017747730570E-016  -1.4774619876115935E-016 -0.76548285111616610        6.8365811667733314E-016  -7.5836544356481037E-018   8.2595863156782106E-018  -9.3590040671776987E-016  -2.9035570388471664E-017  -2.1362271006311421E-015   1.3956609806780190E-015  -8.0748260556652251E-016   4.3058734557508147E-016   2.7205861055304701        2.5030319373344049E-016  -2.1626908037413790E-016   1.5404274361508736E-016 -0.69482946324572792     
  -2.7842108323024065E-016  0.31600887950753698        7.4774185699953999E-016   6.2780669446583984E-016   4.9408216974246722E-016  -2.0493623542241706E-016   2.6588570648474869E-016   5.9261735727692999E-016  -2.6154504363305905E-016   1.6595302332020342E-016   2.3194186033626137E-016  0.13446046716781973        1.8246497876132509E-016   4.1887306106845193E-016   2.5030319373344049E-016   2.0625230347028607       -3.0476225589875212E-016   3.7469129755570555E-016   2.2742006255008354E-016
  -1.3966388482431451E-016  -9.8314717141111974E-017  0.31600887950754253       -2.8136811027972221E-017   1.3753964839741312E-016  -8.3271870682352050E-016  -2.1369525006395906E-016   1.2868953719915262E-016   5.4505538019034234E-016   4.7044218611636421E-016   3.9698551510459653E-016   4.0644010853367657E-016  0.13446046716781634        1.7864365314725766E-015  -2.1626908037413790E-016  -3.0476225589875212E-016   2.0625230347028589       -2.1833121248426860E-016   2.6387376422713828E-016
  -1.0634776235403478E-016   2.3657638157746479E-016   3.4880456778929505E-016  0.31600887950754003       -6.6681237202347587E-017   5.0230385890478121E-016  -3.2656012920692032E-016   2.0348888533623769E-015  -3.0903726017480516E-016  -1.0913895761612153E-016   3.7774315454552074E-016   9.8447956747204696E-016   1.5987690410561777E-016  0.13446046716781884        1.5404274361508736E-016   3.7469129755570555E-016  -2.1833121248426860E-016   2.0625230347028549       -1.3699131740757461E-016
   8.3864019981458648E-002   9.7920089486759941E-016  -5.2999348293563544E-016  -6.0610674949269982E-016   9.4756147869099500E-002   1.4579549756793477E-015   1.8082612645434499E-018   4.1852256049392570E-019   1.8266326883677803E-015   5.0774146833738400E-018   1.8811249885907000E-015  -6.5508092840662159E-016   4.0689668129339694E-016   3.6793247450792454E-016 -0.69482946324572792        2.2742006255008354E-016   2.6387376422713828E-016  -1.3699131740757461E-016   2.1869861794662779     
