  0.37115717885966582        6.0948629329593077E-017  -4.0144067743933751E-018  -2.0132204982300132E-016  -3.1281942603084796E-016   2.7315491666144540E-017   1.9610931978911856E-018  -3.3517116767559468E-018  -7.9534033865332474E-018  -9.0214497989763184E-019  -1.9362088279644812E-017 -0.53470088247578362       -7.4191075425337192E-017   1.2896076621946706E-017   3.4351626684405559E-016
   6.0948629329593077E-017  0.37115717885966659       -3.0048176166491084E-016   3.8215878760288995E-016  -1.8736217145338491E-017  -6.7000841752060848E-017  -4.0707724659545177E-018  -2.4452290334449222E-019  -6.7507778146092284E-017   4.6803832339287729E-019  -6.7637868879625897E-017  -7.6489068642339487E-017 -0.53470088247578340       -2.4447488440127265E-017  -7.4189375354688940E-017
  -4.0144067743933751E-018  -3.0048176166491084E-016  0.37115717885966404       -1.6077635304266423E-016  -6.0773915154796348E-017   2.0725592414021916E-017  -4.9845642315481078E-017  -4.7733605378235643E-018   4.6142391216237485E-018   2.1614464805973481E-018  -2.5339831535624867E-017  -4.9492135108068849E-017   1.6759958583005093E-016 -0.53470088247578162       -3.6860662618304075E-016
  -2.0132204982300132E-016   3.8215878760288995E-016  -1.6077635304266423E-016  0.40158798669678530       0.58595254184609158       -9.0346784250027166E-015   5.3712318018969117E-017  -3.6168902374750617E-017  -9.1582400018542100E-015  -4.8131964163142131E-017  -8.6251536960053822E-015   2.1041525020654897E-016  -5.3202747739430166E-016  -8.6402093575433810E-017  0.30411868848574575     
  -3.1281942603084796E-016  -1.8736217145338491E-017  -6.0773915154796348E-017  0.58595254184609158       0.85869872705307548       -1.3187197565497373E-014   6.8927801762510253E-017  -4.3507424294346441E-017  -1.3382293156886645E-014  -4.6638737230677702E-017  -1.2610486601648587E-014   2.9721961348268097E-016   6.1836874631660585E-017  -3.2955835394051920E-016  0.35860728415729387     
   2.7315491666144540E-017  -6.7000841752060848E-017   2.0725592414021916E-017  -9.0346784250027166E-015  -1.3187197565497373E-014   2.0327803155558811E-028  -1.1981791576278426E-030   8.0135197425521579E-031   2.0607343243769807E-028   1.0525570908749124E-030   1.9408561028222722E-028  -3.9351569445647408E-017   9.6523551885797043E-017  -2.9857950175330874E-017  -6.7326906217080985E-015
   1.9610931978911856E-018  -4.0707724659545177E-018  -4.9845642315481078E-017   5.3712318018969117E-017   6.8927801762510253E-017  -1.1981791576278426E-030   3.7764458977723870E-032  -2.7596085626339019E-032  -1.1753519177147946E-030  -6.6270496972906353E-032  -1.0849114034022812E-030  -2.8252134762725783E-018   5.8644847894131448E-018   7.1809223832195504E-017   2.5550986768066651E-016
  -3.3517116767559468E-018  -2.4452290334449222E-019  -4.7733605378235643E-018  -3.6168902374750617E-017  -4.3507424294346441E-017   8.0135197425521579E-031  -2.7596085626339019E-032   2.6295516204089945E-032   7.7633644986441454E-031   6.2731702550623062E-032   7.1392062783033602E-031   4.8285828577314861E-018   3.5226750188572637E-019   6.8766555985555313E-018  -2.3819710324515780E-016
  -7.9534033865332474E-018  -6.7507778146092284E-017   4.6142391216237485E-018  -9.1582400018542100E-015  -1.3382293156886645E-014   2.0607343243769807E-028  -1.1753519177147946E-030   7.7633644986441454E-031   2.0896950472399738E-028   9.7400244169299249E-031   1.9684384445380900E-028   1.1457926861422492E-017   9.7253860640919309E-017  -6.6474202058118727E-018  -6.4893738295724832E-015
  -9.0214497989763184E-019   4.6803832339287729E-019   2.1614464805973481E-018  -4.8131964163142131E-017  -4.6638737230677702E-017   1.0525570908749124E-030  -6.6270496972906353E-032   6.2731702550623062E-032   9.7400244169299249E-031   1.5450221932313819E-031   8.7205095662503724E-031   1.2996588624644777E-018  -6.7427095259085219E-019  -3.1138488123826255E-018  -5.7312483750760053E-016
  -1.9362088279644812E-017  -6.7637868879625897E-017  -2.5339831535624867E-017  -8.6251536960053822E-015  -1.2610486601648587E-014   1.9408561028222722E-028  -1.0849114034022812E-030   7.1392062783033602E-031   1.9684384445380900E-028   8.7205095662503724E-031   1.8543826029364950E-028   2.7893642584279008E-017   9.7441273505291407E-017   3.6505370381133643E-017  -5.9488605432004987E-015
 -0.53470088247578362       -7.6489068642339487E-017  -4.9492135108068849E-017   2.1041525020654897E-016   2.9721961348268097E-016  -3.9351569445647408E-017  -2.8252134762725783E-018   4.8285828577314861E-018   1.1457926861422492E-017   1.2996588624644777E-018   2.7893642584279008E-017  0.77030716366254670        9.0575174167073007E-017   6.1053428977300384E-017   2.9275808794851327E-016
  -7.4191075425337192E-017 -0.53470088247578340        1.6759958583005093E-016  -5.3202747739430166E-016   6.1836874631660585E-017   9.6523551885797043E-017   5.8644847894131448E-018   3.5226750188572637E-019   9.7253860640919309E-017  -6.7427095259085219E-019   9.7441273505291407E-017   9.0575174167073007E-017  0.77030716366254459        4.1739666058323795E-016  -5.6968052865658906E-017
   1.2896076621946706E-017  -2.4447488440127265E-017 -0.53470088247578162       -8.6402093575433810E-017  -3.2955835394051920E-016  -2.9857950175330874E-017   7.1809223832195504E-017   6.8766555985555313E-018  -6.6474202058118727E-018  -3.1138488123826255E-018   3.6505370381133643E-017   6.1053428977300384E-017   4.1739666058323795E-016  0.77030716366254470       -7.7702652182473799E-016
   3.4351626684405559E-016  -7.4189375354688940E-017  -3.6860662618304075E-016  0.30411868848574575       0.35860728415729387       -6.7326906217080985E-015   2.5550986768066651E-016  -2.3819710324515780E-016  -6.4893738295724832E-015  -5.7312483750760053E-016  -5.9488605432004987E-015   2.9275808794851327E-016  -5.6968052865658906E-017  -7.7702652182473799E-016   2.1669913436658050     
