  0.20068519350586134       -2.0049511934788006E-009   5.3380150918104068E-009   3.0769716820032878E-008  0.52507304611495753        3.1169770931312954E-010   1.5957538760386303E-009   2.3844138200055989E-010   1.3653649285319955E-010   7.3112854386698928E-010  -4.4816979902027276E-010   8.1617705348075668E-009   4.6412243763223723E-009   4.2410262023908926E-009   3.5729295189067258E-010   7.1167831844918569E-010   1.4196457362168009E-010  -6.1471461477195567E-012   3.0534750089899014E-010  -3.5109680394472133E-010  -7.1005582815426243E-010  -1.8098953014767567E-009  -8.3458942426497849E-009 -0.33395144446687497        1.0031322617559944E-009   1.8097002537189856E-009   3.4294164697109178E-010  -4.4291419629608189E-011   7.2961537099010641E-010  -9.5876921088948260E-010   7.4414350300137516E-002   5.7890436314618779E-011   5.4347880862922859E-010   2.9589689584304621E-009  -2.7785547945329350E-002
  -2.0049511934788006E-009  0.36153454772061283       -1.8896847074940470E-009  -6.6462896027663544E-011   6.0881682736412350E-008  -7.2748035233200876E-009  -1.9673114419282541E-009   8.9470139708282830E-009   3.3726141368911023E-009   8.0577737749432705E-011   3.9021842143637853E-009  0.18623239516571799        6.6964120096742024E-010   2.9392154206012832E-011   1.6735023160051892E-009   4.8882605096394649E-010  -1.5976672932960383E-009  -8.2140625023152806E-010   3.6529924715138380E-012  -8.5209955081528404E-010 -0.11848794395479505        1.0861554451094788E-010  -3.4049608600245955E-012  -3.0615695868351099E-008   5.4528589887386612E-009   1.4765542964375779E-009  -5.6121155549677114E-009  -2.6712528989619321E-009   1.0774422235765014E-011  -2.7816067543393027E-009   6.1687712841068499E-009   4.1739205281515722E-002  -4.9013909955246571E-011   6.6166064095772744E-013  -2.2448070364592876E-009
   5.3380150918104068E-009  -1.8896847074940470E-009  0.36153454940642082       -5.3130743229963782E-010   2.0306834603669216E-008   8.3742256153005430E-010  -6.1297984792174250E-009   1.4100791665071396E-010  -1.9919080421192024E-009   9.4180232346665847E-009   1.1544835760925975E-009   6.9232128745912005E-010  0.18623239455798446        1.9675609609948602E-010  -3.0273313390258884E-010   1.4864699375239145E-009   5.9012769258411844E-011   6.0642499338279871E-010  -1.6210504583049753E-009  -3.0369344965020039E-010   9.9307866024688769E-011 -0.11848794405669966        2.1537048360617013E-011  -1.1891175878003830E-008  -8.8594684093412040E-010   4.8090983938164388E-009   1.6123864869204825E-010   1.7968214214898078E-009  -5.6853755980578700E-009  -9.1087490054141100E-010   2.4504995662577598E-009  -4.6039847301664535E-011   4.1739205326567580E-002  -1.0841302526609758E-011  -8.8178713991374873E-010
   3.0769716820032878E-008  -6.6462896027663544E-011  -5.3130743229963782E-010  0.36153455027813897       -5.7407888467422504E-008  -5.6299488150030711E-009  -8.2122279976243238E-011  -5.9430483969396861E-009  -5.4538951483138064E-009  -1.5642046598823812E-009   1.1083844365099882E-008   1.8284960045976328E-011   1.8593729153999777E-010  0.18623239424373200        9.4783238527957609E-010  -1.3893295505976792E-012   1.4144682760903620E-009   9.2530997085441683E-010   5.0745118536004592E-010  -1.8731421222304838E-009   2.9444087168171429E-013   2.4983509903273083E-011 -0.11848794411164365        2.0725701636825367E-008   3.3150418488469221E-009  -7.7362436788260103E-012   4.6021816018646186E-009   3.2514703137389818E-009   1.5076715798066127E-009  -6.5665121570404570E-009  -3.8923391995181342E-009  -4.5443290921307160E-013  -1.1874941164023241E-011   4.1739205350995283E-002   1.4672331049577284E-009
  0.52507304611495753        6.0881682736412350E-008   2.0306834603669216E-008  -5.7407888467422504E-008   1.3748665649966945        7.1109262804833311E-010   3.9631185895666198E-009   5.8456724259363865E-010   3.5840872063361703E-010   1.8247667977775091E-009  -1.0693309878800804E-009   5.5308599708751480E-008   1.5376702286534825E-008  -5.9798823505050421E-008  -3.6188672575963156E-010  -7.8808419173143283E-010  -1.1906446723376261E-010  -3.8724927110549512E-012  -3.0434145453756052E-010   3.6588881956682509E-010  -3.1058456150670690E-008  -9.0275976108098103E-009   3.3296971819076960E-008 -0.82634291236031276       -1.3010072717073763E-009  -3.2809913262497738E-009  -5.8601320983781600E-010  -7.7917821243081838E-011  -1.4270896089473196E-009   1.3790955923750660E-009  0.16003352180715372        1.0146348822108631E-008   2.9490484712171841E-009  -1.0934777439450450E-008  -5.5554759278649314E-002
   3.1169770931312954E-010  -7.2748035233200876E-009   8.3742256153005430E-010  -5.6299488150030711E-009   7.1109262804833311E-010   1.0247154515894159E-003   6.7093612179606236E-013   5.0667150833710230E-012  -5.1235772500175239E-004  -1.1326281889696374E-011  -5.1235772658687168E-004  -4.0231871561224070E-009   4.8644217397717359E-010  -3.0510281482625197E-009   1.2652835718661323E-002  -1.0007177354778523E-012   3.3493644296769342E-011  -6.3264178517762294E-003  -7.4148997762148881E-011  -6.3264178668841270E-003   3.2004262796541519E-009  -3.7249762693823102E-010   2.4676682796620701E-009  -4.3997093432257388E-010   3.8328988162725008E-002   1.7001814976812141E-011   9.2028275124756437E-011  -1.9164494067683266E-002  -2.1249275677943388E-010  -1.9164494095042926E-002   8.5919389626380983E-011  -1.1248683217349022E-009   1.3163102756769211E-010  -8.6427510301057546E-010  -3.1336438541573672E-011
   1.5957538760386303E-009  -1.9673114419282541E-009  -6.1297984792174250E-009  -8.2122279976243238E-011   3.9631185895666198E-009   6.7093612179606236E-013   1.0247154559456099E-003   9.6691062143836094E-012   9.9539309884026555E-013   9.9749572437645633E-012  -1.6663570149640609E-012  -1.0874005507143225E-009  -3.4097237862203680E-009  -3.9120474069704189E-011  -1.5531631751233144E-012   1.2652835747340347E-002   6.2978632445845203E-011   1.1726544554725762E-013   6.7642429286969891E-011   1.4358774310634581E-012   8.1455977762201330E-010   2.7160397039749903E-009   2.1330056643167567E-011  -2.4364511356735264E-009   1.5109626583921171E-011   3.8328988242443990E-002   1.8006614905342304E-010   2.0062335454481495E-011   1.8285882429967158E-010  -3.5171974068352489E-011   4.9491708527553285E-010  -2.8336504567006782E-010  -9.5585972654334631E-010  -6.6608065053490569E-012  -1.7904170884979957E-010
   2.3844138200055989E-010   8.9470139708282830E-009   1.4100791665071396E-010  -5.9430483969396861E-009   5.8456724259363865E-010   5.0667150833710230E-012   9.6691062143836094E-012   1.0247154584107031E-003  -9.6227359576698052E-012   4.0371059210429243E-012   4.5560353636646560E-012   4.8694253159733518E-009   5.4709223739094461E-011  -3.2978603887513187E-009   3.3960553195789031E-011   6.1605954880851268E-011   1.2652835768068698E-002  -6.2781402575564804E-011   1.6198573833689348E-011   2.8820849921315714E-011  -4.0272598148061735E-009  -3.6558700981447432E-011   2.6589876261194175E-009  -3.5860806411135318E-010   9.2922764730917243E-011   1.7562982360546858E-010   3.8328988284564568E-002  -1.7224853632379751E-010   7.4180454442935081E-011   7.9325679730856521E-011   7.3550242792690662E-011   1.4178269001103152E-009   1.1621288012583540E-011  -9.3793488460463913E-010  -2.6625906838296089E-011
   1.3653649285319955E-010   3.3726141368911023E-009  -1.9919080421192024E-009  -5.4538951483138064E-009   3.5840872063361703E-010  -5.1235772500175239E-004   9.9539309884026555E-013  -9.6227359576698052E-012   1.0247154755167861E-003   4.4623875150018511E-012  -5.1235775051629762E-004   1.8755365081996773E-009  -1.1297620391842554E-009  -2.9555623813717913E-009  -6.3264178521516660E-003   1.3568348368939248E-012  -6.4954376931979367E-011   1.2652835884896086E-002   2.7693130785057109E-011  -6.3264180327456980E-003  -1.5196254569975872E-009   8.4816680801257247E-010   2.4145490201464092E-009  -2.2029364703683587E-010  -1.9164494068877460E-002   2.4086538417890614E-011  -1.7926000384299568E-010   3.8328988594808322E-002   8.1397187633703671E-011  -1.9164494525939435E-002   4.6338518158048245E-011   5.3660801061267334E-010  -2.9682896233494684E-010  -8.4742268501007343E-010  -1.6638790266631321E-011
   7.3112854386698928E-010   8.0577737749432705E-011   9.4180232346665847E-009  -1.5642046598823812E-009   1.8247667977775091E-009  -1.1326281889696374E-011   9.9749572437645633E-012   4.0371059210429243E-012   4.4623875150018511E-012   1.0247154903263703E-003   6.8637701787203430E-012   4.0344617083368725E-011   5.1118814182170218E-009  -8.9271500255354714E-010  -7.1608091741287007E-011   6.6911941130712910E-011   1.9617498599459734E-011   2.8477855990977286E-011   1.2652835990835708E-002   4.3130106749768877E-011  -2.8669733236499775E-011  -4.1715909546363998E-009   6.8748951694783579E-010  -1.1215495839685538E-009  -2.0428452476728572E-010   1.8009264670867467E-010   8.5080367969378263E-011   8.3640019551958442E-011   3.8328988860217628E-002   1.2064427410237904E-010   2.2922469873457174E-010   9.4947820189652566E-012   1.4641249509888514E-009  -2.4218471166108396E-010  -8.2844305259229065E-011
  -4.4816979902027276E-010   3.9021842143637853E-009   1.1544835760925975E-009   1.1083844365099882E-008  -1.0693309878800804E-009  -5.1235772658687168E-004  -1.6663570149640609E-012   4.5560353636646560E-012  -5.1235775051629762E-004   6.8637701787203430E-012   1.0247154771036414E-003   2.1476479805986184E-009   6.4331888967063842E-010   6.0065907304054634E-009  -6.3264178664998814E-003  -3.5646030318736111E-013   3.1460911545951550E-011  -6.3264180331354591E-003   4.6454333445571421E-011   1.2652835899635654E-002  -1.6807996364403563E-009  -4.7566791376556610E-010  -4.8822181786665037E-009   6.6025457053735696E-010  -1.9164494093817944E-002  -4.1089393048451299E-011   8.7232270688666412E-011  -1.9164494527172324E-002   1.3109092364797163E-010   3.8328988621000017E-002  -1.3226100189566840E-010   5.8825910846003843E-010   1.6519817428518673E-010   1.7116972617095011E-009   4.7974394588023841E-011
   8.1617705348075668E-009  0.18623239516571799        6.9232128745912005E-010   1.8284960045976328E-011   5.5308599708751480E-008  -4.0231871561224070E-009  -1.0874005507143225E-009   4.8694253159733518E-009   1.8755365081996773E-009   4.0344617083368725E-011   2.1476479805986184E-009   9.6444491541091429E-002   1.1937420364081432E-009   4.2839659404322175E-011  -2.6648418214863835E-009  -6.8478900803930092E-010   2.5718353172871933E-009   1.3456468891357402E-009  -1.2381620735188325E-011   1.3191931321037694E-009  -2.8456716326965767E-002  -8.1929366755480839E-010   7.7437733916414604E-012  -3.1309857349269990E-008  -7.8797303789915830E-009  -2.0816390969049432E-009   7.3772413345867082E-009   3.9847065387721793E-009  -3.6388602083283081E-011   3.8950234911604299E-009   6.6221140833635678E-009  -9.6863545808704293E-004   2.7967068318888203E-010  -3.8976527497107578E-012  -2.3626665626622416E-009
   4.6412243763223723E-009   6.6964120096742024E-010  0.18623239455798446        1.8593729153999777E-010   1.5376702286534825E-008   4.8644217397717359E-010  -3.4097237862203680E-009   5.4709223739094461E-011  -1.1297620391842554E-009   5.1118814182170218E-009   6.4331888967063842E-010   1.1937420364081432E-009   9.6444490478119593E-002   3.3646868314722597E-010   5.3741044625729109E-010  -2.4527833492197604E-009  -1.9191750774520056E-010  -9.9418093907747733E-010   2.5555159863530802E-009   4.5676967565747920E-010  -8.1623173332848549E-010  -2.8456715524069993E-002  -1.9648013958193364E-010  -9.3405585626247149E-009   1.6437297587397186E-009  -7.2740179884937409E-009  -5.8881329646788334E-010  -3.0343268696472134E-009   7.3272252645945620E-009   1.3905969464370345E-009   1.9824925671569421E-009   2.7863712182448785E-010  -9.6863573412065210E-004   6.6022993495210205E-011  -7.0558428776898536E-010
   4.2410262023908926E-009   2.9392154206012832E-011   1.9675609609948602E-010  0.18623239424373200       -5.9798823505050421E-008  -3.0510281482625197E-009  -3.9120474069704189E-011  -3.2978603887513187E-009  -2.9555623813717913E-009  -8.9271500255354714E-010   6.0065907304054634E-009   4.2839659404322175E-011   3.3646868314722597E-010   9.6444489927891966E-002  -1.4750447912160576E-009   3.9157524192482094E-011  -2.2979073286704394E-009  -1.4289153395920614E-009  -8.3625252443415703E-010   2.9039602396605534E-009  -2.1932572281265261E-012  -2.0196055286062073E-010  -2.8456715130423412E-002   3.0520401451685696E-008  -4.2316840572343269E-009   1.1763420893013889E-010  -6.8007556328405971E-009  -4.0894413458387541E-009  -2.5505749637115561E-009   8.3211254194571136E-009  -6.4688846879843185E-009  -4.7934878753896037E-014   6.8124750466687839E-011  -9.6863586892474013E-004   2.3107448222998696E-009
   3.5729295189067258E-010   1.6735023160051892E-009  -3.0273313390258884E-010   9.4783238527957609E-010  -3.6188672575963156E-010   1.2652835718661323E-002  -1.5531631751233144E-012   3.3960553195789031E-011  -6.3264178521516660E-003  -7.1608091741287007E-011  -6.3264178664998814E-003  -2.6648418214863835E-009   5.3741044625729109E-010  -1.4750447912160576E-009  0.15623288540750607       -1.3382396141564437E-010   6.0392679371495253E-011  -7.8116442642706896E-002  -7.2893792703654615E-011  -7.8116442764787256E-002   9.4390806270788362E-010  -1.7252715560244000E-010   3.1156640171971095E-010   5.6752039260997034E-011  0.47327322890794921       -1.5802635978552573E-010   6.6466246237467277E-011 -0.23663661438271186       -7.1096007486304440E-011 -0.23663661452525189        1.0983531216394078E-011  -1.3957122040090960E-010   3.1001267219166697E-011   2.5172089595847488E-011  -1.6524510441497194E-012
   7.1167831844918569E-010   4.8882605096394649E-010   1.4864699375239145E-009  -1.3893295505976792E-012  -7.8808419173143283E-010  -1.0007177354778523E-012   1.2652835747340347E-002   6.1605954880851268E-011   1.3568348368939248E-012   6.6911941130712910E-011  -3.5646030318736111E-013  -6.8478900803930092E-010  -2.4527833492197604E-009   3.9157524192482094E-011  -1.3382396141564437E-010  0.15623288545156069        6.4123358278362116E-011  -1.3355775277464089E-010   1.4057854478998898E-010   2.6738146354801619E-010   3.1099613722717642E-010   8.2326541125770208E-010  -3.1136663619974759E-011   4.3434635176518138E-011  -1.6072645242964275E-010  0.47327322895302049        6.1957347909383171E-011  -1.6124731424303639E-010   1.5359738240758305E-010   3.2197361812448674E-010   4.8404070032496882E-011  -6.5374475794988043E-011  -1.1886196097735870E-010   1.0363699413272504E-011  -9.0546208743245809E-012
   1.4196457362168009E-010  -1.5976672932960383E-009   5.9012769258411844E-011   1.4144682760903620E-009  -1.1906446723376261E-010   3.3493644296769342E-011   6.2978632445845203E-011   1.2652835768068698E-002  -6.4954376931979367E-011   1.9617498599459734E-011   3.1460911545951550E-011   2.5718353172871933E-009  -1.9191750774520056E-010  -2.2979073286704394E-009   6.0392679371495253E-011   6.4123358278362116E-011  0.15623288558764464       -1.1008336219589619E-010  -1.7326625403682092E-010   4.9690689505434434E-011  -5.1612424655373094E-010   3.8235855981438171E-011   8.0208278927046021E-010  -1.4976224926579806E-011   6.0046687756628151E-011   5.8523514095796118E-011  0.47327322911001357       -1.1203107417460180E-010  -2.1481706518532865E-010   5.1983252119415420E-011   1.0717177742453963E-011  -5.3546593939909578E-011  -8.7347647021335566E-012  -1.1510804533044086E-010  -2.2185272362565980E-012
  -6.1471461477195567E-012  -8.2140625023152806E-010   6.0642499338279871E-010   9.2530997085441683E-010  -3.8724927110549512E-012  -6.3264178517762294E-003   1.1726544554725762E-013  -6.2781402575564804E-011   1.2652835884896086E-002   2.8477855990977286E-011  -6.3264180331354591E-003   1.3456468891357402E-009  -9.9418093907747733E-010  -1.4289153395920614E-009  -7.8116442642706896E-002  -1.3355775277464089E-010  -1.1008336219589619E-010  0.15623288586463016        1.3219471336018713E-011  -7.8116443221939058E-002  -4.8453596502469959E-010   3.6084729406860667E-010   2.9363932661094735E-010  -1.1060673009571308E-011 -0.23663661438341438       -1.5792329450248548E-010  -1.1732721537449586E-010  0.47327322940999172        9.2618260194811516E-012 -0.23663661502668326        2.5498522997073043E-012   7.3729419190674897E-011  -7.0376123690239529E-011   3.0688802001650671E-011  -4.4270965699069646E-013
   3.0534750089899014E-010   3.6529924715138380E-012  -1.6210504583049753E-009   5.0745118536004592E-010  -3.0434145453756052E-010  -7.4148997762148881E-011   6.7642429286969891E-011   1.6198573833689348E-011   2.7693130785057109E-011   1.2652835990835708E-002   4.6454333445571421E-011  -1.2381620735188325E-011   2.5555159863530802E-009  -8.3625252443415703E-010  -7.2893792703654615E-011   1.4057854478998898E-010  -1.7326625403682092E-010   1.3219471336018713E-011  0.15623288622292478        5.9672728514135748E-011  -1.9708658023274281E-011  -5.2011239548485915E-010   3.1251594710674987E-010  -1.2112274488893831E-011  -6.4784932512091812E-011   1.4676518469256719E-010  -2.0811187778390587E-010   7.6033662832975509E-012  0.47327322980992953        5.7178712529055960E-011   2.5758878450470227E-011   7.7941036601465934E-012  -5.1063439529031766E-011  -6.1464023843629115E-011  -5.3210433582474508E-012
  -3.5109680394472133E-010  -8.5209955081528404E-010  -3.0369344965020039E-010  -1.8731421222304838E-009   3.6588881956682509E-010  -6.3264178668841270E-003   1.4358774310634581E-012   2.8820849921315714E-011  -6.3264180327456980E-003   4.3130106749768877E-011   1.2652835899635654E-002   1.3191931321037694E-009   4.5676967565747920E-010   2.9039602396605534E-009  -7.8116442764787256E-002   2.6738146354801619E-010   4.9690689505434434E-011  -7.8116443221939058E-002   5.9672728514135748E-011  0.15623288598673016       -4.5937145831906837E-010  -1.8831938773315408E-010  -6.0520664094518252E-010  -4.5704324114170799E-011 -0.23663661452449872        3.1594889502068269E-010   5.0860989372042958E-011 -0.23663661502732769        6.1829356264880601E-011  0.47327322955194684       -1.3546408501575277E-011   6.5841185275173568E-011   3.9374837646934993E-011  -5.5860587291167509E-011   2.0995409349744434E-012
  -7.1005582815426243E-010 -0.11848794395479505        9.9307866024688769E-011   2.9444087168171429E-013  -3.1058456150670690E-008   3.2004262796541519E-009   8.1455977762201330E-010  -4.0272598148061735E-009  -1.5196254569975872E-009  -2.8669733236499775E-011  -1.6807996364403563E-009  -2.8456716326965767E-002  -8.1623173332848549E-010  -2.1932572281265261E-012   9.4390806270788362E-010   3.1099613722717642E-010  -5.1612424655373094E-010  -4.8453596502469959E-010  -1.9708658023274281E-011  -4.5937145831906837E-010   2.3434042250925704        3.9714918538823149E-010  -9.6784234831876997E-012   1.6400448663192326E-008   2.1920414392081665E-009   5.3739744151360300E-010  -2.1633108019357560E-009  -1.1153696063523640E-009   2.9956489586316140E-011  -1.0766722442955802E-009  -3.4140287257526310E-009 -0.87764516763142941       -1.3171978916063378E-010   3.6828270493669579E-012   1.2265942096768081E-009
  -1.8098953014767567E-009   1.0861554451094788E-010 -0.11848794405669966        2.4983509903273083E-011  -9.0275976108098103E-009  -3.7249762693823102E-010   2.7160397039749903E-009  -3.6558700981447432E-011   8.4816680801257247E-010  -4.1715909546363998E-009  -4.7566791376556610E-010  -8.1929366755480839E-010  -2.8456715524069993E-002  -2.0196055286062073E-010  -1.7252715560244000E-010   8.2326541125770208E-010   3.8235855981438171E-011   3.6084729406860667E-010  -5.2011239548485915E-010  -1.8831938773315408E-010   3.9714918538823149E-010   2.3434042246826681        8.8853902820839794E-011   5.2008908149474495E-009  -5.2173127304810264E-010   2.0974819789190480E-009   2.3188540198673319E-010   9.0850298770792905E-010  -2.1279120597837427E-009  -3.8677133797357022E-010  -1.0899054889614890E-009  -1.3169733385807702E-010 -0.87764516749477628       -2.9091966221663137E-011   3.9000416752981201E-010
  -8.3458942426497849E-009  -3.4049608600245955E-012   2.1537048360617013E-011 -0.11848794411164365        3.3296971819076960E-008   2.4676682796620701E-009   2.1330056643167567E-011   2.6589876261194175E-009   2.4145490201464092E-009   6.8748951694783579E-010  -4.8822181786665037E-009   7.7437733916414604E-012  -1.9648013958193364E-010  -2.8456715130423412E-002   3.1156640171971095E-010  -3.1136663619974759E-011   8.0208278927046021E-010   2.9363932661094735E-010   3.1251594710674987E-010  -6.0520664094518252E-010  -9.6784234831876997E-012   8.8853902820839794E-011   2.3434042244880935       -1.5163328771804689E-008   1.2173582072951820E-009  -3.3725378615259560E-011   1.9129850729638954E-009   1.1693476566838189E-009   7.5567762591969930E-010  -2.3867052529220685E-009   3.1290636958358366E-009   3.4048990652085718E-012  -2.9242185865181686E-011 -0.87764516743013898       -1.1313200829214759E-009
 -0.33395144446687497       -3.0615695868351099E-008  -1.1891175878003830E-008   2.0725701636825367E-008 -0.82634291236031276       -4.3997093432257388E-010  -2.4364511356735264E-009  -3.5860806411135318E-010  -2.2029364703683587E-010  -1.1215495839685538E-009   6.6025457053735696E-010  -3.1309857349269990E-008  -9.3405585626247149E-009   3.0520401451685696E-008   5.6752039260997034E-011   4.3434635176518138E-011  -1.4976224926579806E-011  -1.1060673009571308E-011  -1.2112274488893831E-011  -4.5704324114170799E-011   1.6400448663192326E-008   5.2008908149474495E-009  -1.5163328771804689E-008   2.9233772820432828        4.1379658157210930E-010   1.2958380308687881E-009   2.3094995585681252E-010   6.1599614075720756E-011   5.8747793889586541E-010  -4.7638291085365753E-010  -1.1570406437260943       -5.3077879363441957E-009  -1.6853247323000136E-009   4.9157785907976675E-009  0.31098315346472233     
   1.0031322617559944E-009   5.4528589887386612E-009  -8.8594684093412040E-010   3.3150418488469221E-009  -1.3010072717073763E-009   3.8328988162725008E-002   1.5109626583921171E-011   9.2922764730917243E-011  -1.9164494068877460E-002  -2.0428452476728572E-010  -1.9164494093817944E-002  -7.8797303789915830E-009   1.6437297587397186E-009  -4.2316840572343269E-009  0.47327322890794921       -1.6072645242964275E-010   6.0046687756628151E-011 -0.23663661438341438       -6.4784932512091812E-011 -0.23663661452449872        2.1920414392081665E-009  -5.2173127304810264E-010   1.2173582072951820E-009   4.1379658157210930E-010   1.4336773504292892        2.6244928907071795E-010  -1.7095268850549428E-010 -0.71683867534521550        2.5729133726209046E-010 -0.71683867508411792       -8.9629639307745280E-011  -7.6257214822457929E-010   1.7582536493695207E-010  -4.4173646129830150E-010   3.2675293895349718E-011
   1.8097002537189856E-009   1.4765542964375779E-009   4.8090983938164388E-009  -7.7362436788260103E-012  -3.2809913262497738E-009   1.7001814976812141E-011   3.8328988242443990E-002   1.7562982360546858E-010   2.4086538417890614E-011   1.8009264670867467E-010  -4.1089393048451299E-011  -2.0816390969049432E-009  -7.2740179884937409E-009   1.1763420893013889E-010  -1.5802635978552573E-010  0.47327322895302049        5.8523514095796118E-011  -1.5792329450248548E-010   1.4676518469256719E-010   3.1594889502068269E-010   5.3739744151360300E-010   2.0974819789190480E-009  -3.3725378615259560E-011   1.2958380308687881E-009   2.6244928907071795E-010   1.4336773502980875       -2.2346025080461140E-010   2.5874078892685938E-010  -3.8014220290107442E-010  -5.2119052799802183E-010  -2.8402832084826468E-010  -1.8321692686986803E-010  -7.2595606828635434E-010   1.0280998300737661E-011   1.0063633195824177E-010
   3.4294164697109178E-010  -5.6121155549677114E-009   1.6123864869204825E-010   4.6021816018646186E-009  -5.8601320983781600E-010   9.2028275124756437E-011   1.8006614905342304E-010   3.8328988284564568E-002  -1.7926000384299568E-010   8.5080367969378263E-011   8.7232270688666412E-011   7.3772413345867082E-009  -5.8881329646788334E-010  -6.8007556328405971E-009   6.6466246237467277E-011   6.1957347909383171E-011  0.47327322911001357       -1.1732721537449586E-010  -2.0811187778390587E-010   5.0860989372042958E-011  -2.1633108019357560E-009   2.3188540198673319E-010   1.9129850729638954E-009   2.3094995585681252E-010  -1.7095268850549428E-010  -2.2346025080461140E-010   1.4336773500004598        3.1539380758177289E-010   3.0881435037845290E-010  -1.4444455512005681E-010  -4.9012314587030518E-011   7.8424564087197748E-010  -7.5293320299668417E-011  -6.6587289731354411E-010   1.7282197780968086E-011
  -4.4291419629608189E-011  -2.6712528989619321E-009   1.7968214214898078E-009   3.2514703137389818E-009  -7.7917821243081838E-011  -1.9164494067683266E-002   2.0062335454481495E-011  -1.7224853632379751E-010   3.8328988594808322E-002   8.3640019551958442E-011  -1.9164494527172324E-002   3.9847065387721793E-009  -3.0343268696472134E-009  -4.0894413458387541E-009 -0.23663661438271186       -1.6124731424303639E-010  -1.1203107417460180E-010  0.47327322940999172        7.6033662832975509E-012 -0.23663661502732769       -1.1153696063523640E-009   9.0850298770792905E-010   1.1693476566838189E-009   6.1599614075720756E-011 -0.71683867534521550        2.5874078892685938E-010   3.1539380758177289E-010   1.4336773492761270       -7.0219612169979334E-011 -0.71683867393123224       -1.3096166449275730E-011   3.8751463680260161E-010  -3.0651557236544374E-010  -4.2646944108586466E-010   4.3854879727021781E-012
   7.2961537099010641E-010   1.0774422235765014E-011  -5.6853755980578700E-009   1.5076715798066127E-009  -1.4270896089473196E-009  -2.1249275677943388E-010   1.8285882429967158E-010   7.4180454442935081E-011   8.1397187633703671E-011   3.8328988860217628E-002   1.3109092364797163E-010  -3.6388602083283081E-011   7.3272252645945620E-009  -2.5505749637115561E-009  -7.1096007486304440E-011   1.5359738240758305E-010  -2.1481706518532865E-010   9.2618260194811516E-012  0.47327322980992953        6.1829356264880601E-011   2.9956489586316140E-011  -2.1279120597837427E-009   7.5567762591969930E-010   5.8747793889586541E-010   2.5729133726209046E-010  -3.8014220290107442E-010   3.0881435037845290E-010  -7.0219612169979334E-011   1.4336773484112697       -1.8708036969691547E-010  -1.2801415539013669E-010  -1.0557520056934819E-011   7.7214610502216077E-010  -2.5527229275382680E-010   4.5092478051439821E-011
  -9.5876921088948260E-010  -2.7816067543393027E-009  -9.1087490054141100E-010  -6.5665121570404570E-009   1.3790955923750660E-009  -1.9164494095042926E-002  -3.5171974068352489E-011   7.9325679730856521E-011  -1.9164494525939435E-002   1.2064427410237904E-010   3.8328988621000017E-002   3.8950234911604299E-009   1.3905969464370345E-009   8.3211254194571136E-009 -0.23663661452525189        3.2197361812448674E-010   5.1983252119415420E-011 -0.23663661502668326        5.7178712529055960E-011  0.47327322955194684       -1.0766722442955802E-009  -3.8677133797357022E-010  -2.3867052529220685E-009  -4.7638291085365753E-010 -0.71683867508411792       -5.2119052799802183E-010  -1.4444455512005681E-010 -0.71683867393123224       -1.8708036969691547E-010   1.4336773490157151        1.0305706838428741E-010   3.7505724934107930E-010   1.3069074826994042E-010   8.6820472431547725E-010  -3.7147112419585623E-011
   7.4414350300137516E-002   6.1687712841068499E-009   2.4504995662577598E-009  -3.8923391995181342E-009  0.16003352180715372        8.5919389626380983E-011   4.9491708527553285E-010   7.3550242792690662E-011   4.6338518158048245E-011   2.2922469873457174E-010  -1.3226100189566840E-010   6.6221140833635678E-009   1.9824925671569421E-009  -6.4688846879843185E-009   1.0983531216394078E-011   4.8404070032496882E-011   1.0717177742453963E-011   2.5498522997073043E-012   2.5758878450470227E-011  -1.3546408501575277E-011  -3.4140287257526310E-009  -1.0899054889614890E-009   3.1290636958358366E-009  -1.1570406437260943       -8.9629639307745280E-011  -2.8402832084826468E-010  -4.9012314587030518E-011  -1.3096166449275730E-011  -1.2801415539013669E-010   1.0305706838428741E-010   2.7031139099569872        1.1032246370954901E-009   3.5275596217898959E-010  -1.0118169607937874E-009 -0.82870360574543034     
   5.7890436314618779E-011   4.1739205281515722E-002  -4.6039847301664535E-011  -4.5443290921307160E-013   1.0146348822108631E-008  -1.1248683217349022E-009  -2.8336504567006782E-010   1.4178269001103152E-009   5.3660801061267334E-010   9.4947820189652566E-012   5.8825910846003843E-010  -9.6863545808704293E-004   2.7863712182448785E-010  -4.7934878753896037E-014  -1.3957122040090960E-010  -6.5374475794988043E-011  -5.3546593939909578E-011   7.3729419190674897E-011   7.7941036601465934E-012   6.5841185275173568E-011 -0.87764516763142941       -1.3169733385807702E-010   3.4048990652085718E-012  -5.3077879363441957E-009  -7.6257214822457929E-010  -1.8321692686986803E-010   7.8424564087197748E-010   3.8751463680260161E-010  -1.0557520056934819E-011   3.7505724934107930E-010   1.1032246370954901E-009   2.3291742206269945        4.3541466970027834E-011  -1.2775775753563578E-012  -3.9665743028730219E-010
   5.4347880862922859E-010  -4.9013909955246571E-011   4.1739205326567580E-002  -1.1874941164023241E-011   2.9490484712171841E-009   1.3163102756769211E-010  -9.5585972654334631E-010   1.1621288012583540E-011  -2.9682896233494684E-010   1.4641249509888514E-009   1.6519817428518673E-010   2.7967068318888203E-010  -9.6863573412065210E-004   6.8124750466687839E-011   3.1001267219166697E-011  -1.1886196097735870E-010  -8.7347647021335566E-012  -7.0376123690239529E-011  -5.1063439529031766E-011   3.9374837646934993E-011  -1.3171978916063378E-010 -0.87764516749477628       -2.9242185865181686E-011  -1.6853247323000136E-009   1.7582536493695207E-010  -7.2595606828635434E-010  -7.5293320299668417E-011  -3.0651557236544374E-010   7.7214610502216077E-010   1.3069074826994042E-010   3.5275596217898959E-010   4.3541466970027834E-011   2.3291742205814070        9.5490134047814782E-012  -1.2630001816361955E-010
   2.9589689584304621E-009   6.6166064095772744E-013  -1.0841302526609758E-011   4.1739205350995283E-002  -1.0934777439450450E-008  -8.6427510301057546E-010  -6.6608065053490569E-012  -9.3793488460463913E-010  -8.4742268501007343E-010  -2.4218471166108396E-010   1.7116972617095011E-009  -3.8976527497107578E-012   6.6022993495210205E-011  -9.6863586892474013E-004   2.5172089595847488E-011   1.0363699413272504E-011  -1.1510804533044086E-010   3.0688802001650671E-011  -6.1464023843629115E-011  -5.5860587291167509E-011   3.6828270493669579E-012  -2.9091966221663137E-011 -0.87764516743013898        4.9157785907976675E-009  -4.4173646129830150E-010   1.0280998300737661E-011  -6.6587289731354411E-010  -4.2646944108586466E-010  -2.5527229275382680E-010   8.6820472431547725E-010  -1.0118169607937874E-009  -1.2775775753563578E-012   9.5490134047814782E-012   2.3291742205599930        3.6627415735507540E-010
  -2.7785547945329350E-002  -2.2448070364592876E-009  -8.8178713991374873E-010   1.4672331049577284E-009  -5.5554759278649314E-002  -3.1336438541573672E-011  -1.7904170884979957E-010  -2.6625906838296089E-011  -1.6638790266631321E-011  -8.2844305259229065E-011   4.7974394588023841E-011  -2.3626665626622416E-009  -7.0558428776898536E-010   2.3107448222998696E-009  -1.6524510441497194E-012  -9.0546208743245809E-012  -2.2185272362565980E-012  -4.4270965699069646E-013  -5.3210433582474508E-012   2.0995409349744434E-012   1.2265942096768081E-009   3.9000416752981201E-010  -1.1313200829214759E-009  0.31098315346472233        3.2675293895349718E-011   1.0063633195824177E-010   1.7282197780968086E-011   4.3854879727021781E-012   4.5092478051439821E-011  -3.7147112419585623E-011 -0.82870360574543034       -3.9665743028730219E-010  -1.2630001816361955E-010   3.6627415735507540E-010   2.2552457750527042     
