 5.8742162091935035E-001 -5.8430829122424087E-016  1.7346465285724171E-016 -3.5746671026577825E-016  7.1664650630924653E-001  2.0142569470265773E-014  8.2836054660334955E-016 -5.1788808673799628E-017 -7.3018137674476133E-015  1.1585938311141541E-016  5.3116495663033405E-015 -7.3590673750870691E-016  2.7466194898694927E-016  6.9170089020729669E-016  7.6659433745728370E-014  3.2551530053403236E-015 -2.8475415768099584E-016 -4.7511173704433945E-014  7.0819201734866607E-017  1.4218605590110600E-015 -2.0330642775803470E-001 -4.9111101270571089E-016  4.8007125407768454E-016  1.1077811119752831E-015 -6.0763968550004011E-001  4.2080482804148311E-001 -1.8388629594309316E-001
-5.8430829122424087E-016  2.5624344888764275E-006  3.0923783240820964E-018  1.0259686573603831E-018 -7.4507788385137677E-016 -2.4372717890739578E-016 -2.0206626537168784E-016 -6.2133300878125030E-018  1.9729782842560330E-016  1.0220136440511011E-016  5.0117765854359167E-017  2.2266888428354017E-004  2.0190639660406019E-016  3.1983964088322510E-017 -1.2775170649465519E-015 -1.0548475222400581E-015 -3.5165696450794613E-017  1.0269873669720154E-015  5.4241243004654617E-016  2.5662349416830368E-016 -8.2324116615852303E-016  2.1057856159496600E-003  1.9080874033572361E-015  3.5507621148899708E-016 -2.2012616680556120E-015  2.5045165421043765E-015 -1.1621007045163065E-015
 1.7346465285724171E-016  3.0923783240820964E-018  2.5624344888638618E-006 -1.3344739386132550E-019  2.1305821641448088E-016  4.7634478204889433E-017 -2.9524881391943619E-017 -2.0441998139817997E-017  1.2981193053905430E-016 -1.6624850122715581E-016 -1.7722810538946883E-016  6.4554074976145465E-017  2.2266888428300487E-004  1.0601464367833529E-017  2.4525274217375729E-016 -1.5229551010387126E-016 -1.1419233625654502E-016  6.7852919918230845E-016 -8.6453825936258871E-016 -9.1954922211864459E-016  7.7019044769162010E-017  6.3597944185284044E-016  2.1057856159444935E-003  1.2910137368870952E-016  2.0720772930314634E-016 -2.7564115303184388E-016  1.2960745266867149E-016
-3.5746671026577825E-016  1.0259686573603831E-018 -1.3344739386132550E-019  2.5624344888581244E-006 -4.2232822277592873E-016  1.3850726991108762E-016  1.8575685983061175E-016  1.3975322507752327E-016 -6.5247959754861373E-017 -2.6077098071789282E-016 -7.2199019879215989E-017  4.8287654257075200E-017 -2.8768627020545500E-017  2.2266888428275176E-004  7.1098127844952627E-016  9.6297673402857865E-016  7.2805369801040651E-016 -3.4237601831656588E-016 -1.3675912037727387E-015 -3.6911280468778121E-016  7.6641624112008055E-016  4.9201094587392665E-016 -2.3551581691816350E-016  2.1057856159421343E-003  2.1249546556771336E-015 -2.0846621145923954E-015  9.5350339828347613E-016
 7.1664650630924653E-001 -7.4507788385137677E-016  2.1305821641448088E-016 -4.2232822277592873E-016  8.7453275708746081E-001 -1.2267694317622914E-014  6.8370248735803974E-017 -2.2066610351703318E-016  1.3558892836674590E-014  7.1794085076033935E-017  2.1540674144825740E-014 -9.6003002528916992E-016  7.7630698804676481E-017  3.0835474016559808E-016 -9.7136923428945902E-014 -1.0096175039344308E-015 -1.1693759942898420E-015  6.0091485911705459E-014 -2.7336721205133881E-016  8.1302108487030244E-014 -2.4028332870590069E-001 -1.7245851442727818E-015 -1.7004889224925531E-015 -3.1711349575865446E-015 -7.2014369546506574E-001  4.9133349495159001E-001 -2.1420199759734757E-001
 2.0142569470265773E-014 -2.4372717890739578E-016  4.7634478204889433E-017  1.3850726991108762E-016 -1.2267694317622914E-014  6.1043351360910290E-002  2.4286128663669931E-017 -3.5908775952719882E-016 -3.0521675680454462E-002 -6.9128730517675792E-016 -3.0521675680455426E-002  2.4673510930621733E-016  1.3256481298356550E-016  1.4443065878217112E-016  3.1759954805287971E-001 -5.1347814888915610E-016 -2.3939183968479926E-015 -1.5879977402643228E-001 -2.2343238370581271E-015 -1.5879977402644313E-001  2.1161601276903103E-014  1.8129885570910957E-015  2.9622712979453004E-016  1.3031881105855623E-015  4.6301303174483151E-015 -1.3291306997328249E-014  5.9534093704550599E-015
 8.2836054660334955E-016 -2.0206626537168784E-016 -2.9524881391943619E-017  1.8575685983061175E-016  6.8370248735803974E-017  2.4286128663669931E-017  6.1043351360913344E-002 -6.9128730517675782E-016 -7.8409501114149561E-016  5.3082538364890317E-016  2.0990154059323899E-016  1.3541003904235839E-016 -1.6747166991172817E-016 -4.4209493040162731E-017 -3.3306690738761786E-016  3.1759954805288326E-001 -1.3912482277334003E-015 -2.4563684419830429E-015 -1.7347234759768293E-017  1.3183898417425757E-015  8.9680812957572498E-016  4.6399264142014467E-016  1.0432747202680654E-016  2.9679535601020232E-016  1.9592115642929288E-015 -2.4709112695396365E-015  1.1109946661066625E-015
-5.1788808673799628E-017 -6.2133300878125030E-018 -2.0441998139817997E-017  1.3975322507752327E-016 -2.2066610351703318E-016 -3.5908775952719882E-016 -6.9128730517675782E-016  6.1043351360911345E-002  3.8771069688081545E-016 -2.8590411288442752E-016  1.3671789395042014E-016  7.4310604419462760E-017  1.6942757677649446E-016 -1.3320853276826861E-016  9.1593399531575730E-016 -1.6896206656014107E-015  3.1759954805287910E-001 -1.0755285551056709E-016 -1.4571677198205180E-016 -1.8127860323958517E-016 -2.6960061113274546E-016  3.6896355321744763E-016  1.2207562195759394E-015 -1.4110823730427844E-016  7.0420475243266344E-017  1.6880055173304616E-016 -7.4860457195037913E-017
-7.3018137674476133E-015  1.9729782842560330E-016  1.2981193053905430E-016 -6.5247959754861373E-017  1.3558892836674590E-014 -3.0521675680454462E-002 -7.8409501114149561E-016  3.8771069688081545E-016  6.1043351360913739E-002  3.4694469519547613E-018 -3.0521675680453286E-002  4.0109842338374897E-017 -3.1137305534949984E-017 -1.9840443651256551E-017 -1.5879977402643544E-001 -1.5126788710516922E-015  2.2447321779139829E-015  3.1759954805289331E-001  5.1694759584108723E-016 -1.5879977402643997E-001 -1.7871622310286918E-014  2.1319024991760183E-016 -1.9075090725182002E-016  5.0484180714899072E-016  2.5213045664362822E-014 -1.4367518762018842E-014  6.4800677030476726E-015
 1.1585938311141541E-016  1.0220136440511011E-016 -1.6624850122715581E-016 -2.6077098071789282E-016  7.1794085076033935E-017 -6.9128730517675792E-016  5.3082538364890317E-016 -2.8590411288442752E-016  3.4694469519547613E-018  6.1043351360912317E-002  6.8933574126628618E-016 -3.9116097527220716E-016  4.7708318356655825E-017  4.7463728068688895E-016 -1.0651202142497633E-015  2.2794266474335253E-015 -1.3201245652183502E-015 -1.4571677198204551E-016  3.1759954805288115E-001  1.2264494975156137E-015 -1.3084348261165945E-016 -1.3670004103089026E-015 -5.9703117987151050E-017  1.2376927294751812E-015 -7.8643535876949316E-017  9.6785600822333069E-017 -6.8256107637994572E-017
 5.3116495663033405E-015  5.0117765854359167E-017 -1.7722810538946883E-016 -7.2199019879215989E-017  2.1540674144825740E-014 -3.0521675680455426E-002  2.0990154059323899E-016  1.3671789395042014E-016 -3.0521675680453286E-002  6.8933574126628618E-016  6.1043351360902331E-002  3.3668739289234370E-017 -8.2457514428937580E-017 -3.2453751149671806E-017 -1.5879977402644219E-001 -8.2746309804075791E-016  9.9963440303162345E-016 -1.5879977402642989E-001  1.7195446455620073E-015  3.1759954805284984E-001  1.3183835925720631E-014  1.0049277719582651E-015  7.3923510671489555E-017 -9.3669290456906334E-016  1.3554765208737031E-014 -2.4080239839321240E-014  1.1657377382785635E-014
-7.3590673750870691E-016  2.2266888428354017E-004  6.4554074976145465E-017  4.8287654257075200E-017 -9.6003002528916992E-016  2.4673510930621733E-016  1.3541003904235839E-016  7.4310604419462760E-017  4.0109842338374897E-017 -3.9116097527220716E-016  3.3668739289234370E-017  1.9349346195311708E-002 -1.9591533256813127E-016 -7.7195194680968192E-016  4.6336944706637546E-016  3.9806909503651577E-016  1.3995520667698081E-016  2.5003865804265112E-016 -1.1076261467370987E-015 -1.8387308455797198E-016  1.9607968959089934E-015  1.8298728637914863E-001 -1.9745489965306019E-015 -2.7339241981394555E-015  5.0852948073508814E-015 -4.8953861534785287E-015  2.1724225467357881E-015
 2.7466194898694927E-016  2.0190639660406019E-016  2.2266888428300487E-004 -2.8768627020545500E-017  7.7630698804676481E-017  1.3256481298356550E-016 -1.6747166991172817E-016  1.6942757677649446E-016 -3.1137305534949984E-017  4.7708318356655825E-017 -8.2457514428937580E-017 -1.9591533256813127E-016  1.9349346195313564E-002 -5.7148296511710880E-016  4.6530977577093148E-016 -7.5679176315626847E-016  2.0061023805742568E-016  1.1058414743891626E-016  2.8542504608953000E-016 -2.0808164386044816E-016 -8.5504156447120188E-016  3.6168984474116181E-016  1.8298728637915715E-001 -2.8995902900952335E-015 -1.3021710439358744E-015  1.4919471079577005E-015 -6.8120454947290590E-016
 6.9170089020729669E-016  3.1983964088322510E-017  1.0601464367833529E-017  2.2266888428275176E-004  3.0835474016559808E-016  1.4443065878217112E-016 -4.4209493040162731E-017 -1.3320853276826861E-016 -1.9840443651256551E-017  4.7463728068688895E-016 -3.2453751149671806E-017 -7.7195194680968192E-016 -5.7148296511710880E-016  1.9349346195312898E-002 -8.7247966325978420E-017 -5.3318247330467694E-016 -6.1152908334483006E-016 -3.5527395508553617E-016  1.5276496779930920E-015  3.9841762123633896E-016 -1.8516135368290181E-015 -4.2188474935756020E-015 -2.2230481344642767E-015  1.8298728637915382E-001 -5.1897939080728179E-015  5.0745372791065869E-015 -2.2624944203161567E-015
 7.6659433745728370E-014 -1.2775170649465519E-015  2.4525274217375729E-016  7.1098127844952627E-016 -9.7136923428945902E-014  3.1759954805287971E-001 -3.3306690738761786E-016  9.1593399531575730E-016 -1.5879977402643544E-001 -1.0651202142497633E-015 -1.5879977402644219E-001  4.6336944706637546E-016  4.6530977577093148E-016 -8.7247966325978420E-017  1.6524235756162331E+000 -5.1070259132760001E-015  2.1094237467878156E-015 -8.2621178780807281E-001  1.5820678100908524E-015 -8.2621178780813831E-001  1.5365843288084759E-013  1.6745745519069790E-015 -5.8098168016838711E-016 -1.1513070303175756E-015  1.4559757147705847E-013 -1.8552614888900341E-013  8.4030167672153842E-014
 3.2551530053403236E-015 -1.0548475222400581E-015 -1.5229551010387126E-016  9.6297673402857865E-016 -1.0096175039344308E-015 -5.1347814888915610E-016  3.1759954805288326E-001 -1.6896206656014107E-015 -1.5126788710516922E-015  2.2794266474335253E-015 -8.2746309804075791E-016  3.9806909503651577E-016 -7.5679176315626847E-016 -5.3318247330467694E-016 -5.1070259132760001E-015  1.6524235756161878E+000  2.7339241981394444E-015  6.6613381477555206E-016 -2.6090241078691187E-015 -3.1363800445652681E-015  2.4230992285516853E-015 -4.8401452847169374E-016  1.6259952352934275E-015 -1.3228760759844519E-015  4.1591810590822066E-015 -6.1917807456994377E-015  2.6984704133561414E-015
-2.8475415768099584E-016 -3.5165696450794613E-017 -1.1419233625654502E-016  7.2805369801040651E-016 -1.1693759942898420E-015 -2.3939183968479926E-015 -1.3912482277334003E-015  3.1759954805287910E-001  2.2447321779139829E-015 -1.3201245652183502E-015  9.9963440303162345E-016  1.3995520667698081E-016  2.0061023805742568E-016 -6.1152908334483006E-016  2.1094237467878156E-015  2.7339241981394444E-015  1.6524235756161978E+000  6.6613381477506434E-016  6.9388939039072345E-017  5.6205040621643393E-016 -1.4839985009761906E-015 -4.1311987536934593E-016 -8.7841455808090374E-017  3.6915743830390257E-017  1.4560058341392275E-016  1.1136702791527166E-015 -4.9800429708404688E-016
-4.7511173704433945E-014  1.0269873669720154E-015  6.7852919918230845E-016 -3.4237601831656588E-016  6.0091485911705459E-014 -1.5879977402643228E-001 -2.4563684419830429E-015 -1.0755285551056709E-016  3.1759954805289331E-001 -1.4571677198204551E-016 -1.5879977402642989E-001  2.5003865804265112E-016  1.1058414743891626E-016 -3.5527395508553617E-016 -8.2621178780807281E-001  6.6613381477555206E-016  6.6613381477506434E-016  1.6524235756162819E+000  1.8318679906315012E-015 -8.2621178780811577E-001 -5.1153418435253391E-014  1.5002744804608486E-015  1.5854133108652988E-015  2.4300165129866217E-016  2.4631351756298926E-013 -1.9120548443023444E-013  8.7112277303742000E-014
 7.0819201734866607E-017  5.4241243004654617E-016 -8.6453825936258871E-016 -1.3675912037727387E-015 -2.7336721205133881E-016 -2.2343238370581271E-015 -1.7347234759768293E-017 -1.4571677198205180E-016  5.1694759584108723E-016  3.1759954805288115E-001  1.7195446455620073E-015 -1.1076261467370987E-015  2.8542504608953000E-016  1.5276496779930920E-015  1.5820678100908524E-015 -2.6090241078691187E-015  6.9388939039072345E-017  1.8318679906315012E-015  1.6524235756161931E+000 -3.3358732443034127E-015 -4.2675470302702069E-016  1.6593433073594069E-015  4.1228855473116804E-017 -2.4672659185147215E-015  3.3206374673227296E-016 -7.6357346910262853E-017 -9.7159563825783885E-017
 1.4218605590110600E-015  2.5662349416830368E-016 -9.1954922211864459E-016 -3.6911280468778121E-016  8.1302108487030244E-014 -1.5879977402644313E-001  1.3183898417425757E-015 -1.8127860323958517E-016 -1.5879977402643997E-001  1.2264494975156137E-015  3.1759954805284984E-001 -1.8387308455797198E-016 -2.0808164386044816E-016  3.9841762123633896E-016 -8.2621178780813831E-001 -3.1363800445652681E-015  5.6205040621643393E-016 -8.2621178780811577E-001 -3.3358732443034127E-015  1.6524235756161385E+000  1.1778528904764304E-013  1.8329778717027606E-015  2.4739789685955051E-015  4.9120982835134764E-016  2.0725338415162053E-013 -2.5820492751247969E-013  1.2134745251877408E-013
-2.0330642775803470E-001 -8.2324116615852303E-016  7.7019044769162010E-017  7.6641624112008055E-016 -2.4028332870590069E-001  2.1161601276903103E-014  8.9680812957572498E-016 -2.6960061113274546E-016 -1.7871622310286918E-014 -1.3084348261165945E-016  1.3183835925720631E-014  1.9607968959089934E-015 -8.5504156447120188E-016 -1.8516135368290181E-015  1.5365843288084759E-013  2.4230992285516853E-015 -1.4839985009761906E-015 -5.1153418435253391E-014 -4.2675470302702069E-016  1.1778528904764304E-013  3.2731008539359219E-001 -1.5007126853971400E-015 -2.4260958637306775E-015  2.3356147161204925E-015  9.1233351788198480E-001 -8.7666106110687725E-001  3.9981801444530718E-001
-4.9111101270571089E-016  2.1057856159496600E-003  6.3597944185284044E-016  4.9201094587392665E-016 -1.7245851442727818E-015  1.8129885570910957E-015  4.6399264142014467E-016  3.6896355321744763E-016  2.1319024991760183E-016 -1.3670004103089026E-015  1.0049277719582651E-015  1.8298728637914863E-001  3.6168984474116181E-016 -4.2188474935756020E-015  1.6745745519069790E-015 -4.8401452847169374E-016 -4.1311987536934593E-016  1.5002744804608486E-015  1.6593433073594069E-015  1.8329778717027606E-015 -1.5007126853971400E-015  1.7305156793627332E+000  2.2967738821932851E-015  3.3306690738754377E-015 -7.2470897322465520E-015  8.9946958136476881E-015 -4.7757882080086955E-015
 4.8007125407768454E-016  1.9080874033572361E-015  2.1057856159444935E-003 -2.3551581691816350E-016 -1.7004889224925531E-015  2.9622712979453004E-016  1.0432747202680654E-016  1.2207562195759394E-015 -1.9075090725182002E-016 -5.9703117987151050E-017  7.3923510671489555E-017 -1.9745489965306019E-015  1.8298728637915715E-001 -2.2230481344642767E-015 -5.8098168016838711E-016  1.6259952352934275E-015 -8.7841455808090374E-017  1.5854133108652988E-015  4.1228855473116804E-017  2.4739789685955051E-015 -2.4260958637306775E-015  2.2967738821932851E-015  1.7305156793627281E+000  2.6506574712925628E-015  3.3378171414114422E-015 -1.4255715851213317E-015  6.6719163414485831E-016
 1.1077811119752831E-015  3.5507621148899708E-016  1.2910137368870952E-016  2.1057856159421343E-003 -3.1711349575865446E-015  1.3031881105855623E-015  2.9679535601020232E-016 -1.4110823730427844E-016  5.0484180714899072E-016  1.2376927294751812E-015 -9.3669290456906334E-016 -2.7339241981394555E-015 -2.8995902900952335E-015  1.8298728637915382E-001 -1.1513070303175756E-015 -1.3228760759844519E-015  3.6915743830390257E-017  2.4300165129866217E-016 -2.4672659185147215E-015  4.9120982835134764E-016  2.3356147161204925E-015  3.3306690738754377E-015  2.6506574712925628E-015  1.7305156793627252E+000  5.6269380697976266E-015 -7.0157678467807766E-015  3.8100171894345840E-015
-6.0763968550004011E-001 -2.2012616680556120E-015  2.0720772930314634E-016  2.1249546556771336E-015 -7.2014369546506574E-001  4.6301303174483151E-015  1.9592115642929288E-015  7.0420475243266344E-017  2.5213045664362822E-014 -7.8643535876949316E-017  1.3554765208737031E-014  5.0852948073508814E-015 -1.3021710439358744E-015 -5.1897939080728179E-015  1.4559757147705847E-013  4.1591810590822066E-015  1.4560058341392275E-016  2.4631351756298926E-013  3.3206374673227296E-016  2.0725338415162053E-013  9.1233351788198480E-001 -7.2470897322465520E-015  3.3378171414114422E-015  5.6269380697976266E-015  2.5466452862175384E+000 -2.4325894275350808E+000  1.1087157942656032E+000
 4.2080482804148311E-001  2.5045165421043765E-015 -2.7564115303184388E-016 -2.0846621145923954E-015  4.9133349495159001E-001 -1.3291306997328249E-014 -2.4709112695396365E-015  1.6880055173304616E-016 -1.4367518762018842E-014  9.6785600822333069E-017 -2.4080239839321240E-014 -4.8953861534785287E-015  1.4919471079577005E-015  5.0745372791065869E-015 -1.8552614888900341E-013 -6.1917807456994377E-015  1.1136702791527166E-015 -1.9120548443023444E-013 -7.6357346910262853E-017 -2.5820492751247969E-013 -8.7666106110687725E-001  8.9946958136476881E-015 -1.4255715851213317E-015 -7.0157678467807766E-015 -2.4325894275350808E+000  2.3812291545626674E+000 -1.0881594711929397E+000
-1.8388629594309316E-001 -1.1621007045163065E-015  1.2960745266867149E-016  9.5350339828347613E-016 -2.1420199759734757E-001  5.9534093704550599E-015  1.1109946661066625E-015 -7.4860457195037913E-017  6.4800677030476726E-015 -6.8256107637994572E-017  1.1657377382785635E-014  2.1724225467357881E-015 -6.8120454947290590E-016 -2.2624944203161567E-015  8.4030167672153842E-014  2.6984704133561414E-015 -4.9800429708404688E-016  8.7112277303742000E-014 -9.7159563825783885E-017  1.2134745251877408E-013  3.9981801444530718E-001 -4.7757882080086955E-015  6.6719163414485831E-016  3.8100171894345840E-015  1.1087157942656032E+000 -1.0881594711929397E+000  4.9739830323686918E-001
