  0.53215377424842247        2.4967173597659955E-016   3.7949255427846996E-016  -1.0881786863351904E-015   2.9522450880735228E-016  -1.0906746416448925E-017   2.9856774269663418E-016   2.3555297917870671E-016  -1.1881031070286217E-016   8.1761688151201338E-017   6.4104478431889797E-017  0.56803271692356017       -2.3968467294445782E-016   2.8404890586487668E-016 -0.18707523053488248        7.0469680617965991E-016  -3.1569440060570639E-016   6.4332398073060978E-016  -2.2885425495448064E-016   2.2574778664713726E-016  -2.5050378964551188E-016   1.3753898032542842E-015  -3.6488261985432781E-017   6.0087336859899765E-017   1.0881842973422321E-016 -0.22970779934304128        6.7541974593457622E-016  -3.2151640877676467E-016
   2.4967173597659955E-016  0.53215377424841648        1.4379593718402888E-015   9.1146040374132800E-016  -2.1304417292016541E-016  -1.6318203799332173E-016   3.3046460407456295E-017  -3.0672569973301091E-016   3.0278354930025458E-017  -2.8934052529119695E-016   1.2653102383987920E-015   8.0721144116576119E-017  0.56803271692356161        6.6592508035997799E-016  -2.6565824202318178E-016 -0.18707523053487971       -1.5844601649338279E-015  -4.8479428481302513E-016  -2.1791631844243139E-016  -4.7864206660676604E-016   1.0002912871961626E-016   1.6325061523253771E-016  -9.9367259656843471E-016  -3.1878625146401598E-016  -4.2552770262597345E-016  -2.5074306591388131E-016 -0.22970779934303853       -1.6590564662729261E-015
   3.7949255427846996E-016   1.4379593718402888E-015  0.53215377424842347       -1.6239240619550269E-015   5.1245252250682425E-016  -9.5872609110815047E-017   1.0970545769547541E-016   6.7293824554133111E-016  -1.7880548384870180E-016   3.9958126987668718E-016  -2.2430776631718308E-015   1.4698571319149499E-016   1.5272288713990245E-015  0.56803271692355861        2.7247161735555330E-017   9.9270114686813753E-017 -0.18707523053487771       -1.1760342219691064E-015   2.3615011695208338E-016   3.9839839514534941E-016   1.0274847113528387E-015  -1.7271489346722895E-015   7.7668707819667850E-016   1.9807992595370048E-015   1.0453630427909665E-015  -7.5235242056212625E-018  -4.2999754213447650E-017 -0.22970779934303728     
  -1.0881786863351904E-015   9.1146040374132800E-016  -1.6239240619550269E-015  0.31866261707638921       -6.4750878364592811E-015  -1.0755309915241627E-016  -8.9167061023380700E-017  -2.6327221620850500E-015   3.0029430584268069E-017  -3.4054450037276011E-015  0.68575158955123372       -8.0530713594402757E-016   4.0667815043295198E-016   6.6790908718034016E-016   9.5041716653790473E-016   1.9262368841437601E-016   2.0079457222975051E-015  -4.2814602940159464E-015  -5.9260875696313362E-016  -8.2049599170629978E-016   1.6222045539330892E-014   9.1363663173271583E-016  -6.5845387201777853E-015 -0.31706815948193551      -0.28753902660651970        9.9430473615457617E-016   9.3934058610351443E-017   2.1053606402607338E-015
   2.9522450880735228E-016  -2.1304417292016541E-016   5.1245252250682425E-016  -6.4750878364592811E-015   3.6717639440848183E-003   2.3660796002453070E-016  -2.7525680285832118E-016  -1.8358819720426277E-003   1.9316612831913295E-017  -1.8358819720424924E-003  -1.2630535899204645E-014   2.5388754965207858E-016  -2.0995659374106138E-016   6.2441228733584919E-016  -2.8913313606434558E-016  -5.3103614212412252E-016   3.9966489092136565E-016   8.4316519155566885E-002   2.6277265953444893E-015  -3.6630380261144759E-015  -4.2158259577784102E-002   3.7757171250218404E-016  -4.2158259577782867E-002   1.0215111268141585E-014   5.8831364431232457E-015  -2.9013507759712280E-016  -4.9027426327992843E-016   3.2905952712839775E-016
  -1.0906746416448925E-017  -1.6318203799332173E-016  -9.5872609110815047E-017  -1.0755309915241627E-016   2.3660796002453070E-016   3.6717639440848422E-003   2.8417690682585735E-017  -1.6903453022877815E-016   1.5971695605074452E-016  -1.1176017403868769E-017  -2.5732144863958732E-016   3.3709664892181735E-017  -1.2115925674011617E-016  -1.4780102842161221E-016  -2.9676889137505747E-017   1.9350359258251311E-016   1.2611115174807660E-016   2.7050234339791309E-015   8.4316519155566691E-002   2.9825046512360625E-016  -2.4711254499902241E-015   1.0158618602351330E-015  -3.6467309478139331E-017   3.4508510212882980E-016   1.1195752770187094E-016  -3.0000201283080310E-017   1.9786788758762508E-016   1.1909033316979652E-016
   2.9856774269663418E-016   3.3046460407456295E-017   1.0970545769547541E-016  -8.9167061023380700E-017  -2.7525680285832118E-016   2.8417690682585735E-017   3.6717639440847455E-003  -1.5654730582255182E-017  -2.1892087976445556E-016   3.5916960408572816E-016  -1.6435859143792960E-016   3.0861066652760989E-016   6.5747944736807957E-017   5.7796763959803315E-017  -3.8232066812716811E-017  -1.2448555778641040E-017   1.4807445045789981E-016  -2.4230309192451245E-015   3.1065441560319813E-016   8.4316519155565581E-002  -4.1079403875939132E-016  -1.2446132720365238E-015   2.9997286427020046E-015  -1.0106052222647603E-016   4.0409574707993407E-017  -7.0165395704893557E-017  -1.1857492909615905E-017   1.1672522367302251E-016
   2.3555297917870671E-016  -3.0672569973301091E-016   6.7293824554133111E-016  -2.6327221620850500E-015  -1.8358819720426277E-003  -1.6903453022877815E-016  -1.5654730582255182E-017   3.6717639440854281E-003   1.6711713880377008E-016  -1.8358819720425753E-003  -8.0653045747178823E-015   2.9047431976347364E-016  -3.7156064722259203E-016   6.0795948922514159E-016  -5.1476566491673570E-016   3.9216487037890888E-016  -1.4854956791575444E-016  -4.2158259577787689E-002  -1.1621156511057458E-015   2.0026399971934708E-017   8.4316519155573991E-002   1.5716302465983077E-015  -4.2158259577786038E-002   7.5738600147912985E-015   3.5200411022397391E-015  -5.1247977116721569E-016   4.0871387785269673E-016  -2.0796213870723631E-016
  -1.1881031070286217E-016   3.0278354930025458E-017  -1.7880548384870180E-016   3.0029430584268069E-017   1.9316612831913295E-017   1.5971695605074452E-016  -2.1892087976445556E-016   1.6711713880377008E-016   3.6717639440847914E-003  -1.5853645682006834E-016  -8.2450040028150816E-017  -2.5856561281096954E-016   2.1525413410298922E-017   8.9447996315961167E-019   5.3265931263530718E-016  -1.4961474110357431E-016  -5.7344588749766421E-017   2.0665909847110466E-017   2.5789891665924276E-015  -3.6938505436367487E-015   2.2195295596013843E-015   8.4316519155566164E-002  -2.2108313782660295E-015   6.4859188087146767E-016   8.1450041493096155E-017   5.1320805782147863E-016  -1.4557487786192295E-016  -2.7303798953290036E-017
   8.1761688151201338E-017  -2.8934052529119695E-016   3.9958126987668718E-016  -3.4054450037276011E-015  -1.8358819720424924E-003  -1.1176017403868769E-017   3.5916960408572816E-016  -1.8358819720425753E-003  -1.5853645682006834E-016   3.6717639440851440E-003  -6.0010849370899189E-015   1.1666262867986048E-016  -2.7771708256656910E-016   4.5525362453140577E-016   1.3279886497871571E-017   6.8848335570121465E-017  -4.7138762522754859E-016  -4.2158259577786114E-002  -1.7052890810597367E-016   5.2104541418496289E-015  -4.2158259577784719E-002  -1.3085828942790623E-015   8.4316519155570660E-002   8.2483132887515206E-015   3.1366189354597247E-015  -9.9782014253485331E-018   9.3054517365552973E-017  -4.8421706167848523E-016
   6.4104478431889797E-017   1.2653102383987920E-015  -2.2430776631718308E-015  0.68575158955123372       -1.2630535899204645E-014  -2.5732144863958732E-016  -1.6435859143792960E-016  -8.0653045747178823E-015  -8.2450040028150816E-017  -6.0010849370899189E-015   1.4761969155301709        8.5766094128453085E-016   1.6404134385062917E-016   2.8071746673790611E-015  -4.4172326535136679E-016  -6.6196972027983631E-016  -4.7669045773905879E-015   1.9196617727734560E-014  -1.9954047399654980E-015  -1.1068821755152101E-015  -2.1772411138448241E-014  -1.6630316448706331E-015   1.4380032062391673E-014 -0.65400643768132716      -0.61617239411543756       -4.6160377748322818E-016  -7.5839545917031869E-016  -4.2308312147882713E-015
  0.56803271692356017        8.0721144116576119E-017   1.4698571319149499E-016  -8.0530713594402757E-016   2.5388754965207858E-016   3.3709664892181735E-017   3.0861066652760989E-016   2.9047431976347364E-016  -2.5856561281096954E-016   1.1666262867986048E-016   8.5766094128453085E-016  0.60643084667024749       -4.4114983529560591E-016   1.6047749320286988E-017 -0.20770536344789772       -7.0907267311994420E-016   5.2616406869593711E-016  -7.6776211697244167E-016   7.9322517328850913E-016   2.3094789861211137E-017   5.0400345226223059E-016  -1.4233603594023906E-015   6.5154050285217457E-016  -1.7669766809394717E-016  -2.0306812934238931E-016 -0.25283467028678847       -6.5353531283085479E-016   5.0397903172770511E-016
  -2.3968467294445782E-016  0.56803271692356161        1.5272288713990245E-015   4.0667815043295198E-016  -2.0995659374106138E-016  -1.2115925674011617E-016   6.5747944736807957E-017  -3.7156064722259203E-016   2.1525413410298922E-017  -2.7771708256656910E-016   1.6404134385062917E-016  -4.4114983529560591E-016  0.60643084667025760        7.2201402533799489E-016   3.7467563347116568E-016 -0.20770536344790036       -7.2257205460752854E-016  -2.9324183284418792E-016   1.0297638614076849E-015   1.9127967606678908E-016  -8.2865141070920539E-016  -1.1612987484257006E-016  -3.5661929045435005E-016   1.1283732345746171E-015   1.3531207357294547E-016   4.0792812049254340E-016 -0.25283467028679169       -8.4559990587901222E-016
   2.8404890586487668E-016   6.6592508035997799E-016  0.56803271692355861        6.6790908718034016E-016   6.2441228733584919E-016  -1.4780102842161221E-016   5.7796763959803315E-017   6.0795948922514159E-016   8.9447996315961167E-019   4.5525362453140577E-016   2.8071746673790611E-015   1.6047749320286988E-017   7.2201402533799489E-016  0.60643084667024305        2.3586139312575868E-016  -2.1317737620895762E-015 -0.20770536344790025        6.9083854321392155E-016  -7.7123726206853202E-016  -8.8871833108781737E-016  -1.4258141323797055E-015   2.5404800719602868E-015   1.3987469970312005E-015  -4.6759099371952791E-015  -1.4905230327545670E-015   1.9800784364335809E-016  -2.0915907332840224E-015 -0.25283467028679113     
 -0.18707523053488248       -2.6565824202318178E-016   2.7247161735555330E-017   9.5041716653790473E-016  -2.8913313606434558E-016  -2.9676889137505747E-017  -3.8232066812716811E-017  -5.1476566491673570E-016   5.3265931263530718E-016   1.3279886497871571E-017  -4.4172326535136679E-016 -0.20770536344789772        3.7467563347116568E-016   2.3586139312575868E-016  0.70753062922821464        2.3638890954554135E-016  -2.6867334515490741E-016  -6.2892912109961521E-016  -3.7483400513483047E-016   3.5123324657767068E-016   1.8253513809476152E-016   7.5284125796827497E-017  -2.7325880384260714E-016   2.7821471970299508E-016   1.8682623478933845E-016  0.69228793418808787        2.4143147613440593E-016  -2.4342159893136142E-016
   7.0469680617965991E-016 -0.18707523053487971        9.9270114686813753E-017   1.9262368841437601E-016  -5.3103614212412252E-016   1.9350359258251311E-016  -1.2448555778641040E-017   3.9216487037890888E-016  -1.4961474110357431E-016   6.8848335570121465E-017  -6.6196972027983631E-016  -7.0907267311994420E-016 -0.20770536344790036       -2.1317737620895762E-015   2.3638890954554135E-016  0.70753062922821741        2.3528723457605584E-015   3.8553395419923376E-016  -3.7832582321003338E-016  -4.4278184192006231E-017   2.0836165673754907E-016   1.5431605092510648E-016   4.6204307201757946E-016  -2.5073539703685981E-016   6.8452514956846867E-017   1.9556898340413222E-016  0.69228793418808987        2.1170678733496066E-015
  -3.1569440060570639E-016  -1.5844601649338279E-015 -0.18707523053487771        2.0079457222975051E-015   3.9966489092136565E-016   1.2611115174807660E-016   1.4807445045789981E-016  -1.4854956791575444E-016  -5.7344588749766421E-017  -4.7138762522754859E-016  -4.7669045773905879E-015   5.2616406869593711E-016  -7.2257205460752854E-016 -0.20770536344790025       -2.6867334515490741E-016   2.3528723457605584E-015  0.70753062922822041        2.3328123163772779E-016   3.8083340859496713E-016   3.1322828189863637E-016   7.4421574362424548E-016  -6.0841825166860465E-016  -6.6066034465582147E-016   1.5145326356181491E-015   1.4804319486097126E-015  -1.0352436681342915E-017   2.1840843820290853E-015  0.69228793418809009     
   6.4332398073060978E-016  -4.8479428481302513E-016  -1.1760342219691064E-015  -4.2814602940159464E-015   8.4316519155566885E-002   2.7050234339791309E-015  -2.4230309192451245E-015  -4.2158259577787689E-002   2.0665909847110466E-017  -4.2158259577786114E-002   1.9196617727734560E-014  -7.6776211697244167E-016  -2.9324183284418792E-016   6.9083854321392155E-016  -6.2892912109961521E-016   3.8553395419923376E-016   2.3328123163772779E-016   1.9362016487917371       -2.3100553588062388E-015   5.3915205633359157E-015 -0.96810082439586609       -1.0411593462378305E-015 -0.96810082439587297        1.2083483568132643E-015  -3.4496177876160965E-015  -3.4187294656291423E-016   3.0291987513036333E-016   2.8455845973699320E-016
  -2.2885425495448064E-016  -2.1791631844243139E-016   2.3615011695208338E-016  -5.9260875696313362E-016   2.6277265953444893E-015   8.4316519155566691E-002   3.1065441560319813E-016  -1.1621156511057458E-015   2.5789891665924276E-015  -1.7052890810597367E-016  -1.9954047399654980E-015   7.9322517328850913E-016   1.0297638614076849E-015  -7.7123726206853202E-016  -3.7483400513483047E-016  -3.7832582321003338E-016   3.8083340859496713E-016  -2.3100553588062388E-015   1.9362016487917160       -1.0027243792232188E-015   5.7038249991203684E-015  -1.6718939600812721E-015   1.1399843742598838E-015  -1.3510348853135739E-015   1.9628512122178303E-016  -3.9879134062136229E-016  -3.9216426677240274E-016   1.0242338341552394E-016
   2.2574778664713726E-016  -4.7864206660676604E-016   3.9839839514534941E-016  -8.2049599170629978E-016  -3.6630380261144759E-015   2.9825046512360625E-016   8.4316519155565581E-002   2.0026399971934708E-017  -3.6938505436367487E-015   5.2104541418496289E-015  -1.1068821755152101E-015   2.3094789861211137E-017   1.9127967606678908E-016  -8.8871833108781737E-016   3.5123324657767068E-016  -4.4278184192006231E-017   3.1322828189863637E-016   5.3915205633359157E-015  -1.0027243792232188E-015   1.9362016487917155       -7.1828393927164846E-016   2.0373785124261357E-015  -8.6352637280323617E-016  -1.9722689255082696E-015  -3.5059844580233757E-017   2.0101114107895857E-016   7.7547604509794818E-017  -5.6219779032837777E-017
  -2.5050378964551188E-016   1.0002912871961626E-016   1.0274847113528387E-015   1.6222045539330892E-014  -4.2158259577784102E-002  -2.4711254499902241E-015  -4.1079403875939132E-016   8.4316519155573991E-002   2.2195295596013843E-015  -4.2158259577784719E-002  -2.1772411138448241E-014   5.0400345226223059E-016  -8.2865141070920539E-016  -1.4258141323797055E-015   1.8253513809476152E-016   2.0836165673754907E-016   7.4421574362424548E-016 -0.96810082439586609        5.7038249991203684E-015  -7.1828393927164846E-016   1.9362016487917422       -1.0662721790580264E-015 -0.96810082439586997        5.0929928897888009E-015   3.1385081829232985E-015   2.1674766259537220E-016   3.1218445092097712E-016   5.7870815462087801E-016
   1.3753898032542842E-015   1.6325061523253771E-016  -1.7271489346722895E-015   9.1363663173271583E-016   3.7757171250218404E-016   1.0158618602351330E-015  -1.2446132720365238E-015   1.5716302465983077E-015   8.4316519155566164E-002  -1.3085828942790623E-015  -1.6630316448706331E-015  -1.4233603594023906E-015  -1.1612987484257006E-016   2.5404800719602868E-015   7.5284125796827497E-017   1.5431605092510648E-016  -6.0841825166860465E-016  -1.0411593462378305E-015  -1.6718939600812721E-015   2.0373785124261357E-015  -1.0662721790580264E-015   1.9362016487917180        2.7817036326281686E-015  -1.2976992640766223E-016   3.0791438708030973E-016  -1.9547834555474609E-016   1.2941561208927271E-016  -1.8191534690776115E-016
  -3.6488261985432781E-017  -9.9367259656843471E-016   7.7668707819667850E-016  -6.5845387201777853E-015  -4.2158259577782867E-002  -3.6467309478139331E-017   2.9997286427020046E-015  -4.2158259577786038E-002  -2.2108313782660295E-015   8.4316519155570660E-002   1.4380032062391673E-014   6.5154050285217457E-016  -3.5661929045435005E-016   1.3987469970312005E-015  -2.7325880384260714E-016   4.6204307201757946E-016  -6.6066034465582147E-016 -0.96810082439587297        1.1399843742598838E-015  -8.6352637280323617E-016 -0.96810082439586997        2.7817036326281686E-015   1.9362016487917386        4.7186181213547508E-015  -3.0192128905162888E-015  -5.9507626297427420E-016   5.2435209311448197E-016  -6.2207794403500521E-016
   6.0087336859899765E-017  -3.1878625146401598E-016   1.9807992595370048E-015 -0.31706815948193551        1.0215111268141585E-014   3.4508510212882980E-016  -1.0106052222647603E-016   7.5738600147912985E-015   6.4859188087146767E-016   8.2483132887515206E-015 -0.65400643768132716       -1.7669766809394717E-016   1.1283732345746171E-015  -4.6759099371952791E-015   2.7821471970299508E-016  -2.5073539703685981E-016   1.5145326356181491E-015   1.2083483568132643E-015  -1.3510348853135739E-015  -1.9722689255082696E-015   5.0929928897888009E-015  -1.2976992640766223E-016   4.7186181213547508E-015   1.9794253824688430       0.43902792479119751        3.4066507621302803E-016  -3.2720476651232529E-016   2.3540051708879338E-015
   1.0881842973422321E-016  -4.2552770262597345E-016   1.0453630427909665E-015 -0.28753902660651970        5.8831364431232457E-015   1.1195752770187094E-016   4.0409574707993407E-017   3.5200411022397391E-015   8.1450041493096155E-017   3.1366189354597247E-015 -0.61617239411543756       -2.0306812934238931E-016   1.3531207357294547E-016  -1.4905230327545670E-015   1.8682623478933845E-016   6.8452514956846867E-017   1.4804319486097126E-015  -3.4496177876160965E-015   1.9628512122178303E-016  -3.5059844580233757E-017   3.1385081829232985E-015   3.0791438708030973E-016  -3.0192128905162888E-015  0.43902792479119751       0.27351033708875611        1.8839662115575945E-016   9.6637867593550860E-017   1.3825602150569375E-015
 -0.22970779934304128       -2.5074306591388131E-016  -7.5235242056212625E-018   9.9430473615457617E-016  -2.9013507759712280E-016  -3.0000201283080310E-017  -7.0165395704893557E-017  -5.1247977116721569E-016   5.1320805782147863E-016  -9.9782014253485331E-018  -4.6160377748322818E-016 -0.25283467028678847        4.0792812049254340E-016   1.9800784364335809E-016  0.69228793418808787        1.9556898340413222E-016  -1.0352436681342915E-017  -3.4187294656291423E-016  -3.9879134062136229E-016   2.0101114107895857E-016   2.1674766259537220E-016  -1.9547834555474609E-016  -5.9507626297427420E-016   3.4066507621302803E-016   1.8839662115575945E-016  0.68188463032518287        1.9882947915144835E-016   3.8329652584835149E-018
   6.7541974593457622E-016 -0.22970779934303853       -4.2999754213447650E-017   9.3934058610351443E-017  -4.9027426327992843E-016   1.9786788758762508E-016  -1.1857492909615905E-017   4.0871387785269673E-016  -1.4557487786192295E-016   9.3054517365552973E-017  -7.5839545917031869E-016  -6.5353531283085479E-016 -0.25283467028679169       -2.0915907332840224E-015   2.4143147613440593E-016  0.69228793418808987        2.1840843820290853E-015   3.0291987513036333E-016  -3.9216426677240274E-016   7.7547604509794818E-017   3.1218445092097712E-016   1.2941561208927271E-016   5.2435209311448197E-016  -3.2720476651232529E-016   9.6637867593550860E-017   1.9882947915144835E-016  0.68188463032518420        1.9764148186269545E-015
  -3.2151640877676467E-016  -1.6590564662729261E-015 -0.22970779934303728        2.1053606402607338E-015   3.2905952712839775E-016   1.1909033316979652E-016   1.1672522367302251E-016  -2.0796213870723631E-016  -2.7303798953290036E-017  -4.8421706167848523E-016  -4.2308312147882713E-015   5.0397903172770511E-016  -8.4559990587901222E-016 -0.25283467028679113       -2.4342159893136142E-016   2.1170678733496066E-015  0.69228793418809009        2.8455845973699320E-016   1.0242338341552394E-016  -5.6219779032837777E-017   5.7870815462087801E-016  -1.8191534690776115E-016  -6.2207794403500521E-016   2.3540051708879338E-015   1.3825602150569375E-015   3.8329652584835149E-018   1.9764148186269545E-015  0.68188463032518176     
