  0.19510239085807987        1.3236714581196306E-016   6.1075771161690555E-017  -4.0237298189809703E-016   8.6807563576079882E-002   9.8769381381692206E-017  -3.4628709978147733E-017   2.7052761642068947E-017  -3.3163094529567603E-017  -5.5344481579264573E-017  -3.0515813622107038E-017   2.1817032616386751E-019   2.0351272047691968E-017  -5.7226699676588060E-016   2.6331459295784530E-016  -4.0045079312719573E-016  -6.8093499061370656E-016  -4.5099714892606947E-016   3.4810011266344948E-017   2.0926125295873979E-016  -2.8933005190535693E-002   8.3058713707099050E-016  -7.8304958595528150E-018  -5.1081755279693207E-015  -1.4317028733606002E-015  -3.0709377488582330E-002   7.1711954308856221E-016  -7.2441206634225142E-018
   1.3236714581196306E-016  0.19510239085807976        8.8935882665373668E-017   2.8071228283058711E-016   8.8118336989652742E-017   8.6807563576078828E-002   3.2279941055057780E-017  -2.4338063552769596E-018  -2.5010899480392421E-017  -1.8104280142209102E-017  -1.0391904181930743E-017   8.1930271174255574E-018  -1.0919160945844769E-016   2.3521543311023823E-016   6.4397928469118363E-016  -3.6519457635673952E-016  -2.5788533983699391E-016   3.7840072025912144E-016   1.3380218459956289E-016  -9.7554936646525802E-016  -6.6865028823426125E-016  -2.8933005190536241E-002   1.0188578677997482E-015   5.4852698449535670E-015   1.4349675851509757E-015  -5.8652477471410935E-016  -3.0709377488582757E-002   8.8265757208195773E-016
   6.1075771161690555E-017   8.8935882665373668E-017  0.19510239085808312       -4.6969616082890311E-016  -2.5522974594950633E-017   8.2555707620003673E-018   8.6807563576077953E-002   1.9831519860519153E-017  -4.1453895161998542E-017  -1.7045546040816387E-016  -6.5775905762268962E-017  -2.2845017175679876E-018  -1.6441131224353067E-016  -8.9131057020390396E-016   1.2574008028505934E-015  -5.2933413077784497E-016  -2.4619714885267078E-015   1.3216035891081422E-016  -3.0984905862306362E-017  -1.3150895559695648E-015   1.8040697902782811E-015   1.8676164230534243E-016  -2.8933005190535266E-002   9.4554916649279058E-015   2.0589626812944818E-015   1.5679979398726396E-015   1.6149371011585363E-016  -3.0709377488581956E-002
  -4.0237298189809703E-016   2.8071228283058711E-016  -4.6969616082890311E-016  0.48556801319273213       -6.7772530040315121E-017   4.5010248655210425E-016  -3.9372226877708953E-017  -2.4258901174078670E-015   1.8506274044134703E-018  -4.2420914699728665E-016  -9.8938746054596534E-015  -2.4121576660920749E-016  -4.4080862406255565E-015  0.69889003571997721        1.1728993424105864E-014   2.4684854239044182E-015   7.4417825125316680E-016  -1.4475513979544532E-014  -1.1559356843659698E-015  -1.1810925785069961E-014   5.3046006506648387E-017  -9.4875335919256070E-016  -6.0515603448951862E-016 -0.47645699496010729       0.10328900550819718       -3.6442336865379427E-017  -7.7147699660826149E-016  -5.4912931403802982E-016
   8.6807563576079882E-002   8.8118336989652742E-017  -2.5522974594950633E-017  -6.7772530040315121E-017   3.8687527233735426E-002   3.5640784288188784E-017  -4.0462749317741363E-017  -3.8979385159129757E-018   1.9034327257203760E-016   9.9708915795873973E-017   9.8298921887774381E-017  -3.9674508802176962E-017  -8.6220791894925460E-017   4.0367146835924730E-017  -1.2936182943511792E-016   2.8017380565321761E-015   1.4927721620311492E-015   1.3775270829452546E-015  -5.8906568734886935E-016  -1.2396527817550933E-015  -6.1947408045872369E-003  -2.1896019844045015E-015   1.7512956160328286E-015   1.0406249650405312E-014   2.5523239820645205E-015  -7.8634974970502557E-003  -1.9072000991314723E-015   1.5258441119693161E-015
   9.8769381381692206E-017   8.6807563576078828E-002   8.2555707620003673E-018   4.5010248655210425E-016   3.5640784288188784E-017   3.8687527233734358E-002  -2.0108486893306781E-017   4.4930850396240203E-017   1.2280858699359062E-017   2.4071932444526891E-017  -1.1780817737622419E-016   3.9840758112184625E-017   1.7610549841740436E-017   4.8545826542575594E-016   8.5671034198195209E-016   1.7738631967396877E-016   3.4112889780717956E-016  -1.3695525665654886E-015   5.6103763338011029E-016   5.3531125504404032E-016   2.9168490921943455E-017  -6.1947408045949599E-003  -1.1005640068874562E-015  -8.0885738421812175E-015  -1.8154167459887003E-015   2.8729404334814140E-017  -7.8634974970569274E-003  -9.5290464005283999E-016
  -3.4628709978147733E-017   3.2279941055057780E-017   8.6807563576077953E-002  -3.9372226877708953E-017  -4.0462749317741363E-017  -2.0108486893306781E-017   3.8687527233732921E-002  -1.1477217146390007E-016  -8.8946179314384187E-018   1.4114955324838698E-016  -1.3512703255629240E-017   2.9852885094133150E-017   4.5583194681030808E-017  -2.6513936656129918E-016  -1.2543135156070506E-015  -2.8011130656972272E-017   1.9582783915558268E-015   1.8860639708651538E-016   4.9647292178066498E-016   1.0993316262926791E-015  -1.1006925407748946E-015  -4.9626173706482496E-016  -6.1947408045946364E-003  -7.4855910884883721E-015  -1.8997456417853908E-015  -9.4895006987748572E-016  -4.3459889401048439E-016  -7.8634974970565943E-003
   2.7052761642068947E-017  -2.4338063552769596E-018   1.9831519860519153E-017  -2.4258901174078670E-015  -3.8979385159129757E-018   4.4930850396240203E-017  -1.1477217146390007E-016   9.0767615513026451E-003  -1.6935153230928684E-016  -3.3950668712725859E-017  -4.5383807756509591E-003   1.0113737502850037E-016  -4.5383807756512462E-003  -6.9296546168098458E-015  0.13137791212305056       -4.6910378684837158E-016   1.4500136795480083E-015  -6.5688956061526221E-002   1.0803989945523316E-015  -6.5688956061524223E-002   9.3077666404064007E-017   6.3204297916515922E-016   2.2030537951162037E-016   1.8023187688267227E-015  -1.5068089217703416E-015   8.2650752937973279E-017   5.4667303801349541E-016   1.8186876589048905E-016
  -3.3163094529567603E-017  -2.5010899480392421E-017  -4.1453895161998542E-017   1.8506274044134703E-018   1.9034327257203760E-016   1.2280858699359062E-017  -8.8946179314384187E-018  -1.6935153230928684E-016   9.0767615513049089E-003   2.5330414408521596E-017   8.2282534119185551E-017   1.6600966969501520E-016   1.0897502382901934E-017  -2.8399450835180114E-016  -1.8926104173450059E-015  0.13137791212306540        5.0220583442707479E-017   7.7093794249269982E-016   6.8375675875919317E-016   1.0724114738597260E-015  -1.4081225361537872E-016  -4.3541696444953490E-018  -4.4858538407133450E-016   4.6749518717748219E-017  -4.4371213995244416E-017  -1.3719268915812357E-016  -1.8552699502769108E-018  -3.9014208456146230E-016
  -5.5344481579264573E-017  -1.8104280142209102E-017  -1.7045546040816387E-016  -4.2420914699728665E-016   9.9708915795873973E-017   2.4071932444526891E-017   1.4114955324838698E-016  -3.3950668712725859E-017   2.5330414408521596E-017   9.0767615513050581E-003   1.6295944614931595E-016   4.6082377509117123E-017   2.3468212473985531E-017  -8.3317429478136070E-016  -1.7414556938415797E-015   3.0712567634493720E-016  0.13137791212306646        1.8263189322102615E-015  -3.2927283505855824E-016   4.2929323832744465E-017  -1.7675244664455602E-017   5.3181671431889986E-017   5.9081775341236814E-016   3.4146474600862979E-015   6.0300058990969015E-016  -4.2366363136759272E-017   5.0749732298025099E-017   5.0385462234735655E-016
  -3.0515813622107038E-017  -1.0391904181930743E-017  -6.5775905762268962E-017  -9.8938746054596534E-015   9.8298921887774381E-017  -1.1780817737622419E-016  -1.3512703255629240E-017  -4.5383807756509591E-003   8.2282534119185551E-017   1.6295944614931595E-016   9.0767615513005304E-003   6.1454523341794117E-017  -4.5383807756505783E-003  -1.1437231467887170E-014  -6.5688956061519574E-002   4.6187208424252794E-016   4.3932138050397691E-016  0.13137791212303526       -6.1199487015328023E-016  -6.5688956061516451E-002   2.6975850528729973E-016  -6.5101983492994166E-016   7.1065601526502218E-016   6.9826129457330951E-015  -2.1393104192908783E-015   2.3178155835755137E-016  -5.6092073487494988E-016   6.1631059392366323E-016
   2.1817032616386751E-019   8.1930271174255574E-018  -2.2845017175679876E-018  -2.4121576660920749E-016  -3.9674508802176962E-017   3.9840758112184625E-017   2.9852885094133150E-017   1.0113737502850037E-016   1.6600966969501520E-016   4.6082377509117123E-017   6.1454523341794117E-017   9.0767615513053547E-003  -1.0875760105935203E-016  -2.4209968585488589E-016   3.0860798400263455E-016   1.5563616306911011E-015   9.3172353648552156E-016   1.4306618883790059E-015  0.13137791212306862       -1.6799467023108176E-015   1.9567603820036960E-016   1.2797591161074590E-016  -4.7658115806091090E-016  -1.1966456578830764E-015  -3.8165054257048285E-016   1.7585869678048389E-016   1.0942125594218545E-016  -4.1805355430948477E-016
   2.0351272047691968E-017  -1.0919160945844769E-016  -1.6441131224353067E-016  -4.4080862406255565E-015  -8.6220791894925460E-017   1.7610549841740436E-017   4.5583194681030808E-017  -4.5383807756512462E-003   1.0897502382901934E-017   2.3468212473985531E-017  -4.5383807756505783E-003  -1.0875760105935203E-016   9.0767615513023883E-003  -5.7747338689330451E-015  -6.5688956061524598E-002  -1.0952779753037965E-015   3.1762549675910126E-016  -6.5688956061523626E-002   3.1079925823717767E-016  0.13137791212304883       -2.9577717594619622E-016  -6.4987586282675950E-017   2.3786005213147335E-016   1.6137663848763581E-015  -1.4024308438417091E-015  -2.5667638495834920E-016  -5.5182507329625774E-017   2.2293149422484386E-016
  -5.7226699676588060E-016   2.3521543311023823E-016  -8.9131057020390396E-016  0.69889003571997721        4.0367146835924730E-017   4.8545826542575594E-016  -2.6513936656129918E-016  -6.9296546168098458E-015  -2.8399450835180114E-016  -8.3317429478136070E-016  -1.1437231467887170E-014  -2.4209968585488589E-016  -5.7747338689330451E-015   1.0063207329579353       -3.2580691431193548E-014  -5.7299360027870802E-016  -2.6470377464623952E-015   2.0050317452340107E-014   5.9547152641017930E-017  -8.5100193416639486E-015  -2.9196484418615925E-016   1.0823864577248605E-015   3.9642573371905052E-016 -0.64948272603670920       0.15765786526681191       -3.2185021613283064E-016   9.7332608783244817E-016   2.8013422965284875E-016
   2.6331459295784530E-016   6.4397928469118363E-016   1.2574008028505934E-015   1.1728993424105864E-014  -1.2936182943511792E-016   8.5671034198195209E-016  -1.2543135156070506E-015  0.13137791212305056       -1.8926104173450059E-015  -1.7414556938415797E-015  -6.5688956061519574E-002   3.0860798400263455E-016  -6.5688956061524598E-002  -3.2580691431193548E-014   1.9015764263780750        1.2953505455770651E-015   2.8941963842871181E-015 -0.95078821318904472       -1.0836058612906390E-015 -0.95078821318902840       -2.9229466446285565E-016  -9.6044166246801384E-016   4.5108580926207246E-016   7.9289973696676684E-015  -4.9572651693991896E-015  -2.2390982052994853E-016  -8.8598453961708832E-016   2.2705553711957932E-016
  -4.0045079312719573E-016  -3.6519457635673952E-016  -5.2933413077784497E-016   2.4684854239044182E-015   2.8017380565321761E-015   1.7738631967396877E-016  -2.8011130656972272E-017  -4.6910378684837158E-016  0.13137791212306540        3.0712567634493720E-016   4.6187208424252794E-016   1.5563616306911011E-015  -1.0952779753037965E-015  -5.7299360027870802E-016   1.2953505455770651E-015   1.9015764263780301       -1.3445462191535857E-016   6.0566836783535309E-016  -2.3552733656624636E-015  -2.6140656479711715E-015  -8.7030386662505115E-016   4.6992966122880263E-017   7.3284917451799516E-016   4.3142415154511307E-016   4.0996660538003887E-016  -9.7378781633112231E-016   6.8783623033928123E-017   6.2638173200183534E-016
  -6.8093499061370656E-016  -2.5788533983699391E-016  -2.4619714885267078E-015   7.4417825125316680E-016   1.4927721620311492E-015   3.4112889780717956E-016   1.9582783915558268E-015   1.4500136795480083E-015   5.0220583442707479E-017  0.13137791212306646        4.3932138050397691E-016   9.3172353648552156E-016   3.1762549675910126E-016  -2.6470377464623952E-015   2.8941963842871181E-015  -1.3445462191535857E-016   1.9015764263780299       -1.3467595162447613E-015  -9.3428411708507131E-016   3.0214004041739810E-016  -6.7808218031242577E-016  -1.8549373435277680E-016  -5.4127682754133451E-016  -3.3870767152189184E-015  -1.2177107905132464E-015  -9.8336440713925338E-016  -9.5173902482315108E-017  -6.0420813505936390E-016
  -4.5099714892606947E-016   3.7840072025912144E-016   1.3216035891081422E-016  -1.4475513979544532E-014   1.3775270829452546E-015  -1.3695525665654886E-015   1.8860639708651538E-016  -6.5688956061526221E-002   7.7093794249269982E-016   1.8263189322102615E-015  0.13137791212303526        1.4306618883790059E-015  -6.5688956061523626E-002   2.0050317452340107E-014 -0.95078821318904472        6.0566836783535309E-016  -1.3467595162447613E-015   1.9015764263780754       -1.0252054806762965E-015 -0.95078821318904150       -3.8862449423992366E-016   9.7686644819454123E-016  -1.3170666940144398E-016   3.5745581929997885E-015   3.5587520781984382E-015  -3.7338736333355626E-016   8.9801231614156392E-016  -1.5809178998659560E-016
   3.4810011266344948E-017   1.3380218459956289E-016  -3.0984905862306362E-017  -1.1559356843659698E-015  -5.8906568734886935E-016   5.6103763338011029E-016   4.9647292178066498E-016   1.0803989945523316E-015   6.8375675875919317E-016  -3.2927283505855824E-016  -6.1199487015328023E-016  0.13137791212306862        3.1079925823717767E-016   5.9547152641017930E-017  -1.0836058612906390E-015  -2.3552733656624636E-015  -9.3428411708507131E-016  -1.0252054806762965E-015   1.9015764263780304        2.9674477935656688E-015  -1.9038921280604625E-016  -4.8846637339949351E-016  -2.7128807250981912E-016  -8.3981689432254891E-016  -3.7660068383370822E-016  -8.0583639180336621E-017  -4.4959053603697401E-016  -2.9579970162293951E-016
   2.0926125295873979E-016  -9.7554936646525802E-016  -1.3150895559695648E-015  -1.1810925785069961E-014  -1.2396527817550933E-015   5.3531125504404032E-016   1.0993316262926791E-015  -6.5688956061524223E-002   1.0724114738597260E-015   4.2929323832744465E-017  -6.5688956061516451E-002  -1.6799467023108176E-015  0.13137791212304883       -8.5100193416639486E-015 -0.95078821318902840       -2.6140656479711715E-015   3.0214004041739810E-016 -0.95078821318904150        2.9674477935656688E-015   1.9015764263780788        5.6402418391338826E-016   1.4713111692063354E-016  -2.7928842160814412E-016  -5.3404928611705943E-015  -3.7100868135855717E-015   4.9515941725989732E-016   1.2867670471547866E-016  -3.6276536283662534E-017
  -2.8933005190535693E-002  -6.6865028823426125E-016   1.8040697902782811E-015   5.3046006506648387E-017  -6.1947408045872369E-003   2.9168490921943455E-017  -1.1006925407748946E-015   9.3077666404064007E-017  -1.4081225361537872E-016  -1.7675244664455602E-017   2.6975850528729973E-016   1.9567603820036960E-016  -2.9577717594619622E-016  -2.9196484418615925E-016  -2.9229466446285565E-016  -8.7030386662505115E-016  -6.7808218031242577E-016  -3.8862449423992366E-016  -1.9038921280604625E-016   5.6402418391338826E-016  0.70179787144784611        3.0116044203618718E-016  -1.7633231905106371E-017  -4.9081666331709219E-015  -1.4562991103829671E-015  0.61032195539881906       -1.8863974013271717E-017   3.0642863881542342E-016
   8.3058713707099050E-016  -2.8933005190536241E-002   1.8676164230534243E-016  -9.4875335919256070E-016  -2.1896019844045015E-015  -6.1947408045949599E-003  -4.9626173706482496E-016   6.3204297916515922E-016  -4.3541696444953490E-018   5.3181671431889986E-017  -6.5101983492994166E-016   1.2797591161074590E-016  -6.4987586282675950E-017   1.0823864577248605E-015  -9.6044166246801384E-016   4.6992966122880263E-017  -1.8549373435277680E-016   9.7686644819454123E-016  -4.8846637339949351E-016   1.4713111692063354E-016   3.0116044203618718E-016  0.70179787144784644        4.4679680567505901E-016   4.5695991617050551E-015   1.3757555684148707E-015   9.8242321169773113E-016  0.61032195539881817        6.9481552159378355E-016
  -7.8304958595528150E-018   1.0188578677997482E-015  -2.8933005190535266E-002  -6.0515603448951862E-016   1.7512956160328286E-015  -1.1005640068874562E-015  -6.1947408045946364E-003   2.2030537951162037E-016  -4.4858538407133450E-016   5.9081775341236814E-016   7.1065601526502218E-016  -4.7658115806091090E-016   2.3786005213147335E-016   3.9642573371905052E-016   4.5108580926207246E-016   7.3284917451799516E-016  -5.4127682754133451E-016  -1.3170666940144398E-016  -2.7128807250981912E-016  -2.7928842160814412E-016  -1.7633231905106371E-017   4.4679680567505901E-016  0.70179787144784511        2.4902749000261630E-015   7.2783020799090883E-016   4.7208931328965063E-016  -7.2469603995382294E-018  0.61032195539881728     
  -5.1081755279693207E-015   5.4852698449535670E-015   9.4554916649279058E-015 -0.47645699496010729        1.0406249650405312E-014  -8.0885738421812175E-015  -7.4855910884883721E-015   1.8023187688267227E-015   4.6749518717748219E-017   3.4146474600862979E-015   6.9826129457330951E-015  -1.1966456578830764E-015   1.6137663848763581E-015 -0.64948272603670920        7.9289973696676684E-015   4.3142415154511307E-016  -3.3870767152189184E-015   3.5745581929997885E-015  -8.3981689432254891E-016  -5.3404928611705943E-015  -4.9081666331709219E-015   4.5695991617050551E-015   2.4902749000261630E-015   3.8360275552023144       0.73317064361668294        6.7876044222960858E-016  -6.1762033101709079E-016  -1.4490170328602808E-015
  -1.4317028733606002E-015   1.4349675851509757E-015   2.0589626812944818E-015  0.10328900550819718        2.5523239820645205E-015  -1.8154167459887003E-015  -1.8997456417853908E-015  -1.5068089217703416E-015  -4.4371213995244416E-017   6.0300058990969015E-016  -2.1393104192908783E-015  -3.8165054257048285E-016  -1.4024308438417091E-015  0.15765786526681191       -4.9572651693991896E-015   4.0996660538003887E-016  -1.2177107905132464E-015   3.5587520781984382E-015  -3.7660068383370822E-016  -3.7100868135855717E-015  -1.4562991103829671E-015   1.3757555684148707E-015   7.2783020799090883E-016  0.73317064361668294       0.22871746663845310       -7.8674098952516230E-017   8.4026030668000531E-017  -2.7143622920472345E-016
  -3.0709377488582330E-002  -5.8652477471410935E-016   1.5679979398726396E-015  -3.6442336865379427E-017  -7.8634974970502557E-003   2.8729404334814140E-017  -9.4895006987748572E-016   8.2650752937973279E-017  -1.3719268915812357E-016  -4.2366363136759272E-017   2.3178155835755137E-016   1.7585869678048389E-016  -2.5667638495834920E-016  -3.2185021613283064E-016  -2.2390982052994853E-016  -9.7378781633112231E-016  -9.8336440713925338E-016  -3.7338736333355626E-016  -8.0583639180336621E-017   4.9515941725989732E-016  0.61032195539881906        9.8242321169773113E-016   4.7208931328965063E-016   6.7876044222960858E-016  -7.8674098952516230E-017  0.53092819227858123        6.0985898905008062E-016   6.8935432305156253E-016
   7.1711954308856221E-016  -3.0709377488582757E-002   1.6149371011585363E-016  -7.7147699660826149E-016  -1.9072000991314723E-015  -7.8634974970569274E-003  -4.3459889401048439E-016   5.4667303801349541E-016  -1.8552699502769108E-018   5.0749732298025099E-017  -5.6092073487494988E-016   1.0942125594218545E-016  -5.5182507329625774E-017   9.7332608783244817E-016  -8.8598453961708832E-016   6.8783623033928123E-017  -9.5173902482315108E-017   8.9801231614156392E-016  -4.4959053603697401E-016   1.2867670471547866E-016  -1.8863974013271717E-017  0.61032195539881817       -7.2469603995382294E-018  -6.1762033101709079E-016   8.4026030668000531E-017   6.0985898905008062E-016  0.53092819227857935        2.6014913465984299E-016
  -7.2441206634225142E-018   8.8265757208195773E-016  -3.0709377488581956E-002  -5.4912931403802982E-016   1.5258441119693161E-015  -9.5290464005283999E-016  -7.8634974970565943E-003   1.8186876589048905E-016  -3.9014208456146230E-016   5.0385462234735655E-016   6.1631059392366323E-016  -4.1805355430948477E-016   2.2293149422484386E-016   2.8013422965284875E-016   2.2705553711957932E-016   6.2638173200183534E-016  -6.0420813505936390E-016  -1.5809178998659560E-016  -2.9579970162293951E-016  -3.6276536283662534E-017   3.0642863881542342E-016   6.9481552159378355E-016  0.61032195539881728       -1.4490170328602808E-015  -2.7143622920472345E-016   6.8935432305156253E-016   2.6014913465984299E-016  0.53092819227857868     
