   2.0033982408099898E-004  -4.2303965830701849E-004   8.6111102663912951E-014   8.7960440819316112E-015   1.4830494405695987E-013   8.8102059275295937E-015   9.0313556026062715E-016   1.5161591933073639E-014  -1.9939332131149883E-002
  -4.2303965830701849E-004   8.9329494683075582E-004   1.5828857972441690E-015   1.7020649727201190E-016   2.6864584633436486E-015   1.4796525563145765E-016   9.2406998188695263E-018   2.7568466550614358E-016   4.2104101320471418E-002
   8.6111102663912951E-014   1.5828857972441690E-015  0.22349805393427255        2.2840174030853456E-002  0.38487143926616746        2.2849511705267028E-002   2.3350844210115467E-003   3.9347655613688394E-002  -1.0772921210265162E-014
   8.7960440819316112E-015   1.7020649727201190E-016   2.2840174030853456E-002   2.3341301661315094E-003   3.9331575812868037E-002   2.3350844210115636E-003   2.3863176262072986E-004   4.0210967661804663E-003  -7.0288785126329316E-016
   1.4830494405695987E-013   2.6864584633436486E-015  0.38487143926616746        3.9331575812868037E-002  0.66276203374179210        3.9347655613688172E-002   4.0210967661804143E-003   6.7758034493863237E-002  -2.0404919672067131E-014
   8.8102059275295937E-015   1.4796525563145765E-016   2.2849511705267028E-002   2.3350844210115636E-003   3.9347655613688172E-002   2.3360390660165519E-003   2.3872932167177206E-004   4.0227406981547739E-003  -1.7547621557263016E-015
   9.0313556026062715E-016   9.2406998188695263E-018   2.3350844210115467E-003   2.3863176262072986E-004   4.0210967661804143E-003   2.3872932167177206E-004   2.4396719153780033E-005   4.1110021322096998E-004  -4.5649333402277473E-016
   1.5161591933073639E-014   2.7568466550614358E-016   3.9347655613688394E-002   4.0210967661804663E-003   6.7758034493863237E-002   4.0227406981547739E-003   4.1110021322096998E-004   6.9272997014494693E-003  -2.0374571734009240E-015
  -1.9939332131149883E-002   4.2104101320471418E-002  -1.0772921210265162E-014  -7.0288785126329316E-016  -2.0404919672067131E-014  -1.7547621557263016E-015  -4.5649333402277473E-016  -2.0374571734009240E-015   1.9845129028143829     
