  0.23662231353716848        1.9077906990251951E-016   4.2774718140307044E-016  -5.4484141307106843E-017  0.51054918202950950       -5.4651374902380839E-016  -2.5663694267933269E-017   3.4103639428662263E-017  -5.8057946305169427E-016  -2.7255307023958046E-017  -8.9760788459949684E-017  -8.7312492456586337E-017  -9.9925008793380598E-017   3.9453378493908991E-017   7.2033248812277410E-018  -6.8164352839126422E-017  -7.0485494315995741E-017  0.25020867032551786       -4.5949131595933668E-002
   1.9077906990251951E-016   2.1055987946307801E-005  -3.5404618551069930E-018   1.1012817977735010E-017   4.8778391319361837E-016  -4.7858889610210053E-018  -6.5041318782292803E-019  -1.8655216404527614E-019   2.9989894638710743E-018   1.0403502984563954E-018   1.8669755748862624E-018   4.8272538834115423E-005  -5.0353656123753353E-018   9.1431945787406162E-018  -6.4721284567278402E-003   5.4077923838900830E-016  -1.5262519387568204E-015  -1.4589308749158069E-015   2.1229075316613265E-015
   4.2774718140307044E-016  -3.5404618551069930E-018   2.1055987946323953E-005  -1.6136200156779164E-017   9.4550538951673740E-016   2.3611572689188627E-018  -1.5012585648220292E-018  -1.0040040544026088E-018   4.7495269962195316E-019   3.2247218164274805E-018  -2.7517887752217821E-018  -8.3191622155994414E-018   4.8272538834126835E-005  -2.3912806336798421E-017   5.4185968185282261E-016  -6.4721284567303234E-003   3.5582063698260796E-015  -2.6793155004001839E-016  -6.2751315797610414E-017
  -5.4484141307106843E-017   1.1012817977735010E-017  -1.6136200156779164E-017   2.1055987946311203E-005  -7.7345361120597376E-017  -4.0291320161513084E-019   9.0594424421744031E-019  -1.5955894641021451E-018  -3.5962441585280748E-019   2.9258474126208417E-018   4.1163457990806474E-019   1.1952558019321765E-017  -3.8499260454902560E-018   4.8272538834109562E-005  -1.8490661475925580E-015   1.3937248461920530E-015  -6.4721284567283615E-003  -1.3234950419270210E-015   6.7116803137560838E-017
  0.51054918202950950        4.8778391319361837E-016   9.4550538951673740E-016  -7.7345361120597376E-017   1.1042775000095419       -1.1823155295529997E-015  -5.5557851575674287E-017   7.3744915603338872E-017  -1.2608897749022180E-015  -6.0583564613384314E-017  -1.9237881577453731E-016  -2.2310880647898523E-016  -2.2655981598356914E-016   4.7585653085871532E-017   5.9401758565742596E-017  -8.1754971493776683E-017  -1.2167875818474565E-016  0.46858458215852000       -5.8693245373939967E-002
  -5.4651374902380839E-016  -4.7858889610210053E-018   2.3611572689188627E-018  -4.0291320161513084E-019  -1.1823155295529997E-015   2.6287694604992479E-030   2.1535798081175361E-032  -1.1865627222149161E-031   7.2860236437608518E-031   1.3444813934234979E-031  -5.3288507414333860E-031  -1.0972033766153861E-017   5.4131421545239134E-018  -9.2371078579785065E-019   1.4710726570676119E-015  -7.2576566770194992E-016   1.2384629039502396E-016  -4.7244778013357310E-016   1.2197475422290189E-016
  -2.5663694267933269E-017  -6.5041318782292803E-019  -1.5012585648220292E-018   9.0594424421744031E-019  -5.5557851575674287E-017   2.1535798081175361E-032   1.6890749064309491E-031   4.9875562104292396E-033  -7.8428366531435170E-032  -1.3310080029011466E-031   1.6579958250792044E-031  -1.4911243275535200E-018  -3.4417555022897148E-018   2.0769497409489378E-018   1.9992211774988349E-016   4.6145250002329711E-016  -2.7846651214650073E-016  -2.3161026856676721E-017  -3.4309135366661706E-019
   3.4103639428662263E-017  -1.8655216404527614E-019  -1.0040040544026088E-018  -1.5955894641021451E-018   7.3744915603338872E-017  -1.1865627222149161E-031   4.9875562104292396E-033   1.7536342925449474E-031  -1.0612705685448690E-031  -3.8873632602648325E-031   7.0578436315625057E-032  -4.2768577786079875E-019  -2.3017597098448633E-018  -3.6580166442710359E-018   5.7341862688120026E-017   3.0860785196794349E-016   4.9044765803457055E-016   3.1360462726977897E-017  -5.4059001915138241E-018
  -5.8057946305169427E-016   2.9989894638710743E-018   4.7495269962195316E-019  -3.5962441585280748E-019  -1.2608897749022180E-015   7.2860236437608518E-031  -7.8428366531435170E-032  -1.0612705685448690E-031   1.8935733852512015E-030   2.4319586515637371E-031   4.1280980822808345E-031   6.8754235482572290E-018   1.0888671049478768E-018  -8.2446777725442039E-019  -9.2182067638179296E-016  -1.4598958218763527E-016   1.1054030908048806E-016  -3.9966200886969870E-016  -1.9337977195055076E-017
  -2.7255307023958046E-017   1.0403502984563954E-018   3.2247218164274805E-018   2.9258474126208417E-018  -6.0583564613384314E-017   1.3444813934234979E-031  -1.3310080029011466E-031  -3.8873632602648325E-031   2.4319586515637371E-031   9.5617229401249189E-031  -2.6228564203626620E-031   2.3850863854664436E-018   7.3929330463941542E-018   6.7077395374928980E-018  -3.1977985496440873E-016  -9.9120563168799390E-016  -8.9933848497422812E-016   2.0633991944244523E-017  -1.4802612814631252E-017
  -8.9760788459949684E-017   1.8669755748862624E-018  -2.7517887752217821E-018   4.1163457990806474E-019  -1.9237881577453731E-016  -5.3288507414333860E-031   1.6579958250792044E-031   7.0578436315625057E-032   4.1280980822808345E-031  -2.6228564203626620E-031   5.6960545612157418E-031   4.2801910397579066E-018  -6.3086961701253575E-018   9.4370524406992185E-019  -5.7386553302781028E-016   8.4583684624163051E-016  -1.2652704233978605E-016  -1.1088366635141683E-016   8.8078072525929336E-017
  -8.7312492456586337E-017   4.8272538834115423E-005  -8.3191622155994414E-018   1.1952558019321765E-017  -2.2310880647898523E-016  -1.0972033766153861E-017  -1.4911243275535200E-018  -4.2768577786079875E-019   6.8754235482572290E-018   2.3850863854664436E-018   4.2801910397579066E-018   1.1066866163835321E-004  -1.2007927835164669E-017  -9.5188272210683059E-018  -1.4837872868442755E-002   1.3019838723452340E-015   5.8758760254326210E-016   5.8482150976434548E-016  -1.1501991341308983E-015
  -9.9925008793380598E-017  -5.0353656123753353E-018   4.8272538834126835E-005  -3.8499260454902560E-018  -2.2655981598356914E-016   5.4131421545239134E-018  -3.4417555022897148E-018  -2.3017597098448633E-018   1.0888671049478768E-018   7.3929330463941542E-018  -6.3086961701253575E-018  -1.2007927835164669E-017   1.1066866163832065E-004   2.1162347254817773E-017   2.9509653794449032E-016  -1.4837872868440573E-002  -2.0301118167716371E-015   3.0157666368979297E-016   2.2812847642076580E-016
   3.9453378493908991E-017   9.1431945787406162E-018  -2.3912806336798421E-017   4.8272538834109562E-005   4.7585653085871532E-017  -9.2371078579785065E-019   2.0769497409489378E-018  -3.6580166442710359E-018  -8.2446777725442039E-019   6.7077395374928980E-018   9.4370524406992185E-019  -9.5188272210683059E-018   2.1162347254817773E-017   1.1066866163830845E-004   7.1104477218794057E-016  -8.2548908775735995E-016  -1.4837872868439749E-002   1.1904438733747548E-015  -1.2190909917782546E-016
   7.2033248812277410E-018  -6.4721284567278402E-003   5.4185968185282261E-016  -1.8490661475925580E-015   5.9401758565742596E-017   1.4710726570676119E-015   1.9992211774988349E-016   5.7341862688120026E-017  -9.2182067638179296E-016  -3.1977985496440873E-016  -5.7386553302781028E-016  -1.4837872868442755E-002   2.9509653794449032E-016   7.1104477218794057E-016   1.9893840586915563        1.7268359051725531E-015  -3.0030231773508578E-015   9.2319988101290789E-017  -4.4325258171100443E-016
  -6.8164352839126422E-017   5.4077923838900830E-016  -6.4721284567303234E-003   1.3937248461920530E-015  -8.1754971493776683E-017  -7.2576566770194992E-016   4.6145250002329711E-016   3.0860785196794349E-016  -1.4598958218763527E-016  -9.9120563168799390E-016   8.4583684624163051E-016   1.3019838723452340E-015  -1.4837872868440573E-002  -8.2548908775735995E-016   1.7268359051725531E-015   1.9893840586915563        2.4488874469928468E-015   1.5132371084564130E-016   8.7785812632939722E-017
  -7.0485494315995741E-017  -1.5262519387568204E-015   3.5582063698260796E-015  -6.4721284567283615E-003  -1.2167875818474565E-016   1.2384629039502396E-016  -2.7846651214650073E-016   4.9044765803457055E-016   1.1054030908048806E-016  -8.9933848497422812E-016  -1.2652704233978605E-016   5.8758760254326210E-016  -2.0301118167716371E-015  -1.4837872868439749E-002  -3.0030231773508578E-015   2.4488874469928468E-015   1.9893840586915548        6.2051071743813099E-018   9.4813773223104420E-018
  0.25020867032551786       -1.4589308749158069E-015  -2.6793155004001839E-016  -1.3234950419270210E-015  0.46858458215852000       -4.7244778013357310E-016  -2.3161026856676721E-017   3.1360462726977897E-017  -3.9966200886969870E-016   2.0633991944244523E-017  -1.1088366635141683E-016   5.8482150976434548E-016   3.0157666368979297E-016   1.1904438733747548E-015   9.2319988101290789E-017   1.5132371084564130E-016   6.2051071743813099E-018   2.3499107502806083      -0.57441166675150834     
  -4.5949131595933668E-002   2.1229075316613265E-015  -6.2751315797610414E-017   6.7116803137560838E-017  -5.8693245373939967E-002   1.2197475422290189E-016  -3.4309135366661706E-019  -5.4059001915138241E-018  -1.9337977195055076E-017  -1.4802612814631252E-017   8.8078072525929336E-017  -1.1501991341308983E-015   2.2812847642076580E-016  -1.2190909917782546E-016  -4.4325258171100443E-016   8.7785812632939722E-017   9.4813773223104420E-018 -0.57441166675150834        2.1430430041927515     
