  0.34273127967650779       -1.2293403281308163E-016  -8.4334050641663902E-017   2.5053651134462757E-016  0.56478608623777493       -3.6563305143626256E-016  -1.8737061230934113E-016  -1.5257576635697723E-016   7.3758536954286057E-015   1.1892061560875317E-020  -3.4140257490490257E-018   7.5032378470910364E-015   2.7918566397195740E-018   7.5875263072339913E-015  0.27408499256956109     
  -1.2293403281308163E-016  0.29023419720327676        2.0033282114629891E-016  -8.1263493926630296E-017  -3.5219603794832549E-017 -0.32676147066456573       -3.2289801215796282E-016  -4.3993303093612153E-017  -6.7183634104193567E-017  -1.0969455167059610E-017  -1.3927022800062732E-017  -1.0307454462280849E-016  -3.6391982178972018E-018  -1.0333068458973307E-016   2.9669734869357757E-016
  -8.4334050641663902E-017   2.0033282114629891E-016  0.29023419720327637        1.9355041657939694E-016  -1.8352111790394137E-016  -4.2552034182211664E-016 -0.32676147066456523        1.0779680099937167E-016   3.8689967307516928E-017   1.1719581959879984E-017   2.2411125066397354E-017   2.4833279185201440E-017  -5.4888120139238695E-018  -2.6096335787521406E-017   1.3599832594798958E-015
   2.5053651134462757E-016  -8.1263493926630296E-017   1.9355041657939694E-016  0.29023419720327537        6.1900871572918773E-016  -2.3891421898166641E-016   1.7823606089303902E-016 -0.32676147066456457       -2.3862221487572420E-016   2.7554794806210093E-017  -4.6548951786708462E-019  -2.1823589661640789E-016  -2.0611612535228952E-018  -2.5082608565225543E-016   6.4317910102502692E-016
  0.56478608623777493       -3.5219603794832549E-017  -1.8352111790394137E-016   6.1900871572918773E-016  0.93413015934695609       -8.2638427928099849E-016  -3.6616854552795626E-016  -5.2572756179542682E-016   1.2238783917325869E-014   9.7307231498416217E-020  -5.5872691827806495E-018   1.2440120154813971E-014   4.5518120383502751E-018   1.2593271629541901E-014  0.37016552663293761     
  -3.6563305143626256E-016 -0.32676147066456573       -4.2552034182211664E-016  -2.3891421898166641E-016  -8.2638427928099849E-016  0.36788586506946730        5.8868112207816119E-016   4.2152192279460325E-016   7.5638995321758667E-017   1.2350010223870816E-017   1.5679800988234660E-017   1.1604693765785394E-016   4.0972076108835987E-018   1.1633531398667631E-016   1.0710370331714140E-016
  -1.8737061230934113E-016  -3.2289801215796282E-016 -0.32676147066456523        1.7823606089303902E-016  -3.6616854552795626E-016   5.8868112207816119E-016  0.36788586506946674       -5.6734944433450811E-016  -4.3559272956784719E-017  -1.3194543832828015E-017  -2.5231665518775853E-017  -2.7958658580468322E-017   6.1796035861857090E-018   2.9380676512463832E-017   8.0575705346508192E-016
  -1.5257576635697723E-016  -4.3993303093612153E-017   1.0779680099937167E-016 -0.32676147066456457       -5.2572756179542682E-016   4.2152192279460325E-016  -5.6734944433450811E-016  0.36788586506946658        2.6865388922938395E-016  -3.1022689130017865E-017   5.2407345827226950E-019   2.4570186152196521E-016   2.3205676276880755E-018   2.8239367179520846E-016   3.8499302786274005E-016
   7.3758536954286057E-015  -6.7183634104193567E-017   3.8689967307516928E-017  -2.3862221487572420E-016   1.2238783917325869E-014   7.5638995321758667E-017  -4.3559272956784719E-017   2.6865388922938395E-016   1.6102056489915265E-028  -1.6385921698210003E-032  -6.5926714721269952E-032   1.6354064100060920E-028   6.0686019082443854E-032   1.6572522854415140E-028   3.8939513562090002E-015
   1.1892061560875317E-020  -1.0969455167059610E-017   1.1719581959879984E-017   2.7554794806210093E-017   9.7307231498416217E-020   1.2350010223870816E-017  -1.3194543832828015E-017  -3.1022689130017865E-017  -1.6385921698210003E-032   3.5056406437152251E-033   1.3878970190785536E-033  -1.3843979877655772E-032  -2.8079269912479146E-034  -1.8658196813470761E-032  -1.8420708847835540E-018
  -3.4140257490490257E-018  -1.3927022800062732E-017   2.2411125066397354E-017  -4.6548951786708462E-019  -5.5872691827806495E-018   1.5679800988234660E-017  -2.5231665518775853E-017   5.2407345827226950E-019  -6.5926714721269952E-032   1.3878970190785536E-033   2.4340153233313291E-033  -6.6673113350188873E-032  -2.7426064284036026E-034  -7.1219579452453105E-032  -3.6522219373513229E-018
   7.5032378470910364E-015  -1.0307454462280849E-016   2.4833279185201440E-017  -2.1823589661640789E-016   1.2440120154813971E-014   1.1604693765785394E-016  -2.7958658580468322E-017   2.4570186152196521E-016   1.6354064100060920E-028  -1.3843979877655772E-032  -6.6673113350188873E-032   1.6613611564744086E-028   6.2413598190823921E-032   1.6831645390158804E-028   4.2002501553182331E-015
   2.7918566397195740E-018  -3.6391982178972018E-018  -5.4888120139238695E-018  -2.0611612535228952E-018   4.5518120383502751E-018   4.0972076108835987E-018   6.1796035861857090E-018   2.3205676276880755E-018   6.0686019082443854E-032  -2.8079269912479146E-034  -2.7426064284036026E-034   6.2413598190823921E-032   1.8751243744241156E-034   6.4094339627080431E-032   3.3973694891229963E-018
   7.5875263072339913E-015  -1.0333068458973307E-016  -2.6096335787521406E-017  -2.5082608565225543E-016   1.2593271629541901E-014   1.1633531398667631E-016   2.9380676512463832E-017   2.8239367179520846E-016   1.6572522854415140E-028  -1.8658196813470761E-032  -7.1219579452453105E-032   1.6831645390158804E-028   6.4094339627080431E-032   1.7058950760550252E-028   3.9280610876900882E-015
  0.27408499256956109        2.9669734869357757E-016   1.3599832594798958E-015   6.4317910102502692E-016  0.37016552663293761        1.0710370331714140E-016   8.0575705346508192E-016   3.8499302786274005E-016   3.8939513562090002E-015  -1.8420708847835540E-018  -3.6522219373513229E-018   4.2002501553182331E-015   3.3973694891229963E-018   3.9280610876900882E-015   2.1610286812328918     
