  0.83669278411325632       -5.6394898892582167E-017   7.9742005586746124E-017  -3.2309228170754775E-017  0.10459340091062357       -8.3273434564453923E-015   2.4235100771222578E-017  -4.3583871247653598E-017  -8.3313660002589872E-015  -2.4884952238079782E-017  -8.0255827005351743E-015   4.9660275445117835E-016   3.2009164357083780E-016  -1.0283888619978282E-016  0.22806578298326652       -4.5999933251683861E-002
  -5.6394898892582167E-017   1.8693265308516795E-004   1.5608858454206224E-017  -1.3346129049624557E-018  -4.4791103767376869E-017   3.7203640001287520E-018  -8.6456117336610140E-018  -3.6831759123643249E-018   1.0822801831170065E-018   1.8696985939194129E-018   3.1914740058642917E-018   1.9311826229210956E-002   3.4111054401291061E-016  -9.5608843921329151E-017   1.2616381215318327E-015  -1.0356554773864373E-015
   7.9742005586746124E-017   1.5608858454206224E-017   1.8693265308508097E-004  -1.3353702715313111E-017   1.3278291657891988E-017   1.1897652017702543E-020  -8.5556480539704618E-018   1.1190113843238810E-017   1.9617234676728347E-018  -9.7954112946690459E-018  -4.7596336558961838E-018   1.2657488616528868E-015   1.9311826229206488E-002  -5.9434713722058153E-016   5.3334297670190268E-017   4.7136758691141308E-016
  -3.2309228170754775E-017  -1.3346129049624557E-018  -1.3353702715313111E-017   1.8693265308511778E-004   1.3342359612529094E-017  -1.1013267432636133E-018   3.3820994622887811E-018  -5.2903944464249786E-019   1.2257409040471046E-018   8.9551836996103986E-018   9.4141903983461111E-019  -1.6534930163351197E-017  -7.7008127454566803E-016   1.9311826229208382E-002  -9.8675742409078550E-016   5.9658703976290996E-016
  0.10459340091062357       -4.4791103767376869E-017   1.3278291657891988E-017   1.3342359612529094E-017   1.4010098688447716E-002  -1.1181028260866248E-015   3.1549371025761964E-018  -5.0945852484992558E-018  -1.1110860051935687E-015  -3.4280041801395229E-018  -1.0749169075045449E-015  -6.8579692630677125E-016   1.1547773641007641E-016  -4.9711748723441759E-016  -1.3698527188411698E-002   1.7784069954538469E-002
  -8.3273434564453923E-015   3.7203640001287520E-018   1.1897652017702543E-020  -1.1013267432636133E-018  -1.1181028260866248E-015   8.9964529552810966E-029  -4.5131431542430807E-031   3.4040410657326135E-031   8.9313408885126978E-029   2.5242677125423914E-031   8.6506114425416873E-029   3.8434709984620758E-016   1.2291345814535649E-018  -1.1377696906582544E-016   1.5668653630322218E-015  -4.8879911957998495E-016
   2.4235100771222578E-017  -8.6456117336610140E-018  -8.5556480539704618E-018   3.3820994622887811E-018   3.1549371025761964E-018  -4.5131431542430807E-031   8.5342959414631738E-031  -3.5265548284119300E-031  -3.7549475831133014E-031   5.2316709673113603E-031  -1.6224128376896966E-031  -8.9316953828080482E-016  -8.8387548012444961E-016   3.4940132731049754E-016  -3.0452611882446198E-018  -9.3387160370490706E-018
  -4.3583871247653598E-017  -3.6831759123643249E-018   1.1190113843238810E-017  -5.2903944464249786E-019  -5.0945852484992558E-018   3.4040410657326135E-031  -3.5265548284119300E-031   7.4637469340897735E-031   5.0553117197859937E-031  -6.4742012907234271E-031   4.5909805175780340E-032  -3.8050523553416998E-016   1.1560395172228860E-015  -5.4654538170344786E-017  -2.4936464111921997E-017   1.9438867120821814E-017
  -8.3313660002589872E-015   1.0822801831170065E-018   1.9617234676728347E-018   1.2257409040471046E-018  -1.1110860051935687E-015   8.9313408885126978E-029  -3.7549475831133014E-031   5.0553117197859937E-031   8.8809353369276497E-029   2.3295743257859554E-031   8.5880462018745758E-029   1.1180928790487398E-016   2.0266369781968504E-016   1.2663007211607250E-016   1.2236285969231360E-015  -3.0688584919559824E-016
  -2.4884952238079782E-017   1.8696985939194129E-018  -9.7954112946690459E-018   8.9551836996103986E-018  -3.4280041801395229E-018   2.5242677125423914E-031   5.2316709673113603E-031  -6.4742012907234271E-031   2.3295743257859554E-031   9.6188424946002579E-031   5.8405111444682825E-031   1.9315669975713243E-016  -1.0119541858754548E-015   9.2515110978904879E-016   4.6470405153734656E-018  -1.4685472427948788E-017
  -8.0255827005351743E-015   3.1914740058642917E-018  -4.7596336558961838E-018   9.4141903983461111E-019  -1.0749169075045449E-015   8.6506114425416873E-029  -1.6224128376896966E-031   4.5909805175780340E-032   8.5880462018745758E-029   5.8405111444682825E-031   8.3334589848686880E-029   3.2970800124557809E-016  -4.9171301300423526E-016   9.7257063472472176E-017   1.4126360737054733E-015  -3.3956899805897342E-016
   4.9660275445117835E-016   1.9311826229210956E-002   1.2657488616528868E-015  -1.6534930163351197E-017  -6.8579692630677125E-016   3.8434709984620758E-016  -8.9316953828080482E-016  -3.8050523553416998E-016   1.1180928790487398E-016   1.9315669975713243E-016   3.2970800124557809E-016   1.9950855356304331       -5.8644495509740935E-016   2.6584637269344569E-015  -1.4226605885670829E-016   2.2736147641996400E-017
   3.2009164357083780E-016   3.4111054401291061E-016   1.9311826229206488E-002  -7.7008127454566803E-016   1.1547773641007641E-016   1.2291345814535649E-018  -8.8387548012444961E-016   1.1560395172228860E-015   2.0266369781968504E-016  -1.0119541858754548E-015  -4.9171301300423526E-016  -5.8644495509740935E-016   1.9950855356304380        1.5629587468007911E-015   1.9913491709760454E-016  -1.0103104347734348E-017
  -1.0283888619978282E-016  -9.5608843921329151E-017  -5.9434713722058153E-016   1.9311826229208382E-002  -4.9711748723441759E-016  -1.1377696906582544E-016   3.4940132731049754E-016  -5.4654538170344786E-017   1.2663007211607250E-016   9.2515110978904879E-016   9.7257063472472176E-017   2.6584637269344569E-015   1.5629587468007911E-015   1.9950855356304364        2.9405062750983971E-016  -2.8815374052176890E-016
  0.22806578298326652        1.2616381215318327E-015   5.3334297670190268E-017  -9.8675742409078550E-016  -1.3698527188411698E-002   1.5668653630322218E-015  -3.0452611882446198E-018  -2.4936464111921997E-017   1.2236285969231360E-015   4.6470405153734656E-018   1.4126360737054733E-015  -1.4226605885670829E-016   1.9913491709760454E-016   2.9405062750983971E-016   2.1637490264572601      -0.52612322223173147     
  -4.5999933251683861E-002  -1.0356554773864373E-015   4.7136758691141308E-016   5.9658703976290996E-016   1.7784069954538469E-002  -4.8879911957998495E-016  -9.3387160370490706E-018   1.9438867120821814E-017  -3.0688584919559824E-016  -1.4685472427948788E-017  -3.3956899805897342E-016   2.2736147641996400E-017  -1.0103104347734348E-017  -2.8815374052176890E-016 -0.52612322223173147        2.1287347791357978     
