  0.37445957023076226       -1.5479735408976604E-016  -1.7282764777519442E-016   2.5321703017575312E-017  0.57706668770933411       -1.2661004726771115E-016  -3.8079251717987991E-017   1.7784624107047676E-016   5.7223990260265150E-015  -3.8492067521905131E-018  -8.1706970312820701E-019   5.6398336387298694E-015   1.1889828330971392E-018   5.5438870890501554E-015  0.29092669346141831     
  -1.5479735408976604E-016  0.33023232088133603        3.4788433707818232E-016  -1.6778028619213662E-017  -1.6317809454836364E-016  0.43313735819493127        2.4155120901166618E-016  -8.1694633696782981E-017  -6.9854015363120399E-017  -4.2263694840283966E-018   1.8615010795292965E-017  -5.6592107074222349E-017   5.5366959493543591E-018  -6.5719510503342007E-017   9.2858914443324636E-016
  -1.7282764777519442E-016   3.4788433707818232E-016  0.33023232088133536        1.9868908312607260E-016  -3.2632652292331105E-016  -3.9790219730217939E-017  0.43313735819493165        1.6483487029021268E-016   2.9550178950476956E-017   9.8601380103781157E-018  -2.3823841604997542E-017   4.2374379549830176E-017  -4.3028190208720276E-018   4.9350139078111616E-017  -2.6425628745730825E-018
   2.5321703017575312E-017  -1.6778028619213662E-017   1.9868908312607260E-016  0.33023232088133547        1.6561094479350932E-016  -2.2293003669922779E-016  -2.6123851346038215E-016  0.43313735819493165        3.7229124032791819E-017  -7.7454441464826652E-018   2.6083628512094154E-017   6.1826056358108857E-017   6.3623432750358194E-018   2.3830818746851540E-017  -6.8608146573898570E-016
  0.57706668770933411       -1.6317809454836364E-016  -3.2632652292331105E-016   1.6561094479350932E-016  0.89289910218361579       -2.8265782591911943E-017  -1.1363248459973351E-016   4.0083720206817920E-016   8.8714798219317417E-015  -5.9401946724510103E-018  -1.3041509955548343E-018   8.7502954747874543E-015   1.7726750094960230E-018   8.6019412924897114E-015  0.36477185338041368     
  -1.2661004726771115E-016  0.43313735819493127       -3.9790219730217939E-017  -2.2293003669922779E-016  -2.8265782591911943E-017  0.56810905293397462       -3.3384391894449484E-016  -3.7067065273658599E-016  -9.1621509345118254E-017  -5.5433656771759060E-018   2.4415710058678944E-017  -7.4227003848059784E-017   7.2620083044314238E-018  -8.6198634601576654E-017  -3.0010312549100597E-016
  -3.8079251717987991E-017   2.4155120901166618E-016  0.43313735819493165       -2.6123851346038215E-016  -1.1363248459973351E-016  -3.3384391894449484E-016  0.56810905293397662       -4.6826691829648937E-016   3.8758430460831198E-017   1.2932695739334564E-017  -3.1247685833123367E-017   5.5578832394055890E-017  -5.6436379652890398E-018   6.4728336735179049E-017  -4.0754808563464687E-016
   1.7784624107047676E-016  -8.1694633696782981E-017   1.6483487029021268E-016  0.43313735819493165        4.0083720206817920E-016  -3.7067065273658599E-016  -4.6826691829648937E-016  0.56810905293397640        4.8830242867928864E-017  -1.0159033515254907E-017   3.4211654134018478E-017   8.1091925366643518E-017   8.3449389530486094E-018   3.1256837150543787E-017   1.2366738375987286E-016
   5.7223990260265150E-015  -6.9854015363120399E-017   2.9550178950476956E-017   3.7229124032791819E-017   8.8714798219317417E-015  -9.1621509345118254E-017   3.8758430460831198E-017   4.8830242867928864E-017   8.8246570576489366E-029  -5.8041612707629325E-032  -1.6275865406205336E-032   8.7074848192228976E-029   1.6455218411587950E-032   8.5599629805794511E-029   3.2187327250046993E-015
  -3.8492067521905131E-018  -4.2263694840283966E-018   9.8601380103781157E-018  -7.7454441464826652E-018  -5.9401946724510103E-018  -5.5433656771759060E-018   1.2932695739334564E-017  -1.0159033515254907E-017  -5.8041612707629325E-032   5.6974798913917363E-034  -1.5528511997331201E-033  -5.7570601361694365E-032  -3.6064405086750877E-034  -5.5366932483565288E-032  -2.7976073281113840E-018
  -8.1706970312820701E-019   1.8615010795292965E-017  -2.3823841604997542E-017   2.6083628512094154E-017  -1.3041509955548343E-018   2.4415710058678944E-017  -3.1247685833123367E-017   3.4211654134018478E-017  -1.6275865406205336E-032  -1.5528511997331201E-033   4.8306116653731600E-033  -1.4406141864098796E-032   1.1232019069048819E-033  -1.8209448706538266E-032   4.0914205040785344E-019
   5.6398336387298694E-015  -5.6592107074222349E-017   4.2374379549830176E-017   6.1826056358108857E-017   8.7502954747874543E-015  -7.4227003848059784E-017   5.5578832394055890E-017   8.1091925366643518E-017   8.7074848192228976E-029  -5.7570601361694365E-032  -1.4406141864098796E-032   8.5934370856285499E-029   1.6621972265983473E-032   8.4476551367965055E-029   3.0141118207096483E-015
   1.1889828330971392E-018   5.5366959493543591E-018  -4.3028190208720276E-018   6.3623432750358194E-018   1.7726750094960230E-018   7.2620083044314238E-018  -5.6436379652890398E-018   8.3449389530486094E-018   1.6455218411587950E-032  -3.6064405086750877E-034   1.1232019069048819E-033   1.6621972265983473E-032   2.7623387193805712E-034   1.5349557131700638E-032   2.3071919257557515E-018
   5.5438870890501554E-015  -6.5719510503342007E-017   4.9350139078111616E-017   2.3830818746851540E-017   8.6019412924897114E-015  -8.6198634601576654E-017   6.4728336735179049E-017   3.1256837150543787E-017   8.5599629805794511E-029  -5.5366932483565288E-032  -1.8209448706538266E-032   8.4476551367965055E-029   1.5349557131700638E-032   8.3048154996093518E-029   2.9510369127233049E-015
  0.29092669346141831        9.2858914443324636E-016  -2.6425628745730825E-018  -6.8608146573898570E-016  0.36477185338041368       -3.0010312549100597E-016  -4.0754808563464687E-016   1.2366738375987286E-016   3.2187327250046993E-015  -2.7976073281113840E-018   4.0914205040785344E-019   3.0141118207096483E-015   2.3071919257557515E-018   2.9510369127233049E-015   2.1649307563395368     
