  0.27962274580382235       -7.6251661463016932E-016  -1.5157796148460971E-016   1.6397792515070402E-016  0.57448514406432138        1.9316561686660088E-015  -2.0528924454099706E-017   1.8402422357932935E-017   2.1838448864450984E-015  -3.2740558883459360E-017   9.0468727779371008E-016   4.6415631332056789E-017   5.4889036466249342E-016  -3.0848969435646707E-017  0.38613287232462301        8.2256860409661129E-017  -2.4077821845175281E-016  -3.2533033213794533E-017   6.9598589987477533E-002
  -7.6251661463016932E-016  0.52191895743005834       -3.7669201750126045E-016  -1.9094264698026207E-016  -1.2050344290379338E-015   2.1801843184337048E-016  -6.2478644437904065E-018   1.3638661523291740E-017   2.7451233064639866E-016   8.4157936012730174E-018   2.8470856727597515E-016  0.28636280313890689       -3.5974795553513588E-016   8.0534238263713844E-017  -1.3213644508435939E-015 -0.17790180889020082       -1.6216346248812289E-015   7.9381619651891711E-016  -1.5925065897650651E-015
  -1.5157796148460971E-016  -3.7669201750126045E-016  0.52191895743005778        1.4382889105257707E-016  -4.4385298018308265E-016   6.9570006323755907E-017  -9.4356104670190194E-018  -4.3096832511175027E-018  -1.5161880639200535E-017  -1.0145858688180253E-017   7.0329996663087532E-017  -3.5859433636564398E-016  0.28636280313890650       -1.7497035183467949E-016   2.2749235563132606E-015  -1.6301500588582121E-015 -0.17790180889019988       -2.0324521688049050E-015  -3.9665986223568268E-016
   1.6397792515070402E-016  -1.9094264698026207E-016   1.4382889105257707E-016  0.52191895743006000        9.3018368408996586E-017  -3.9999346172265613E-017  -2.6847183401879765E-017   4.5498683108547721E-018   2.2738257024871881E-017   9.2858579954793836E-017   6.0354543106439421E-018  -6.1317654728914625E-017  -2.1453639900145064E-016  0.28636280313890650        5.8326678174206964E-016   1.0318517246969260E-015  -2.7588032498662013E-015 -0.17790180889020063        7.7285150093618813E-016
  0.57448514406432138       -1.2050344290379338E-015  -4.4385298018308265E-016   9.3018368408996586E-017   1.1840687038645374        3.6841117831698848E-015  -4.2216892071337992E-017   3.7296351892938963E-017   4.2110418136726456E-015  -6.8084038456207357E-017   1.5825520115961560E-015   2.2609144098083872E-016   1.1610149366216158E-015  -1.7400498780575569E-016  0.71069909759694894        8.0556452746866446E-017  -4.9141320237919201E-016  -4.9176299899012115E-017   8.8867098750434442E-002
   1.9316561686660088E-015   2.1801843184337048E-016   6.9570006323755907E-017  -3.9999346172265613E-017   3.6841117831698848E-015   4.6136752099262731E-029  -5.2450443419027539E-033  -4.4389685225369170E-032   4.5010653444624733E-029  -3.1661239157586785E-032   3.6981759051763235E-029   5.7453063156973696E-017   6.7029651638244701E-017  -3.3205373749975356E-017   1.0537789076153082E-014  -1.4966674053800728E-015   6.3654742032532400E-016  -2.4395939074246073E-016   8.2262123881040724E-016
  -2.0528924454099706E-017  -6.2478644437904065E-018  -9.4356104670190194E-018  -2.6847183401879765E-017  -4.2216892071337992E-017  -5.2450443419027539E-033   2.7596948793753807E-031   2.4139419516168957E-031  -1.5971732676740550E-031  -2.6960284307316795E-031  -1.6027288504795796E-031  -1.4311623882759986E-017   1.5838530011608546E-018   1.4357945822942310E-017  -2.9401062026923733E-017  -2.4687906350246423E-016   1.5790115673012311E-016   6.7466984785602664E-016  -2.2823063682747970E-019
   1.8402422357932935E-017   1.3638661523291740E-017  -4.3096832511175027E-018   4.5498683108547721E-018   3.7296351892938963E-017  -4.4389685225369170E-032   2.4139419516168957E-031   5.3932569364206787E-031   8.0134166726616009E-031  -3.4536942065337483E-031  -3.3530265374773349E-031   2.6074233475486610E-017   2.2363493738998146E-017   3.4648119353015395E-017   3.6973348064013966E-017   4.2070141936848524E-016   5.6723017451604687E-016   7.3405760969161374E-016   1.0973421137991401E-017
   2.1838448864450984E-015   2.7451233064639866E-016  -1.5161880639200535E-017   2.2738257024871881E-017   4.2110418136726456E-015   4.5010653444624733E-029  -1.5971732676740550E-031   8.0134166726616009E-031   4.9155297857619110E-029  -4.9542226534797683E-031   3.6830756442633020E-029   2.1786739793097843E-016   7.7542324061954514E-020   3.7434761379429294E-017   1.0731870010603947E-014   1.4450591689333149E-015   1.9727297060566471E-016   5.6329101133393050E-016   6.7494503622005874E-016
  -3.2740558883459360E-017   8.4157936012730174E-018  -1.0145858688180253E-017   9.2858579954793836E-017  -6.8084038456207357E-017  -3.1661239157586785E-032  -2.6960284307316795E-031  -3.4536942065337483E-031  -4.9542226534797683E-031   3.5044661630145848E-031   1.0076892922247752E-031   8.9595590166851243E-019  -9.4709105108027287E-018   1.6432534706765785E-017  -2.7195301988652986E-017  -8.8015286119696063E-017  -8.5865877555166774E-017  -8.2136354870336614E-016   3.1699684613736254E-018
   9.0468727779371008E-016   2.8470856727597515E-016   7.0329996663087532E-017   6.0354543106439421E-018   1.5825520115961560E-015   3.6981759051763235E-029  -1.6027288504795796E-031  -3.3530265374773349E-031   3.6830756442633020E-029   1.0076892922247752E-031   3.3387119163284900E-029   1.3603754661238467E-016  -1.2671271991025289E-018  -5.2133026415629685E-018   8.9027785930953168E-015  -5.5862037980950895E-016  -9.3583321492155456E-016  -1.9709839208031070E-016   5.2547241033788332E-016
   4.6415631332056789E-017  0.28636280313890689       -3.5859433636564398E-016  -6.1317654728914625E-017   2.2609144098083872E-016   5.7453063156973696E-017  -1.4311623882759986E-017   2.6074233475486610E-017   2.1786739793097843E-016   8.9595590166851243E-019   1.3603754661238467E-016  0.16082262673970368       -8.7404059277749964E-017  -7.0493575881410323E-017   6.8090206343548964E-016  -1.2885438401352187E-002   1.2490686653390818E-015  -1.2100462809755493E-015   1.8067819650542722E-015
   5.4889036466249342E-016  -3.5974795553513588E-016  0.28636280313890650       -2.1453639900145064E-016   1.1610149366216158E-015   6.7029651638244701E-017   1.5838530011608546E-018   2.2363493738998146E-017   7.7542324061954514E-020  -9.4709105108027287E-018  -1.2671271991025289E-018  -8.7404059277749964E-017  0.16082262673970360       -1.0596530400917079E-016  -1.0909926570880238E-015   1.4485398422197855E-015  -1.2885438401350258E-002   3.7142394737101883E-017   4.4942538575357785E-016
  -3.0848969435646707E-017   8.0534238263713844E-017  -1.7497035183467949E-016  0.28636280313890650       -1.7400498780575569E-016  -3.3205373749975356E-017   1.4357945822942310E-017   3.4648119353015395E-017   3.7434761379429294E-017   1.6432534706765785E-017  -5.2133026415629685E-018  -7.0493575881410323E-017  -1.0596530400917079E-016  0.16082262673970302       -2.4515822978142188E-016  -1.0707809354362600E-015   1.0278880340202493E-015  -1.2885438401348551E-002  -3.2634914365429591E-016
  0.38613287232462301       -1.3213644508435939E-015   2.2749235563132606E-015   5.8326678174206964E-016  0.71069909759694894        1.0537789076153082E-014  -2.9401062026923733E-017   3.6973348064013966E-017   1.0731870010603947E-014  -2.7195301988652986E-017   8.9027785930953168E-015   6.8090206343548964E-016  -1.0909926570880238E-015  -2.4515822978142188E-016   2.6118362047104573       -1.5045646479816402E-016   2.0285895789678710E-016  -2.4864283340123565E-017  0.65731222928960431     
   8.2256860409661129E-017 -0.17790180889020082       -1.6301500588582121E-015   1.0318517246969260E-015   8.0556452746866446E-017  -1.4966674053800728E-015  -2.4687906350246423E-016   4.2070141936848524E-016   1.4450591689333149E-015  -8.8015286119696063E-017  -5.5862037980950895E-016  -1.2885438401352187E-002   1.4485398422197855E-015  -1.0707809354362600E-015  -1.5045646479816402E-016   1.9990747585022188        1.1284596439795401E-016  -1.4089874269895093E-015  -6.4551217415461653E-016
  -2.4077821845175281E-016  -1.6216346248812289E-015 -0.17790180889019988       -2.7588032498662013E-015  -4.9141320237919201E-016   6.3654742032532400E-016   1.5790115673012311E-016   5.6723017451604687E-016   1.9727297060566471E-016  -8.5865877555166774E-017  -9.3583321492155456E-016   1.2490686653390818E-015  -1.2885438401350258E-002   1.0278880340202493E-015   2.0285895789678710E-016   1.1284596439795401E-016   1.9990747585022159        2.7959600441634065E-015  -1.0592187850321310E-016
  -3.2533033213794533E-017   7.9381619651891711E-016  -2.0324521688049050E-015 -0.17790180889020063       -4.9176299899012115E-017  -2.4395939074246073E-016   6.7466984785602664E-016   7.3405760969161374E-016   5.6329101133393050E-016  -8.2136354870336614E-016  -1.9709839208031070E-016  -1.2100462809755493E-015   3.7142394737101883E-017  -1.2885438401348551E-002  -2.4864283340123565E-017  -1.4089874269895093E-015   2.7959600441634065E-015   1.9990747585022157        1.1813178797236575E-016
   6.9598589987477533E-002  -1.5925065897650651E-015  -3.9665986223568268E-016   7.7285150093618813E-016   8.8867098750434442E-002   8.2262123881040724E-016  -2.2823063682747970E-019   1.0973421137991401E-017   6.7494503622005874E-016   3.1699684613736254E-018   5.2547241033788332E-016   1.8067819650542722E-015   4.4942538575357785E-016  -3.2634914365429591E-016  0.65731222928960431       -6.4551217415461653E-016  -1.0592187850321310E-016   1.1813178797236575E-016   2.1725176298232167     
