  0.32353847218391441       -2.0966832556882864E-016   2.0748415577433957E-016   1.1803325980264218E-015  -1.2367670563214049E-016   2.3033556026366598E-017   3.9952750088936633E-017   1.3986237405704516E-017   4.0018989022813571E-017   8.1036387802220160E-018  0.20124474676353021       -4.5821896165376575E-017   8.2863666627356554E-017   3.3231432980657320E-015  -1.3114438312081365E-015   4.2875362842110220E-016   4.0663397529221783E-016   8.2823796819486724E-016   3.2614995159434443E-016   4.3745778515921502E-016  -7.8843097803580564E-002  -5.6269899716194444E-016   1.9291125125251756E-015  -1.4897123176326602E-014   4.1632174150301908E-015  -8.0541322565737081E-002  -4.4750439268339722E-016   1.5551562956382598E-015
  -2.0966832556882864E-016  0.32353847218391307        2.6979357910179493E-016   1.4852025657875284E-015  -4.4271444191767855E-016  -1.0298240027667933E-017  -8.6603163541886933E-018  -4.0523085628883219E-016  -3.1431203969404598E-018  -4.2842915863652531E-016  -3.9687791337154771E-017  0.20124474676352838        3.4638665859383276E-016   3.7634634542502441E-016  -8.8163440737546227E-017  -2.7420037284710842E-017  -1.2552207226769399E-016  -5.7366141611950054E-017  -6.1013359835588609E-017  -4.8362475449462118E-016  -1.8375059469922375E-016  -7.8843097803578926E-002  -1.9710108976544742E-015   2.9213953656548174E-015  -1.3364120090169888E-015  -1.4140719714848425E-016  -8.0541322565735651E-002  -1.6191875743840975E-015
   2.0748415577433957E-016   2.6979357910179493E-016  0.32353847218390924        1.2580163984734502E-015  -1.2600525046503658E-016   6.4541345627596389E-017  -2.7145017143181873E-018   7.0465206466879028E-018  -2.7293691196101248E-017  -3.6531863051118538E-017  -2.3485604364691290E-016   2.0616288275633757E-016  0.20124474676352985        3.1714627076754091E-015  -9.8737603806356480E-016   1.1639916856407605E-015   4.6958023917771948E-016  -7.4176768734470952E-016  -5.4389114296396947E-016   1.6993571537454909E-015   6.5819739068326256E-017  -1.8151446009510528E-015  -7.8843097803573681E-002  -1.9987950741540211E-014   5.9954985433834094E-015   6.3160320863197577E-017  -1.4839427110535911E-015  -8.0541322565731321E-002
   1.1803325980264218E-015   1.4852025657875284E-015   1.2580163984734502E-015  0.33394586975405410       -5.5964210117499808E-015  -4.7965467302761104E-017   3.5708894047011736E-016  -3.7092529841336607E-015  -1.6467040072210666E-016  -3.8221965873147667E-015  -6.2259957622126099E-016   9.6373387703625458E-016  -4.2246807329808598E-016  0.67728941795963182        1.2372468051469019E-014   6.6075907138208853E-016   1.1444644233795259E-015  -2.1851635060426421E-016   2.6209992793882939E-015  -6.1234702230078107E-015   1.9661294102055905E-015  -4.1112497187293945E-016   1.0298141157220904E-015 -0.52244523066227144       -5.5629707981809426E-002   1.7461349066530588E-015  -3.9850315495918324E-016   9.5832580951603965E-016
  -1.2367670563214049E-016  -4.4271444191767855E-016  -1.2600525046503658E-016  -5.5964210117499808E-015   6.1212820300877999E-003  -3.3621067017126114E-017   9.3684811890357578E-017  -3.0606410150441042E-003   4.7712201248535770E-017  -3.0606410150444603E-003  -9.1284113233389895E-017  -2.6381195718322441E-016  -3.5246888192828577E-017  -1.2357719893092659E-014  0.10808623025663264       -6.7597845520455821E-016   6.2887177663418293E-016  -5.4043115128315312E-002   6.7217824188668474E-016  -5.4043115128317720E-002  -7.0896751925681682E-016  -5.4990057070042498E-016   1.0619920210712419E-015   1.1457303547188017E-014   2.4979571184404443E-016  -5.7039064825667988E-016  -4.2011248520764947E-016   8.5668442838479402E-016
   2.3033556026366598E-017  -1.0298240027667933E-017   6.4541345627596389E-017  -4.7965467302761104E-017  -3.3621067017126114E-017   6.1212820300897350E-003  -5.5344325445318243E-017   7.6033859570724201E-017  -1.3552167167066215E-016  -8.9242703108442367E-017  -2.5392611696045649E-017   9.9802359629281593E-018  -6.0735525830594982E-017  -1.8190206453240135E-016   6.6294304166277194E-017  0.10808623025664875       -2.2362516840460803E-016   8.1862854440107256E-016  -1.4030321500956013E-015  -8.6149582307042972E-016  -1.2969234721327030E-016   1.9229455593667350E-016   3.5704944319191212E-016  -9.4987008610198028E-016   4.1007525426662719E-016  -1.0503276454656485E-016   1.5596361928772232E-016   2.8705053821497422E-016
   3.9952750088936633E-017  -8.6603163541886933E-018  -2.7145017143181873E-018   3.5708894047011736E-016   9.3684811890357578E-017  -5.5344325445318243E-017   6.1212820300900438E-003  -1.8169121416404056E-017  -7.5785255400704127E-017  -1.1394188275663895E-016  -2.6242617485516100E-017   3.3074254847384952E-018  -2.4705898046267932E-017   5.2991826967454139E-016   9.9592482223913922E-016  -7.8528763353125076E-016  0.10808623025665141       -1.0800411231315233E-017  -4.4553890673928746E-016  -1.0521204555011157E-015  -3.6389253137948680E-017   2.3470505628591105E-017   3.0735857182826568E-017  -2.3472705068076212E-016  -1.1047892177080855E-016  -3.2651269572279676E-017   1.8929177428069164E-017   1.6432164948364374E-017
   1.3986237405704516E-017  -4.0523085628883219E-016   7.0465206466879028E-018  -3.7092529841336607E-015  -3.0606410150441042E-003   7.6033859570724201E-017  -1.8169121416404056E-017   6.1212820300887089E-003  -2.1564188287671636E-017  -3.0606410150441311E-003   8.7076274988765062E-017  -3.0015061352683760E-016  -2.0163696195554248E-017  -7.8540000828864265E-015  -5.4043115128321106E-002   5.4379769323610189E-016  -2.6136027444655587E-016  0.10808623025664084       -6.0777155064338700E-016  -5.4043115128319420E-002   3.7070119282539839E-016   7.0646421897522203E-017   9.9888871372804046E-016   6.4193897829521001E-015   4.4725141184169248E-016   3.0452697419824649E-016   7.6457464163653602E-017   8.0694716444807124E-016
   4.0018989022813571E-017  -3.1431203969404598E-018  -2.7293691196101248E-017  -1.6467040072210666E-016   4.7712201248535770E-017  -1.3552167167066215E-016  -7.5785255400704127E-017  -2.1564188287671636E-017   6.1212820300898781E-003  -2.4092925742360662E-017  -2.2009847311416405E-017   1.2827230918765880E-017  -4.8413243294641249E-017  -8.2001383866097723E-016   1.2684148978543433E-016  -8.5478160465578268E-016  -8.8975728911380764E-016   2.9527399134695104E-016  0.10808623025664994       -4.7294381071475231E-016  -4.0814665824232299E-016   9.4946424292611969E-017  -8.7724582152153181E-016   2.9111529906897751E-015  -7.9917564780235924E-016  -3.2508884975396728E-016   7.4677813103672146E-017  -6.9600501761776594E-016
   8.1036387802220160E-018  -4.2842915863652531E-016  -3.6531863051118538E-017  -3.8221965873147667E-015  -3.0606410150444603E-003  -8.9242703108442367E-017  -1.1394188275663895E-016  -3.0606410150441311E-003  -2.4092925742360662E-017   6.1212820300888824E-003  -6.2448433315309509E-017  -2.3805539001831021E-016  -3.1537313380111571E-017  -6.2112450044717679E-015  -5.4043115128325041E-002  -6.9471863564608539E-016  -1.0460113362481651E-015  -5.4043115128317158E-002  -2.8118529233535757E-017  0.10808623025664227        8.3009978407895094E-017   1.3646106397806615E-016  -1.2342319570755041E-015   1.9608573655014105E-014  -4.5661486564859391E-015   6.5381626269163951E-017   1.3421534112108567E-016  -9.8895667987700772E-016
  0.20124474676353021       -3.9687791337154771E-017  -2.3485604364691290E-016  -6.2259957622126099E-016  -9.1284113233389895E-017  -2.5392611696045649E-017  -2.6242617485516100E-017   8.7076274988765062E-017  -2.2009847311416405E-017  -6.2448433315309509E-017  0.12529402596098330        3.3094856554542106E-017  -2.1186337918978358E-016  -5.6501330728503519E-016  -9.1038231287461584E-016  -4.0167111231587634E-016  -6.4096272343537532E-016   1.8145713385267360E-015  -5.3919164166786484E-016  -9.3283664990844421E-016  -3.9560893865005539E-002   6.3795975371128272E-017  -1.4538449507405922E-015   9.7392152452720653E-015  -3.1989064327515484E-015  -4.2453664542534825E-002   5.0056483250341023E-017  -1.1573147389467812E-015
  -4.5821896165376575E-017  0.20124474676352838        2.0616288275633757E-016   9.6373387703625458E-016  -2.6381195718322441E-016   9.9802359629281593E-018   3.3074254847384952E-018  -3.0015061352683760E-016   1.2827230918765880E-017  -2.3805539001831021E-016   3.3094856554542106E-017  0.12529402596098146        2.7929483613135159E-016   2.7944853122515379E-016   2.9149786627691869E-016   2.2849573042216482E-016   7.0504590186805318E-017  -8.7027061501620846E-016   2.0222718077435038E-016   1.9114438060691668E-016  -1.5773590584994100E-016  -3.9560893865007545E-002   5.6935046342049506E-016  -1.6105035943660321E-015   3.6301357916575129E-016  -1.2842213095932291E-016  -4.2453664542536330E-002   4.3811292379921447E-016
   8.2863666627356554E-017   3.4638665859383276E-016  0.20124474676352985       -4.2246807329808598E-016  -3.5246888192828577E-017  -6.0735525830594982E-017  -2.4705898046267932E-017  -2.0163696195554248E-017  -4.8413243294641249E-017  -3.1537313380111571E-017  -2.1186337918978358E-016   2.7929483613135159E-016  0.12529402596098455       -1.9844675357885931E-016  -8.0175588144576393E-017  -1.1316748725638837E-015  -1.1648575037608135E-016  -1.1314774542873697E-015  -7.0110435046853427E-016   1.2002004763790906E-015  -1.9073311441074958E-016   2.4800545381367428E-016  -3.9560893865013144E-002   1.7287888382018837E-014  -6.0007395419519849E-015  -1.3508297919006329E-016   1.7589962060208488E-016  -4.2453664542540973E-002
   3.3231432980657320E-015   3.7634634542502441E-016   3.1714627076754091E-015  0.67728941795963182       -1.2357719893092659E-014  -1.8190206453240135E-016   5.2991826967454139E-016  -7.8540000828864265E-015  -8.2001383866097723E-016  -6.2112450044717679E-015  -5.6501330728503519E-016   2.7944853122515379E-016  -1.9844675357885931E-016   1.3742672311047710        7.2369050380910177E-015   4.9920173837930528E-017  -1.1425792204768412E-015  -6.0947019809834530E-015  -3.7026766975346845E-015   1.1752286370128717E-014  -2.7739774093404668E-015   1.7983858230125087E-016  -2.8714829904236642E-015  -1.0069123273525535      -0.13164992023113323       -2.0583994275379479E-015   1.5038144805829439E-016  -2.1843182332744503E-015
  -1.3114438312081365E-015  -8.8163440737546227E-017  -9.8737603806356480E-016   1.2372468051469019E-014  0.10808623025663264        6.6294304166277194E-017   9.9592482223913922E-016  -5.4043115128321106E-002   1.2684148978543433E-016  -5.4043115128325041E-002  -9.1038231287461584E-016   2.9149786627691869E-016  -8.0175588144576393E-017   7.2369050380910177E-015   1.9085271865707911       -2.8291578064651346E-016  -5.1985884808079385E-016 -0.95426359328539856       -7.6730342999513563E-016 -0.95426359328539956        9.3377154672662459E-017  -1.1310838875317681E-016   7.5695080835702456E-017   2.2626954665531249E-014  -1.2065676552152246E-014   5.1476242179479293E-017  -8.5782938388506498E-017   3.3689573629061258E-018
   4.2875362842110220E-016  -2.7420037284710842E-017   1.1639916856407605E-015   6.6075907138208853E-016  -6.7597845520455821E-016  0.10808623025664875       -7.8528763353125076E-016   5.4379769323610189E-016  -8.5478160465578268E-016  -6.9471863564608539E-016  -4.0167111231587634E-016   2.2849573042216482E-016  -1.1316748725638837E-015   4.9920173837930528E-017  -2.8291578064651346E-016   1.9085271865707567       -5.5923148056802309E-016   3.5079361290768614E-016   2.3864916119664681E-015   3.4580967104604011E-016   3.6810170852518183E-016  -1.7710186226348416E-016   2.9237549076041907E-016  -2.0335968294553254E-015   8.8006758722008322E-016   2.8746360468095101E-016  -1.3467878841911836E-016   2.1971926280208024E-016
   4.0663397529221783E-016  -1.2552207226769399E-016   4.6958023917771948E-016   1.1444644233795259E-015   6.2887177663418293E-016  -2.2362516840460803E-016  0.10808623025665141       -2.6136027444655587E-016  -8.8975728911380764E-016  -1.0460113362481651E-015  -6.4096272343537532E-016   7.0504590186805318E-017  -1.1648575037608135E-016  -1.1425792204768412E-015  -5.1985884808079385E-016  -5.5923148056802309E-016   1.9085271865707545        8.5924546828782320E-016   5.0835529362415605E-017  -1.5223134473103248E-015   9.9662913721749825E-017   9.1077898929157163E-018   2.4375581707930472E-016   1.1868850135847058E-015  -1.1111882244577447E-016   3.7568743364995139E-017   5.9971775745446609E-018   2.1955200605925533E-017
   8.2823796819486724E-016  -5.7366141611950054E-017  -7.4176768734470952E-016  -2.1851635060426421E-016  -5.4043115128315312E-002   8.1862854440107256E-016  -1.0800411231315233E-017  0.10808623025664084        2.9527399134695104E-016  -5.4043115128317158E-002   1.8145713385267360E-015  -8.7027061501620846E-016  -1.1314774542873697E-015  -6.0947019809834530E-015 -0.95426359328539856        3.5079361290768614E-016   8.5924546828782320E-016   1.9085271865707971        1.2055243955866484E-015 -0.95426359328539290       -4.2134631299109269E-016   6.9638331985348485E-016  -1.2587931310461512E-015   2.7573312649432018E-014  -8.8183734713885876E-015  -2.7073142887492618E-016   5.3341802237216939E-016  -9.4209539893852169E-016
   3.2614995159434443E-016  -6.1013359835588609E-017  -5.4389114296396947E-016   2.6209992793882939E-015   6.7217824188668474E-016  -1.4030321500956013E-015  -4.4553890673928746E-016  -6.0777155064338700E-016  0.10808623025664994       -2.8118529233535757E-017  -5.3919164166786484E-016   2.0222718077435038E-016  -7.0110435046853427E-016  -3.7026766975346845E-015  -7.6730342999513563E-016   2.3864916119664681E-015   5.0835529362415605E-017   1.2055243955866484E-015   1.9085271865707540       -1.3356828663935247E-015  -1.6147458205291062E-016  -4.7135965169879434E-018   5.0393783015413403E-017   6.1945072460465757E-015  -1.9680272532383622E-015  -3.9681892231502165E-017  -3.6646519766738292E-017   2.4358191308704914E-016
   4.3745778515921502E-016  -4.8362475449462118E-016   1.6993571537454909E-015  -6.1234702230078107E-015  -5.4043115128317720E-002  -8.6149582307042972E-016  -1.0521204555011157E-015  -5.4043115128319420E-002  -4.7294381071475231E-016  0.10808623025664227       -9.3283664990844421E-016   1.9114438060691668E-016   1.2002004763790906E-015   1.1752286370128717E-014 -0.95426359328539956        3.4580967104604011E-016  -1.5223134473103248E-015 -0.95426359328539290       -1.3356828663935247E-015   1.9085271865707938        3.2363315733307789E-016  -1.3016397364268401E-016   1.7615958502254377E-015  -4.0003801141055592E-015  -1.0953674647967572E-018   2.1815878403103801E-016  -4.9294464972589505E-017   1.4067259693361874E-015
  -7.8843097803580564E-002  -1.8375059469922375E-016   6.5819739068326256E-017   1.9661294102055905E-015  -7.0896751925681682E-016  -1.2969234721327030E-016  -3.6389253137948680E-017   3.7070119282539839E-016  -4.0814665824232299E-016   8.3009978407895094E-017  -3.9560893865005539E-002  -1.5773590584994100E-016  -1.9073311441074958E-016  -2.7739774093404668E-015   9.3377154672662459E-017   3.6810170852518183E-016   9.9662913721749825E-017  -4.2134631299109269E-016  -1.6147458205291062E-016   3.2363315733307789E-016  0.78466552943207268       -1.0725120917552548E-016  -2.2887112579127118E-017   5.5715871271017179E-015  -1.8535549986833152E-015  0.63680375944742695       -1.1405318487932281E-016  -3.4875014592243391E-016
  -5.6269899716194444E-016  -7.8843097803578926E-002  -1.8151446009510528E-015  -4.1112497187293945E-016  -5.4990057070042498E-016   1.9229455593667350E-016   2.3470505628591105E-017   7.0646421897522203E-017   9.4946424292611969E-017   1.3646106397806615E-016   6.3795975371128272E-017  -3.9560893865007545E-002   2.4800545381367428E-016   1.7983858230125087E-016  -1.1310838875317681E-016  -1.7710186226348416E-016   9.1077898929157163E-018   6.9638331985348485E-016  -4.7135965169879434E-018  -1.3016397364268401E-016  -1.0725120917552548E-016  0.78466552943207390        6.5096786064447756E-016  -2.7277132246946655E-016   7.5107589134036549E-017  -1.3682007463721042E-016  0.63680375944742784        6.0061784648752511E-016
   1.9291125125251756E-015  -1.9710108976544742E-015  -7.8843097803573681E-002   1.0298141157220904E-015   1.0619920210712419E-015   3.5704944319191212E-016   3.0735857182826568E-017   9.9888871372804046E-016  -8.7724582152153181E-016  -1.2342319570755041E-015  -1.4538449507405922E-015   5.6935046342049506E-016  -3.9560893865013144E-002  -2.8714829904236642E-015   7.5695080835702456E-017   2.9237549076041907E-016   2.4375581707930472E-016  -1.2587931310461512E-015   5.0393783015413403E-017   1.7615958502254377E-015  -2.2887112579127118E-017   6.5096786064447756E-016  0.78466552943207424        1.7923358049493593E-015  -3.0898804474760053E-017   6.8297240625003599E-016   4.6805727400383479E-016  0.63680375944742851     
  -1.4897123176326602E-014   2.9213953656548174E-015  -1.9987950741540211E-014 -0.52244523066227144        1.1457303547188017E-014  -9.4987008610198028E-016  -2.3472705068076212E-016   6.4193897829521001E-015   2.9111529906897751E-015   1.9608573655014105E-014   9.7392152452720653E-015  -1.6105035943660321E-015   1.7287888382018837E-014  -1.0069123273525535        2.2626954665531249E-014  -2.0335968294553254E-015   1.1868850135847058E-015   2.7573312649432018E-014   6.1945072460465757E-015  -4.0003801141055592E-015   5.5715871271017179E-015  -2.7277132246946655E-016   1.7923358049493593E-015   5.2324543492565709       -1.4906801056117658       -3.3953911489607573E-015  -1.3556769700758314E-016  -5.8675049846326494E-015
   4.1632174150301908E-015  -1.3364120090169888E-015   5.9954985433834094E-015  -5.5629707981809426E-002   2.4979571184404443E-016   4.1007525426662719E-016  -1.1047892177080855E-016   4.4725141184169248E-016  -7.9917564780235924E-016  -4.5661486564859391E-015  -3.1989064327515484E-015   3.6301357916575129E-016  -6.0007395419519849E-015 -0.13164992023113323       -1.2065676552152246E-014   8.8006758722008322E-016  -1.1111882244577447E-016  -8.8183734713885876E-015  -1.9680272532383622E-015  -1.0953674647967572E-018  -1.8535549986833152E-015   7.5107589134036549E-017  -3.0898804474760053E-017  -1.4906801056117658       0.57305159748832268        1.2233189403362767E-015   3.7851901693463111E-017   2.5076202190559243E-015
  -8.0541322565737081E-002  -1.4140719714848425E-016   6.3160320863197577E-017   1.7461349066530588E-015  -5.7039064825667988E-016  -1.0503276454656485E-016  -3.2651269572279676E-017   3.0452697419824649E-016  -3.2508884975396728E-016   6.5381626269163951E-017  -4.2453664542534825E-002  -1.2842213095932291E-016  -1.3508297919006329E-016  -2.0583994275379479E-015   5.1476242179479293E-017   2.8746360468095101E-016   3.7568743364995139E-017  -2.7073142887492618E-016  -3.9681892231502165E-017   2.1815878403103801E-016  0.63680375944742695       -1.3682007463721042E-016   6.8297240625003599E-016  -3.3953911489607573E-015   1.2233189403362767E-015  0.51767334359701889       -1.3265426804849192E-016   2.8326856986904611E-016
  -4.4750439268339722E-016  -8.0541322565735651E-002  -1.4839427110535911E-015  -3.9850315495918324E-016  -4.2011248520764947E-016   1.5596361928772232E-016   1.8929177428069164E-017   7.6457464163653602E-017   7.4677813103672146E-017   1.3421534112108567E-016   5.0056483250341023E-017  -4.2453664542536330E-002   1.7589962060208488E-016   1.5038144805829439E-016  -8.5782938388506498E-017  -1.3467878841911836E-016   5.9971775745446609E-018   5.3341802237216939E-016  -3.6646519766738292E-017  -4.9294464972589505E-017  -1.1405318487932281E-016  0.63680375944742784        4.6805727400383479E-016  -1.3556769700758314E-016   3.7851901693463111E-017  -1.3265426804849192E-016  0.51767334359701955        4.4036639557570083E-016
   1.5551562956382598E-015  -1.6191875743840975E-015  -8.0541322565731321E-002   9.5832580951603965E-016   8.5668442838479402E-016   2.8705053821497422E-016   1.6432164948364374E-017   8.0694716444807124E-016  -6.9600501761776594E-016  -9.8895667987700772E-016  -1.1573147389467812E-015   4.3811292379921447E-016  -4.2453664542540973E-002  -2.1843182332744503E-015   3.3689573629061258E-018   2.1971926280208024E-016   2.1955200605925533E-017  -9.4209539893852169E-016   2.4358191308704914E-016   1.4067259693361874E-015  -3.4875014592243391E-016   6.0061784648752511E-016  0.63680375944742851       -5.8675049846326494E-015   2.5076202190559243E-015   2.8326856986904611E-016   4.4036639557570083E-016  0.51767334359702033     
