  0.47059988564886379       -8.8512392185561937E-017   2.9602782746423211E-016   1.7028304478822948E-017  -1.0025583565139717E-014   1.1542108255543031E-016   1.5404702935631150E-017  -1.0924402181977099E-014   6.5101539935691794E-017  -1.0482207279679409E-014  0.28743649577557689        4.9160794388535213E-017  -2.3921769656694739E-017   2.8668452473851024E-017  -7.5447890551517029E-015   2.8852579100548648E-017   2.4537574156359924E-017  -8.8095606120933018E-015   1.7478290004368893E-017  -7.8466802571020823E-015 -0.14259998187746195        1.5892101082209452E-016   5.7732690740100143E-017   9.7546251682684425E-017  -8.3108112209282867E-002  -4.9334141872592198E-002
  -8.8512392185561937E-017   6.8452531696495711E-006   9.9839831395501674E-019   2.5177787979127411E-018   4.2031935663728378E-020  -3.1546681723962438E-019   8.9476381295937560E-020   1.5503747586501480E-018  -1.3205746600766162E-018  -1.6549334857075248E-018  -5.6545133826326733E-017   6.6447887403222044E-004  -2.7374887245397303E-017   9.0141775849189829E-017   4.4676527801019810E-019   1.3806101914402196E-018   1.9525857824915643E-019  -6.3423093214677678E-019  -4.9701800498539081E-019  -2.3141359531690255E-019  -6.6046197731103399E-017   3.2157043160667424E-003  -1.3653959351502508E-016   4.2573918568805773E-016  -7.4143579803716114E-017  -7.0583380087637332E-017
   2.9602782746423211E-016   9.9839831395501674E-019   6.8452531696431777E-006   2.9699489372057119E-018   2.4288451807959907E-018   1.8577324678052388E-018   3.2573817756924680E-019  -2.8008657480421451E-018  -2.0304409821024474E-018   2.8958435094792182E-019   1.7576809908579059E-016   1.2999643605105302E-016   6.6447887403188423E-004   7.1719624639697621E-017  -1.1588492945332145E-018  -1.8195098983425184E-018  -1.4829904306606744E-018   2.7046692476903662E-018   1.4392858625279572E-018  -1.5296353871122982E-018  -3.2468662194739502E-016   6.0046477974256651E-016   3.2157043160652796E-003   3.5837067334545440E-016  -2.7857190355903301E-016  -2.3251829575707133E-016
   1.7028304478822948E-017   2.5177787979127411E-018   2.9699489372057119E-018   6.8452531696416022E-006   3.3220153866301591E-018   3.1639249724123554E-018   1.2050381012736598E-018  -3.4101656288093059E-018  -1.2451392903231341E-018  -3.9209447546895142E-019   7.6179015459014003E-018   1.5639186080107782E-016   2.1197922307730230E-016   6.6447887403183522E-004  -3.1229585229752261E-018  -2.5473562028614049E-018   8.4873566752487302E-020   3.0742224922210391E-018  -1.4916742748742128E-020   2.8885632122413558E-020  -1.5782349020694827E-016   7.5485474227930626E-016   1.0364333987005184E-015   3.2157043160648676E-003  -1.4907676829847003E-016  -1.3213334097646902E-016
  -1.0025583565139717E-014   4.2031935663728378E-020   2.4288451807959907E-018   3.3220153866301591E-018   2.2157629269390595E-028  -1.3005893424790461E-030   4.1190584888472638E-031   2.3588743383983018E-028  -2.7441556410962402E-030   2.2844893642407100E-028  -6.0995032152896019E-015   4.0801023117528332E-018   2.3577160273559606E-016   3.2247295884019860E-016   1.8492712428324138E-028  -1.8692764111170956E-030  -1.0444119940820535E-030   2.1651832626221190E-028   7.6921574778949278E-032   1.9365029609965143E-028   4.3422462643310300E-015   1.9745402189046278E-017   1.1410020546207818E-015   1.5605878923803915E-015   3.0160012755842673E-015   2.1632313062994444E-015
   1.1542108255543031E-016  -3.1546681723962438E-019   1.8577324678052388E-018   3.1639249724123554E-018  -1.3005893424790461E-030   2.2032772084357616E-030   6.3769615061520124E-031  -6.1732990916524576E-030  -1.0451498357677196E-030  -3.5785487766867709E-030   6.5999926623155849E-017  -3.0622831664368802E-017   1.8033284494628409E-016   3.0712688794524221E-016  -8.5243587121049909E-030  -1.8437263596108213E-030  -3.5912401105733552E-031  -4.9233827489925843E-030   4.2048710021103627E-031  -7.3792570649995940E-030  -2.7944425923450366E-016  -1.4819729535679234E-016   8.7270962326226604E-016   1.4863215336741788E-015  -2.5382465905938809E-016  -2.2056507482349272E-016
   1.5404702935631150E-017   8.9476381295937560E-020   3.2573817756924680E-019   1.2050381012736598E-018   4.1190584888472638E-031   6.3769615061520124E-031   2.2958699361449894E-031  -1.0298336854087792E-030  -3.3111865292915728E-031  -3.8286290683399908E-031   9.5792353270790343E-018   8.6856049911378843E-018   3.1619887839968517E-017   1.1697483509461257E-016  -6.6076075622553549E-031  -5.1163937841159450E-031  -5.2541500609804046E-032   5.6045957956029735E-031   5.9576704800925356E-032  -1.3593187173696104E-031   4.5849503582124360E-018   4.2033446884719855E-017   1.5302248690544376E-016   5.6609246250724346E-016   6.1149580806116027E-018   6.2752116965998448E-018
  -1.0924402181977099E-014   1.5503747586501480E-018  -2.8008657480421451E-018  -3.4101656288093059E-018   2.3588743383983018E-028  -6.1732990916524576E-030  -1.0298336854087792E-030   2.6287789457431757E-028  -3.8489562220409594E-031   2.4853122896377866E-028  -6.6472886502049313E-015   1.5049717642622642E-016  -2.7188419075889220E-016  -3.3102983354096089E-016   2.0470029142822155E-028   2.3061842989780185E-030  -6.2860122291879857E-034   2.2943620126939275E-028  -1.1534691673991413E-030   2.1107907952265029E-028   4.6799188232846385E-015   7.2832175514163421E-016  -1.3157666855355017E-015  -1.6019983570055648E-015   3.2371013452904210E-015   2.3131522033712994E-015
   6.5101539935691794E-017  -1.3205746600766162E-018  -2.0304409821024474E-018  -1.2451392903231341E-018  -2.7441556410962402E-030  -1.0451498357677196E-030  -3.3111865292915728E-031  -3.8489562220409594E-031   1.0926356697724200E-030  -1.1685565207673238E-030   3.9657010888997943E-017  -1.2819014015343778E-016  -1.9709791648885465E-016  -1.2086751697006894E-016  -3.3369362002054875E-031   7.3797139904740991E-031   3.9033973999499327E-031  -2.5745857784221617E-030  -3.2568006201024584E-031  -7.1192863398682339E-031  -2.5498722777638576E-017  -6.2036823603908293E-016  -9.5384314763071342E-016  -5.8493085511409913E-016  -1.7008399665945935E-017  -1.1746524691737929E-017
  -1.0482207279679409E-014  -1.6549334857075248E-018   2.8958435094792182E-019  -3.9209447546895142E-019   2.2844893642407100E-028  -3.5785487766867709E-030  -3.8286290683399908E-031   2.4853122896377866E-028  -1.1685565207673238E-030   2.3888363029162133E-028  -6.3796349340448849E-015  -1.6064684708198634E-016   2.8110382288521467E-017  -3.8061192057634843E-017   1.9285315586171941E-028  -3.2051172620119046E-031  -6.9727359157492655E-031   2.2135554206140119E-028  -2.5590928943401897E-031   2.0039703611363977E-028   4.4136651293992255E-015  -7.7744045704454986E-016   1.3603845236335038E-016  -1.8419477933386423E-016   3.0327151391911949E-015   2.1540137362500907E-015
  0.28743649577557689       -5.6545133826326733E-017   1.7576809908579059E-016   7.6179015459014003E-018  -6.0995032152896019E-015   6.5999926623155849E-017   9.5792353270790343E-018  -6.6472886502049313E-015   3.9657010888997943E-017  -6.3796349340448849E-015  0.17566694858443643       -4.3381530802565771E-017  -7.9994663714231794E-017   2.1229832566297619E-017  -4.4946901906293986E-015   2.0313386889865391E-017   1.4822618689870519E-017  -5.2660010132188860E-015   1.0453217666716374E-017  -4.6751772875665882E-015  -8.1426582464626057E-002  -2.6075481222681911E-016  -2.9500654189550912E-016   7.1789935951397711E-017  -4.5345555008469755E-002  -2.5296282675246126E-002
   4.9160794388535213E-017   6.6447887403222044E-004   1.2999643605105302E-016   1.5639186080107782E-016   4.0801023117528332E-018  -3.0622831664368802E-017   8.6856049911378843E-018   1.5049717642622642E-016  -1.2819014015343778E-016  -1.6064684708198634E-016  -4.3381530802565771E-017   6.4501949466644892E-002   5.5384519805643309E-016   2.0667725673991096E-016   4.3368167916080555E-017   1.3401787819233664E-016   1.8954039683344313E-017  -6.1565736901867837E-017  -4.8246274628771870E-017  -2.2463660793942993E-017   8.0363293161969892E-017  0.31215318560233291        2.2861419246393566E-015  -1.8698252310638680E-017  -2.4233462307650653E-017   1.0804705004972255E-017
  -2.3921769656694739E-017  -2.7374887245397303E-017   6.6447887403188423E-004   2.1197922307730230E-016   2.3577160273559606E-016   1.8033284494628409E-016   3.1619887839968517E-017  -2.7188419075889220E-016  -1.9709791648885465E-016   2.8110382288521467E-017  -7.9994663714231794E-017   5.5384519805643309E-016   6.4501949466639869E-002  -4.4638339858770089E-016  -1.1249121914328185E-016  -1.7662252345933936E-016  -1.4395607980367458E-016   2.6254625384941938E-016   1.3971361257811429E-016  -1.4848397488183928E-016   2.4518900695296024E-016  -1.0030225348206523E-016  0.31215318560232458       -1.0645014566817903E-015   4.6141466699911142E-017   9.7893732033534361E-017
   2.8668452473851024E-017   9.0141775849189829E-017   7.1719624639697621E-017   6.6447887403183522E-004   3.2247295884019860E-016   3.0712688794524221E-016   1.1697483509461257E-016  -3.3102983354096089E-016  -1.2086751697006894E-016  -3.8061192057634843E-017   2.1229832566297619E-017   2.0667725673991096E-016  -4.4638339858770089E-016   6.4501949466645211E-002  -3.0315021396074228E-016  -2.4727564335268438E-016   8.2388029592773805E-018   2.9841933519941866E-016  -1.4479903343976863E-018   2.8039711366974694E-018   5.6434662880725016E-017   8.0664038121946611E-016  -1.1338984425338615E-015  0.31215318560233341        2.8694931180841585E-017   3.6192514761473705E-017
  -7.5447890551517029E-015   4.4676527801019810E-019  -1.1588492945332145E-018  -3.1229585229752261E-018   1.8492712428324138E-028  -8.5243587121049909E-030  -6.6076075622553549E-031   2.0470029142822155E-028  -3.3369362002054875E-031   1.9285315586171941E-028  -4.4946901906293986E-015   4.3368167916080555E-017  -1.1249121914328185E-016  -3.0315021396074228E-016   2.4622030783607296E-028   4.0261232412853343E-030  -3.4748483192306125E-031   2.6424700225387161E-028  -7.9146024729529643E-031   2.5389020511107191E-028   8.4591805407534634E-015   2.0987755999130218E-016  -5.4439428107560028E-016  -1.4670766664627591E-015   7.2269177133832484E-015   6.0547864489942069E-015
   2.8852579100548648E-017   1.3806101914402196E-018  -1.8195098983425184E-018  -2.5473562028614049E-018  -1.8692764111170956E-030  -1.8437263596108213E-030  -5.1163937841159450E-031   2.3061842989780185E-030   7.3797139904740991E-031  -3.2051172620119046E-031   2.0313386889865391E-017   1.3401787819233664E-016  -1.7662252345933936E-016  -2.4727564335268438E-016   4.0261232412853343E-030   1.7811943980038941E-030   3.9924460017836638E-031   4.2825409126564035E-031  -4.8192315425303642E-031   2.8971490107949535E-030   1.3749881796861496E-016   6.4857121298383392E-016  -8.5475375245005746E-016  -1.1966751459864337E-015   1.3454909111976841E-016   1.2167911442403508E-016
   2.4537574156359924E-017   1.9525857824915643E-019  -1.4829904306606744E-018   8.4873566752487302E-020  -1.0444119940820535E-030  -3.5912401105733552E-031  -5.2541500609804046E-032  -6.2860122291879857E-034   3.9033973999499327E-031  -6.9727359157492655E-031   1.4822618689870519E-017   1.8954039683344313E-017  -1.4395607980367458E-016   8.2388029592773805E-018  -3.4748483192306125E-031   3.9924460017836638E-031   3.2944373439157806E-031  -1.2063269456197846E-030  -3.2491438407238766E-031  -2.6932163455759129E-031  -1.6383066410159912E-017   9.1726899979184652E-017  -6.9666652355647573E-016   3.9871176151320575E-017  -1.2877450698806049E-017  -1.0202299975586045E-017
  -8.8095606120933018E-015  -6.3423093214677678E-019   2.7046692476903662E-018   3.0742224922210391E-018   2.1651832626221190E-028  -4.9233827489925843E-030   5.6045957956029735E-031   2.2943620126939275E-028  -2.5745857784221617E-030   2.2135554206140119E-028  -5.2660010132188860E-015  -6.1565736901867837E-017   2.6254625384941938E-016   2.9841933519941866E-016   2.6424700225387161E-028   4.2825409126564035E-031  -1.2063269456197846E-030   2.9364834202035285E-028   3.6347384520124095E-032   2.7552426030960835E-028   8.9074208594779545E-015  -2.9794356692756956E-016   1.2705763187737225E-015   1.4441818719913180E-015   7.5123373785039314E-015   6.2427961984697316E-015
   1.7478290004368893E-017  -4.9701800498539081E-019   1.4392858625279572E-018  -1.4916742748742128E-020   7.6921574778949278E-032   4.2048710021103627E-031   5.9576704800925356E-032  -1.1534691673991413E-030  -3.2568006201024584E-031  -2.5590928943401897E-031   1.0453217666716374E-017  -4.8246274628771870E-017   1.3971361257811429E-016  -1.4479903343976863E-018  -7.9146024729529643E-031  -4.8192315425303642E-031  -3.2491438407238766E-031   3.6347384520124095E-032   3.3986743164651903E-031  -8.4657904866425256E-031  -1.7379001230386061E-017  -2.3348485500588556E-016   6.7613536643296892E-016  -7.0074594541852586E-018  -1.4624374072894480E-017  -1.2135566394488412E-017
  -7.8466802571020823E-015  -2.3141359531690255E-019  -1.5296353871122982E-018   2.8885632122413558E-020   1.9365029609965143E-028  -7.3792570649995940E-030  -1.3593187173696104E-031   2.1107907952265029E-028  -7.1192863398682339E-031   2.0039703611363977E-028  -4.6751772875665882E-015  -2.2463660793942993E-017  -1.4848397488183928E-016   2.8039711366974694E-018   2.5389020511107191E-028   2.8971490107949535E-030  -2.6932163455759129E-031   2.7552426030960835E-028  -8.4657904866425256E-031   2.6343836087342105E-028   8.7628665159810568E-015  -1.0871149376260803E-016  -7.1857899107738976E-016   1.3569644481973488E-017   7.4828664657809178E-015   6.2673890673421442E-015
 -0.14259998187746195       -6.6046197731103399E-017  -3.2468662194739502E-016  -1.5782349020694827E-016   4.3422462643310300E-015  -2.7944425923450366E-016   4.5849503582124360E-018   4.6799188232846385E-015  -2.5498722777638576E-017   4.4136651293992255E-015  -8.1426582464626057E-002   8.0363293161969892E-017   2.4518900695296024E-016   5.6434662880725016E-017   8.4591805407534634E-015   1.3749881796861496E-016  -1.6383066410159912E-017   8.9074208594779545E-015  -1.7379001230386061E-017   8.7628665159810568E-015  0.35148343660504128        2.7333941277433982E-016   3.8125231892144502E-016  -2.9130290093413440E-017  0.31954968506727816       0.27782109290257340     
   1.5892101082209452E-016   3.2157043160667424E-003   6.0046477974256651E-016   7.5485474227930626E-016   1.9745402189046278E-017  -1.4819729535679234E-016   4.2033446884719855E-017   7.2832175514163421E-016  -6.2036823603908293E-016  -7.7744045704454986E-016  -2.6075481222681911E-016  0.31215318560233291       -1.0030225348206523E-016   8.0664038121946611E-016   2.0987755999130218E-016   6.4857121298383392E-016   9.1726899979184652E-017  -2.9794356692756956E-016  -2.3348485500588556E-016  -1.0871149376260803E-016   2.7333941277433982E-016   1.5106459895769857       -2.3929426148927568E-015  -1.0271968551352900E-015  -2.3654227182514999E-016  -5.8393323419344740E-017
   5.7732690740100143E-017  -1.3653959351502508E-016   3.2157043160652796E-003   1.0364333987005184E-015   1.1410020546207818E-015   8.7270962326226604E-016   1.5302248690544376E-016  -1.3157666855355017E-015  -9.5384314763071342E-016   1.3603845236335038E-016  -2.9500654189550912E-016   2.2861419246393566E-015  0.31215318560232458       -1.1338984425338615E-015  -5.4439428107560028E-016  -8.5475375245005746E-016  -6.9666652355647573E-016   1.2705763187737225E-015   6.7613536643296892E-016  -7.1857899107738976E-016   3.8125231892144502E-016  -2.3929426148927568E-015   1.5106459895770226       -1.8464979436964846E-016  -5.2613471452198566E-016  -1.8632683524439349E-016
   9.7546251682684425E-017   4.2573918568805773E-016   3.5837067334545440E-016   3.2157043160648676E-003   1.5605878923803915E-015   1.4863215336741788E-015   5.6609246250724346E-016  -1.6019983570055648E-015  -5.8493085511409913E-016  -1.8419477933386423E-016   7.1789935951397711E-017  -1.8698252310638680E-017  -1.0645014566817903E-015  0.31215318560233341       -1.4670766664627591E-015  -1.1966751459864337E-015   3.9871176151320575E-017   1.4441818719913180E-015  -7.0074594541852586E-018   1.3569644481973488E-017  -2.9130290093413440E-017  -1.0271968551352900E-015  -1.8464979436964846E-016   1.5106459895769833       -1.5438478686090688E-016  -8.8903438702122759E-017
  -8.3108112209282867E-002  -7.4143579803716114E-017  -2.7857190355903301E-016  -1.4907676829847003E-016   3.0160012755842673E-015  -2.5382465905938809E-016   6.1149580806116027E-018   3.2371013452904210E-015  -1.7008399665945935E-017   3.0327151391911949E-015  -4.5345555008469755E-002  -2.4233462307650653E-017   4.6141466699911142E-017   2.8694931180841585E-017   7.2269177133832484E-015   1.3454909111976841E-016  -1.2877450698806049E-017   7.5123373785039314E-015  -1.4624374072894480E-017   7.4828664657809178E-015  0.31954968506727816       -2.3654227182514999E-016  -5.2613471452198566E-016  -1.5438478686090688E-016  0.29576407434053170       0.25972585422462036     
  -4.9334141872592198E-002  -7.0583380087637332E-017  -2.3251829575707133E-016  -1.3213334097646902E-016   2.1632313062994444E-015  -2.2056507482349272E-016   6.2752116965998448E-018   2.3131522033712994E-015  -1.1746524691737929E-017   2.1540137362500907E-015  -2.5296282675246126E-002   1.0804705004972255E-017   9.7893732033534361E-017   3.6192514761473705E-017   6.0547864489942069E-015   1.2167911442403508E-016  -1.0202299975586045E-017   6.2427961984697316E-015  -1.2135566394488412E-017   6.2673890673421442E-015  0.27782109290257340       -5.8393323419344740E-017  -1.8632683524439349E-016  -8.8903438702122759E-017  0.25972585422462036       0.22932913166866808     
