  0.13698174499654833       -1.5945014272582137E-008  -4.6133779109191971E-009  -4.2469129593275802E-015   2.0722972681064714E-016  -1.8027452883156584E-016  -8.5227920786377077E-017   9.5210654672992297E-017  -1.3250041970569908E-016   4.8502163975491762E-016  0.31485322199121113       -1.3193600381289139E-008  -3.9476738729687867E-009  -4.2982119860520909E-015   5.4709005434876552E-010   2.9642885712923791E-010   3.8251969093119376E-011   4.1338607479034435E-010  -5.4140417716967169E-010  -1.1473699448591630E-009   6.4570611046556235E-010  -6.1607393365532969E-010  -1.1627342357803226E-009   4.3068414787914912E-010  -2.0316770471142184E-016  -1.9459269328266091E-015  -3.6705473878433651E-016   2.1888581040607602E-016  -3.6249927961920786E-017  -7.1303750943814509E-017  0.18654381019024363       -8.3268431501353776E-009  -2.0378217159783361E-009  -2.7303966351976497E-015  -1.3326578612258581E-014  -2.7991363793105496E-015   1.7960258905213724E-015  -7.0035078168454244E-016   9.1443974559253785E-017 -0.31778739512729898        1.5474855697595214E-008   4.2232397024418995E-009   9.3520173926787103E-015   1.9364981931223380E-010   1.3974087744955370E-010   2.8185300588842196E-011   1.6842533217871410E-010  -2.4644299930116499E-010  -4.2822551259002878E-010   2.4373145038107709E-010  -2.4036207044442388E-010  -4.6674055286499025E-010   1.5814790431528464E-010   1.7707409178712911E-014  -8.5947550492753183E-002   4.2170106146947485E-009   1.1549858488521205E-009  -1.5256736775994092E-014   3.6594354788664639E-015
  -1.5945014272582137E-008  0.13698175283893421        3.6623473796507133E-009  -2.4549233226134795E-015  -2.4848591132230114E-016  -1.2811642836298447E-016   3.5393796657519622E-017  -4.0997791368587472E-016  -2.9356982667677167E-017  -2.0790966869104423E-016  -1.3070812167410482E-008  0.31485322852071107        2.8071991251996890E-009  -5.4018412285401963E-015   7.3567695815803617E-010  -7.1728750321874830E-010   2.0420593144304742E-011   1.7346002645557274E-010  -4.5753686882548027E-010  -1.1604759636236219E-009   7.5714630951899106E-011   4.3833234819658946E-010   6.1571273027896263E-010  -3.4193293541237298E-010  -7.2401684456560140E-017   1.0758239490454803E-016   1.1193456416333136E-016   9.5392992692954186E-016  -1.5924560726752863E-016  -6.8254137041935350E-017  -8.2567271613723047E-009  0.18654381416395613        2.2342369398938586E-009  -1.2582436967607660E-015   5.0622385367130981E-016   7.6318202265697724E-016   3.8809184341564003E-015  -6.5712893878563658E-016  -1.9057332297158323E-015   1.5361574416849946E-008 -0.31778740267973676       -3.7177038879446537E-009   2.3431809975169591E-015   2.5554497271800945E-010  -3.0538609156040485E-010   3.6209544866158384E-012   1.0329702712099134E-010  -1.9006999587046589E-010  -4.4614801552366835E-010   5.0533311011294897E-011   1.5470424891066300E-010   2.3759136409313582E-010  -1.1800863859921805E-010   7.7847035302322736E-015   4.1864797352886277E-009  -8.5947552552503512E-002  -1.0092360436100357E-009  -5.0462873173455658E-015   1.1211507696711157E-015
  -4.6133779109191971E-009   3.6623473796507133E-009  0.13698174483220035       -5.9987718971916503E-015   9.1869306989123835E-016  -1.6575792793507092E-016   1.3039575575364397E-016   7.4686883992515155E-016   2.6223133801145755E-016   7.6585255477222336E-016  -4.0892812832961692E-009   2.7935180848902676E-009  0.31485322176067976       -7.2257321957109486E-015  -2.7524654291491339E-010  -5.1840026711488972E-010  -4.3930681492044155E-010   5.6631314094198843E-010  -1.9810059618532375E-009  -1.9703000633595326E-010   4.2286240600585756E-010   2.3990098360898962E-010  -4.8932253007956218E-011   1.4861978920182933E-010  -3.9691192323832970E-016   1.7078834072041996E-017  -3.6251590772757506E-017   7.9400267581827319E-016   1.6550271062971584E-016   5.0930596591068077E-016  -2.1185669879717731E-009   2.2084294871342960E-009  0.18654381024386951       -3.5673200063636752E-015  -1.5423283138786962E-016   2.5851046476044764E-016   3.3515358354029553E-015   1.2673584171715781E-015   1.1389952982955215E-015   4.3549996649067135E-009  -3.6895522619490332E-009 -0.31778739505460574        1.0321885844759725E-015  -1.0207396966734830E-010  -1.9304348165667617E-010  -1.8157656634181882E-010   2.2656124183186972E-010  -7.4276092828558115E-010  -8.9612894767963610E-011   1.7583878488422682E-010   1.0449779655065086E-010  -4.2869377468611109E-011   5.7453846066152383E-011   3.9744530418146696E-015   1.1905488603484131E-009  -1.0017700348655015E-009  -8.5947550471736536E-002  -9.7618445575208638E-016   7.0353344645807014E-017
  -4.2469129593275802E-015  -2.4549233226134795E-015  -5.9987718971916503E-015  0.43148751748969472       -4.7320505967988129E-011  -2.1662540882124688E-010   2.0994579840682614E-010   2.5179896256652536E-011   2.4138378798595126E-010   2.2363354712850938E-011   2.1655936916768866E-015   3.9632949248577878E-015   1.7369504298132913E-015  0.82264021131734300       -5.4140247815256924E-016   2.8331438882284579E-016  -1.4479195316238368E-015  -2.7695152703401934E-016   3.3006811856769858E-016  -2.8338539913544856E-017  -1.1120316779632481E-015   2.3991003296856674E-016   3.2494834731271174E-016  -8.2250749759480697E-016   3.4633767409442246E-010   2.0915229838437663E-009   7.0400241599414428E-010  -6.3116753351580956E-010  -4.1255389667795683E-010   2.8491465767470646E-010  -4.6289495321042696E-015  -8.9533810252776057E-017  -7.4339167817417446E-015  -1.8941266055603818E-010   2.8649420821451436E-010   6.4720308922884713E-010  -6.6060572942430676E-011   3.5338087968691965E-010   2.5559720041296471E-010  -7.1506495653889509E-016   1.2149409500930914E-014   1.7399291686570288E-014 -0.32371476836750690       -1.4051825226082261E-016   1.7617060105081965E-016  -1.8284347243191353E-016  -3.8771762424093215E-016   3.4314423155619638E-016   5.7619310365989393E-017  -3.1789628541122055E-016  -6.2500806903845150E-017   1.8416713775951119E-016   2.1514047336220522E-016 -0.76242454488902633       -4.0181544046860391E-016   4.0082905440707465E-015   5.2835952954773336E-015  0.44811923739012494       -9.2921250897884514E-002
   2.0722972681064714E-016  -2.4848591132230114E-016   9.1869306989123835E-016  -4.7320505967988129E-011   4.4307192651445306E-004   1.1297947319763269E-011   1.7691580433527794E-013  -2.2153595982045955E-004  -1.9084708284101120E-013  -2.2153596669469844E-004   6.3473933021916701E-016  -4.5084855558603785E-016   2.4021153127518534E-015  -8.9511444330749011E-011  -5.7297274984753114E-018  -1.0024570502910568E-018  -1.4418411972140560E-018   1.8434146809397964E-017  -4.4585456312052454E-018  -1.4553981871840010E-017  -2.1231536921429160E-017  -1.3702860020326011E-017  -2.6442794643453193E-018  -4.9261739613270869E-017   3.8523227712733217E-003   6.1145129354094813E-011  -4.1712999652178891E-012  -1.9261613688139616E-003   2.9090860605345569E-012  -1.9261614024613813E-003   4.2170606624942479E-016  -3.9412563924691946E-016   1.2553769223428793E-015   2.7157339882992116E-002   3.2504158558629675E-010  -1.8362832200251478E-011  -1.3578669838592643E-002   7.2935330239204336E-012  -1.3578670044408011E-002   3.3862629270346452E-015  -9.8898825449342532E-016  -3.6510411492654073E-015   2.9913802712816496E-011   1.7997737509468168E-018  -1.8669618905867748E-017  -1.2023168188391014E-017  -9.3875595754256718E-018   4.3859959707523637E-019   4.1746964078938626E-018  -1.1836530731263839E-017  -6.4489624354771945E-018  -1.0715890288959220E-017  -1.3238862613916661E-017   9.6318438869334693E-011   1.1373828026033556E-015  -3.5114281534880812E-016  -1.0616010832873464E-015  -5.5502694317570386E-011   1.1621717976255397E-011
  -1.8027452883156584E-016  -1.2811642836298447E-016  -1.6575792793507092E-016  -2.1662540882124688E-010   1.1297947319763269E-011   4.4307191284510339E-004   3.1110172507467408E-012   3.0305797614491669E-012   2.4832603535262797E-012  -1.4328331857535554E-011   4.8127439212413157E-016  -3.0674880908918783E-016  -3.3663939129620363E-016  -4.7392003558835310E-010  -1.6320748372668634E-019  -1.7040567709633590E-017  -1.0637000627496829E-017   4.1788807755594630E-018  -8.3687169316507047E-018  -1.3866836567485999E-017   1.2340641597706302E-017   4.6239980192032823E-018  -8.7426271470664965E-018   5.0982473824237960E-018   6.4199148344280243E-011   3.8523226969348133E-003   8.8071443817501364E-012   2.0517039170053691E-011   1.0838879344167487E-011  -8.4716137416417537E-011  -2.4585466540428332E-016  -4.8458048101600595E-017  -2.6924035028492182E-016   3.4492928847476385E-010   2.7157339476670182E-002   9.9352547448965811E-011   9.2873170017777642E-011   8.5098605044004417E-011  -4.3780250468553868E-010  -1.4042116974649642E-015   3.9388320220746424E-015  -7.2691024560395949E-017   1.6044996023425220E-010   7.4433605259455797E-018  -3.1751430812010113E-018   3.2204539312495503E-018  -4.6036270870653161E-018   1.0115464951033975E-018  -8.5968311350724765E-018   3.4178603450363974E-018  -9.9036257898591258E-018  -2.2784386554826022E-018  -8.5257760780797752E-018   5.5159774528183514E-010  -4.5620534921659596E-016   1.2702240481053230E-015  -4.3909417124460765E-017  -3.2717235836418374E-010   6.9562975487518160E-011
  -8.5227920786377077E-017   3.5393796657519622E-017   1.3039575575364397E-016   2.0994579840682614E-010   1.7691580433527794E-013   3.1110172507467408E-012   4.4307191437966580E-004  -7.0035638982221513E-012  -4.3890213551979127E-012   6.8265798809846345E-012  -1.4200425349044119E-017   3.4309542760802493E-017   2.5794737651204008E-016   3.5126508215744727E-010  -1.5662490923736377E-017   1.2516184521206322E-018   1.2994897309906957E-017   5.2175207272016876E-018   1.9727272974762759E-018  -1.3184157886393959E-017  -2.6176214741351026E-018   7.8020440851931497E-018   1.0406926692312620E-017   2.0930578590755952E-017   3.8867325732878603E-012   9.5071417795937508E-012   3.8523227003257926E-003  -3.9624292663412743E-011  -2.7291162029595668E-011   3.5737249994505814E-011  -9.0729934308713482E-017   5.9132664823310355E-017   1.6204915106498391E-016   3.0406440549819510E-011   9.6322680235702200E-011   2.7157339525707588E-002  -2.6373873286257746E-010  -1.2466791025448945E-010   2.3333272071524749E-010  -8.2690234902230158E-017   6.6324354198543279E-016  -5.6217953194371489E-016  -1.4408119755507967E-010  -1.3530311279340313E-018   2.8977650796351935E-018   3.0550624759538966E-017  -6.9205276670897461E-018   2.3733593088646693E-018  -8.3360229976317800E-018   1.5560647632446527E-017   2.1091223715130400E-017   2.1294499589861804E-018   2.9710335730924786E-017  -2.6889087454552563E-010  -3.2257948985740942E-017   2.1885002611898075E-016  -1.6822627033557362E-016   1.5197398328375875E-010  -3.0271585328535944E-011
   9.5210654672992297E-017  -4.0997791368587472E-016   7.4686883992515155E-016   2.5179896256652536E-011  -2.2153595982045955E-004   3.0305797614491669E-012  -7.0035638982221513E-012   4.4307191462568635E-004   1.5824914567795910E-012  -2.2153595480447531E-004   9.4134018124121275E-017  -1.1555193159263373E-015   1.5836806746895345E-015   6.4968199129437775E-011   2.7526710436919359E-018  -1.0291290116139739E-017   8.9341559788892468E-018  -1.7641119341187783E-017   4.4083678273308631E-018   2.1040152077657975E-017   2.8066773300041426E-017   1.2535588468940307E-017  -1.6152933794230121E-017   4.9492403856125603E-018  -1.9261613662252585E-003   1.9063901615225823E-011  -2.5004333191805446E-011   3.8523227051987419E-003   6.8966296350692612E-012  -1.9261613389725972E-003   1.3037971731867767E-016  -6.5718714966620934E-016   8.3337204933057963E-016  -1.3578669839294729E-002   8.2724927957196093E-011  -1.6060396452932498E-010   2.7157339530580440E-002   4.2462986558268906E-011  -1.3578669691281939E-002  -3.0701633826081914E-016  -4.7033891385431183E-016  -3.2496043220498876E-015  -1.8733012013288505E-011   5.0057954959666401E-020   1.0981843420266604E-017   1.2925507316285770E-017   8.1678827099084061E-018  -2.4924692851264774E-018  -7.5263431921939668E-018   7.4230711657742017E-018   2.0406374978258538E-017   2.0319331392568325E-018   6.1986754931859539E-018  -1.0654569773303345E-010  -9.0702866469601744E-017  -2.1392526254872769E-016  -9.7355054473356333E-016   6.5372887181724933E-011  -1.4420766011838483E-011
  -1.3250041970569908E-016  -2.9356982667677167E-017   2.6223133801145755E-016   2.4138378798595126E-010  -1.9084708284101120E-013   2.4832603535262797E-012  -4.3890213551979127E-012   1.5824914567795910E-012   4.4307192492525868E-004  -1.3915666359913526E-012  -2.3811735184817345E-016   3.1626803720498339E-020   4.9339790427428038E-016   4.5273540083624901E-010   1.2301882114852626E-018  -2.4542871324958464E-017   1.1205267506570641E-017   2.3584226086755097E-018   1.4862933711987315E-017   1.2183974369557069E-017  -6.5143166757021987E-018  -7.2419771473217918E-018  -4.3899779073247639E-018  -2.4449329325111928E-019  -1.9568489054306122E-012   5.8139647775792097E-012  -2.8398711460305337E-011   8.3522888280774199E-012   3.8523227576007313E-003  -6.3954759950185433E-012  -1.1861743990315831E-016  -2.8900063821570909E-017   2.6807103049986319E-016  -2.0731218256814853E-011   6.9687134792552409E-011  -1.3076920539636988E-010   5.2973373218352968E-011   2.7157339839230788E-002  -3.2242195108960596E-011   2.6994722510817725E-015  -1.2487874272301794E-017  -3.0268866614372955E-015  -1.6930670507987071E-010   6.0636684332818119E-018   1.2747000495826198E-017  -1.1500957430501875E-018   2.8698893829796882E-018   1.6892318320218559E-018   8.5655742143639905E-018   2.5778741697845225E-017   1.0370772624591990E-018  -2.3684216746915572E-018  -6.7967142318233280E-018  -4.1024116887863556E-010   8.6513522244141541E-016  -7.4530354745064306E-018  -9.5833185846451143E-016   2.3528765016224155E-010  -4.8159733237383503E-011
   4.8502163975491762E-016  -2.0790966869104423E-016   7.6585255477222336E-016   2.2363354712850938E-011  -2.2153596669469844E-004  -1.4328331857535554E-011   6.8265798809846345E-012  -2.2153595480447531E-004  -1.3915666359913526E-012   4.4307192149912713E-004   1.0685064610904295E-015  -3.6890720397102490E-016   1.6144779787397313E-015   2.4970509376817600E-011   2.9770499600473670E-018   1.1293744181756630E-017  -7.4923224546981499E-018  -7.9301602342005329E-019   5.0142646041702684E-020  -6.4861729374526312E-018  -6.8352255269792867E-018   1.1672693647470060E-018   1.8797201683999552E-017   4.4312506575874777E-017  -1.9261614050541918E-003  -8.0207333580063628E-011   2.9175040074126720E-011  -1.9261613363782465E-003  -9.8050397984103001E-012   3.8523227414335734E-003   7.2183310587033108E-016  -3.8575735375967416E-016   1.0360336924552344E-015  -1.3578670043740592E-002  -4.0775454763324965E-010   1.7896261572953206E-010  -1.3578669691941738E-002  -4.9751754774577406E-011   2.7157339735687094E-002   2.7475121424383906E-016  -3.1431388787617162E-015  -3.5305085714166468E-015  -1.1292200123948618E-011  -1.8498351197541658E-018   7.6877733479276208E-018  -9.0234254589464640E-019   1.2196829448344708E-018   2.0538570976172234E-018   3.3516452852124434E-018   4.4134643294400833E-018  -1.3957413302934714E-017   8.6839528961579165E-018   7.0401902351245233E-018   9.9478491973524140E-012   1.5122260845402244E-016  -1.0508403469050185E-015  -1.0548988853508483E-015  -9.7451964354500381E-012   2.7773369687714211E-012
  0.31485322199121113       -1.3070812167410482E-008  -4.0892812832961692E-009   2.1655936916768866E-015   6.3473933021916701E-016   4.8127439212413157E-016  -1.4200425349044119E-017   9.4134018124121275E-017  -2.3811735184817345E-016   1.0685064610904295E-015  0.72370880715670638        2.3866097834641747E-008   5.8980091414647697E-009   1.1617654638167866E-014   1.2573738925303851E-009   6.8132339059830107E-010   8.8029495173390347E-011   9.5028375123653318E-010  -1.2444984646509272E-009  -2.6371948158674011E-009   1.4840953480411236E-009  -1.4160964985676836E-009  -2.6724456026694715E-009   9.8988519046999436E-010   9.9864710174635749E-016   3.2805159012062964E-015   7.3181535838737689E-016  -5.8860682060831243E-016   5.5586752205457694E-016  -5.3849808625120797E-016  0.42849830131769417        1.3009647807761613E-008   4.2056385058051042E-009   4.0135223252892983E-015   2.4057045241786911E-014   4.6732323868802610E-015  -3.5310134847685237E-015   2.8162670223389675E-015  -2.4214043377092496E-015 -0.73746844373058218       -1.8205296448893407E-008  -4.9809584289837701E-009  -1.3236519997162094E-014   4.4558687278887487E-010   3.2314597420188204E-010   6.5198103088732855E-011   3.8684080328904695E-010  -5.6694220452299018E-010  -9.8463962639917943E-010   5.5947128220737411E-010  -5.5275432532034763E-010  -1.0737545911747262E-009   3.6340450941109423E-010  -3.3301143999259540E-014 -0.19984759017134301       -4.7984804158100969E-009  -1.2937591641043857E-009   2.6603181096477364E-014  -6.3272185172527917E-015
  -1.3193600381289139E-008  0.31485322852071107        2.7935180848902676E-009   3.9632949248577878E-015  -4.5084855558603785E-016  -3.0674880908918783E-016   3.4309542760802493E-017  -1.1555193159263373E-015   3.1626803720498339E-020  -3.6890720397102490E-016   2.3866097834641747E-008  0.72370879574234126       -6.4748923111980407E-009   5.7112155278519433E-015   1.6907860253144778E-009  -1.6487085989977201E-009   4.6990144899669871E-011   3.9881900533137935E-010  -1.0516160147019878E-009  -2.6672504614951375E-009   1.7407683399772665E-010   1.0074388069476534E-009   1.4151762784325815E-009  -7.8592189544079387E-010   8.4891336506202183E-016   2.2610727151701521E-016  -1.3133255803290183E-016   3.1203445138881309E-016   2.1919238566050326E-016   7.1119840316700979E-016   1.3003691966262648E-008  0.42849829478002294       -2.5278226595937649E-009   4.2496092812461985E-015   9.4828597576734434E-016  -1.0232960826638644E-015  -4.3776434686289101E-015   2.6271119822503802E-015   1.7785105008873558E-015  -1.8178390220712068E-008 -0.73746843478110868        4.4075345797948192E-009  -7.6036923939384069E-015   5.8681664416117081E-010  -7.0198930447581004E-010   8.4828448131027947E-012   2.3911208901548624E-010  -4.3670338979076679E-010  -1.0264125205744224E-009   1.1586299816094837E-010   3.5513185786055308E-010   5.4654952853871340E-010  -2.7102239228852814E-010  -1.0815061020716413E-014  -4.7908218554007780E-009 -0.19984758781074938        1.1780099361054946E-009   9.3134726604979682E-015  -2.1904315894020076E-015
  -3.9476738729687867E-009   2.8071991251996890E-009  0.31485322176067976        1.7369504298132913E-015   2.4021153127518534E-015  -3.3663939129620363E-016   2.5794737651204008E-016   1.5836806746895345E-015   4.9339790427428038E-016   1.6144779787397313E-015   5.8980091414647697E-009  -6.4748923111980407E-009  0.72370880696448892        1.3294977800916159E-014  -6.3269218006812950E-010  -1.1915745381716939E-009  -1.0096559143965681E-009   1.3017975924520330E-009  -4.5531568813671684E-009  -4.5294932371835572E-010   9.7198485472167296E-010   5.5126665006534672E-010  -1.1248704360322700E-010   3.4164355898833010E-010   1.5862170220067948E-015   4.1489838348392880E-016  -4.4707468570910414E-016   6.3808208936506531E-016  -6.2836727962349423E-016  -1.3167720776816475E-016   4.2126931476489443E-009  -2.5685844316303622E-009  0.42849830164763159        9.3995850648112755E-015   2.2900441711504630E-015  -1.9988943650220096E-015  -6.8660667762053492E-016  -4.1526638657704426E-015  -6.5786303024482007E-015  -5.0112715328310201E-009   4.4386502354469212E-009 -0.73746844375522003       -4.2143266198060173E-015  -2.3494396226864652E-010  -4.4364453626506916E-010  -4.1761821454058995E-010   5.2067857601612962E-010  -1.7068247460388378E-009  -2.0546416469640044E-010   4.0458075324836359E-010   2.4014096384365968E-010  -9.9158368607116317E-011   1.3229007555378042E-010  -7.7890722175411369E-015  -1.3023856358642066E-009   1.1859815332427681E-009 -0.19984759016646303        4.1080160229952796E-015  -7.6786418554807270E-016
  -4.2982119860520909E-015  -5.4018412285401963E-015  -7.2257321957109486E-015  0.82264021131734300       -8.9511444330749011E-011  -4.7392003558835310E-010   3.5126508215744727E-010   6.4968199129437775E-011   4.5273540083624901E-010   2.4970509376817600E-011   1.1617654638167866E-014   5.7112155278519433E-015   1.3294977800916159E-014   1.5693288252401598       -1.0641841296160950E-015   5.2369149692902293E-016  -2.7080005834478031E-015  -5.6460614447620013E-016   6.6139356887822237E-016  -4.5758505999678492E-017  -2.0218394744639523E-015   4.1089379460412890E-016   5.9447994452598527E-016  -1.4979831281120931E-015   6.6563440435432182E-010   3.4450487574354473E-009   9.0660287423899202E-010  -1.0495216142319063E-009  -8.5605840879900136E-010   3.8405196657577751E-010  -2.9845698868961107E-015  -2.4763047799268367E-015  -9.5381977771152452E-015  -3.2311721031046880E-010  -3.2726752806941369E-009  -1.8249955962780149E-009   9.4994009530450694E-010   1.9744937542593906E-010  -6.2657839134393956E-010   6.2298430579243536E-015  -7.9631058623923920E-015  -3.4899508876656293E-015 -0.59683737327026853       -2.8762191354890341E-016   3.5926510960376346E-016  -3.4768735334833749E-016  -7.2783323277329174E-016   6.4139676491811419E-016   1.0386741992939888E-016  -6.2284284530602652E-016  -8.8837082741538584E-017   3.6346332644332928E-016   3.8911905576510818E-016  -1.4119031524342174        2.1706222612103719E-015  -2.6286987580974333E-015  -1.3435200792075606E-015  0.81553483071965827      -0.16757193361097475     
   5.4709005434876552E-010   7.3567695815803617E-010  -2.7524654291491339E-010  -5.4140247815256924E-016  -5.7297274984753114E-018  -1.6320748372668634E-019  -1.5662490923736377E-017   2.7526710436919359E-018   1.2301882114852626E-018   2.9770499600473670E-018   1.2573738925303851E-009   1.6907860253144778E-009  -6.3269218006812950E-010  -1.0641841296160950E-015   6.6917003208777332E-018  -1.6263252408631481E-018   1.1437188123558419E-018   1.4424405386705800E-018  -6.3923721716605158E-019  -1.0420251051795991E-017   2.1357215503197593E-018  -5.8712733332604220E-019  -1.2390009562717491E-018  -4.1483035242899285E-019  -4.9817535372133276E-017  -1.4190219503174591E-018  -1.3617872268937637E-016   2.3933342958915083E-017   1.0695977360766483E-017   2.5884194694068288E-017   7.4688111900978337E-010   1.0045926508451285E-009  -3.7424926772889454E-010  -3.5119376953244895E-016  -1.0003519499564388E-017  -9.6000571151351699E-016   1.6872051215114713E-016   7.5402370857084032E-017   1.8247325596710912E-016  -1.2217660156222656E-009  -1.6363672724529084E-009   6.5360572474182976E-010  -2.8016871391739979E-016   2.3539535780439988E-018  -7.0683287048607454E-019   4.9303960537922951E-019   7.5744274818263072E-019  -5.1188755929225472E-019  -3.9155780535949273E-018   8.9853944303312372E-019  -3.3253181176025949E-019  -4.9866944395808240E-019  -1.1963843324612639E-019  -4.5021302104340770E-016  -3.2777126296958520E-010  -4.3861702741427733E-010   1.7761665545210013E-010   7.4798679156534649E-016  -2.0695229604097136E-016
   2.9642885712923791E-010  -7.1728750321874830E-010  -5.1840026711488972E-010   2.8331438882284579E-016  -1.0024570502910568E-018  -1.7040567709633590E-017   1.2516184521206322E-018  -1.0291290116139739E-017  -2.4542871324958464E-017   1.1293744181756630E-017   6.8132339059830107E-010  -1.6487085989977201E-009  -1.1915745381716939E-009   5.2369149692902293E-016  -1.6263252408631481E-018   6.3594103846851993E-018   1.6380386590448272E-018  -2.1573956625552535E-018   8.7209658115259516E-018   4.3393761575105723E-018  -5.9949892429286348E-019  -4.5359643516612179E-018  -5.5551229847033077E-018   2.1600140228376578E-018  -8.7159209150305429E-018  -1.4816052989473751E-016   1.0882297284969322E-017  -8.9478413828717968E-017  -2.1338986393541402E-016   9.8194326916472189E-017   4.0399559431486343E-010  -9.7649570125204680E-010  -7.0550179639184835E-010  -6.1443759982751391E-017  -1.0444726831372378E-015   7.6715847036585597E-017  -6.3078712266534797E-016  -1.5043134814652249E-015   6.9223087355369852E-016  -6.7961102456525549E-010   1.6722067939395125E-009   1.2145645342639183E-009  -5.6557411192679669E-016  -5.3213381996488097E-019   2.6297896643218699E-018   7.2898455117411758E-019  -1.0353368463466332E-018   3.2725748901236064E-018   1.7492886421846276E-018  -4.0213861072016126E-019  -1.7247663988642518E-018  -2.0902769442207370E-018   7.4220297741022781E-019  -1.2242261476811626E-015  -1.8335136308760482E-010   4.5271623479709016E-010   3.2915518621136272E-010   9.6816906739018256E-016  -2.2742760675444762E-016
   3.8251969093119376E-011   2.0420593144304742E-011  -4.3930681492044155E-010  -1.4479195316238368E-015  -1.4418411972140560E-018  -1.0637000627496829E-017   1.2994897309906957E-017   8.9341559788892468E-018   1.1205267506570641E-017  -7.4923224546981499E-018   8.8029495173390347E-011   4.6990144899669871E-011  -1.0096559143965681E-009  -2.7080005834478031E-015   1.1437188123558419E-018   1.6380386590448272E-018   1.4239458537700108E-018  -1.6731356677665774E-018   6.1344638821046574E-018   1.3867468436256172E-019  -1.1646105891352012E-018  -8.7738152527444495E-019  -7.5538527381446674E-020  -4.0735702601481029E-019  -1.2536173643749494E-017  -9.2484237104475215E-017   1.1298513872730400E-016   7.7678725966437952E-017   9.7425071619065887E-017  -6.5142555069132422E-017   5.0378607160383473E-011   2.6957111695547442E-011  -5.9974130948923715E-010  -8.8375014795240531E-017  -6.5197695826768675E-016   7.9650020736665715E-016   5.4760404879633840E-016   6.8680791034232234E-016  -4.5922903702412710E-016  -1.3278896181205497E-010  -6.9275202804750190E-011   9.8094284730095061E-010   2.2124709785512779E-015   4.1904374336068004E-019   6.2499859861283917E-019   5.9239448804691495E-019  -6.6110766531323253E-019   2.2846306224514439E-018   9.8895380188205626E-020  -4.9165013130526712E-019  -3.8262829490857542E-019   3.4621776166927037E-020  -1.5635856037040104E-019   4.8668827658043543E-015  -3.8385895774131760E-011  -1.9965169708130465E-011   2.6315700027494524E-010  -3.6536842529970276E-015   8.4270227578017648E-016
   4.1338607479034435E-010   1.7346002645557274E-010   5.6631314094198843E-010  -2.7695152703401934E-016   1.8434146809397964E-017   4.1788807755594630E-018   5.2175207272016876E-018  -1.7641119341187783E-017   2.3584226086755097E-018  -7.9301602342005329E-019   9.5028375123653318E-010   3.9881900533137935E-010   1.3017975924520330E-009  -5.6460614447620013E-016   1.4424405386705800E-018  -2.1573956625552535E-018  -1.6731356677665774E-018   3.8109417715686145E-018  -1.0402020990406742E-017  -5.7461339943592056E-018   3.7928559115662096E-018  -3.1420864566931793E-019  -2.9312572582765931E-018   1.4812487573665641E-018   1.6027706173155851E-016   3.6333602613931922E-017   4.5364129689442053E-017  -1.5338208309916028E-016   2.0505482695439373E-017  -6.8949739408790601E-018   5.6113682832935514E-010   2.3429808461136171E-010   7.6923111466525391E-010   1.1298893868235344E-015   2.5613742310002844E-016   3.1979903639184677E-016  -1.0812825615065934E-015   1.4455547674092360E-016  -4.8606823038714543E-017  -1.0057742593003848E-009  -4.5183236789424899E-010  -1.3647714168390767E-009  -5.7733873418574612E-016   4.8293864168290935E-019  -7.5003624037628973E-019  -6.5906780426964820E-019   1.5851337197398908E-018  -4.0541882500723298E-018  -2.2330361809800981E-018   1.5224999115650435E-018  -1.0287171420026797E-019  -1.2926067826709744E-018   5.6793013041016024E-019  -1.1199479088993690E-015  -2.7464179400940001E-010  -1.2497459601432731E-010  -3.7197151908750518E-010   1.2111885728507044E-015  -3.1046285218010581E-016
  -5.4140417716967169E-010  -4.5753686882548027E-010  -1.9810059618532375E-009   3.3006811856769858E-016  -4.4585456312052454E-018  -8.3687169316507047E-018   1.9727272974762759E-018   4.4083678273308631E-018   1.4862933711987315E-017   5.0142646041702684E-020  -1.2444984646509272E-009  -1.0516160147019878E-009  -4.5531568813671684E-009   6.6139356887822237E-016  -6.3923721716605158E-019   8.7209658115259516E-018   6.1344638821046574E-018  -1.0402020990406742E-017   3.2319683371518197E-017   1.1259580674397455E-017  -8.9195711939954414E-018  -2.5001338509646536E-018   3.2459143988913631E-018  -2.7087547035571958E-018  -3.8765043624177053E-017  -7.2762471877395287E-017   1.7152044520184760E-017   3.8328960720216085E-017   1.2922693755419375E-016   4.3606741384562832E-019  -7.3604383188557555E-010  -6.2363582665733612E-010  -2.7008844946218194E-009  -2.7327808627177377E-016  -5.1294643004936665E-016   1.2091506900449212E-016   2.7020393920819621E-016   9.1099840049383078E-016   3.0741348021423570E-018   1.2881156500689616E-009   1.0471788288954286E-009   4.5155661436065758E-009   4.4135713398907215E-016  -1.4980420297003761E-019   3.2512212290011857E-018   2.4978632800134394E-018  -4.2833147516700119E-018   1.2357903240393774E-017   4.4842466769167120E-018  -3.6675068583254228E-018  -1.0781468852558577E-018   1.6692504672762188E-018  -1.0582352165234164E-018   8.2904358003410364E-016   3.5018040909396472E-010   2.8241484792524548E-010   1.2167599704488277E-009  -9.7250516311319360E-016   2.5370742045542321E-016
  -1.1473699448591630E-009  -1.1604759636236219E-009  -1.9703000633595326E-010  -2.8338539913544856E-017  -1.4553981871840010E-017  -1.3866836567485999E-017  -1.3184157886393959E-017   2.1040152077657975E-017   1.2183974369557069E-017  -6.4861729374526312E-018  -2.6371948158674011E-009  -2.6672504614951375E-009  -4.5294932371835572E-010  -4.5758505999678492E-017  -1.0420251051795991E-017   4.3393761575105723E-018   1.3867468436256172E-019  -5.7461339943592056E-018   1.1259580674397455E-017   1.9726259159337709E-017  -6.6581555430848493E-018   1.1018546443963008E-018   4.5934193164824823E-018  -9.2464389195249628E-019  -1.2654069733706189E-016  -1.2056628199444242E-016  -1.1463066797517629E-016   1.8293518851941149E-016   1.0593449061263954E-016  -5.6394498934352091E-017  -1.5631600361937489E-009  -1.5821029105922660E-009  -2.6712147020412562E-010  -8.9206145320284438E-016  -8.4994423133123758E-016  -8.0810051538053276E-016   1.2896201861135034E-015   7.4679592836285475E-016  -3.9755873329249216E-016   2.6449959201016633E-009   2.6472533539816750E-009   4.8786469813722809E-010   1.9869083462117448E-016  -3.6410881654176702E-018   1.6983457005234817E-018  -2.4177768245001089E-021  -2.6013279907128989E-018   4.7409335176990880E-018   7.4862993632712932E-018  -2.7279815889122085E-018   5.4898686216574246E-019   1.9616007840283899E-018  -4.0739847932852634E-019   4.1376597934425548E-016   7.1441147850255193E-010   7.1344214259560807E-010   1.3367306335012651E-010  -3.6815200944974182E-016   8.9743641523348133E-017
   6.4570611046556235E-010   7.5714630951899106E-011   4.2286240600585756E-010  -1.1120316779632481E-015  -2.1231536921429160E-017   1.2340641597706302E-017  -2.6176214741351026E-018   2.8066773300041426E-017  -6.5143166757021987E-018  -6.8352255269792867E-018   1.4840953480411236E-009   1.7407683399772665E-010   9.7198485472167296E-010  -2.0218394744639523E-015   2.1357215503197593E-018  -5.9949892429286348E-019  -1.1646105891352012E-018   3.7928559115662096E-018  -8.9195711939954414E-018  -6.6581555430848493E-018   4.3913882709965518E-018  -1.9215014671444026E-018  -5.2921709235639687E-018   2.3002316335592811E-018  -1.8459926069861228E-016   1.0729664689442093E-016  -2.2759109055956170E-017   2.4402869508149025E-016  -5.6639221236387082E-017  -5.9429431368770087E-017   8.8034586871431221E-010   1.0236925719788476E-010   5.7532509359463832E-010  -1.3013512077072850E-015   7.5639862950548812E-016  -1.6044263383950100E-016   1.7203050080441021E-015  -3.9928394063537454E-016  -4.1895380102666208E-016  -1.4719364188125077E-009  -1.9467805454995534E-010  -9.9477069138446175E-010   2.9428060095071916E-015   7.3505098402155398E-019  -1.1326402181538864E-019  -4.2728167617829252E-019   1.5558839408252008E-018  -3.5565433959390044E-018  -2.5420130000308752E-018   1.7224475231095975E-018  -7.2521419801510478E-019  -2.1976389546505047E-018   8.5903148027449960E-019   6.2869327762291416E-015  -3.9663189319051131E-010  -5.3719757413748406E-011  -2.6981424974850864E-010  -5.1801499018437529E-015   1.2334391519018134E-015
  -6.1607393365532969E-010   4.3833234819658946E-010   2.3990098360898962E-010   2.3991003296856674E-016  -1.3702860020326011E-017   4.6239980192032823E-018   7.8020440851931497E-018   1.2535588468940307E-017  -7.2419771473217918E-018   1.1672693647470060E-018  -1.4160964985676836E-009   1.0074388069476534E-009   5.5126665006534672E-010   4.1089379460412890E-016  -5.8712733332604220E-019  -4.5359643516612179E-018  -8.7738152527444495E-019  -3.1420864566931793E-019  -2.5001338509646536E-018   1.1018546443963008E-018  -1.9215014671444026E-018   4.5952473082362547E-018   7.1139449939262424E-018  -2.7711492729409519E-018  -1.1914056396041898E-016   4.0203716583281808E-017   6.7835465773380163E-017   1.0899164139025974E-016  -6.2965933895167116E-017   1.0148926920716899E-017  -8.3821792732147400E-010   5.9804867429312796E-010   3.2904953762520317E-010  -8.3989348344850938E-016   2.8342016709835236E-016   4.7821299337620702E-016   7.6834761543658953E-016  -4.4388472860312604E-016   7.1545875601328345E-017   1.4488029468252305E-009  -9.8807774938271054E-010  -4.9617415303892791E-010  -1.1776814126150788E-015  -2.2824083028291369E-019  -1.9495437326814426E-018  -4.3272218038916521E-019  -3.5635402689750812E-020  -8.0356567608397697E-019   3.4181488233669270E-019  -6.2682450317801223E-019   1.7621415802599201E-018   2.7905227201023157E-018  -9.9088973264812872E-019  -2.4689625266952614E-015   3.9293538398951483E-010  -2.6561404659707809E-010  -1.3080441115478912E-010   2.1537913414772911E-015  -5.2197889955448514E-016
  -1.1627342357803226E-009   6.1571273027896263E-010  -4.8932253007956218E-011   3.2494834731271174E-016  -2.6442794643453193E-018  -8.7426271470664965E-018   1.0406926692312620E-017  -1.6152933794230121E-017  -4.3899779073247639E-018   1.8797201683999552E-017  -2.6724456026694715E-009   1.4151762784325815E-009  -1.1248704360322700E-010   5.9447994452598527E-016  -1.2390009562717491E-018  -5.5551229847033077E-018  -7.5538527381446674E-020  -2.9312572582765931E-018   3.2459143988913631E-018   4.5934193164824823E-018  -5.2921709235639687E-018   7.1139449939262424E-018   1.2655345834363173E-017  -5.2461187009247234E-018  -2.2990858244777486E-017  -7.6013429211157313E-017   9.0483815586266877E-017  -1.4044289309601714E-016  -3.8169007799045810E-017   1.6343375512451010E-016  -1.5851032274386464E-009   8.3916218134018429E-010  -6.6381956421138703E-011  -1.6207637594465270E-016  -5.3586438546036176E-016   6.3787482905564738E-016  -9.9006642573150439E-016  -2.6907628063101739E-016   1.1521428116972598E-015   2.6544181546643510E-009  -1.4110446530839115E-009   1.2006849200755724E-010  -7.8106254928328008E-016  -4.5402526090409385E-019  -2.4778406621085478E-018  -1.5572133543673235E-019  -1.0520977249600728E-018   1.4990351589331425E-018   1.6611563691115000E-018  -1.9087687590070502E-018   2.6977478036107626E-018   5.0387316688354622E-018  -1.8947214678505257E-018  -1.6754702519271441E-015   7.1548800814777676E-010  -3.8065114851800101E-010   3.2840859595525009E-011   1.3631542771377514E-015  -3.2325078901688376E-016
   4.3068414787914912E-010  -3.4193293541237298E-010   1.4861978920182933E-010  -8.2250749759480697E-016  -4.9261739613270869E-017   5.0982473824237960E-018   2.0930578590755952E-017   4.9492403856125603E-018  -2.4449329325111928E-019   4.4312506575874777E-017   9.8988519046999436E-010  -7.8592189544079387E-010   3.4164355898833010E-010  -1.4979831281120931E-015  -4.1483035242899285E-019   2.1600140228376578E-018  -4.0735702601481029E-019   1.4812487573665641E-018  -2.7087547035571958E-018  -9.2464389195249628E-019   2.3002316335592811E-018  -2.7711492729409519E-018  -5.2461187009247234E-018   2.3691095951426683E-018  -4.2830998692764907E-016   4.4327096300647289E-017   1.8198251922138797E-016   4.3031532484408190E-017  -2.1257603706860638E-018   3.8527845324772088E-016   5.8722224289470285E-010  -4.6585020298366318E-010   2.0174997370643846E-010  -3.0194146672704038E-015   3.1248840886844324E-016   1.2829042302962260E-015   3.0335514225741196E-016  -1.4985765049443197E-017   2.7160595216107261E-015  -9.8090121174282427E-010   7.8809640085968497E-010  -3.6130871955834640E-010   2.1220922567858077E-015  -1.4220629082050879E-019   9.8726778928930568E-019  -1.1900115460403497E-019   5.1931096686643357E-019  -1.1038777650226708E-018  -3.2848853428989422E-019   8.3365323671930801E-019  -1.0282357552674784E-018  -2.1057370657041893E-018   8.5510518833574916E-019   4.5383043496026204E-015  -2.6426619626030868E-010   2.1285575285365590E-010  -9.8645508729857147E-011  -3.7273545399725674E-015   8.8659727955802840E-016
  -2.0316770471142184E-016  -7.2401684456560140E-017  -3.9691192323832970E-016   3.4633767409442246E-010   3.8523227712733217E-003   6.4199148344280243E-011   3.8867325732878603E-012  -1.9261613662252585E-003  -1.9568489054306122E-012  -1.9261614050541918E-003   9.9864710174635749E-016   8.4891336506202183E-016   1.5862170220067948E-015   6.6563440435432182E-010  -4.9817535372133276E-017  -8.7159209150305429E-018  -1.2536173643749494E-017   1.6027706173155851E-016  -3.8765043624177053E-017  -1.2654069733706189E-016  -1.8459926069861228E-016  -1.1914056396041898E-016  -2.2990858244777486E-017  -4.2830998692764907E-016   3.3494315134829179E-002   2.3573962369972149E-010  -1.5848261551294119E-011  -1.6747157512179093E-002   2.2706506804977496E-011  -1.6747157622667659E-002  -4.7441711097795033E-016  -9.3823665935537790E-017  -6.8248318781855541E-017  0.23612156983511126        7.4018261274026498E-010  -1.5708252306099674E-011 -0.11806078466458449        4.5178527757479765E-011 -0.11806078517060099       -2.1679743755140553E-015  -8.6356354960258295E-016  -1.1105177353415404E-015  -3.2568924864519076E-010   1.5648281067211311E-017  -1.6232441461380753E-016  -1.0453634348974888E-016  -8.1620874724387319E-017   3.8134810480135258E-018   3.6297222232809015E-017  -1.0291364057910552E-016  -5.6070998284830514E-017  -9.3170119169901092E-017  -1.1510631178452533E-016  -5.3691794977651194E-010  -6.9538060484606657E-016  -2.5492104783047357E-016  -3.1744998511006628E-016   3.3738568190714845E-010  -7.0284353879265760E-011
  -1.9459269328266091E-015   1.0758239490454803E-016   1.7078834072041996E-017   2.0915229838437663E-009   6.1145129354094813E-011   3.8523226969348133E-003   9.5071417795937508E-012   1.9063901615225823E-011   5.8139647775792097E-012  -8.0207333580063628E-011   3.2805159012062964E-015   2.2610727151701521E-016   4.1489838348392880E-016   3.4450487574354473E-009  -1.4190219503174591E-018  -1.4816052989473751E-016  -9.2484237104475215E-017   3.6333602613931922E-017  -7.2762471877395287E-017  -1.2056628199444242E-016   1.0729664689442093E-016   4.0203716583281808E-017  -7.6013429211157313E-017   4.4327096300647289E-017   2.3573962369972149E-010   3.3494314875489047E-002  -7.5944458612188384E-011   1.1504082800945250E-010  -4.2934304779945579E-011  -3.5078001612832979E-010  -2.1104255337898423E-015  -1.2540096673617327E-016  -1.9491865871757436E-016   7.2590686835867105E-010  0.23612156903052181       -2.1136880971832291E-010   3.6092788274099880E-010  -2.2712403962144531E-010  -1.0868351527274927E-009   2.6184378235074775E-015  -3.7414238962618059E-015   1.0078337740167581E-016  -1.8621616783231967E-009   6.4716864150458341E-017  -2.7606532007410980E-017   2.8000479232937366E-017  -4.0026579610562451E-017   8.7949645107331515E-018  -7.4745814358529024E-017   2.9716846751416471E-017  -8.6107834496902642E-017  -1.9810049369855954E-017  -7.4128010643208016E-017  -2.7915621656289173E-009   8.2662117821747204E-016  -1.2031472086099493E-015   4.7435232513420202E-017   1.8086628340952118E-009  -3.8085650717444101E-010
