 6.8801471816543880E-001  6.3335999380835904E-016  2.2529040674661790E-016 -1.5030350760556670E-016  2.4270912277836296E-001 -3.4759460612823442E-008 -3.8583185373015884E-010 -2.4551318753318539E-009 -3.0927886188271503E-008 -3.1597151719993143E-009  6.5687299190037967E-008 -3.4854052897961847E-016 -1.8577092300435782E-016  2.2579817224741988E-016 -6.3052279270880747E-008 -1.2664310565038870E-008  2.4926257797086217E-008 -4.9241936330212265E-008  7.0493114718769380E-008  1.1229408566922581E-007 -3.2355423197553039E-016  2.7821819057276345E-016  4.6713855780334344E-016 -1.6061795848630911E-001 -2.7626701293331629E-001  1.1863376105983155E-001
 6.3335999380835904E-016  4.2906806202882113E-006 -6.0813721074330130E-013  2.1487158278181637E-012  2.1651189491024486E-016 -1.9112046138863269E-016  6.5934018039619844E-017  1.2793169139319799E-017  2.0460496628801746E-016  7.0149158193903975E-017 -1.4104844404310318E-017 -8.6765860482429966E-005  8.8013681798671407E-012 -2.8724435981845073E-011 -7.9745422029781392E-016  2.4827085926306866E-016  3.6334181382203186E-017  8.5061999810953705E-016  1.7557311941268733E-016 -4.9096033715129505E-017 -2.8856461280808259E-003  2.0317280019846451E-010 -7.1896956140363177E-010 -3.0320800483273739E-016 -5.8697828838586322E-016  2.9955137243610952E-016
 2.2529040674661790E-016 -6.0813721074330130E-013  4.2906807213814809E-006  5.2504095121596085E-012  1.0973783059474512E-016  5.5896949780824255E-017  1.7989402630015439E-016  2.1191131005398850E-017 -9.7144978103277682E-017 -1.2654024115897860E-016  3.5392139282374471E-017  8.7990905760346096E-012 -8.6765861900255092E-005 -7.0310766147533947E-011  1.9530417285692714E-016  4.4889385062107569E-016  5.4838938777521688E-017 -3.4807831737732571E-016 -3.2155800992484114E-016  1.5074813417105490E-016  2.0314537335294758E-010 -2.8856461618758785E-003 -1.7569202815682916E-009  6.4910511057599458E-016  1.4710645613497892E-015 -8.4753351294419155E-016
-1.5030350760556670E-016  2.1487158278181637E-012  5.2504095121596085E-012  4.2906706244656102E-006 -5.2800555624312749E-017 -4.8733087166790377E-018 -1.4269326212290835E-016  1.2385099693411334E-016  5.1550246441071935E-017 -2.2589488700616513E-017 -4.6096957560569910E-017 -2.8737010324860466E-011 -7.0315314382423787E-011 -8.6765721605345505E-005  1.8563128874778016E-017 -3.7136061301648303E-016  3.2290903581635037E-016  1.6858309762973666E-016 -6.0860701951534288E-017 -1.9491084283246870E-016 -7.1913018736494833E-010 -1.7569771405996637E-009 -2.8856427857872008E-003  1.6606727477763155E-017 -2.0542352226807218E-018  7.0182961577705027E-018
 2.4270912277836296E-001  2.1651189491024486E-016  1.0973783059474512E-016 -5.2800555624312749E-017  8.6005892174981946E-002  5.0756067981411481E-008  5.7981245152693422E-009 -1.1682781539599794E-008  4.1922223730647243E-008 -3.4779729311376869E-008 -9.2678309441330172E-008 -8.2189406484778681E-017 -1.8564505819990172E-016  4.1680783095398840E-017  2.3775187541557818E-007  9.9353960439365219E-009 -1.9170955718289328E-008  2.0558012477127865E-007 -7.0055177300913319E-008 -4.4333204620341025E-007  9.8538721149793694E-016 -3.7255884736398146E-015 -6.0352029053877744E-016 -4.5609029866249540E-002 -7.2947481898131036E-002  2.7935048429800248E-002
-3.4759460612823442E-008 -1.9112046138863269E-016  5.5896949780824255E-017 -4.8733087166790377E-018  5.0756067981411481E-008  9.1620530907314660E-002  1.3563440588496584E-003 -4.9780931284379069E-005 -4.5925949555694096E-002  7.6754506990823947E-006 -4.5694581351581394E-002  1.7856249160201789E-016  3.9347654761789705E-016 -1.0779132018388724E-016  3.7664742262982526E-001 -1.9793877982186958E-002  7.2652948092809819E-004 -1.8663546630265893E-001 -1.1203104848419524E-004 -1.9001195632707299E-001  1.7499931445179476E-016  1.5488837496751017E-015  1.8771314777256707E-016 -3.7822539213200313E-009 -1.4815018170906158E-008  4.8058517564475239E-009
-3.8583185373015884E-010  6.5934018039619844E-017  1.7989402630015439E-016 -1.4269326212290835E-016  5.7981245152693422E-009  1.3563440588496584E-003  9.9334840394156826E-002  8.8735261015097770E-006 -1.3562249271005505E-003  3.2356659056006966E-005 -1.1913175052940790E-007  9.4605428763825793E-017 -2.1901008052975700E-016  5.5306298968573604E-017 -1.9793880480722149E-002  2.6406832360586818E-001 -1.2920423744466246E-004  1.9792113775498936E-002 -4.7214195363172538E-004  1.7667052175283048E-006  8.2173765716456377E-016 -1.2049714250883996E-015 -5.3931811953237144E-016 -1.6774783786827642E-009 -4.7283610993213896E-009  2.0943192053036186E-009
-2.4551318753318539E-009  1.2793169139319799E-017  2.1191131005398850E-017  1.2385099693411334E-016 -1.1682781539599794E-008 -4.9780931284379069E-005  8.8735261015097770E-006  9.9643330141421557E-002  2.8018317274397064E-005 -1.4031631151678130E-007  2.1762614010571837E-005  2.4709510748713855E-017  4.7892812711547318E-019 -1.0796028268039015E-017  7.2652928437444420E-004 -1.2920423933359494E-004  2.5956631859119234E-001 -4.0894026461960812E-004  2.0111092401256986E-006 -3.1758901975392252E-004  7.0301179686185652E-016 -9.6555857819405742E-017  2.9368550335954868E-016  3.8017586734687550E-009  1.2020374581817645E-008 -5.3241593365008150E-009
-3.0927886188271503E-008  2.0460496628801746E-016 -9.7144978103277682E-017  5.1550246441071935E-017  4.1922223730647243E-008 -4.5925949555694096E-002 -1.3562249271005505E-003  2.8018317274397064E-005  9.1630984605699475E-002  2.9152872886978147E-004 -4.5705035050014026E-002 -2.1233456685754372E-016 -1.4322894400080761E-016 -3.6171841631687156E-017 -1.8663546564465666E-001  1.9792116302725128E-002 -4.0893994032121226E-004  3.7649487673774951E-001 -4.2544330554304052E-003 -1.8985941109312135E-001 -3.8547981973460144E-016  5.2434566162539477E-016 -8.7998296226953923E-016 -2.4228485985372495E-009 -1.0383390480050026E-008  3.0424070825315046E-009
-3.1597151719993143E-009  7.0149158193903975E-017 -1.2654024115897860E-016 -2.2589488700616513E-017 -3.4779729311376869E-008  7.6754506990823947E-006  3.2356659056006966E-005 -1.4031631151678130E-007  2.9152872886978147E-004  9.9629393467920213E-002 -2.9920417956858696E-004 -4.1959713530780070E-017  8.2420855753590698E-017  6.9704705711973253E-017 -1.1203638434046249E-004 -4.7214123435364709E-004  2.0110556329879675E-006 -4.2544304039146743E-003  2.5976973080590415E-001  4.3664667882548532E-003  1.6447621308715075E-016  1.1471658498881583E-015  2.5990981592033927E-016  1.0203425845556736E-008  3.2360309294107219E-008 -1.4185290148170531E-008
 6.5687299190037967E-008 -1.4104844404310318E-017  3.5392139282374471E-017 -4.6096957560569910E-017 -9.2678309441330172E-008 -4.5694581351581394E-002 -1.1913175052940790E-007  2.1762614010571837E-005 -4.5705035050014026E-002 -2.9920417956858696E-004  9.1399616401564882E-002  4.6316546567395411E-017 -1.3183019721717071E-016  1.3223478157458674E-016 -1.9001195698500667E-001  1.7616794499169825E-006 -3.1758954060498836E-004 -1.8985941043512558E-001  4.3664641039144643E-003  3.7987136742006744E-001  6.2768282703743036E-016  1.8650792130476336E-015  3.0220808245057908E-016  6.2050869041544563E-009  2.5198368485898700E-008 -7.8482333925048538E-009
-3.4854052897961847E-016 -8.6765860482429966E-005  8.7990905760346096E-012 -2.8737010324860466E-011 -8.2189406484778681E-017  1.7856249160201789E-016  9.4605428763825793E-017  2.4709510748713855E-017 -2.1233456685754372E-016 -4.1959713530780070E-017  4.6316546567395411E-017  1.7545735074429849E-003 -1.0723170170822555E-010  2.8331423811795917E-010  6.5456798308299688E-016  6.8350077004765550E-017 -3.4984733611751296E-017 -8.1805972056441437E-016 -1.1851850364709881E-016  8.1193615826625806E-017  5.8353345659626008E-002 -1.7555857202006253E-009  4.6430959632637325E-009  3.8555150942299035E-016  5.7442847409403075E-016 -3.3680394706755932E-016
-1.8577092300435782E-016  8.8013681798671407E-012 -8.6765861900255092E-005 -7.0315314382423787E-011 -1.8564505819990172E-016  3.9347654761789705E-016 -2.1901008052975700E-016  4.7892812711547318E-019 -1.4322894400080761E-016  8.2420855753590698E-017 -1.3183019721717071E-016 -1.0723170170822555E-010  1.7545735234458385E-003  6.9669859361883371E-010  1.4166287378410460E-015 -5.7676097470146363E-016  1.8160555998989745E-017 -6.1048928640669096E-016  1.2166614938127294E-016 -7.6516967229211388E-016 -1.7565628916693665E-009  5.8353345921710514E-002  1.1412345811423474E-008 -6.5170994124004330E-017 -2.7334921142917895E-016  1.6290088779311713E-016
 2.2579817224741988E-016 -2.8724435981845073E-011 -7.0310766147533947E-011 -8.6765721605345505E-005  4.1680783095398840E-017 -1.0779132018388724E-016  5.5306298968573604E-017 -1.0796028268039015E-017 -3.6171841631687156E-017  6.9704705711973253E-017  1.3223478157458674E-016  2.8331423811795917E-010  6.9669859361883371E-010  1.7545719782756449E-003 -4.5186586651924635E-016  1.7721372177726669E-016 -3.1766259564099633E-017  2.3490083805012255E-017  1.7199270563899813E-016  5.8539145343990525E-016  4.6378880215469653E-009  1.1410438753578500E-008  5.8353320615316090E-002 -6.3781893854129311E-016 -9.5518820579231570E-016  5.8019008306166744E-016
-6.3052279270880747E-008 -7.9745422029781392E-016  1.9530417285692714E-016  1.8563128874778016E-017  2.3775187541557818E-007  3.7664742262982526E-001 -1.9793880480722149E-002  7.2652928437444420E-004 -1.8663546564465666E-001 -1.1203638434046249E-004 -1.9001195698500667E-001  6.5456798308299688E-016  1.4166287378410460E-015 -4.5186586651924635E-016  1.5549261108682484E+000 -1.4856416541713280E-001  5.4529828398860569E-003 -7.6479183064771528E-001 -8.4085420246648133E-004 -7.9013428022014720E-001 -1.2462450613016278E-015 -1.9236513929856801E-015  1.1757639401984885E-015 -3.9687650324253217E-008 -1.0497839989704087E-007  4.0273565092087719E-008
-1.2664310565038870E-008  2.4827085926306866E-016  4.4889385062107569E-016 -3.7136061301648303E-016  9.9353960439365219E-009 -1.9793877982186958E-002  2.6406832360586818E-001 -1.2920423933359494E-004  1.9792116302725128E-002 -4.7214123435364709E-004  1.7616794499169825E-006  6.8350077004765550E-017 -5.7676097470146363E-016  1.7721372177726669E-016 -1.4856416541713280E-001  7.0995675701747230E-001 -9.6991879207430865E-004  1.4855094720299297E-001 -3.5437223430807435E-003  1.3218214103972135E-005 -1.8099120922284507E-015 -1.2082015357038757E-016 -1.0163610369838523E-015  1.7994326440035774E-009  5.1497587312245236E-011 -8.1655058614950814E-010
 2.4926257797086217E-008  3.6334181382203186E-017  5.4838938777521688E-017  3.2290903581635037E-016 -1.9170955718289328E-008  7.2652948092809819E-004 -1.2920423744466246E-004  2.5956631859119234E-001 -4.0893994032121226E-004  2.0110556329879675E-006 -3.1758954060498836E-004 -3.4984733611751296E-017  1.8160555998989745E-017 -3.1766259564099633E-017  5.4529828398860569E-003 -9.6991879207430865E-004  6.7616670848681526E-001 -3.0692935459701622E-003  1.5115463587508368E-005 -2.3836892939126473E-003 -1.5259792057270418E-015  1.9307869663347294E-016  6.8139936135917106E-016 -6.1074395191292556E-009 -5.7494221956067243E-010  2.4495320124571764E-009
-4.9241936330212265E-008  8.5061999810953705E-016 -3.4807831737732571E-016  1.6858309762973666E-016  2.0558012477127865E-007 -1.8663546630265893E-001  1.9792113775498936E-002 -4.0894026461960812E-004  3.7649487673774951E-001 -4.2544304039146743E-003 -1.8985941043512558E-001 -8.1805972056441437E-016 -6.1048928640669096E-016  2.3490083805012255E-017 -7.6479183064771528E-001  1.4855094720299297E-001 -3.0692935459701622E-003  1.5537811587308323E+000 -3.1931906312450679E-002 -7.8898932808323352E-001 -4.9404375125132129E-016  2.8372948604908868E-015  1.7211412941732704E-015 -3.6378814211618263E-008 -9.3132881713744011E-008  3.6212375283352285E-008
 7.0493114718769380E-008  1.7557311941268733E-016 -3.2155800992484114E-016 -6.0860701951534288E-017 -7.0055177300913319E-008 -1.1203104848419524E-004 -4.7214195363172538E-004  2.0111092401256986E-006 -4.2544330554304052E-003  2.5976973080590415E-001  4.3664641039144643E-003 -1.1851850364709881E-016  1.2166614938127294E-016  1.7199270563899813E-016 -8.4085420246648133E-004 -3.5437223430807435E-003  1.5115463587508368E-005 -3.1931906312450679E-002  6.7769341589792931E-001  3.2772760514914970E-002 -1.3267636081190322E-016 -9.4776861847804101E-017  1.9817974136875142E-016 -1.2350010176379588E-008  7.3370326638175950E-009  2.9339047926176060E-009
 1.1229408566922581E-007 -4.9096033715129505E-017  1.5074813417105490E-016 -1.9491084283246870E-016 -4.4333204620341025E-007 -1.9001195632707299E-001  1.7667052175283048E-006 -3.1758901975392252E-004 -1.8985941109312135E-001  4.3664667882548532E-003  3.7987136742006744E-001  8.1193615826625806E-017 -7.6516967229211388E-016  5.8539145343990525E-016 -7.9013428022014720E-001  1.3218214103972135E-005 -2.3836892939126473E-003 -7.8898932808323352E-001  3.2772760514914970E-002  1.5791236083031110E+000 -9.9677030569047572E-016  4.4892223127465969E-016  2.3251009303978566E-015  7.6066489689186546E-008  1.9811132229690077E-007 -7.6485956258116999E-008
-3.2355423197553039E-016 -2.8856461280808259E-003  2.0314537335294758E-010 -7.1913018736494833E-010  9.8538721149793694E-016  1.7499931445179476E-016  8.2173765716456377E-016  7.0301179686185652E-016 -3.8547981973460144E-016  1.6447621308715075E-016  6.2768282703743036E-016  5.8353345659626008E-002 -1.7565628916693665E-009  4.6378880215469653E-009 -1.2462450613016278E-015 -1.8099120922284507E-015 -1.5259792057270418E-015 -4.9404375125132129E-016 -1.3267636081190322E-016 -9.9677030569047572E-016  1.9407069212131420E+000  1.8008591284868203E-009 -4.7040382700203054E-009  2.8572429858642201E-015 -1.6874834065467108E-015 -2.3281295968072767E-017
 2.7821819057276345E-016  2.0317280019846451E-010 -2.8856461618758785E-003 -1.7569771405996637E-009 -3.7255884736398146E-015  1.5488837496751017E-015 -1.2049714250883996E-015 -9.6555857819405742E-017  5.2434566162539477E-016  1.1471658498881583E-015  1.8650792130476336E-015 -1.7555857202006253E-009  5.8353345921710514E-002  1.1410438753578500E-008 -1.9236513929856801E-015 -1.2082015357038757E-016  1.9307869663347294E-016  2.8372948604908868E-015 -9.4776861847804101E-017  4.4892223127465969E-016  1.8008591284868203E-009  1.9407069209454322E+000 -1.1571048674774431E-008  1.2181897384120579E-015 -8.3207629227597285E-016  3.7042566811881910E-016
 4.6713855780334344E-016 -7.1896956140363177E-010 -1.7569202815682916E-009 -2.8856427857872008E-003 -6.0352029053877744E-016  1.8771314777256707E-016 -5.3931811953237144E-016  2.9368550335954868E-016 -8.7998296226953923E-016  2.5990981592033927E-016  3.0220808245057908E-016  4.6430959632637325E-009  1.1412345811423474E-008  5.8353320615316090E-002  1.1757639401984885E-015 -1.0163610369838523E-015  6.8139936135917106E-016  1.7211412941732704E-015  1.9817974136875142E-016  2.3251009303978566E-015 -4.7040382700203054E-009 -1.1571048674774431E-008  1.9407069467623110E+000 -5.4088671143372626E-015  2.4633304461805560E-015  2.5348268919474478E-016
-1.6061795848630911E-001 -3.0320800483273739E-016  6.4910511057599458E-016  1.6606727477763155E-017 -4.5609029866249540E-002 -3.7822539213200313E-009 -1.6774783786827642E-009  3.8017586734687550E-009 -2.4228485985372495E-009  1.0203425845556736E-008  6.2050869041544563E-009  3.8555150942299035E-016 -6.5170994124004330E-017 -6.3781893854129311E-016 -3.9687650324253217E-008  1.7994326440035774E-009 -6.1074395191292556E-009 -3.6378814211618263E-008 -1.2350010176379588E-008  7.6066489689186546E-008  2.8572429858642201E-015  1.2181897384120579E-015 -5.4088671143372626E-015  3.5389083821475403E-001  7.6619283106457559E-001 -4.2606224918477403E-001
-2.7626701293331629E-001 -5.8697828838586322E-016  1.4710645613497892E-015 -2.0542352226807218E-018 -7.2947481898131036E-002 -1.4815018170906158E-008 -4.7283610993213896E-009  1.2020374581817645E-008 -1.0383390480050026E-008  3.2360309294107219E-008  2.5198368485898700E-008  5.7442847409403075E-016 -2.7334921142917895E-016 -9.5518820579231570E-016 -1.0497839989704087E-007  5.1497587312245236E-011 -5.7494221956067243E-010 -9.3132881713744011E-008  7.3370326638175950E-009  1.9811132229690077E-007 -1.6874834065467108E-015 -8.3207629227597285E-016  2.4633304461805560E-015  7.6619283106457559E-001  1.6671552574001629E+000 -9.3113302041112789E-001
 1.1863376105983155E-001  2.9955137243610952E-016 -8.4753351294419155E-016  7.0182961577705027E-018  2.7935048429800248E-002  4.8058517564475239E-009  2.0943192053036186E-009 -5.3241593365008150E-009  3.0424070825315046E-009 -1.4185290148170531E-008 -7.8482333925048538E-009 -3.3680394706755932E-016  1.6290088779311713E-016  5.8019008306166744E-016  4.0273565092087719E-008 -8.1655058614950814E-010  2.4495320124571764E-009  3.6212375283352285E-008  2.9339047926176060E-009 -7.6485956258116999E-008 -2.3281295968072767E-017  3.7042566811881910E-016  2.5348268919474478E-016 -4.2606224918477403E-001 -9.3113302041112789E-001  5.2203342923194462E-001
