  0.21415339500319847        1.4080563549048030E-008  -3.4733719714500771E-008   1.8392106646782953E-007  0.55806306186140509       -2.0679713264296256E-009  -1.4840116109754774E-009  -1.7466095980538720E-009  -1.7217694206405325E-010   3.0410934597258897E-009   2.2401019771073972E-009  -2.5858164982714839E-009  -8.4785075882087765E-009   1.0331301544638935E-007  -3.1717903988609919E-010   1.3833357292120080E-010  -3.9489836907497481E-010  -5.3927052927058565E-010   8.3997352848690122E-010   8.5641433371411622E-010  -6.3759902521999659E-010   1.0189917056662379E-008  -7.8020869864793622E-008 -0.39955130932022836       -7.1225082336016484E-010   1.4926907251103143E-010  -7.9751196990222307E-010  -4.0707692136621465E-010   1.7328752650372535E-009   1.1193528165035291E-009   8.7817559169434886E-002   2.3574618546113872E-010  -3.4831127648805909E-009   2.5789161529561391E-008  -3.2969547274109758E-002
   1.4080563549048030E-008  0.56303537556868710       -9.6592759347923755E-009  -2.8065025745663611E-009   1.9582672253492721E-009  -7.2997404269358967E-009  -4.3508266194720474E-008   8.0983362842908679E-009   3.2890749204119829E-008   5.5185236869857516E-009  -2.5591009963527821E-008  0.42770133462321358       -1.2114938178856755E-009  -9.3430599760184626E-010   3.2948875956783233E-010  -1.4570604083609667E-009   1.6456549064678628E-009   9.6807150894740549E-010   8.2063755558249463E-011  -1.2975642203175600E-009 -0.27761754693346885        2.0426562809635745E-009   7.9176890965904117E-010  -5.6028062841390467E-009   1.9072036472954707E-009   7.7348410568152660E-009  -5.6139468895724862E-009  -4.9426977491751409E-009  -1.0654320750270059E-009   3.0354966871789862E-009   1.2573787692962696E-009   9.3586454615956605E-002  -6.9052052742865995E-010  -2.5909708108953122E-010  -4.3283235495605845E-010
  -3.4733719714500771E-008  -9.6592759347923755E-009  0.56303539931315139        4.4000228777060957E-009  -1.0109470138625768E-008  -2.5091794446598073E-008   4.2280810168572830E-008   6.6320614894884427E-009   3.9116544716343829E-008   1.4835998710541614E-008  -1.4024746177931802E-008   5.1918664134439339E-009  0.42770132973048225        3.3086690712587945E-009  -8.9010855420779508E-010   2.0472053963807004E-009   8.9618897448932257E-011   1.1966677562245003E-009   2.2326110789366201E-009  -3.0654514214733109E-010  -9.0178193016516416E-010 -0.27761754836965552       -2.0473041852395702E-009   1.7370419710250345E-008   2.6686455049414497E-009  -5.3955450900262529E-009  -1.3096424998976372E-009  -4.2788611937025154E-009  -5.7228289600791332E-009   1.6102167455407808E-009  -3.9753492783096854E-009   2.4445228504557389E-010   9.3586455178154532E-002   6.5989769313831395E-010   1.3634670085943376E-009
   1.8392106646782953E-007  -2.8065025745663611E-009   4.4000228777060957E-009  0.56303537293947536       -1.5515383801908051E-007  -2.0638666874817381E-008   2.0746672178925169E-009  -4.2268587480648360E-008  -9.2072841912611468E-010  -1.9294530334628304E-008   2.1559396046816208E-008   2.0890439566285271E-009  -5.1180692487484009E-009  0.42770133516704328       -1.4377884883712534E-009   7.2488143777222465E-011  -7.7480385078065061E-010  -8.7174058518161076E-010  -6.5462090408028492E-010   2.3095311068750599E-009  -5.8974427711235737E-010   1.8017917736758207E-009 -0.27761754662213650        3.0029751922464085E-008   5.6785395219519370E-009  -3.3108564849212243E-010   7.3988101184446764E-009   2.6018588042552094E-009   4.1146842655967620E-009  -8.2803983867885938E-009  -3.8907999729333830E-009   1.7898765021995691E-010  -5.6055291638929291E-010   9.3586454491761242E-002   1.8219414239019157E-009
  0.55806306186140509        1.9582672253492721E-009  -1.0109470138625768E-008  -1.5515383801908051E-007   1.4556210822273377       -5.2990442443245021E-009  -3.8592722459829809E-009  -4.4580541194042344E-009  -4.0016413725461203E-010   7.7339008102513616E-009   5.6990870867756385E-009  -3.3150808652575307E-008   3.8918980105642213E-008  -2.1251861842070349E-007   5.5446274339193224E-010   4.8693423899737444E-010   4.0557157156711351E-010  -6.2748087107876763E-010  -7.3470596829875901E-010   7.2924767451630569E-011   1.4640921282471153E-008  -1.7749846973474274E-008   1.2401350734135870E-007 -0.98752937448177036        2.4919861179769432E-009   7.8306553655063736E-010   2.4400951779916558E-009   1.3821039198895221E-009  -4.6952663324453635E-009  -3.8740339966605484E-009  0.18874776076671793       -4.6214034295350165E-009   5.7425314553673352E-009  -4.0300652411557069E-008  -6.5908485284412455E-002
  -2.0679713264296256E-009  -7.2997404269358967E-009  -2.5091794446598073E-008  -2.0638666874817381E-008  -5.2990442443245021E-009   6.4246540228154081E-004  -2.4742240120971297E-012  -2.9034488846722016E-013  -3.2123267514781110E-004  -3.1891277563519099E-013  -3.2123272713586347E-004  -5.5645576952270191E-009  -1.8903024920315867E-008  -1.5642451839688805E-008   9.6258888916986515E-003  -5.0851627837072161E-011  -8.9942122082810953E-012  -4.8129442421763671E-003   9.3400546097274156E-012  -4.8129446495248441E-003   3.5024927277679829E-009   1.1697723842608743E-008   1.1281706184314959E-008   3.7276856872201318E-009   3.0417362145260328E-002  -1.5251364017119848E-010  -2.9728482366840888E-011  -1.5208680487146692E-002   1.1534248330653777E-011  -1.5208681658112289E-002  -7.7192552286953032E-010  -1.1263252582647247E-009  -3.7217453630333006E-009  -3.7869464369572921E-009   2.7751685264846551E-010
  -1.4840116109754774E-009  -4.3508266194720474E-008   4.2280810168572830E-008   2.0746672178925169E-009  -3.8592722459829809E-009  -2.4742240120971297E-012   6.4246539990385433E-004   7.7319032676641991E-013   5.6498902050586812E-012  -1.0458421607239422E-012  -3.1756879297370345E-012  -3.2888563990170875E-008   3.1859165455240535E-008   1.5686548019026075E-009   8.7826228242856282E-012   9.6258888886294938E-003   1.3799566154783944E-011   1.4482359453615590E-011   8.5717539669852725E-013  -2.3264991527495870E-011   2.1639758819800897E-008  -2.0422143211530857E-008  -9.7369583627257169E-010   2.7539226841380764E-009   3.9428438444321193E-011   3.0417362079248934E-002   5.8107646120138347E-011   1.7621654534430603E-011  -7.4159479817874787E-012  -5.7050019905155618E-011  -5.8227883639267691E-010  -7.0464415942693002E-009   6.5816507223644575E-009   3.1079018657370508E-010   2.0736184592265870E-010
  -1.7466095980538720E-009   8.0983362842908679E-009   6.6320614894884427E-009  -4.2268587480648360E-008  -4.4580541194042344E-009  -2.9034488846722016E-013   7.7319032676641991E-013   6.4246543094410651E-004   3.5561167455669244E-012  -6.1258710324283858E-012  -3.2657704213301667E-012   6.2183529856437352E-009   5.0216175636581647E-009  -3.1973310443929317E-008   5.7095583787667584E-012  -1.0438626071131794E-011   9.6258891202203323E-003   2.8927451970069452E-011  -5.4056016502675551E-011  -3.4637010640957682E-011  -6.1526936942435828E-009  -3.2199447853750338E-009   2.0406019006413069E-008   3.1216368034463341E-009   1.5273117618868567E-011  -1.6160389659110347E-011   3.0417362810864164E-002   8.6097156943008974E-011  -1.4006031887002810E-010  -1.0137012966664679E-010  -6.4003333094673867E-010   2.2414963556974284E-009   1.0389849447687659E-009  -6.5742873427812606E-009   2.3089076616394868E-010
  -1.7217694206405325E-010   3.2890749204119829E-008   3.9116544716343829E-008  -9.2072841912611468E-010  -4.0016413725461203E-010  -3.2123267514781110E-004   5.6498902050586812E-012   3.5561167455669244E-012   6.4246538736498508E-004  -4.9080287370649560E-012  -3.2123271221642827E-004   2.4840949943812011E-008   2.9476037344455183E-008  -7.5505948906368343E-010  -4.8129442320277707E-003   8.3147828891278481E-011   2.6996338511140120E-011   9.6258887688348439E-003  -3.6959942966727694E-011  -4.8129445368059656E-003  -1.5790872127819010E-008  -1.8134657318630193E-008   1.6755348431612628E-009   1.5422281167213172E-010  -1.5208680452781422E-002   2.3971594614991185E-010   7.9539520514775742E-011   3.0417361801415757E-002  -8.4915004863674943E-011  -1.5208681348627750E-002   3.7655091333336921E-012   5.0795102600773363E-009   5.7560809610544770E-009  -6.8295100260666274E-010   4.4317931336473863E-012
   3.0410934597258897E-009   5.5185236869857516E-009   1.4835998710541614E-008  -1.9294530334628304E-008   7.7339008102513616E-009  -3.1891277563519099E-013  -1.0458421607239422E-012  -6.1258710324283858E-012  -4.9080287370649560E-012   6.4246544225602742E-004   5.2269242013994936E-012   4.1778467263648693E-009   1.1262964104005298E-008  -1.4610726241919918E-008  -4.1112908227832008E-012  -1.0129837412218743E-011  -5.2129307578577043E-011  -5.5279909473782612E-011   9.6258892253820536E-003   5.9391198397436084E-011  -2.6668493471982106E-009  -9.3377228617565848E-009   9.9258224441549444E-009  -5.4152105344972888E-009  -3.3266106387036257E-011  -4.6163753845154162E-011  -1.3885600706053696E-010  -1.3374550027697669E-010   3.0417363063580834E-002   1.6701167083896354E-010   1.1082429919108616E-009   8.5934932850030175E-010   3.2619066981815614E-009  -3.2695600268920003E-009  -3.9998526032416770E-010
   2.2401019771073972E-009  -2.5591009963527821E-008  -1.4024746177931802E-008   2.1559396046816208E-008   5.6990870867756385E-009  -3.2123272713586347E-004  -3.1756879297370345E-012  -3.2657704213301667E-012  -3.2123271221642827E-004   5.2269242013994936E-012   6.4246543935367968E-004  -1.9276393187038295E-008  -1.0573009325929595E-008   1.6397511909405090E-008  -4.8129446597028492E-003  -3.2296526741347633E-011  -1.8002104796011868E-011  -4.8129445266473043E-003   2.7619628994965527E-011   9.6258891863516063E-003   1.2288377983407025E-008   6.4369306842238462E-009  -1.2957239937010933E-008  -3.8818438848645812E-009  -1.5208681692579927E-002  -8.7203335135079498E-011  -4.9810970187770656E-011  -1.5208681314233759E-002   7.3379936961354295E-011   3.0417363006805753E-002   7.6817042012977146E-010  -3.9531828790683661E-009  -2.0343346816442867E-009   4.4698986822242952E-009  -2.8195768590587713E-010
  -2.5858164982714839E-009  0.42770133462321358        5.1918664134439339E-009   2.0890439566285271E-009  -3.3150808652575307E-008  -5.5645576952270191E-009  -3.2888563990170875E-008   6.2183529856437352E-009   2.4840949943812011E-008   4.1778467263648693E-009  -1.9276393187038295E-008  0.32540774573508785        8.5926370639284068E-009   2.4988227128025881E-009  -1.6157250450834657E-011   1.3122195852025550E-009   2.7035284811852559E-009  -1.5410394829614262E-009  -1.6655195461316168E-010   1.5571937097957237E-009 -0.17950014852111221       -4.8419461820863242E-009  -1.4027581385993088E-009   1.9985404060169945E-008   6.1341613763001930E-010   1.3437586277765464E-008   2.5726287764868328E-010  -1.0858555791871821E-008  -1.5228423611827354E-009   1.0245141620412340E-008  -4.0391136597784573E-009   4.5901481167499730E-002   1.5706922957098339E-009   4.5161317998302750E-010   1.4698694248665309E-009
  -8.4785075882087765E-009  -1.2114938178856755E-009  0.42770132973048225       -5.1180692487484009E-009   3.8918980105642213E-008  -1.8903024920315867E-008   3.1859165455240535E-008   5.0216175636581647E-009   2.9476037344455183E-008   1.1262964104005298E-008  -1.0573009325929595E-008   8.5926370639284068E-009  0.32540772461375106       -3.9189526888876333E-009   1.8521606426635426E-009  -2.4513423357919606E-009  -1.9246980020410702E-010  -2.9429841918076245E-009   2.0112742420718096E-009   1.0908342393924428E-009  -3.8931719591394920E-009 -0.17950013774508644        2.4121324640984014E-009  -2.0410866911498676E-008   9.9153107835351217E-009  -1.6612732135354011E-008  -1.8070985244938896E-009  -1.5266580829478830E-008  -3.3821409260104077E-009   5.3512708388953349E-009   4.2181730650001196E-009   1.2467718826493339E-009   4.5901477688402741E-002  -7.7902235656642925E-010  -1.5279915538140691E-009
   1.0331301544638935E-007  -9.3430599760184626E-010   3.3086690712587945E-009  0.42770133516704328       -2.1251861842070349E-007  -1.5642451839688805E-008   1.5686548019026075E-009  -3.1973310443929317E-008  -7.5505948906368343E-010  -1.4610726241919918E-008   1.6397511909405090E-008   2.4988227128025881E-009  -3.9189526888876333E-009  0.32540774806959977       -7.8166121252009629E-010  -6.7445821799586832E-011   1.5669113273757048E-009  -1.7563164964916939E-009   1.1911837266797178E-010   2.5379792672212991E-009  -9.7011847161360889E-010   1.2087040435833425E-009 -0.17950014986767032        9.1809265440300227E-008   5.2938525213896998E-009  -6.3167461398987644E-010   1.2342850422945053E-008  -1.4336893546862599E-009   5.0573008891141098E-009  -3.8601632120247893E-009  -1.8050807453262208E-008   3.0459826578625765E-010  -3.7023019256756184E-010   4.5901481615266554E-002   6.7025654842300987E-009
  -3.1717903988609919E-010   3.2948875956783233E-010  -8.9010855420779508E-010  -1.4377884883712534E-009   5.5446274339193224E-010   9.6258888916986515E-003   8.7826228242856282E-012   5.7095583787667584E-012  -4.8129442320277707E-003  -4.1112908227832008E-012  -4.8129446597028492E-003  -1.6157250450834657E-011   1.8521606426635426E-009  -7.8166121252009629E-010  0.14422214274350662       -7.5196808045039249E-011   1.6224190981566072E-011  -7.2111070951760212E-002   1.4992023587616289E-010  -7.2111071791784775E-002  -1.5620456535831366E-010   1.2416022926355742E-009   6.1601890097692095E-010  -3.1303429566616290E-011  0.45573527749504561       -1.1513821215329239E-010   3.1684749619332254E-011 -0.22786763829106416        2.0434751966956336E-010 -0.22786763920396119       -4.4401153524791036E-011   6.8388123097756287E-011  -6.3171671445832244E-010  -5.0239666334636253E-012   7.1789002174451387E-012
   1.3833357292120080E-010  -1.4570604083609667E-009   2.0472053963807004E-009   7.2488143777222465E-011   4.8693423899737444E-010  -5.0851627837072161E-011   9.6258888886294938E-003  -1.0438626071131794E-011   8.3147828891278481E-011  -1.0129837412218743E-011  -3.2296526741347633E-011   1.3122195852025550E-009  -2.4513423357919606E-009  -6.7445821799586832E-011  -7.5196808045039249E-011  0.14422214318630605       -1.2327060061801087E-010   1.9455397211388417E-010   9.5973970717825626E-011  -1.1935730267400118E-010   1.2354213863545613E-009  -2.0094028836755052E-009  -1.1793653850937939E-010  -2.6791745138018312E-010  -6.2689290308532717E-011  0.45573527805056652       -1.7226608159429649E-010   1.9313804560824195E-010   1.5159172525818483E-010  -1.3044766043695334E-010   4.1691618349012572E-011  -4.2887024018706428E-010   9.0359617865735249E-010   4.7452171006164901E-011  -1.7369472687491798E-011
  -3.9489836907497481E-010   1.6456549064678628E-009   8.9618897448932257E-011  -7.7480385078065061E-010   4.0557157156711351E-010  -8.9942122082810953E-012   1.3799566154783944E-011   9.6258891202203323E-003   2.6996338511140120E-011  -5.2129307578577043E-011  -1.8002104796011868E-011   2.7035284811852559E-009  -1.9246980020410702E-010   1.5669113273757048E-009   1.6224190981566072E-011  -1.2327060061801087E-010  0.14422214315733922        3.9828191982200045E-011  -2.1542172418314697E-010  -5.6052387344052319E-011  -1.4855005650230641E-010  -1.4093418695068343E-010   1.1348606670319114E-009   7.0720939787536594E-011   9.7935461695809672E-012  -1.3744339059046453E-010  0.45573527795600627        4.6272623348132604E-011  -2.1993149403724901E-010  -5.6063998583271525E-011  -7.1817237425409378E-011  -4.1497425146184649E-010   6.5710704417153947E-011  -5.1256521329460339E-010   1.7047928734887591E-011
  -5.3927052927058565E-010   9.6807150894740549E-010   1.1966677562245003E-009  -8.7174058518161076E-010  -6.2748087107876763E-010  -4.8129442421763671E-003   1.4482359453615590E-011   2.8927451970069452E-011   9.6258887688348439E-003  -5.5279909473782612E-011  -4.8129445266473043E-003  -1.5410394829614262E-009  -2.9429841918076245E-009  -1.7563164964916939E-009  -7.2111070951760212E-002   1.9455397211388417E-010   3.9828191982200045E-011  0.14422214241093220       -2.7993272426965026E-010  -7.2111071459155379E-002  -1.1886841971650187E-009  -1.8369201856777490E-009   4.8481875922033517E-011   7.3179663905219145E-010 -0.22786763825666351        2.6977053793752969E-010   3.9451367794231247E-011  0.45573527710935552       -4.0695968182393550E-010 -0.22786763885259331       -2.0764734973784282E-010   5.2627950970084998E-010   9.8272543814288205E-010   2.6753370993458696E-010   6.5377909914727935E-011
   8.3997352848690122E-010   8.2063755558249463E-011   2.2326110789366201E-009  -6.5462090408028492E-010  -7.3470596829875901E-010   9.3400546097274156E-012   8.5717539669852725E-013  -5.4056016502675551E-011  -3.6959942966727694E-011   9.6258892253820536E-003   2.7619628994965527E-011  -1.6655195461316168E-010   2.0112742420718096E-009   1.1911837266797178E-010   1.4992023587616289E-010   9.5973970717825626E-011  -2.1542172418314697E-010  -2.7993272426965026E-010  0.14422214376873166        1.3001245994520065E-010  -1.2753141087436524E-010  -6.9108247149029212E-010   3.8153993359518627E-010  -1.7030198803402246E-010   1.6997457035708826E-010   9.1211340848009162E-011  -2.9310933993424472E-010  -2.7122754388517764E-010  0.45573527869550468        1.0125393503923799E-010   1.4472102409242491E-010   5.8265657359279388E-011  -1.7746500623882548E-010  -3.8331494512152413E-011  -3.5689439260986257E-011
   8.5641433371411622E-010  -1.2975642203175600E-009  -3.0654514214733109E-010   2.3095311068750599E-009   7.2924767451630569E-011  -4.8129446495248441E-003  -2.3264991527495870E-011  -3.4637010640957682E-011  -4.8129445368059656E-003   5.9391198397436084E-011   9.6258891863516063E-003   1.5571937097957237E-009   1.0908342393924428E-009   2.5379792672212991E-009  -7.2111071791784775E-002  -1.1935730267400118E-010  -5.6052387344052319E-011  -7.2111071459155379E-002   1.3001245994520065E-010  0.14422214325096192        1.3448895438190113E-009   5.9531134165706172E-010  -6.6450041483996818E-010  -7.0049597062700213E-010 -0.22786763923850326       -1.5463276378685353E-010  -7.1136131249607846E-011 -0.22786763881823885        2.0261207225950183E-010  0.45573527805662323        2.5206825852034112E-010  -5.9466694299578926E-010  -3.5100725265477596E-010  -2.6250919349401930E-010  -7.2554015582677729E-011
  -6.3759902521999659E-010 -0.27761754693346885       -9.0178193016516416E-010  -5.8974427711235737E-010   1.4640921282471153E-008   3.5024927277679829E-009   2.1639758819800897E-008  -6.1526936942435828E-009  -1.5790872127819010E-008  -2.6668493471982106E-009   1.2288377983407025E-008 -0.17950014852111221       -3.8931719591394920E-009  -9.7011847161360889E-010  -1.5620456535831366E-010   1.2354213863545613E-009  -1.4855005650230641E-010  -1.1886841971650187E-009  -1.2753141087436524E-010   1.3448895438190113E-009   2.4579997114983132        1.9714360185246303E-009   5.1561006855149523E-010  -8.2614797194305216E-009  -4.5418451856100264E-010  -8.4326063229946735E-009   3.4168314546512227E-010   6.7764872414315847E-009   9.6878138194479528E-010  -6.3223039727962047E-009   1.6537191549851039E-009 -0.93650531333658860       -6.3484908719767412E-010  -1.6557641509812980E-010  -6.0496115954723674E-010
   1.0189917056662379E-008   2.0426562809635745E-009 -0.27761754836965552        1.8017917736758207E-009  -1.7749846973474274E-008   1.1697723842608743E-008  -2.0422143211530857E-008  -3.2199447853750338E-009  -1.8134657318630193E-008  -9.3377228617565848E-009   6.4369306842238462E-009  -4.8419461820863242E-009 -0.17950013774508644        1.2087040435833425E-009   1.2416022926355742E-009  -2.0094028836755052E-009  -1.4093418695068343E-010  -1.8369201856777490E-009  -6.9108247149029212E-010   5.9531134165706172E-010   1.9714360185246303E-009   2.4579997066254724       -7.7301320568157595E-010   7.2297743838719369E-009  -6.0916843507657876E-009   1.0214830997713247E-008   1.1518476478861709E-009   9.3692377458080123E-009   2.5176736794504621E-009  -3.2775545272320376E-009  -1.4238540214932532E-009  -6.2443455486252611E-010 -0.93650531177929341        2.5035780492878300E-010   5.2946245104153465E-010
  -7.8020869864793622E-008   7.9176890965904117E-010  -2.0473041852395702E-009 -0.27761754662213650        1.2401350734135870E-007   1.1281706184314959E-008  -9.7369583627257169E-010   2.0406019006413069E-008   1.6755348431612628E-009   9.9258224441549444E-009  -1.2957239937010933E-008  -1.4027581385993088E-009   2.4121324640984014E-009 -0.17950014986767032        6.1601890097692095E-010  -1.1793653850937939E-010   1.1348606670319114E-009   4.8481875922033517E-011   3.8153993359518627E-010  -6.6450041483996818E-010   5.1561006855149523E-010  -7.7301320568157595E-010   2.4579997121348578       -4.7538196321480577E-008  -3.5637886079859231E-009   4.1869847291378716E-010  -7.8002609013789886E-009   5.6956871681907190E-010  -3.2516079529707719E-009   2.9942198362405627E-009   9.0210537087192438E-009  -1.6108749181258813E-010   2.3792440325958756E-010 -0.93650531354367217       -3.4107930592484075E-009
 -0.39955130932022836       -5.6028062841390467E-009   1.7370419710250345E-008   3.0029751922464085E-008 -0.98752937448177036        3.7276856872201318E-009   2.7539226841380764E-009   3.1216368034463341E-009   1.5422281167213172E-010  -5.4152105344972888E-009  -3.8818438848645812E-009   1.9985404060169945E-008  -2.0410866911498676E-008   9.1809265440300227E-008  -3.1303429566616290E-011  -2.6791745138018312E-010   7.0720939787536594E-011   7.3179663905219145E-010  -1.7030198803402246E-010  -7.0049597062700213E-010  -8.2614797194305216E-009   7.2297743838719369E-009  -4.7538196321480577E-008   3.1283137158350711       -1.3426898776749054E-009  -5.5164605764531249E-010  -1.2751119069437374E-009  -7.6959706224003378E-010   2.3782689927552333E-009   2.1117636294278632E-009  -1.2328485716849318        2.5967876336539828E-009  -2.2768371619057810E-009   1.5301254427301507E-008  0.33169925011880186     
  -7.1225082336016484E-010   1.9072036472954707E-009   2.6686455049414497E-009   5.6785395219519370E-009   2.4919861179769432E-009   3.0417362145260328E-002   3.9428438444321193E-011   1.5273117618868567E-011  -1.5208680452781422E-002  -3.3266106387036257E-011  -1.5208681692579927E-002   6.1341613763001930E-010   9.9153107835351217E-009   5.2938525213896998E-009  0.45573527749504561       -6.2689290308532717E-011   9.7935461695809672E-012 -0.22786763825666351        1.6997457035708826E-010 -0.22786763923850326       -4.5418451856100264E-010  -6.0916843507657876E-009  -3.5637886079859231E-009  -1.3426898776749054E-009   1.4401023254997878        1.8893639457326726E-010  -3.0933887345663616E-011 -0.72005116395017321       -3.1415910983076675E-010 -0.72005116154955062        2.9579045313970640E-010   1.3630594724034256E-010   2.0804471562858130E-009   1.0534549452803203E-009  -1.0357926934103938E-010
   1.4926907251103143E-010   7.7348410568152660E-009  -5.3955450900262529E-009  -3.3108564849212243E-010   7.8306553655063736E-010  -1.5251364017119848E-010   3.0417362079248934E-002  -1.6160389659110347E-011   2.3971594614991185E-010  -4.6163753845154162E-011  -8.7203335135079498E-011   1.3437586277765464E-008  -1.6612732135354011E-008  -6.3167461398987644E-010  -1.1513821215329239E-010  0.45573527805056652       -1.3744339059046453E-010   2.6977053793752969E-010   9.1211340848009162E-011  -1.5463276378685353E-010  -8.4326063229946735E-009   1.0214830997713247E-008   4.1869847291378716E-010  -5.5164605764531249E-010   1.8893639457326726E-010   1.4401023245891407        2.5222699128778978E-010  -4.7991141558144402E-010  -1.9108288203954843E-010   2.9097848073127395E-010   1.2502259582107801E-010   2.7314126165078935E-009  -3.4225615952980356E-009  -1.3923990499504764E-010  -4.3135557367888144E-011
  -7.9751196990222307E-010  -5.6139468895724862E-009  -1.3096424998976372E-009   7.3988101184446764E-009   2.4400951779916558E-009  -2.9728482366840888E-011   5.8107646120138347E-011   3.0417362810864164E-002   7.9539520514775742E-011  -1.3885600706053696E-010  -4.9810970187770656E-011   2.5726287764868328E-010  -1.8070985244938896E-009   1.2342850422945053E-008   3.1684749619332254E-011  -1.7226608159429649E-010  0.45573527795600627        3.9451367794231247E-011  -2.9310933993424472E-010  -7.1136131249607846E-011   3.4168314546512227E-010   1.1518476478861709E-009  -7.8002609013789886E-009  -1.2751119069437374E-009  -3.0933887345663616E-011   2.5222699128778978E-010   1.4401023242807711       -1.2681262116423449E-010   5.2986691813733731E-010   1.5775336856068156E-010   2.8382810479155103E-010   1.2050688915547024E-010  -3.8247921912189582E-010   2.5895541424818858E-009  -9.9591660950046871E-011
  -4.0707692136621465E-010  -4.9426977491751409E-009  -4.2788611937025154E-009   2.6018588042552094E-009   1.3821039198895221E-009  -1.5208680487146692E-002   1.7621654534430603E-011   8.6097156943008974E-011   3.0417361801415757E-002  -1.3374550027697669E-010  -1.5208681314233759E-002  -1.0858555791871821E-008  -1.5266580829478830E-008  -1.4336893546862599E-009 -0.22786763829106416        1.9313804560824195E-010   4.6272623348132604E-011  0.45573527710935552       -2.7122754388517764E-010 -0.22786763881823885        6.7764872414315847E-009   9.3692377458080123E-009   5.6956871681907190E-010  -7.6959706224003378E-010 -0.72005116395017321       -4.7991141558144402E-010  -1.2681262116423449E-010   1.4401023263831201        6.5217418511004941E-010 -0.72005116243263523        1.7874472306518683E-010  -2.2540380711868306E-009  -3.2198639161358607E-009  -3.2640397979891992E-010  -6.1261155982828272E-011
   1.7328752650372535E-009  -1.0654320750270059E-009  -5.7228289600791332E-009   4.1146842655967620E-009  -4.6952663324453635E-009   1.1534248330653777E-011  -7.4159479817874787E-012  -1.4006031887002810E-010  -8.4915004863674943E-011   3.0417363063580834E-002   7.3379936961354295E-011  -1.5228423611827354E-009  -3.3821409260104077E-009   5.0573008891141098E-009   2.0434751966956336E-010   1.5159172525818483E-010  -2.1993149403724901E-010  -4.0695968182393550E-010  0.45573527869550468        2.0261207225950183E-010   9.6878138194479528E-010   2.5176736794504621E-009  -3.2516079529707719E-009   2.3782689927552333E-009  -3.1415910983076675E-010  -1.9108288203954843E-010   5.2986691813733731E-010   6.5217418511004941E-010   1.4401023228493912       -3.3801203691451922E-010  -5.2802942157741987E-010  -3.2135245593521227E-010  -6.0950503656015446E-010   1.0024318954370408E-009   1.8586288630255311E-010
   1.1193528165035291E-009   3.0354966871789862E-009   1.6102167455407808E-009  -8.2803983867885938E-009  -3.8740339966605484E-009  -1.5208681658112289E-002  -5.7050019905155618E-011  -1.0137012966664679E-010  -1.5208681348627750E-002   1.6701167083896354E-010   3.0417363006805753E-002   1.0245141620412340E-008   5.3512708388953349E-009  -3.8601632120247893E-009 -0.22786763920396119       -1.3044766043695334E-010  -5.6063998583271525E-011 -0.22786763885259331        1.0125393503923799E-010  0.45573527805662323       -6.3223039727962047E-009  -3.2775545272320376E-009   2.9942198362405627E-009   2.1117636294278632E-009 -0.72005116154955062        2.9097848073127395E-010   1.5775336856068156E-010 -0.72005116243263523       -3.3801203691451922E-010   1.4401023239818103       -4.7454522998642651E-010   2.1177322466625473E-009   1.1394174059196849E-009  -7.2705122458852920E-010   1.6480154385168877E-010
   8.7817559169434886E-002   1.2573787692962696E-009  -3.9753492783096854E-009  -3.8907999729333830E-009  0.18874776076671793       -7.7192552286953032E-010  -5.8227883639267691E-010  -6.4003333094673867E-010   3.7655091333336921E-012   1.1082429919108616E-009   7.6817042012977146E-010  -4.0391136597784573E-009   4.2181730650001196E-009  -1.8050807453262208E-008  -4.4401153524791036E-011   4.1691618349012572E-011  -7.1817237425409378E-011  -2.0764734973784282E-010   1.4472102409242491E-010   2.5206825852034112E-010   1.6537191549851039E-009  -1.4238540214932532E-009   9.0210537087192438E-009  -1.2328485716849318        2.9579045313970640E-010   1.2502259582107801E-010   2.8382810479155103E-010   1.7874472306518683E-010  -5.2802942157741987E-010  -4.7454522998642651E-010   2.7444335117968923       -5.1947559457986656E-010   4.4543956854202966E-010  -2.8948909015712345E-009 -0.84343501093308959     
   2.3574618546113872E-010   9.3586454615956605E-002   2.4445228504557389E-010   1.7898765021995691E-010  -4.6214034295350165E-009  -1.1263252582647247E-009  -7.0464415942693002E-009   2.2414963556974284E-009   5.0795102600773363E-009   8.5934932850030175E-010  -3.9531828790683661E-009   4.5901481167499730E-002   1.2467718826493339E-009   3.0459826578625765E-010   6.8388123097756287E-011  -4.2887024018706428E-010  -4.1497425146184649E-010   5.2627950970084998E-010   5.8265657359279388E-011  -5.9466694299578926E-010 -0.93650531333658860       -6.2443455486252611E-010  -1.6108749181258813E-010   2.5967876336539828E-009   1.3630594724034256E-010   2.7314126165078935E-009   1.2050688915547024E-010  -2.2540380711868306E-009  -3.2135245593521227E-010   2.1177322466625473E-009  -5.1947559457986656E-010   2.3579056202545039        2.0091226869576663E-010   5.1715425338466059E-011   1.9009981414649354E-010
  -3.4831127648805909E-009  -6.9052052742865995E-010   9.3586455178154532E-002  -5.6055291638929291E-010   5.7425314553673352E-009  -3.7217453630333006E-009   6.5816507223644575E-009   1.0389849447687659E-009   5.7560809610544770E-009   3.2619066981815614E-009  -2.0343346816442867E-009   1.5706922957098339E-009   4.5901477688402741E-002  -3.7023019256756184E-010  -6.3171671445832244E-010   9.0359617865735249E-010   6.5710704417153947E-011   9.8272543814288205E-010  -1.7746500623882548E-010  -3.5100725265477596E-010  -6.3484908719767412E-010 -0.93650531177929341        2.3792440325958756E-010  -2.2768371619057810E-009   2.0804471562858130E-009  -3.4225615952980356E-009  -3.8247921912189582E-010  -3.2198639161358607E-009  -6.0950503656015446E-010   1.1394174059196849E-009   4.4543956854202966E-010   2.0091226869576663E-010   2.3579056197573380       -7.7083358551693661E-011  -1.6622654479904926E-010
   2.5789161529561391E-008  -2.5909708108953122E-010   6.5989769313831395E-010   9.3586454491761242E-002  -4.0300652411557069E-008  -3.7869464369572921E-009   3.1079018657370508E-010  -6.5742873427812606E-009  -6.8295100260666274E-010  -3.2695600268920003E-009   4.4698986822242952E-009   4.5161317998302750E-010  -7.7902235656642925E-010   4.5901481615266554E-002  -5.0239666334636253E-012   4.7452171006164901E-011  -5.1256521329460339E-010   2.6753370993458696E-010  -3.8331494512152413E-011  -2.6250919349401930E-010  -1.6557641509812980E-010   2.5035780492878300E-010 -0.93650531354367217        1.5301254427301507E-008   1.0534549452803203E-009  -1.3923990499504764E-010   2.5895541424818858E-009  -3.2640397979891992E-010   1.0024318954370408E-009  -7.2705122458852920E-010  -2.8948909015712345E-009   5.1715425338466059E-011  -7.7083358551693661E-011   2.3579056203216830        1.0962467779671215E-009
  -3.2969547274109758E-002  -4.3283235495605845E-010   1.3634670085943376E-009   1.8219414239019157E-009  -6.5908485284412455E-002   2.7751685264846551E-010   2.0736184592265870E-010   2.3089076616394868E-010   4.4317931336473863E-012  -3.9998526032416770E-010  -2.8195768590587713E-010   1.4698694248665309E-009  -1.5279915538140691E-009   6.7025654842300987E-009   7.1789002174451387E-012  -1.7369472687491798E-011   1.7047928734887591E-011   6.5377909914727935E-011  -3.5689439260986257E-011  -7.2554015582677729E-011  -6.0496115954723674E-010   5.2946245104153465E-010  -3.4107930592484075E-009  0.33169925011880186       -1.0357926934103938E-010  -4.3135557367888144E-011  -9.9591660950046871E-011  -6.1261155982828272E-011   1.8586288630255311E-010   1.6480154385168877E-010 -0.84343501093308959        1.9009981414649354E-010  -1.6622654479904926E-010   1.0962467779671215E-009   2.2606633333399624     
