  0.25056880872671028       -4.2440345554195032E-016   2.3614951230680519E-016  -1.8210473302454668E-016  0.54748371639983462       -2.4705544043575725E-015   2.6414095266114392E-018   4.4585849262366111E-018  -2.7878930173582826E-015   3.9106696709395127E-018  -3.4915674007852165E-015   6.7760799116392630E-017  -1.3825565118738438E-016   1.9873428345219499E-016  0.34171767550076482        1.8849500751094441E-018  -1.7283473811406954E-016   3.2280321082066368E-017   6.1952210396683818E-002
  -4.2440345554195032E-016  0.38833908384248472       -8.9254958754262835E-017  -5.2697017991537461E-017  -7.5423012432534171E-016  -9.9823246971683330E-019   1.2988389040269838E-017   1.0564627349408140E-017  -3.4057144109325140E-017  -1.1393731095584425E-017  -7.8377206942607612E-017  0.17536951365201719       -1.0902255142118413E-016  -6.6984810277673605E-017  -1.1519329340356462E-015 -0.11382776716600607       -5.0329725402613200E-016   1.5340888993430513E-016  -2.0315887860529087E-016
   2.3614951230680519E-016  -8.9254958754262835E-017  0.38833908384248700       -2.2103130869188698E-016   5.3516264415242637E-016   3.3726604681373524E-018  -6.0433303760227917E-018  -9.6902787927267118E-018   7.6117367516318122E-018  -1.9557883299500805E-019  -7.5111959781212503E-018  -7.1236134814391672E-017  0.17536951365201772       -1.9093517533351544E-016   7.5199491853504205E-017  -2.0815146464505813E-017 -0.11382776716600672       -1.9420356280269861E-016   3.4964891498503745E-016
  -1.8210473302454668E-016  -5.2697017991537461E-017  -2.2103130869188698E-016  0.38833908384248561       -4.9481425088212406E-016   8.3333538907597698E-018   2.1986489676237585E-017   1.3818630326862800E-017   1.7412863798492652E-017  -3.4515656805761311E-018   6.9154933820532622E-018   2.3238573901048360E-017  -1.7615062041982842E-016  0.17536951365201753       -9.1657171094053168E-017   1.2439052936647857E-016   2.1792115148193672E-017 -0.11382776716600826        1.0220109042837347E-015
  0.54748371639983462       -7.5423012432534171E-016   5.3516264415242637E-016  -4.9481425088212406E-016   1.1999338334072462       -5.7294373624082661E-015   6.2459232936404869E-018   9.7266017447434676E-018  -6.4194070543426632E-015   8.7605067867695432E-018  -7.9783144646683085E-015   1.9110398883797550E-016  -2.9073340215987323E-016   4.0313585218106520E-016  0.66452407983786310        2.5972457953598025E-016   1.3110464845721968E-016  -2.5293861257652925E-016   8.3425390072114830E-002
  -2.4705544043575725E-015  -9.9823246971683330E-019   3.3726604681373524E-018   8.3333538907597698E-018  -5.7294373624082661E-015   5.6880206987450175E-029   2.3180314123845185E-032   1.7134030337821961E-031   5.9350874919996958E-029  -1.4857649205890774E-031   6.8353296226447771E-029  -3.0865282794127117E-017  -1.1489272569430821E-018   1.0990252274023811E-018   4.7925635382937018E-015  -7.3535863632523784E-016  -6.5617210126977089E-017  -6.6883571465081113E-017   2.1255089303952184E-015
   2.6414095266114392E-018   1.2988389040269838E-017  -6.0433303760227917E-018   2.1986489676237585E-017   6.2459232936404869E-018   2.3180314123845185E-032   3.6007097430959685E-031   4.5900036863563817E-032  -1.3524276659504845E-031   2.4328561583713433E-031  -3.8939107131727092E-032  -5.5669753157384492E-018  -1.7691899059837823E-017   3.8848660397677207E-017  -7.5911200027115374E-018  -2.8032813622911984E-016  -3.6014167667106152E-016   6.9305405392177786E-016  -4.4324457754191198E-018
   4.4585849262366111E-018   1.0564627349408140E-017  -9.6902787927267118E-018   1.3818630326862800E-017   9.7266017447434676E-018   1.7134030337821961E-031   4.5900036863563817E-032   1.6071540420281850E-031  -1.0948184727334261E-031  -8.8232318128900956E-032  -1.1597339560494769E-031  -1.7607121434217105E-017  -6.7240774715970682E-018   1.3032139415776541E-018   7.4244774322045699E-018  -5.4436471849222459E-016  -5.3953341419278552E-017  -1.2346719949228091E-016  -1.0552544840528478E-018
  -2.7878930173582826E-015  -3.4057144109325140E-017   7.6117367516318122E-018   1.7412863798492652E-017  -6.4194070543426632E-015   5.9350874919996958E-029  -1.3524276659504845E-031  -1.0948184727334261E-031   6.3056479334395695E-029  -7.3058519502784269E-032   7.2148472286422184E-029  -1.2217098593540482E-017   3.8200048318071747E-017   2.0037735764692249E-017   4.2827970878960739E-015   8.6481009596372063E-017   8.3859188014274403E-016   2.8936182557484052E-016   2.0028067138207714E-015
   3.9106696709395127E-018  -1.1393731095584425E-017  -1.9557883299500805E-019  -3.4515656805761311E-018   8.7605067867695432E-018  -1.4857649205890774E-031   2.4328561583713433E-031  -8.8232318128900956E-032  -7.3058519502784269E-032   2.5741183789066276E-031   1.9393909628403824E-032   3.3508660909636889E-018  -1.0885089775480154E-017   2.4240709811183916E-017   2.5202118024408219E-019   2.0884038009078486E-016  -2.6108976149773014E-016   6.2503522594822557E-016  -1.3694857210752458E-018
  -3.4915674007852165E-015  -7.8377206942607612E-017  -7.5111959781212503E-018   6.9154933820532622E-018  -7.9783144646683085E-015   6.8353296226447771E-029  -3.8939107131727092E-032  -1.1597339560494769E-031   7.2148472286422184E-029   1.9393909628403824E-032   8.5055162105849386E-029  -2.1298199350483423E-017  -4.0141861142020973E-017  -4.9126442786683931E-018   3.8530386682571888E-015   3.6392216208241353E-016  -8.8668718016275890E-016  -1.9638834907673862E-016   1.9992644879632405E-015
   6.7760799116392630E-017  0.17536951365201719       -7.1236134814391672E-017   2.3238573901048360E-017   1.9110398883797550E-016  -3.0865282794127117E-017  -5.5669753157384492E-018  -1.7607121434217105E-017  -1.2217098593540482E-017   3.3508660909636889E-018  -2.1298199350483423E-017   8.2519601571503606E-002   2.9981322326477081E-017   3.8032485192507346E-018   1.0094857970181657E-015   2.9013505719626312E-002   8.6886010397905697E-016  -3.2471572721625092E-017   3.3667442279091169E-016
  -1.3825565118738438E-016  -1.0902255142118413E-016  0.17536951365201772       -1.7615062041982842E-016  -2.9073340215987323E-016  -1.1489272569430821E-018  -1.7691899059837823E-017  -6.7240774715970682E-018   3.8200048318071747E-017  -1.0885089775480154E-017  -4.0141861142020973E-017   2.9981322326477081E-017   8.2519601571503690E-002  -8.3158713051045919E-017   3.8101569864391962E-016   1.1249444219553973E-015   2.9013505719627394E-002   1.7877353859111128E-016  -2.7262409807722321E-016
   1.9873428345219499E-016  -6.6984810277673605E-017  -1.9093517533351544E-016  0.17536951365201753        4.0313585218106520E-016   1.0990252274023811E-018   3.8848660397677207E-017   1.3032139415776541E-018   2.0037735764692249E-017   2.4240709811183916E-017  -4.9126442786683931E-018   3.8032485192507346E-018  -8.3158713051045919E-017   8.2519601571503814E-002   1.8130090148859070E-016   4.4501191107393754E-016   6.6961294525475199E-016   2.9013505719626631E-002  -8.8690145368903427E-016
  0.34171767550076482       -1.1519329340356462E-015   7.5199491853504205E-017  -9.1657171094053168E-017  0.66452407983786310        4.7925635382937018E-015  -7.5911200027115374E-018   7.4244774322045699E-018   4.2827970878960739E-015   2.5202118024408219E-019   3.8530386682571888E-015   1.0094857970181657E-015   3.8101569864391962E-016   1.8130090148859070E-016   2.5430219795222317       -1.4600905257436863E-016  -2.7969920513869105E-016  -1.5364665223021396E-016  0.63433668029304957     
   1.8849500751094441E-018 -0.11382776716600607       -2.0815146464505813E-017   1.2439052936647857E-016   2.5972457953598025E-016  -7.3535863632523784E-016  -2.8032813622911984E-016  -5.4436471849222459E-016   8.6481009596372063E-017   2.0884038009078486E-016   3.6392216208241353E-016   2.9013505719626312E-002   1.1249444219553973E-015   4.4501191107393754E-016  -1.4600905257436863E-016   1.9784484966108826       -1.1100996930987333E-015  -6.0104003863938976E-016  -3.6055689011360186E-018
  -1.7283473811406954E-016  -5.0329725402613200E-016 -0.11382776716600672        2.1792115148193672E-017   1.3110464845721968E-016  -6.5617210126977089E-017  -3.6014167667106152E-016  -5.3953341419278552E-017   8.3859188014274403E-016  -2.6108976149773014E-016  -8.8668718016275890E-016   8.6886010397905697E-016   2.9013505719627394E-002   6.6961294525475199E-016  -2.7969920513869105E-016  -1.1100996930987333E-015   1.9784484966108880       -6.7508131606742433E-016   2.2759719581936793E-016
   3.2280321082066368E-017   1.5340888993430513E-016  -1.9420356280269861E-016 -0.11382776716600826       -2.5293861257652925E-016  -6.6883571465081113E-017   6.9305405392177786E-016  -1.2346719949228091E-016   2.8936182557484052E-016   6.2503522594822557E-016  -1.9638834907673862E-016  -3.2471572721625092E-017   1.7877353859111128E-016   2.9013505719626631E-002  -1.5364665223021396E-016  -6.0104003863938976E-016  -6.7508131606742433E-016   1.9784484966108833        2.8481576402596636E-016
   6.1952210396683818E-002  -2.0315887860529087E-016   3.4964891498503745E-016   1.0220109042837347E-015   8.3425390072114830E-002   2.1255089303952184E-015  -4.4324457754191198E-018  -1.0552544840528478E-018   2.0028067138207714E-015  -1.3694857210752458E-018   1.9992644879632405E-015   3.3667442279091169E-016  -2.7262409807722321E-016  -8.8690145368903427E-016  0.63433668029304957       -3.6055689011360186E-018   2.2759719581936793E-016   2.8481576402596636E-016   2.1639723806564533     
