  0.32044857138989513        1.6517036156909331E-016  -6.5033477675072082E-017   4.9728841545172101E-016  -5.7855138107367288E-017  -1.7107113683448223E-016   1.0777154322500639E-017  -6.2590150007633802E-017   2.2258867024432532E-017   3.5225414099135207E-017   7.6744067152255793E-016  0.19823306324128109       -8.3395570850563294E-017  -2.6842798782385582E-016  -6.7623736309902899E-002  -1.0281136902776680E-015  -1.4329724508812139E-015  -7.5560710299030554E-016  -3.1685903690796415E-015   5.3844581868480851E-017  -6.7650418640580662E-016  -1.0202456469246218E-016   1.3422031503838623E-015  -6.5623397164257968E-016  -4.2410437987869097E-016  -7.1543831727381810E-002  -8.7155654254638762E-016  -1.2150401092999377E-015
   1.6517036156909331E-016  0.32044857138989724       -1.4810603397148381E-017   1.6492843250845837E-016  -1.0988495195697938E-016   8.8051603255751455E-017   1.1195354924137176E-017  -8.4526215330645039E-017   2.3793991598720089E-017  -1.0845430128624757E-016   1.8659688974104140E-016   2.3226774063585481E-016  0.19823306324127957       -2.2883924897785441E-016   5.2470077236867387E-016  -6.7623736309899152E-002   2.0036936809085182E-015   1.6689103953115780E-016   1.2392589442608032E-015   1.3402625612539649E-017  -2.1727010931478889E-016   3.0715095972539554E-017  -1.3315300602732710E-016  -7.6824970952574970E-016  -2.5321577906016041E-016   4.3319476855924853E-016  -7.1543831727378659E-002   1.7175092943950732E-015
  -6.5033477675072082E-017  -1.4810603397148381E-017  0.32044857138989674        2.7866122729848770E-016  -8.4887165688316826E-017   4.9512024740982090E-017   5.2638025735242093E-017  -1.8219632621955581E-016   8.0037735186393229E-017  -1.3822883760164346E-016  -5.1934451035647377E-016   3.7320045680658186E-017  -3.5811884585553306E-016  0.19823306324127979       -6.5314053560789957E-016   1.4215941781266067E-015  -6.7623736309900095E-002   1.3603064417776774E-015   1.4482756242457592E-015   6.6285980657761603E-016  -9.8039593116652043E-016   6.4986344310309752E-016  -6.1857322411916227E-016   1.8182303583484460E-016   1.6695125766633835E-016  -5.4579544139743450E-016   1.2126924972173381E-015  -7.1543831727379423E-002
   4.9728841545172101E-016   1.6492843250845837E-016   2.7866122729848770E-016  0.31240726349467118       -5.7797377260121274E-015  -1.4405798987708695E-016  -1.7577445663778909E-016  -7.7329768616203182E-015  -4.5157366383552592E-016  -5.5449416480031464E-015  0.63531785258275442        4.5186962464928945E-016   3.4921010686199503E-016   2.2529176452517677E-016   8.1982600342069374E-016  -6.7447378938127430E-016  -1.4032992198658643E-015  -5.8372150169220138E-016   1.7757933075213915E-016   4.8468818862856218E-016  -2.0100681848213422E-014   1.0282237181365231E-015  -1.5538860824501804E-016 -0.23709563148547816      -0.26599212814688422        7.4154972030912160E-016  -6.3044536115253334E-016  -1.2100291587505562E-015
  -5.7855138107367288E-017  -1.0988495195697938E-016  -8.4887165688316826E-017  -5.7797377260121274E-015   6.2630770791293113E-003   1.9095531938724954E-016   1.4207569497916435E-016  -3.1315385395645524E-003   1.3515649459128712E-016  -3.1315385395647688E-003  -1.2957986866348543E-014  -9.9711113192922727E-018  -4.7765756411187965E-017  -1.0215002761824146E-016   1.0616883039628261E-016   2.9758284035371076E-016   9.9255761503051840E-016  0.10966341710500965        9.5125526921626360E-016   1.0128498110746990E-015  -5.4831708552504466E-002   1.2660601462611657E-016  -5.4831708552505132E-002   3.7772086563440793E-015   5.0965176584760160E-015   9.1309775819296221E-017   2.5098879613233679E-016   8.3631300511932066E-016
  -1.7107113683448223E-016   8.8051603255751455E-017   4.9512024740982090E-017  -1.4405798987708695E-016   1.9095531938724954E-016   6.2630770791289227E-003   3.2599757040976356E-017   3.9559151789222247E-018   1.1470843103028903E-016  -1.3165102226928253E-016  -3.6373432983905734E-016   1.8615677080622104E-016  -3.1403973740357706E-017  -1.8965318998775747E-016  -7.7125889207098533E-016  -9.4545758624172263E-017   6.2743206690814502E-016   2.4081468562959747E-015  0.10966341710500709        1.8660051124717518E-016  -5.5827803910676612E-016   1.1395235883365777E-015  -1.7578906741171557E-015   1.0441778165228627E-016   1.3711074390383812E-016  -6.3687317425995692E-016  -9.0625524693679613E-017   4.9639893002891100E-016
   1.0777154322500639E-017   1.1195354924137176E-017   5.2638025735242093E-017  -1.7577445663778909E-016   1.4207569497916435E-016   3.2599757040976356E-017   6.2630770791293200E-003  -7.6183546174366583E-017   8.0993078658219681E-017  -6.4967956449993406E-017  -4.0297972370408992E-016   9.5032756897271149E-018  -9.4964701339894772E-018  -5.9371826974385080E-017  -1.8506168655926267E-016   2.3549659409459655E-017   1.4254694868542040E-016   1.4661733741157292E-015   4.9342379682994228E-016  0.10966341710501054       -1.1502457548993915E-015   9.8125378807621717E-016  -2.8785228866310827E-016   5.3540982421029264E-016   2.6623211856142349E-016  -1.7697396397726569E-016   2.1195501245579896E-017   1.1313007414190224E-016
  -6.2590150007633802E-017  -8.4526215330645039E-017  -1.8219632621955581E-016  -7.7329768616203182E-015  -3.1315385395645524E-003   3.9559151789222247E-018  -7.6183546174366583E-017   6.2630770791293217E-003  -9.8295420671771663E-017  -3.1315385395648057E-003  -1.3222491473665384E-014   3.1011026499985347E-017  -7.2890004904858542E-017  -5.7522064215378785E-017  -2.4857700694465078E-016   1.3577015761656118E-017  -9.3669828349972402E-018  -5.4831708552503418E-002   6.2300977924360721E-016  -2.5318238309904403E-016  0.10966341710500979        6.4290647729550514E-016  -5.4831708552506409E-002   4.8186785511840730E-015   5.7035542929198757E-015  -1.9522405303633672E-016   2.0603527839221376E-017   2.9465555394197449E-018
   2.2258867024432532E-017   2.3793991598720089E-017   8.0037735186393229E-017  -4.5157366383552592E-016   1.3515649459128712E-016   1.1470843103028903E-016   8.0993078658219681E-017  -9.8295420671771663E-017   6.2630770791291587E-003   2.9060059293969329E-017  -1.0486405299341927E-015  -4.8421717536365895E-017   1.2307431534802470E-017  -1.2329258406460767E-016  -1.7024343538114407E-016  -1.0169619170694783E-016  -2.2589329435785357E-016   2.2462094033740097E-015   8.1232238410876676E-016   4.7676096469155569E-016  -2.3481248311040991E-015  0.10966341710500919        2.1289071986406552E-016   1.0562476963135522E-015   6.0646649713157712E-016  -1.6114943695323419E-016  -8.5918078574279951E-017  -2.1417306267923253E-016
   3.5225414099135207E-017  -1.0845430128624757E-016  -1.3822883760164346E-016  -5.5449416480031464E-015  -3.1315385395647688E-003  -1.3165102226928253E-016  -6.4967956449993406E-017  -3.1315385395648057E-003   2.9060059293969329E-017   6.2630770791296218E-003  -1.2602168790660449E-014  -7.2162300810246669E-017  -6.3609873323556054E-017  -8.3010926989287996E-017   3.4176985633750657E-016   1.0404670653142837E-016   1.7167232753192922E-017  -5.4831708552506422E-002  -4.6660673371986601E-016  -7.4348316945245995E-016  -5.4831708552505964E-002   3.8473507013712781E-016  0.10966341710501237        4.4096187489590455E-015   5.0580755238900604E-015   2.7634921284673724E-016   9.3148282522968618E-017   2.4986508328745618E-017
   7.6744067152255793E-016   1.8659688974104140E-016  -5.1934451035647377E-016  0.63531785258275442       -1.2957986866348543E-014  -3.6373432983905734E-016  -4.0297972370408992E-016  -1.3222491473665384E-014  -1.0486405299341927E-015  -1.2602168790660449E-014   1.2924252048241192        7.2981255391404033E-016   6.6416396867736702E-016  -1.9877270905842576E-016  -2.4807272132305626E-015  -7.2178911185660734E-018  -3.7874843360306640E-016  -2.1937188297601466E-014  -8.8683686293427592E-016   5.1970749009442131E-017   3.0782854511636331E-015  -4.4247664795858206E-016  -2.3424373567638216E-014 -0.45861357146444781      -0.53498202709786091       -1.9939497748710370E-015  -1.2336562861744188E-016  -3.2486290000304006E-016
  0.19823306324128109        2.3226774063585481E-016   3.7320045680658186E-017   4.5186962464928945E-016  -9.9711113192922727E-018   1.8615677080622104E-016   9.5032756897271149E-018   3.1011026499985347E-017  -4.8421717536365895E-017  -7.2162300810246669E-017   7.2981255391404033E-016  0.12268352188278804        3.8251446721962615E-017  -7.2491849026698012E-017  -3.5656118492053884E-002   1.2321132687526056E-015   2.3007240909289698E-015  -2.8295590274953417E-017   3.2713021271376747E-015   1.1660233570551823E-016   8.4158220076212252E-016  -1.1240402408669159E-015  -8.6864124010673281E-016  -5.7559185926793463E-016  -3.9029985650559451E-016  -3.9033603978626701E-002   1.0356506585131239E-015   1.9480439944755768E-015
  -8.3395570850563294E-017  0.19823306324127957       -3.5811884585553306E-016   3.4921010686199503E-016  -4.7765756411187965E-017  -3.1403973740357706E-017  -9.4964701339894772E-018  -7.2890004904858542E-017   1.2307431534802470E-017  -6.3609873323556054E-017   6.6416396867736702E-016   3.8251446721962615E-017  0.12268352188278524       -3.8013965581234304E-016  -4.7020751602591820E-016  -3.5656118492055904E-002  -5.2992906757459053E-016   4.1802955628242883E-016  -7.1673631824665050E-016  -2.8246506179012437E-016  -4.9521978132528083E-016  -7.8999073508718094E-018  -3.4570439589715127E-017   1.2113960080509853E-015   1.0290237995287688E-016  -3.9124394698085671E-016  -3.9033603978628317E-002  -4.2019321713124810E-016
  -2.6842798782385582E-016  -2.2883924897785441E-016  0.19823306324127979        2.2529176452517677E-016  -1.0215002761824146E-016  -1.8965318998775747E-016  -5.9371826974385080E-017  -5.7522064215378785E-017  -1.2329258406460767E-016  -8.3010926989287996E-017  -1.9877270905842576E-016  -7.2491849026698012E-017  -3.8013965581234304E-016  0.12268352188278570        1.5995087831634530E-015   2.0084946100057142E-016  -3.5656118492055265E-002  -1.7243144541299842E-016  -3.0411651865626705E-015  -1.2214127931410863E-015   3.6620552144271034E-016  -2.5823955139708398E-015  -3.3385879585479714E-016  -2.0200514795470092E-016  -1.7933711175324131E-017   1.3728522250127780E-015   1.8662579310833246E-016  -3.9033603978627748E-002
  -6.7623736309902899E-002   5.2470077236867387E-016  -6.5314053560789957E-016   8.1982600342069374E-016   1.0616883039628261E-016  -7.7125889207098533E-016  -1.8506168655926267E-016  -2.4857700694465078E-016  -1.7024343538114407E-016   3.4176985633750657E-016  -2.4807272132305626E-015  -3.5656118492053884E-002  -4.7020751602591820E-016   1.5995087831634530E-015  0.71640592914878642       -2.3451854091100678E-016  -2.2126088769049252E-015   3.3348023067991897E-016   5.3052870230954513E-017   6.1094452705508767E-016   7.9563441990588419E-018   3.0723190702774528E-016  -2.9250444449340606E-016   8.5167895752955374E-016   8.0257461285436046E-016  0.60896086571103714       -1.5640681045613239E-016  -9.9378422880849342E-016
  -1.0281136902776680E-015  -6.7623736309899152E-002   1.4215941781266067E-015  -6.7447378938127430E-016   2.9758284035371076E-016  -9.4545758624172263E-017   2.3549659409459655E-017   1.3577015761656118E-017  -1.0169619170694783E-016   1.0404670653142837E-016  -7.2178911185660734E-018   1.2321132687526056E-015  -3.5656118492055904E-002   2.0084946100057142E-016  -2.3451854091100678E-016  0.71640592914878842        8.0106857426197297E-016   3.2644931596315507E-016   7.1034891669223956E-016   8.5511641944516440E-017  -3.9898948714984508E-017   4.3289193970015593E-017  -4.6122985551830035E-017  -1.5053060072977692E-016   3.7734306302826058E-017   3.8271103156459050E-016  0.60896086571103558        4.1523847366731421E-016
  -1.4329724508812139E-015   2.0036936809085182E-015  -6.7623736309900095E-002  -1.4032992198658643E-015   9.9255761503051840E-016   6.2743206690814502E-016   1.4254694868542040E-016  -9.3669828349972402E-018  -2.2589329435785357E-016   1.7167232753192922E-017  -3.7874843360306640E-016   2.3007240909289698E-015  -5.2992906757459053E-016  -3.5656118492055265E-002  -2.2126088769049252E-015   8.0106857426197297E-016  0.71640592914878432        3.1862376395959206E-016   1.7628937815406781E-015   7.9166520674599270E-017   9.7038874595350496E-017   9.0033502340784939E-016   4.9348399467603056E-016   3.2747758287630300E-017   8.4585495938399691E-017  -1.1627020802487465E-015   6.4622848099983725E-016  0.60896086571103636     
  -7.5560710299030554E-016   1.6689103953115780E-016   1.3603064417776774E-015  -5.8372150169220138E-016  0.10966341710500965        2.4081468562959747E-015   1.4661733741157292E-015  -5.4831708552503418E-002   2.2462094033740097E-015  -5.4831708552506422E-002  -2.1937188297601466E-014  -2.8295590274953417E-017   4.1802955628242883E-016  -1.7243144541299842E-016   3.3348023067991897E-016   3.2644931596315507E-016   3.1862376395959206E-016   1.9201528097462246        2.7772516274574497E-016  -1.5151725360484700E-016 -0.96007640487311285        1.1020915083316743E-016 -0.96007640487311086        8.1183868740268820E-015   8.2003737673690776E-015   2.9701633775744487E-016   1.7013643933650597E-016   8.6214196063225307E-017
  -3.1685903690796415E-015   1.2392589442608032E-015   1.4482756242457592E-015   1.7757933075213915E-016   9.5125526921626360E-016  0.10966341710500709        4.9342379682994228E-016   6.2300977924360721E-016   8.1232238410876676E-016  -4.6660673371986601E-016  -8.8683686293427592E-016   3.2713021271376747E-015  -7.1673631824665050E-016  -3.0411651865626705E-015   5.3052870230954513E-017   7.1034891669223956E-016   1.7628937815406781E-015   2.7772516274574497E-016   1.9201528097462539        1.9123564494114009E-015  -7.9416115068662565E-017  -9.9178748980827046E-016   1.4120784619722830E-015  -6.9917507273557532E-016  -1.8853945844891679E-017   3.2322425398067508E-016   4.2771737647456686E-016   8.6478542730651010E-016
   5.3844581868480851E-017   1.3402625612539649E-017   6.6285980657761603E-016   4.8468818862856218E-016   1.0128498110746990E-015   1.8660051124717518E-016  0.10966341710501054       -2.5318238309904403E-016   4.7676096469155569E-016  -7.4348316945245995E-016   5.1970749009442131E-017   1.1660233570551823E-016  -2.8246506179012437E-016  -1.2214127931410863E-015   6.1094452705508767E-016   8.5511641944516440E-017   7.9166520674599270E-017  -1.5151725360484700E-016   1.9123564494114009E-015   1.9201528097462528       -1.2167458880718546E-015   6.9800935864616805E-016   1.8598675117359492E-015  -8.1726704166721937E-016  -2.6202351008374683E-016   1.6471014884332808E-016   1.0286715401909886E-016  -5.1645639896107426E-017
  -6.7650418640580662E-016  -2.1727010931478889E-016  -9.8039593116652043E-016  -2.0100681848213422E-014  -5.4831708552504466E-002  -5.5827803910676612E-016  -1.1502457548993915E-015  0.10966341710500979       -2.3481248311040991E-015  -5.4831708552505964E-002   3.0782854511636331E-015   8.4158220076212252E-016  -4.9521978132528083E-016   3.6620552144271034E-016   7.9563441990588419E-018  -3.9898948714984508E-017   9.7038874595350496E-017 -0.96007640487311285       -7.9416115068662565E-017  -1.2167458880718546E-015   1.9201528097462262        2.7815206735117583E-016 -0.96007640487311385        3.5134367708105115E-015   3.3745711031306688E-015   2.5096582153068956E-016   6.9404110226103969E-017   1.7344608202469082E-016
  -1.0202456469246218E-016   3.0715095972539554E-017   6.4986344310309752E-016   1.0282237181365231E-015   1.2660601462611657E-016   1.1395235883365777E-015   9.8125378807621717E-016   6.4290647729550514E-016  0.10966341710500919        3.8473507013712781E-016  -4.4247664795858206E-016  -1.1240402408669159E-015  -7.8999073508718094E-018  -2.5823955139708398E-015   3.0723190702774528E-016   4.3289193970015593E-017   9.0033502340784939E-016   1.1020915083316743E-016  -9.9178748980827046E-016   6.9800935864616805E-016   2.7815206735117583E-016   1.9201528097462555        1.5548001254528566E-015  -2.0861726021089057E-015  -4.7235726129580841E-016  -1.8558929189877998E-017   5.5575642754601607E-017   3.9044428885989272E-016
   1.3422031503838623E-015  -1.3315300602732710E-016  -6.1857322411916227E-016  -1.5538860824501804E-016  -5.4831708552505132E-002  -1.7578906741171557E-015  -2.8785228866310827E-016  -5.4831708552506409E-002   2.1289071986406552E-016  0.10966341710501237       -2.3424373567638216E-014  -8.6864124010673281E-016  -3.4570439589715127E-017  -3.3385879585479714E-016  -2.9250444449340606E-016  -4.6122985551830035E-017   4.9348399467603056E-016 -0.96007640487311086        1.4120784619722830E-015   1.8598675117359492E-015 -0.96007640487311385        1.5548001254528566E-015   1.9201528097462244        9.4973102248041791E-015   7.5099589317115967E-015  -5.0256997082452679E-016  -2.7970527820523780E-017   5.1997804967246858E-016
  -6.5623397164257968E-016  -7.6824970952574970E-016   1.8182303583484460E-016 -0.23709563148547816        3.7772086563440793E-015   1.0441778165228627E-016   5.3540982421029264E-016   4.8186785511840730E-015   1.0562476963135522E-015   4.4096187489590455E-015 -0.45861357146444781       -5.7559185926793463E-016   1.2113960080509853E-015  -2.0200514795470092E-016   8.5167895752955374E-016  -1.5053060072977692E-016   3.2747758287630300E-017   8.1183868740268820E-015  -6.9917507273557532E-016  -8.1726704166721937E-016   3.5134367708105115E-015  -2.0861726021089057E-015   9.4973102248041791E-015   1.4704421201836679       0.52766297597257750        4.4489593350883500E-016  -1.5988043966593559E-016  -3.0768844325176074E-016
  -4.2410437987869097E-016  -2.5321577906016041E-016   1.6695125766633835E-016 -0.26599212814688422        5.0965176584760160E-015   1.3711074390383812E-016   2.6623211856142349E-016   5.7035542929198757E-015   6.0646649713157712E-016   5.0580755238900604E-015 -0.53498202709786091       -3.9029985650559451E-016   1.0290237995287688E-016  -1.7933711175324131E-017   8.0257461285436046E-016   3.7734306302826058E-017   8.4585495938399691E-017   8.2003737673690776E-015  -1.8853945844891679E-017  -2.6202351008374683E-016   3.3745711031306688E-015  -4.7235726129580841E-016   7.5099589317115967E-015  0.52766297597257750       0.30872097414611260        5.7438778927489439E-016   6.1051724415160242E-017  -1.1521928518818053E-017
  -7.1543831727381810E-002   4.3319476855924853E-016  -5.4579544139743450E-016   7.4154972030912160E-016   9.1309775819296221E-017  -6.3687317425995692E-016  -1.7697396397726569E-016  -1.9522405303633672E-016  -1.6114943695323419E-016   2.7634921284673724E-016  -1.9939497748710370E-015  -3.9033603978626701E-002  -3.9124394698085671E-016   1.3728522250127780E-015  0.60896086571103714        3.8271103156459050E-016  -1.1627020802487465E-015   2.9701633775744487E-016   3.2322425398067508E-016   1.6471014884332808E-016   2.5096582153068956E-016  -1.8558929189877998E-017  -5.0256997082452679E-016   4.4489593350883500E-016   5.7438778927489439E-016  0.51825981642384977        3.5940675298811848E-016  -2.4115395055871992E-016
  -8.7155654254638762E-016  -7.1543831727378659E-002   1.2126924972173381E-015  -6.3044536115253334E-016   2.5098879613233679E-016  -9.0625524693679613E-017   2.1195501245579896E-017   2.0603527839221376E-017  -8.5918078574279951E-017   9.3148282522968618E-017  -1.2336562861744188E-016   1.0356506585131239E-015  -3.9033603978628317E-002   1.8662579310833246E-016  -1.5640681045613239E-016  0.60896086571103558        6.4622848099983725E-016   1.7013643933650597E-016   4.2771737647456686E-016   1.0286715401909886E-016   6.9404110226103969E-017   5.5575642754601607E-017  -2.7970527820523780E-017  -1.5988043966593559E-016   6.1051724415160242E-017   3.5940675298811848E-016  0.51825981642384578        3.2327076095212857E-016
  -1.2150401092999377E-015   1.7175092943950732E-015  -7.1543831727379423E-002  -1.2100291587505562E-015   8.3631300511932066E-016   4.9639893002891100E-016   1.1313007414190224E-016   2.9465555394197449E-018  -2.1417306267923253E-016   2.4986508328745618E-017  -3.2486290000304006E-016   1.9480439944755768E-015  -4.2019321713124810E-016  -3.9033603978627748E-002  -9.9378422880849342E-016   4.1523847366731421E-016  0.60896086571103636        8.6214196063225307E-017   8.6478542730651010E-016  -5.1645639896107426E-017   1.7344608202469082E-016   3.9044428885989272E-016   5.1997804967246858E-016  -3.0768844325176074E-016  -1.1521928518818053E-017  -2.4115395055871992E-016   3.2327076095212857E-016  0.51825981642384977     
