  0.46948651767632388       -6.1706823723595347E-017   1.1748039077494784E-015  -5.3980463606001998E-016   8.9779473621847904E-017  -5.9876957147018337E-017  -5.6262644657671881E-017  -6.9464416694814165E-017   5.3126593576020613E-017  -5.7021636780650351E-017   5.6267605127483455E-015  0.44336482407986327       -5.3017085068572142E-016  -4.2671342367621198E-016 -0.13972496943833340       -2.5360640218209492E-016  -1.9212578127749697E-015  -2.9800887797960859E-016  -3.9832544232746926E-016  -1.9574761619061624E-016   7.4627111326745831E-017  -2.7187204763550406E-016   1.2175632841764050E-016  -2.3567770213625905E-015  -1.8807462200104827E-015 -0.17788246251123482       -2.3162711403461471E-016  -1.8937116042927312E-015
  -6.1706823723595347E-017  0.46948651767632837       -1.0434138704868392E-015   3.1997632785717491E-016   2.9443709316594793E-016  -8.6983238234898191E-017   7.6200500554790277E-017   2.0441190786331226E-016  -1.2641640938718008E-016   2.8310284774349339E-016  -6.3878431588739970E-016   2.2239909799997116E-016  0.44336482407986338       -8.2276388927500248E-017   2.6243973724371283E-016 -0.13972496943833154        9.4106291147865411E-016   8.6205273185715959E-016  -5.7377053229850565E-016  -7.6694288224675003E-017   5.1975735631049742E-016  -3.1020610563847269E-016  -9.5326322197555013E-016  -2.2998014303959024E-016   6.5215610263690320E-017   2.7985017743459285E-016 -0.17788246251123307        9.8424508580324743E-016
   1.1748039077494784E-015  -1.0434138704868392E-015  0.46948651767632832        8.3002214416641269E-017  -1.4745376473818162E-016  -3.1489726508224078E-017   6.0996371520732754E-017  -1.3858509710345707E-016  -1.2000080288201643E-016  -6.8814156492121793E-018   3.0627095410780894E-015  -1.3288007758783872E-015  -1.1449224899615920E-015  0.44336482407986405        1.5809804227216001E-016   1.0904622544968223E-015 -0.13972496943833365       -3.6788192485801231E-016  -3.5774779036210101E-016   8.8070080377235077E-017  -4.1919698619132151E-016   1.0173358231393017E-016   8.6898576576821328E-017   1.4567016660062545E-015  -6.4967454798810713E-016   1.1677532818212149E-016   1.1645100769423184E-015 -0.17788246251123499     
  -5.3980463606001998E-016   3.1997632785717491E-016   8.3002214416641269E-017  0.31192158766894829       -8.6498732536665565E-015  -2.2227483915984379E-016  -2.7140951850605736E-018  -5.6059731538883460E-015   1.6664127392254683E-016  -6.3988543420759035E-015  0.66812899567029504       -2.2413526466542649E-015  -3.1763956553682433E-017  -1.0908812032172687E-016   3.9224004149243687E-015  -8.7477608262683099E-016   1.1635519292165485E-015  -7.5466243831668604E-015   1.1319057991849390E-016  -1.0482009349192291E-015  -6.5802565602549370E-015   3.3198322791931976E-017  -5.0490496349704133E-015 -0.28982907423721571      -0.28035882349030450        3.9390478714938292E-015  -8.8659935667377190E-016   1.1293921567835680E-015
   8.9779473621847904E-017   2.9443709316594793E-016  -1.4745376473818162E-016  -8.6498732536665565E-015   3.1609846632653467E-003   8.9580086919314923E-018   6.1187380399881844E-017  -1.5804923316326634E-003   1.7322636393583704E-016  -1.5804923316327451E-003  -1.8393423652412269E-014   1.0862895027241169E-016   2.4467578604795540E-016  -1.3517625224326588E-016   1.2561387129373684E-016  -8.5891111656329863E-017  -3.0566203917826499E-016   7.8428153302141437E-002  -3.8629784592480675E-017   8.1371808264787566E-018  -3.9214076651068533E-002   1.7987600138221688E-015  -3.9214076651072655E-002   2.8408593848579892E-015   7.0452336524860388E-015   1.1247276576817675E-016  -1.0541005738095141E-016  -2.8922257962582446E-016
  -5.9876957147018337E-017  -8.6983238234898191E-017  -3.1489726508224078E-017  -2.2227483915984379E-016   8.9580086919314923E-018   3.1609846632656619E-003  -7.4911001593851759E-017  -3.4510769249055168E-018   6.3315024592989183E-017  -1.0553077610717743E-017  -4.8219313462725452E-016   1.2137102283298069E-017  -8.2294001552765921E-017  -1.2238680505932231E-018  -1.3536450279035068E-016   2.3088763902387729E-016  -5.1802509445460933E-016   2.7448272062365675E-016   7.8428153302145975E-002  -7.7104329221551201E-016   6.1202789120333571E-016   5.1887798392788077E-016  -9.1630330168075091E-016  -1.2603652137619022E-016   1.6613692593035636E-016  -1.3109088046155659E-016   2.3521529008798601E-016  -5.1603847601025677E-016
  -5.6262644657671881E-017   7.6200500554790277E-017   6.0996371520732754E-017  -2.7140951850605736E-018   6.1187380399881844E-017  -7.4911001593851759E-017   3.1609846632658554E-003  -3.5403946466826325E-017  -2.3999364997637894E-017  -2.1199120396129871E-017   1.1350405863826873E-016  -6.5920489389872954E-017   8.1906107734262348E-017   3.7427169276475726E-017   3.6659457104976282E-016   1.0473663656751646E-016   1.0087016166364899E-016   1.4983949309457523E-015  -9.5759742840882504E-016   7.8428153302148279E-002  -4.6057231218495409E-016  -3.2671376323644563E-016  -1.0348326453965513E-015  -2.8276884813868064E-016  -7.2338039407206211E-017   3.6185635075072381E-016   9.7104429213549885E-017   9.9100342735619537E-017
  -6.9464416694814165E-017   2.0441190786331226E-016  -1.3858509710345707E-016  -5.6059731538883460E-015  -1.5804923316326634E-003  -3.4510769249055168E-018  -3.5403946466826325E-017   3.1609846632657170E-003  -9.2964817341588429E-017  -1.5804923316329292E-003  -1.2258998093042222E-014  -6.5353051129080403E-017   1.5231988920764695E-016  -1.0910841514070158E-016  -3.7581392568006726E-017   4.3780423612375510E-016   9.1097982832178588E-016  -3.9214076651072516E-002  -6.9053852805138552E-016  -3.6967569783765565E-016   7.8428153302145920E-002  -1.0398038817639933E-015  -3.9214076651073369E-002  -8.0307942122397837E-016   4.2947453152937086E-015  -2.4019786881560298E-017   4.2321488519661898E-016   9.2136993947205743E-016
   5.3126593576020613E-017  -1.2641640938718008E-016  -1.2000080288201643E-016   1.6664127392254683E-016   1.7322636393583704E-016   6.3315024592989183E-017  -2.3999364997637894E-017  -9.2964817341588429E-017   3.1609846632656242E-003  -7.1411309609984675E-017   3.2191445463943310E-016   1.0892257631094464E-016  -1.0232243144487843E-016  -1.2253314573045807E-016  -1.4584919749690090E-016   4.8653029569965933E-017   2.5958762422320263E-016   2.4384121905343102E-015   9.7059303140207415E-016  -2.1810063423415810E-016  -1.1904611851691391E-015   7.8428153302145504E-002  -1.2259683828015667E-015  -1.6639234948309354E-016  -1.4209299421663069E-016  -1.4464135380685513E-016   6.0395367466254035E-017   2.6897956384817568E-016
  -5.7021636780650351E-017   2.8310284774349339E-016  -6.8814156492121793E-018  -6.3988543420759035E-015  -1.5804923316327451E-003  -1.0553077610717743E-017  -2.1199120396129871E-017  -1.5804923316329292E-003  -7.1411309609984675E-017   3.1609846632656121E-003  -1.3850315064091836E-014  -8.1484196508238921E-017   3.3601089295628213E-016  -3.2868639408791261E-017   4.2624023334022927E-016   1.8776488729293198E-016  -4.4275609119913374E-016  -3.9214076651070455E-002   6.0396837271020562E-016   4.7528257456124359E-016  -3.9214076651074292E-002  -5.3937279311965430E-016   7.8428153302144477E-002   1.0277447244079884E-015   5.1131746309237137E-015   4.2974932829797432E-016   1.5977215349635867E-016  -4.4563686105932290E-016
   5.6267605127483455E-015  -6.3878431588739970E-016   3.0627095410780894E-015  0.66812899567029504       -1.8393423652412269E-014  -4.8219313462725452E-016   1.1350405863826873E-016  -1.2258998093042222E-014   3.2191445463943310E-016  -1.3850315064091836E-014   1.4315257158970838        1.6728535808949776E-015  -1.3113421668957453E-015   2.4577585845641033E-015  -5.0782013181855727E-015   9.3516190670315745E-016  -3.4441975977783451E-015  -1.1140504025499652E-014   2.2721423008759682E-016   8.1113778754529670E-016  -1.8216046738618833E-014  -7.9625374149447252E-016  -1.2623530408099731E-014 -0.59555167974968348      -0.59721534967726431       -5.6184312468686015E-015   1.0357253218118057E-015  -3.7673189291066127E-015
  0.44336482407986327        2.2239909799997116E-016  -1.3288007758783872E-015  -2.2413526466542649E-015   1.0862895027241169E-016   1.2137102283298069E-017  -6.5920489389872954E-017  -6.5353051129080403E-017   1.0892257631094464E-016  -8.1484196508238921E-017   1.6728535808949776E-015  0.41872690591670703       -2.3630055724340594E-016  -2.7473000818407500E-015 -0.13626763823396937       -9.4513399610891127E-017   3.2433353889184200E-015   3.3466179966790994E-016   1.3024997423570034E-015  -4.4253048814932125E-016   6.4281884056119520E-017   1.1820723989980215E-015  -4.9785161244631249E-016  -1.4246942473030829E-015  -3.4990478660552970E-016 -0.17231020735526889       -9.6787414437169068E-017   3.4786324066383961E-015
  -5.3017085068572142E-016  0.44336482407986338       -1.1449224899615920E-015  -3.1763956553682433E-017   2.4467578604795540E-016  -8.2294001552765921E-017   8.1906107734262348E-017   1.5231988920764695E-016  -1.0232243144487843E-016   3.3601089295628213E-016  -1.3113421668957453E-015  -2.3630055724340594E-016  0.41872690591670342       -2.0588254978731611E-016   2.5656078166316258E-016 -0.13626763823397195       -9.9798199978635037E-016  -1.1375006651456872E-017  -5.1143526586279743E-016   1.9776290055575039E-016  -4.3473499231592138E-016   1.3230566086239227E-016   8.5217554834700921E-016   1.6009847733058961E-015   5.6426850557805180E-016   3.0866703050211301E-016 -0.17231020735527128       -9.4897320667595208E-016
  -4.2671342367621198E-016  -8.2276388927500248E-017  0.44336482407986405       -1.0908812032172687E-016  -1.3517625224326588E-016  -1.2238680505932231E-018   3.7427169276475726E-017  -1.0910841514070158E-016  -1.2253314573045807E-016  -3.2868639408791261E-017   2.4577585845641033E-015  -2.7473000818407500E-015  -2.0588254978731611E-016  0.41872690591670458        2.2199664168439323E-015  -5.0433200654730480E-016 -0.13626763823397126       -3.0426268474944293E-016   2.7565397615129307E-016  -3.9861455978474244E-016   3.0065192162748588E-016  -9.1236157797055268E-017  -6.5455178540922113E-016  -2.7172089073077199E-015  -1.0153721017880309E-015   2.2996780758251133E-015  -5.0716217824716502E-016 -0.17231020735527047     
 -0.13972496943833340        2.6243973724371283E-016   1.5809804227216001E-016   3.9224004149243687E-015   1.2561387129373684E-016  -1.3536450279035068E-016   3.6659457104976282E-016  -3.7581392568006726E-017  -1.4584919749690090E-016   4.2624023334022927E-016  -5.0782013181855727E-015 -0.13626763823396937        2.5656078166316258E-016   2.2199664168439323E-015  0.65468753001918101        5.5386581559096174E-017  -1.7054940630329506E-015   3.9265044879560592E-016  -6.8787522166164956E-017   2.7101816758958368E-016   2.8043498909547196E-016  -4.6216373550295397E-016  -2.2573320766462623E-016   1.9564289064153075E-015   1.2621127844313153E-015  0.66719627397181080        1.2118032946941254E-016  -2.1806885814607174E-015
  -2.5360640218209492E-016 -0.13972496943833154        1.0904622544968223E-015  -8.7477608262683099E-016  -8.5891111656329863E-017   2.3088763902387729E-016   1.0473663656751646E-016   4.3780423612375510E-016   4.8653029569965933E-017   1.8776488729293198E-016   9.3516190670315745E-016  -9.4513399610891127E-017 -0.13626763823397195       -5.0433200654730480E-016   5.5386581559096174E-017  0.65468753001917823        2.0842699095448012E-017  -5.9927503303562754E-016   4.0782218975856423E-016  -1.4407352811346286E-016   1.8577791907223177E-016   8.7100854463373912E-017   9.2438447047406722E-017  -9.6277579346875157E-016  -2.7235790926521007E-016   4.1914217506746880E-016  0.66719627397181003        1.0227326945814777E-016
  -1.9212578127749697E-015   9.4106291147865411E-016 -0.13972496943833365        1.1635519292165485E-015  -3.0566203917826499E-016  -5.1802509445460933E-016   1.0087016166364899E-016   9.1097982832178588E-016   2.5958762422320263E-016  -4.4275609119913374E-016  -3.4441975977783451E-015   3.2433353889184200E-015  -9.9798199978635037E-016 -0.13626763823397126       -1.7054940630329506E-015   2.0842699095448012E-017  0.65468753001917779       -3.3777752449734078E-016   3.6702137770720412E-016   2.5761363570662935E-016  -5.2084706478534119E-016  -3.2423100868110682E-016   6.3232546606116966E-016   9.2360288424158058E-016   1.0991379206561732E-015  -2.6955694169104665E-016  -4.8019632937906851E-016  0.66719627397180936     
  -2.9800887797960859E-016   8.6205273185715959E-016  -3.6788192485801231E-016  -7.5466243831668604E-015   7.8428153302141437E-002   2.7448272062365675E-016   1.4983949309457523E-015  -3.9214076651072516E-002   2.4384121905343102E-015  -3.9214076651070455E-002  -1.1140504025499652E-014   3.3466179966790994E-016  -1.1375006651456872E-017  -3.0426268474944293E-016   3.9265044879560592E-016  -5.9927503303562754E-016  -3.3777752449734078E-016   1.9459048004459931        3.3724108575161517E-016  -2.8797934360519809E-016 -0.97295240022299323       -1.5084640351062482E-015 -0.97295240022299390       -1.7473159793925272E-014   2.3618314836732240E-015   2.6533280201414693E-016  -5.6061069630178726E-016  -1.8187615470382066E-016
  -3.9832544232746926E-016  -5.7377053229850565E-016  -3.5774779036210101E-016   1.1319057991849390E-016  -3.8629784592480675E-017   7.8428153302145975E-002  -9.5759742840882504E-016  -6.9053852805138552E-016   9.7059303140207415E-016   6.0396837271020562E-016   2.2721423008759682E-016   1.3024997423570034E-015  -5.1143526586279743E-016   2.7565397615129307E-016  -6.8787522166164956E-017   4.0782218975856423E-016   3.6702137770720412E-016   3.3724108575161517E-016   1.9459048004460238        3.2254116776519667E-015   1.7650811368063941E-016  -2.0210341646759167E-015  -1.2530124507414985E-015   3.6243044767237923E-017   1.6239684017914934E-016  -4.4330661950293016E-017   3.7730868985705806E-016   4.0697741582912218E-016
  -1.9574761619061624E-016  -7.6694288224675003E-017   8.8070080377235077E-017  -1.0482009349192291E-015   8.1371808264787566E-018  -7.7104329221551201E-016   7.8428153302148279E-002  -3.6967569783765565E-016  -2.1810063423415810E-016   4.7528257456124359E-016   8.1113778754529670E-016  -4.4253048814932125E-016   1.9776290055575039E-016  -3.9861455978474244E-016   2.7101816758958368E-016  -1.4407352811346286E-016   2.5761363570662935E-016  -2.8797934360519809E-016   3.2254116776519667E-015   1.9459048004460195        1.1951770411029758E-015   1.2565013794512377E-015  -8.3306198582228544E-016  -1.7319808151321339E-016  -1.3656389387047317E-016   3.9991952839448897E-017  -1.7980095589489558E-016   3.2452754601178128E-016
   7.4627111326745831E-017   5.1975735631049742E-016  -4.1919698619132151E-016  -6.5802565602549370E-015  -3.9214076651068533E-002   6.1202789120333571E-016  -4.6057231218495409E-016   7.8428153302145920E-002  -1.1904611851691391E-015  -3.9214076651074292E-002  -1.8216046738618833E-014   6.4281884056119520E-017  -4.3473499231592138E-016   3.0065192162748588E-016   2.8043498909547196E-016   1.8577791907223177E-016  -5.2084706478534119E-016 -0.97295240022299323        1.7650811368063941E-016   1.1951770411029758E-015   1.9459048004459873        1.8934303452379433E-015 -0.97295240022299334       -1.2624905980493672E-014   4.5332885380512408E-015   4.7405939785311186E-016   1.7113962039876815E-016  -5.5022832805853154E-016
  -2.7187204763550406E-016  -3.1020610563847269E-016   1.0173358231393017E-016   3.3198322791931976E-017   1.7987600138221688E-015   5.1887798392788077E-016  -3.2671376323644563E-016  -1.0398038817639933E-015   7.8428153302145504E-002  -5.3937279311965430E-016  -7.9625374149447252E-016   1.1820723989980215E-015   1.3230566086239227E-016  -9.1236157797055268E-017  -4.6216373550295397E-016   8.7100854463373912E-017  -3.2423100868110682E-016  -1.5084640351062482E-015  -2.0210341646759167E-015   1.2565013794512377E-015   1.8934303452379433E-015   1.9459048004460242        1.6046192152784487E-016  -2.1170017782615243E-016   1.7471934381136978E-016  -2.9792286037115358E-016   1.4820783326470753E-016  -3.5245424305512010E-016
   1.2175632841764050E-016  -9.5326322197555013E-016   8.6898576576821328E-017  -5.0490496349704133E-015  -3.9214076651072655E-002  -9.1630330168075091E-016  -1.0348326453965513E-015  -3.9214076651073369E-002  -1.2259683828015667E-015   7.8428153302144477E-002  -1.2623530408099731E-014  -4.9785161244631249E-016   8.5217554834700921E-016  -6.5455178540922113E-016  -2.2573320766462623E-016   9.2438447047406722E-017   6.3232546606116966E-016 -0.97295240022299390       -1.2530124507414985E-015  -8.3306198582228544E-016 -0.97295240022299334        1.6046192152784487E-016   1.9459048004459805       -8.0779177552429713E-015   3.0087401200421840E-015  -2.8299622657949956E-016   3.3218480197676497E-017   5.6189530171542771E-016
  -2.3567770213625905E-015  -2.2998014303959024E-016   1.4567016660062545E-015 -0.28982907423721571        2.8408593848579892E-015  -1.2603652137619022E-016  -2.8276884813868064E-016  -8.0307942122397837E-016  -1.6639234948309354E-016   1.0277447244079884E-015 -0.59555167974968348       -1.4246942473030829E-015   1.6009847733058961E-015  -2.7172089073077199E-015   1.9564289064153075E-015  -9.6277579346875157E-016   9.2360288424158058E-016  -1.7473159793925272E-014   3.6243044767237923E-017  -1.7319808151321339E-016  -1.2624905980493672E-014  -2.1170017782615243E-016  -8.0779177552429713E-015   1.8307494881731305       0.46495431344577759        1.9934390960355918E-015  -1.1186313779846534E-016   4.6844307367787229E-016
  -1.8807462200104827E-015   6.5215610263690320E-017  -6.4967454798810713E-016 -0.28035882349030450        7.0452336524860388E-015   1.6613692593035636E-016  -7.2338039407206211E-017   4.2947453152937086E-015  -1.4209299421663069E-016   5.1131746309237137E-015 -0.59721534967726431       -3.4990478660552970E-016   5.6426850557805180E-016  -1.0153721017880309E-015   1.2621127844313153E-015  -2.7235790926521007E-016   1.0991379206561732E-015   2.3618314836732240E-015   1.6239684017914934E-016  -1.3656389387047317E-016   4.5332885380512408E-015   1.7471934381136978E-016   3.0087401200421840E-015  0.46495431344577759       0.27876038629019961        1.4224010268740702E-015  -1.8107189193579182E-016   1.1322541111625460E-015
 -0.17788246251123482        2.7985017743459285E-016   1.1677532818212149E-016   3.9390478714938292E-015   1.1247276576817675E-016  -1.3109088046155659E-016   3.6185635075072381E-016  -2.4019786881560298E-017  -1.4464135380685513E-016   4.2974932829797432E-016  -5.6184312468686015E-015 -0.17231020735526889        3.0866703050211301E-016   2.2996780758251133E-015  0.66719627397181080        4.1914217506746880E-016  -2.6955694169104665E-016   2.6533280201414693E-016  -4.4330661950293016E-017   3.9991952839448897E-017   4.7405939785311186E-016  -2.9792286037115358E-016  -2.8299622657949956E-016   1.9934390960355918E-015   1.4224010268740702E-015  0.68280843308953609        4.8296768529946951E-016  -7.4974500168719354E-016
  -2.3162711403461471E-016 -0.17788246251123307        1.1645100769423184E-015  -8.8659935667377190E-016  -1.0541005738095141E-016   2.3521529008798601E-016   9.7104429213549885E-017   4.2321488519661898E-016   6.0395367466254035E-017   1.5977215349635867E-016   1.0357253218118057E-015  -9.6787414437169068E-017 -0.17231020735527128       -5.0716217824716502E-016   1.2118032946941254E-016  0.66719627397181003       -4.8019632937906851E-016  -5.6061069630178726E-016   3.7730868985705806E-016  -1.7980095589489558E-016   1.7113962039876815E-016   1.4820783326470753E-016   3.3218480197676497E-017  -1.1186313779846534E-016  -1.8107189193579182E-016   4.8296768529946951E-016  0.68280843308953743       -4.0196077307211431E-016
  -1.8937116042927312E-015   9.8424508580324743E-016 -0.17788246251123499        1.1293921567835680E-015  -2.8922257962582446E-016  -5.1603847601025677E-016   9.9100342735619537E-017   9.2136993947205743E-016   2.6897956384817568E-016  -4.4563686105932290E-016  -3.7673189291066127E-015   3.4786324066383961E-015  -9.4897320667595208E-016 -0.17231020735527047       -2.1806885814607174E-015   1.0227326945814777E-016  0.66719627397180936       -1.8187615470382066E-016   4.0697741582912218E-016   3.2452754601178128E-016  -5.5022832805853154E-016  -3.5245424305512010E-016   5.6189530171542771E-016   4.6844307367787229E-016   1.1322541111625460E-015  -7.4974500168719354E-016  -4.0196077307211431E-016  0.68280843308953654     
