  0.19968548367001984        4.8774534944503905E-017  -2.0158966427059569E-016  -8.5955763952765458E-016   3.1894831675642306E-017   1.5657877670403462E-018   1.1134200862170147E-017  -1.3787216992589671E-017  -2.0502535417917649E-017  -1.1580231737956762E-018   8.7319153122453030E-002   1.3489685062667917E-017  -1.0728647419520329E-016  -1.4991868747676980E-015   2.9353889712104324E-016  -4.6943691433605070E-017   2.4364319798070459E-016  -2.1639986622462476E-016  -3.5026004216355643E-016  -8.1278233363838125E-017  -3.4757418116625041E-002  -3.1603394737922457E-016   1.0821365194133203E-015   3.7356588803459485E-015  -7.2360592162395032E-016  -3.4749790659529017E-002  -2.5431153508980358E-016   8.7355969423333241E-016
   4.8774534944503905E-017  0.19968548367002301        7.5799155171940368E-017  -1.4196296145446634E-016   1.3874119702265306E-016  -4.8215744127954505E-018   4.0331952514786699E-017   2.9922618077031634E-016  -2.2808908875275587E-018   2.2102939864690754E-016   1.8925097887334259E-017   8.7319153122452128E-002   8.5553004724114865E-018   8.9657217542425284E-016  -1.1190960935896980E-015  -2.7116598352776952E-017   5.7397673254342927E-016   1.1924340780687947E-015  -2.9271755687525747E-017   1.2583297722704409E-016   3.6482913358519045E-016  -3.4757418116628802E-002  -9.6806481190051040E-016  -6.7245200699842818E-015   2.0040364274684625E-015   2.9051399384905286E-016  -3.4749790659532050E-002  -7.7508061156865834E-016
  -2.0158966427059569E-016   7.5799155171940368E-017  0.19968548367002117        4.8599538422554020E-016  -1.2632200308928391E-016  -1.6983548447341579E-016   4.7293596170837882E-017  -3.8397110677404290E-017  -6.6889288435658545E-017  -1.1715673638202320E-016  -1.2386860859204316E-016   2.6970717837967022E-017   8.7319153122452878E-002  -3.2417963132267730E-016  -2.9487341548464451E-016  -2.3288834567296342E-015   6.3774360679238272E-016   8.2640851170032029E-016  -9.0891654041137599E-016  -1.8243228075516242E-016   5.2145937418583067E-016  -4.6391940816743585E-016  -3.4757418116626325E-002   2.5702783114783316E-015  -8.2844025306874205E-016   4.2771950846261745E-016  -3.7283189809118507E-016  -3.4749790659530072E-002
  -8.5955763952765458E-016  -1.4196296145446634E-016   4.8599538422554020E-016  0.36976985995948042       -6.8862004380222978E-015   8.1939805231458438E-016  -4.5247109221445733E-016  -3.9575569789485369E-015   4.3912033650211404E-016  -4.0077434952414980E-015   4.9760970825074785E-016  -5.6424539614152797E-016  -1.9188659825850112E-016  0.67385776687446353        5.4584750932811940E-015  -4.2304326729556366E-016  -3.2474102291813486E-015  -1.5062417940569527E-014  -1.0445672449137738E-015  -1.8385890694717462E-014  -2.1866783396810163E-016   6.0803705334298490E-016  -5.7183349189670465E-016 -0.49828002210404199       -6.4291018452408755E-002  -2.1368751878666061E-016   4.6547309337914799E-016  -4.9146109959023498E-016
   3.1894831675642306E-017   1.3874119702265306E-016  -1.2632200308928391E-016  -6.8862004380222978E-015   9.0897626756584141E-003  -1.5227121880703983E-016   1.6423227693439734E-017  -4.5448813378297257E-003   3.2956265267541026E-016  -4.5448813378297136E-003  -2.0796215216451443E-016   1.7340957072409981E-016   1.6125346138285505E-016  -1.4694571619675862E-014  0.13098892581227931       -5.0639610641714810E-016   3.1249247709877122E-016  -6.5494462906139292E-002   1.9703682536611982E-015  -6.5494462906140610E-002  -1.5457580766627389E-016  -9.9078736664902865E-017   1.4663978352138390E-015   1.6203187423297852E-014  -5.4771882406866773E-016  -1.2158716882730508E-016  -8.7199379665005784E-017   1.1605364097326223E-015
   1.5657877670403462E-018  -4.8215744127954505E-018  -1.6983548447341579E-016   8.1939805231458438E-016  -1.5227121880703983E-016   9.0897626756621316E-003   1.0358344736149076E-016   9.8975799886657057E-017   3.6067615806154484E-017   3.9407784354525559E-017  -2.1481724880268204E-016  -6.3267548721825833E-017   2.1363146253410343E-016   1.4933462701078872E-015  -1.6216666003749990E-015  0.13098892581230559        4.2781940099919876E-016   1.2715285909684497E-015   7.4845779395168584E-016   3.6344489700785640E-016  -4.2919516385057310E-016  -1.2945246970876802E-016   7.3772502917575145E-017  -3.9933700218463105E-015   8.6188140897483242E-016  -3.3854064537260657E-016  -1.0160596200157639E-016   4.5751051929586154E-017
   1.1134200862170147E-017   4.0331952514786699E-017   4.7293596170837882E-017  -4.5247109221445733E-016   1.6423227693439734E-017   1.0358344736149076E-016   9.0897626756618211E-003   8.3267573879872529E-018   1.0270885937367156E-016  -4.9680176422355754E-017   1.5384857329920310E-016  -3.1337009398643564E-017  -1.7722405014452638E-016   2.6137938292764856E-018   4.7551582625915206E-017   1.0006643950954959E-015  0.13098892581230340       -4.3367917492829425E-016   5.6420906968256348E-016   4.3195122771591761E-016   1.8729519415748761E-016  -6.8797518078309992E-017  -2.4406361463272111E-016  -1.4256675484365436E-015   5.3959491107344747E-016   1.4621193471614015E-016  -5.3913196900693219E-017  -1.8666494241579998E-016
  -1.3787216992589671E-017   2.9922618077031634E-016  -3.8397110677404290E-017  -3.9575569789485369E-015  -4.5448813378297257E-003   9.8975799886657057E-017   8.3267573879872529E-018   9.0897626756601731E-003  -1.8908938521378729E-016  -4.5448813378298723E-003   2.1600562463818920E-016   5.9115493591775269E-017  -1.3986825527325817E-016  -6.4504018769934402E-015  -6.5494462906147785E-002   1.9210368430548309E-016   6.2961483628718760E-016  0.13098892581229227       -6.5839828638429008E-016  -6.5494462906144038E-002   3.5090458968395131E-016  -1.0047830335538150E-015  -3.5967683954219156E-016   5.5641289877890936E-015   4.4105549711468975E-016   2.7530542047773739E-016  -8.1245985920035026E-016  -2.7146874208292192E-016
  -2.0502535417917649E-017  -2.2808908875275587E-018  -6.6889288435658545E-017   4.3912033650211404E-016   3.2956265267541026E-016   3.6067615806154484E-017   1.0270885937367156E-016  -1.8908938521378729E-016   9.0897626756622132E-003  -2.0855576405868727E-016  -6.3298357349024830E-017  -2.2197388250627219E-017   1.0776225671762051E-016   1.0337071914845641E-015   2.5618174794109725E-015  -1.6465219351792138E-016   7.8452149223045797E-016  -1.9436763396690874E-015  0.13098892581230620       -6.2392743356284111E-016   6.7902959626921543E-018  -2.9722627667006828E-017  -4.5498610869411180E-016  -5.3311690401041679E-015   1.4640967777847504E-015   6.2691190011243124E-018  -2.1407713754568168E-017  -3.7037461022356254E-016
  -1.1580231737956762E-018   2.2102939864690754E-016  -1.1715673638202320E-016  -4.0077434952414980E-015  -4.5448813378297136E-003   3.9407784354525559E-017  -4.9680176422355754E-017  -4.5448813378298723E-003  -2.0855576405868727E-016   9.0897626756600361E-003   1.6541832611733613E-018   3.6106478367471772E-017  -1.2581174556748464E-016  -5.8591936777810666E-015  -6.5494462906146314E-002   1.1416310063093172E-016  -1.3013695617002315E-015  -6.5494462906144676E-002  -2.2930799715103130E-015  0.13098892581229113       -3.6622881952425869E-017  -4.0102391990450409E-016   2.8244755859672648E-016   3.5995878694984574E-015   8.9671958064126245E-016  -2.6643779939744934E-017  -3.2630335841718894E-016   2.3123827645954552E-016
   8.7319153122453030E-002   1.8925097887334259E-017  -1.2386860859204316E-016   4.9760970825074785E-016  -2.0796215216451443E-016  -2.1481724880268204E-016   1.5384857329920310E-016   2.1600562463818920E-016  -6.3298357349024830E-017   1.6541832611733613E-018   3.8334417264229835E-002   3.9963120566913668E-019  -8.0760768843373819E-017   8.9726087612781762E-016  -3.0244006298383548E-015  -3.0182865474963158E-015   2.2070444314289569E-015   3.0199114969879807E-015  -9.2882459245146113E-016   3.4924257163076268E-018  -4.4400240909119974E-003  -1.9692080426990455E-016  -4.2537331101968515E-016  -3.2399235760218925E-015   7.6803260846187526E-016  -6.5951227809429962E-003  -1.5736471318074527E-016  -3.3860749106769080E-016
   1.3489685062667917E-017   8.7319153122452128E-002   2.6970717837967022E-017  -5.6424539614152797E-016   1.7340957072409981E-016  -6.3267548721825833E-017  -3.1337009398643564E-017   5.9115493591775269E-017  -2.2197388250627219E-017   3.6106478367471772E-017   3.9963120566913668E-019   3.8334417264228524E-002   7.7519474474991376E-018  -4.6216131645024688E-016   1.1460684845029748E-015  -8.6637221127027600E-016  -4.4358404379479484E-016  -3.1964553394787071E-016  -3.1657985005792506E-016  -7.3695257297947361E-016  -9.1036569447702380E-017  -4.4400240909102020E-003  -1.3666103035455688E-017   5.3165560999580796E-015  -1.5679744267413467E-015  -7.4179347753925622E-017  -6.5951227809414974E-003  -1.1645780368558133E-017
  -1.0728647419520329E-016   8.5553004724114865E-018   8.7319153122452878E-002  -1.9188659825850112E-016   1.6125346138285505E-016   2.1363146253410343E-016  -1.7722405014452638E-016  -1.3986825527325817E-016   1.0776225671762051E-016  -1.2581174556748464E-016  -8.0760768843373819E-017   7.7519474474991376E-018   3.8334417264229419E-002  -8.5946668029927524E-016   2.6918139296566179E-015   3.0977904220519626E-015  -2.5234688650776391E-015  -1.3364536218975704E-015   1.6533216274776381E-015  -1.1947789295755564E-015  -1.4953505533612053E-016  -1.3850715340047011E-016  -4.4400240909139681E-003   2.5282627430712078E-016   1.7774587637275576E-016  -1.1483522127458392E-016  -1.0938838991557148E-016  -6.5951227809445834E-003
  -1.4991868747676980E-015   8.9657217542425284E-016  -3.2417963132267730E-016  0.67385776687446353       -1.4694571619675862E-014   1.4933462701078872E-015   2.6137938292764856E-018  -6.4504018769934402E-015   1.0337071914845641E-015  -5.8591936777810666E-015   8.9726087612781762E-016  -4.6216131645024688E-016  -8.5946668029927524E-016   1.2285545410623120       -2.1730069638264294E-014  -3.6623674771730367E-016   6.2398354618724379E-015  -1.6611378452185524E-014   2.1667489902104895E-015  -1.2505863263860812E-014  -1.7749912124270004E-016  -8.9651993212236443E-016   1.6358842775808700E-015 -0.86084228634188431      -0.13296447104363138       -2.2767112326330443E-016  -7.7871345559246566E-016   1.2906898323114276E-015
   2.9353889712104324E-016  -1.1190960935896980E-015  -2.9487341548464451E-016   5.4584750932811940E-015  0.13098892581227931       -1.6216666003749990E-015   4.7551582625915206E-017  -6.5494462906147785E-002   2.5618174794109725E-015  -6.5494462906146314E-002  -3.0244006298383548E-015   1.1460684845029748E-015   2.6918139296566179E-015  -2.1730069638264294E-014   1.8876288961209842        9.5478909067219848E-016   1.7779695901318471E-015 -0.94381444806049619       -3.1272524175264486E-015 -0.94381444806049641        1.0094647484193093E-015  -1.1828729478554840E-016  -4.1133466457726642E-016   2.5335478846045151E-014  -3.6401187272087103E-015   8.4123831957696066E-016  -1.0103279324764387E-016  -5.5023597158138802E-016
  -4.6943691433605070E-017  -2.7116598352776952E-017  -2.3288834567296342E-015  -4.2304326729556366E-016  -5.0639610641714810E-016  0.13098892581230559        1.0006643950954959E-015   1.9210368430548309E-016  -1.6465219351792138E-016   1.1416310063093172E-016  -3.0182865474963158E-015  -8.6637221127027600E-016   3.0977904220519626E-015  -3.6623674771730367E-016   9.5478909067219848E-016   1.8876288961209693       -9.2536655421637941E-016   5.3795401293298441E-016   9.2294065185544132E-016  -1.3010426069826128E-015   1.4945260248670842E-015   3.5956278625719347E-017  -1.2776598755084427E-015  -5.5380049674121784E-015   2.6546708712148518E-015   1.2626782710236296E-015   5.4295715798349235E-017  -1.2159965361429605E-015
   2.4364319798070459E-016   5.7397673254342927E-016   6.3774360679238272E-016  -3.2474102291813486E-015   3.1249247709877122E-016   4.2781940099919876E-016  0.13098892581230340        6.2961483628718760E-016   7.8452149223045797E-016  -1.3013695617002315E-015   2.2070444314289569E-015  -4.4358404379479484E-016  -2.5234688650776391E-015   6.2398354618724379E-015   1.7779695901318471E-015  -9.2536655421637941E-016   1.8876288961209708        1.0943394627982966E-015  -1.8931457421676718E-015  -2.2119621672505769E-015  -6.1601963903704397E-016  -1.9583221370788697E-016   1.8657224430330490E-017  -4.0230047144431415E-015   2.0008157674879515E-016  -5.4588954554387923E-016  -1.4069749555594300E-016   1.3798966513321589E-016
  -2.1639986622462476E-016   1.1924340780687947E-015   8.2640851170032029E-016  -1.5062417940569527E-014  -6.5494462906139292E-002   1.2715285909684497E-015  -4.3367917492829425E-016  0.13098892581229227       -1.9436763396690874E-015  -6.5494462906144676E-002   3.0199114969879807E-015  -3.1964553394787071E-016  -1.3364536218975704E-015  -1.6611378452185524E-014 -0.94381444806049619        5.3795401293298441E-016   1.0943394627982966E-015   1.8876288961209922        1.7698584026289287E-015 -0.94381444806048942       -9.9642426399300619E-016  -2.3087066799329599E-016  -2.9838751329872960E-017   1.1372970943103754E-014   3.1612491330581617E-015  -8.7084877371224508E-016  -2.0912605075080707E-016   1.5930610514958238E-016
  -3.5026004216355643E-016  -2.9271755687525747E-017  -9.0891654041137599E-016  -1.0445672449137738E-015   1.9703682536611982E-015   7.4845779395168584E-016   5.6420906968256348E-016  -6.5839828638429008E-016  0.13098892581230620       -2.2930799715103130E-015  -9.2882459245146113E-016  -3.1657985005792506E-016   1.6533216274776381E-015   2.1667489902104895E-015  -3.1272524175264486E-015   9.2294065185544132E-016  -1.8931457421676718E-015   1.7698584026289287E-015   1.8876288961209702        1.2740120915698354E-015   6.2744295848461837E-016  -3.0621587639099333E-016  -1.1331412805332334E-015  -4.7001642781141683E-015   1.5630476955678172E-015   5.1559774873515881E-016  -2.1101516611814851E-016  -1.0038160208339030E-015
  -8.1278233363838125E-017   1.2583297722704409E-016  -1.8243228075516242E-016  -1.8385890694717462E-014  -6.5494462906140610E-002   3.6344489700785640E-016   4.3195122771591761E-016  -6.5494462906144038E-002  -6.2392743356284111E-016  0.13098892581229113        3.4924257163076268E-018  -7.3695257297947361E-016  -1.1947789295755564E-015  -1.2505863263860812E-014 -0.94381444806049641       -1.3010426069826128E-015  -2.2119621672505769E-015 -0.94381444806048942        1.2740120915698354E-015   1.8876288961209879        4.5551721698280569E-017   4.8357430337877212E-016   9.4429130686926860E-016   1.5152132646557458E-014   6.1118828764871003E-016   7.6592276109625148E-017   4.1066112318703064E-016   7.8093489276458114E-016
  -3.4757418116625041E-002   3.6482913358519045E-016   5.2145937418583067E-016  -2.1866783396810163E-016  -1.5457580766627389E-016  -4.2919516385057310E-016   1.8729519415748761E-016   3.5090458968395131E-016   6.7902959626921543E-018  -3.6622881952425869E-017  -4.4400240909119974E-003  -9.1036569447702380E-017  -1.4953505533612053E-016  -1.7749912124270004E-016   1.0094647484193093E-015   1.4945260248670842E-015  -6.1601963903704397E-016  -9.9642426399300619E-016   6.2744295848461837E-016   4.5551721698280569E-017  0.77161414674161699        3.7785364413836347E-016   5.3411335379190311E-016   1.6349885168371336E-015  -4.7982118413687549E-016  0.61802533491123701        3.3918494638932893E-016   1.5627616704683643E-016
  -3.1603394737922457E-016  -3.4757418116628802E-002  -4.6391940816743585E-016   6.0803705334298490E-016  -9.9078736664902865E-017  -1.2945246970876802E-016  -6.8797518078309992E-017  -1.0047830335538150E-015  -2.9722627667006828E-017  -4.0102391990450409E-016  -1.9692080426990455E-016  -4.4400240909102020E-003  -1.3850715340047011E-016  -8.9651993212236443E-016  -1.1828729478554840E-016   3.5956278625719347E-017  -1.9583221370788697E-016  -2.3087066799329599E-016  -3.0621587639099333E-016   4.8357430337877212E-016   3.7785364413836347E-016  0.77161414674161877       -3.8527436450060500E-016  -9.7193611761389069E-016   4.1694456304879455E-016   2.2837808790793030E-016  0.61802533491123801       -3.2046242715857434E-016
   1.0821365194133203E-015  -9.6806481190051040E-016  -3.4757418116626325E-002  -5.7183349189670465E-016   1.4663978352138390E-015   7.3772502917575145E-017  -2.4406361463272111E-016  -3.5967683954219156E-016  -4.5498610869411180E-016   2.8244755859672648E-016  -4.2537331101968515E-016  -1.3666103035455688E-017  -4.4400240909139681E-003   1.6358842775808700E-015  -4.1133466457726642E-016  -1.2776598755084427E-015   1.8657224430330490E-017  -2.9838751329872960E-017  -1.1331412805332334E-015   9.4429130686926860E-016   5.3411335379190311E-016  -3.8527436450060500E-016  0.77161414674162343       -3.9595939226152603E-015   1.3176047634798111E-015   3.3710090179884231E-016  -1.7888709066314181E-016  0.61802533491124056     
   3.7356588803459485E-015  -6.7245200699842818E-015   2.5702783114783316E-015 -0.49828002210404199        1.6203187423297852E-014  -3.9933700218463105E-015  -1.4256675484365436E-015   5.5641289877890936E-015  -5.3311690401041679E-015   3.5995878694984574E-015  -3.2399235760218925E-015   5.3165560999580796E-015   2.5282627430712078E-016 -0.86084228634188431        2.5335478846045151E-014  -5.5380049674121784E-015  -4.0230047144431415E-015   1.1372970943103754E-014  -4.7001642781141683E-015   1.5152132646557458E-014   1.6349885168371336E-015  -9.7193611761389069E-016  -3.9595939226152603E-015   4.8303577079671882       -1.3054978653414737        1.6242824006600471E-016   8.7942132829037055E-016  -2.9326711709642923E-015
  -7.2360592162395032E-016   2.0040364274684625E-015  -8.2844025306874205E-016  -6.4291018452408755E-002  -5.4771882406866773E-016   8.6188140897483242E-016   5.3959491107344747E-016   4.4105549711468975E-016   1.4640967777847504E-015   8.9671958064126245E-016   7.6803260846187526E-016  -1.5679744267413467E-015   1.7774587637275576E-016 -0.13296447104363138       -3.6401187272087103E-015   2.6546708712148518E-015   2.0008157674879515E-016   3.1612491330581617E-015   1.5630476955678172E-015   6.1118828764871003E-016  -4.7982118413687549E-016   4.1694456304879455E-016   1.3176047634798111E-015  -1.3054978653414737       0.47717417992929378        2.4224546402563431E-017  -1.9657982764366063E-016   9.8518264128271651E-016
  -3.4749790659529017E-002   2.9051399384905286E-016   4.2771950846261745E-016  -2.1368751878666061E-016  -1.2158716882730508E-016  -3.3854064537260657E-016   1.4621193471614015E-016   2.7530542047773739E-016   6.2691190011243124E-018  -2.6643779939744934E-017  -6.5951227809429962E-003  -7.4179347753925622E-017  -1.1483522127458392E-016  -2.2767112326330443E-016   8.4123831957696066E-016   1.2626782710236296E-015  -5.4588954554387923E-016  -8.7084877371224508E-016   5.1559774873515881E-016   7.6592276109625148E-017  0.61802533491123701        2.2837808790793030E-016   3.3710090179884231E-016   1.6242824006600471E-016   2.4224546402563431E-017  0.49524924162514727        2.1228533399638931E-016   5.2666461663980777E-017
  -2.5431153508980358E-016  -3.4749790659532050E-002  -3.7283189809118507E-016   4.6547309337914799E-016  -8.7199379665005784E-017  -1.0160596200157639E-016  -5.3913196900693219E-017  -8.1245985920035026E-016  -2.1407713754568168E-017  -3.2630335841718894E-016  -1.5736471318074527E-016  -6.5951227809414974E-003  -1.0938838991557148E-016  -7.7871345559246566E-016  -1.0103279324764387E-016   5.4295715798349235E-017  -1.4069749555594300E-016  -2.0912605075080707E-016  -2.1101516611814851E-016   4.1066112318703064E-016   3.3918494638932893E-016  0.61802533491123801       -1.7888709066314181E-016   8.7942132829037055E-016  -1.9657982764366063E-016   2.1228533399638931E-016  0.49524924162514788       -1.5295662118683491E-016
   8.7355969423333241E-016  -7.7508061156865834E-016  -3.4749790659530072E-002  -4.9146109959023498E-016   1.1605364097326223E-015   4.5751051929586154E-017  -1.8666494241579998E-016  -2.7146874208292192E-016  -3.7037461022356254E-016   2.3123827645954552E-016  -3.3860749106769080E-016  -1.1645780368558133E-017  -6.5951227809445834E-003   1.2906898323114276E-015  -5.5023597158138802E-016  -1.2159965361429605E-015   1.3798966513321589E-016   1.5930610514958238E-016  -1.0038160208339030E-015   7.8093489276458114E-016   1.5627616704683643E-016  -3.2046242715857434E-016  0.61802533491124056       -2.9326711709642923E-015   9.8518264128271651E-016   5.2666461663980777E-017  -1.5295662118683491E-016  0.49524924162514883     
