  0.12674110975162187       -1.9497139242935277E-009  -1.8436149421758726E-009  -2.3324107573037848E-009  -7.1987047023476575E-009   1.1425855998085720E-008   6.0579891014694055E-009   2.8923868914986691E-008  -2.0738077687151751E-008  -2.1725165175968750E-008  0.29378297807036718       -3.2309122617845678E-009   5.8448345854825309E-011   4.3191828702471811E-009   3.2672239198741276E-010   1.7563825161080232E-010  -3.0106140586457744E-010  -2.4866179514209694E-010  -3.9550441604090193E-011  -1.8969628431225474E-010  -1.8699798628698273E-010   1.4356993164868573E-010   7.5245424800952971E-011   1.1738467676655985E-010  0.18679144295391742       -2.0672446481933654E-009  -1.1828680260994035E-010  -2.6909520906810961E-009   4.1951718110680776E-009   5.1443049200967261E-009   8.3408261047478918E-009  -5.7268553865416813E-009  -5.6498756111175864E-009 -0.24831704091211476        2.8184922964724938E-009   2.8829090409321798E-010   3.0273794650985018E-009  -4.3994405733108555E-009  -4.6866830149746515E-009  -1.0826724351526958E-008   7.6303424072892738E-009   7.7993483020834689E-009  -1.4085169959697952E-009   1.5072817360727902E-010   6.1517510904429338E-011  -7.3391050708365543E-011  -9.7367882281457639E-011   1.7228754535109552E-011  -1.0485634337546356E-010  -7.2709558824695261E-011   5.1417407311726463E-011   3.6031930543850140E-011   1.6377461453481732E-011  -1.2850573212556645E-009   1.1413273366358461E-009  -3.3506989333450220E-002   3.8187178301887393E-010   4.2189065968876763E-011  -4.4088749583340455E-010
  -1.9497139242935277E-009  0.12674111641915795       -6.6728458152409848E-009   2.7607297340416674E-008   9.2753538636462465E-009   3.2071640427652451E-008  -2.0663091272593325E-008  -3.6500972008625795E-008   1.4050460232044909E-008   2.7225615380253510E-008   9.8235383315294772E-013  0.29378298366828209       -6.4812247531293218E-009  -2.5101094687831336E-008   6.9341748822739187E-011  -4.4670983588170121E-010  -2.9521244890403497E-010  -3.4711980195449650E-010   6.7358633524980953E-010   2.5408788501771954E-010   7.7835345446389886E-010  -5.9820153315472391E-010  -5.9758456379589168E-010   6.6591008493635186E-010  -2.8662243941082169E-010  0.18679144687356769       -4.2939173728302490E-009   1.9616766206400000E-009   8.2451017778789518E-009  -5.7153793115862878E-009  -8.8822622762380695E-009   7.3472392884643209E-009   6.9205912823448199E-009   4.5923579118792919E-010 -0.24831704645698885        6.0911293102675229E-009  -3.2891941504267644E-009  -1.1445920561096207E-008   7.6136278711520464E-009   1.3187897468949490E-008  -7.6142375558215648E-009  -9.8986904887693660E-009   5.5188305424993010E-009   3.6230826561997713E-011  -1.7832694689314457E-010  -1.2928832423594917E-010  -1.5709753561892389E-010   3.1879246661441090E-010   1.0848834205704436E-010   3.4095407499904709E-010  -2.0087991116609455E-010  -2.7911504946640925E-010   2.4609239388814967E-010   1.7618197489069511E-009  -1.8862143001818093E-009   6.4845449052043197E-011  -3.3506990089701032E-002   8.2960558222803926E-010   6.9972171976539333E-010
  -1.8436149421758726E-009  -6.6728458152409848E-009  0.12674111435979754       -2.2551970862771719E-008  -3.2047840668990106E-009  -2.0716767057644154E-008  -2.6441585758469405E-008   3.5863742744757966E-009   3.2194078615758868E-008  -3.8159126150254107E-010  -3.2387608315761011E-009  -4.8399494847733762E-009  0.29378298198493691        1.7438683698846932E-009  -5.2763937784907640E-013   6.4654248688219378E-010  -2.0245975838137531E-010   8.7980472708342602E-011  -1.7360558425701517E-010  -8.7271925856584033E-011  -8.1391729751816098E-010  -3.8550835078960711E-010   4.4544124915516911E-010   4.3827866580204441E-010  -1.9315657108048276E-009  -3.3892262156262432E-009  0.18679144559940744       -2.8927836208592769E-009  -5.7218894946006656E-009  -7.9136165472261391E-009  -1.0077900981589966E-009   9.9279544605823044E-009   3.9005734418917260E-009   2.6929709754801005E-009   4.8927604487350193E-009 -0.24831704469454571        2.5946661336600939E-009   7.6164590350197079E-009   1.0057176531816566E-008   1.0430406944380073E-010  -1.2041971712899682E-008  -2.6989680626603670E-009   3.5657884499263709E-009  -3.4144154480354340E-011   2.4912751213518360E-010  -6.0499673103495232E-011   2.9073421155567351E-011  -7.6287964270743972E-011   1.6736137917071310E-011  -3.5880981724521388E-010  -1.4283910797900437E-010   2.3226626549222458E-010   1.5157120224687966E-010   8.2067068525655093E-009  -6.8163267566407850E-009   3.6533569941920648E-010   6.6857770997388934E-010  -3.3506989849600557E-002   2.6783536487081526E-009
  -2.3324107573037848E-009   2.7607297340416674E-008  -2.2551970862771719E-008  0.51527917500421683       -3.5976576987092825E-010   1.4268866573778038E-010  -5.5919983973016335E-010   5.5937962123479883E-013  -7.5783952768723260E-010   3.5946590190194376E-010  -6.1639461011470803E-009   5.6342332485971206E-008  -3.3809140987542280E-008  0.82378865011739899       -1.0131877141928297E-009   2.0759612749076109E-009   5.6326328102169169E-011   6.2830942169392388E-009  -4.6482913878300597E-009  -4.9237646374682818E-009  -6.1331341620279390E-009   1.5062774004239963E-009   6.1524979372254786E-009  -1.1646986276021124E-009  -5.1838270446753331E-009   3.0512840008850600E-008  -3.0409081311481934E-009   2.7837118881843398E-010   3.0943659394625208E-010  -4.9730258824612242E-011  -3.7007804990085602E-010   5.4908376215727187E-010   9.1335403590230209E-011   6.2463731015529158E-009  -4.5440035821139239E-008   1.6769198757448479E-008  -1.3104290289017411E-010  -1.1812880331176928E-010   9.0700811389318698E-011   1.8178348509534692E-010  -2.1361560752274546E-010  -5.1320892118897398E-011 -0.50276366887057466        1.0416775228321533E-010  -2.0604703529587581E-010   1.5334704794151274E-013  -5.7944724015883761E-010   3.9150231967437496E-010   4.3969069438258061E-010   5.4580470268035228E-010  -1.6073674755201696E-010  -5.2622752323629272E-010   1.1969101258577624E-010 -0.57638982301653363       0.52407690168053989        8.4638682866882667E-010  -6.2159227303897234E-009   2.3619816157999031E-009 -0.20616838880121863     
  -7.1987047023476575E-009   9.2753538636462465E-009  -3.2047840668990106E-009  -3.5976576987092825E-010   8.0932001858393949E-005   6.6783128228675925E-013  -6.2860584323648180E-013  -4.0466001210445002E-005  -2.3859614230106074E-013  -4.0466000647394609E-005  -1.6691255353793743E-008   2.1527425573504940E-008  -7.4222477541070971E-009  -5.7359095527152131E-010  -4.6753134379306902E-012   1.0474029373187462E-011   2.4013708783231348E-011   3.0768686697406948E-012   2.8697661917685947E-014   3.1957217366891609E-012  -1.2229343292876951E-011  -3.9834466311556475E-012   5.9333341829637037E-012  -1.4929688807130286E-011  -1.0604853731895549E-008   1.3648117409706263E-008  -4.7412524159568090E-009   1.4578561498322755E-003   5.7523062846432381E-012  -6.0864276019908292E-012  -7.2892807768835835E-004  -3.0643348880284797E-012  -7.2892807214480087E-004   1.3980667547505061E-008  -1.7923572607811171E-008   6.2286519052489256E-009   1.1885366186000669E-002   3.5042125804968831E-011  -3.6067544084315401E-011  -5.9426831131920606E-003  -2.6157048830406603E-011  -5.9426830728132544E-003   3.4979182051737927E-010  -1.4296007015252833E-011   3.1399985305358331E-011   7.0911420379236406E-011   9.5245742630806082E-012   3.2553500222441368E-014   9.6555302753889360E-012  -3.3217398904166874E-011  -1.2764127459451246E-011   1.3165868077305125E-011  -4.3340422871624019E-011   4.0944740951644915E-010  -3.7171003159350522E-010   1.8816012513721687E-009  -2.4095083538454069E-009   8.3740437741182258E-010   1.4631814409504153E-010
   1.1425855998085720E-008   3.2071640427652451E-008  -2.0716767057644154E-008   1.4268866573778038E-010   6.6783128228675925E-013   8.0931999232707307E-005   6.9692118102390969E-013  -6.7933645370177307E-013   1.4614666063302156E-012   1.1440495680234221E-014   2.6483481052502524E-008   7.4401305755074167E-008  -4.8055787910942045E-008   2.2713854430976135E-010  -8.5016070148625486E-012  -1.0634199713439467E-011   3.5899547668594829E-012   1.8114189079259297E-011   1.8762490555451388E-011  -6.7080841966942488E-012   1.3565677810359176E-012   3.5415562906372283E-012   8.8141563414687225E-012  -5.3155109354823768E-012   1.6829693617149414E-008   4.7204785921107910E-008  -3.0496618589848918E-008   9.4748185264577759E-012   1.4578561203873438E-003   3.2494319229698364E-012  -1.0644143320552416E-011   1.7671605979907507E-011   1.1693736908703418E-012  -2.2250909308200650E-008  -6.2152487738077821E-008   4.0160480816389252E-008   6.0604312793796479E-011   1.1885365996091699E-002   1.2236503891363894E-011  -7.3192298076612877E-011   1.2070160773885048E-010   1.2587958617315051E-011  -1.3825653757720803E-010  -2.4552969335445155E-011  -2.8920100066728516E-011   8.7535113288115100E-012   5.1154992429499922E-011   5.5895123855593282E-011  -1.8213725981808579E-011   4.7947333208978490E-012   8.7224466180763540E-012   2.2487295804374410E-011  -1.3025815724024880E-011  -1.5173073994877585E-010   1.3794955216673901E-010  -2.9972132241670614E-009  -8.3617238924532908E-009   5.4032893858475883E-009  -5.4161477827185256E-011
   6.0579891014694055E-009  -2.0663091272593325E-008  -2.6441585758469405E-008  -5.5919983973016335E-010  -6.2860584323648180E-013   6.9692118102390969E-013   8.0931999804601144E-005   6.1265727179477951E-013   2.2721385616366984E-013   1.6062807601015165E-014   1.4032279575601801E-008  -4.7931498636463357E-008  -6.1329162513380341E-008  -8.9245499187206384E-010  -1.5541031550901034E-011   3.5714155907325459E-012  -5.0091842858788535E-013  -8.1100820719156371E-012   3.0498510858305260E-012   2.8960567259083369E-011  -5.3014673978645001E-012  -6.2004453752337541E-012   3.5412665164060570E-012   4.9948963087646906E-012   8.9588245274574362E-009  -3.0417786503110538E-008  -3.8930852056667271E-008  -8.9471312330372047E-012   1.1097540398499418E-011   1.4578561276894894E-003   5.4690330375333048E-012   8.5211603166564022E-013   3.4780646158815762E-012  -1.1769084240442987E-008   4.0055077243919507E-008   5.1281409357993203E-008  -5.3677518369611915E-011   8.8939293486593937E-011   1.1885366036984212E-002   1.9319562870154972E-011  -1.3563378207924657E-012   3.4357595525033803E-011   5.4498050597613308E-010  -4.5892525618663754E-011   8.7533126090341822E-012  -4.1367945007778422E-012  -2.3283028273551255E-011   1.2212699481044167E-011   8.4854313984935883E-011  -1.3027404303242128E-011  -1.4446805942877840E-011   8.7247770131440047E-012   1.3851395967524622E-011   6.3024645553500925E-010  -5.7286667623181967E-010  -1.5822705829665839E-009   5.3890446475472487E-009   6.9000853081316243E-009   2.2542857070955859E-010
   2.8923868914986691E-008  -3.6500972008625795E-008   3.5863742744757966E-009   5.5937962123479883E-013  -4.0466001210445002E-005  -6.7933645370177307E-013   6.1265727179477951E-013   8.0932002443736772E-005  -1.6856861938486113E-012  -4.0466001233119870E-005   6.7089838856342735E-008  -8.4693472751407276E-008   8.3307637467892921E-009   7.8686929137574088E-013   8.8165595131905010E-012  -1.3334485895811974E-011  -5.1658899108185553E-012  -9.9202708373365815E-012  -5.4591687592000632E-014  -1.9083852761760951E-012   1.9804669932610775E-011   2.2886131049536073E-011  -1.3236263765559166E-011  -1.3207898912923162E-011   4.2582016770034895E-008  -5.3720510555645617E-008   5.2555658792722375E-009  -7.2892807774245841E-004  -4.6728904514428507E-012   1.0024400275972269E-011   1.4578561562605266E-003  -1.8536714451102648E-011  -7.2892807851834211E-004  -5.6084196375977508E-008   7.0643372815432178E-008  -6.9369133471532373E-009  -5.9426831131321502E-003  -2.3423755360387288E-011   6.6778174381574249E-011   1.1885366226953449E-002  -1.1373743932669288E-010  -5.9426831138219543E-003   1.5885916100230177E-013   2.3028438111848745E-011  -3.6990029317633701E-011  -1.5647771503732696E-011  -2.6982604171920783E-011  -4.9767543039682934E-014  -3.9132883436627545E-012   5.5044585132897870E-011   6.8055318393451787E-011  -3.6860031791738076E-011  -3.9062266379814598E-011  -7.5005164515780465E-012   6.2199414009777572E-012  -7.5460504106535318E-009   9.5005283027186684E-009  -9.3395963378438352E-010  -2.5317859574975216E-012
  -2.0738077687151751E-008   1.4050460232044909E-008   3.2194078615758868E-008  -7.5783952768723260E-010  -2.3859614230106074E-013   1.4614666063302156E-012   2.2721385616366984E-013  -1.6856861938486113E-012   8.0931998337266549E-005   1.9242613075357871E-012  -4.8105287116679187E-008   3.2571845942545847E-008   7.4658758807811394E-008  -1.2088252231950352E-009  -5.3248622322356562E-012  -6.0352489352832290E-012  -1.3990605236643622E-012   3.5633040040379733E-012  -5.5248668073360862E-012   3.5807539565261028E-012  -1.6055816743726469E-011   1.4668768816853246E-011   2.7576370626339882E-011  -9.8906782748027988E-012  -3.0528141529164149E-008   2.0724235689876856E-008   4.7402239579948361E-008  -1.4418192915384500E-012   1.4016381027497561E-011   4.9623415968877848E-012  -1.9296697574745462E-011   1.4578561105910110E-003   2.0738479906517022E-011   4.0202281562524776E-008  -2.7267411338337713E-008  -6.2510607668419150E-008  -8.9287050415548727E-012   9.0937638845073309E-011   3.5211394211356199E-011  -1.2769483326079993E-010   1.1885365931436152E-002   1.3662372829545811E-010   7.4005431505941290E-010  -1.3026908276228249E-011  -1.8264807624279192E-011  -5.1041453971493167E-012   8.7373890541207945E-012  -1.5644551001582549E-011   8.7400536458455005E-012  -4.7119335829707654E-011   4.2543350514737684E-011   8.1482023402292167E-011  -2.7905547833025246E-011   8.6694740649958819E-010  -7.8849500018010056E-010   5.4089267086616527E-009  -3.6676445325789945E-009  -8.4138219211649508E-009   3.1047729217532404E-010
  -2.1725165175968750E-008   2.7225615380253510E-008  -3.8159126150254107E-010   3.5946590190194376E-010  -4.0466000647394609E-005   1.1440495680234221E-014   1.6062807601015165E-014  -4.0466001233119870E-005   1.9242613075357871E-012   8.0932001879788253E-005  -5.0398585736963938E-008   6.3166040766556887E-008  -9.0851843402263052E-010   5.7323245526014290E-010  -4.1412460757594739E-012   2.8604565236749683E-012  -1.8847818872162393E-011   6.8434021706263255E-012   2.5894023365013671E-014  -1.2873364628731382E-012  -7.5753266427459539E-012  -1.8902684417513387E-011   7.3029295855861997E-012   2.8137587719220555E-011  -3.1977164289789528E-008   4.0072389394912295E-008  -5.1431520651862076E-010  -7.2892807207983147E-004  -1.0805808499850238E-012  -3.9359149045074456E-012  -7.2892807856907204E-004   2.1600670557943893E-011   1.4578561506500612E-003   4.2103537205818881E-008  -5.2719782296587761E-008   7.0825617412415264E-010  -5.9426830727871121E-003  -1.1627868398577056E-011  -3.0693854058957829E-011  -5.9426831137361445E-003   1.3989140009287775E-010   1.1885366186528558E-002  -3.4992537584633442E-010  -8.7324310965250381E-012   5.5900440121824291E-012  -5.5263648874879560E-011   1.7458029908113786E-011   1.7214043175615209E-014  -5.7422419310948795E-012  -2.1827186228158318E-011  -5.5291190933812148E-011   2.3694163713757572E-011   8.2402689250832985E-011  -4.0183438273369846E-010   3.6524801935086011E-010   5.6644505581234719E-009  -7.0910170152434862E-009   9.6554242267737838E-011  -1.4368101973257391E-010
  0.29378297807036718        9.8235383315294772E-013  -3.2387608315761011E-009  -6.1639461011470803E-009  -1.6691255353793743E-008   2.6483481052502524E-008   1.4032279575601801E-008   6.7089838856342735E-008  -4.8105287116679187E-008  -5.0398585736963938E-008  0.68098230269840510        2.9889217128677517E-009   2.5338201660284602E-009   8.8005967243494007E-009   7.5733078469995542E-010   4.0712136324612276E-010  -6.9784217599104479E-010  -5.7638555421600066E-010  -9.1673860981710731E-011  -4.3971273910850850E-010  -4.3345333857346461E-010   3.3278034885500710E-010   1.7441627433704602E-010   2.7209513909222391E-010  0.43296484398567131        1.8714927430853439E-009   1.2546186204624444E-009  -6.3251604293630359E-009   9.7001283315977307E-009   1.1745285997741395E-008   2.0146812355026933E-008  -1.3905387258016902E-008  -1.3821655626962011E-008 -0.57611149380827509       -2.2785170771831890E-009  -1.2105602426396440E-009   6.3052425790253769E-009  -1.0398272340923157E-008  -1.2328612492262302E-008  -1.8473044614509867E-008   1.2548454278101530E-008   1.2167809956300544E-008  -2.5301263020186936E-009   3.4943387721204913E-010   1.4262651217513958E-010  -1.7010901375033583E-010  -2.2573748269075841E-010   3.9981171573702124E-011  -2.4307992796395412E-010  -1.6856101983293958E-010   1.1919224053182622E-010   8.3520278178913368E-011   3.7949440712181688E-011  -2.1384516852879665E-009   1.8836433809488271E-009  -7.7759806464123768E-002  -3.0199535285482131E-010  -1.4958588356948984E-010  -7.2238669654943986E-010
  -3.2309122617845678E-009  0.29378298366828209       -4.8399494847733762E-009   5.6342332485971206E-008   2.1527425573504940E-008   7.4401305755074167E-008  -4.7931498636463357E-008  -8.4693472751407276E-008   3.2571845942545847E-008   6.3166040766556887E-008   2.9889217128677517E-009  0.68098229282539025        9.6109468694240334E-009  -7.0455655709714691E-008   1.6072776890445466E-010  -1.0354548988084454E-009  -6.8430417894696859E-010  -8.0461183651248650E-010   1.5613586878156811E-009   5.8897244608937300E-010   1.8041947797504435E-009  -1.3865958685499292E-009  -1.3851812362035891E-009   1.5435545598264678E-009   1.2359589515918376E-009  0.43296483853804840        5.7183091086800789E-009   5.0411516515170639E-009   2.0195543956511996E-008  -1.3879274178457219E-008  -2.2124890919805140E-008   1.7090157198693217E-008   1.7083752311499092E-008  -1.4074902890181878E-009 -0.57611148756203412       -6.3737518852076879E-009  -3.5970965787143036E-009  -1.7701310146911347E-008   1.2505732644845574E-008   1.8050336252004591E-008  -1.7171244651234764E-008  -1.4453209925512410E-008   1.9425793010199172E-008   8.3978316661586344E-011  -4.1335195145802849E-010  -2.9970840887487823E-010  -3.6414771735912157E-010   7.3900412615897765E-010   2.5147796515060852E-010   7.9034495680038914E-010  -4.6560879494872780E-010  -6.4701657437568445E-010   5.7043265385871937E-010   1.1442698114349549E-008  -1.0645554102387038E-008  -1.8107869061029935E-010  -7.7759805648774938E-002  -8.2860283792183656E-010   4.0596691475732713E-009
   5.8448345854825309E-011  -6.4812247531293218E-009  0.29378298198493691       -3.3809140987542280E-008  -7.4222477541070971E-009  -4.8055787910942045E-008  -6.1329162513380341E-008   8.3307637467892921E-009   7.4658758807811394E-008  -9.0851843402263052E-010   2.5338201660284602E-009   9.6109468694240334E-009  0.68098229608647243        3.3626903399351318E-008  -1.2197553336815487E-012   1.4986751544612005E-009  -4.6929142121582704E-010   2.0392547036585389E-010  -4.0241850966918697E-010  -2.0228750353310782E-010  -1.8866428888103561E-009  -8.9358689597276599E-010   1.0325197909195553E-009   1.0159062716858642E-009   1.9107067982603818E-009   5.3965383697801975E-009  0.43296484013813535       -6.5912611024806648E-009  -1.3892098408975860E-008  -1.9033786669319732E-008  -2.0183197958492173E-009   2.3621370188818741E-008   8.6095802550053973E-009  -2.1046059475952675E-009  -5.9323720421146130E-009 -0.57611148956244773        6.9477383552144594E-009   1.2530760641562922E-008   1.7690053271330506E-008   2.8337457046627484E-009  -2.2957736482181199E-008  -9.7814791003282688E-009  -8.4535929748792363E-009  -7.9167278772488699E-011   5.7747576546090412E-010  -1.4022096587045505E-010   6.7398551429530534E-011  -1.7682319738452708E-010   3.8816353438155854E-011  -8.3178351617913205E-010  -3.3113636464740687E-010   5.3847867534263008E-010   3.5135549576744872E-010   2.4623380801173998E-010   6.2107315330294747E-010  -2.7364363673745199E-010  -7.6733336849343816E-010  -7.7759805914701802E-002  -2.0451434383447436E-010
   4.3191828702471811E-009  -2.5101094687831336E-008   1.7438683698846932E-009  0.82378865011739899       -5.7359095527152131E-010   2.2713854430976135E-010  -8.9245499187206384E-010   7.8686929137574088E-013  -1.2088252231950352E-009   5.7323245526014290E-010   8.8005967243494007E-009  -7.0455655709714691E-008   3.3626903399351318E-008   1.3186029125820224       -1.6183604738355304E-009   3.3159382639315747E-009   9.0002616859917911E-011   1.0036119444840518E-008  -7.4249303238074777E-009  -7.8648679102922251E-009  -9.7966524316058069E-009   2.4059416721037493E-009   9.8276442758211959E-009  -1.8603710817086308E-009   3.5731608392583492E-009  -5.3219663526993027E-008   5.0788831255819450E-008   4.7167402730270531E-010   4.7517106974426360E-010  -5.3262277850395923E-011  -5.9243702056220781E-010   9.2034569862492504E-010   1.2015867503220144E-010  -5.9691154924424155E-009   6.4259420308583560E-008  -4.7582094752054116E-008   4.9809282272617061E-012  -3.4982227965037863E-010   3.5827810507770438E-010   2.8658286750133989E-010   4.8415132097036177E-012  -2.9256970798773727E-010 -0.77086994783101004        1.7162879041210954E-010  -3.3979059017093130E-010   1.0930532185835092E-013  -9.5756083451457717E-010   6.4867068407284628E-010   7.2729533679283060E-010   9.0284836817498140E-010  -2.6465247504127034E-010  -8.7150875882696554E-010   1.9717758356428304E-010 -0.87389162465539305       0.77806166969660318       -8.0870312884638910E-010   8.5919529593163094E-009  -6.2727447184744857E-009 -0.30488976702355253     
   3.2672239198741276E-010   6.9341748822739187E-011  -5.2763937784907640E-013  -1.0131877141928297E-009  -4.6753134379306902E-012  -8.5016070148625486E-012  -1.5541031550901034E-011   8.8165595131905010E-012  -5.3248622322356562E-012  -4.1412460757594739E-012   7.5733078469995542E-010   1.6072776890445466E-010  -1.2197553336815487E-012  -1.6183604738355304E-009   8.0634859556260034E-018  -4.5200491370630845E-018  -1.8933742624608104E-018  -1.4846765113211953E-017   7.2136859019129513E-018   4.0284343493048290E-018   1.6114368518080795E-017  -6.0562111395539253E-019  -1.7099652062841267E-017   1.8626397917854817E-018   4.8201763981349278E-010   1.0275868921786989E-010  -1.1645050947683927E-012  -8.4217815188715563E-011  -1.5314321710332630E-010  -2.7994606940714789E-010   1.5881477090745996E-010  -9.5917796137917850E-011  -7.4596955718046202E-011  -6.2109062852814262E-010  -1.1413908145475810E-010  -1.3898956784830279E-011  -6.8659688439083356E-010  -1.2485205876210739E-009  -2.2822976668590509E-009   1.2947583830426060E-009  -7.8198247562888276E-010  -6.0816149865067720E-010   1.0184503182751021E-009   1.4975781990031432E-017  -1.0731032421865562E-018  -2.0306373415399996E-018  -3.6238940465282051E-018  -7.7263622558693419E-018  -1.6468229442589887E-017   1.0072300011707226E-017   6.7088334331616759E-018  -1.2440307408110260E-017  -3.4869188546158559E-018   1.1765509510654216E-009  -1.0847588013888490E-009  -8.3020207690255530E-011  -1.4503198681949038E-011  -2.4931166567093741E-012   4.2782121368586153E-010
   1.7563825161080232E-010  -4.4670983588170121E-010   6.4654248688219378E-010   2.0759612749076109E-009   1.0474029373187462E-011  -1.0634199713439467E-011   3.5714155907325459E-012  -1.3334485895811974E-011  -6.0352489352832290E-012   2.8604565236749683E-012   4.0712136324612276E-010  -1.0354548988084454E-009   1.4986751544612005E-009   3.3159382639315747E-009  -4.5200491370630845E-018   1.7926816019895498E-017   1.6224241598127496E-018   2.5169619136756986E-017  -2.3963286613855143E-017  -1.9105371090735940E-017  -3.4504397846845873E-017   1.2799172730649448E-018   2.8365757483357388E-017  -2.1631163949058950E-018   2.5932918751356465E-010  -6.5931653319590422E-010   9.5234774159189046E-010   1.8867337976156875E-010  -1.9155392824472644E-010   6.4334140577343670E-011  -2.4020204160988910E-010  -1.0871650368226673E-010   5.1528661846795628E-011  -3.2585862216894729E-010   8.3837738757883388E-010  -1.2871459860863171E-009   1.5381850547810244E-009  -1.5616683982929271E-009   5.2449277262694256E-010  -1.9582794545331526E-009  -8.8632594578342546E-010   4.2009439974967529E-010  -2.0864624519337797E-009  -1.4819799533236334E-018   1.3625470535204314E-017   5.6276621307885988E-018  -5.9114254529446541E-018  -5.5813686195111847E-018   7.8997068907817232E-018  -8.1080368750098144E-018  -1.5418382742061551E-017  -2.7473845586736325E-018   7.2976287905456893E-018  -2.4102754877307711E-009   2.2220944006752080E-009  -4.3214906682630587E-011   1.1160392583359706E-010  -1.7452693836375370E-010  -8.7636862881550398E-010
  -3.0106140586457744E-010  -2.9521244890403497E-010  -2.0245975838137531E-010   5.6326328102169169E-011   2.4013708783231348E-011   3.5899547668594829E-012  -5.0091842858788535E-013  -5.1658899108185553E-012  -1.3990605236643622E-012  -1.8847818872162393E-011  -6.9784217599104479E-010  -6.8430417894696859E-010  -4.6929142121582704E-010   9.0002616859917911E-011  -1.8933742624608104E-018   1.6224241598127496E-018   9.8170997890968860E-018   2.7059834171861638E-018  -7.9311482215421624E-019  -1.6572240106395879E-019  -2.4534105529854977E-018   2.9455882968302676E-018   1.6692200034640724E-018  -9.5127952627070504E-018  -4.4501969311944837E-010  -4.3408993115955372E-010  -2.9904716615942433E-010   4.3256724044371363E-010   6.4668314817827000E-011  -9.0245694017608957E-012  -9.3055149639421364E-011  -2.5201149729351918E-011  -3.3951209080468136E-010   5.3910880812311291E-010   6.1681018181040372E-010   3.7113769041098093E-010   3.5265619112669486E-009   5.2721722693901228E-010  -7.3574135192290554E-011  -7.5864451159099930E-010  -2.0545554706870715E-010  -2.7679173996777682E-009  -5.5942820893940908E-011  -3.4045317536095869E-018   5.7478876481994310E-018   2.4350442383521410E-017   3.0686878930068938E-018   2.0618597555206510E-018   1.4989751073505350E-018  -4.4131438068617241E-018   3.4578882939371907E-018   1.7298937788931708E-019  -2.0727116051319395E-017  -6.4430422555842316E-011   5.9076841621472255E-011   7.0646488932867617E-011   8.4819055459644997E-011   4.9023962743856798E-011  -2.3276175827407866E-011
  -2.4866179514209694E-010  -3.4711980195449650E-010   8.7980472708342602E-011   6.2830942169392388E-009   3.0768686697406948E-012   1.8114189079259297E-011  -8.1100820719156371E-012  -9.9202708373365815E-012   3.5633040040379733E-012   6.8434021706263255E-012  -5.7638555421600066E-010  -8.0461183651248650E-010   2.0392547036585389E-010   1.0036119444840518E-008  -1.4846765113211953E-017   2.5169619136756986E-017   2.7059834171861638E-018   8.4461755063597474E-017  -5.4944585051531093E-017  -6.4542754000897279E-017  -7.9389396195524685E-017   1.8490021531010388E-017   8.1342446697840413E-017  -1.5798566806444340E-017  -3.6727281405377672E-010  -5.1204397080430196E-010   1.3100123465049244E-010   5.5425022527273200E-011   3.2629934086838833E-010  -1.4609006997322505E-010  -1.7869808970124944E-010   6.4186754196786139E-011   1.2327306716957029E-010   4.5652687032217986E-010   6.6242799176024137E-010  -1.2083790709294574E-010   4.5185985544727600E-010   2.6601990855923216E-009  -1.1910187331704737E-009  -1.4568599737522846E-009   5.2329100230917019E-010   1.0050001182985979E-009  -6.3124365865067684E-009  -3.3782824965117172E-018  -5.9333683595957607E-018   2.5667042578679941E-018   1.1343200279652439E-017   1.4295146881209920E-017  -6.8107633575405629E-018  -8.1219998169361612E-019  -5.2907397215609798E-018   7.0230540853131253E-018   2.0303728959723871E-018  -7.2913987395439386E-009   6.7209466215305607E-009   6.0333798411201986E-011   8.8654936356624903E-011  -1.4173741546087371E-011  -2.6505803643006991E-009
  -3.9550441604090193E-011   6.7358633524980953E-010  -1.7360558425701517E-010  -4.6482913878300597E-009   2.8697661917685947E-014   1.8762490555451388E-011   3.0498510858305260E-012  -5.4591687592000632E-014  -5.5248668073360862E-012   2.5894023365013671E-014  -9.1673860981710731E-011   1.5613586878156811E-009  -4.0241850966918697E-010  -7.4249303238074777E-009   7.2136859019129513E-018  -2.3963286613855143E-017  -7.9311482215421624E-019  -5.4944585051531093E-017   5.0629641406087192E-017   4.5266452818561223E-017   6.1868076616473181E-017  -1.6722582901093320E-017  -5.9041540907643229E-017   1.3055404063201211E-017  -5.8654378658161667E-011   9.9261244447903377E-010  -2.5531906671549745E-010   5.1588696545263937E-013   3.3797179223207206E-010   5.4939269494265139E-011  -9.7967902654313730E-013  -9.9522109463429727E-011   4.6379206444295463E-013   6.3404284728655957E-011  -1.3244017169200338E-009   3.6104526329663045E-010   4.2057092390113028E-012   2.7553595496469458E-009   4.4789989657507914E-010  -7.9865242690135621E-012  -8.1136745188919467E-010   3.7808150349552261E-012   4.6676074472907897E-009  -7.2725200609655495E-018  -4.5930031862172652E-018   1.6500290106788678E-018   1.4659421455584865E-017   1.2840706554431455E-017  -4.9023065110812667E-018   1.3266906240137419E-018  -9.3866234336026140E-019   2.8130474033582901E-018  -5.3023309311289684E-019   5.3907853705772463E-009  -4.9678732029135281E-009   7.9729754704813987E-012  -1.7890348292446778E-010   4.9582947594894667E-011   1.9591276507477106E-009
  -1.8969628431225474E-010   2.5408788501771954E-010  -8.7271925856584033E-011  -4.9237646374682818E-009   3.1957217366891609E-012  -6.7080841966942488E-012   2.8960567259083369E-011  -1.9083852761760951E-012   3.5807539565261028E-012  -1.2873364628731382E-012  -4.3971273910850850E-010   5.8897244608937300E-010  -2.0228750353310782E-010  -7.8648679102922251E-009   4.0284343493048290E-018  -1.9105371090735940E-017  -1.6572240106395879E-019  -6.4542754000897279E-017   4.5266452818561223E-017   5.9138105810052033E-017   5.7769769252274806E-017  -1.7677525814424994E-017  -5.8400911858559232E-017   1.3299571346009198E-017  -2.7944357185183633E-010   3.7417842945033236E-010  -1.2943790927369643E-010   5.7565019007408735E-011  -1.2083611568142506E-010   5.2167719586433458E-010  -3.4374289327209012E-011   6.4500574215898139E-011  -2.3190729676730480E-011   3.7673325754452970E-010  -5.0929396234048631E-010   1.3948514116124253E-010   4.6930641217510920E-010  -9.8513262494369909E-010   4.2530428685344405E-009  -2.8024072138008200E-010   5.2584940442991864E-010  -1.8906569079008622E-010   4.9460488889241814E-009  -1.6713853713222427E-017   7.3730841989625561E-018   1.5768926821296955E-019  -6.4812251761502319E-018  -3.9291434491615359E-018   2.8905222461313874E-017  -1.2701210849109155E-017  -3.7101073232545165E-018   9.6673760828334019E-018   2.6478158089394408E-018   5.7128985320634234E-009  -5.2655989921819969E-009   5.1044769441559343E-011  -6.9196802139430850E-011   1.7518630211406923E-011   2.0766016151298089E-009
  -1.8699798628698273E-010   7.7835345446389886E-010  -8.1391729751816098E-010  -6.1331341620279390E-009  -1.2229343292876951E-011   1.3565677810359176E-012  -5.3014673978645001E-012   1.9804669932610775E-011  -1.6055816743726469E-011  -7.5753266427459539E-012  -4.3345333857346461E-010   1.8041947797504435E-009  -1.8866428888103561E-009  -9.7966524316058069E-009   1.6114368518080795E-017  -3.4504397846845873E-017  -2.4534105529854977E-018  -7.9389396195524685E-017   6.1868076616473181E-017   5.7769769252274806E-017   9.1820512996318014E-017  -1.6482652027414822E-017  -8.8685838975502080E-017   1.4113924171051916E-017  -2.7602422832709408E-010   1.1483752662791228E-009  -1.1994162084017537E-009  -2.2029302616211409E-010   2.4430796632498680E-011  -9.5497890917194630E-011   3.5675353476630407E-010  -2.8921754487171254E-010  -1.3646050859980357E-010   3.4992839513952488E-010  -1.4772906193690928E-009   1.5999900484581428E-009  -1.7959684954151044E-009   1.9917458569320356E-010  -7.7855934760242511E-010   2.9084811910036294E-009  -2.3578843518299480E-009  -1.1125126955819613E-009   6.1603949879715651E-009   9.9300080536153993E-018  -7.3696583630388197E-018  -5.1151083776151072E-018  -8.1177122049393602E-020   1.1088962293720512E-018  -1.3241321616548113E-017   2.2138917314213012E-017   9.9693019381817105E-018  -2.2332832165025374E-017  -3.6181632619919711E-018   7.1153755368957246E-009  -6.5580265618435589E-009   4.6537792471588553E-011  -1.9736741327813688E-010   2.1611704514963606E-010   2.5862809175484487E-009
   1.4356993164868573E-010  -5.9820153315472391E-010  -3.8550835078960711E-010   1.5062774004239963E-009  -3.9834466311556475E-012   3.5415562906372283E-012  -6.2004453752337541E-012   2.2886131049536073E-011   1.4668768816853246E-011  -1.8902684417513387E-011   3.3278034885500710E-010  -1.3865958685499292E-009  -8.9358689597276599E-010   2.4059416721037493E-009  -6.0562111395539253E-019   1.2799172730649448E-018   2.9455882968302676E-018   1.8490021531010388E-017  -1.6722582901093320E-017  -1.7677525814424994E-017  -1.6482652027414822E-017   1.9248610425228155E-017   2.0833978766527954E-017  -1.6542692858866580E-017   2.1292991128243424E-010  -8.8415031927704732E-010  -5.6962935140862120E-010  -7.1754425011603935E-011   6.3796614616139721E-011  -1.1169401258195648E-010   4.1225235334281441E-010   2.6423696888930474E-010  -3.4049792833251451E-010  -2.2970679019824065E-010   1.0747754364170335E-009   6.9871034056342841E-010  -5.8498746273051919E-010   5.2011054327538604E-010  -9.1060083508536228E-010   3.3609416448956242E-009   2.1542277090858085E-009  -2.7759541821674925E-009  -1.5147019560034597E-009   6.6436836592764694E-018  -1.4556853743011825E-017   3.8116584671549378E-018  -3.6150470674312422E-018  -1.4720337435046572E-018  -5.2983932954949959E-018   8.4855384063266306E-018   3.2038791013253063E-017   3.1723326426114385E-018  -2.6721378933490280E-017  -1.7500137519237090E-009   1.6137715745779447E-009  -2.8862281624616914E-011   1.4100390074325074E-010   9.1940537143455621E-011  -6.3648082994711941E-010
   7.5245424800952971E-011  -5.9758456379589168E-010   4.4544124915516911E-010   6.1524979372254786E-009   5.9333341829637037E-012   8.8141563414687225E-012   3.5412665164060570E-012  -1.3236263765559166E-011   2.7576370626339882E-011   7.3029295855861997E-012   1.7441627433704602E-010  -1.3851812362035891E-009   1.0325197909195553E-009   9.8276442758211959E-009  -1.7099652062841267E-017   2.8365757483357388E-017   1.6692200034640724E-018   8.1342446697840413E-017  -5.9041540907643229E-017  -5.8400911858559232E-017  -8.8685838975502080E-017   2.0833978766527954E-017   9.0618838064079175E-017  -1.6772808983029939E-017   1.1099548500044972E-010  -8.8142647931169894E-010   6.5683674941611789E-010   1.0688032929450982E-010   1.5877627418650679E-010   6.3790034981628313E-011  -2.3843299233487833E-010   4.9674225344434541E-010   1.3155266303600820E-010  -1.4361980788944057E-010   1.1436218340172371E-009  -8.5945940321819546E-010   8.7135627031758049E-010   1.2944451977922547E-009   5.2005673078330000E-010  -1.9438570568856580E-009   4.0497572786942232E-009   1.0725007865617245E-009  -6.1785705181426937E-009  -1.1840531675130868E-017  -3.7379974374639478E-018   1.2349753306209728E-018   6.0203519235637065E-018   4.0935650190765553E-018   9.8653848073748482E-018  -2.1594489299279355E-017   2.0431842320148897E-018   3.2710053627813675E-017  -2.4433705425332112E-018  -7.1359975505800987E-009   6.5764166882303979E-009  -1.9222169471892627E-011   1.5319136391699602E-010  -1.1542342852357940E-010  -2.5934894165897198E-009
   1.1738467676655985E-010   6.6591008493635186E-010   4.3827866580204441E-010  -1.1646986276021124E-009  -1.4929688807130286E-011  -5.3155109354823768E-012   4.9948963087646906E-012  -1.3207898912923162E-011  -9.8906782748027988E-012   2.8137587719220555E-011   2.7209513909222391E-010   1.5435545598264678E-009   1.0159062716858642E-009  -1.8603710817086308E-009   1.8626397917854817E-018  -2.1631163949058950E-018  -9.5127952627070504E-018  -1.5798566806444340E-017   1.3055404063201211E-017   1.3299571346009198E-017   1.4113924171051916E-017  -1.6542692858866580E-017  -1.6772808983029939E-017   1.9420735755552270E-017   1.7298576732853100E-010   9.8255632586904653E-010   6.4752233752685543E-010  -2.6893422616469814E-010  -9.5752040623366173E-011   8.9978222050548649E-011  -2.3791574657961037E-010  -1.7816717091156927E-010   5.0684997274557048E-010  -2.3060978772233646E-010  -1.2608272964645259E-009  -7.9747137044032607E-010  -2.1925220341002668E-009  -7.8063150495163186E-010   7.3355992556822704E-010  -1.9396393768746526E-009  -1.4525321940599617E-009   4.1321614109780544E-009   1.1706933957524655E-009  -2.4143302559355171E-018   6.5658860949240385E-018  -2.0990818709919060E-017   4.0725107874119943E-019  -4.3964979637574088E-019   2.8319121584322656E-018  -3.0354718503707493E-018  -2.6457723400440386E-017  -2.4934080020518339E-018   3.5366086295655970E-017   1.3524117245873494E-009  -1.2468727303007430E-009  -3.1143458042630311E-011  -1.6831751583108986E-010  -1.0507552378518772E-010   4.9175590974366215E-010
  0.18679144295391742       -2.8662243941082169E-010  -1.9315657108048276E-009  -5.1838270446753331E-009  -1.0604853731895549E-008   1.6829693617149414E-008   8.9588245274574362E-009   4.2582016770034895E-008  -3.0528141529164149E-008  -3.1977164289789528E-008  0.43296484398567131        1.2359589515918376E-009   1.9107067982603818E-009   3.5731608392583492E-009   4.8201763981349278E-010   2.5932918751356465E-010  -4.4501969311944837E-010  -3.6727281405377672E-010  -5.8654378658161667E-011  -2.7944357185183633E-010  -2.7602422832709408E-010   2.1292991128243424E-010   1.1099548500044972E-010   1.7298576732853100E-010  0.27686267796292097        7.6182469452176728E-010   9.7871616411681625E-010  -3.8003795082779813E-009   5.9040536601601991E-009   8.0127103457558453E-009   1.1137749345398932E-008  -7.5645159486438297E-009  -7.3373722643121587E-009 -0.30540357094905679       -9.9762291013745638E-010  -1.1980532433924976E-009   5.5801006984141542E-009  -8.3702141511308447E-009  -2.8207584908827161E-009  -2.4812959085189341E-008   1.8022352646636209E-008   1.9232863022695696E-008  -3.1842811646211420E-010   2.1636951113910565E-010   8.7118132251606732E-011  -1.0930298490277897E-010  -1.3871605503496068E-010   2.0098169432913937E-011  -1.5157823251038067E-010  -1.0458953961104884E-010   7.4861370580122472E-011   5.3202463891513920E-011   2.5670197969583895E-011   2.3269132996307784E-010  -2.7108119747413020E-010  -3.8704900805660754E-002  -1.3600520861009358E-010  -1.6054344034022266E-010   1.2064124329245248E-010
  -2.0672446481933654E-009  0.18679144687356769       -3.3892262156262432E-009   3.0512840008850600E-008   1.3648117409706263E-008   4.7204785921107910E-008  -3.0417786503110538E-008  -5.3720510555645617E-008   2.0724235689876856E-008   4.0072389394912295E-008   1.8714927430853439E-009  0.43296483853804840        5.3965383697801975E-009  -5.3219663526993027E-008   1.0275868921786989E-010  -6.5931653319590422E-010  -4.3408993115955372E-010  -5.1204397080430196E-010   9.9261244447903377E-010   3.7417842945033236E-010   1.1483752662791228E-009  -8.8415031927704732E-010  -8.8142647931169894E-010   9.8255632586904653E-010   7.6182469452176728E-010  0.27686267504713036        3.1554804822131023E-009   2.3779165404022934E-009   1.0668183493085796E-008  -7.5503175561261998E-009  -1.1305855527815276E-008   1.0921190406941031E-008   8.9279472175558318E-009  -9.7248084289665825E-010 -0.30540356729637091       -3.9444914067162168E-009  -8.9764330055331330E-009  -2.8492067283335902E-008   1.7975858148716039E-008   3.3562746209494170E-008  -9.7537151912347354E-009  -2.4586295311227398E-008   1.8382176209894171E-008   5.3850281992479592E-011  -2.6349217700996551E-010  -1.8808464738241323E-010  -2.3160768199574132E-010   4.6393360163526440E-010   1.5935929957357251E-010   5.0000238676784907E-010  -2.9912784626534402E-010  -4.0733913815010916E-010   3.6314605669358110E-010   1.4031901403577094E-008  -1.3366284749941624E-008  -1.3012177314806721E-010  -3.8704900313464283E-002  -5.3382969254191824E-010   5.2049853733214578E-009
