 3.1511788075987057E-001  5.6298710395837048E-001 -2.9740595020683033E-016 -4.4266641335332165E-016 -4.3397687875179310E-017  9.7188351810828522E-010 -2.8826662237801948E-009 -1.6463690827306365E-010 -4.7477069324564081E-009 -7.0395894495589584E-010  3.7758407372967540E-009  1.1614835223649999E-015  4.9593709655929792E-016 -4.2155482722834829E-016 -3.1243547395869348E-001  6.7228528022322820E-009 -7.6181720237711303E-009 -6.7250804924867680E-010 -8.4963206470334285E-009 -7.7864609898670167E-010  1.7734974044891771E-009  7.0829118268053409E-002 -7.0616312383466336E-016  2.0347967958859352E-016  3.3752360950707839E-016 -2.5960455263096181E-002
 5.6298710395837048E-001  1.0064195149457587E+000 -5.3245654964100607E-016 -8.1144288963989900E-016 -5.2411349875301997E-017 -4.3552771111787791E-009  2.7025187712692578E-009  3.5117164384756983E-010  1.0928615928884611E-009 -2.3683524932871514E-010  3.2624470347464296E-009  4.3509959326529367E-016 -5.9019420607313252E-016  5.8269289657492567E-016 -5.2236233183164282E-001 -4.6575623913192032E-009  7.8853881479989951E-009  5.6459580066725579E-010  1.1038000236052170E-008  1.4051206864706955E-009 -6.3803918259885961E-009  1.0235868570507632E-001 -5.2428068387844745E-016  5.9253319514136989E-016  1.0256462712430230E-016 -3.4982475552556618E-002
-2.9740595020683033E-016 -5.3245654964100607E-016  4.9094272299010821E-005  2.4256179882590004E-012  2.0002268384430974E-013  2.8185072424627437E-016 -8.5632433751419460E-017  9.4291796935788139E-017  1.5406612074454954E-017  1.9757702592323184E-016 -2.9426269300291404E-016  9.7791821227913040E-003  2.8599364358932594E-010  2.3511325265151983E-011  8.1882072333278215E-016  7.2288599386204046E-016 -2.1000109563140100E-016  2.5802153908808510E-016  5.0802161423363018E-017  5.4617819837122958E-016 -7.8542153901352093E-016  7.1108129833834888E-016 -7.4799291833298536E-003 -1.0371760796133028E-010 -8.6854436403410729E-012  8.2456327015424768E-016
-4.4266641335332165E-016 -8.1144288963989900E-016  2.4256179882590004E-012  4.9094277887250945E-005  3.1218614170413486E-013  1.6970622801450996E-016  1.6870170929430643E-016  6.8157861864353235E-017 -4.7299826146212639E-016  1.9210116330782625E-016  3.0731022246103788E-016  2.8598835723637334E-010  9.7791827816310004E-003  3.7144525519630656E-011 -6.3874429087549057E-016  4.7706303672740427E-016  4.7834803775968545E-016  1.8191598545034217E-016 -1.3142658362677921E-015  5.2340422403898895E-016  8.3573970424461816E-016 -3.0085297607821208E-016 -1.0371678808764745E-010 -7.4799294223474016E-003 -1.2742276418037379E-011 -4.1421599477054845E-016
-4.3397687875179310E-017 -5.2411349875301997E-017  2.0002268384430974E-013  3.1218614170413486E-013  4.9094273270866169E-005  1.1092177469875960E-016  3.2729456210296789E-016 -2.7577363263297954E-016 -6.5217385704831323E-016  2.0849815357913266E-017  5.3266501506088541E-016  2.3509729319554085E-011  3.7142768461589926E-011  9.7791822329461563E-003  1.1801631350754868E-015  3.2833001370976109E-016  8.9932348488013096E-016 -7.4682542815945112E-016 -1.7653987270621886E-015  7.3259391079927362E-017  1.4502328756765724E-015 -2.4216863027625549E-016 -8.6844348986397923E-012 -1.2740930489460456E-011 -7.4799292329047733E-003  1.3639121081249324E-015
 9.7188351810828522E-010 -4.3552771111787791E-009  2.8185072424627437E-016  1.6970622801450996E-016  1.1092177469875960E-016  1.9047871887651138E-001 -2.0209334466309015E-009 -6.4521237744946669E-010 -9.5239357837835381E-002  4.3236632850385259E-010 -9.5239361038676085E-002  2.9835159310374230E-015 -1.2688749812713528E-015 -8.4404467464594518E-016  1.4820046995156488E-009  5.2149965024291156E-001 -1.9955188959586145E-009 -6.7064274272832236E-010 -2.6074982321123436E-001  4.9200275797911530E-010 -2.6074982703162564E-001 -2.6521521784284019E-010 -3.0398428550261898E-015 -1.3705134511659717E-016  1.8009882024888025E-015  1.0159290596278847E-010
-2.8826662237801948E-009  2.7025187712692578E-009 -8.5632433751419460E-017  1.6870170929430643E-016  3.2729456210296789E-016 -2.0209334466309015E-009  1.9047871668202737E-001  1.1705992196625950E-009  1.4456513967690821E-009 -3.0850994588854652E-010  5.7528174932097720E-010 -1.0440922432330809E-015 -1.0984297174136985E-015 -1.2076874074084402E-015 -4.6296093347830691E-010 -2.2339134153614992E-009  5.2149964794657155E-001  1.2317334084112341E-009  1.3965163175172490E-009 -3.5386391039615717E-010  8.3739789408232568E-010  4.9408334194811498E-011  1.8909083229936409E-015 -5.2161846830381590E-016  5.1741728273402065E-016 -2.2897621299033943E-011
-1.6463690827306365E-010  3.5117164384756983E-010  9.4291796935788139E-017  6.8157861864353235E-017 -2.7577363263297954E-016 -6.4521237744946669E-010  1.1705992196625950E-009  1.9047870292400326E-001 -4.4861075992235280E-010  3.8875326609103325E-009  1.0938230360531265E-009  5.4507793160257491E-017 -3.8595647988989534E-016 -7.6518155300960539E-016 -1.0221472800109321E-010 -6.7966543070702157E-010  1.2181102216311801E-009  5.2149963355009377E-001 -4.8728600343141137E-010  4.0645008906941768E-009  1.1669508354419933E-009  1.7026572426276365E-011  1.7345346124704602E-016 -4.0300118617019077E-016  1.6807403364362630E-016 -6.6719643590333610E-012
-4.7477069324564081E-009  1.0928615928884611E-009  1.5406612074454954E-017 -4.7299826146212639E-016 -6.5217385704831323E-016 -9.5239357837835381E-002  1.4456513967690821E-009 -4.4861075992235280E-010  1.9047871746318928E-001  7.7507667330719426E-010 -9.5239359625348255E-002 -4.0735673600674756E-016  1.1338527600540360E-015 -1.0152755928036359E-015  5.3040669252546468E-010 -2.6074982368228067E-001  1.6289595497140374E-009 -4.5157172098853060E-010  5.2149964876395760E-001  7.8830861673442887E-010 -2.6074982508174332E-001 -1.6096747199045858E-010  1.2990348951453893E-015 -1.2115063418813304E-015  6.5179328678302186E-016  5.3817223030425132E-011
-7.0395894495589584E-010 -2.3683524932871514E-010  1.9757702592323184E-016  1.9210116330782625E-016  2.0849815357913266E-017  4.3236632850385259E-010 -3.0850994588854652E-010  3.8875326609103325E-009  7.7507667330719426E-010  1.9047871220599341E-001 -1.2074427881147987E-009 -1.2964325812021842E-016 -4.5139957453193251E-016 -1.1153543584011723E-015  2.3219909675575856E-010  4.1285700205784259E-010 -2.9178897579390517E-010  4.0713718618256428E-009  8.3378016210028383E-010  5.2149964326283060E-001 -1.2466384452514134E-009 -5.2653405507169238E-011  1.0962473797180312E-015 -1.5784978968725933E-017 -1.6090046998960442E-016  1.8852050671404330E-011
 3.7758407372967540E-009  3.2624470347464296E-009 -2.9426269300291404E-016  3.0731022246103788E-016  5.3266501506088541E-016 -9.5239361038676085E-002  5.7528174932097720E-010  1.0938230360531265E-009 -9.5239359625348255E-002 -1.2074427881147987E-009  1.9047872066401875E-001 -2.0993207575045642E-015  9.6037483805087338E-016 -3.5457721325973522E-018 -2.0123876592892387E-009 -2.6074982656063111E-001  3.6655852658773469E-010  1.1222141818242881E-009 -2.6074982555270765E-001 -1.2803107411057946E-009  5.2149965211335370E-001  4.2618407761207955E-010  1.0679848680029457E-015  7.8152533790604017E-016 -1.4202476024100418E-015 -1.5541093238702341E-010
 1.1614835223649999E-015  4.3509959326529367E-016  9.7791821227913040E-003  2.8598835723637334E-010  2.3509729319554085E-011  2.9835159310374230E-015 -1.0440922432330809E-015  5.4507793160257491E-017 -4.0735673600674756E-016 -1.2964325812021842E-016 -2.0993207575045642E-015  2.3049975718767963E+000 -1.5489609594965259E-010 -1.2732606635701416E-011  2.9871942429075760E-015 -7.6840972020931679E-016  8.2059152863532152E-016 -3.1592152663554979E-016 -9.0107594192240096E-016 -3.1062749870762470E-016 -1.4529087398687146E-015 -3.4237801997652164E-016 -8.4377406670651278E-001  5.2809222272909295E-011  4.3839099017617400E-012  3.7087289135749672E-016
 4.9593709655929792E-016 -5.9019420607313252E-016  2.8599364358932594E-010  9.7791827816310004E-003  3.7142768461589926E-011 -1.2688749812713528E-015 -1.0984297174136985E-015 -3.8595647988989534E-016  1.1338527600540360E-015 -4.5139957453193251E-016  9.6037483805087338E-016 -1.5489609594965259E-010  2.3049975715200048E+000 -2.0116242005485674E-011 -1.0336447814072483E-015  2.2473024616513756E-016  2.0692535720090481E-015 -1.1502642391434332E-015 -8.0070026957946291E-017 -1.1813866935485120E-015 -1.3524918421018601E-016  7.0401854080039012E-016  5.2808375727853019E-011 -8.4377406658484344E-001  6.6593119907309983E-012  4.3896334618696398E-016
-4.2155482722834829E-016  5.8269289657492567E-016  2.3511325265151983E-011  3.7144525519630656E-011  9.7791822329461563E-003 -8.4404467464594518E-016 -1.2076874074084402E-015 -7.6518155300960539E-016 -1.0152755928036359E-015 -1.1153543584011723E-015 -3.5457721325973522E-018 -1.2732606635701416E-011 -2.0116242005485674E-011  2.3049975718172235E+000 -2.9476194278186707E-015  1.5861075397130086E-015 -2.6154565063808075E-015 -1.7771313105842112E-016  2.2131364162417635E-015  1.2557937920472115E-015 -1.1584954490376704E-016 -5.2371113767380901E-016  4.3846037911521307E-012  6.6587846347943014E-012 -8.4377406668358379E-001  3.7776969305442459E-016
-3.1243547395869348E-001 -5.2236233183164282E-001  8.1882072333278215E-016 -6.3874429087549057E-016  1.1801631350754868E-015  1.4820046995156488E-009 -4.6296093347830691E-010 -1.0221472800109321E-010  5.3040669252546468E-010  2.3219909675575856E-010 -2.0123876592892387E-009  2.9871942429075760E-015 -1.0336447814072483E-015 -2.9476194278186707E-015  2.6688156805016305E+000  6.2475818962681728E-010 -1.7400363649944239E-009 -1.0156969362795643E-010 -2.8284911843257099E-009 -4.1493191174635236E-010  2.2032111690606371E-009 -1.0712384027610160E+000  3.8679659883483993E-017 -6.0189775522555978E-016 -2.7238202453800911E-016  2.8724270134995278E-001
 6.7228528022322820E-009 -4.6575623913192032E-009  7.2288599386204046E-016  4.7706303672740427E-016  3.2833001370976109E-016  5.2149965024291156E-001 -2.2339134153614992E-009 -6.7966543070702157E-010 -2.6074982368228067E-001  4.1285700205784259E-010 -2.6074982656063111E-001 -7.6840972020931679E-016  2.2473024616513756E-016  1.5861075397130086E-015  6.2475818962681728E-010  1.4277809448088206E+000  3.5689173560893295E-009  1.1394276910881018E-009 -7.1389047523066040E-001 -7.6355177042186639E-010 -7.1389046957801905E-001 -1.3332994430736989E-010  5.1820426820106181E-016 -5.8871629026263808E-017 -6.5529788351793093E-016  4.8618668119226882E-011
-7.6181720237711303E-009  7.8853881479989951E-009 -2.1000109563140100E-016  4.7834803775968545E-016  8.9932348488013096E-016 -1.9955188959586145E-009  5.2149964794657155E-001  1.2181102216311801E-009  1.6289595497140374E-009 -2.9178897579390517E-010  3.6655852658773469E-010  8.2059152863532152E-016  2.0692535720090481E-015 -2.6154565063808075E-015 -1.7400363649944239E-009  3.5689173560893295E-009  1.4277809486841162E+000 -2.0672478676792005E-009 -2.5529830229020778E-009  5.4482141367828696E-010 -1.0159321717218006E-009  3.6068191142102357E-010 -7.0188035090713365E-016 -6.8763421173399686E-016  1.0032668866073857E-015 -1.3243509327381942E-010
-6.7250804924867680E-010  5.6459580066725579E-010  2.5802153908808510E-016  1.8191598545034217E-016 -7.4682542815945112E-016 -6.7064274272832236E-010  1.2317334084112341E-009  5.2149963355009377E-001 -4.5157172098853060E-010  4.0713718618256428E-009  1.1222141818242881E-009 -3.1592152663554979E-016 -1.1502642391434332E-015 -1.7771313105842112E-016 -1.0156969362795643E-010  1.1394276910881018E-009 -2.0672478676792005E-009  1.4277809729804221E+000  7.9223525352792312E-010 -6.8652839741237259E-009 -1.9316645921696463E-009  2.1271186201321512E-011 -2.9815786604304164E-016  1.1320235051730768E-015 -2.7438035538407583E-016 -7.7908465269393989E-012
-8.4963206470334285E-009  1.1038000236052170E-008  5.0802161423363018E-017 -1.3142658362677921E-015 -1.7653987270621886E-015 -2.6074982321123436E-001  1.3965163175172490E-009 -4.8728600343141137E-010  5.2149964876395760E-001  8.3378016210028383E-010 -2.6074982555270765E-001 -9.0107594192240096E-016 -8.0070026957946291E-017  2.2131364162417635E-015 -2.8284911843257099E-009 -7.1389047523066040E-001 -2.5529830229020778E-009  7.9223525352792312E-010  1.4277809473044605E+000 -1.3687670771117544E-009 -7.1389047207398215E-001  5.8261810306770023E-010 -4.7712564523590493E-016  8.0459425924110018E-016  4.8788644591976397E-016 -2.1424786857821010E-010
-7.7864609898670167E-010  1.4051206864706955E-009  5.4617819837122958E-016  5.2340422403898895E-016  7.3259391079927362E-017  4.9200275797911530E-010 -3.5386391039615717E-010  4.0645008906941768E-009  7.8830861673442887E-010  5.2149964326283060E-001 -1.2803107411057946E-009 -3.1062749870762470E-016 -1.1813866935485120E-015  1.2557937920472115E-015 -4.1493191174635236E-010 -7.6355177042186639E-010  5.4482141367828696E-010 -6.8652839741237259E-009 -1.3687670771117544E-009  1.4277809565887138E+000  2.1323153173713472E-009  8.5019978904310456E-011  3.9198419708638198E-016  1.3566279242413638E-015 -9.3736283430319797E-016 -3.1305586161572974E-011
 1.7734974044891771E-009 -6.3803918259885961E-009 -7.8542153901352093E-016  8.3573970424461816E-016  1.4502328756765724E-015 -2.6074982703162564E-001  8.3739789408232568E-010  1.1669508354419933E-009 -2.6074982508174332E-001 -1.2466384452514134E-009  5.2149965211335370E-001 -1.4529087398687146E-015 -1.3524918421018601E-016 -1.1584954490376704E-016  2.2032111690606371E-009 -7.1389046957801905E-001 -1.0159321717218006E-009 -1.9316645921696463E-009 -7.1389047207398215E-001  2.1323153173713472E-009  1.4277809416520422E+000 -4.4920901720590933E-010  3.2565021525226572E-016  2.1627535151292693E-017  8.2161327544337799E-017  1.6561269022830061E-010
 7.0829118268053409E-002  1.0235868570507632E-001  7.1108129833834888E-016 -3.0085297607821208E-016 -2.4216863027625549E-016 -2.6521521784284019E-010  4.9408334194811498E-011  1.7026572426276365E-011 -1.6096747199045858E-010 -5.2653405507169238E-011  4.2618407761207955E-010 -3.4237801997652164E-016  7.0401854080039012E-016 -5.2371113767380901E-016 -1.0712384027610160E+000 -1.3332994430736989E-010  3.6068191142102357E-010  2.1271186201321512E-011  5.8261810306770023E-010  8.5019978904310456E-011 -4.4920901720590933E-010  2.6602776169913009E+000  4.3468551696443147E-016 -4.0126474932142882E-016  4.1581527045412137E-016 -8.1293969560416324E-001
-7.0616312383466336E-016 -5.2428068387844745E-016 -7.4799291833298536E-003 -1.0371678808764745E-010 -8.6844348986397923E-012 -3.0398428550261898E-015  1.8909083229936409E-015  1.7345346124704602E-016  1.2990348951453893E-015  1.0962473797180312E-015  1.0679848680029457E-015 -8.4377406670651278E-001  5.2808375727853019E-011  4.3846037911521307E-012  3.8679659883483993E-017  5.1820426820106181E-016 -7.0188035090713365E-016 -2.9815786604304164E-016 -4.7712564523590493E-016  3.9198419708638198E-016  3.2565021525226572E-016  4.3468551696443147E-016  2.3089806529460115E+000 -1.7932294538169913E-011 -1.5012158183225210E-012 -8.8169722785343179E-016
 2.0347967958859352E-016  5.9253319514136989E-016 -1.0371760796133028E-010 -7.4799294223474016E-003 -1.2740930489460456E-011 -1.3705134511659717E-016 -5.2161846830381590E-016 -4.0300118617019077E-016 -1.2115063418813304E-015 -1.5784978968725933E-017  7.8152533790604017E-016  5.2809222272909295E-011 -8.4377406658484344E-001  6.6587846347943014E-012 -6.0189775522555978E-016 -5.8871629026263808E-017 -6.8763421173399686E-016  1.1320235051730768E-015  8.0459425924110018E-016  1.3566279242413638E-015  2.1627535151292693E-017 -4.0126474932142882E-016 -1.7932294538169913E-011  2.3089806529046903E+000 -2.2016277689829167E-012 -1.6621569233857787E-017
 3.3752360950707839E-016  1.0256462712430230E-016 -8.6854436403410729E-012 -1.2742276418037379E-011 -7.4799292329047733E-003  1.8009882024888025E-015  5.1741728273402065E-016  1.6807403364362630E-016  6.5179328678302186E-016 -1.6090046998960442E-016 -1.4202476024100418E-015  4.3839099017617400E-012  6.6593119907309983E-012 -8.4377406668358379E-001 -2.7238202453800911E-016 -6.5529788351793093E-016  1.0032668866073857E-015 -2.7438035538407583E-016  4.8788644591976397E-016 -9.3736283430319797E-016  8.2161327544337799E-017  4.1581527045412137E-016 -1.5012158183225210E-012 -2.2016277689829167E-012  2.3089806529374277E+000 -1.3585240934188696E-015
-2.5960455263096181E-002 -3.4982475552556618E-002  8.2456327015424768E-016 -4.1421599477054845E-016  1.3639121081249324E-015  1.0159290596278847E-010 -2.2897621299033943E-011 -6.6719643590333610E-012  5.3817223030425132E-011  1.8852050671404330E-011 -1.5541093238702341E-010  3.7087289135749672E-016  4.3896334618696398E-016  3.7776969305442459E-016  2.8724270134995278E-001  4.8618668119226882E-011 -1.3243509327381942E-010 -7.7908465269393989E-012 -2.1424786857821010E-010 -3.1305586161572974E-011  1.6561269022830061E-010 -8.1293969560416324E-001 -8.8169722785343179E-016 -1.6621569233857787E-017 -1.3585240934188696E-015  2.2493357677520236E+000
