 3.5587946567187535E-009 -7.2123108471817678E-008 -8.3474604741454132E-006 -2.7304207541918514E-005 -2.2151640197595029E-005  1.2277417340702115E-022 -7.6577882930035270E-023 -1.6583093327572389E-023 -1.1339382556509912E-005
-7.2123108471817678E-008  1.4616585887632081E-006  1.6917098493007517E-004  5.5335148898377122E-004  4.4892872528724906E-004 -2.4881612681571830E-021  1.5519397688984355E-021  3.3607565320038057E-022  2.2980576206682601E-004
-8.3474604741454132E-006  1.6917098493007517E-004  1.9579690060472821E-002  6.4044378847127215E-002  5.1958586775389878E-002 -2.8797743579448582E-019  1.7962004347325334E-019  3.8897078770654879E-020  2.6597501913457805E-002
-2.7304207541918514E-005  5.5335148898377122E-004  6.4044378847127215E-002  2.0948658784925148E-001  1.6995444797781672E-001 -9.4196261230301220E-019  5.8752993929980010E-019  1.2723078052514447E-019  8.6999359217208541E-002
-2.2151640197595029E-005  4.4892872528724906E-004  5.1958586775389878E-002  1.6995444797781672E-001  1.3788240423406001E-001 -7.6420518102525706E-019  4.7665737233733121E-019  1.0322110494967874E-019  7.0581740921879702E-002
 1.2277417340702115E-022 -2.4881612681571830E-021 -2.8797743579448582E-019 -9.4196261230301220E-019 -7.6420518102525706E-019  4.2355626299819238E-036 -2.6418456766660606E-036 -5.7209695197794272E-037 -3.9119518112492241E-019
-7.6577882930035270E-023  1.5519397688984355E-021  1.7962004347325334E-019  5.8752993929980010E-019  4.7665737233733121E-019 -2.6418456766660606E-036  1.6477972796140524E-036  3.5683378838933824E-037  2.4400000384172888E-019
-1.6583093327572389E-023  3.3607565320038057E-022  3.8897078770654879E-020  1.2723078052514447E-019  1.0322110494967874E-019 -5.7209695197794272E-037  3.5683378838933824E-037  7.7273068787994587E-038  5.2838687631678925E-020
-1.1339382556509912E-005  2.2980576206682601E-004  2.6597501913457805E-002  8.6999359217208541E-002  7.0581740921879702E-002 -3.9119518112492241E-019  2.4400000384172888E-019  5.2838687631678925E-020  3.6130659160153643E-002
