 4.9463104138795149E-006 -2.9050327135701952E-018 -8.1862026873578703E-013  6.8550720386490227E-012 -1.9903001567791218E-005  6.2442397382885661E-018  1.1228940951273563E-012 -4.2180712421123901E-012 -2.5756770785830815E-004  4.9938673521598380E-017  2.5017604051856303E-011  4.0631341215736521E-011 -9.6169394109434038E-004  1.8282007598078136E-016  7.9202291981225236E-011 -2.3719495839447924E-010 -9.6314510834446187E-004  1.8522228550576285E-016  7.8616779961508699E-011 -3.2765713204718094E-010 -1.0021377229531744E-012  2.8220776964216016E-019 -2.0620967626181748E-013  5.1150730655873968E-013 -2.3008626418285480E-020  4.9063239830450378E-013 -6.1120342636616421E-004  1.1721243717380753E-016  4.9769968543275199E-011  1.1209390740343525E-010  6.9819899332134275E-011
-2.9050327135701952E-018  4.9463167506657115E-006 -1.8752286493084788E-019  5.9420050158737491E-018  8.6947488587761898E-018 -1.9903010259918077E-005 -4.3839667061223050E-018 -1.8451387748438975E-017  1.0234795931666376E-016 -2.5756790151423815E-004 -2.7221683342807544E-017  1.9036718277165940E-017  3.8052171659384145E-016 -9.6169455418270680E-004 -9.8177187949907676E-017 -3.1701335870439051E-016  3.8162473881099986E-016 -9.6314571690052830E-004 -9.7865122474701863E-017 -4.1749398238233940E-016 -6.4242088727974566E-019 -1.5159943115444878E-013  5.5541937712191007E-020 -3.4197094379118832E-019 -1.9585579539124569E-014 -7.4854269780957749E-019  2.4194007092554302E-016 -6.1120381162509975E-004 -6.2213266406035388E-017 -9.3045079441395841E-016 -1.1903488391386336E-015
-8.1862026873578703E-013 -1.8752286493084788E-019  4.9463166449138996E-006  8.8556082367123369E-013  1.1228867941281228E-012  1.0639118300946852E-018 -1.9903010114855065E-005 -5.4485774734460814E-013  2.5017481374381746E-011  3.4366375717624896E-017 -2.5756789828237079E-004  5.2489476128445853E-012  7.9201846401246420E-011  1.3792537892979405E-016 -9.6169454395116755E-004 -3.0641067626638608E-011  7.8616328038967298E-011  1.3752670491726818E-016 -9.6314570674463341E-004 -4.2327155937412714E-011 -9.5540483585416843E-014  4.8132378062330140E-020 -1.7570870755401538E-013  6.6080466740727578E-014  2.0823235895755593E-019  2.9460517051588654E-014  4.9769682788258505E-011  8.7559554578510934E-017 -6.1120380519569804E-004  1.4480243629223302E-011  9.0192073530750403E-012
 6.8550720386490227E-012  5.9420050158737491E-018  8.8556082367123369E-013  9.3053655659220295E-005 -2.5287663414614630E-011 -6.9070474573888641E-018 -3.2667813784894238E-012 -2.7132096463064573E-004 -1.8133626625346897E-010 -8.7902819561312916E-017 -2.3425995509115061E-011  3.1983374883411673E-004 -6.8937839469201185E-010 -2.7928310708634812E-016 -8.9057679140491481E-011 -6.6991322111275000E-003 -8.0450503127765525E-010 -2.9526995146982706E-016 -1.0393042243302452E-010 -8.7439355539029335E-003 -1.0903794792782523E-011  4.4883918463504577E-018 -2.4603258203338672E-012  5.5894007808834360E-012 -1.4628220084402661E-018  5.3141472365472591E-012 -5.0973654998915098E-010 -1.8436085055117324E-016 -6.5850595360335409E-011  2.8879774760651876E-003  1.6970703468567672E-003
-1.9903001567791218E-005  8.6947488587761898E-018  1.1228867941281228E-012 -2.5287663414614630E-011  8.0085849504299563E-005 -1.3076160687268807E-017  4.2177060250681228E-012  1.0278678339983260E-011  1.0364029072925927E-003 -4.5009734948992206E-017  1.2388091900345980E-011 -1.5560319904157283E-010  3.8696714148038621E-003 -1.5341444943676850E-016  1.0342120326496308E-010  7.8910512166556906E-010  3.8755106326526325E-003 -1.6220193192609898E-016  1.0641414862350641E-010  1.1026675978835665E-009  4.0324091857489666E-012 -1.1355495920140296E-018  8.2974808450976135E-013 -2.0582068924537139E-012  9.2582169993947178E-020 -1.9742102681262209E-012  2.4593650085264537E-003 -1.0161211956386150E-016  6.8010527936192193E-011 -3.7234557906537909E-010 -2.3021479991006704E-010
 6.2442397382885661E-018 -1.9903010259918077E-005  1.0639118300946852E-018 -6.9070474573888641E-018 -1.3076160687268807E-017  8.0085816856166790E-005  1.6395436070299570E-017  2.4666067828785924E-017 -1.2829005498531042E-016  1.0364028113997157E-003  9.3425728311099771E-017 -1.7940066704759948E-017 -4.7248396388156476E-016  3.8696706142463825E-003  3.3489880946824163E-016  5.7633412687464623E-017 -4.7532484279274334E-016  3.8755098089275001E-003  3.3355235752117356E-016  8.6868905246790211E-017  2.5849749684426256E-018  6.1000643221214040E-013 -2.2349012180436584E-019  1.3760246022111550E-018  7.8808537779383832E-014  3.0119897153753821E-018 -3.0068881517227305E-016  2.4593644820740945E-003  2.1210766638081709E-016  3.1460135636339124E-015  3.7609812812067280E-015
 1.1228940951273563E-012 -4.3839667061223050E-018 -1.9903010114855065E-005 -3.2667813784894238E-012  4.2177060250681228E-012  1.6395436070299570E-017  8.0085817400985090E-005  1.3277556069336802E-012  1.2388205307892287E-011  1.2929301719194644E-016  1.0364028129997045E-003 -2.0101692807180857E-011  1.0342157655575721E-010  4.4407977050004473E-016  3.8696706276058423E-003  1.0193965569323439E-010  1.0641454522461989E-010  4.4719150834050714E-016  3.8755098226736207E-003  1.4244705938268198E-010  3.8443661245539449E-013 -1.9367522089658845E-019  7.0701753318708194E-013 -2.6589507199169415E-013 -8.3788623274510151E-019 -1.1854355319999750E-013  6.8010775513732185E-011  2.8263172493767817E-016  2.4593644908593891E-003 -4.8100108442187392E-011 -2.9738904379401277E-011
-4.2180712421123901E-012 -1.8451387748438975E-017 -5.4485774734460814E-013 -2.7132096463064573E-004  1.0278678339983260E-011  2.4666067828785924E-017  1.3277556069336802E-012  7.9110343197100468E-004 -2.9243286523537718E-010  3.1473125051433979E-016 -3.7778766567258146E-011 -9.3255475937309277E-004 -1.0559683629645079E-009  1.0325255465028276E-015 -1.3641815607532749E-010  1.9532969726397561E-002 -7.2491458572681360E-010  1.0794529644503881E-015 -9.3650662599630272E-011  2.5495101979288431E-002  3.1792736098682644E-011 -1.3086515409346277E-017  7.1736942020660309E-012 -1.6297293477747432E-011  4.2650462580432614E-018 -1.5494723046721102E-011 -4.6234331252614041E-010  6.7622358356395831E-016 -5.9729453041866194E-011 -8.4190702519063992E-003 -4.9463935076934033E-003
-2.5756770785830815E-004  1.0234795931666376E-016  2.5017481374381746E-011 -1.8133626625346897E-010  1.0364029072925927E-003 -1.2829005498531042E-016  1.2388205307892287E-011 -2.9243286523537718E-010  1.3412244396394789E-002 -5.2789954785966443E-017 -3.8571968632318099E-010 -1.5122150551327848E-009  5.0077994169925359E-002 -7.6367494495430391E-018 -7.0037293872708205E-010 -2.9431014004650336E-010  5.0153560357862725E-002 -1.1837258514174188E-016 -6.6471722883629969E-010  5.5750135628553083E-010  5.2183990607954832E-011 -1.4695308869625435E-017  1.0737889323956699E-011 -2.6635553064735898E-011  1.1981178089180323E-018 -2.5548540747073168E-011  3.1827008899914105E-002 -5.8038447208672286E-017 -4.1559845278223286E-010 -1.3468088620277345E-011  1.0817995219153678E-011
 4.9938673521598380E-017 -2.5756790151423815E-004  3.4366375717624896E-017 -8.7902819561312916E-017 -4.5009734948992206E-017  1.0364028113997157E-003  1.2929301719194644E-016  3.1473125051433979E-016 -5.2789954785966443E-017  1.3412247382159582E-002  1.3643719769718046E-016 -2.1841195676799829E-016 -1.1273759760407811E-016  5.0077999591347053E-002  3.2915695765177399E-016  8.7695249710688303E-016 -1.4044539431074791E-016  5.0153565503282371E-002  3.0568919039410031E-016  1.1655598274058165E-015  3.3452561559224231E-017  7.8941865880199314E-012 -2.8922195236137516E-018  1.7807342513426524E-017  1.0198733474061426E-012  3.8978617347294466E-017 -7.6855190440777457E-017  3.1827012116964218E-002  1.9965939815201596E-016 -3.3110702407221556E-015 -3.7193432880726949E-015
 2.5017604051856303E-011 -2.7221683342807544E-017 -2.5756789828237079E-004 -2.3425995509115061E-011  1.2388091900345980E-011  9.3425728311099771E-017  1.0364028129997045E-003 -3.7778766567258146E-011 -3.8571968632318099E-010  1.3643719769718046E-016  1.3412247332328410E-002 -1.9535719102860494E-010 -7.0037358664630725E-010  9.0110697546900480E-018  5.0077999500866686E-002 -3.8021801534545839E-011 -6.6471758358727049E-010  4.0622270363927906E-017  5.0153565417408424E-002  7.2020393345640096E-011  4.9750486729550956E-012 -2.5063800438197539E-018  9.1496211077348881E-012 -3.4409865819315101E-012 -1.0843214367913290E-017 -1.5340881381967495E-012 -4.1559873120536327E-010  1.0869316974901442E-017  3.1827012063273361E-002 -1.7413182718893335E-012  1.3956099042339356E-012
 4.0631341215736521E-011  1.9036718277165940E-017  5.2489476128445853E-012  3.1983374883411673E-004 -1.5560319904157283E-010 -1.7940066704759948E-017 -2.0101692807180857E-011 -9.3255475937309277E-004 -1.5122150551327848E-009 -2.1841195676799829E-016 -1.9535719102860494E-010  1.0993142951223446E-003 -5.6885396427754486E-009 -6.5002965318106385E-016 -7.3488054271652552E-010 -2.3025048962212670E-002 -6.0892546985535077E-009 -7.0364065248485319E-016 -7.8664729898669086E-010 -3.0053333782334966E-002 -3.7478832565557577E-011  1.5398819627401363E-017 -8.4567014643588454E-012  1.9212045694718053E-011 -5.0180952138051233E-018  1.8265936454417985E-011 -3.8614509071211247E-009 -4.3631968898910173E-016 -4.9884593344778387E-010  9.8394315188906969E-003  5.7297344472251070E-003
-9.6169394109434038E-004  3.8052171659384145E-016  7.9201846401246420E-011 -6.8937839469201185E-010  3.8696714148038621E-003 -4.7248396388156476E-016  1.0342157655575721E-010 -1.0559683629645079E-009  5.0077994169925359E-002 -1.1273759760407811E-016 -7.0037358664630725E-010 -5.6885396427754486E-009  1.8697881025469362E-001  2.8649165595940508E-016  1.4724064634974626E-010 -2.1184420320938019E-010  1.8726095565908163E-001 -1.2649315394693586E-016  2.8453837559281008E-010  3.2390659189884877E-009  1.9484208035610948E-010 -5.4868639412006861E-017  4.0092616433181580E-011 -9.9450550118295872E-011  4.4734743633417422E-018 -9.5391915575380792E-011  1.1883415773160860E-001 -1.6499874617489902E-017  2.0380913937721152E-010 -5.3319678080782987E-010 -3.0400941124245705E-010
 1.8282007598078136E-016 -9.6169455418270680E-004  1.3792537892979405E-016 -2.7928310708634812E-016 -1.5341444943676850E-016  3.8696706142463825E-003  4.4407977050004473E-016  1.0325255465028276E-015 -7.6367494495430391E-018  5.0077999591347053E-002  9.0110697546900480E-018 -6.5002965318106385E-016  2.8649165595940508E-016  1.8697880911492401E-001 -6.3942202123558177E-016 -3.2173571322276063E-016  1.8410505070445829E-016  1.8726095345652405E-001 -7.2986420857032571E-016 -3.0146836057694895E-016  1.2490354897739522E-016  2.9474931490953904E-011 -1.0798830588776988E-017  6.6488195464638729E-017  3.8079537022681267E-012  1.4553647571633307E-016  1.6264541303141332E-016  1.1883415615396288E-001 -4.4198861051034707E-016  2.8498219011159584E-015  3.2932199110211760E-015
 7.9202291981225236E-011 -9.8177187949907676E-017 -9.6169454395116755E-004 -8.9057679140491481E-011  1.0342120326496308E-010  3.3489880946824163E-016  3.8696706276058423E-003 -1.3641815607532749E-010 -7.0037293872708205E-010  3.2915695765177399E-016  5.0077999500866686E-002 -7.3488054271652552E-010  1.4724064634974626E-010 -6.3942202123558177E-016  1.8697880913395304E-001 -2.7367117346335806E-011  2.8453947540751774E-010 -5.2240929134989915E-016  1.8726095349329083E-001  4.1844371551473181E-010  1.8575598845676404E-011 -9.3582014150172781E-018  3.4162412787399492E-011 -1.2847790608690489E-011 -4.0485868564156257E-017 -5.7279054906613524E-012  2.0380963724286373E-010 -3.8718366625401327E-016  1.1883415618029666E-001 -6.8881194078902177E-011 -3.9273080053633698E-011
-2.3719495839447924E-010 -3.1701335870439051E-016 -3.0641067626638608E-011 -6.6991322111275000E-003  7.8910512166556906E-010  5.7633412687464623E-017  1.0193965569323439E-010  1.9532969726397561E-002 -2.9431014004650336E-010  8.7695249710688303E-016 -3.8021801534545839E-011 -2.3025048962212670E-002 -2.1184420320938019E-010 -3.2173571322276063E-016 -2.7367117346335806E-011  4.8229776070518521E-001  8.0009922092378050E-009  8.2225262401033812E-016  1.0336159512759641E-009  6.2950444555519802E-001  7.8494604593638399E-010 -3.2390316066039005E-016  1.7711476769160981E-010 -4.0237169358967720E-010  1.0557964415215945E-016 -3.8255664764324496E-010  5.0201937195513189E-009  3.0041092765905429E-016  6.4853865499359868E-010 -2.1029607187585300E-001 -1.2501175954521679E-001
-9.6314510834446187E-004  3.8162473881099986E-016  7.8616328038967298E-011 -8.0450503127765525E-010  3.8755106326526325E-003 -4.7532484279274334E-016  1.0641454522461989E-010 -7.2491458572681360E-010  5.0153560357862725E-002 -1.4044539431074791E-016 -6.6471758358727049E-010 -6.0892546985535077E-009  1.8726095565908163E-001  1.8410505070445829E-016  2.8453947540751774E-010  8.0009922092378050E-009  1.8754352681240413E-001 -2.2965807207200748E-016  4.2225124919496084E-010  1.3964135999926391E-008  1.9513610458123734E-010 -5.4951440055503481E-017  4.0153118027853525E-011 -9.9600624871555048E-011  4.4802264598898022E-018 -9.5535865628408993E-011  1.1901347490365947E-001 -8.1871199752700617E-017  2.9123558960153151E-010 -4.0437161026662820E-009 -2.3482204574701235E-009
 1.8522228550576285E-016 -9.6314571690052830E-004  1.3752670491726818E-016 -2.9526995146982706E-016 -1.6220193192609898E-016  3.8755098089275001E-003  4.4719150834050714E-016  1.0794529644503881E-015 -1.1837258514174188E-016  5.0153565503282371E-002  4.0622270363927906E-017 -7.0364065248485319E-016 -1.2649315394693586E-016  1.8726095345652405E-001 -5.2240929134989915E-016  8.2225262401033812E-016 -2.2965807207200748E-016  1.8754352354385367E-001 -6.1280992660532938E-016  1.1788513301588675E-015  1.2509202529744908E-016  2.9519408109339628E-011 -1.0815125311162228E-017  6.6588523091985575E-017  3.8136997683344131E-012  1.4575608441355061E-016 -9.9855898883267926E-017  1.1901347264927252E-001 -3.6767503638941775E-016 -2.0551034687459742E-015 -2.2502222458551304E-015
 7.8616779961508699E-011 -9.7865122474701863E-017 -9.6314570674463341E-004 -1.0393042243302452E-010  1.0641414862350641E-010  3.3355235752117356E-016  3.8755098226736207E-003 -9.3650662599630272E-011 -6.6471722883629969E-010  3.0568919039410031E-016  5.0153565417408424E-002 -7.8664729898669086E-010  2.8453837559281008E-010 -7.2986420857032571E-016  1.8726095349329083E-001  1.0336159512759641E-009  4.2225124919496084E-010 -6.1280992660532938E-016  1.8754352359841164E-001  1.8039720758561468E-009  1.8603630632241643E-011 -9.3723233713651644E-018  3.4213963069886374E-011 -1.2867178425067023E-011 -4.0546960064266858E-017 -5.7365496075634822E-012  2.9123538837360690E-010 -4.4463511572712185E-016  1.1901347268690098E-001 -5.2239171458532896E-010 -3.0335731661726172E-010
-3.2765713204718094E-010 -4.1749398238233940E-016 -4.2327155937412714E-011 -8.7439355539029335E-003  1.1026675978835665E-009  8.6868905246790211E-017  1.4244705938268198E-010  2.5495101979288431E-002  5.5750135628553083E-010  1.1655598274058165E-015  7.2020393345640096E-011 -3.0053333782334966E-002  3.2390659189884877E-009 -3.0146836057694895E-016  4.1844371551473181E-010  6.2950444555519802E-001  1.3964135999926391E-008  1.1788513301588675E-015  1.8039720758561468E-009  8.2164531214539549E-001  1.0245609455310152E-009 -4.2234704522313250E-016  2.3118133092415490E-010 -5.2520082342827687E-010  1.3765996048062274E-016 -4.9933697994059410E-010  8.7868554644933431E-009  4.6149753677484332E-016  1.1351395434874182E-009 -2.7318473837730928E-001 -1.6162234241578985E-001
-1.0021377229531744E-012 -6.4242088727974566E-019 -9.5540483585416843E-014 -1.0903794792782523E-011  4.0324091857489666E-012  2.5849749684426256E-018  3.8443661245539449E-013  3.1792736098682644E-011  5.2183990607954832E-011  3.3452561559224231E-017  4.9750486729550956E-012 -3.7478832565557577E-011  1.9484208035610948E-010  1.2490354897739522E-016  1.8575598845676404E-011  7.8494604593638399E-010  1.9513610458123734E-010  1.2509202529744908E-016  1.8603630632241643E-011  1.0245609455310152E-009  1.4826943503587784E-018 -5.6185956066948910E-025  3.3349751661896140E-019 -7.5992959287016572E-019  1.7372948548764877E-025 -7.2273605498965961E-019  1.2383165797831147E-010  7.9382300160801900E-017  1.1805700596446056E-011 -3.3072141749172145E-010 -1.8971831158245916E-010
 2.8220776964216016E-019 -1.5159943115444878E-013  4.8132378062330140E-020  4.4883918463504577E-018 -1.1355495920140296E-018  6.1000643221214040E-013 -1.9367522089658845E-019 -1.3086515409346277E-017 -1.4695308869625435E-017  7.8941865880199314E-012 -2.5063800438197539E-018  1.5398819627401363E-017 -5.4868639412006861E-017  2.9474931490953904E-011 -9.3582014150172781E-018 -3.2390316066039005E-016 -5.4951440055503481E-017  2.9519408109339628E-011 -9.3723233713651644E-018 -4.2234704522313250E-016 -5.6185956066948910E-025  4.6463638877640711E-021 -1.3328698117598116E-025  3.0863211140528227E-025  6.0027751278497545E-022  3.0633197491781591E-025 -3.4871701176710097E-017  1.8732757086235002E-011 -5.9475940838742418E-018  2.8276471284596597E-016  2.5249682706498743E-016
-2.0620967626181748E-013  5.5541937712191007E-020 -1.7570870755401538E-013 -2.4603258203338672E-012  8.2974808450976135E-013 -2.2349012180436584E-019  7.0701753318708194E-013  7.1736942020660309E-012  1.0737889323956699E-011 -2.8922195236137516E-018  9.1496211077348881E-012 -8.4567014643588454E-012  4.0092616433181580E-011 -1.0798830588776988E-017  3.4162412787399492E-011  1.7711476769160981E-010  4.0153118027853525E-011 -1.0815125311162228E-017  3.4213963069886374E-011  2.3118133092415490E-010  3.3349751661896140E-019 -1.3328698117598116E-025  7.9895981190744361E-020 -1.7147029708543478E-019  3.1824286776255091E-026 -1.6202075075405821E-019  2.5480816015221301E-011 -6.8631835949213957E-018  2.1711880429801038E-011 -7.4624759110350001E-011 -4.2809085966156275E-011
 5.1150730655873968E-013 -3.4197094379118832E-019  6.6080466740727578E-014  5.5894007808834360E-012 -2.0582068924537139E-012  1.3760246022111550E-018 -2.6589507199169415E-013 -1.6297293477747432E-011 -2.6635553064735898E-011  1.7807342513426524E-017 -3.4409865819315101E-012  1.9212045694718053E-011 -9.9450550118295872E-011  6.6488195464638729E-017 -1.2847790608690489E-011 -4.0237169358967720E-010 -9.9600624871555048E-011  6.6588523091985575E-017 -1.2867178425067023E-011 -5.2520082342827687E-010 -7.5992959287016572E-019  3.0863211140528227E-025 -1.7147029708543478E-019  3.8954901923795449E-019 -8.5667844577224131E-026  3.7036586142211784E-019 -6.3205681696016032E-011  4.2256491981113155E-017 -8.1653984089902567E-012  1.6953700085071079E-010  9.7258393358459370E-011
-2.3008626418285480E-020 -1.9585579539124569E-014  2.0823235895755593E-019 -1.4628220084402661E-018  9.2582169993947178E-020  7.8808537779383832E-014 -8.3788623274510151E-019  4.2650462580432614E-018  1.1981178089180323E-018  1.0198733474061426E-012 -1.0843214367913290E-017 -5.0180952138051233E-018  4.4734743633417422E-018  3.8079537022681267E-012 -4.0485868564156257E-017  1.0557964415215945E-016  4.4802264598898022E-018  3.8136997683344131E-012 -4.0546960064266858E-017  1.3765996048062274E-016  1.7372948548764877E-025  6.0027751278497545E-022  3.1824286776255091E-026 -8.5667844577224131E-026  7.7551629910676891E-023 -8.1197245872237161E-026  2.8431123464494778E-018  2.4201403732561983E-012 -2.5730744691306765E-017 -9.5051623472074728E-017 -8.5735338356589880E-017
 4.9063239830450378E-013 -7.4854269780957749E-019  2.9460517051588654E-014  5.3141472365472591E-012 -1.9742102681262209E-012  3.0119897153753821E-018 -1.1854355319999750E-013 -1.5494723046721102E-011 -2.5548540747073168E-011  3.8978617347294466E-017 -1.5340881381967495E-012  1.8265936454417985E-011 -9.5391915575380792E-011  1.4553647571633307E-016 -5.7279054906613524E-012 -3.8255664764324496E-010 -9.5535865628408993E-011  1.4575608441355061E-016 -5.7365496075634822E-012 -4.9933697994059410E-010 -7.2273605498965961E-019  3.0633197491781591E-025 -1.6202075075405821E-019  3.7036586142211784E-019 -8.1197245872237161E-026  3.5235620422549392E-019 -6.0626221182932373E-011  9.2495530974673298E-017 -3.6403639968873766E-012  1.6118809525725142E-010  9.2468902608691883E-011
-6.1120342636616421E-004  2.4194007092554302E-016  4.9769682788258505E-011 -5.0973654998915098E-010  2.4593650085264537E-003 -3.0068881517227305E-016  6.8010775513732185E-011 -4.6234331252614041E-010  3.1827008899914105E-002 -7.6855190440777457E-017 -4.1559873120536327E-010 -3.8614509071211247E-009  1.1883415773160860E-001  1.6264541303141332E-016  2.0380963724286373E-010  5.0201937195513189E-009  1.1901347490365947E-001 -9.9855898883267926E-017  2.9123538837360690E-010  8.7868554644933431E-009  1.2383165797831147E-010 -3.4871701176710097E-017  2.5480816015221301E-011 -6.3205681696016032E-011  2.8431123464494778E-018 -6.0626221182932373E-011  7.5524905867916950E-002 -2.2837734262944770E-017  1.9958785012811334E-010 -2.5577354180975915E-009 -1.4950563099595477E-009
 1.1721243717380753E-016 -6.1120381162509975E-004  8.7559554578510934E-017 -1.8436085055117324E-016 -1.0161211956386150E-016  2.4593644820740945E-003  2.8263172493767817E-016  6.7622358356395831E-016 -5.8038447208672286E-017  3.1827012116964218E-002  1.0869316974901442E-017 -4.3631968898910173E-016 -1.6499874617489902E-017  1.1883415615396288E-001 -3.8718366625401327E-016  3.0041092765905429E-016 -8.1871199752700617E-017  1.1901347264927252E-001 -4.4463511572712185E-016  4.6149753677484332E-016  7.9382300160801900E-017  1.8732757086235002E-011 -6.8631835949213957E-018  4.2256491981113155E-017  2.4201403732561983E-012  9.2495530974673298E-017 -2.2837734262944770E-017  7.5524904322953570E-002 -2.6870264588806024E-016 -4.0699724002462958E-016 -4.1718854577027771E-016
 4.9769968543275199E-011 -6.2213266406035388E-017 -6.1120380519569804E-004 -6.5850595360335409E-011  6.8010527936192193E-011  2.1210766638081709E-016  2.4593644908593891E-003 -5.9729453041866194E-011 -4.1559845278223286E-010  1.9965939815201596E-016  3.1827012063273361E-002 -4.9884593344778387E-010  2.0380913937721152E-010 -4.4198861051034707E-016  1.1883415618029666E-001  6.4853865499359868E-010  2.9123558960153151E-010 -3.6767503638941775E-016  1.1901347268690098E-001  1.1351395434874182E-009  1.1805700596446056E-011 -5.9475940838742418E-018  2.1711880429801038E-011 -8.1653984089902567E-012 -2.5730744691306765E-017 -3.6403639968873766E-012  1.9958785012811334E-010 -2.6870264588806024E-016  7.5524904348740124E-002 -3.3042381797032485E-010 -1.9314049391964688E-010
 1.1209390740343525E-010 -9.3045079441395841E-016  1.4480243629223302E-011  2.8879774760651876E-003 -3.7234557906537909E-010  3.1460135636339124E-015 -4.8100108442187392E-011 -8.4190702519063992E-003 -1.3468088620277345E-011 -3.3110702407221556E-015 -1.7413182718893335E-012  9.8394315188906969E-003 -5.3319678080782987E-010  2.8498219011159584E-015 -6.8881194078902177E-011 -2.1029607187585300E-001 -4.0437161026662820E-009 -2.0551034687459742E-015 -5.2239171458532896E-010 -2.7318473837730928E-001 -3.3072141749172145E-010  2.8276471284596597E-016 -7.4624759110350001E-011  1.6953700085071079E-010 -9.5051623472074728E-017  1.6118809525725142E-010 -2.5577354180975915E-009 -4.0699724002462958E-016 -3.3042381797032485E-010  5.3146201812598093E-001  5.7819258252765426E-001
 6.9819899332134275E-011 -1.1903488391386336E-015  9.0192073530750403E-012  1.6970703468567672E-003 -2.3021479991006704E-010  3.7609812812067280E-015 -2.9738904379401277E-011 -4.9463935076934033E-003  1.0817995219153678E-011 -3.7193432880726949E-015  1.3956099042339356E-012  5.7297344472251070E-003 -3.0400941124245705E-010  3.2932199110211760E-015 -3.9273080053633698E-011 -1.2501175954521679E-001 -2.3482204574701235E-009 -2.2502222458551304E-015 -3.0335731661726172E-010 -1.6162234241578985E-001 -1.8971831158245916E-010  2.5249682706498743E-016 -4.2809085966156275E-011  9.7258393358459370E-011 -8.5735338356589880E-017  9.2468902608691883E-011 -1.4950563099595477E-009 -4.1718854577027771E-016 -1.9314049391964688E-010  5.7819258252765426E-001  6.5601709619327875E-001
