 2.6782889246066189E-005  4.3412792080583671E-018 -3.2077121509604660E-012 -3.4576128817471243E-012 -7.7277932458444360E-005 -7.7243834219993379E-018  2.1033721115940431E-012  1.4353693273969689E-011 -3.9525467262758329E-004 -4.0193408923269134E-017 -5.6299741847747671E-012  5.8716825815961253E-011 -2.5013962689715372E-003 -2.5211911220317792E-016  1.3858404266403627E-010 -1.0973157323841477E-010 -2.7549113290980787E-003 -2.7693934474128601E-016  1.8345623778478572E-010 -1.0200365004144701E-010 -1.3434318601705229E-011 -6.1211758803649938E-019 -9.0623883968789441E-011 -2.0138158983322622E-012  7.3532722597677315E-019  1.5448135749245302E-011 -1.7867590010546036E-003 -1.7983258530762243E-016  1.1746063204890626E-010  3.1183092377806606E-011  1.6814001581522841E-011
 4.3412792080583671E-018  2.6782889477595194E-005  2.0977461901460292E-017  2.1006507620487831E-017 -4.6626245648405582E-018 -7.7277932610286427E-005 -3.9571129791805520E-017 -2.9975249774746846E-017 -2.7386946458707184E-017 -3.9525467222112723E-004 -1.7425649797649576E-016  2.3752619820145245E-017 -1.5189337363291704E-016 -2.5013962789744160E-003 -1.0809090806539572E-015 -1.0553565590818638E-016 -1.6908631507629771E-016 -2.7549113423398124E-003 -1.1852369912485912E-015 -1.3240513492620673E-016  1.2163930600307615E-018 -6.6461522568134564E-012 -7.0294390775708284E-020 -1.0807731616502559E-018 -9.2079244232755567E-011  1.6190864918617536E-018 -1.0916145982396133E-016 -1.7867590095328142E-003 -7.6889175595112618E-016 -5.6711487040216935E-016 -6.8767873608969360E-016
-3.2077121509604660E-012  2.0977461901460292E-017  2.6782845036233800E-005 -4.7902990763642806E-011  2.1033704700305699E-012 -4.5958909579261459E-017 -7.7277903468993506E-005  1.9886167844934547E-010 -5.6300121995086836E-012 -1.2242480518370391E-016 -3.9525475022178649E-004  8.1349643577358238E-010  1.3858385672304561E-010 -8.8639979953962246E-016 -2.5013943589579863E-003 -1.5203187867279082E-009  1.8345602744910946E-010 -9.5992396152196108E-016 -2.7549088006405429E-003 -1.4132659544691247E-009 -2.6640112171298191E-011 -8.8030293396203526E-020  1.3517174420330244E-011 -2.7900478823939838E-011 -1.1623074746174410E-018  5.4540604170776891E-011  1.1746049652336475E-010 -6.2471977483614754E-016 -1.7867573821713965E-003  4.3205151846071011E-010  2.3296854889939228E-010
-3.4576128817471243E-012  2.1006507620487831E-017 -4.7902990763642806E-011  1.3364979545472320E-004  1.0004148725266007E-011 -5.4493396294343441E-017  1.3860211450679824E-010 -3.9485356715154293E-004  9.7981863864966136E-011 -3.0007445531486382E-016  1.3574937599432253E-009  5.8407960625023593E-004  4.1742677779238854E-010 -1.7918831161539616E-015  5.7832568613610308E-009 -7.9665715173950647E-003  4.3968533798232387E-010 -1.9852423483964981E-015  6.0916395350208834E-009 -1.0703095125260655E-002  2.2659951891357417E-011 -8.1628129891281793E-020 -5.7254438359022187E-012  2.3017915413911614E-011  8.9499246409466161E-019 -4.5678128792896725E-011  2.8970004984725439E-010 -1.2853062522238686E-015  4.0136617325037281E-009  3.5390457542819587E-003  2.1113914031457709E-003
-7.7277932458444360E-005 -4.6626245648405582E-018  2.1033704700305699E-012  1.0004148725266007E-011  2.2297366016734265E-004 -4.0132519413768030E-019  1.4567048813966777E-011 -4.1497339828676931E-011  1.1404469329120493E-003 -7.5129300387365130E-020  1.2179180661616991E-010 -1.6929760213020303E-010  7.2173965306517535E-003 -6.9606253401467827E-018  2.6810009299046711E-010  3.1496014917147895E-010  7.9488754802775775E-003 -9.7778515242229840E-018  2.0632579903139681E-010  2.9208649035853151E-010  3.8762679658648856E-011  1.7661697942989502E-018  2.6148135936399806E-010  5.8105653655157528E-012 -2.1217010206412554E-018 -4.4573248628566323E-011  5.1554199449671510E-003 -5.7143240515711588E-018  1.3821443159586574E-010 -9.0141481460207033E-011 -4.9130746023262981E-011
-7.7243834219993379E-018 -7.7277932610286427E-005 -4.5958909579261459E-017 -5.4493396294343441E-017 -4.0132519413768030E-019  2.2297365911604319E-004  7.2141644970203799E-017  6.8426215384265438E-017  8.1584176645888525E-018  1.1404469241213355E-003  2.8779433033819837E-016 -4.2109773998647317E-017 -1.0192545317562564E-017  7.2173965113028794E-003  1.7581812110890940E-015 -6.4126637913654384E-017 -6.0358479479217661E-018  7.9488754653878092E-003  1.9213059646355411E-015 -1.3439265567124109E-016 -3.5097326223290552E-018  1.9176456171742714E-011  2.0281470318356547E-019  3.1183906538362542E-018  2.6568058075203245E-010 -4.6715950342082190E-018 -5.3666766896583102E-018  5.1554199349926428E-003  1.2466249091934714E-015 -6.6032038562781039E-016 -7.9511171218096306E-016
 2.1033721115940431E-012 -3.9571129791805520E-017 -7.7277903468993506E-005  1.3860211450679824E-010  1.4567048813966777E-011  7.2141644970203799E-017  2.2297386093538384E-004 -5.7492362484281442E-010  1.2179189207828242E-010  4.3972446316987190E-017  1.1404486114891081E-003 -2.3455408633229978E-009  2.6810047603948808E-010  6.0036289660695505E-016  7.2174002257014728E-003  4.3636731652289132E-009  2.0632623715806056E-010  6.1414364708905582E-016  7.9488783239332356E-003  4.0467872835809121E-009  7.6866072732226284E-011  2.5399323992987173E-019 -3.9001765902613241E-011  8.0502669618542788E-011  3.3535925659373338E-018 -1.5736878036682166E-010  1.3821471300087690E-010  4.0449043248321645E-016  5.1554218498876033E-003 -1.2488822081939922E-009 -6.8068764976808309E-010
 1.4353693273969689E-011 -2.9975249774746846E-017  1.9886167844934547E-010 -3.9485356715154293E-004 -4.1497339828676931E-011  6.8426215384265438E-017 -5.7492362484281442E-010  1.1665512856722233E-003 -3.5055212051954902E-010  4.1305337014994437E-016 -4.8567352566022505E-009 -1.7255989761889670E-003 -1.6197623105391209E-009  2.2974905597537820E-015 -2.2441042542017722E-008  2.3536352862599801E-002 -1.7246960699822286E-009  2.5650504454230180E-015 -2.3894850962543351E-008  3.1621091274793199E-002 -6.6946850654969612E-011  2.4100926581110317E-019  1.6915324236933754E-011 -6.8004422648610559E-011 -2.6442573860930607E-018  1.3495204586245815E-010 -1.1319806955901714E-009  1.6569302186334397E-015 -1.5683058662168302E-008 -1.0457739129707497E-002 -6.2402346569918445E-003
-3.9525467262758329E-004 -2.7386946458707184E-017 -5.6300121995086836E-012  9.7981863864966136E-011  1.1404469329120493E-003  8.1584176645888525E-018  1.2179189207828242E-010 -3.5055212051954902E-010  5.8330621016508682E-003  5.1842441683967828E-017  8.6478314552214911E-010 -6.6133251802149429E-010  3.6914933050004262E-002  2.9491877825669243E-016  2.9018344348345073E-009 -1.1796192890510316E-009  4.0656240090326479E-002  3.1400750308086319E-016  2.7409993669944949E-009 -2.2557249099640481E-009  1.9826011958575156E-010  9.0334576910093628E-018  1.3374028653698285E-009  2.9719416390120182E-011 -1.0851884829283526E-017 -2.2797955441146159E-010  2.6368508548044699E-002  2.0686510910432596E-016  1.8002267913968203E-009  7.1393516234594270E-010  4.1265878548555002E-010
-4.0193408923269134E-017 -3.9525467222112723E-004 -1.2242480518370391E-016 -3.0007445531486382E-016 -7.5129300387365130E-020  1.1404469241213355E-003  4.3972446316987190E-017  4.1305337014994437E-016  5.1842441683967828E-017  5.8330620392291633E-003 -1.9035669527593211E-016 -3.0809021855429406E-016  1.1878801465917140E-017  3.6914932840545527E-002 -1.5276431509548360E-015  9.5284948461727682E-016  3.9626714708500410E-017  4.0656239892476249E-002 -1.7595248342527848E-015  1.0753387357878956E-015 -1.7951399517435941E-017  9.8082125679382673E-011  1.0373993917517553E-018  1.5949562493336912E-017  1.3588806961262480E-009 -2.3893647467797466E-017  1.8274247575155929E-017  2.6368508418101032E-002 -1.1385234637041922E-015  9.2468038484847323E-016  1.2895636289991149E-015
-5.6299741847747671E-012 -1.7425649797649576E-016 -3.9525475022178649E-004  1.3574937599432253E-009  1.2179180661616991E-010  2.8779433033819837E-016  1.1404486114891081E-003 -4.8567352566022505E-009  8.6478314552214911E-010 -1.9035669527593211E-016  5.8330740203895474E-003 -9.1624426459912669E-009  2.9018336277542716E-009  4.4266511007248266E-016  3.6914973044078557E-002 -1.6343091035263347E-008  2.7409985607815200E-009  2.4680117239986754E-016  4.0656277867717472E-002 -3.1252029384060700E-008  3.9314846976511559E-010  1.2990969462811858E-018 -1.9948303985958833E-010  4.1174863518630162E-010  1.7152590299223962E-017 -8.0489729939409811E-010  1.8002262549334503E-009  1.9164623681107543E-016  2.6368533359386132E-002  9.8912238291304582E-009  5.7171751674201296E-009
 5.8716825815961253E-011  2.3752619820145245E-017  8.1349643577358238E-010  5.8407960625023593E-004 -1.6929760213020303E-010 -4.2109773998647317E-017 -2.3455408633229978E-009 -1.7255989761889670E-003 -6.6133251802149429E-010 -3.0809021855429406E-016 -9.1624426459912669E-009  2.5525661195574204E-003 -5.0709225734202944E-009 -1.4826554632281767E-015 -7.0255202728196429E-008 -3.4815614821828413E-002 -5.6724767483937452E-009 -1.6839442036517175E-015 -7.8589447224529135E-008 -4.6774321096371606E-002  9.9040995379476461E-011 -3.5271058182382475E-019 -2.5024486366233679E-011  1.0060556464068242E-010  3.9111821496505082E-018 -1.9964770340742825E-010 -3.6591928271848331E-009 -1.0824421730018963E-015 -5.0696363381415210E-008  1.5522745897071952E-002  9.2931354954779166E-003
-2.5013962689715372E-003 -1.5189337363291704E-016  1.3858385672304561E-010  4.1742677779238854E-010  7.2173965306517535E-003 -1.0192545317562564E-017  2.6810047603948808E-010 -1.6197623105391209E-009  3.6914933050004262E-002  1.1878801465917140E-017  2.9018336277542716E-009 -5.0709225734202944E-009  2.3361868232135430E-001 -1.3474158979802987E-016  2.0936919171371601E-009  4.6149410776879914E-009  2.5729580018950088E-001 -2.1675309021170096E-016 -5.7319333776062630E-010  1.9557074134364039E-009  1.2547025391573391E-009  5.7168849996326174E-017  8.4638457364435307E-009  1.8808114592884976E-010 -6.8676979032808708E-017 -1.4427838017566018E-009  1.6687491247591099E-001 -1.2027445825060607E-016 -2.2942356531725182E-010 -6.8586949415467472E-010 -4.0016618729192602E-010
-2.5211911220317792E-016 -2.5013962789744160E-003 -8.8639979953962246E-016 -1.7918831161539616E-015 -6.9606253401467827E-018  7.2173965113028794E-003  6.0036289660695505E-016  2.2974905597537820E-015  2.9491877825669243E-016  3.6914932840545527E-002  4.4266511007248266E-016 -1.4826554632281767E-015 -1.3474158979802987E-016  2.3361868217024293E-001  7.5756382305132673E-016 -3.7245367218713885E-016  1.9587830991285200E-017  2.5729580023088561E-001  3.4668673106383466E-016 -1.8773747659039387E-015 -1.1360653610046244E-016  6.2071945368694058E-010  6.5651851544348364E-018  1.0093803159785877E-016  8.5997696061609573E-009 -1.5121284365789100E-016 -3.4295231940785711E-017  1.6687491249247752E-001  2.4165696799572075E-016 -6.9444057753115783E-016 -1.1226720597715455E-015
 1.3858404266403627E-010 -1.0809090806539572E-015 -2.5013943589579863E-003  5.7832568613610308E-009  2.6810009299046711E-010  1.7581812110890940E-015  7.2174002257014728E-003 -2.2441042542017722E-008  2.9018344348345073E-009 -1.5276431509548360E-015  3.6914973044078557E-002 -7.0255202728196429E-008  2.0936919171371601E-009  7.5756382305132673E-016  2.3361871117733427E-001  6.3937821468003345E-008 -5.7319281734345219E-010 -6.8911810311291011E-016  2.5729579228956034E-001  2.7095423122241305E-008  2.4880640687029092E-009  8.2214085781979524E-018 -1.2624413390018604E-009  2.6057764433855923E-009  1.0855114911917034E-016 -5.0938417426256691E-009 -2.2942331204757560E-010 -2.4710053993618289E-016  1.6687490931392046E-001 -9.5023836276158858E-009 -5.5440931640073977E-009
-1.0973157323841477E-010 -1.0553565590818638E-016 -1.5203187867279082E-009 -7.9665715173950647E-003  3.1496014917147895E-010 -6.4126637913654384E-017  4.3636731652289132E-009  2.3536352862599801E-002 -1.1796192890510316E-009  9.5284948461727682E-016 -1.6343091035263347E-008 -3.4815614821828413E-002  4.6149410776879914E-009 -3.7245367218713885E-016  6.3937821468003345E-008  4.7487103528248770E-001  6.2775290571014395E-009  2.9469388369801402E-016  8.6972178374363711E-008  6.3799579390359717E-001 -1.3505401573664015E-009  4.9165519323445779E-018  3.4123822716816178E-010 -1.3718748940077838E-009 -5.3356475693939269E-017  2.7224306300673455E-009  3.8014055651646242E-009  5.3599078230719186E-017  5.2666668716188417E-008 -2.1023662570038032E-001 -1.2501538622964037E-001
-2.7549113290980787E-003 -1.6908631507629771E-016  1.8345602744910946E-010  4.3968533798232387E-010  7.9488754802775775E-003 -6.0358479479217661E-018  2.0632623715806056E-010 -1.7246960699822286E-009  4.0656240090326479E-002  3.9626714708500410E-017  2.7409985607815200E-009 -5.6724767483937452E-009  2.5729580018950088E-001  1.9587830991285200E-017 -5.7319281734345219E-010  6.2775290571014395E-009  2.8337258021211054E-001 -5.3710244045444908E-017 -3.8021578227241219E-009  3.7586339678812558E-009  1.3818658792328511E-009  6.2962880116800326E-017  9.3216516060963431E-009  2.0714302533040784E-010 -7.5637346287663626E-017 -1.5890090330580953E-009  1.8378758800626016E-001 -1.2471438947001322E-017 -2.3092148749752615E-009 -1.3545190681061294E-009 -8.3730327327829987E-010
-2.7693934474128601E-016 -2.7549113423398124E-003 -9.5992396152196108E-016 -1.9852423483964981E-015 -9.7778515242229840E-018  7.9488754653878092E-003  6.1414364708905582E-016  2.5650504454230180E-015  3.1400750308086319E-016  4.0656239892476249E-002  2.4680117239986754E-016 -1.6839442036517175E-015 -2.1675309021170096E-016  2.5729580023088561E-001 -6.8911810311291011E-016  2.9469388369801402E-016 -5.3710244045444908E-017  2.8337258048656233E-001 -1.2960389176352609E-015 -1.0975179282954362E-015 -1.2512051066832834E-016  6.8362901062371577E-010  7.2305689688561817E-018  1.1116802416472462E-016  9.4713512723524413E-009 -1.6653814132702214E-016 -8.6597686607565320E-017  1.8378758817294616E-001 -8.2206605481391598E-016  1.6069321728347575E-015  1.7162307268062782E-015
 1.8345623778478572E-010 -1.1852369912485912E-015 -2.7549088006405429E-003  6.0916395350208834E-009  2.0632579903139681E-010  1.9213059646355411E-015  7.9488783239332356E-003 -2.3894850962543351E-008  2.7409993669944949E-009 -1.7595248342527848E-015  4.0656277867717472E-002 -7.8589447224529135E-008 -5.7319333776062630E-010  3.4668673106383466E-016  2.5729579228956034E-001  8.6972178374363711E-008 -3.8021578227241219E-009 -1.2960389176352609E-015  2.8337252780947447E-001  5.2074102592230838E-008  2.7402274326971184E-009  9.0546402717515440E-018 -1.3903889139537024E-009  2.8698698806411539E-009  1.1955270768570648E-016 -5.6100986685889043E-009 -2.3092149703850990E-009 -6.2047866139345724E-016  1.8378755617987266E-001 -1.8766236039014877E-008 -1.1600457275804040E-008
-1.0200365004144701E-010 -1.3240513492620673E-016 -1.4132659544691247E-009 -1.0703095125260655E-002  2.9208649035853151E-010 -1.3439265567124109E-016  4.0467872835809121E-009  3.1621091274793199E-002 -2.2557249099640481E-009  1.0753387357878956E-015 -3.1252029384060700E-008 -4.6774321096371606E-002  1.9557074134364039E-009 -1.8773747659039387E-015  2.7095423122241305E-008  6.3799579390359717E-001  3.7586339678812558E-009 -1.0975179282954362E-015  5.2074102592230838E-008  8.5718912501989297E-001 -1.8135704479550858E-009  6.8780494657163620E-018  4.5823114444096861E-010 -1.8422197595566368E-009 -7.1706783709177050E-017  3.6558110947960140E-009  2.0756994156503370E-009 -9.0945047730335505E-016  2.8757843557189011E-008 -2.7862423269346431E-001 -1.6347955303603687E-001
-1.3434318601705229E-011  1.2163930600307615E-018 -2.6640112171298191E-011  2.2659951891357417E-011  3.8762679658648856E-011 -3.5097326223290552E-018  7.6866072732226284E-011 -6.6946850654969612E-011  1.9826011958575156E-010 -1.7951399517435941E-017  3.9314846976511559E-010  9.9040995379476461E-011  1.2547025391573391E-009 -1.1360653610046244E-016  2.4880640687029092E-009 -1.3505401573664015E-009  1.3818658792328511E-009 -1.2512051066832834E-016  2.7402274326971184E-009 -1.8135704479550858E-009  3.7102319950529753E-017  8.6203269656545804E-026  3.1035193570641519E-017  3.2688499488075390E-017 -3.2435915351180100E-024 -6.9790878647420631E-017  8.9623984563052859E-010 -8.1149687107229327E-017  1.7772354661056101E-009  7.0247240779000505E-010  4.7780545804969461E-010
-6.1211758803649938E-019 -6.6461522568134564E-012 -8.8030293396203526E-020 -8.1628129891281793E-020  1.7661697942989502E-018  1.9176456171742714E-011  2.5399323992987173E-019  2.4100926581110317E-019  9.0334576910093628E-018  9.8082125679382673E-011  1.2990969462811858E-018 -3.5271058182382475E-019  5.7168849996326174E-017  6.2071945368694058E-010  8.2214085781979524E-018  4.9165519323445779E-018  6.2962880116800326E-017  6.8362901062371577E-010  9.0546402717515440E-018  6.8780494657163620E-018  8.6203269656545804E-026  1.6492372810520641E-018  2.0458582220236134E-024  3.9926933434935721E-025  2.2849389621502251E-017 -9.2090183401569255E-025  4.0835975834004560E-017  4.4338279607665908E-010  5.8725884826069853E-018  2.9508036328853082E-017  3.5755263919909493E-017
-9.0623883968789441E-011 -7.0294390775708284E-020  1.3517174420330244E-011 -5.7254438359022187E-012  2.6148135936399806E-010  2.0281470318356547E-019 -3.9001765902613241E-011  1.6915324236933754E-011  1.3374028653698285E-009  1.0373993917517553E-018 -1.9948303985958833E-010 -2.5024486366233679E-011  8.4638457364435307E-009  6.5651851544348364E-018 -1.2624413390018604E-009  3.4123822716816178E-010  9.3216516060963431E-009  7.2305689688561817E-018 -1.3903889139537024E-009  4.5823114444096861E-010  3.1035193570641519E-017  2.0458582220236134E-024  3.1370819344486944E-016 -8.2593025067551792E-018 -2.8712354558711484E-024 -2.2775877150584992E-017  6.0457644256278307E-009  4.6895459298867872E-018 -9.0176765521684661E-010 -1.7749249264586608E-010 -1.2072639025481035E-010
-2.0138158983322622E-012 -1.0807731616502559E-018 -2.7900478823939838E-011  2.3017915413911614E-011  5.8105653655157528E-012  3.1183906538362542E-018  8.0502669618542788E-011 -6.8004422648610559E-011  2.9719416390120182E-011  1.5949562493336912E-017  4.1174863518630162E-010  1.0060556464068242E-010  1.8808114592884976E-010  1.0093803159785877E-016  2.6057764433855923E-009 -1.3718748940077838E-009  2.0714302533040784E-010  1.1116802416472462E-016  2.8698698806411539E-009 -1.8422197595566368E-009  3.2688499488075390E-017  3.9926933434935721E-025 -8.2593025067551792E-018  3.3204775999773055E-017  5.0246763451346250E-024 -6.5893335502421271E-017  1.3434721752549272E-010  7.2100496300648247E-017  1.8613179589771756E-009  7.1356967590187073E-010  4.8535365053148310E-010
 7.3532722597677315E-019 -9.2079244232755567E-011 -1.1623074746174410E-018  8.9499246409466161E-019 -2.1217010206412554E-018  2.6568058075203245E-010  3.3535925659373338E-018 -2.6442573860930607E-018 -1.0851884829283526E-017  1.3588806961262480E-009  1.7152590299223962E-017  3.9111821496505082E-018 -6.8676979032808708E-017  8.5997696061609573E-009  1.0855114911917034E-016 -5.3356475693939269E-017 -7.5637346287663626E-017  9.4713512723524413E-009  1.1955270768570648E-016 -7.1706783709177050E-017 -3.2435915351180100E-024  2.2849389621502251E-017 -2.8712354558711484E-024  5.0246763451346250E-024  3.1656730785407162E-016 -7.8137460329061843E-024 -4.9056284450878687E-017  6.1428554735096056E-009  7.7538568861151140E-017  2.1117949239474810E-017  1.1118465938534756E-017
 1.5448135749245302E-011  1.6190864918617536E-018  5.4540604170776891E-011 -4.5678128792896725E-011 -4.4573248628566323E-011 -4.6715950342082190E-018 -1.5736878036682166E-010  1.3495204586245815E-010 -2.2797955441146159E-010 -2.3893647467797466E-017 -8.0489729939409811E-010 -1.9964770340742825E-010 -1.4427838017566018E-009 -1.5121284365789100E-016 -5.0938417426256691E-009  2.7224306300673455E-009 -1.5890090330580953E-009 -1.6653814132702214E-016 -5.6100986685889043E-009  3.6558110947960140E-009 -6.9790878647420631E-017 -9.2090183401569255E-025 -2.2775877150584992E-017 -6.5893335502421271E-017 -7.8137460329061843E-024  1.3568433337380380E-016 -1.0305871464942152E-009 -1.0801201927892129E-016 -3.6385543040608639E-009 -1.4160539676950757E-009 -9.6316904119935580E-010
-1.7867590010546036E-003 -1.0916145982396133E-016  1.1746049652336475E-010  2.8970004984725439E-010  5.1554199449671510E-003 -5.3666766896583102E-018  1.3821471300087690E-010 -1.1319806955901714E-009  2.6368508548044699E-002  1.8274247575155929E-017  1.8002262549334503E-009 -3.6591928271848331E-009  1.6687491247591099E-001 -3.4295231940785711E-017 -2.2942331204757560E-010  3.8014055651646242E-009  1.8378758800626016E-001 -8.6597686607565320E-017 -2.3092149703850990E-009  2.0756994156503370E-009  8.9623984563052859E-010  4.0835975834004560E-017  6.0457644256278307E-009  1.3434721752549272E-010 -4.9056284450878687E-017 -1.0305871464942152E-009  1.1919952692626558E-001 -4.1660487989312368E-017 -1.3960230956511433E-009 -6.7331850225099703E-010 -3.7182559723075920E-010
-1.7983258530762243E-016 -1.7867590095328142E-003 -6.2471977483614754E-016 -1.2853062522238686E-015 -5.7143240515711588E-018  5.1554199349926428E-003  4.0449043248321645E-016  1.6569302186334397E-015  2.0686510910432596E-016  2.6368508418101032E-002  1.9164623681107543E-016 -1.0824421730018963E-015 -1.2027445825060607E-016  1.6687491249247752E-001 -2.4710053993618289E-016  5.3599078230719186E-017 -1.2471438947001322E-017  1.8378758817294616E-001 -6.2047866139345724E-016 -9.0945047730335505E-016 -8.1149687107229327E-017  4.4338279607665908E-010  4.6895459298867872E-018  7.2100496300648247E-017  6.1428554735096056E-009 -1.0801201927892129E-016 -4.1660487989312368E-017  1.1919952702703440E-001 -3.9042093762992847E-016 -3.9113461152051171E-016 -5.9793389437398003E-016
 1.1746063204890626E-010 -7.6889175595112618E-016 -1.7867573821713965E-003  4.0136617325037281E-009  1.3821443159586574E-010  1.2466249091934714E-015  5.1554218498876033E-003 -1.5683058662168302E-008  1.8002267913968203E-009 -1.1385234637041922E-015  2.6368533359386132E-002 -5.0696363381415210E-008 -2.2942356531725182E-010  2.4165696799572075E-016  1.6687490931392046E-001  5.2666668716188417E-008 -2.3092148749752615E-009 -8.2206605481391598E-016  1.8378755617987266E-001  2.8757843557189011E-008  1.7772354661056101E-009  5.8725884826069853E-018 -9.0176765521684661E-010  1.8613179589771756E-009  7.7538568861151140E-017 -3.6385543040608639E-009 -1.3960230956511433E-009 -3.9042093762992847E-016  1.1919950768579939E-001 -9.3284986369113377E-009 -5.1514534891286430E-009
 3.1183092377806606E-011 -5.6711487040216935E-016  4.3205151846071011E-010  3.5390457542819587E-003 -9.0141481460207033E-011 -6.6032038562781039E-016 -1.2488822081939922E-009 -1.0457739129707497E-002  7.1393516234594270E-010  9.2468038484847323E-016  9.8912238291304582E-009  1.5522745897071952E-002 -6.8586949415467472E-010 -6.9444057753115783E-016 -9.5023836276158858E-009 -2.1023662570038032E-001 -1.3545190681061294E-009  1.6069321728347575E-015 -1.8766236039014877E-008 -2.7862423269346431E-001  7.0247240779000505E-010  2.9508036328853082E-017 -1.7749249264586608E-010  7.1356967590187073E-010  2.1117949239474810E-017 -1.4160539676950757E-009 -6.7331850225099703E-010 -3.9113461152051171E-016 -9.3284986369113377E-009  5.3842543281128574E-001  5.7610298398990234E-001
 1.6814001581522841E-011 -6.8767873608969360E-016  2.3296854889939228E-010  2.1113914031457709E-003 -4.9130746023262981E-011 -7.9511171218096306E-016 -6.8068764976808309E-010 -6.2402346569918445E-003  4.1265878548555002E-010  1.2895636289991149E-015  5.7171751674201296E-009  9.2931354954779166E-003 -4.0016618729192602E-010 -1.1226720597715455E-015 -5.5440931640073977E-009 -1.2501538622964037E-001 -8.3730327327829987E-010  1.7162307268062782E-015 -1.1600457275804040E-008 -1.6347955303603687E-001  4.7780545804969461E-010  3.5755263919909493E-017 -1.2072639025481035E-010  4.8535365053148310E-010  1.1118465938534756E-017 -9.6316904119935580E-010 -3.7182559723075920E-010 -5.9793389437398003E-016 -5.1514534891286430E-009  5.7610298398990234E-001  6.4184250717836411E-001
