  0.17925734664304088       -2.2817089505439283E-002   2.3075516648022468E-003  -6.8667612278140694E-011   9.7046465918222153E-013   2.5577453148341768E-013  -2.5877813122568394E-014  -1.9254635689254653E-012   3.3981948971901061E-013   9.5490539926083596E-013  -8.4033507760591082E-011   8.9071903403066574E-002  -2.3660235957088022E-002   2.3928123051448836E-003   2.3415445913558671E-003  -2.4098869429024295E-004   2.4372159729318073E-005  -4.1462466015475749E-003   6.0773507242403984E-004   1.0047348743889254E-003   6.8759931163586631E-004  -2.3747638909859205E-004  -6.8152258696911497E-004   1.5883851438730476E-004  -3.8740909859562780E-014   7.8422705316810156E-014  -7.9295236496376127E-015   6.9955554899649305E-014  -1.1942295688666908E-014  -3.1239503483620129E-014   2.4784703027978744E-003  -6.9819958682407267E-004   7.0610768544663975E-005   4.7144681995617855E-011   3.7804891943680030E-014   4.7591332439785394E-015  -4.8236458688482534E-016  -7.4600379634824019E-014   1.3142348256653762E-014   3.6793570958661329E-014  -2.1611401848567757E-002   4.4075527360832381E-003  -4.4574608044681941E-004  -1.0989016013652997E-011  -2.3063297260558360E-002   4.7267685544535596E-003  -4.7802903384176602E-004  -8.0888311421756180E-012
  -2.2817089505439283E-002  0.67473189910951936       -5.0214673026308047E-002   1.4942811229875747E-009  -2.1294418654168449E-011  -3.3654161939885164E-012   3.3973978414077829E-013   4.2075437853976057E-011  -7.4054520179353598E-012  -2.0780024686171346E-011   1.8286565062292522E-009  -2.3660158402521655E-002  0.60285565973028410       -5.2070052235002683E-002  -1.5891141011879434E-003   1.6385747841332197E-002  -1.5545364867651844E-003   2.8135415272695511E-003  -3.8463004583010459E-004  -6.8152123471508497E-004  -2.3992858882343676E-002   6.1919044793161118E-003   1.5804050219937301E-002  -3.4564900226733497E-003   6.9781557323585571E-013   1.1422309727951039E-013  -1.1932279314297717E-014  -1.3772482892021033E-012   2.5145124606960802E-013   6.7976672439133337E-013  -6.9819987712443931E-004   1.7639924182294119E-002  -1.5365630150944668E-003  -1.0259118614707402E-009  -8.2061910069636963E-013  -1.2990715964286013E-013   1.3149318672876625E-014   1.6212163005296774E-012  -2.8587195576451242E-013  -8.0073958009561426E-013   4.4075424360586080E-003 -0.11732172184501230        9.6998916581053536E-003   2.3912892096677745E-010   4.7267567280441895E-003 -0.12570541231175975        1.0402401838041430E-002   1.7605486910414296E-010
   2.3075516648022468E-003  -5.0214673026308047E-002  0.18328715944413754       -1.5112143749916836E-010   2.1537686521010267E-012   3.3986057697782823E-013  -3.8999947453481312E-014  -4.2372141532789648E-012   8.4921511445901370E-013   2.0840327680901770E-012  -1.8493580625013213E-010   2.3928124730182281E-003  -5.2070226561838934E-002   9.3250608175767191E-002   1.6071110566437004E-004  -1.5545321596891332E-003   1.1717268963863773E-003  -2.3747604392806369E-004   3.0483587394550396E-004   2.1859469725411530E-005   1.5132332621721389E-003  -4.5609652919663670E-003  -4.7568330432718581E-004   2.5261891481525630E-003  -7.0632749576754650E-014  -1.1936277176845253E-014  -2.6469040884785639E-015   1.5391481091116777E-013   5.7564021201179446E-014  -8.3497490312451429E-014   7.0610736202207435E-005  -1.5365616719469177E-003   2.6017821033303087E-003   1.0375406443297669E-010   8.2972709063897693E-014   1.3142321681351767E-014  -1.2734889516900725E-015  -1.6419682352314720E-013   2.7707997257152970E-014   8.1173066280802284E-014  -4.4574609262651232E-004   9.6999145912982435E-003  -2.2389833972541313E-002  -2.4184166086198981E-011  -4.7802905324795676E-004   1.0402428287969256E-002  -2.3898106914080251E-002  -1.7806702607886270E-011
  -6.8667612278140694E-011   1.4942811229875747E-009  -1.5112143749916836E-010   9.8881061882060681E-002  -1.2934324197792205E-003  -2.0467067430741359E-004   2.0699167763085365E-005   2.5555616613483476E-003  -4.5042939311771776E-004  -1.2621292415784138E-003  0.10727978545303322       -6.1602389143230319E-011   1.3405339478150603E-009  -1.3557183576698770E-010  -3.7593637536252406E-012   3.6330816242059509E-011  -3.6742270718918213E-012   6.6457065701918762E-012  -9.7310219270907177E-013  -1.6018822056932383E-012  -5.3061744259941754E-011   1.4625525135101458E-011   3.4859138925155002E-011  -8.1626041807518739E-012   1.5223761506434253E-005   2.4092733675572719E-006  -2.4369981725612976E-007  -3.0079060526030786E-005   5.3023345827048046E-006   1.4855298997064626E-005  -1.9549133710321868E-012   4.2534403636332373E-011  -4.3014911135397554E-012  -6.4270006373339683E-002  -5.5842349535725415E-005  -8.8363864295045907E-006   8.9365118365173888E-007   1.1033320476099961E-004  -1.9446685924246204E-005  -5.4490855232680148E-005   1.1897212639171279E-011  -2.5891190546163750E-010   2.6184604434131591E-011   1.6138711678894236E-002   1.2658453218025203E-011  -2.7548240848750671E-010   2.7860526821697893E-011   1.0191563006913974E-002
   9.7046465918222153E-013  -2.1294418654168449E-011   2.1537686521010267E-012  -1.2934324197792205E-003   1.6967752611273563E-005   2.6849499808578817E-006  -2.7153977293222014E-007  -3.3524857849580386E-005   5.9089089959053452E-006   1.6557105238432973E-005  -1.4059737837874228E-003   8.7366123388860825E-013  -1.9097622962657973E-011   1.9314881086049454E-012   5.3468356831898869E-014  -5.1772841318415596E-013   5.2360283287994850E-014  -9.4519457615492326E-014   1.3840342455284697E-014   2.2782565058287440E-014   7.5613509460668229E-013  -2.0841750500481043E-013  -4.9673501991633084E-013   1.1631798109039766E-013  -2.2081333631827126E-007  -3.4944933958715249E-008   3.5346428910307849E-009   4.3628229974707640E-007  -7.6906708087464597E-008  -2.1546896311559316E-007   2.8058197099073816E-014  -5.8714959822709078E-013   5.9301535601450303E-014   6.1707048428579717E-004   4.6254725625491014E-007   7.3192660029613168E-008  -7.4022450793317139E-009  -9.1390018361837235E-007   1.6107890312222924E-007   4.5135292750159905E-007  -1.6761454497923959E-013   3.7231107899374920E-012  -3.7672070804500095E-013  -1.0347953370258027E-004  -1.7817132548330544E-013   3.9721847110581653E-012  -4.0196819898412257E-013  -6.8173006397378801E-005
   2.5577453148341768E-013  -3.3654161939885164E-012   3.3986057697782823E-013  -2.0467067430741359E-004   2.6849499808578817E-006   4.2486218209706180E-007  -4.2968018501882252E-008  -5.3049197795168736E-006   9.3501628995381771E-007   2.6199697986789539E-006  -2.2247903873623805E-004   1.8830467015882791E-013  -3.0200932782304361E-012   3.0519102869711149E-013   9.7545761790108307E-015  -8.1643261988537459E-014   8.2540190664843153E-015  -1.7247896081664237E-014   2.5251463269633816E-015   4.1605113014050220E-015   1.1943269531060731E-013  -3.2935221169885145E-014  -7.8592790210482073E-014   1.8396249563506811E-014  -3.4941142567116028E-008  -5.5296294138379738E-009   5.5931613209827826E-010   6.9036600275807536E-008  -1.2169592183689849E-008  -3.4095457659129347E-008  -3.7545905931731449E-015  -9.3118129549223946E-014   9.5266720055743163E-015   9.7644307998106188E-005   7.3192812354736490E-008   1.1581901219461858E-008  -1.1713206115878597E-009  -1.4461425021107382E-007   2.5488893882847164E-008   7.1421437878195857E-008  -5.9028006338607961E-014   5.8812070120276072E-013  -5.9173655053263516E-014  -1.6374465859662122E-005  -6.8180144989922357E-014   6.2732579561247986E-013  -6.3054016443740220E-014  -1.0787609966132108E-005
  -2.5877813122568394E-014   3.3973978414077829E-013  -3.8999947453481312E-014   2.0699167763085365E-005  -2.7153977293222014E-007  -4.2968018501882252E-008   4.3455282483977014E-009   5.3650783911192622E-007  -9.4561951944028785E-008  -2.6496806618172488E-007   2.2500198779317044E-005  -1.9045029713739411E-014   3.0506587310822580E-013  -3.3127043188362695E-014  -9.8632799965234087E-016   8.2504592924951486E-015  -8.6066695497226877E-016   1.7427915922702851E-015  -2.6221984703878417E-016  -4.1946868605148949E-016  -1.2049533545352455E-014   3.4313155659297159E-015   7.9157143772020092E-015  -1.9160450775046457E-015   3.5337345543639834E-009   5.5923307307878988E-010  -5.6565830369353555E-011  -6.9819416878496363E-009   1.2307585058274632E-009   3.4482071284732366E-009   4.1125922086351031E-016   9.3119378724914799E-015  -6.2312965258188987E-016  -9.8751986281470869E-006  -7.4023280010430898E-009  -1.1713312952822092E-009   1.1846107672904127E-010   1.4625508697422469E-008  -2.5778098535906762E-009  -7.2231806985900137E-009   6.0375962358676587E-015  -5.9605923477099358E-014   7.3912424735490151E-015   1.6560334481577803E-006   6.9853403300859606E-015  -6.3635187091779848E-014   8.1013411004648172E-015   1.0910080543867574E-006
  -1.9254635689254653E-012   4.2075437853976057E-011  -4.2372141532789648E-012   2.5555616613483476E-003  -3.3524857849580386E-005  -5.3049197795168736E-006   5.3650783911192622E-007   6.6238359291485044E-005  -1.1674812726949896E-005  -3.2713501442153909E-005   2.7779207027041979E-003  -1.7300977049933555E-012   3.7734175036068876E-011  -3.8073416754903642E-012  -1.0574469187332893E-013   1.0229254345318693E-012  -1.0334917607015724E-013   1.8693678852833204E-013  -2.7345206874435804E-014  -4.5062306323784457E-014  -1.4940607109682063E-012   4.1139301881887980E-013   9.8157081060007528E-013  -2.2960192051139947E-013   4.3628261482264924E-007   6.9044141158181048E-008  -6.9837414201934807E-009  -8.6200582676827945E-007   1.5195214320562423E-007   4.2572321132678645E-007  -5.4387356905971653E-014   1.1591758390249857E-012  -1.1868041586639948E-013  -1.2192070020851148E-003  -9.1390028982282733E-007  -1.4461396605295333E-007   1.4625346560456232E-008   1.8056828386364310E-006  -3.1825949512606552E-007  -8.9178254908653415E-007   3.3458486802972370E-013  -7.3584236412377571E-012   7.3843340968199736E-013   2.0445476433676737E-004   3.5631363753602457E-013  -7.8512412923346125E-012   7.8695123513193983E-013   1.3469616900521270E-004
   3.3981948971901061E-013  -7.4054520179353598E-012   8.4921511445901370E-013  -4.5042939311771776E-004   5.9089089959053452E-006   9.3501628995381771E-007  -9.4561951944028785E-008  -1.1674812726949896E-005   2.0577389546977242E-006   5.7659037310884804E-006  -4.8962118603392642E-004   3.0515712358529764E-013  -6.6455958123627586E-012   7.2119044129661647E-013   1.8643402048226815E-014  -1.8023147940423257E-013   1.8794594984865007E-014  -3.2931179769728340E-014   4.9729927323909316E-015   7.9178864449381237E-015   2.6280676437818847E-013  -7.4755186315870102E-014  -1.7236140410503125E-013   4.1710490950103487E-014  -7.6896784986445942E-008  -1.2169342295440279E-008   1.2309160259256835E-009   1.5193242743584859E-007  -2.6782252805005848E-008  -7.5035642340328649E-008   9.6239416067406662E-015  -2.0510859872250317E-013   1.2677180351531478E-014   2.1489094568606252E-004   1.6107927614174962E-007   2.5488899862637890E-008  -2.5777869461958889E-009  -3.1826019515247547E-007   5.6094750894378099E-008   1.5718091905883110E-007  -5.8958441325219437E-014   1.2936916036616277E-012  -1.6277806141152365E-013  -3.6036157849424231E-005  -6.2769750920357721E-014   1.3798125507949628E-012  -1.7884584225277837E-013  -2.3740869405040097E-005
   9.5490539926083596E-013  -2.0780024686171346E-011   2.0840327680901770E-012  -1.2621292415784138E-003   1.6557105238432973E-005   2.6199697986789539E-006  -2.6496806618172488E-007  -3.2713501442153909E-005   5.7659037310884804E-006   1.6156396203844038E-005  -1.3719469189271314E-003   8.5636905507370138E-013  -1.8635724472068473E-011   1.8761043627322351E-012   5.2273341493703131E-014  -5.0517521667727839E-013   5.0990558824287121E-014  -9.2411858965840815E-014   1.3505093512000709E-014   2.2278285584224890E-014   7.3789077416498222E-013  -2.0298170727240373E-013  -4.8481084964220795E-013   1.1328731395780419E-013  -2.1546927850790730E-007  -3.4099207200024306E-008   3.4490985292191836E-009   4.2572352702817630E-007  -7.5045435119388775E-008  -2.1025424821463725E-007   2.6233294530513022E-014  -5.7288176106595527E-013   5.9355994837168577E-014   6.0213651778461322E-004   4.5135303354823775E-007   7.1421306020226127E-008  -7.2231014808095898E-009  -8.9178265497917607E-007   1.5718059199698304E-007   4.4042962156573218E-007  -1.6715243981914670E-013   3.6332323055067477E-012  -3.6183536361262245E-013  -1.0097523062536185E-004  -1.7838757172571576E-013   3.8763280590891846E-012  -3.8512814757205298E-013  -6.6523162616554133E-005
  -8.4033507760591082E-011   1.8286565062292522E-009  -1.8493580625013213E-010  0.10727978545303322       -1.4059737837874228E-003  -2.2247903873623805E-004   2.2500198779317044E-005   2.7779207027041979E-003  -4.8962118603392642E-004  -1.3719469189271314E-003  0.11654500290691978       -7.5359838977035905E-011   1.6399099569189154E-009  -1.6584750560713930E-010  -4.6004171246879314E-012   4.4458706026766450E-011  -4.4962113174131586E-012   8.1324823292287664E-012  -1.1907983478008900E-012  -1.9602514745340456E-012  -6.4932691690826116E-011   1.7897492705940922E-011   4.2657789640005248E-011  -9.9887124835788307E-012   1.7713889695246913E-005   2.8033316193102131E-006  -2.8355559996918759E-007  -3.4999047950860176E-005   6.1695686568827210E-006   1.7285158230109968E-005  -2.3052967369176309E-012   5.0169985084806283E-011  -5.0733997450988487E-012  -5.7605623823967944E-002  -4.6042578884837354E-005  -7.2856931931163092E-006   7.3682716465497198E-007   9.0970849131623310E-005  -1.6034000980736515E-005  -4.4928270257219999E-005   1.4707588115508855E-011  -3.2004598537255455E-010   3.2367556810061391E-011   1.1586433852593607E-002   1.5698588938007919E-011  -3.4160855897396994E-010   3.4548509842611607E-011   1.0923909188599902E-002
   8.9071903403066574E-002  -2.3660158402521655E-002   2.3928124730182281E-003  -6.1602389143230319E-011   8.7366123388860825E-013   1.8830467015882791E-013  -1.9045029713739411E-014  -1.7300977049933555E-012   3.0515712358529764E-013   8.5636905507370138E-013  -7.5359838977035905E-011   4.4627068965212839E-002  -2.2770992403629915E-002   2.3028812439306059E-003   1.1900089031966368E-003  -4.1987476246050379E-004   4.2463256879130411E-005  -2.1070932642456778E-003   3.0883840299050520E-004   5.1052878342532277E-004   7.7934936026701081E-004  -2.3854634194028697E-004  -6.2573212620568516E-004   1.4615170247808771E-004  -3.2059019137207900E-014   3.7445226747669980E-014  -3.7899197813647648E-015   5.9997799851002112E-014  -1.0379596930262537E-014  -2.7965102493536687E-014   4.5236044611099415E-003  -6.5272028540073893E-004   6.6011310155012488E-005   4.2491266081876677E-011   3.4131524513116285E-014   4.6367846575451654E-015  -4.6944769982578035E-016  -6.7381774608719641E-014   1.1870981317346935E-014   3.3249184523356962E-014  -3.8464063955620997E-003   4.3598350556454018E-003  -4.4092030236589044E-004  -9.9564506059103670E-012  -2.2916431625944166E-003   4.6792475734914012E-003  -4.7322316477606198E-004  -7.3356068823778794E-012
  -2.3660235957088022E-002  0.60285565973028410       -5.2070226561838934E-002   1.3405339478150603E-009  -1.9097622962657973E-011  -3.0200932782304361E-012   3.0506587310822580E-013   3.7734175036068876E-011  -6.6455958123627586E-012  -1.8635724472068473E-011   1.6399099569189154E-009  -2.2770992403629915E-002  0.53910244049306399       -5.0113222018218759E-002  -1.4633947864036480E-003   1.4651267815664396E-002  -1.4309437376426582E-003   2.5890828848796872E-003  -3.6557283962981179E-004  -6.2573275269074615E-004  -2.1428730302573404E-002   5.6979266940158932E-003   1.4098390761157169E-002  -3.1804213164260469E-003   6.2419508096283645E-013   1.0068006351936998E-013  -1.0366290444731281E-014  -1.2323945407646033E-012   2.2163648599180929E-013   6.0850917279917130E-013  -6.5272262524713846E-004   1.8697519333124666E-002  -1.4364789432318905E-003  -9.2466389502242204E-010  -7.4148577475053556E-013  -1.1736416494635023E-013   1.1878507494748934E-014   1.4648940056923931E-012  -2.5827166458666520E-013  -7.2352731600760871E-013   4.3598392643193788E-003  -9.8520850564854975E-002   9.5949090411674206E-003   2.1666786901373375E-010   4.6792513508794112E-003 -0.10390217583508764        1.0297854528998051E-002   1.5961232010473795E-010
   2.3928123051448836E-003  -5.2070052235002683E-002   9.3250608175767191E-002  -1.3557183576698770E-010   1.9314881086049454E-012   3.0519102869711149E-013  -3.3127043188362695E-014  -3.8073416754903642E-012   7.2119044129661647E-013   1.8761043627322351E-012  -1.6584750560713930E-010   2.3028812439306059E-003  -5.0113222018218759E-002   4.8648721013796047E-002   1.4799636254180686E-004  -1.4309355729295883E-003   6.4682845535467476E-004  -2.3854601863005056E-004   1.6859182681917465E-004   3.9988062390500193E-005   1.7151518274199301E-003  -2.5236804476825446E-003  -8.7018207377500927E-004   1.3989228795148823E-003  -6.3157572607616062E-014  -1.0375002933053254E-014  -8.8247656812801150E-016   1.3197920531195589E-013   1.9311035455239766E-014  -6.8966167641910177E-014   6.6011274416285311E-005  -1.4364730170696653E-003   4.6388839005697229E-003   9.3511180651986917E-011   7.4971877603832827E-014   1.1873089904192445E-014  -1.1674279676089514E-015  -1.4827727706456278E-013   2.5371528843524422E-014   7.3297848465664274E-014  -4.4092028759047788E-004   9.5948994555722835E-003  -4.6164105028906350E-003  -2.1911168840320865E-011  -4.7322315547445129E-004   1.0297846011009418E-002  -3.1180595362360298E-003  -1.6137131791891472E-011
   2.3415445913558671E-003  -1.5891141011879434E-003   1.6071110566437004E-004  -3.7593637536252406E-012   5.3468356831898869E-014   9.7545761790108307E-015  -9.8632799965234087E-016  -1.0574469187332893E-013   1.8643402048226815E-014   5.2273341493703131E-014  -4.6004171246879314E-012   1.1900089031966368E-003  -1.4633947864036480E-003   1.4799636254180686E-004   3.3128758235784142E-005  -3.4640000515086407E-005   3.5032437061170508E-006  -5.8652377635013050E-005   8.5960890070448887E-006   1.4205484379955019E-005   5.4872783829278914E-005  -1.5736214779246210E-005  -3.8979564339021810E-005   9.1179182954287651E-006  -1.8412664471906343E-015   8.0006015334937699E-016  -8.0985846970128090E-017   3.5517676563614617E-015  -6.2118913883962732E-016  -1.7116579912407357E-015   9.7485579381527082E-005  -4.8337489495691771E-005   4.8884919575852407E-006   2.5836709839133535E-012   2.0689321502009500E-015   3.0868477907254180E-016  -3.1241701956399480E-017  -4.0862156460575528E-015   7.2008991916304752E-016   2.0174608702600055E-015  -1.4981830634525217E-004   2.7013193489096543E-004  -2.7319072594905897E-005  -6.0287007196344469E-013  -1.2438227288966288E-004   2.8633022108967684E-004  -2.8957239734999387E-005  -4.4496128519634611E-013
  -2.4098869429024295E-004   1.6385747841332197E-002  -1.5545321596891332E-003   3.6330816242059509E-011  -5.1772841318415596E-013  -8.1643261988537459E-014   8.2504592924951486E-015   1.0229254345318693E-012  -1.8023147940423257E-013  -5.0517521667727839E-013   4.4458706026766450E-011  -4.1987476246050379E-004   1.4651267815664396E-002  -1.4309355729295883E-003  -3.4640000515086407E-005   3.9919768350965676E-004  -3.9786805653374826E-005   6.1241439566888685E-005  -8.8096669058256431E-006  -1.4767002031483757E-005  -5.8250671943170485E-004   1.5802897793254183E-004   3.8231708968970268E-004  -8.8132511674434026E-005   1.6939977412718065E-014   2.9262508650322404E-015  -2.9788784745822867E-016  -3.3472376965351736E-014   5.9531214765317380E-015   1.6540961642310478E-014  -1.9506091139773320E-006   5.1032761206191925E-004  -4.7302140767729649E-005  -2.4970266049037642E-011  -1.9982094559393523E-014  -3.1661033259161145E-015   3.2038898366937728E-016   3.9477475675830447E-014  -6.9589592492929936E-015  -1.9498612394446472E-014   9.1815048159344257E-005  -2.6728439512679354E-003   2.6409645992880794E-004   5.8270901308968951E-012   1.0437187170085307E-004  -2.8175118475140442E-003   2.7991110336736429E-004   4.2932125136795425E-012
   2.4372159729318073E-005  -1.5545364867651844E-003   1.1717268963863773E-003  -3.6742270718918213E-012   5.2360283287994850E-014   8.2540190664843153E-015  -8.6066695497226877E-016  -1.0334917607015724E-013   1.8794594984865007E-014   5.0990558824287121E-014  -4.4962113174131586E-012   4.2463256879130411E-005  -1.4309437376426582E-003   6.4682845535467476E-004   3.5032437061170508E-006  -3.9786805653374826E-005   9.8099550077093308E-006  -5.9250952916930468E-006   2.4077023202581127E-006   1.2250006505187413E-006   5.3702015240842810E-005  -3.8423561886942452E-005  -3.2262008310930757E-005   2.1327323354446335E-005  -1.7135401782183099E-015  -2.9815572809985247E-016   7.9415711959118598E-018   3.4694907913784904E-015  -1.2303674305351413E-016  -1.7580559757718144E-015   1.9727761904541211E-007  -4.7302210707308720E-005   4.7387296844792493E-005   2.5253126829232151E-012   2.0207014741141751E-015   3.2023992021977356E-016  -3.2028633017451850E-017  -3.9939736402947293E-015   6.9559378780060475E-016   1.9733373705123268E-015  -9.2855422919295268E-006   2.6409780064017138E-004  -8.8158100271090576E-005  -5.8931110791513100E-013  -1.0555449384814032E-005   2.7991259222768291E-004  -7.8049243443408347E-005  -4.3423118870454757E-013
  -4.1462466015475749E-003   2.8135415272695511E-003  -2.3747604392806369E-004   6.6457065701918762E-012  -9.4519457615492326E-014  -1.7247896081664237E-014   1.7427915922702851E-015   1.8693678852833204E-013  -3.2931179769728340E-014  -9.2411858965840815E-014   8.1324823292287664E-012  -2.1070932642456778E-003   2.5890828848796872E-003  -2.3854601863005056E-004  -5.8652377635013050E-005   6.1241439566888685E-005  -5.9250952916930468E-006   1.0385269857066612E-004  -1.5149190188331276E-005  -2.5162276510629244E-005  -9.7224108789173690E-005   2.6784493552177246E-005   6.9198390215691489E-005  -1.5547677493384292E-005   3.2551402521011218E-015  -1.4177332170764772E-015   1.4248038583451066E-016  -6.2750104559827741E-015   1.1201319587300487E-015   3.0218589604040316E-015  -1.7262331409124716E-004   8.5632837177177553E-005  -6.6838389726006681E-006  -4.5675184485684539E-012  -3.6576273581805104E-015  -5.4565996788710103E-016   5.5243104283305311E-017   7.2238601799445468E-015  -1.2734063895781694E-015  -3.5665579210346996E-015   2.6526409815173639E-004  -4.7779042663228957E-004   4.5469346010953065E-005   1.0658202449101106E-012   2.2021896709516670E-004  -5.0637416103820390E-004   4.8903237092724850E-005   7.8674372395431554E-013
   6.0773507242403984E-004  -3.8463004583010459E-004   3.0483587394550396E-004  -9.7310219270907177E-013   1.3840342455284697E-014   2.5251463269633816E-015  -2.6221984703878417E-016  -2.7345206874435804E-014   4.9729927323909316E-015   1.3505093512000709E-014  -1.1907983478008900E-012   3.0883840299050520E-004  -3.6557283962981179E-004   1.6859182681917465E-004   8.5960890070448887E-006  -8.8096669058256431E-006   2.4077023202581127E-006  -1.5149190188331276E-005   2.6240396052678803E-006   3.6163265721391407E-006   1.2848008368916289E-005  -9.8957101171564149E-006  -8.4277451471927510E-006   5.5812314832969892E-006  -4.7675468777888486E-016   2.0729684816904034E-016  -2.6798174666676354E-017   9.4129845763953787E-016  -3.6502734189108011E-017  -4.6516498834784802E-016   2.5302452179697314E-005  -1.1390566228030932E-005   1.2319743577885343E-005   6.6866979492400506E-013   5.3538247703197679E-016   7.9881268729984611E-017  -7.9867492255196249E-018  -1.0578631394683488E-015   1.8422818232061396E-016   5.2245858888064924E-016  -3.8878878447829129E-005   6.8304114796271774E-005  -2.3015633022777354E-005  -1.5603807824325763E-013  -3.2275972047728854E-005   7.2805009562146653E-005  -2.0401700584632513E-005  -1.1370686750272800E-013
   1.0047348743889254E-003  -6.8152123471508497E-004   2.1859469725411530E-005  -1.6018822056932383E-012   2.2782565058287440E-014   4.1605113014050220E-015  -4.1946868605148949E-016  -4.5062306323784457E-014   7.9178864449381237E-015   2.2278285584224890E-014  -1.9602514745340456E-012   5.1052878342532277E-004  -6.2573275269074615E-004   3.9988062390500193E-005   1.4205484379955019E-005  -1.4767002031483757E-005   1.2250006505187413E-006  -2.5162276510629244E-005   3.6163265721391407E-006   6.1036192745649029E-006   2.3604543935062813E-005  -5.6721459792334612E-006  -1.6901816858506437E-005   3.3147064202738896E-006  -7.8474370030929514E-016   3.4435228790184688E-016  -3.3827724924343804E-017   1.5096592264115776E-015  -2.8669197525675354E-016  -7.2535229661864715E-016   4.1832684697472550E-005  -2.0781289753119203E-005   1.2523877791704153E-007   1.1018083794425651E-012   8.8265664071754832E-016   1.3164136698503025E-016  -1.3340653637340706E-017  -1.7431934924334312E-015   3.0758055356711277E-016   8.6062397825237850E-016  -6.4261747796379778E-005   1.1537040504599840E-004  -8.8169639681251764E-006  -2.5728113164292042E-013  -5.3342636670788632E-005   1.2222185801610594E-004  -1.0053023199586068E-005  -1.9120562420344264E-013
   6.8759931163586631E-004  -2.3992858882343676E-002   1.5132332621721389E-003  -5.3061744259941754E-011   7.5613509460668229E-013   1.1943269531060731E-013  -1.2049533545352455E-014  -1.4940607109682063E-012   2.6280676437818847E-013   7.3789077416498222E-013  -6.4932691690826116E-011   7.7934936026701081E-004  -2.1428730302573404E-002   1.7151518274199301E-003   5.4872783829278914E-005  -5.8250671943170485E-004   5.3702015240842810E-005  -9.7224108789173690E-005   1.2848008368916289E-005   2.3604543935062813E-005   8.5386693070076873E-004  -2.1396607138872737E-004  -5.6307598103924530E-004   1.1945377463211106E-004  -2.4753747127638644E-014  -4.1124164401923098E-015   4.3542980084703111E-016   4.8836966638450223E-014  -9.0529246539045589E-015  -2.4094838791089356E-014   1.6943388763184117E-005  -7.4791147873179995E-004   3.7288170582910332E-005   3.6468822477516959E-011   2.9183701101465553E-014   4.6212497685438337E-015  -4.6792279288931549E-016  -5.7655043057247112E-014   1.0169516919945612E-014   2.8476233786199780E-014  -1.5442691201641610E-004   3.9074451617904429E-003  -3.3985477795895925E-004  -8.5102486018113442E-012  -1.6889297254415564E-004   4.1180297530255061E-003  -3.7169092879235963E-004  -6.2698197522548094E-012
  -2.3747638909859205E-004   6.1919044793161118E-003  -4.5609652919663670E-003   1.4625525135101458E-011  -2.0841750500481043E-013  -3.2935221169885145E-014   3.4313155659297159E-015   4.1139301881887980E-013  -7.4755186315870102E-014  -2.0298170727240373E-013   1.7897492705940922E-011  -2.3854634194028697E-004   5.6979266940158932E-003  -2.5236804476825446E-003  -1.5736214779246210E-005   1.5802897793254183E-004  -3.8423561886942452E-005   2.6784493552177246E-005  -9.8957101171564149E-006  -5.6721459792334612E-006  -2.1396607138872737E-004   1.5062808076703768E-004   1.2903663036953187E-004  -8.3632310532744038E-005   6.8262244801689573E-015   1.1197407462093011E-015  -2.7089130986586089E-017  -1.3807390080075331E-014   5.3879384455897777E-016   6.9894365148514875E-015  -6.6838441708829042E-006   1.8845650757372343E-004  -1.8429572531861914E-004  -1.0051659724556957E-011  -8.0430225219210718E-015  -1.2734882970989234E-015   1.2740450401449001E-016   1.5897003879465231E-014  -2.7694791157285923E-015  -7.8542579861299221E-015   4.5469408356799453E-005  -1.0514978536962324E-003   3.4466990606620007E-004   2.3455567622049143E-012   4.8903304844266084E-005  -1.1144035668267601E-003   3.0562157116762660E-004   1.7277442266850419E-012
  -6.8152258696911497E-004   1.5804050219937301E-002  -4.7568330432718581E-004   3.4859138925155002E-011  -4.9673501991633084E-013  -7.8592790210482073E-014   7.9157143772020092E-015   9.8157081060007528E-013  -1.7236140410503125E-013  -4.8481084964220795E-013   4.2657789640005248E-011  -6.2573212620568516E-004   1.4098390761157169E-002  -8.7018207377500927E-004  -3.8979564339021810E-005   3.8231708968970268E-004  -3.2262008310930757E-005   6.9198390215691489E-005  -8.4277451471927510E-006  -1.6901816858506437E-005  -5.6307598103924530E-004   1.2903663036953187E-004   3.7312861237054432E-004  -7.2131544473266011E-005   1.6270556012857439E-014   2.5911184103954470E-015  -2.8630087938960870E-016  -3.2049085187730821E-014   6.1926154902475391E-015   1.5785555985527110E-014  -2.0781332312224979E-005   4.9310093249352750E-004  -2.7251897403477403E-006  -2.3959021342550653E-011  -1.9173402239083017E-014  -3.0341837835353634E-015   3.0741857405562023E-016   3.7877752667645737E-014  -6.6853854595494456E-015  -1.8707682229762577E-014   1.1537039553498081E-004  -2.5695438488030106E-003   1.9186657166717414E-004   5.5912464443339114E-012   1.2222182881745140E-004  -2.7074048291675407E-003   2.1876460667175914E-004   4.1161999537478363E-012
   1.5883851438730476E-004  -3.4564900226733497E-003   2.5261891481525630E-003  -8.1626041807518739E-012   1.1631798109039766E-013   1.8396249563506811E-014  -1.9160450775046457E-015  -2.2960192051139947E-013   4.1710490950103487E-014   1.1328731395780419E-013  -9.9887124835788307E-012   1.4615170247808771E-004  -3.1804213164260469E-003   1.3989228795148823E-003   9.1179182954287651E-006  -8.8132511674434026E-005   2.1327323354446335E-005  -1.5547677493384292E-005   5.5812314832969892E-006   3.3147064202738896E-006   1.1945377463211106E-004  -8.3632310532744038E-005  -7.2131544473266011E-005   4.6439395555916479E-005  -3.8107463833893185E-015  -6.1236959814964510E-016   1.4271372372492913E-017   7.7053687557821566E-015  -3.0987886365773722E-016  -3.8992179037716425E-015   4.8348012502190960E-006  -1.0521020103629886E-004   1.0204551758323926E-004   5.6101226106547731E-012   4.4891444539108657E-015   7.1056815517254514E-016  -7.1094920024879319E-017  -8.8727286737668853E-015   1.5459121842143936E-015   4.3837418061906871E-015  -2.6969861403113585E-005   5.8689334804009014E-004  -1.9119261160310073E-004  -1.3091431731155144E-012  -2.8582803866028290E-005   6.2199284860461077E-004  -1.6962239820548337E-004  -9.6569074745018358E-013
  -3.8740909859562780E-014   6.9781557323585571E-013  -7.0632749576754650E-014   1.5223761506434253E-005  -2.2081333631827126E-007  -3.4941142567116028E-008   3.5337345543639834E-009   4.3628261482264924E-007  -7.6896784986445942E-008  -2.1546927850790730E-007   1.7713889695246913E-005  -3.2059019137207900E-014   6.2419508096283645E-013  -6.3157572607616062E-014  -1.8412664471906343E-015   1.6939977412718065E-014  -1.7135401782183099E-015   3.2551402521011218E-015  -4.7675468777888486E-016  -7.8474370030929514E-016  -2.4753747127638644E-014   6.8262244801689573E-015   1.6270556012857439E-014  -3.8107463833893185E-015   1.1984349199840770E-008   1.8964267914283542E-009  -1.9179674987373842E-010  -2.3678639003918597E-008   4.1735778744974635E-009   1.1694289792353890E-008  -2.3367209880196259E-015   8.3302514800153336E-015  -8.6664229305466309E-016   8.9341677032249813E-005   1.1030907563810757E-007   1.7455066586317987E-008  -1.7652654319452903E-009  -2.1794835721335300E-007   3.8414216277824132E-008   1.0763928155563619E-007   3.4862316353331627E-015  -1.4381592234194679E-013   1.4502311671806845E-014  -4.5362145305901592E-005   2.9753430721263314E-015  -1.5963379455966822E-013   1.6086268255029315E-014  -2.4013021731678674E-005
   7.8422705316810156E-014   1.1422309727951039E-013  -1.1936277176845253E-014   2.4092733675572719E-006  -3.4944933958715249E-008  -5.5296294138379738E-009   5.5923307307878988E-010   6.9044141158181048E-008  -1.2169342295440279E-008  -3.4099207200024306E-008   2.8033316193102131E-006   3.7445226747669980E-014   1.0068006351936998E-013  -1.0375002933053254E-014   8.0006015334937699E-016   2.9262508650322404E-015  -2.9815572809985247E-016  -1.4177332170764772E-015   2.0729684816904034E-016   3.4435228790184688E-016  -4.1124164401923098E-015   1.1197407462093011E-015   2.5911184103954470E-015  -6.1236959814964510E-016   1.8964267914283542E-009   3.0009427492833758E-010  -3.0350291953669398E-011  -3.7469540183478344E-009   6.6043510477486021E-010   1.8505272250642390E-009   1.8776108572837916E-014   2.1621257845137973E-015  -2.9549392736032629E-016   1.4137074601913291E-005   1.7454942712319780E-008   2.7620319138423452E-009  -2.7932975418974552E-010  -3.4487426056109586E-008   6.0785383303411076E-009   1.7032483340686851E-008   2.8292553499125478E-014  -2.1546228601259411E-014   2.0744080790618922E-015  -7.1779758173552511E-006   4.0004333386819216E-014  -2.3531190517724264E-014   2.2286182264074705E-015  -3.7997471193697889E-006
  -7.9295236496376127E-015  -1.1932279314297717E-014  -2.6469040884785639E-015  -2.4369981725612976E-007   3.5346428910307849E-009   5.5931613209827826E-010  -5.6565830369353555E-011  -6.9837414201934807E-009   1.2309160259256835E-009   3.4490985292191836E-009  -2.8355559996918759E-007  -3.7899197813647648E-015  -1.0366290444731281E-014  -8.8247656812801150E-016  -8.0985846970128090E-017  -2.9788784745822867E-016   7.9415711959118598E-018   1.4248038583451066E-016  -2.6798174666676354E-017  -3.3827724924343804E-017   4.3542980084703111E-016  -2.7089130986586089E-017  -2.8630087938960870E-016   1.4271372372492913E-017  -1.9179674987373842E-010  -3.0350291953669398E-011   3.0695028312435098E-012   3.7895140792914046E-010  -6.6793670973525828E-011  -1.8715465786776723E-010  -1.9827451805439525E-015  -2.1786876157396878E-016  -6.8800528998539145E-016  -1.4296849029278855E-006  -1.7652321181557161E-009  -2.7932646505472144E-010   2.8248838262516857E-011   3.4877405872781838E-009  -6.1472737370643045E-010  -1.7225084688086561E-009  -3.0384524110551400E-015   2.2415740144089498E-015  -1.1484668618660671E-015   7.2591745361582768E-007  -4.2811899724040375E-015   2.4516509626760234E-015  -1.5944234220839823E-015   3.8427147221449980E-007
   6.9955554899649305E-014  -1.3772482892021033E-012   1.5391481091116777E-013  -3.0079060526030786E-005   4.3628229974707640E-007   6.9036600275807536E-008  -6.9819416878496363E-009  -8.6200582676827945E-007   1.5193242743584859E-007   4.2572352702817630E-007  -3.4999047950860176E-005   5.9997799851002112E-014  -1.2323945407646033E-012   1.3197920531195589E-013   3.5517676563614617E-015  -3.3472376965351736E-014   3.4694907913784904E-015  -6.2750104559827741E-015   9.4129845763953787E-016   1.5096592264115776E-015   4.8836966638450223E-014  -1.3807390080075331E-014  -3.2049085187730821E-014   7.7053687557821566E-015  -2.3678639003918597E-008  -3.7469540183478344E-009   3.7895140792914046E-010   4.6784179576922285E-008  -8.2461418803095466E-009  -2.3105540549839567E-008   2.5445787336792203E-015  -1.6088857975810714E-014   4.6367811100182118E-015  -1.7652099846007595E-004  -2.1794831761108340E-007  -3.4487664539572835E-008   3.4878057748545747E-009   4.3062166468141178E-007  -7.5898685232094101E-008  -2.1267334703158451E-007  -1.0271985156501335E-014   2.8469102599927306E-013  -2.4629748580111364E-014   8.9626381348105233E-005  -1.0584064276796932E-014   3.1617448651735923E-013  -2.5983447668423887E-014   4.7444844902560555E-005
  -1.1942295688666908E-014   2.5145124606960802E-013   5.7564021201179446E-014   5.3023345827048046E-006  -7.6906708087464597E-008  -1.2169592183689849E-008   1.2307585058274632E-009   1.5195214320562423E-007  -2.6782252805005848E-008  -7.5045435119388775E-008   6.1695686568827210E-006  -1.0379596930262537E-014   2.2163648599180929E-013   1.9311035455239766E-014  -6.2118913883962732E-016   5.9531214765317380E-015  -1.2303674305351413E-016   1.1201319587300487E-015  -3.6502734189108011E-017  -2.8669197525675354E-016  -9.0529246539045589E-015   5.3879384455897777E-016   6.1926154902475391E-015  -3.0987886365773722E-016   4.1735778744974635E-009   6.6043510477486021E-010  -6.6793670973525828E-011  -8.2461418803095466E-009   1.4534583432650481E-009   4.0725640017291353E-009  -3.0106453681502269E-016   4.7027416797542849E-015   1.8122789082725393E-014   3.1112055603477886E-005   3.8413858822047345E-008   6.0785249054463848E-009  -6.1473325457572048E-010  -7.5897992762760336E-008   1.3377306194198860E-008   3.7484133933884171E-008   2.0639748820717032E-015  -4.7554878530075599E-014   3.1628859545501971E-014  -1.5796895662004499E-005   2.2145681841985386E-015  -5.1965359376913684E-014   4.3515175450638513E-014  -8.3622689286822684E-006
  -3.1239503483620129E-014   6.7976672439133337E-013  -8.3497490312451429E-014   1.4855298997064626E-005  -2.1546896311559316E-007  -3.4095457659129347E-008   3.4482071284732366E-009   4.2572321132678645E-007  -7.5035642340328649E-008  -2.1025424821463725E-007   1.7285158230109968E-005  -2.7965102493536687E-014   6.0850917279917130E-013  -6.8966167641910177E-014  -1.7116579912407357E-015   1.6540961642310478E-014  -1.7580559757718144E-015   3.0218589604040316E-015  -4.6516498834784802E-016  -7.2535229661864715E-016  -2.4094838791089356E-014   6.9894365148514875E-015   1.5785555985527110E-014  -3.8992179037716425E-015   1.1694289792353890E-008   1.8505272250642390E-009  -1.8715465786776723E-010  -2.3105540549839567E-008   4.0725640017291353E-009   1.1411250746045499E-008  -3.8453975783426623E-016   7.8560565448036177E-015  -4.3300389744440430E-015   8.7179321358940475E-005   1.0763924188549268E-007   1.7032597939411705E-008  -1.7225403415093012E-009  -2.1267330729520982E-007   3.7484468923804695E-008   1.0503406539058251E-007   6.4180080358768906E-015  -1.4073815775058395E-013   8.9816035661597510E-015  -4.4264236005042212E-005   7.1188758514133463E-015  -1.5634223847972995E-013   8.3668090361950227E-015  -2.3431823173382248E-005
   2.4784703027978744E-003  -6.9819987712443931E-004   7.0610736202207435E-005  -1.9549133710321868E-012   2.8058197099073816E-014  -3.7545905931731449E-015   4.1125922086351031E-016  -5.4387356905971653E-014   9.6239416067406662E-015   2.6233294530513022E-014  -2.3052967369176309E-012   4.5236044611099415E-003  -6.5272262524713846E-004   6.6011274416285311E-005   9.7485579381527082E-005  -1.9506091139773320E-006   1.9727761904541211E-007  -1.7262331409124716E-004   2.5302452179697314E-005   4.1832684697472550E-005   1.6943388763184117E-005  -6.6838441708829042E-006  -2.0781332312224979E-005   4.8348012502190960E-006  -2.3367209880196259E-015   1.8776108572837916E-014  -1.9827451805439525E-015   2.5445787336792203E-015  -3.0106453681502269E-016  -3.8453975783426623E-016   7.6489336568337063E-002   1.6302241296573344E-004  -1.6486825353490035E-005   1.3404939358337219E-012   1.2744264943109664E-015  -3.5447843724435156E-015   3.6107933204735789E-016  -2.3760967929034549E-015   3.6626125794199682E-016   1.0405458797463764E-015  0.16081641464327134        3.0227928837316207E-004  -3.0570197309659768E-005  -3.2396888327445214E-013  0.21382974476496169        3.4279858945145369E-004  -3.4668007474658812E-005  -2.3513652045244408E-013
  -6.9819958682407267E-004   1.7639924182294119E-002  -1.5365616719469177E-003   4.2534403636332373E-011  -5.8714959822709078E-013  -9.3118129549223946E-014   9.3119378724914799E-015   1.1591758390249857E-012  -2.0510859872250317E-013  -5.7288176106595527E-013   5.0169985084806283E-011  -6.5272028540073893E-004   1.8697519333124666E-002  -1.4364730170696653E-003  -4.8337489495691771E-005   5.1032761206191925E-004  -4.7302210707308720E-005   8.5632837177177553E-005  -1.1390566228030932E-005  -2.0781289753119203E-005  -7.4791147873179995E-004   1.8845650757372343E-004   4.9310093249352750E-004  -1.0521020103629886E-004   8.3302514800153336E-015   2.1621257845137973E-015  -2.1786876157396878E-016  -1.6088857975810714E-014   4.7027416797542849E-015   7.8560565448036177E-015   1.6302241296573344E-004   7.2949282841305849E-002   3.5877179969017207E-004  -2.9167821897753934E-011  -2.1837559706626323E-014  -3.6093301518045562E-015   3.9323584754216404E-016   4.3213982541741987E-014  -7.9790830870862765E-015  -2.1244576616676705E-014   3.0227894864286588E-004  0.15425238920762913        6.6524038743775819E-004   7.0499598395540743E-012   3.4279819948927092E-004  0.20638583827607512        7.5441308571326873E-004   5.1626905646717239E-012
