  0.22831130701726327        2.7206880286691749E-009   4.9644023663410228E-008  -6.9129765426685490E-016  -1.1771659775367414E-016   4.5458523305713141E-017  -2.1760479969031920E-017   1.5228714253614650E-016   1.4749283760582595E-016   2.7264375209470791E-016  0.38271691247210787       -7.5220074978201411E-011   2.3934956026630777E-008   1.4129921211260707E-015   5.9657256839740851E-009  -3.4274941597657901E-010   4.6143587960176914E-009  -4.7719413278070320E-009   1.6319893717053500E-009  -3.2319445379010506E-009   6.9934066800545483E-010  -1.4873676602072494E-009  -5.9551523345370010E-010  -2.3307216220157545E-009  -1.9391351187679142E-016   4.4348119452433171E-017  -8.1880889504780314E-018  -3.1879722895444300E-016  -9.7557072055189989E-018  -2.2073050426835609E-016  0.18472886166061064        2.8222616954512836E-009   1.5737506045775368E-008  -2.1889581592191428E-015  -7.3092778939145855E-002  -6.5388067919081630E-010  -7.0287083853190084E-009   6.8624436167886688E-017  -1.3168647956612124E-017  -9.3707248103600546E-018   1.2022205191180057E-016   9.8523624265472096E-018   1.2810701539721397E-016 -0.14152236089557710       -1.1804465433028055E-009  -1.1872555850000099E-008   1.6854103779490284E-016   3.2522672733477892E-015
   2.7206880286691749E-009  0.22831116670537896       -1.3973894665992945E-008   1.3400676305759832E-015  -3.5177533046550886E-016  -7.3916517552534154E-017   8.5532714487459473E-018  -2.0513233920796683E-016  -2.5713903549710046E-017  -1.2989238350837710E-016  -7.5221246690735809E-011  0.38271684376032294       -2.7589798471758394E-009  -3.6390545619994812E-016   1.4783589886121515E-009   4.5341700464525481E-009  -1.5583960879429713E-009  -1.3889730728705614E-009   1.6697990289687632E-009  -5.9445338239494865E-010  -4.1569061072732786E-009   3.6233991459323164E-009   1.0428815156022202E-009  -1.5391619718549128E-009   4.5776426062699916E-016  -2.5410688861182422E-017  -5.0544428257538692E-018   2.0791466224033629E-016  -5.3077334008274635E-018   3.1907841416779990E-016   2.8222615666849115E-009  0.18472881868278374       -1.0051196027118301E-008  -1.6994640995354032E-015  -6.5387970538696093E-010  -7.3092759279411917E-002   2.7491257346367545E-009   6.3972926788427371E-018  -1.7883804251643811E-017   1.4802907619184052E-018   1.2735196015154363E-017  -2.2675027356237880E-018   1.8486747888421634E-017  -1.1804447100340341E-009 -0.14152232774550511        4.8615226579998308E-009   3.9165907078084826E-016   2.4383659671295724E-015
   4.9644023663410228E-008  -1.3973894665992945E-008  0.22831117967353559        3.3384913673423137E-016   2.6515642220025022E-016  -4.5202061296944285E-017  -1.0100096569393880E-017  -4.0326412415135741E-016   1.1518851096342020E-016   4.2699914963675531E-017   2.3934953039605511E-008  -2.7589778990153073E-009  0.38271685124805638        3.0252819246680869E-015  -9.3384328240188733E-010  -1.5580261549228306E-009   4.1286617802941108E-009  -1.4874137352487011E-009  -2.0305937434381645E-009   2.7402965451050089E-009  -1.7313068909216023E-009  -9.0305492550555337E-010   3.8808182239233182E-009  -2.4042516437086785E-009  -6.8932979410171673E-016  -5.1019767254277378E-017  -1.0704109438574208E-016  -2.5654218319504796E-016  -5.0956619563820019E-017  -7.0588043588114931E-016   1.5737506125366130E-008  -1.0051195956783226E-008  0.18472882104817462       -2.0150113804092446E-015  -7.0287086659227745E-009   2.7491242966956238E-009  -7.3092760876152588E-002   4.1998181779054456E-016  -1.5692114021422599E-017  -2.4613444736262435E-017   2.8441936042225334E-016   3.2839132300422681E-017   4.3675891633230153E-016  -1.1872556438444123E-008   4.8615198047179437E-009 -0.14152233037500483       -3.7366110679710047E-016   2.7842422010458943E-015
  -6.9129765426685490E-016   1.3400676305759832E-015   3.3384913673423137E-016  0.49105694660141913       -2.2196597785911534E-008   1.1364536669949381E-008  -1.2824319630947034E-008   1.7203132367316646E-008  -3.1003752672759662E-008   4.9934616106872111E-009  -1.9726734853987573E-015   1.0388793007685268E-015  -1.9542631018394822E-015  0.71089685650152945        3.6935827582961481E-016  -5.0175623137381811E-016  -6.5668275182946959E-018   9.4025771871437214E-017  -1.4964506116743932E-016  -3.0554748282482720E-016  -8.2499479616010471E-016   9.8255737962295931E-017  -1.8969612762150212E-016  -1.5880970631548562E-017  -2.6942939602827637E-008   9.2861267555248165E-009  -1.6100058617076956E-008   1.9214430418961220E-008  -2.4634999244154969E-008   7.7284372190083741E-009  -6.0497873217895876E-017   1.1419102988190421E-015   3.1026700948962579E-016 -0.53608239339623243       -8.4924614947573847E-016  -1.0801413551888821E-015  -6.3289236111607317E-018  -7.9517995531194243E-009   3.0151232177299609E-009  -4.7192089970407667E-009   5.7723435242270769E-009  -8.0619445723529788E-009   2.1794360316747768E-009  -1.4938405677046689E-015  -1.3256609113077008E-015   4.4667269679114983E-016   7.3445772410810767E-002   9.1502085550472331E-002
  -1.1771659775367414E-016  -3.5177533046550886E-016   2.6515642220025022E-016  -2.2196597785911534E-008   1.0036121564409280E-015  -5.1375903972988541E-016   5.7985760110366399E-016  -7.7780278803879351E-016   1.4015801241750382E-015  -2.2580917011275003E-016  -1.9640077405376936E-016  -5.8872395432879366E-016   4.4888210757646490E-016  -3.2146894390978969E-008  -2.2652352518206883E-023   1.3893191075856373E-023   5.0932023299762390E-024  -1.3592789158553722E-024   9.1690676960024881E-025   1.9218782004186228E-023   4.0663039922695179E-023  -1.0421791128487721E-023   1.1888092902459800E-023   1.9449230159381175E-024   1.2172194587606877E-015  -4.1954841115787344E-016   7.2736056402413680E-016  -8.6807174458270856E-016   1.1130177018924950E-015  -3.4914440863489098E-016  -1.0249364212869054E-016  -2.9209381246642730E-016   1.8012162059095743E-016   2.3593224822385056E-008  -4.6448813356517038E-018   6.8997460288222202E-017  -2.8591119579778260E-016   3.5782658900197431E-016  -1.3595029427301302E-016   2.1232969433629377E-016  -2.5985266887350109E-016   3.6356555869865346E-016  -9.7973075465184687E-017  -1.1551943100996946E-017   1.3095646279686333E-016  -5.6573160023124149E-016  -3.1615547466417079E-009  -3.9945830092876400E-009
   4.5458523305713141E-017  -7.3916517552534154E-017  -4.5202061296944285E-017   1.1364536669949381E-008  -5.1375903972988541E-016   2.6302356743853332E-016  -2.9683188893658305E-016   3.9817430461805932E-016  -7.1755547385266166E-016   1.1558464086812456E-016   6.7071812872309750E-017  -1.2773020596844274E-016  -7.4812205401273044E-017   1.6455192965268667E-008   9.5087379865334542E-024  -1.2686752674197422E-023   6.1181944130762322E-025   1.8746345364005472E-024  -3.3802084130789422E-024  -8.1279285873023962E-024  -1.7155737821160674E-023   9.0808124785360844E-025  -5.6382209491676340E-024  -7.4775100742362271E-027  -6.2340275243044991E-016   2.1486629864242541E-016  -3.7252078761306437E-016   4.4458317804640799E-016  -5.7001608710261167E-016   1.7881789735437613E-016   1.0817396899712258E-016  -2.9902245167833183E-017  -4.4079082775138030E-017  -1.2269622065144257E-008   4.0241365173179261E-016   1.9831863577085660E-016  -2.9365073487535120E-017  -1.8368385790578384E-016   6.9706568894665323E-017  -1.0900522844648126E-016   1.3336071486855189E-016  -1.8639611098065724E-016   5.0322694253356193E-017   8.0435553924444178E-016   3.9454105213267028E-016  -5.9506171450577959E-017   1.6650733373063466E-009   2.1097889619194738E-009
  -2.1760479969031920E-017   8.5532714487459473E-018  -1.0100096569393880E-017  -1.2824319630947034E-008   5.7985760110366399E-016  -2.9683188893658305E-016   3.3502502863538379E-016  -4.4939048315658747E-016   8.0978319838971128E-016  -1.3046700252252405E-016  -3.7922182643605888E-017   1.2136791866034566E-017  -1.2652540470683765E-017  -1.8573663233867434E-008  -9.7879115870750095E-024   1.3307374175057344E-023  -4.9698489962105872E-025  -1.9826273146004934E-024   3.8403800298932308E-024   7.8844764426654815E-024   2.0966782020944999E-023  -2.3677012581837325E-024   4.9531504485812717E-024   9.7460877624769639E-025   7.0323861090440065E-016  -2.4239146764002129E-016   4.2022653664527149E-016  -5.0152166115534410E-016   6.4303919166891506E-016  -2.0171503811633255E-016  -6.3054711525587653E-018   2.4131765027442856E-017  -4.1625218058328338E-017   1.3608761322790786E-008   7.2970292961366708E-017   9.7782960322230839E-017  -1.9214766417712627E-016   2.0668149834738888E-016  -7.8534805935313414E-017   1.2264100779973061E-016  -1.5009507341254869E-016   2.1002398677732064E-016  -5.6585938851488893E-017   1.4527447834267808E-016   1.9540303465072212E-016  -3.8384551255164271E-016  -1.8211371561276552E-009  -2.3002651302471839E-009
   1.5228714253614650E-016  -2.0513233920796683E-016  -4.0326412415135741E-016   1.7203132367316646E-008  -7.7780278803879351E-016   3.9817430461805932E-016  -4.4939048315658747E-016   6.0280321981264353E-016  -1.0862561835007481E-015   1.7499941723847349E-016   2.5262313555752767E-016  -3.4851740939644811E-016  -6.4556219238946104E-016   2.4913535937247906E-008   1.6922548699454770E-023  -1.9027318126538817E-023  -3.3703712626473560E-024   4.1229564000474436E-024  -2.0682841835103591E-024  -1.7081873818053294E-023  -2.1573751652939113E-023   8.6863039959078806E-025  -1.4369731471024992E-023   3.4679973903689614E-024  -9.4345867003729931E-016   3.2518667988001388E-016  -5.6377260953578101E-016   6.7283569178193698E-016  -8.6268540398164601E-016   2.7062042203870084E-016   1.4397797730830813E-016  -1.2957419124799547E-016  -5.6421526289221197E-016  -1.8355862138741073E-008   7.2499030224413286E-017   2.7826670368229881E-016  -1.2605154225583121E-015  -2.7750505694200008E-016   1.0540346397146529E-016  -1.6467147840312280E-016   2.0151230257364793E-016  -2.8186932622197765E-016   7.5992093685928504E-017   1.4770131203115743E-016   5.5162975660458331E-016  -2.5246008325415334E-015   2.4674709404902174E-009   3.1198082173272013E-009
   1.4749283760582595E-016  -2.5713903549710046E-017   1.1518851096342020E-016  -3.1003752672759662E-008   1.4015801241750382E-015  -7.1755547385266166E-016   8.0978319838971128E-016  -1.0862561835007481E-015   1.9575660929220858E-015  -3.1532368469458756E-016   2.4212203231810998E-016  -4.0895906091133077E-017   1.8797107294462721E-016  -4.4891048723006284E-008  -1.9734173359832489E-023   3.0054636956693774E-023   5.8305476359871706E-024  -9.7612764431357371E-024   9.1705854318066607E-024   1.8480141847447553E-023   5.1769132431863274E-023  -8.0801477070547396E-024   1.3307499420553700E-023  -1.4070258869980425E-024   1.7007437460039882E-015  -5.8618904418561702E-016   1.0162972084622191E-015  -1.2128945808498868E-015   1.5550932640321367E-015  -4.8784459241038769E-016   1.5936913216391897E-016  -3.8071746192565375E-017   1.3322816387088527E-016   3.3502370188407031E-008   1.8658158358979798E-016  -9.2611048073934604E-017   1.9690438984500560E-016   5.0118467524870490E-016  -1.9018308492616272E-016   2.9742418777511563E-016  -3.6387244950503148E-016   5.0854898458920101E-016  -1.3731099888128314E-016   3.7539050992931824E-016  -1.8540870116468164E-016   3.9537636968039102E-016  -4.5496952497301595E-009  -5.7657507096796494E-009
   2.7264375209470791E-016  -1.2989238350837710E-016   4.2699914963675531E-017   4.9934616106872111E-009  -2.2580917011275003E-016   1.1558464086812456E-016  -1.3046700252252405E-016   1.7499941723847349E-016  -3.1532368469458756E-016   5.0809705575671958E-017   4.5471565944785299E-016  -2.2460300668432511E-016   7.3366211726585769E-017   7.2333516985458080E-009   9.7310516781017201E-024  -8.2795724845413125E-024   7.1213665493528502E-024  -4.2215167659765422E-024  -8.7951468454293422E-025  -6.0473093650670131E-024  -5.3581956855014476E-024  -3.0639956406814876E-024  -2.5269987256512318E-024  -2.6006494465617564E-024  -2.7376063358784572E-016   9.4361675803318286E-017  -1.6358786202376840E-016   1.9523594142651321E-016  -2.5033215028157505E-016   7.8523942840399567E-017   2.3870455299472927E-016  -5.1415410247229383E-017   2.0562225338980189E-017  -5.2374127054216793E-009   1.8460813882318515E-017   3.5510999302004474E-016  -9.5358511351264048E-017  -8.0321606660248899E-017   3.0546835479116817E-017  -4.7658262939743103E-017   5.8340411904160529E-017  -8.1696241485642934E-017   2.1981010768183152E-017   4.2135192054903935E-017   7.0651411464586157E-016  -1.8957056496953492E-016   6.9409788438748351E-010   8.7474882036494383E-010
  0.38271691247210787       -7.5221246690735809E-011   2.3934953039605511E-008  -1.9726734853987573E-015  -1.9640077405376936E-016   6.7071812872309750E-017  -3.7922182643605888E-017   2.5262313555752767E-016   2.4212203231810998E-016   4.5471565944785299E-016  0.64166582953698947       -7.9037707100358256E-009  -5.9256823614617779E-008   1.2713388779342463E-015   9.9979975177923196E-009  -5.7553392607910114E-010   7.7327684570927134E-009  -7.9974335451020821E-009   2.7374769863978948E-009  -5.4163296578373629E-009   1.1726991066106329E-009  -2.4927139895471951E-009  -9.9780816707927758E-010  -3.9057060664541991E-009  -3.2724208337040712E-016   7.8530979864286662E-017  -8.8994289425931840E-018  -5.2971438023387121E-016  -1.3301315997576643E-017  -3.7875578885234147E-016  0.30872390169130692        1.0050888830541910E-009  -2.1576744516935373E-008   5.1487929547063766E-015 -0.12799172395600009        5.4522971108065805E-010   7.2516440167886298E-009   1.1896083084823599E-016  -1.9711215853005990E-017  -1.2162021458855993E-017   2.0185867319190722E-016   1.1978351334940742E-017   2.1173612365463150E-016 -0.24814819978736721        1.1875866849282624E-009   1.6997055165496650E-008  -1.4802315014827449E-015  -6.0534325899278529E-015
  -7.5220074978201411E-011  0.38271684376032294       -2.7589778990153073E-009   1.0388793007685268E-015  -5.8872395432879366E-016  -1.2773020596844274E-016   1.2136791866034566E-017  -3.4851740939644811E-016  -4.0895906091133077E-017  -2.2460300668432511E-016  -7.9037707100358256E-009  0.64166599344945507        3.0035579595250842E-008  -2.3578363427621865E-015   2.4782831018913294E-009   7.5997893281169866E-009  -2.6125567912197852E-009  -2.3289352754521512E-009   2.7985057608146168E-009  -9.9602997723915467E-010  -6.9679285576378560E-009   6.0756599581589680E-009   1.7486292027307241E-009  -2.5812439954936897E-009   7.6642958150438604E-016  -3.7915008507039297E-017  -1.1232999590413454E-017   3.4521920122229256E-016  -1.4545505212644516E-017   5.4109115132479188E-016   1.0050892757488297E-009  0.30872396435158050       -2.0130912945289122E-010   1.4268878625861300E-015   5.4522912845849500E-010 -0.12799174433847005       -2.4651850616247690E-009   1.3571492475051980E-017  -3.1522949453828101E-017   4.5354436852259181E-018   2.3888911950273508E-017  -2.3485001306607572E-018   3.2011892303453863E-017   1.1875853507744493E-009 -0.24814824763089441       -5.5189020925020857E-009   1.2824021118755646E-016  -8.6916985561580871E-015
   2.3934956026630777E-008  -2.7589798471758394E-009  0.38271685124805638       -1.9542631018394822E-015   4.4888210757646490E-016  -7.4812205401273044E-017  -1.2652540470683765E-017  -6.4556219238946104E-016   1.8797107294462721E-016   7.3366211726585769E-017  -5.9256823614617779E-008   3.0035579595250842E-008  0.64166598211760961        1.2512649362501760E-015  -1.5655193152231892E-009  -2.6119372810631734E-009   6.9194686435049591E-009  -2.4927911355776647E-009  -3.4040128791549177E-009   4.5931566588151336E-009  -2.9034908241315697E-009  -1.5135177583467299E-009   6.5073792178954802E-009  -4.0294018535426292E-009  -1.1076025254481998E-015  -8.5644774722300612E-017  -1.7989950970737209E-016  -4.0177065837098522E-016  -7.6377418780950173E-017  -1.1377785869825051E-015  -2.1576741698217565E-008  -2.0131005646268935E-010  0.30872395676673220       -9.4533976383412347E-016   7.2516441965556382E-009  -2.4651836190557150E-009 -0.12799174257583554        7.0023621241649090E-016  -2.7496922177384470E-017  -4.2815794826749164E-017   4.8053284743865435E-016   5.3186433365825820E-017   7.2726923259478087E-016   1.6997055530105139E-008  -5.5188992509070828E-009 -0.24814824341898678       -6.2353229605931494E-016  -3.5000566500708493E-015
   1.4129921211260707E-015  -3.6390545619994812E-016   3.0252819246680869E-015  0.71089685650152945       -3.2146894390978969E-008   1.6455192965268667E-008  -1.8573663233867434E-008   2.4913535937247906E-008  -4.4891048723006284E-008   7.2333516985458080E-009   1.2713388779342463E-015  -2.3578363427621865E-015   1.2512649362501760E-015   1.0297600725801492        5.1231146736315449E-016  -7.1712744090180335E-016  -1.1678205465753141E-017   1.3797430914003163E-016  -2.1324114143696258E-016  -4.2839269999883515E-016  -1.1632612692284681E-015   1.4759712813452510E-016  -2.7400830895047159E-016  -4.2694440037550320E-017  -3.8975811194788078E-008   1.3434398130594900E-008  -2.3290314409495325E-008   2.7796086343137114E-008  -3.5640112061167521E-008   1.1179618260550422E-008   2.1855967038730468E-015  -4.2322516002736529E-017   3.6365755227974282E-015 -0.74722740482625849        2.7526323552892149E-016   1.0710108647379916E-016   5.8786444593427806E-015  -1.1439076168638572E-008   4.3496797114876177E-009  -6.7873757873035598E-009   8.3083538946222087E-009  -1.1632896484863859E-008   3.1306961568583976E-009   8.7136002209062795E-016   1.3738851211579181E-015   1.2421347304134650E-014   9.9086169704066127E-002  0.12875538244012644     
   5.9657256839740851E-009   1.4783589886121515E-009  -9.3384328240188733E-010   3.6935827582961481E-016  -2.2652352518206883E-023   9.5087379865334542E-024  -9.7879115870750095E-024   1.6922548699454770E-023  -1.9734173359832489E-023   9.7310516781017201E-024   9.9979975177923196E-009   2.4782831018913294E-009  -1.5655193152231892E-009   5.1231146736315449E-016   1.6932039952519747E-016   2.6794811511475318E-017   9.3638871566090067E-017  -1.2763467769817474E-016   6.1726524206168658E-017  -9.9533127439868514E-017  -1.5678062777890260E-018  -1.1717881470761085E-017  -2.4691547307802233E-017  -6.1060191835656033E-017  -2.0734229323323571E-023   8.4771828926396283E-024  -1.2723142478682374E-023   9.2209224739932933E-024  -1.9645336564940512E-023   5.4807552733447372E-024   4.8450192590939592E-009   1.1952346668416190E-009  -7.5463445507459836E-010  -1.5554489728113043E-015  -1.8042248940621947E-009  -4.7866409742369743E-010   3.0450230489068768E-010  -8.8369106537652662E-024   2.4381989388409042E-024  -5.5300505788519782E-024   8.3212983944089179E-024  -7.3986586754577672E-024   4.3605409023842303E-024  -3.4869563226649438E-009  -9.2711508035214237E-010   5.8991255953129001E-010   3.2785684263024191E-016   7.2361395788446666E-016
  -3.4274941597657901E-010   4.5341700464525481E-009  -1.5580261549228306E-009  -5.0175623137381811E-016   1.3893191075856373E-023  -1.2686752674197422E-023   1.3307374175057344E-023  -1.9027318126538817E-023   3.0054636956693774E-023  -8.2795724845413125E-024  -5.7553392607910114E-010   7.5997893281169866E-009  -2.6119372810631734E-009  -7.1712744090180335E-016   2.6794811511475318E-017   1.0120767076153294E-016  -6.6028201409510967E-017  -1.0281597440122946E-017   4.4558069515095077E-017  -2.5667374990503376E-017  -7.1792380429560211E-017   8.0337583940644033E-017  -4.8885480757054337E-018  -1.0665396185083136E-017   4.1621642833338558E-023  -9.7940466954972439E-024   1.7117183161685580E-023  -1.3392379798524988E-023   2.5466395005531060E-023   3.5080269369679255E-024  -2.6961630874785343E-010   3.6750275920861591E-009  -1.2588424324362347E-009   6.7438617569669868E-016   1.5473216133576279E-010  -1.4142972062295567E-009   5.0914282285065993E-010   5.5484370981039556E-024  -3.3751600477313561E-024   5.1840186283391661E-024  -7.9972133641119640E-024   8.1312212875951690E-024  -5.1120007386446508E-024   3.0231262494769429E-010  -2.7361105195521588E-009   9.8642864159182659E-010  -1.7075914567228501E-016   1.8494096490955046E-015
   4.6143587960176914E-009  -1.5583960879429713E-009   4.1286617802941108E-009  -6.5668275182946959E-018   5.0932023299762390E-024   6.1181944130762322E-025  -4.9698489962105872E-025  -3.3703712626473560E-024   5.8305476359871706E-024   7.1213665493528502E-024   7.7327684570927134E-009  -2.6125567912197852E-009   6.9194686435049591E-009  -1.1678205465753141E-017   9.3638871566090067E-017  -6.6028201409510967E-017   1.7861661269042999E-016  -1.1389971407285818E-016  -1.5164870889168659E-017  -1.1730509338733486E-017   1.1207353332684130E-017  -7.1140548255123120E-017   5.0992105265450130E-017  -8.0108407326845845E-017  -1.9780038748643130E-023  -2.6070941767564149E-026  -2.0036703027425283E-024  -1.3083379133170046E-023  -1.0023131769060097E-024  -1.9844517433950831E-023   3.7511407730415802E-009  -1.2591490506650249E-009   3.3513660432023883E-009  -1.0924642080163810E-016  -1.3743597697790625E-009   5.0921912558765171E-010  -1.2585448014749935E-009   8.7153149576075086E-024  -4.3401056703220014E-025  -8.1409874088329200E-025   7.5491997488711157E-024   8.6515566572090455E-025   1.0541612358888313E-023  -2.6548180564161645E-009   9.8657383931124163E-010  -2.4329751523090235E-009   2.5671596676741131E-017   9.2197795105551612E-017
  -4.7719413278070320E-009  -1.3889730728705614E-009  -1.4874137352487011E-009   9.4025771871437214E-017  -1.3592789158553722E-024   1.8746345364005472E-024  -1.9826273146004934E-024   4.1229564000474436E-024  -9.7612764431357371E-024  -4.2215167659765422E-024  -7.9974335451020821E-009  -2.3289352754521512E-009  -2.4927911355776647E-009   1.3797430914003163E-016  -1.2763467769817474E-016  -1.0281597440122946E-017  -1.1389971407285818E-016   1.1790984018197713E-016  -3.1011568943889449E-017   5.3330564257202087E-017   2.1949949392198423E-017   1.4927435221519704E-017  -1.9167196576426589E-017   7.3769750568667982E-017   6.8766290069385128E-025   1.4107449739297347E-024  -2.1648522331668402E-024   1.1039393595178963E-023  -4.1290820465303094E-024   8.8322185184575470E-024  -3.8746563105104427E-009  -1.1190872161412142E-009  -1.2077947404154695E-009  -1.7874462962032652E-016   1.4480908520591941E-009   4.7238402527863632E-010   4.5099179013431291E-010  -5.9028026024516461E-024   1.1446389344035812E-024  -6.4236443643731042E-025  -3.1973165070181215E-024  -2.1438940353195084E-024  -5.2246514665404165E-024   2.7989834686927487E-009   9.1630561348085077E-010   8.7168816687441413E-010  -1.8825760176373787E-019   1.0491590826456340E-015
   1.6319893717053500E-009   1.6697990289687632E-009  -2.0305937434381645E-009  -1.4964506116743932E-016   9.1690676960024881E-025  -3.3802084130789422E-024   3.8403800298932308E-024  -2.0682841835103591E-024   9.1705854318066607E-024  -8.7951468454293422E-025   2.7374769863978948E-009   2.7985057608146168E-009  -3.4040128791549177E-009  -2.1324114143696258E-016   6.1726524206168658E-017   4.4558069515095077E-017  -1.5164870889168659E-017  -3.1011568943889449E-017   4.1967470305646087E-017  -5.1803436651773240E-017  -9.9990566163060972E-018   2.3899814351978617E-017  -3.1143104508159463E-017  -6.5104060958947450E-018   1.6415911680586856E-023  -2.2658847607262224E-024   5.9664851299727396E-024  -4.4168466131234437E-024   8.0746685519737501E-024   4.4074671071342579E-024   1.3065221724783738E-009   1.3555050102278346E-009  -1.6418881592400477E-009   3.5298555818475503E-016  -6.0386763687278511E-010  -5.0856422856241590E-010   6.5642425978371424E-010  -2.4728950730585818E-025  -1.0613279715023796E-024   1.9389981244774720E-024  -3.6651412305294582E-024   2.3996782555348214E-024  -3.7025129287604568E-024  -1.1741290049836458E-009  -9.8311064180934374E-010   1.2713529342852648E-009  -6.4451014788319758E-017  -2.2126716954860239E-016
  -3.2319445379010506E-009  -5.9445338239494865E-010   2.7402965451050089E-009  -3.0554748282482720E-016   1.9218782004186228E-023  -8.1279285873023962E-024   7.8844764426654815E-024  -1.7081873818053294E-023   1.8480141847447553E-023  -6.0473093650670131E-024  -5.4163296578373629E-009  -9.9602997723915467E-010   4.5931566588151336E-009  -4.2839269999883515E-016  -9.9533127439868514E-017  -2.5667374990503376E-017  -1.1730509338733486E-017   5.3330564257202087E-017  -5.1803436651773240E-017   8.0207497666784481E-017  -1.9846602402774551E-017   7.9391655179372181E-019   5.2294459157506580E-017   8.1513392386607119E-018   1.0887357569105534E-023  -7.2096750202910778E-024   9.5257805433815583E-024  -1.1835656065745592E-023   1.5703295772510280E-023  -1.1517366370679635E-023  -2.6256385761287442E-009  -4.8448815024293569E-010   2.2202436022658699E-009   1.2984717577475673E-015   9.7254330779130730E-010   1.6981117290021586E-010  -8.5952448946267205E-010   1.1505856260242633E-023  -2.3246123449632281E-024   4.3176691111702713E-024  -3.5312872265253683E-024   6.5372018314744640E-024   1.1915710146499548E-024   1.8792837375295815E-009   3.2754964149382467E-010  -1.6631388811534127E-009  -2.2739046909613096E-016  -2.0333298630404299E-015
   6.9934066800545483E-010  -4.1569061072732786E-009  -1.7313068909216023E-009  -8.2499479616010471E-016   4.0663039922695179E-023  -1.7155737821160674E-023   2.0966782020944999E-023  -2.1573751652939113E-023   5.1769132431863274E-023  -5.3581956855014476E-024   1.1726991066106329E-009  -6.9679285576378560E-009  -2.9034908241315697E-009  -1.1632612692284681E-015  -1.5678062777890260E-018  -7.1792380429560211E-017   1.1207353332684130E-017   2.1949949392198423E-017  -9.9990566163060972E-018  -1.9846602402774551E-017   9.0972703313841476E-017  -6.3677003689364740E-017  -5.0259888519495870E-017   3.9108758988981822E-017   4.2138066851078846E-023  -1.4926104110291741E-023   2.8609604492705070E-023  -3.6172105162817420E-023   4.2621089951770327E-023  -1.4964090580133751E-023   5.6273207036146572E-010  -3.3655215558198003E-009  -1.3905780543962211E-009   2.0554593399167340E-015  -2.4206218197142357E-010   1.3183869915439753E-009   6.1407299394940828E-010   1.3227433770732120E-023  -5.2472597564312263E-024   9.8715928615436127E-024  -1.3672985080843487E-023   1.4885103113903790E-023  -7.8496615688837553E-024  -4.6977950661427013E-010   2.5519120896704353E-009   1.1925837156672241E-009  -4.8000216413903111E-016   1.7450550107757977E-015
  -1.4873676602072494E-009   3.6233991459323164E-009  -9.0305492550555337E-010   9.8255737962295931E-017  -1.0421791128487721E-023   9.0808124785360844E-025  -2.3677012581837325E-024   8.6863039959078806E-025  -8.0801477070547396E-024  -3.0639956406814876E-024  -2.4927139895471951E-009   6.0756599581589680E-009  -1.5135177583467299E-009   1.4759712813452510E-016  -1.1717881470761085E-017   8.0337583940644033E-017  -7.1140548255123120E-017   1.4927435221519704E-017   2.3899814351978617E-017   7.9391655179372181E-019  -6.3677003689364740E-017   7.0795980897714178E-017   5.0937213412316868E-018   2.5693601644635064E-019   6.3877722019958019E-024   1.3170423848562836E-024  -2.5799289182978857E-024   9.9622511599646093E-024  -4.4318112832191252E-024   1.0862912404217454E-023  -1.2077564442516362E-009   2.9178520922220816E-009  -7.3276479610680314E-010   3.0200007358060594E-016   4.5098291148149745E-010  -1.2410559071324571E-009   2.7687679147638484E-010  -2.5112240149121725E-024   2.3224852590202331E-025  -8.4637372817154913E-026  -1.1910186344990200E-024  -1.2933542560133832E-024  -2.1894160780126424E-024   8.7167133010571656E-010  -2.4078327641184874E-009   5.3535000569845729E-010  -5.6941513063983611E-017  -9.8626215708601288E-016
  -5.9551523345370010E-010   1.0428815156022202E-009   3.8808182239233182E-009  -1.8969612762150212E-016   1.1888092902459800E-023  -5.6382209491676340E-024   4.9531504485812717E-024  -1.4369731471024992E-023   1.3307499420553700E-023  -2.5269987256512318E-024  -9.9780816707927758E-010   1.7486292027307241E-009   6.5073792178954802E-009  -2.7400830895047159E-016  -2.4691547307802233E-017  -4.8885480757054337E-018   5.0992105265450130E-017  -1.9167196576426589E-017  -3.1143104508159463E-017   5.2294459157506580E-017  -5.0259888519495870E-017   5.0937213412316868E-018   7.2319163641915505E-017  -4.1804350601520106E-017   1.8357999112011552E-024  -4.5781959628126792E-024   4.2579001830623929E-024  -9.3629410904221420E-024   8.5894688411992829E-024  -1.2137912355054043E-023  -4.8536860433499656E-010   8.4027226998075990E-010   3.1244987277048683E-009   1.4213077717264485E-017   1.7002819861957628E-010  -3.5451078704487007E-010  -1.3330084999379057E-009   9.5319874146725463E-024  -1.3879808347731309E-024   1.1299588726225736E-024   2.7503010044519928E-024   3.3230588457860105E-024   6.4082688748257571E-024   3.2796243648628439E-010  -6.8765171787903975E-010  -2.5864481973445688E-009  -2.4944432870083926E-017   1.3675570924388657E-015
  -2.3307216220157545E-009  -1.5391619718549128E-009  -2.4042516437086785E-009  -1.5880970631548562E-017   1.9449230159381175E-024  -7.4775100742362271E-027   9.7460877624769639E-025   3.4679973903689614E-024  -1.4070258869980425E-024  -2.6006494465617564E-024  -3.9057060664541991E-009  -2.5812439954936897E-009  -4.0294018535426292E-009  -4.2694440037550320E-017  -6.1060191835656033E-017  -1.0665396185083136E-017  -8.0108407326845845E-017   7.3769750568667982E-017  -6.5104060958947450E-018   8.1513392386607119E-018   3.9108758988981822E-017   2.5693601644635064E-019  -4.1804350601520106E-017   5.9518046928704490E-017   6.4899015187370283E-024   2.1610683669227660E-025   1.3266185312162397E-024   4.8075453593285519E-024   9.3020499097673528E-025   7.7056835773620785E-024  -1.8957267814473648E-009  -1.2363237346562005E-009  -1.9518115879119132E-009  -8.4169574998499520E-016   6.8824449911202087E-010   5.4547977153752431E-010   7.3169924364255258E-010  -7.0818086321141059E-024   8.0718407281537755E-025  -8.2110771700374485E-025  -3.0569692368945411E-024  -1.3794711841773373E-024  -5.4502125709001509E-024   1.3290791459856559E-009   1.0593455437958525E-009   1.4144199623267151E-009   2.2990010948950585E-016  -4.0434498741587895E-016
  -1.9391351187679142E-016   4.5776426062699916E-016  -6.8932979410171673E-016  -2.6942939602827637E-008   1.2172194587606877E-015  -6.2340275243044991E-016   7.0323861090440065E-016  -9.4345867003729931E-016   1.7007437460039882E-015  -2.7376063358784572E-016  -3.2724208337040712E-016   7.6642958150438604E-016  -1.1076025254481998E-015  -3.8975811194788078E-008  -2.0734229323323571E-023   4.1621642833338558E-023  -1.9780038748643130E-023   6.8766290069385128E-025   1.6415911680586856E-023   1.0887357569105534E-023   4.2138066851078846E-023   6.3877722019958019E-024   1.8357999112011552E-024   6.4899015187370283E-024   1.4797666425172210E-015  -5.0996351219666490E-016   8.8425741842573248E-016  -1.0552806576246019E-015   1.3528612313152970E-015  -4.2448215328042557E-016  -1.3980195223400660E-016   3.7756250792332146E-016  -9.3243574834092848E-016   3.0869536606728604E-008   1.6192456024563210E-016  -1.0461123069972622E-016  -1.9676835703061563E-015   4.3996135001071895E-016  -1.6620400163987615E-016   2.6118002094303138E-016  -3.1914654699056112E-016   4.4427284953985980E-016  -1.2081358589577079E-016   3.1955319502000675E-016  -2.0001361792957752E-016  -3.9420976538030656E-015  -4.3822637469314094E-009  -5.6037756035049782E-009
   4.4348119452433171E-017  -2.5410688861182422E-017  -5.1019767254277378E-017   9.2861267555248165E-009  -4.1954841115787344E-016   2.1486629864242541E-016  -2.4239146764002129E-016   3.2518667988001388E-016  -5.8618904418561702E-016   9.4361675803318286E-017   7.8530979864286662E-017  -3.7915008507039297E-017  -8.5644774722300612E-017   1.3434398130594900E-008   8.4771828926396283E-024  -9.7940466954972439E-024  -2.6070941767564149E-026   1.4107449739297347E-024  -2.2658847607262224E-024  -7.2096750202910778E-024  -1.4926104110291741E-023   1.3170423848562836E-024  -4.5781959628126792E-024   2.1610683669227660E-025  -5.0996351219666490E-016   1.7574760558465921E-016  -3.0473636156568282E-016   3.6367599820957788E-016  -4.6623400992642092E-016   1.4628618925030473E-016   3.1146525389962543E-018  -5.7162130220422688E-017  -4.0338016851581104E-017  -1.0588801908580850E-008  -2.0557667493838011E-016  -2.0563738153655471E-016   2.1838842933914161E-017  -1.5150905264255199E-016   5.7256852690308976E-017  -8.9939779149556980E-017   1.0991207493225675E-016  -1.5305534102744401E-016   4.1596562736399060E-017  -4.0960486428001227E-016  -4.1107587441990312E-016   4.2617148061899884E-017   1.4979285030004218E-009   1.9170553125948858E-009
  -8.1880889504780314E-018  -5.0544428257538692E-018  -1.0704109438574208E-016  -1.6100058617076956E-008   7.2736056402413680E-016  -3.7252078761306437E-016   4.2022653664527149E-016  -5.6377260953578101E-016   1.0162972084622191E-015  -1.6358786202376840E-016  -8.8994289425931840E-018  -1.1232999590413454E-017  -1.7989950970737209E-016  -2.3290314409495325E-008  -1.2723142478682374E-023   1.7117183161685580E-023  -2.0036703027425283E-024  -2.1648522331668402E-024   5.9664851299727396E-024   9.5257805433815583E-024   2.8609604492705070E-023  -2.5799289182978857E-024   4.2579001830623929E-024   1.3266185312162397E-024   8.8425741842573248E-016  -3.0473636156568282E-016   5.2840170683036354E-016  -6.3059918145884874E-016   8.0842251334569525E-016  -2.5365594783535626E-016  -4.4363564750419916E-017   1.7494728505980711E-017  -8.2955013207756692E-017   1.8452461816408862E-008  -2.1778818205489487E-016   1.2768026214923323E-016   5.5603793036343622E-017   2.6291904881734586E-016  -9.9320274243335865E-017   1.5608038000136485E-016  -1.9071969327790651E-016   2.6548826909786894E-016  -7.2198627695815980E-017  -4.3500343839748394E-016   2.5483392563397134E-016   1.0894963898638582E-016  -2.6201519269083897E-009  -3.3503012123010466E-009
  -3.1879722895444300E-016   2.0791466224033629E-016  -2.5654218319504796E-016   1.9214430418961220E-008  -8.6807174458270856E-016   4.4458317804640799E-016  -5.0152166115534410E-016   6.7283569178193698E-016  -1.2128945808498868E-015   1.9523594142651321E-016  -5.2971438023387121E-016   3.4521920122229256E-016  -4.0177065837098522E-016   2.7796086343137114E-008   9.2209224739932933E-024  -1.3392379798524988E-023  -1.3083379133170046E-023   1.1039393595178963E-023  -4.4168466131234437E-024  -1.1835656065745592E-023  -3.6172105162817420E-023   9.9622511599646093E-024  -9.3629410904221420E-024   4.8075453593285519E-024  -1.0552806576246019E-015   3.6367599820957788E-016  -6.3059918145884874E-016   7.5256300255949204E-016  -9.6478125348463670E-016   3.0271492101615534E-016  -2.9456505702033216E-016   1.9408531055663783E-016  -4.2862759297062156E-016  -2.1996025787099316E-008  -1.1183452318184833E-016   8.4468058556175063E-017  -1.2089393417830130E-015  -3.1371261552878332E-016   1.1851893945104333E-016  -1.8623240007661440E-016   2.2756903088859496E-016  -3.1680958924822748E-016   8.6142718309492856E-017  -2.2946207475413252E-016   1.7267557498485245E-016  -2.4187828528671356E-015   3.1206328411953554E-009   3.9910600413001346E-009
  -9.7557072055189989E-018  -5.3077334008274635E-018  -5.0956619563820019E-017  -2.4634999244154969E-008   1.1130177018924950E-015  -5.7001608710261167E-016   6.4303919166891506E-016  -8.6268540398164601E-016   1.5550932640321367E-015  -2.5033215028157505E-016  -1.3301315997576643E-017  -1.4545505212644516E-017  -7.6377418780950173E-017  -3.5640112061167521E-008  -1.9645336564940512E-023   2.5466395005531060E-023  -1.0023131769060097E-024  -4.1290820465303094E-024   8.0746685519737501E-024   1.5703295772510280E-023   4.2621089951770327E-023  -4.4318112832191252E-024   8.5894688411992829E-024   9.3020499097673528E-025   1.3528612313152970E-015  -4.6623400992642092E-016   8.0842251334569525E-016  -9.6478125348463670E-016   1.2368542265000626E-015  -3.8807646250763759E-016  -3.1759255060883449E-017   3.9872278457909746E-017  -1.1192449142527326E-016   2.8079178881070867E-008  -1.3626356119424575E-016   2.5965314144144990E-016  -3.9657662350626682E-016   4.0190627561022221E-016  -1.5188949593663911E-016   2.3858160873116558E-016  -2.9156428323705278E-016   4.0602227729076103E-016  -1.1034089253698833E-016  -2.7225830352478388E-016   5.1833158890943322E-016  -7.9280749931771284E-016  -3.9709593022187961E-009  -5.0824247748887680E-009
  -2.2073050426835609E-016   3.1907841416779990E-016  -7.0588043588114931E-016   7.7284372190083741E-009  -3.4914440863489098E-016   1.7881789735437613E-016  -2.0171503811633255E-016   2.7062042203870084E-016  -4.8784459241038769E-016   7.8523942840399567E-017  -3.7875578885234147E-016   5.4109115132479188E-016  -1.1377785869825051E-015   1.1179618260550422E-008   5.4807552733447372E-024   3.5080269369679255E-024  -1.9844517433950831E-023   8.8322185184575470E-024   4.4074671071342579E-024  -1.1517366370679635E-023  -1.4964090580133751E-023   1.0862912404217454E-023  -1.2137912355054043E-023   7.7056835773620785E-024  -4.2448215328042557E-016   1.4628618925030473E-016  -2.5365594783535626E-016   3.0271492101615534E-016  -3.8807646250763759E-016   1.2176613472133356E-016  -1.1019966134548307E-016   2.0951837225050008E-016  -9.2680885400075795E-016  -8.8735479127854234E-009   4.7012539816950285E-016  -3.8629564485714792E-016  -1.8513103632624511E-015  -1.2624786034674420E-016   4.7684681566893611E-017  -7.4947107903675871E-017   9.1576863363560707E-017  -1.2746223228300719E-016   3.4670646181258339E-017   9.3440099553755090E-016  -7.6511996856324813E-016  -3.7100622503723516E-015   1.2616490509846812E-009   1.6127205430030260E-009
  0.18472886166061064        2.8222615666849115E-009   1.5737506125366130E-008  -6.0497873217895876E-017  -1.0249364212869054E-016   1.0817396899712258E-016  -6.3054711525587653E-018   1.4397797730830813E-016   1.5936913216391897E-016   2.3870455299472927E-016  0.30872390169130692        1.0050892757488297E-009  -2.1576741698217565E-008   2.1855967038730468E-015   4.8450192590939592E-009  -2.6961630874785343E-010   3.7511407730415802E-009  -3.8746563105104427E-009   1.3065221724783738E-009  -2.6256385761287442E-009   5.6273207036146572E-010  -1.2077564442516362E-009  -4.8536860433499656E-010  -1.8957267814473648E-009  -1.3980195223400660E-016   3.1146525389962543E-018  -4.4363564750419916E-017  -2.9456505702033216E-016  -3.1759255060883449E-017  -1.1019966134548307E-016  0.15678510251198741        2.7937946899158916E-009  -6.9908978143983128E-009  -6.3717126570881731E-015  -1.6392602916785379E-002  -7.6464974648538957E-010   2.3670267336520483E-009   2.4823686076398817E-017  -2.9135003179155705E-017  -3.5310503170520488E-017   9.4682592888959413E-017   4.3449986560497993E-017   1.2718006790063442E-016  -2.9155722018220823E-002  -1.2486821768593392E-009   5.6711622567306210E-009   1.0114079179951839E-015   7.1174099192702483E-015
   2.8222616954512836E-009  0.18472881868278374       -1.0051195956783226E-008   1.1419102988190421E-015  -2.9209381246642730E-016  -2.9902245167833183E-017   2.4131765027442856E-017  -1.2957419124799547E-016  -3.8071746192565375E-017  -5.1415410247229383E-017   1.0050888830541910E-009  0.30872396435158050       -2.0131005646268935E-010  -4.2322516002736529E-017   1.1952346668416190E-009   3.6750275920861591E-009  -1.2591490506650249E-009  -1.1190872161412142E-009   1.3555050102278346E-009  -4.8448815024293569E-010  -3.3655215558198003E-009   2.9178520922220816E-009   8.4027226998075990E-010  -1.2363237346562005E-009   3.7756250792332146E-016  -5.7162130220422688E-017   1.7494728505980711E-017   1.9408531055663783E-016   3.9872278457909746E-017   2.0951837225050008E-016   2.7937946899158916E-009  0.15678512470566541       -7.1447575986337004E-009  -1.3317511701550287E-015  -7.6465011744477907E-010  -1.6392610292317783E-002   1.8991127013170540E-009  -1.7091532533483847E-017  -2.3933388309360532E-018  -1.4863891188663170E-017  -9.5650776517030037E-018  -1.3192407709946553E-017   6.9613410670952763E-018  -1.2486829474300135E-009  -2.9155739242175245E-002   2.8768452638271257E-009   2.7001279438998916E-016   3.5272542588068229E-015
