  0.13903025363707314        2.3869238357828595E-009  -6.6175433630920524E-009   2.9331304080671053E-016   2.3020609086664546E-016  -4.5280995949997978E-017   3.9885580904582301E-017   2.0435501516230357E-017  -4.8923281288625270E-017  -2.2999632141723103E-016  0.27940547321779102       -2.0267246013611547E-009   3.0120245988161603E-010   3.7540325632769210E-009  -3.1732602044237304E-009  -2.0758968937489528E-009  -1.0168288791139036E-010   3.5816671581996743E-009  -4.9348570871278934E-009   3.6641750493751562E-009  -7.8884047662299835E-010  -1.7427477046618815E-009   2.1352493253660570E-009  -1.9623394585798742E-016   8.7034823695769181E-016  -3.8739443142513043E-016  -3.3317778300323366E-017   4.1908867553858486E-017   2.1383332019165963E-016  -8.0267322192523190E-016  0.16419590166886774       -9.7014274967923173E-010  -2.0287308670958485E-009   6.2918555780728874E-015  -3.0096136565633824E-015  -4.1859106370269622E-016   6.4231631394138833E-016   9.3517545597982576E-016  -6.7820988870292892E-015   8.5438859161574743E-015 -0.26775779332728017        1.2315253126792097E-009   2.6518964840489738E-009   1.8992061864078179E-009  -1.2758543787234740E-009  -1.4133149766637333E-009  -4.1269727412362715E-010   1.4311032260234105E-009  -2.1353460430821538E-009   1.5642282654763203E-009  -3.1432207383182570E-010  -8.2277815260345105E-010   1.2877047251419790E-009   1.9323468067564993E-014  -7.0875267434786240E-002   3.2201184514614710E-010   7.0902537650207444E-010  -1.7267423924147829E-014   4.1814641892208042E-015
   2.3869238357828595E-009  0.13903015615451700        1.3893516219748312E-008  -1.7698885775724635E-015   3.4554367321666334E-016  -1.5592684709816722E-016   5.2586545088356650E-017   5.3334352009854920E-016  -6.6462447209291669E-017   5.1576225847796320E-016   5.5369214016281296E-009  0.27940541063559449        5.2466660573351788E-009   5.4941656370046095E-010   5.1020343320891901E-010   3.5108748674260628E-009   3.4110148941958301E-009  -1.8582667823527907E-009  -4.1481325587001329E-009  -1.2179784372142342E-009  -2.0408030255578721E-009   1.1238547349850163E-009  -1.0957266012772412E-009   3.6693322555506150E-016   4.0108054297222585E-016  -8.2259156257901856E-017  -3.2334536060596864E-018   2.5974113547445891E-016  -2.6491392533242163E-016   4.7765079140333448E-016   2.6093096091942720E-009  0.16419585487121149        4.8192166692371030E-009   3.1941157389737555E-016  -8.5304668863872745E-016  -4.2311855411386244E-017  -5.3980152638279737E-016  -1.5317434160803124E-015  -4.8092436469525133E-016   2.1890478884139947E-015  -4.7855434520989392E-009 -0.26775771469896470       -8.2272382824189756E-009   1.4574011186371780E-010   5.1759848444196682E-010   1.4285220561034415E-009   1.7345796467301746E-009  -1.2039617125598345E-009  -1.9301110703787425E-009  -7.4272690201648655E-010  -1.0566538089057160E-009   4.7887690129330790E-010  -2.7717415635992829E-010   9.4120444189534283E-016  -1.2698924550485620E-009  -7.0875246494953054E-002  -2.2038846969348619E-009  -1.5365174276174466E-015   3.8547160112259427E-016
  -6.6175433630920524E-009   1.3893516219748312E-008  0.13903015130125163       -7.0759277718991142E-016   2.4647876874026377E-016   1.1716408095498983E-016  -9.9334634809128160E-017  -3.0222857729975108E-017  -1.1640520745331509E-016  -5.5103082262684907E-017  -7.7461683210650355E-009   1.2670553773427284E-008  0.27940540648717382        9.7004258755637080E-010  -1.0540187796785005E-009   1.1950802376503558E-010  -2.4674964088004826E-009  -6.1022230979523479E-010   1.1660495594487700E-009   7.4639029007608758E-010  -2.2544887130765514E-009   5.2634151305538839E-011   1.5913448272693656E-009   1.3450701187752739E-015  -5.9451586877409891E-018  -5.2900289140471267E-016  -1.8623914081009470E-016  -6.7144481927498618E-016  -2.3861706719464467E-016  -1.3914476834513768E-016  -5.8517423056503986E-009   8.4069795068998118E-009  0.16419585404255432        1.6988671957585415E-015  -3.1161287144157016E-015  -1.3612564329577350E-015  -2.5699014693144558E-015  -1.5288222996424088E-015   6.8101507944381852E-017  -2.6192366356558244E-015   9.0210751863993782E-009  -1.4163884818009363E-008 -0.26775771165144246        5.8367433868725600E-010  -1.5239638806287735E-010   5.4168510833861451E-010  -1.0834761759012979E-009  -3.2709034070884614E-010   3.0039656692121638E-010   8.3140792029910620E-011  -9.9865185301572601E-010   4.0853132773897500E-011   3.4060752063660605E-010  -3.4001915873392967E-015   2.3916062141125642E-009  -3.7724435082834716E-009  -7.0875245662806313E-002   3.2998235725666929E-015  -7.7354312132605149E-016
   2.9331304080671053E-016  -1.7698885775724635E-015  -7.0759277718991142E-016  0.44733615305439089        7.0939826782266177E-009   1.4131661157661121E-009  -2.0176166390653594E-009  -1.8067829331007484E-009   1.9577426367211389E-009  -5.2868774911673971E-009   1.5314678165827256E-015  -3.9615925163215362E-015   1.1270722655277037E-015   3.6126778656441985E-016  -2.6139257818457006E-016   1.0861562739330656E-017  -8.1554920721442540E-016   3.4535135474150042E-016   2.5844719444187835E-016  -4.6390203734065802E-016  -1.1915296550403763E-016   1.2134309960453019E-015  -1.6291545328001230E-016  0.82055108739268889       -8.6874341175778243E-009  -8.4203648223813128E-010   2.0847979482241750E-009   4.0159519581643138E-009  -1.2448701969264125E-009   4.6715628391802667E-009   2.0029282185540963E-016  -3.3382158725799199E-015  -4.4072304910548833E-015   3.6212124705633615E-009  -7.5931943948424194E-010  -3.4701973502806192E-009  -5.9468176795491406E-009   2.9169208600101007E-009   2.3255286421642900E-009 -0.31354810691678575        3.3197051839575379E-014  -6.3286143797075583E-015  -5.2173456088172217E-015   1.7775330138821373E-016  -1.4149914641100953E-016   4.7698656209375961E-017  -4.0275122233240785E-016   3.7202518084723698E-017   2.3411471004683350E-016  -7.4953867798790760E-016   4.4731092810864835E-017   5.7148051609814908E-016  -6.1948559773071318E-017 -0.74799515108765180        1.0555319000848406E-014  -2.2286132779456807E-015  -1.7994210969430411E-015  0.42877035821911130       -8.5984713449528877E-002
   2.3020609086664546E-016   3.4554367321666334E-016   2.4647876874026377E-016   7.0939826782266177E-009   3.6726779788122773E-004  -2.3867006706854627E-011  -2.5721132029572273E-011  -1.8363388269048502E-004   1.9371587383756291E-011  -1.8363391519057095E-004   1.0747426081181495E-016   6.9468262644398869E-016   3.4646220729238705E-016  -2.1178656713127574E-018  -9.6267688676161901E-018  -1.3308061249611904E-018   1.1967686223391122E-017  -1.2224802076175289E-017  -4.9574674319133726E-018  -5.1527204524278420E-018   4.2187426115995835E-018  -6.3998113658348407E-018  -3.5632529095078019E-018   1.2959525041109469E-008   3.3872782460300814E-003  -2.3022471148891150E-010  -1.5628072233953556E-010  -1.6936389868230605E-003   1.6876470051161953E-010  -1.6936392592057975E-003  -5.5291348145936774E-017   4.5059936493833453E-016   3.8309546159970173E-016   2.4876064245645434E-002  -1.2812315872448466E-009  -1.0548070714379279E-009  -1.2438031051194112E-002   7.1227563874087949E-010  -1.2438033194451949E-002  -4.6709755287142975E-009  -9.7336611767205288E-015   5.1307687294734805E-016   1.0982382247026805E-015  -1.2402968181192341E-017  -1.6366896202572782E-017  -1.3483250470805640E-017   4.2829911947080230E-018  -9.2144090858501926E-018   1.4007324812217165E-017  -3.0857741396809190E-018   7.8920697014844584E-018  -7.8720845180681570E-018  -3.7058170620975298E-018  -1.1796070374828028E-008  -3.0804902332410915E-015   1.9931559809245836E-016   3.7387491795776731E-016   6.6259653503535475E-009  -1.3182610396863853E-009
  -4.5280995949997978E-017  -1.5592684709816722E-016   1.1716408095498983E-016   1.4131661157661121E-009  -2.3867006706854627E-011   3.6726775444464907E-004   3.2830440362249493E-011   5.2655540038667320E-011  -4.9301293024626095E-011  -2.8788448944166457E-011   5.0412812397745533E-017  -2.5950764630387657E-016   3.7121744086581967E-016  -1.7830781937436426E-019  -6.6921717423007654E-018   1.1674309677372558E-017   6.9237754212996960E-018   6.0554897284224616E-018   5.3691065384061724E-018  -1.5601509546183651E-017   1.4866050628936032E-017  -2.7601265264320101E-018  -9.3658662763601356E-018   2.6243670658423893E-009  -1.2097318611428735E-010   3.3872780138053224E-003   2.2799808575279755E-010   3.6475466456241262E-010  -2.2758525223116192E-010  -2.4378149443319465E-010  -1.5899161105852393E-017  -8.1141873619139063E-017   2.2337075786960054E-016  -2.3949620286743517E-010   2.4876062803026691E-002   1.2327858353008053E-009   1.6582117075868540E-009  -1.1925558130758533E-009  -1.4187154897871759E-009  -1.0153891840005302E-009   1.1104949707638675E-015   2.6397095860924557E-015   1.4703431216739453E-015   2.0950933950411924E-018  -1.1236869544644206E-017  -1.1174102519501678E-017   1.4612925470625388E-018   4.5714402267984331E-018  -1.3533052118513450E-018   8.4813632018149199E-018   7.9873144772328692E-018   2.4316412976762082E-019  -3.6533131363459148E-018  -2.4571065891662345E-009   3.5181495566702695E-016   8.2550976112520045E-016   4.8345089822915620E-016   1.4236535369257177E-009  -2.8755459303962279E-010
   3.9885580904582301E-017   5.2586545088356650E-017  -9.9334634809128160E-017  -2.0176166390653594E-009  -2.5721132029572273E-011   3.2830440362249493E-011   3.6726773697100560E-004   4.8389648738655628E-012  -2.2359871877337540E-011   2.0882339730521895E-011   8.2779519683914170E-017   1.1171690209324185E-016  -1.2705941091632275E-016   1.1417073545622860E-017   7.9844681927652538E-018   1.0085909092504207E-017  -5.9808249626837984E-018  -4.8693737473694491E-018   4.5381657395535507E-018  -6.5400558547599108E-018   5.3796275819544651E-018  -2.5677465383188078E-018   9.5792497775527396E-018  -3.5921740484443546E-009  -1.2699337177490001E-010   2.0196209584611275E-010   3.3872778805726020E-003  -9.1440659424797824E-011  -1.4789136140147159E-010   2.1843387185149009E-010   1.1638439948881301E-016   4.2248848094779978E-017  -1.2257783694703484E-016  -6.4814633309959337E-010   8.9482860694876937E-010   2.4876062249490929E-002  -7.3673693444242397E-011  -3.7927497947446737E-010   7.2181976070171971E-010   1.2760777727286618E-009   1.8236502024007675E-015  -2.0043608941279770E-016   8.1270384522285880E-016   1.1042001442051820E-018   3.0592975683385153E-019   3.7548996546201519E-018   1.6534028033954474E-018  -1.5088929693744587E-019  -8.7404552994328725E-019  -7.7183135216542815E-018   5.6844496161910432E-019   2.7165522339132372E-018   8.3417649336454348E-018   3.0547017364850028E-009   5.8504171125396661E-016  -5.8421908966969163E-017   2.4777534696309082E-016  -1.6741334249244897E-009   3.2670137024491486E-010
   2.0435501516230357E-017   5.3334352009854920E-016  -3.0222857729975108E-017  -1.8067829331007484E-009  -1.8363388269048502E-004   5.2655540038667320E-011   4.8389648738655628E-012   3.6726772620320462E-004  -2.3449807429705532E-011  -1.8363384351188081E-004   4.9231066419012050E-017   1.0630706857388217E-015   1.2481927542067194E-016  -6.2972158429038802E-018  -1.5747011146209912E-017   2.5722774772677073E-018   1.4362908192683749E-017   1.3190258375548885E-017  -7.5689822381181864E-018   8.0956609014985115E-018  -1.4976834419609269E-017  -1.1574432962477071E-017  -2.2660526482122835E-017  -3.1436408720014140E-009  -1.6936390887258646E-003   3.8003413082719630E-010  -3.4853883773681666E-011   3.3872779491004711E-003  -2.1542677738807578E-010  -1.6936388603743021E-003  -1.7954840014925255E-016   7.1129159704355677E-016  -8.4625448506545827E-018  -1.2438032112844385E-002   1.7170371972885651E-009   5.1494700532961551E-010   2.4876061806985129E-002  -9.9237795620360831E-010  -1.2438029694139202E-002   1.1445769136837832E-009  -6.0109888760836035E-015   8.3096943072046477E-016   1.4512983132515082E-015   3.7857903852108617E-018   1.1685675692916572E-017   1.6870932179489206E-017  -1.7169611298028144E-017   5.1936126109940482E-018   1.1408641766795820E-017  -4.8733987462123206E-018  -1.3018482393326688E-017   3.4009279712889563E-018   1.1512565956108996E-017   2.8828674817794656E-009  -1.9079884764406181E-015   3.1922761372285396E-016   4.6034253191886465E-016  -1.6181845094400024E-009   3.2184170785127667E-010
  -4.8923281288625270E-017  -6.6462447209291669E-017  -1.1640520745331509E-016   1.9577426367211389E-009   1.9371587383756291E-011  -4.9301293024626095E-011  -2.2359871877337540E-011  -2.3449807429705532E-011   3.6726771884489063E-004   4.0782412969531292E-012  -1.3325947171763282E-016  -9.8698858722315940E-017  -1.3623690988720037E-016  -2.8674179733425039E-019   9.3943896040969091E-018  -8.4162978234761144E-018   1.8771636286346799E-018   5.9285631318981633E-018   7.4663419013567491E-018   2.2408275682802756E-017  -1.3076523763736698E-018   1.2214456907352430E-017  -6.2134559664550881E-019   3.4706305275048355E-009   1.4871131288668639E-010  -3.1778034769091986E-010  -2.0341133399612451E-010  -1.5791853259981608E-010   3.3872779407794224E-003   9.2072208262857090E-012  -1.5906850099752015E-016  -6.8454554282219889E-017  -1.0918710345471599E-016   5.0018573468142641E-010  -2.0699925489979759E-009  -1.0304212110993566E-009  -4.8272318467678144E-010   2.4876061541717825E-002  -1.7462502395171172E-011  -1.2521847970981011E-009  -2.5329107413742350E-015   1.6674156772568372E-016   3.7489158181428451E-016   6.0059081132770661E-018   1.9694467468372063E-017   6.9601079140940624E-018  -1.5005875771165714E-018  -2.4560025133087400E-018   5.0146734497317191E-018   9.5675286839444597E-018  -9.0963026310386828E-018   2.7972555291461932E-018   6.5377386361706025E-018  -3.1083949023113765E-009  -8.1206541088709838E-016   4.6785784339779652E-017   1.1016074425566950E-016   1.7337652652293790E-009  -3.4302071057297207E-010
  -2.2999632141723103E-016   5.1576225847796320E-016  -5.5103082262684907E-017  -5.2868774911673971E-009  -1.8363391519057095E-004  -2.8788448944166457E-011   2.0882339730521895E-011  -1.8363384351188081E-004   4.0782412969531292E-012   3.6726775870144120E-004  -5.9923745024664586E-017   1.0342381204002611E-015  -1.5643150383390626E-016   8.4150882013239703E-018   2.5373786575354931E-017  -1.2414387232426057E-018  -2.6330562654541714E-017  -9.6547936474636365E-019   1.2526408937089654E-017  -2.9429560462629962E-018   1.0758072924537258E-017   1.7974258692384240E-017   2.6223769146100354E-017  -9.8152891821143617E-009  -1.6936391573026330E-003  -1.4980864104891727E-010   1.9113619777064506E-010  -1.6936389622696742E-003   4.6662272858596968E-011   3.3872781195707796E-003  -5.2408741671580952E-016   6.3821267408015208E-016  -5.6600640313238614E-017  -1.2438032132789417E-002  -4.3579989431078214E-010   5.3987175517859541E-010  -1.2438030755734202E-002   2.8010375675975450E-010   2.4876062888522704E-002   3.5262689870691067E-009  -6.2531104650651231E-015   2.5923787788035918E-016   7.2009591976177609E-016   8.6171714087002817E-018   4.6812210487957447E-018  -3.3876710708273394E-018   1.2886641958370496E-017   4.0207906815348465E-018  -2.5415979863770056E-017   7.9591760469588430E-018   5.1263976567120055E-018   4.4711517662559086E-018  -7.8067456164218199E-018   8.9128867287338627E-009  -2.0021632349382385E-015   1.3397099740002603E-016   2.2165636527379880E-016  -5.0076710640891253E-009   9.9640573453678630E-010
  0.27940547321779102        5.5369214016281296E-009  -7.7461683210650355E-009   1.5314678165827256E-015   1.0747426081181495E-016   5.0412812397745533E-017   8.2779519683914170E-017   4.9231066419012050E-017  -1.3325947171763282E-016  -5.9923745024664586E-017  0.56153187885046218       -2.5858542073785352E-009   1.1770596114418238E-008   7.5447351836101861E-009  -6.3763407103256614E-009  -4.1724771309186811E-009  -2.0451666770564000E-010   7.1969941091321944E-009  -9.9177610416258987E-009   7.3623351641944385E-009  -1.5838678386319352E-009  -3.5012708693840745E-009   4.2905265394477692E-009   1.8596497722227290E-016  -1.7478205988590661E-015   5.5298785297209384E-016   7.2733077978223567E-018   2.8975082026630186E-017   3.8054562449699518E-017   1.9533565182906876E-015  0.32972536374407990       -1.0796246393066388E-009   2.4386941120352294E-009  -1.3015867052359081E-014   3.7109669201717944E-015  -3.4007577707599847E-016   8.2254989429043918E-016  -9.3296524719521720E-016   1.2501641452560128E-014  -1.6708539225429591E-014 -0.54525005439567298        9.5569683485987621E-010  -6.4733750218910114E-009   3.8134430325287077E-009  -2.5661032666825995E-009  -2.8419606164948832E-009  -8.2677507699456013E-010   2.8773507861366805E-009  -4.2894769634824784E-009   3.1472152520033003E-009  -6.3396080914395558E-010  -1.6563292635260141E-009   2.5907990580791585E-009  -3.9710803763239116E-014 -0.14470721033059622        2.4000189049917966E-010  -1.7582924937030970E-009   3.4957972634167184E-014  -8.4704884320051815E-015
  -2.0267246013611547E-009  0.27940541063559449        1.2670553773427284E-008  -3.9615925163215362E-015   6.9468262644398869E-016  -2.5950764630387657E-016   1.1171690209324185E-016   1.0630706857388217E-015  -9.8698858722315940E-017   1.0342381204002611E-015  -2.5858542073785352E-009  0.56153202101916833       -2.0105212139088781E-008   1.1055970641910246E-009   1.0260760323235275E-009   7.0551015793956310E-009   6.8528245811000063E-009  -3.7339046941637461E-009  -8.3361346722669395E-009  -2.4484849318654392E-009  -4.1003472411177935E-009   2.2588480986233354E-009  -2.2023433338983933E-009  -1.7799234020677997E-016   8.4045904438876516E-016   3.9192278220754437E-016   4.4405075074810468E-017   4.8365476433039712E-016  -2.0778536408212490E-016   9.6425293884803638E-016  -2.8129955099195643E-009  0.32972542718308762       -8.3285632310569207E-009   8.4720942571437954E-016   2.3359911179082877E-015   3.0558879350411356E-016  -1.3652127742600144E-015  -6.9989296902886181E-016  -9.0453859757694565E-016   2.1823511914292166E-015   3.5885240150676920E-009 -0.54525015249660946        1.2794145563491458E-008   2.9108877691415973E-010   1.0352936244098475E-009   2.8745675417326962E-009   3.4919244022562115E-009  -2.4222562820073397E-009  -3.8824620748744366E-009  -1.4912872631643971E-009  -2.1295343370058540E-009   9.6548358891626283E-010  -5.5531482379549227E-010  -3.2872897980444732E-015   9.4697406087791427E-010 -0.14470723600698776        3.3315524296841097E-009   1.7642308502511898E-015  -4.2187830516908383E-016
   3.0120245988161603E-010   5.2466660573351788E-009  0.27940540648717382        1.1270722655277037E-015   3.4646220729238705E-016   3.7121744086581967E-016  -1.2705941091632275E-016   1.2481927542067194E-016  -1.3623690988720037E-016  -1.5643150383390626E-016   1.1770596114418238E-008  -2.0105212139088781E-008  0.56153202394005985        1.9509157245975212E-009  -2.1199903117121793E-009   2.4204961717502422E-010  -4.9580866342801760E-009  -1.2246610788317478E-009   2.3406622428886004E-009   1.5014827898369917E-009  -4.5317504423749750E-009   1.0554584086699208E-010   3.1974027854241241E-009   7.5706436750217485E-015  -1.3526080360503802E-015   2.3515498442105446E-016   3.1491835979110386E-016   3.9848273683636733E-016   4.2697920906122321E-016  -6.8610647310283662E-016   4.2583130777698897E-009  -9.8833569936026873E-009  0.32972543218713130       -6.3946266413516739E-015   3.2319772059103560E-015   2.2847817235433953E-015   7.6478054728439918E-015   3.5824527937544911E-015  -2.8559087384009069E-015  -5.4278928299939887E-016  -9.2091789037716498E-009   1.5232820384668836E-008 -0.54525015587910142        1.1722316322007147E-009  -3.0441472167218430E-010   1.0822044869945399E-009  -2.1801027479925232E-009  -6.5902743680906954E-010   6.0739237318492228E-010   1.6718799132142220E-010  -2.0072829698038270E-009   8.0112149090585455E-011   6.8952207537609933E-010   3.9784468622723402E-015  -2.4911539296800523E-009   3.9866530490079116E-009 -0.14470723678220987       -4.3930681672387570E-015   1.2292644416769609E-015
   3.7540325632769210E-009   5.4941656370046095E-010   9.7004258755637080E-010   3.6126778656441985E-016  -2.1178656713127574E-018  -1.7830781937436426E-019   1.1417073545622860E-017  -6.2972158429038802E-018  -2.8674179733425039E-019   8.4150882013239703E-018   7.5447351836101861E-009   1.1055970641910246E-009   1.9509157245975212E-009   1.1054379476981341E-016  -9.1085556311415154E-017  -4.1254918073821207E-017  -6.6006230245603320E-018   8.5274435811159926E-017  -1.4170879252319084E-016   9.9363212920797970E-017  -4.5062805184171312E-017  -4.2224323201983977E-017   6.4337605290455382E-017   6.7312654883517310E-016  -1.9533001080858622E-017  -1.6445243788391020E-018   1.0529867305904728E-016  -5.8078679819533008E-017  -2.6445841628730287E-018   7.7611683034221990E-017   4.4285311727032455E-009   6.2834210817192383E-010   1.1251550187366899E-009  -1.4344967073445093E-016  -1.2077335972368254E-017   7.7331009725104360E-016  -4.2652797919973302E-016  -1.9421728472633591E-017   5.6997764553864002E-016   6.3747376943200581E-018  -7.3704005337846373E-009  -1.6334438666476092E-009  -2.4421384396821779E-009   5.5657674976904594E-017  -3.3754934340735573E-017  -2.8986129016469718E-017  -1.1529534097389440E-017   3.1276246977913750E-017  -6.3142810931847381E-017   4.0070006323358834E-017  -2.0184419017736641E-017  -2.0004599427685776E-017   3.6649597807913747E-017  -3.4731897834463212E-018  -1.9584128623456410E-009  -4.6297031976927718E-010  -6.7695727537817309E-010  -1.9074067023554785E-016   6.0953179821924860E-017
  -3.1732602044237304E-009   5.1020343320891901E-010  -1.0540187796785005E-009  -2.6139257818457006E-016  -9.6267688676161901E-018  -6.6921717423007654E-018   7.9844681927652538E-018  -1.5747011146209912E-017   9.3943896040969091E-018   2.5373786575354931E-017  -6.3763407103256614E-009   1.0260760323235275E-009  -2.1199903117121793E-009  -9.1085556311415154E-017   8.2534160763263180E-017   5.9121121785082116E-017   3.3370921928573554E-017  -8.4129984891305914E-017   8.8832641669234124E-017  -9.4006256868792448E-017   2.7812359984442433E-017   4.3588355402044905E-017  -6.4796575575368693E-017  -4.6706561987239269E-016  -8.8786759811218770E-017  -6.1721274049516903E-017   7.3640037836785729E-017  -1.4523333999328966E-016   8.6643615270018919E-017   2.3402010831279952E-016  -3.7600795185184116E-009   5.9217420278704086E-010  -1.2199452720250504E-009  -6.5204721853450866E-016  -4.5327904561865659E-016   5.4081009434053850E-016  -1.0665890046845460E-015   6.3630796466861507E-016   1.7186362217953616E-015   4.9142226060545518E-016   5.7628580947279605E-009  -1.2735961284463513E-009   2.7268303916354358E-009  -4.7399943231537214E-017   3.1694344358860705E-017   3.4088317015341890E-017   2.4630356171242876E-017  -3.4484128557142088E-017   3.8963129362661728E-017  -3.8836173940188428E-017   1.0542934461136199E-017   2.0409849648139669E-017  -3.3266207932764157E-017   1.1501500632606620E-015   1.5068879872603527E-009  -3.5259673129472679E-010   7.5885484763981312E-010  -8.8811769298676420E-016   2.0505486912194615E-016
  -2.0758968937489528E-009   3.5108748674260628E-009   1.1950802376503558E-010   1.0861562739330656E-017  -1.3308061249611904E-018   1.1674309677372558E-017   1.0085909092504207E-017   2.5722774772677073E-018  -8.4162978234761144E-018  -1.2414387232426057E-018  -4.1724771309186811E-009   7.0551015793956310E-009   2.4204961717502422E-010  -4.1254918073821207E-017   5.9121121785082116E-017   1.1999448910072826E-016   8.5696755179005602E-017  -1.0074106652853245E-016  -3.0347771105537416E-017  -8.4597433918403859E-017  -4.1878102407723956E-017   5.4377475741937259E-017  -5.8224494153311157E-017   2.8130589208249798E-017  -1.2273947025527138E-017   1.0767115299758225E-016   9.3021441260553152E-017   2.3723771729364070E-017  -7.7622765897822749E-017  -1.1449798706875584E-017  -2.4431327125118112E-009   4.1550942555126626E-009   1.1453247407367137E-010  -9.0139493127548663E-017   7.9073351336301096E-016   6.8314651746479393E-016   1.7422652879979887E-016  -5.7005906786783826E-016  -8.4087054846028996E-017   1.9624206877027620E-016   4.2367695053883441E-009  -6.5171496875476291E-009  -9.7602155721109690E-010  -2.4081945891539875E-017   3.2419876171973826E-017   5.6902059947308661E-017   4.8462916728773632E-017  -5.2179775004808466E-017  -1.6153753617862736E-017  -4.2197101173855933E-017  -2.2600126458663908E-017   2.4193545489744215E-017  -2.5567147157652265E-017   4.5348219011586565E-016   1.1341705960808106E-009  -1.7120838201458437E-009  -2.9802134171636787E-010  -4.1129610321626086E-016   1.0030823755879038E-016
  -1.0168288791139036E-010   3.4110148941958301E-009  -2.4674964088004826E-009  -8.1554920721442540E-016   1.1967686223391122E-017   6.9237754212996960E-018  -5.9808249626837984E-018   1.4362908192683749E-017   1.8771636286346799E-018  -2.6330562654541714E-017  -2.0451666770564000E-010   6.8528245811000063E-009  -4.9580866342801760E-009  -6.6006230245603320E-018   3.3370921928573554E-017   8.5696755179005602E-017   1.2786035612063978E-016  -3.7372964790398634E-017  -1.1900469139535386E-016  -4.5640080298390851E-017  -9.6584585237774472E-018   2.7860855095744552E-017  -5.6676024413652599E-017  -1.4954268440974598E-015   1.1037700498433622E-016   6.3857443571979062E-017  -5.5160683051180023E-017   1.3246770408356999E-016   1.7312947028707961E-017  -2.4284466687528080E-016  -1.1772051435999534E-010   4.0596999683823536E-009  -2.9251794965173863E-009   8.1060500750435006E-016   4.6896698384072271E-016  -4.0509823418812057E-016   9.7283854891269518E-016   1.2714572184933080E-016  -1.7834435574262811E-015   5.8503417066223029E-016   2.6220776747380655E-010  -5.6929488949756325E-009   4.4425587510884551E-009  -7.9535128623057926E-018   1.7038541696765870E-017   2.5751377664274143E-017   6.1214323601214262E-017  -2.4535606404376578E-017  -5.0543618708830760E-017  -2.1037109656976604E-017  -7.2266104509981222E-018   1.1185734736193979E-017  -1.3807626388690077E-017   1.3946835513847567E-015   7.2936493702751963E-011  -1.4603114817896184E-009   1.1594761310153836E-009  -8.0941547352453702E-016   1.6349011007449768E-016
   3.5816671581996743E-009  -1.8582667823527907E-009  -6.1022230979523479E-010   3.4535135474150042E-016  -1.2224802076175289E-017   6.0554897284224616E-018  -4.8693737473694491E-018   1.3190258375548885E-017   5.9285631318981633E-018  -9.6547936474636365E-019   7.1969941091321944E-009  -3.7339046941637461E-009  -1.2246610788317478E-009   8.5274435811159926E-017  -8.4129984891305914E-017  -1.0074106652853245E-016  -3.7372964790398634E-017   1.2001895913804664E-016  -7.7034136870446558E-017   1.0759312424166940E-016   1.6714875332060717E-017  -6.0220966297995364E-017   6.2629318154046296E-017   6.2551643354438026E-016  -1.1274829110136467E-016   5.5849230896641295E-017  -4.4909801384317600E-017   1.2165267862845774E-016   5.4678619404611525E-017  -8.9043970390626418E-018   4.2439887111680983E-009  -2.2032356288697099E-009  -7.4457357035219750E-010  -8.2801981496320174E-016   4.1015496092681716E-016  -3.2981616956438411E-016   8.9341340559154040E-016   4.0155804918814327E-016  -6.5393573382556601E-017  -4.3986481610325386E-016  -6.5051958660558385E-009   3.3375858707385183E-009   5.0536759393811735E-010   4.4468399189204857E-017  -3.8996903249618183E-017  -5.8265018966116832E-017  -2.9252214152786378E-017   5.4075602945108780E-017  -3.0408181973113242E-017   4.9715481210379884E-017   1.0301473520654990E-017  -2.7703460473031405E-017   3.5749897448397849E-017  -1.0351003214286917E-015  -1.7010327644924778E-009   8.7062548383747330E-010   9.8143532175563404E-011   7.4019939001465712E-016  -1.6573628727567533E-016
  -4.9348570871278934E-009  -4.1481325587001329E-009   1.1660495594487700E-009   2.5844719444187835E-016  -4.9574674319133726E-018   5.3691065384061724E-018   4.5381657395535507E-018  -7.5689822381181864E-018   7.4663419013567491E-018   1.2526408937089654E-017  -9.9177610416258987E-009  -8.3361346722669395E-009   2.3406622428886004E-009  -1.4170879252319084E-016   8.8832641669234124E-017  -3.0347771105537416E-017  -1.1900469139535386E-016  -7.7034136870446558E-017   3.0912611793018825E-016  -8.7669059217360187E-017   7.0116369256539685E-017   2.8788748434515264E-017  -2.9641570708034334E-017   4.7617517408325711E-016  -4.5722210142194190E-017   4.9518730846755637E-017   4.1855143980067169E-017  -6.9807915061563432E-017   6.8861382632111962E-017   1.1553008014837420E-016  -5.8237509550866609E-009  -4.9027068846915845E-009   1.4156278699555782E-009  -3.3578232523919193E-016   3.6366404891599131E-016   3.0738283604218116E-016  -5.1266704070840917E-016   5.0571583491094640E-016   8.4844937285413418E-016  -1.2888647950179926E-016   9.6261535424788501E-009   7.8844431585882402E-009  -1.1660883222057596E-009  -6.6718777051842944E-017   2.8248242220763133E-017   1.3137381075128902E-017  -4.5745882143019350E-017  -1.7425658938973074E-017   1.3525821577957698E-016  -3.2722181922356510E-017   3.4306764349224303E-017   1.5653111367375828E-017  -3.5362745158100263E-017  -3.1123029345061247E-016   2.5545306325742299E-009   2.0814513444865969E-009  -2.5124312020168581E-010   1.3960216979818716E-016  -2.3424783312013913E-017
   3.6641750493751562E-009  -1.2179784372142342E-009   7.4639029007608758E-010  -4.6390203734065802E-016  -5.1527204524278420E-018  -1.5601509546183651E-017  -6.5400558547599108E-018   8.0956609014985115E-018   2.2408275682802756E-017  -2.9429560462629962E-018   7.3623351641944385E-009  -2.4484849318654392E-009   1.5014827898369917E-009   9.9363212920797970E-017  -9.4006256868792448E-017  -8.4597433918403859E-017  -4.5640080298390851E-017   1.0759312424166940E-016  -8.7669059217360187E-017   1.1151876435739801E-016  -1.5252854272310696E-017  -5.5611604761680301E-017   7.4424140645264201E-017  -8.5986149783644785E-016  -4.7523016710331171E-017  -1.4389134094105257E-016  -6.0318382564358337E-017   7.4665604164307360E-017   2.0666959487737237E-016  -2.7142600039985269E-017   4.3481316274054367E-009  -1.4279031050337716E-009   8.6052117059866202E-010  -3.4900764345586627E-016  -1.0567334652595046E-015  -4.4297622689886885E-016   5.4834198612441047E-016   1.5177748795447487E-015  -1.9933433560694769E-016   1.0350993586730384E-016  -6.4762700629654180E-009   2.6411740743099270E-009  -2.0253850836030091E-009   5.2193947869231069E-017  -3.8455702622106230E-017  -4.7400348259526906E-017  -3.2568497547261179E-017   4.6375344930795970E-017  -3.7456796878878373E-017   4.7836378354621420E-017  -3.9813718701321357E-018  -2.5723550572767122E-017   3.8297699942905812E-017   2.6288166987859484E-016  -1.6833863831655587E-009   7.1483156928740486E-010  -5.6738641640232291E-010   1.3868715253022211E-017  -2.2165151669561459E-017
  -7.8884047662299835E-010  -2.0408030255578721E-009  -2.2544887130765514E-009  -1.1915296550403763E-016   4.2187426115995835E-018   1.4866050628936032E-017   5.3796275819544651E-018  -1.4976834419609269E-017  -1.3076523763736698E-018   1.0758072924537258E-017  -1.5838678386319352E-009  -4.1003472411177935E-009  -4.5317504423749750E-009  -4.5062805184171312E-017   2.7812359984442433E-017  -4.1878102407723956E-017  -9.6584585237774472E-018   1.6714875332060717E-017   7.0116369256539685E-017  -1.5252854272310696E-017   7.1214083115320659E-017  -7.3480929871351352E-018  -2.1866144388695543E-017  -2.2395944508662752E-016   3.8909186672074560E-017   1.3710828581221223E-016   4.9615823801825320E-017  -1.3812997633213020E-016  -1.2060375716303420E-017   9.9220786697633186E-017  -9.5208983475160651E-010  -2.4244162074205052E-009  -2.6489525051634897E-009   2.8574786810168950E-016   1.0069189476872750E-015   3.6437699987794681E-016  -1.0144221967988271E-015  -8.8571012405720169E-017   7.2867435005165133E-016  -5.0525288523416692E-017   9.4561134323841600E-010   3.5320421263863911E-009   4.7236769356883562E-009  -2.2707857882752948E-017   1.5749389647822446E-018  -2.1318341857845138E-017  -4.8647270566096507E-018   1.4901509602959122E-017   3.5330464195721001E-017   1.0400853996141138E-018   3.2987333774144536E-017  -2.9704275850405326E-018  -8.6976297015890757E-018  -1.1088651656914705E-016   2.1979448380523423E-010   9.1374297860521366E-010   1.2706578403731316E-009   1.6308013500205124E-016  -4.4426172720032283E-017
  -1.7427477046618815E-009   1.1238547349850163E-009   5.2634151305538839E-011   1.2134309960453019E-015  -6.3998113658348407E-018  -2.7601265264320101E-018  -2.5677465383188078E-018  -1.1574432962477071E-017   1.2214456907352430E-017   1.7974258692384240E-017  -3.5012708693840745E-009   2.2588480986233354E-009   1.0554584086699208E-010  -4.2224323201983977E-017   4.3588355402044905E-017   5.4377475741937259E-017   2.7860855095744552E-017  -6.0220966297995364E-017   2.8788748434515264E-017  -5.5611604761680301E-017  -7.3480929871351352E-018   3.1022203701344970E-017  -3.5053622669012739E-017   2.2131759065866321E-015  -5.9025108284308932E-017  -2.5456417451281528E-017  -2.3682038953443798E-017  -1.0674996920938059E-016   1.1265280125136081E-016   1.6577508587091129E-016  -2.0735526535278026E-009   1.3235225563051677E-009   6.5438603280607113E-011  -4.3347838031867736E-016  -1.8695105934933960E-016  -1.7392022502558664E-016  -7.8396848069749964E-016   8.2731862176635625E-016   1.2174468529657581E-015  -1.1641653248572706E-015   2.9259722496782800E-009  -2.2698285859138452E-009  -9.4954175088306188E-012  -2.2625617189651699E-017   1.9899300251809563E-017   2.9505615351079974E-017   1.9064439415936766E-017  -2.7734665025938749E-017   1.1290907932978742E-017  -2.5342910652142601E-017  -5.2011257805607697E-018   1.4101805964928437E-017  -1.8115495896829086E-017  -2.7546434650406957E-015   7.5161244539011915E-010  -6.0642755822137705E-010   2.3728654594418486E-012   1.8118922754777822E-015  -3.9078223538830865E-016
   2.1352493253660570E-009  -1.0957266012772412E-009   1.5913448272693656E-009  -1.6291545328001230E-016  -3.5632529095078019E-018  -9.3658662763601356E-018   9.5792497775527396E-018  -2.2660526482122835E-017  -6.2134559664550881E-019   2.6223769146100354E-017   4.2905265394477692E-009  -2.2023433338983933E-009   3.1974027854241241E-009   6.4337605290455382E-017  -6.4796575575368693E-017  -5.8224494153311157E-017  -5.6676024413652599E-017   6.2629318154046296E-017  -2.9641570708034334E-017   7.4424140645264201E-017  -2.1866144388695543E-017  -3.5053622669012739E-017   5.9696315098090391E-017  -2.9132162747180707E-016  -3.2863545259402304E-017  -8.6380576290117305E-017   8.8348575421952238E-017  -2.0899602797878630E-016  -5.7305938423847014E-018   2.4185955606895576E-016   2.5306496440042401E-009  -1.2899710248368549E-009   1.8890739628855458E-009  -2.4134880806332718E-016  -6.3437615928324834E-016   6.4882910308253581E-016  -1.5348600892620477E-015  -4.2085332758562683E-017   1.7762088956997018E-015   3.0085826725157847E-016  -3.8627193693979804E-009   2.2249652900123336E-009  -2.7933768805688793E-009   3.4875164613806803E-017  -2.5338269543955815E-017  -2.6522435020590662E-017  -3.2496353130434945E-017   2.7785522041661599E-017  -1.4293434456671587E-017   3.0676643734435208E-017  -7.7423447098374613E-018  -1.5818768394427422E-017   2.5539512665527096E-017   7.0428988861886910E-016  -1.0091862075224143E-009   5.9504735572876063E-010  -7.2497051851063419E-010  -5.4230467144101123E-016   1.2507727166564793E-016
  -1.9623394585798742E-016   3.6693322555506150E-016   1.3450701187752739E-015  0.82055108739268889        1.2959525041109469E-008   2.6243670658423893E-009  -3.5921740484443546E-009  -3.1436408720014140E-009   3.4706305275048355E-009  -9.8152891821143617E-009   1.8596497722227290E-016  -1.7799234020677997E-016   7.5706436750217485E-015   6.7312654883517310E-016  -4.6706561987239269E-016   2.8130589208249798E-017  -1.4954268440974598E-015   6.2551643354438026E-016   4.7617517408325711E-016  -8.5986149783644785E-016  -2.2395944508662752E-016   2.2131759065866321E-015  -2.9132162747180707E-016   1.5057361058894805       -1.6482710185627201E-008  -1.2344173248193743E-009   4.8777125545109394E-009   8.9569631461746563E-009  -3.4221138630492306E-009   7.5258953403808784E-009  -3.0932063488826321E-015  -8.7491522463241034E-016  -3.9275374442696138E-015   2.7668039972078266E-009   8.5447902928659369E-010   1.2806762624707207E-009   7.2685440684030430E-010  -2.9488357216384205E-009  -3.4937974264797087E-009 -0.56036680584767373       -1.2172228340812132E-014   9.5245850485776015E-015   1.2916107351546466E-014   2.9144339989303311E-016  -2.6692253871095399E-016   8.0329544871646955E-017  -7.1379241720969935E-016   7.3835850859354862E-017   4.5554531577341356E-016  -1.3493108340581692E-015   8.3773364477533504E-017   1.0300079691470330E-015  -1.0811075039194588E-016  -1.3378650367846070       -3.9803051601938684E-015   2.9963065699754149E-015   4.1222935861766802E-015  0.75592891907217885      -0.15030018791647981     
   8.7034823695769181E-016   4.0108054297222585E-016  -5.9451586877409891E-018  -8.6874341175778243E-009   3.3872782460300814E-003  -1.2097318611428735E-010  -1.2699337177490001E-010  -1.6936390887258646E-003   1.4871131288668639E-010  -1.6936391573026330E-003  -1.7478205988590661E-015   8.4045904438876516E-016  -1.3526080360503802E-015  -1.9533001080858622E-017  -8.8786759811218770E-017  -1.2273947025527138E-017   1.1037700498433622E-016  -1.1274829110136467E-016  -4.5722210142194190E-017  -4.7523016710331171E-017   3.8909186672074560E-017  -5.9025108284308932E-017  -3.2863545259402304E-017  -1.6482710185627201E-008   3.1240566099791006E-002  -1.2088871884989158E-009  -4.2472194145751981E-010  -1.5620282859830317E-002   1.2802686016591470E-009  -1.5620283239949405E-002   1.1453558435820226E-015   4.1110384951641492E-016   3.8183097456974807E-016  0.22942972880350609       -5.1009581472341706E-009  -2.2622077266853696E-009 -0.11471486234704426        4.5406050536105902E-009 -0.11471486645646763        7.4169920206492639E-009   5.1860882818315293E-016  -2.6471809413764250E-015   1.6327333642294813E-015  -1.1439149049899579E-016  -1.5095038689778363E-016  -1.2435484351978244E-016   3.9501679038529470E-017  -8.4983688538555822E-017   1.2918829149495482E-016  -2.8459739565651893E-017   7.2787913555989707E-017  -7.2603593920575633E-017  -3.4178450232933656E-017   1.1775117700753996E-008   1.6282967830970844E-016  -7.9283436438324893E-016   5.1393601005119150E-016  -6.9250044109212314E-009   1.3585819681743499E-009
  -3.8739443142513043E-016  -8.2259156257901856E-017  -5.2900289140471267E-016  -8.4203648223813128E-010  -2.3022471148891150E-010   3.3872780138053224E-003   2.0196209584611275E-010   3.8003413082719630E-010  -3.1778034769091986E-010  -1.4980864104891727E-010   5.5298785297209384E-016   3.9192278220754437E-016   2.3515498442105446E-016  -1.6445243788391020E-018  -6.1721274049516903E-017   1.0767115299758225E-016   6.3857443571979062E-017   5.5849230896641295E-017   4.9518730846755637E-017  -1.4389134094105257E-016   1.3710828581221223E-016  -2.5456417451281528E-017  -8.6380576290117305E-017  -1.2344173248193743E-009  -1.2088871884989158E-009   3.1240565511008747E-002   1.1728579735717881E-009   2.3901298284610348E-009  -8.3618661981897351E-010  -1.1812427873930981E-009  -4.9749885624902488E-016  -4.7770642493388328E-018  -4.9556063751535152E-016  -2.8930347839287134E-009  0.22942972690360028        4.5403647655792000E-009   8.1407350041389701E-009  -1.7247860414654068E-009  -5.2477000824955674E-009   6.9018246050103569E-010  -6.5246028600338572E-016  -2.3079706954553883E-015  -1.6931669987235274E-015   1.9322840012751637E-017  -1.0363665170999541E-016  -1.0305776210312836E-016   1.3477436476751564E-017   4.2161967946117544E-017  -1.2481449059129986E-017   7.8222897235115854E-017   7.3666270179562420E-017   2.2426689174764893E-018  -3.3694168773027343E-017   1.3017290546720364E-009  -2.1532930121093380E-016  -7.2035206343992391E-016  -5.5506703403139192E-016  -8.5073365407198262E-010   1.8042491968403363E-010
