   1.0807539368083425E-005  -2.1502003728024268E-018   5.5020624649420314E-018   5.0737380252228661E-016   4.3142039838887905E-017   2.9955977066213629E-017   2.0385516173528653E-017   6.6037154379337482E-017   1.4616813586763044E-018  -1.1049833793219465E-016   2.7562494796697211E-016   1.2573702908965056E-016   8.6169090949357621E-017   5.3718249015762181E-017   1.7199679977406555E-016   1.7018477877466302E-018  -3.0177179405680461E-016   5.5739567635052195E-004   5.8072114366620487E-017   1.7060423448127709E-016  -4.0941082987728195E-017   2.9451810956793576E-019  -6.6774022081974200E-019  -2.6678241263856976E-017  -5.5275159383929897E-019  -2.7594355166038618E-017  -1.1779059766240367E-019  -1.5760653249225339E-019  -1.3018821130020348E-019   2.5263980622050521E-018  -1.2576612434469384E-015   2.4855486445102586E-016   1.7125785022545917E-016   1.1211714336204263E-016   3.5900292735215187E-016   6.6770633057942717E-018  -6.0879556944788864E-016   2.2453517615375223E-003   2.3172842946084992E-016   6.9753332612979496E-016  -5.9623158332179625E-019  -4.2943674791138273E-019  -1.7698006335885328E-019   9.2613812663740224E-019  -8.0379203686981269E-020  -2.0316564550174317E-019  -4.0771545774883809E-019  -2.5841570006812607E-019   9.3254288337281395E-019   4.1339802469655334E-019  -1.0337486039259252E-018  -1.3976438090383177E-019   7.1740887709604082E-019   3.7045121807889464E-019  -4.3247096824612586E-019  -1.4883520368854576E-017   2.9226470987217821E-019   7.7316850976042135E-020  -2.2799964963201135E-017  -9.2041564883401246E-019  -3.1290084218399915E-017  -6.1983934815405248E-019  -7.2790452842578681E-019  -5.2369855072872718E-020   4.4247665118599393E-019  -2.8157794197823050E-015  -2.1241709962820793E-003  -2.1822409450608016E-016  -6.5867370444103716E-016   2.4499615271117359E-015  -7.5033613086873769E-016
  -2.1502003728024268E-018   1.0807539368073730E-005  -3.0962368001924548E-018  -6.3957810782984688E-017  -8.0616233070617881E-017   5.4082146319207930E-017  -1.8381895958521085E-017   5.6156684577754117E-017  -6.9882196463890674E-017   2.3237961306453971E-017   6.2784859217743063E-018  -2.3006399334779286E-016   1.4066857639435542E-016  -5.0476949564805650E-017   1.8016959773743547E-016  -1.9680379488976985E-016   4.4144431665597937E-017  -2.1798568600006008E-016   5.5739567635109007E-004  -2.5087673485301889E-016   1.8083183112797655E-017  -1.7542493605737735E-016   2.8520796252398868E-019   7.3772142015310770E-018  -5.9975164752545785E-019   7.9407968751189600E-018  -3.4587749840862145E-016  -1.9179184885546500E-018  -1.6346927442201690E-016  -2.1357092802411930E-018   8.7043700971630831E-016  -4.4354477750181703E-016   2.9126424266865008E-016  -1.0336551850398538E-016   3.6836347798623320E-016  -4.0207239227841470E-016   1.2240860010454878E-016  -6.5783172265523675E-016   2.2453517615361653E-003  -1.0418316449524975E-015   8.0225776909856150E-018   1.4883810727756234E-019   6.3692107296268470E-019   4.4187176575626600E-018   3.3027856635379449E-019   3.5557374953399834E-018   4.9393709891958084E-019   2.2405652579879291E-019  -4.7514618020012964E-020   9.7855583376345357E-019   7.7199257465846970E-018   9.3039913514393245E-019   3.5621628966908064E-018   3.2328076650801502E-019   7.2104575809382384E-018   2.7092107988788378E-018   1.9516232851863968E-018  -2.3972995542467485E-019   1.1563555232769428E-018   5.1070748066303628E-019   9.0899715527824415E-019  -5.2340225359182169E-017   1.7634511361800045E-018  -4.0967832812448846E-017   2.8466427678071015E-018   2.2620232926283376E-015   6.4163971183466925E-016  -2.1241709962810992E-003   9.8261447563779482E-016  -1.9666156211807808E-015   6.0364279361625561E-016
   5.5020624649420314E-018  -3.0962368001924548E-018   1.0807539368076857E-005   2.9396842424566888E-016   1.1227298091820866E-016  -7.4121182917358171E-017   6.5594514874242072E-017   2.3594217137153887E-017   6.7422470925283459E-017  -1.3431516586241825E-016   1.7737620205765954E-016   2.9554586215834932E-016  -2.0546817227178939E-016   1.7479641464008821E-016   6.0532503104777033E-017   1.7609943506438805E-016  -3.5977309338633499E-016   1.4028742975649057E-016   8.9169604147388089E-017   5.5739567635115035E-004  -1.2253511396775891E-017   3.4067979033615574E-018  -1.7446734767037708E-016  -6.2385806170823815E-018  -7.1384437428044957E-019  -4.7526398499990412E-018   1.5177446659937096E-017  -1.6472997085705975E-016   4.4658708202613721E-018  -3.4783674429407968E-016  -5.6912866147336733E-016   6.0588632229173504E-016  -4.1438162676729356E-016   3.6045672259665345E-016   1.2662103708218930E-016   3.6906251892159812E-016  -7.3181360114476950E-016   4.3648383336555943E-016   3.9155668484963059E-016   2.2453517615365053E-003  -4.7077357280292934E-019   8.7803801621346209E-020   9.0499358308716970E-020  -3.3644766824850859E-019  -5.6105392664049320E-020   7.1345995625468347E-019  -2.3091264735781852E-020  -5.9611545232364324E-020   3.9436954960059947E-019   2.1189394350770254E-019   1.1268208602450257E-018  -5.9202983927055950E-019  -1.2147868509600297E-018   6.9955134489741261E-021   3.4585887880942705E-019  -2.0885270993535605E-018   3.2537259067445923E-019  -3.1536134656860133E-019  -1.2059919948957572E-018   4.0475804974469094E-019  -4.5881839963431887E-019   2.6611481617827007E-018  -3.1752799747192981E-017   1.8263554690630038E-019  -4.9907725776233556E-017  -1.2340195881045577E-015  -4.2332710882387485E-016  -3.7711867363300961E-016  -2.1241709962814118E-003   1.0690542942218448E-015  -3.2741973551764831E-016
   5.0737380252228661E-016  -6.3957810782984688E-017   2.9396842424566888E-016  0.53230605205110371       -4.4219828522867187E-014  -1.2399532457808736E-016   5.3908498530149363E-016  -2.0143815386510104E-014  -1.1530649603482664E-015   3.3983315260900043E-014  0.30756894580875727       -7.6865159198622023E-014  -3.6320596757346437E-016   3.5893278494099793E-016  -3.6224456017607219E-014  -6.7351584223823791E-016   1.1751598233718138E-013   1.3039546238296323E-015  -1.2587561582630623E-015   1.4714037463268920E-017  -7.9771538480369612E-016   2.3610744237559094E-016  -1.9194277721024827E-016  -3.6192865256114302E-016   8.9322972117420842E-018  -3.5265995788816340E-016   4.0331331179298655E-016  -2.0751783082157180E-016   1.6839743109584177E-016  -3.0955089846218613E-016 -0.14036658522083345       -2.0004291089985055E-014  -8.1754295787067157E-016   5.8175312523949074E-017   5.0856008717543686E-015  -1.3586284216170852E-015   2.2866548135247032E-015  -2.0853740304487809E-015  -8.0002149195286526E-016  -1.1205947017314632E-015  -1.8097484334896497E-014  -2.5717212150488447E-017  -1.1611261386604930E-016   6.8272543081777840E-015  -3.8383727560532018E-018   8.4256259703500116E-015  -1.8689813264752621E-017  -7.1126524633755147E-017  -2.1564379121425700E-017  -1.2418882998301495E-016  -1.2000322102462992E-014  -1.8677414148090868E-017  -1.6230341973583546E-015  -3.5725267330474043E-017  -1.4615362946271126E-014  -1.2168079728032617E-016  -1.9737114875549075E-018  -8.7796364221603537E-017  -6.2335676897531724E-017   7.2301873000261404E-018  -5.1896001723056769E-017   1.2661425493365319E-017  -7.3623825382647265E-017   1.2352213963334300E-018  -1.5268267012831755E-016 -0.32049361632616175        1.3830826509546044E-015   1.0972270673845157E-015   1.1085058115611393E-015  0.20324352408984531       -5.8755607655880220E-002
   4.3142039838887905E-017  -8.0616233070617881E-017   1.1227298091820866E-016  -4.4219828522867187E-014   3.0509057427818811E-002   3.5528140522047008E-016   6.9568510023830032E-017  -1.5254528713916653E-002  -3.6273338933206670E-016  -1.5254528713902196E-002   3.9208604181485204E-014   8.4884513493751937E-002   1.1969676687533343E-016   2.4857198276710589E-016  -4.2442256746891525E-002  -6.0070898992914021E-016  -4.2442256746860460E-002  -2.4368749420352524E-016   1.5588747319679348E-015   5.6665928384355205E-016   2.0239399680613749E-016  -3.3878520278905422E-016  -7.7916646037090156E-017   4.0428489486758557E-018  -2.4746263626474360E-017   7.3232530239411566E-017  -6.6903215978220611E-016  -1.1020929446600843E-016  -3.0412458743858546E-016  -1.3807302979055638E-016   2.7881912107826052E-014  0.17175178402967778        4.4880718336625142E-016   4.0812080277785931E-016  -8.5875892014855001E-002  -1.0301614704506191E-015  -8.5875892014828176E-002  -5.9859760321399795E-016  -3.5636499834200205E-016   8.8371973875153141E-016  -4.0250299241507793E-015   1.2923176027373934E-017   7.6871366237625760E-017   3.2760118677437529E-016  -7.6152132589816511E-017   1.4257820696604315E-016   3.1385314256400842E-017  -4.0467741245033887E-017   2.2496439182727036E-017  -8.6147125837339617E-017   1.3136149211892285E-016   1.5559179827101106E-017   2.0064178795329643E-015   4.9942109027797775E-018   8.8756631134380790E-016   1.6413418408616920E-017  -4.8809390261859483E-018  -3.3341690153280377E-017  -5.7671809741899869E-018   1.4369785586421575E-017   2.0287279324097889E-017  -9.3482333744896197E-017  -2.6479329676188100E-017  -3.0796006022241269E-017  -7.2749924138453451E-018  -8.7889081194174401E-014   3.4770034550651703E-016  -1.9714783070284699E-016  -9.3499757069284376E-016   4.7699868317569563E-014  -1.4186190134591168E-014
   2.9955977066213629E-017   5.4082146319207930E-017  -7.4121182917358171E-017  -1.2399532457808736E-016   3.5528140522047008E-016   3.0509057427821996E-002   4.4153964067882722E-016  -5.7988722601979022E-017  -2.3224076402760505E-016  -4.1866032786141798E-016   3.0274612496293443E-016   6.3046610439915253E-016   8.4884513493755684E-002   9.6169791490648336E-017   3.0273465754636554E-016  -3.1568917944167997E-018  -1.0028933622961806E-015   3.3064406884740933E-016   1.5711258055263198E-016   6.0425171021623840E-016  -2.1166780983590791E-016  -1.5466803669497765E-017  -1.2318466655647582E-016  -2.5522714500310750E-017  -1.7102346632574012E-017  -1.0016348851720236E-016  -1.2715209681959888E-017  -1.5413935154820793E-016  -7.3491198669737661E-018  -3.6259532865039617E-016  -4.0819015723681944E-015   2.2967128958210808E-015  0.17175178402968697        4.1971880140813551E-016   6.6364184384426812E-016  -6.4093712569312075E-017  -1.0790670352427632E-015  -1.8569758894886575E-016   4.8232049793515236E-016  -2.6597418388480099E-016   1.4435452925836072E-016  -8.0620662075507632E-016   6.8829989956720826E-017   7.0289714238398091E-017   9.3423969333262834E-017   4.9067762239801075E-017  -1.4821634455562424E-015  -6.0330811155886060E-017  -1.0330855715299174E-015   6.1176674783922848E-017   1.5357324189921878E-016   4.8510139902745984E-017   7.0968444483236148E-017   2.8548912785200527E-017   6.1506592188140503E-017   8.6933643917173810E-019  -7.7819004568829513E-018  -3.9495161826308186E-018  -4.1973832170999872E-017   4.7915039232396268E-018   1.5787745157110961E-017   1.3282408583506812E-017   5.3793806811589652E-018  -7.9130241973689309E-018  -1.0969298710220656E-017  -8.1879039882872562E-016   7.2095008327979583E-017  -4.5060131435830585E-016   1.3712898245743433E-017   2.2911813148412489E-015  -7.4134246190218926E-016
   2.0385516173528653E-017  -1.8381895958521085E-017   6.5594514874242072E-017   5.3908498530149363E-016   6.9568510023830032E-017   4.4153964067882722E-016   3.0509057427820639E-002   4.2029944249344974E-016  -4.2065138468307236E-017  -2.3480685034125298E-016  -1.5074406364519166E-016   6.2948100508029346E-017   1.0056968295933711E-015   8.4884513493755268E-002   9.9284119879405890E-017  -2.2816526500189113E-016  -1.3176868043942983E-016  -9.7119023243498819E-017  -9.1397063536962534E-016   1.0784044492599668E-017   8.8727284623699997E-017   1.6356256426920825E-016   4.5318601463646854E-018  -4.8294256384403929E-017   1.4335059019469016E-017   2.7613704886940029E-017   4.5393744895388998E-016  -1.5578770878371693E-017   1.6200895182787960E-016   9.7630935419001818E-017   5.8105103332425841E-015  -1.2689231176228351E-015   1.8366067164549225E-015  0.17175178402968261       -8.6717539074005138E-016  -2.2878190498749256E-016  -1.5794572545472648E-015   1.9236114791910504E-016   2.6394584608592185E-016   3.3323939873985735E-016  -2.7690956653151559E-016   6.7731045658614512E-017  -7.3801183202537612E-016  -1.7416688729165690E-016  -1.1936577016035031E-017  -5.3008581926674315E-017   4.8907816164819405E-017  -7.1312457651028210E-016  -6.3344745310769615E-017  -2.1149760575477062E-015  -2.8362171812466271E-016   1.0199876755893305E-017  -1.5266543237628310E-016   4.1974611379430621E-018  -2.5365880528536800E-016  -2.3255573673717381E-017   2.7343269822916320E-017   2.8056342584779885E-017   1.2292992867288002E-017   2.2135086953155252E-017  -4.6303058087405688E-018   2.6321980385677430E-017   3.2082389853250791E-017   2.8069459964846464E-017   5.6107363262892043E-017  -2.4186562879595016E-015  -8.6388022551609039E-017   5.2369738465428898E-017  -3.1615795651485380E-016  -7.9924330182201028E-016   3.1805839107868927E-016
   6.6037154379337482E-017   5.6156684577754117E-017   2.3594217137153887E-017  -2.0143815386510104E-014  -1.5254528713916653E-002  -5.7988722601979022E-017   4.2029944249344974E-016   3.0509057427809488E-002  -1.1561067993773762E-016  -1.5254528713893075E-002   1.2660167409827728E-014  -4.2442256746891713E-002  -2.7136225124597210E-016   9.1380286042044537E-016   8.4884513493738087E-002   2.8212465187379382E-016  -4.2442256746847346E-002   7.5520510810490061E-016  -3.2104620452862307E-016   1.2272524735973725E-015  -3.5367546366723117E-016  -5.9733400293657133E-018  -1.7797901254139581E-016  -1.1737385936221362E-016   1.8817257125963199E-017  -1.3510982713527920E-016  -1.3677997226512775E-017  -2.6652800361374068E-016  -1.2394548043505711E-017  -4.5065549642382139E-016   1.3950526054570964E-014  -8.5875892014852767E-002  -8.5862882830222009E-016   1.8431945152021944E-015  0.17175178402965666        1.0145083015857098E-016  -8.5875892014803876E-002   4.7773398274371083E-016  -1.4500438704223408E-015  -2.8301577225085557E-016   1.1795206282780740E-015   1.2541978314757379E-017  -3.2764003417041911E-017   3.7986194690458324E-016   3.3096386855646279E-017   9.2662692934279839E-016   7.6054169950333693E-018   6.3517801192464759E-017  -1.3546020176442109E-017  -1.2288357308398255E-017  -3.1695298000480827E-015  -9.2360503404927447E-017  -4.0954914126358628E-016   6.8087834513029528E-017   2.3620983072281039E-015  -3.9301108411106202E-017  -4.2490961756664498E-017  -6.2911938707557895E-017  -1.5143221114931091E-017  -6.0906734535871469E-018  -2.0591051832228566E-017   1.2475522426044463E-017   1.1673334361280716E-017  -1.8175188897475504E-017  -3.1165509304619769E-017  -3.3735236758281220E-014  -5.4337743036271374E-016   1.3445883698070591E-015  -1.6944070696984043E-016   1.8835406912920893E-014  -6.2613854052282133E-015
   1.4616813586763044E-018  -6.9882196463890674E-017   6.7422470925283459E-017  -1.1530649603482664E-015  -3.6273338933206670E-016  -2.3224076402760505E-016  -4.2065138468307236E-017  -1.1561067993773762E-016   3.0509057427822169E-002   4.8244963796520296E-016   1.4733222889802932E-016  -4.5384194720451710E-016  -5.3335547106235176E-016   1.0000833304936741E-016  -3.4764095627789051E-016   8.4884513493758210E-002   9.2874452160967418E-016   1.1762042196891231E-016   2.8050110223705922E-016  -7.7203227717587996E-016   1.5394742240862750E-017  -1.0179996081027774E-017   1.1888604210038369E-016  -1.3322919844129630E-017  -2.2799149880181804E-017  -6.5618660631075783E-017  -8.7437342886614771E-017   1.5991716355736545E-016  -2.1283666675650896E-017   4.5524249307859696E-016  -5.9581776545656009E-015   5.1263111594209596E-016  -1.4840385695227400E-015   2.3369639014746202E-017   6.5273714168140353E-016  0.17175178402968594        3.1213020110717154E-015   5.0235391142295516E-017   1.1561205938412561E-016   8.5045970866313860E-016   3.0044532883237910E-016   3.1706031368410026E-017  -4.5824301118380623E-017   1.8637183032897253E-016  -7.5248076547634746E-017   2.0949305828548147E-016   3.6912969138408017E-017  -3.1458006066879246E-017   8.7033009633535881E-017  -4.8592105336594013E-017   4.2023895974472544E-016  -1.8276781066918575E-015   1.4560214115466850E-016  -2.0508230408133640E-015   4.8208388752751727E-016  -2.2399634564606594E-017   8.2150210618210065E-018   2.7124814514982699E-017  -5.6931649323375128E-018   6.5608991511374918E-018   1.8192243594542912E-017  -1.6427821775820140E-017   2.9899244616222279E-017  -6.5523721682696999E-018   7.8558030000943710E-017   6.5321402020050348E-015  -7.7270119938870897E-017  -2.0276507459389910E-016  -5.0917912225546750E-016  -2.0154833576898385E-015   5.3356835623951161E-016
  -1.1049833793219465E-016   2.3237961306453971E-017  -1.3431516586241825E-016   3.3983315260900043E-014  -1.5254528713902196E-002  -4.1866032786141798E-016  -2.3480685034125298E-016  -1.5254528713893075E-002   4.8244963796520296E-016   3.0509057427795545E-002  -6.9204839329092629E-014  -4.2442256746860328E-002  -1.8601245862353057E-016  -4.5272513426375903E-016  -4.2442256746847221E-002   3.3000827141498082E-016   8.4884513493708569E-002  -5.7955206444380784E-016  -1.3008315286602491E-015  -1.7138661518264821E-015   1.5128146686114723E-016   3.4475854281840977E-016   2.5589565857847883E-016   1.1333101041357332E-016   5.9290065005124527E-018   6.1877296895885376E-017   6.8271015700871476E-016   3.7673729807976339E-016   3.1651913548209161E-016   5.8872852621437028E-016  -2.6681600014497650E-014  -8.5875892014825220E-002  -2.7342181185719722E-016  -8.1544200645350721E-016  -8.5875892014803001E-002   9.5182447535675380E-016  0.17175178402963359       -1.5319891688309697E-016   1.5526144713988024E-015  -2.7825700611823435E-016   2.8455092958744504E-015  -2.5465154342125181E-017  -4.4107362820580676E-017  -7.0746313367967984E-016   4.3055745734169283E-017  -1.0692051363098228E-015  -3.8990731251429931E-017  -2.3050059947428865E-017  -8.9504190062684102E-018   9.8435483145737554E-017   3.0381683079303096E-015   7.6801323577825555E-017  -1.5968687382693396E-015  -7.3082045415804920E-017  -3.2496646185706266E-015   2.2887690002498912E-017   4.7371900782848155E-017   9.6253628860854690E-017   2.0910402089120542E-017  -8.2791121328371549E-018   3.0377250814105395E-019   8.1006811318858871E-017   1.4805995314902026E-017   4.8971194919716736E-017   3.8440501718476787E-017   1.5598576178738635E-013   4.5494857317525782E-016  -9.0734332710492057E-016   7.9939365489283925E-016  -9.2571891664859352E-014   2.8244068508951698E-014
   2.7562494796697211E-016   6.2784859217743063E-018   1.7737620205765954E-016  0.30756894580875727        3.9208604181485204E-014   3.0274612496293443E-016  -1.5074406364519166E-016   1.2660167409827728E-014   1.4733222889802932E-016  -6.9204839329092629E-014  0.17804375302669767        1.4008713349920104E-013   9.2522807572168545E-016  -1.1254331770739710E-015   4.8652588265214930E-014   1.7285846940854816E-015  -1.8538249084078326E-013   1.5929105078505303E-015   5.4800103321396984E-017   1.1250515792210536E-015  -4.5685753917056151E-016   1.0497522991811567E-016  -1.0512250506019664E-016  -1.9038546700211875E-016   7.6165787761116033E-018  -2.1256021921960972E-016   1.8638802684547456E-016  -8.7222484029096892E-017   7.8134380372735348E-017  -1.5383950090994419E-016  -7.0322096550937810E-002   3.5582416266564047E-013   1.8137822210051501E-015  -2.5912427814332859E-015   1.4222030174030064E-013   3.6300886270506037E-015  -4.9625746279176332E-013   2.2537428728126848E-015   2.4245751422917886E-015   3.8905157733378945E-015  -9.3973142336952443E-015  -1.3252349530139717E-017  -6.2278035824080150E-017   3.4573817083101304E-015  -3.4335882482829671E-018   4.1311008401509346E-015  -1.5009171839198800E-017  -3.4886941754561025E-017   5.2810566176847897E-018  -5.6763333502129982E-017  -6.2793858672389510E-015  -1.4184753965557060E-017  -1.0026864502419012E-015  -1.5255411226638779E-017  -7.7098996202213751E-015  -6.8269894465156329E-017  -5.6190411530883247E-018  -3.5255732491821333E-017  -4.6666902001890118E-017   3.0978480234263496E-019  -2.4293220441134370E-017   8.5627337796923239E-018  -5.0378292002658462E-017  -7.3014782954076266E-018  -7.3746814931393208E-017 -0.16091392148195474       -2.4386595098506380E-015  -2.0686972426417918E-015  -3.6760538017762800E-015   9.5632437556909561E-002  -2.7239238128067701E-002
   1.2573702908965056E-016  -2.3006399334779286E-016   2.9554586215834932E-016  -7.6865159198622023E-014   8.4884513493751937E-002   6.3046610439915253E-016   6.2948100508029346E-017  -4.2442256746891713E-002  -4.5384194720451710E-016  -4.2442256746860328E-002   1.4008713349920104E-013  0.23617185316583836       -6.6308957836268918E-016   3.2820155013844657E-016 -0.11808592658295015       -1.2611304145073472E-016 -0.11808592658288833       -3.8381695920252237E-016   4.0397490409659487E-015   7.0869251122052680E-016   5.6311526482222618E-016  -9.4259277546278731E-016  -2.1678534669785137E-016   1.1248307718277514E-017  -6.8850850397134329E-017   2.0375285981845425E-016  -1.8614298238862925E-015  -3.0663229650247956E-016  -8.4615749625483481E-016  -3.8415680288011100E-016   2.0709129226567061E-013  0.47786027685501831       -7.6679859835861959E-016   4.0023323197303062E-016 -0.23893013842752914        2.6035759919536049E-016 -0.23893013842750427       -4.8038665115230422E-016  -2.1897814688149956E-015  -1.0374367255901843E-015  -1.1198730334993069E-014   3.5955798125656901E-017   2.1387709338842989E-016   9.1147579452219793E-016  -2.1187598934160230E-016   3.9669143373210753E-016   8.7322498828588037E-017  -1.1259228627105692E-016   6.2591225569421062E-017  -2.3968478485062244E-016   3.6548347574884879E-016   4.3289879181192690E-017   5.5824014220117648E-015   1.3895255983307938E-017   2.4694513985030079E-015   4.5666603751401583E-017  -1.3580102748595030E-017  -9.2765669814972988E-017  -1.6045869407391829E-017   3.9980660215321553E-017   5.6444740700814558E-017  -2.6009333257734618E-016  -7.3672712522291017E-017  -8.5682882695935526E-017  -2.0241011810130578E-017   4.6586221671394340E-014  -1.5371986483237390E-016   5.8508736874374718E-016   7.0608002052994209E-016  -1.3616486246295615E-013   4.3610108376958537E-014
   8.6169090949357621E-017   1.4066857639435542E-016  -2.0546817227178939E-016  -3.6320596757346437E-016   1.1969676687533343E-016   8.4884513493755684E-002   1.0056968295933711E-015  -2.7136225124597210E-016  -5.3335547106235176E-016  -1.8601245862353057E-016   9.2522807572168545E-016  -6.6308957836268918E-016  0.23617185316583458       -3.5228100276306346E-016   5.3618032594143125E-016   3.0506399815131974E-016  -6.6993529864195461E-017   1.0655578347139950E-015  -6.8441131623615978E-017   1.7202433394549948E-015  -5.8891754039657099E-016  -4.3032863532077442E-017  -3.4273331830309318E-016  -7.1011148362237095E-017  -4.7583389848803000E-017  -2.7868212620908917E-016  -3.5377179067815854E-017  -4.2885768914252319E-016  -2.0447254589444256E-017  -1.0088390354376971E-015  -8.2897888350441710E-015   1.4991805540043058E-015  0.47786027685501514       -8.6409219081200207E-017   1.2270627493694049E-015   4.5669306010520651E-016   2.5080103467113918E-015   6.9921905226289237E-017  -6.9464043713162129E-016  -5.8270638361510539E-016   4.0163364652344159E-016  -2.2430865633964925E-015   1.9150379276969832E-016   1.9556514359226174E-016   2.5993094687605174E-016   1.3651988875104435E-016  -4.1237826927926824E-015  -1.6785676075920728E-016  -2.8743256439238907E-015   1.7021018392603971E-016   4.2728261779709723E-016   1.3496843142073961E-016   1.9745355613221201E-016   7.9430856829330805E-017   1.7112810406890841E-016   2.4187309252636460E-018  -2.1651368151971103E-017  -1.0988630523615660E-017  -1.1678264173625511E-016   1.3331269915164382E-017   4.3925810228487246E-017   3.6955281011390696E-017   1.4966903290866923E-017  -2.2016190137828890E-017  -3.0519578868918935E-017   4.6256030342879934E-015  -3.5433757982953164E-016   6.7297801109423429E-016  -1.1066351121752473E-016   1.7543531227956219E-016  -1.5484900472307694E-016
   5.3718249015762181E-017  -5.0476949564805650E-017   1.7479641464008821E-016   3.5893278494099793E-016   2.4857198276710589E-016   9.6169791490648336E-017   8.4884513493755268E-002   9.1380286042044537E-016   1.0000833304936741E-016  -4.5272513426375903E-016  -1.1254331770739710E-015   3.2820155013844657E-016  -3.5228100276306346E-016  0.23617185316584277       -4.3486671512039310E-016  -3.0938725431410734E-017   1.9142944607958153E-016  -4.2492608994298113E-016  -2.5085411265652035E-015  -3.6739983190399985E-016   2.4686348985786235E-016   4.5507563537908877E-016   1.2608870157985730E-017  -1.3436778463022050E-016   3.9884041440831776E-017   7.6828853550590365E-017   1.2629777108718452E-015  -4.3344386825652675E-017   4.5075306210549324E-016   2.7163587320246862E-016   1.4934110561795502E-014  -3.2207987362212865E-015  -1.2644575599247976E-015  0.47786027685502197       -3.8515333500646881E-015   5.8533025973882239E-016  -3.2653594455102881E-015  -8.8033804533091130E-017   8.7283894900696887E-016  -6.7369589088584645E-016  -7.7043789020383607E-016   1.8844623019762760E-016  -2.0533500735746649E-015  -4.8457975240464804E-016  -3.3210810762807939E-017  -1.4748432325327021E-016   1.3607487517489578E-016  -1.9841069453137674E-015  -1.7624234707383131E-016  -5.8844398625101032E-015  -7.8911292543972673E-016   2.8378837273758419E-017  -4.2475684426609923E-016   1.1678480970631892E-017  -7.0574793505171659E-016  -6.4703344637301525E-017   7.6076429491075469E-017   7.8060392273917182E-017   3.4202456807817821E-017   6.1585845174200902E-017  -1.2882772823509109E-017   7.3234923907966571E-017   8.9261953138139145E-017   7.8096888400613056E-017   1.5610597755295100E-016  -9.4932595473859020E-015   3.4924417505658639E-016   1.4710378143513822E-017   6.3482339322273958E-016   4.4082877147071182E-016   5.6745051135178597E-017
   1.7199679977406555E-016   1.8016959773743547E-016   6.0532503104777033E-017  -3.6224456017607219E-014  -4.2442256746891525E-002   3.0273465754636554E-016   9.9284119879405890E-017   8.4884513493738087E-002  -3.4764095627789051E-016  -4.2442256746847221E-002   4.8652588265214930E-014 -0.11808592658295015        5.3618032594143125E-016  -4.3486671512039310E-016  0.23617185316583345        7.1265964050190939E-016 -0.11808592658288600        1.4958766462964952E-015   3.4075875645823351E-016   3.1508473514093087E-015  -9.8402153980336526E-016  -1.6619460091403481E-017  -4.9518612390497693E-016  -3.2656606886053915E-016   5.2354738267600870E-017  -3.7591236542587459E-016  -3.8055916441544110E-017  -7.4155355250611332E-016  -3.4485010989154315E-017  -1.2538464243848679E-015   9.8347619661825280E-014 -0.23893013842752184        2.2358620488901658E-016  -8.9590336017908110E-016  0.47786027685502763        1.3599961001121086E-016 -0.23893013842750574       -1.1091776520192205E-015   9.3648044035167390E-016  -1.8497014986082606E-015   3.2817478850092097E-015   3.4895202187626050E-017  -9.1158387857149163E-017   1.0568794737104761E-015   9.2083169179795968E-017   2.5781286843574130E-015   2.1160343057697011E-017   1.7672383570596456E-016  -3.7688720314333558E-017  -3.4189559419366862E-017  -8.8184958095644746E-015  -2.5697209479892639E-016  -1.1394773401369384E-015   1.8943891403914804E-016   6.5720013182322732E-015  -1.0934639574278091E-016  -1.1822143719553027E-016  -1.7503816113536928E-016  -4.2132568667910918E-017  -1.6945913657962294E-017  -5.7289918616352263E-017   3.4710303791462161E-017   3.2478397946263580E-017  -5.0568329450176780E-017  -8.6710941541341886E-017   3.9966550795953827E-014   7.9494213800680651E-016  -9.6160896121187953E-016   5.3351370679582301E-016  -7.0975792592058680E-014   2.0692474111973688E-014
   1.7018477877466302E-018  -1.9680379488976985E-016   1.7609943506438805E-016  -6.7351584223823791E-016  -6.0070898992914021E-016  -3.1568917944167997E-018  -2.2816526500189113E-016   2.8212465187379382E-016   8.4884513493758210E-002   3.3000827141498082E-016   1.7285846940854816E-015  -1.2611304145073472E-016   3.0506399815131974E-016  -3.0938725431410734E-017   7.1265964050190939E-016  0.23617185316584727       -2.3246649830814540E-016   2.0528056497677929E-016   6.5807072452364026E-016  -2.7405076680858780E-015   4.2832368996290192E-017  -2.8323523817462131E-017   3.3077337340785567E-016  -3.7067994380386116E-017  -6.3433449238116040E-017  -1.8256899928678946E-016  -2.4327452035102805E-016   4.4493313698685815E-016  -5.9216961893994325E-017   1.2666086993376770E-015  -2.2026167766488328E-014   3.7260233960723680E-015  -5.0920910283497332E-016  -5.6059689767899712E-016   5.2151140936089697E-015  0.47786027685502386        2.9855471935825229E-015  -3.5156812914413488E-016  -1.7123655829248269E-016  -2.0565333110798775E-017   8.3592079597097491E-016   8.8214821250769536E-017  -1.2749569585450179E-016   5.1853723058640286E-016  -2.0936065901734952E-016   5.8286678882050063E-016   1.0270194136071930E-016  -8.7524747258682345E-017   2.4214955503352346E-016  -1.3519648159870167E-016   1.1692193288315097E-015  -5.0850986555963851E-015   4.0510484287511370E-016  -5.7059486840285129E-015   1.3412887747435531E-015  -6.2321888735919819E-017   2.2856427728826327E-017   7.5468627280917596E-017  -1.5839936604538454E-017   1.8254209716033251E-017   5.0615780265784747E-017  -4.5706677844816557E-017   8.3187848037728522E-017  -1.8230485325517889E-017   2.1856985170503516E-016   5.8882065976292064E-015   2.4983289450641030E-016  -9.7848551354532345E-017   8.4128756666398085E-016   5.0266531182987496E-015  -1.7702271297917278E-015
  -3.0177179405680461E-016   4.4144431665597937E-017  -3.5977309338633499E-016   1.1751598233718138E-013  -4.2442256746860460E-002  -1.0028933622961806E-015  -1.3176868043942983E-016  -4.2442256746847346E-002   9.2874452160967418E-016   8.4884513493708569E-002  -1.8538249084078326E-013 -0.11808592658288833       -6.6993529864195461E-017   1.9142944607958153E-016 -0.11808592658288600       -2.3246649830814540E-016  0.23617185316577718       -1.3203165588183230E-015  -4.6770605031668547E-015  -4.0500943830447991E-015   4.2090627498116358E-016   9.5921223555421665E-016   7.1197147060291085E-016   3.1531776114231730E-016   1.6496112129539995E-017   1.7215950560740790E-016   1.8994857403279220E-015   1.0481858490087434E-015   8.8064250724403731E-016   1.6380032272651819E-015  -2.8039620630554109E-013 -0.23893013842749677        1.5087689669677945E-016   6.6718074749789008E-016 -0.23893013842750402        3.2007681010826741E-016  0.47786027685501575        7.5064510516106920E-016   5.8700552573617199E-017   2.1195292415038577E-015   7.9169824499863242E-015  -7.0851000313278014E-017  -1.2271870553127175E-016  -1.9683552682338284E-015   1.1979282016180302E-016  -2.9748201180912876E-015  -1.0848284188629302E-016  -6.4131549434895643E-017  -2.4902505255042296E-017   2.7387434427002407E-016   8.4530123338172506E-015   2.1368221561772098E-016  -4.4429240818750278E-015  -2.0333417002245520E-016  -9.0414527167337440E-015   6.3679791991389334E-017   1.3180153994411521E-016   2.6780383095038307E-016   5.8178438075285543E-017  -2.3034746557368698E-017   8.4517791556293997E-019   2.2538302878591592E-016   4.1194314576018223E-017   1.3625121214611613E-016   1.0695195335152370E-016  -3.0224967273540262E-014   1.5242078051706108E-016   1.5066499431781525E-015  -5.1341230423815568E-016   1.5583265879625849E-013  -4.8480353348242683E-014
   5.5739567635052195E-004  -2.1798568600006008E-016   1.4028742975649057E-016   1.3039546238296323E-015  -2.4368749420352524E-016   3.3064406884740933E-016  -9.7119023243498819E-017   7.5520510810490061E-016   1.1762042196891231E-016  -5.7955206444380784E-016   1.5929105078505303E-015  -3.8381695920252237E-016   1.0655578347139950E-015  -4.2492608994298113E-016   1.4958766462964952E-015   2.0528056497677929E-016  -1.3203165588183230E-015   2.8747518693457472E-002  -2.5280692557416206E-015   1.3989333576641655E-015  -2.1115243595465802E-015   1.5189685210107474E-017  -3.4438506241622102E-017  -1.3759224765836243E-015  -2.8508001498606522E-017  -1.4231707826717430E-015  -6.0750155592892832E-018  -8.1285107328532686E-018  -6.7144188517745499E-018   1.3029823984033129E-016  -1.1448749981159880E-015  -1.0786308012988062E-015   1.9964798482787734E-015  -6.8308902512378500E-016   3.5935920781232357E-015   5.8212890361383763E-016  -2.5787992961380996E-015  0.11580335922375538       -1.0297412705779072E-014   6.1660068327251381E-015  -3.0750469209901054E-017  -2.2148074450542776E-017  -9.1276949133625673E-018   4.7765302524136517E-017  -4.1455338794312700E-018  -1.0478208644697965E-017  -2.1027805274653465E-017  -1.3327714016364713E-017   4.8095625979391306E-017   2.1320882000207333E-017  -5.3315281359523601E-017  -7.2083069948168018E-018   3.7000152638242365E-017   1.9105913031958781E-017  -2.2304563471364851E-017  -7.6761320222194258E-016   1.5073466779427430E-017   3.9875939357224588E-018  -1.1759015126942704E-015  -4.7470167411176646E-017  -1.6137769257159247E-015  -3.1968032770520232E-017  -3.7541462780577773E-017  -2.7009599308929189E-018   2.2820603642055851E-017  -1.5931945588461033E-015 -0.10955349676110215        9.7931390181558481E-015  -5.7706186292103291E-015   1.2772041447440568E-015  -3.8107027289143283E-016
   5.8072114366620487E-017   5.5739567635109007E-004   8.9169604147388089E-017  -1.2587561582630623E-015   1.5588747319679348E-015   1.5711258055263198E-016  -9.1397063536962534E-016  -3.2104620452862307E-016   2.8050110223705922E-016  -1.3008315286602491E-015   5.4800103321396984E-017   4.0397490409659487E-015  -6.8441131623615978E-017  -2.5085411265652035E-015   3.4075875645823351E-016   6.5807072452364026E-016  -4.6770605031668547E-015  -2.5280692557416206E-015   2.8747518693541859E-002  -1.0416156342854125E-016   9.3263487075554774E-016  -9.0474896784923518E-015   1.4709517098567258E-017   3.8047766095486825E-016  -3.0932015496805029E-017   4.0954427221829073E-016  -1.7838530639972477E-014  -9.8916084110189788E-017  -8.4308799326003106E-015  -1.1014858038385094E-016  -3.0941539023257687E-015   9.3062912534141527E-015   2.0404281766099430E-016  -5.1392466190911643E-015   8.8627731130213963E-016   1.1320320759655263E-015  -7.7568343742541047E-015   1.1769739675025320E-015  0.11580335922390730       -2.0301294746761223E-015   4.1376209383024620E-016   7.6762817740510753E-018   3.2849017723203643E-017   2.2789406852791573E-016   1.7034020289628583E-017   1.8338611951141379E-016   2.5474661155720956E-017   1.1555649670542092E-017  -2.4505525027765843E-018   5.0468730414089739E-017   3.9815290847600478E-016   4.7985062792320777E-017   1.8371750770078870E-016   1.6673110812651781E-017   3.7187723710421512E-016   1.3972675316608799E-016   1.0065439911723914E-016  -1.2364002211373610E-017   5.9638697306038548E-017   2.6339588680363486E-017   4.6881261951139084E-017  -2.6994317874642518E-015   9.0949475665030413E-017  -2.1129039739230642E-015   1.4681476669574730E-016   8.6380643930738026E-015  -1.1749848068687062E-016 -0.10955349676126154        1.7663599871324722E-015  -4.7044179051078125E-015   1.3794790135870904E-015
   1.7060423448127709E-016  -2.5087673485301889E-016   5.5739567635115035E-004   1.4714037463268920E-017   5.6665928384355205E-016   6.0425171021623840E-016   1.0784044492599668E-017   1.2272524735973725E-015  -7.7203227717587996E-016  -1.7138661518264821E-015   1.1250515792210536E-015   7.0869251122052680E-016   1.7202433394549948E-015  -3.6739983190399985E-016   3.1508473514093087E-015  -2.7405076680858780E-015  -4.0500943830447991E-015   1.3989333576641655E-015  -1.0416156342854125E-016   2.8747518693539760E-002  -6.3197126006814601E-016   1.7570460369181866E-016  -8.9981023380001339E-015  -3.2175296745141624E-016  -3.6816314450503490E-017  -2.4511600776272234E-016   7.8277236456979704E-016  -8.4958999818581049E-015   2.3032597907754892E-016  -1.7939578172462482E-014  -1.4738015686698327E-015   1.8409227278394179E-015   3.5505060776918361E-015  -3.9365608625935839E-016   6.5889204506943425E-015  -4.8874376124514523E-015  -8.3940628011115319E-015  -9.9898726985968944E-016   1.2491379032430212E-015  0.11580335922390385       -2.4280009079308806E-017   4.5284553424007147E-018   4.6674778889869359E-018  -1.7352189913792459E-017  -2.8936191880018430E-018   3.6796488201421041E-017  -1.1909252133600074E-018  -3.0744479793681115E-018   2.0339493972128486E-017   1.0928368052791028E-017   5.8115455716069678E-017  -3.0533765498209924E-017  -6.2652275912057783E-017   3.6079155676559493E-019   1.7837570341083056E-017  -1.0771517322054794E-016   1.6780996031391536E-017  -1.6264669049862074E-017  -6.2198683786650941E-017   2.0875277823398455E-017  -2.3663424529208377E-017   1.3724793674071382E-016  -1.6376413435428413E-015   9.4193748206837203E-018  -2.5739763341839786E-015  -7.6523540505004743E-016   4.0868831485219010E-016  -1.5269713148734543E-015 -0.10955349676125782        1.0564963878342317E-015  -3.5087885370171008E-016
  -4.0941082987728195E-017   1.8083183112797655E-017  -1.2253511396775891E-017  -7.9771538480369612E-016   2.0239399680613749E-016  -2.1166780983590791E-016   8.8727284623699997E-017  -3.5367546366723117E-016   1.5394742240862750E-017   1.5128146686114723E-016  -4.5685753917056151E-016   5.6311526482222618E-016  -5.8891754039657099E-016   2.4686348985786235E-016  -9.8402153980336526E-016   4.2832368996290192E-017   4.2090627498116358E-016  -2.1115243595465802E-015   9.3263487075554774E-016  -6.3197126006814601E-016   2.0635117379649608E-028  -2.9897661043503184E-028   2.0398031763221666E-028   1.2258276658180877E-028   1.8303131540373122E-030   1.2594244111607413E-028  -5.9589741867719622E-028   1.8879518094071972E-028  -2.7826787829773421E-028   3.8985164732975739E-028   3.4362869950468722E-016   1.1393839390343422E-015  -1.1915911872066618E-015   4.9949328858436116E-016  -1.9910281396301910E-015   8.6665228868508079E-017   8.5164420059603490E-016  -8.5058337217088578E-015   3.7569242797678015E-015  -2.5457638841470251E-015   3.7267003401197229E-029   7.5170569154020838E-030  -3.3257281232265232E-031  -1.6715473207889268E-029  -2.5963553656914394E-031  -2.6283482063511765E-029   1.2768163361068058E-029  -8.1252962603501739E-031   3.3940129732686112E-030  -6.3579327016524715E-030   7.5069693915538792E-029   2.5508461056047173E-030   1.2147089566794794E-029  -2.7166420330648926E-030   1.8303999923183664E-029   6.3857265609085695E-029   2.3380471288441863E-030   7.6599305462500251E-031   9.0119433915582366E-029   3.9413718769309074E-030   1.2085830284343699E-028  -8.8514339572728613E-029   4.1635292856745077E-029  -6.8357639400437418E-029   6.0694229087882955E-029   7.8026569809383037E-016   8.0467771688833365E-015  -3.5541645309273180E-015   2.4083699929428173E-015  -5.7407140197069802E-016   1.7099022905978405E-016
