   3.9969677365461129E-002   3.3878462292996865E-016  -1.1124350173921477E-016  -1.6213638287295929E-017  0.14629242951147051       -1.2439962671588294E-016   7.2658426929975685E-017   1.2373048335283940E-016   6.5543790186290576E-015  -4.8490867080082172E-019  -7.0914298555672464E-019   6.3458565696208206E-015  -7.5600950609369150E-019   8.0814532581699821E-015  0.13149022561540388        2.4614353477631588E-017   1.0334721491225539E-017  -1.6030039845508834E-017   9.3669608892227915E-018  -2.5031033954873149E-026   9.3669667285574602E-018   1.7092045775805996E-017  -1.6030067899375426E-017   1.0334729893875447E-017  -3.6362938496490915E-017   1.1305171760736325E-016  -3.0415868380435443E-017  -5.9628461211803886E-017   2.4922329339590777E-015   5.8350408140353373E-019  -1.9227057681530461E-019   2.6171561032563058E-015  -8.0233146670247190E-019   2.3354523816488902E-015  -6.5090407383879792E-002  -3.0213430516414383E-002
   3.3878462292996865E-016  0.10198775305277788       -2.7215168595286051E-018   1.1140629073193756E-016   3.0706930795136535E-015   5.7421942499374462E-002   4.5692062962370871E-017  -4.5466469854084235E-017  -5.7872322169397918E-016   1.5544693237333007E-018  -2.1539885242490986E-018  -5.8299650606137975E-016   1.5065632952047237E-018  -5.7711845445319335E-016   9.3127301412280807E-017  -1.2746050344016604E-015  -8.2125485053716284E-018   1.6908949233933657E-017  -5.8965845128056982E-016   1.1845720863690425E-018  -5.9240817384675392E-016  -1.4807542356701518E-017   1.7019681467198425E-017  -6.6636919325647774E-018   3.6336027945592978E-017   6.2317848971993509E-002   1.6207975445710975E-017   4.8792485893636446E-017  -1.4444258792207427E-016  -2.5527521274268526E-019  -5.1425913629707504E-019  -1.4263970373217329E-016  -6.9473992607634211E-019  -1.4398531883344689E-016  -2.8488249853558046E-016  -7.0603152008946551E-018
  -1.1124350173921477E-016  -2.7215168595286051E-018  0.10198775305277852       -1.4393235590650267E-016  -8.3746402520818953E-016   1.1603701985457717E-016   5.7421942499373491E-002  -1.6878091444715520E-016   1.5944978543460011E-016   7.4486029293762881E-019   1.6542273779208823E-018   1.5577442589595115E-016  -1.5156712119828171E-018   1.4634302336591423E-016  -9.8049345913030477E-017  -3.7026232168804818E-017  -4.8068924136494548E-016   1.4626944799660775E-017  -1.4345599136612609E-017   7.6347949639319150E-019  -1.3848688833456089E-017  -9.9005457306992789E-016   1.8516479500197241E-017  -4.5223180069928706E-016   3.5634392255354004E-017   3.2595239531924084E-017   6.2317848971993717E-002  -1.3695506317565317E-016   5.4867007884283835E-017  -1.9522231933603626E-018  -1.2707471857552179E-018   5.7208841258051899E-017   2.0884128974749931E-019   5.7784726722965474E-017   2.1431690844820848E-016   1.0230059819528738E-016
  -1.6213638287295929E-017   1.1140629073193756E-016  -1.4393235590650267E-016  0.10198775305278110        8.8756407717180376E-018  -7.1382854596908907E-017  -7.2901302327020108E-017   5.7421942499372047E-002  -1.9128910782924522E-017   4.0842078264091712E-018   4.5505664450040239E-018  -1.1664380995428872E-017  -4.6990998704626225E-019  -1.5540164799091500E-017  -5.6133989052824728E-017   5.8252234873864816E-017  -1.2606121720003798E-017  -1.1161358060217574E-016   2.2814001002787258E-017  -6.9229723542917609E-019   2.4613082369392738E-017  -2.7267216845667861E-017  -1.0503665522216043E-016  -1.8029968857097069E-017  -2.6160064037657265E-016   4.3023062145571893E-017  -9.3521472394978770E-017   6.2317848971994334E-002  -3.1965767246731278E-018  -3.8690036271947892E-019  -8.4723801685302287E-019  -3.9925415266209424E-018   5.8183315149194866E-019  -2.6367045591698516E-018   2.2746160507989214E-016   1.8649706576485977E-016
  0.14629242951147051        3.0706930795136535E-015  -8.3746402520818953E-016   8.8756407717180376E-018  0.53561135214199729        5.7969021032867744E-016   2.2514029210673922E-017   5.0587652932545035E-016   2.3832537048763596E-014  -1.7784945989728806E-018  -2.6021966425702776E-018   2.3069918466421913E-014  -2.7617329128636491E-018   2.9425371657678973E-014  0.48114452715011574        9.0729607158813203E-017   3.8413427300468521E-017  -5.9004419163199120E-017   3.4208741194496083E-017  -9.1845646154956515E-026   3.4208762593418307E-017   6.4662024762972743E-017  -5.9004521970975169E-017   3.8413458092707398E-017  -1.3323466853906283E-016   1.5350958598648326E-015  -3.7465104098379533E-016  -1.8023060759282195E-016   9.0718372981484898E-015   2.1282978312895394E-018  -7.0632208177926100E-019   9.5285757831646424E-015  -2.9299982016340334E-018   8.4984749861437498E-015 -0.24905042223542978      -0.11972789620260030     
  -1.2439962671588294E-016   5.7421942499374462E-002   1.1603701985457717E-016  -7.1382854596908907E-017   5.7969021032867744E-016   3.2330151235856225E-002   9.1920580124667785E-017  -1.0110524071606264E-016  -3.2583727520669130E-016   8.7520947812492057E-019  -1.2127554679995492E-018  -3.2824325319800182E-016   8.4823705120894349E-019  -3.2493374660187575E-016  -9.8737079829842975E-016  -7.1763809677177578E-016  -4.6238933002553326E-018   9.5202088640324550E-018  -3.3199411370678151E-016   6.6694704210854941E-019  -3.3354228401506296E-016  -8.3370583262450652E-018   9.5825541921824535E-018  -3.7518439570614254E-018   2.0458194684099290E-017   3.5086682795165733E-002   8.0964350124091709E-017  -5.4472406493608147E-017  -8.1325195720628760E-017  -1.4372704710967711E-019  -2.8954220159107808E-019  -8.0310121761387311E-017  -3.9115790762181296E-019  -8.1067740501466901E-017   7.9452761758564880E-017   3.0940398631183098E-018
   7.2658426929975685E-017   4.5692062962370871E-017   5.7421942499373491E-002  -7.2901302327020108E-017   2.2514029210673922E-017   9.1920580124667785E-017   3.2330151235854934E-002  -9.0446178107814030E-017   8.9774665454461153E-017   4.1937706862702289E-019   9.3137603812788517E-019   8.7705335777360830E-017  -8.5336506175789454E-019   8.2395193749941447E-017   3.9069535853132427E-016  -2.0846798864814205E-017  -2.7064141675364996E-016   8.2353768769959533E-018  -8.0769714410255217E-018   4.2986019820098533E-019  -7.7971971151764781E-018  -5.5742827020262857E-016   1.0425293129077148E-017  -2.5461908590832645E-016   2.0063154269396847E-017   4.7207122560692574E-017   3.5086682795165032E-002  -7.2137843297228310E-017   3.0891651963491057E-017  -1.0991559731399321E-018  -7.1546602064971138E-019   3.2210169308040036E-017   1.1758345656629688E-019   3.2534408847225507E-017  -2.5931441827314516E-017   1.7669918389314566E-017
   1.2373048335283940E-016  -4.5466469854084235E-017  -1.6878091444715520E-016   5.7421942499372047E-002   5.0587652932545035E-016  -1.0110524071606264E-016  -9.0446178107814030E-017   3.2330151235852492E-002  -1.0770108980471101E-017   2.2995226381954015E-018   2.5620955156190422E-018  -6.5673710299591889E-018  -2.6457239666891131E-019  -8.7495451445131186E-018   3.9499389690024130E-016   3.2797628943310876E-017  -7.0975972592657507E-018  -6.2841551222040631E-017   1.2844917301832944E-017  -3.8978260482624249E-019   1.3857850165756793E-017  -1.5352201719940136E-017  -5.9138559248107728E-017  -1.0151374101181019E-017  -1.4728843885528523E-016  -4.1885496897409127E-017  -1.0626875356252462E-016   3.5086682795163610E-002  -1.7997616320030460E-018  -2.1783566865686481E-019  -4.7701857557189872E-019  -2.2479119610457894E-018   3.2758825220816934E-019  -1.4845380259114318E-018  -1.0250654853257295E-015  -7.8754911507819555E-016
   6.5543790186290576E-015  -5.7872322169397918E-016   1.5944978543460011E-016  -1.9128910782924522E-017   2.3832537048763596E-014  -3.2583727520669130E-016   8.9774665454461153E-017  -1.0770108980471101E-017   1.2246579534307643E-027  -8.4504094161911377E-032  -9.6116055478523929E-032   1.1899298244080860E-027  -1.3976582628930974E-031   1.4716775559147290E-027   2.1674913619730676E-014   1.0604933415962088E-029   4.4488327995190673E-031  -2.3704875097837352E-030   4.9252996742119952E-030  -5.3982975457042800E-033   4.9413431811291890E-030  -6.1572945351884003E-031  -2.3662729278538061E-030   4.8160399056005333E-031  -5.9309240270854441E-030  -3.5361879487088495E-016   9.7429027995044709E-017  -1.1688389414291709E-017   4.5612390200433535E-028   1.0102658227223830E-031  -2.8021053209047954E-032   4.7706025375703523E-028  -1.3356155069808903E-031   4.2998040617648514E-028  -5.9932955989275041E-016   3.5643079266293600E-015
  -4.8490867080082172E-019   1.5544693237333007E-018   7.4486029293762881E-019   4.0842078264091712E-018  -1.7784945989728806E-018   8.7520947812492057E-019   4.1937706862702289E-019   2.2995226381954015E-018  -8.4504094161911377E-032   1.9865279683851148E-034   1.7023251688425741E-034  -8.1780303516362977E-032   2.1303151433238013E-036  -1.0303699885613393E-031  -1.5925830835487114E-018  -1.7677421939142691E-032  -4.2789087923721591E-033  -3.9033744568781027E-033  -8.2905690080630615E-033  -4.0928367555503824E-036  -8.2568043237088275E-033  -8.8018055089941571E-033  -3.6098994657311573E-033  -4.2646684726406295E-033  -9.2177136772707040E-033   9.4983154004656466E-019   4.5513397296340876E-019   2.4955844096759763E-018  -3.1071837065813825E-032  -4.0560251708806391E-035  -4.8658172527546733E-035  -3.2563947333435291E-032   2.3825720550551641E-035  -2.9129323954096605E-032   1.0262171513305643E-018   5.6656699595545936E-019
  -7.0914298555672464E-019  -2.1539885242490986E-018   1.6542273779208823E-018   4.5505664450040239E-018  -2.6021966425702776E-018  -1.2127554679995492E-018   9.3137603812788517E-019   2.5620955156190422E-018  -9.6116055478523929E-032   1.7023251688425741E-034   2.8821009591906832E-034  -9.2076157145293195E-032  -6.4167195142467169E-035  -1.2343879815975142E-031  -2.3281164918405231E-018   2.8456328882215123E-032  -8.3923459183391912E-033  -4.8023393817983037E-033   1.3075661855534073E-032  -4.3524152510395624E-035   1.3222068670657747E-032  -1.7348959657790675E-032  -4.4481356173869738E-033  -8.2054875411438422E-033  -1.1210908229455265E-032  -1.3161573573652361E-018   1.0107869701694745E-018   2.7805447611932950E-018  -3.8442227820355868E-032  -5.3596918752047309E-035  -4.4038859132020820E-035  -4.0674791333766461E-032   5.7994604863758310E-035  -3.5616495533903437E-032   1.5828844938069571E-018   8.9800015986033068E-019
   6.3458565696208206E-015  -5.8299650606137975E-016   1.5577442589595115E-016  -1.1664380995428872E-017   2.3069918466421913E-014  -3.2824325319800182E-016   8.7705335777360830E-017  -6.5673710299591889E-018   1.1899298244080860E-027  -8.1780303516362977E-032  -9.2076157145293195E-032   1.1562924927262334E-027  -1.3584592479161818E-031   1.4289959968241945E-027   2.0988502819300828E-014   1.0537765213514830E-029   4.0977188642266297E-031  -2.2974317197580586E-030   4.9030619328614665E-030  -5.5261142171947062E-033   4.9193343910076845E-030  -6.6321561376320412E-031  -2.2928804316414578E-030   4.4500515415817832E-031  -5.7636736921370314E-030  -3.5622991122408275E-016   9.5183263245930261E-017  -7.1273178540290420E-018   4.4295050604911038E-028   9.8009285292742985E-032  -2.7021747122404851E-032   4.6323319109003542E-028  -1.2928844152634301E-031   4.1762649490278579E-028  -2.9768738617988056E-016   3.6898540768105689E-015
  -7.5600950609369150E-019   1.5065632952047237E-018  -1.5156712119828171E-018  -4.6990998704626225E-019  -2.7617329128636491E-018   8.4823705120894349E-019  -8.5336506175789454E-019  -2.6457239666891131E-019  -1.3976582628930974E-031   2.1303151433238013E-036  -6.4167195142467169E-035  -1.3584592479161818E-031   6.1412818304164561E-035  -1.6833369071794231E-031  -2.4909024013823176E-018  -1.8991989047659484E-032   6.9035216800157361E-033   8.3934126288049722E-034  -8.7819033815674423E-033   9.3419683852657947E-036  -8.8381964269636196E-033   1.4363580043584541E-032   7.5287068570543424E-034   6.5284769503697545E-033   1.8957755256525333E-033   9.2055939156470884E-019  -9.2612462626433598E-019  -2.8713035366144006E-019  -5.1652055197645051E-032   1.5754496661861704E-035   1.8746700116066799E-035  -5.4034939857869212E-032  -6.6275697715380219E-037  -4.8711020122396711E-032   8.8947928344503062E-019   2.8255548099575271E-019
   8.0814532581699821E-015  -5.7711845445319335E-016   1.4634302336591423E-016  -1.5540164799091500E-017   2.9425371657678973E-014  -3.2493374660187575E-016   8.2395193749941447E-017  -8.7495451445131186E-018   1.4716775559147290E-027  -1.0303699885613393E-031  -1.2343879815975142E-031   1.4289959968241945E-027  -1.6833369071794231E-031   1.7771195329156593E-027   2.6696014067860529E-014   1.1545790377846658E-029   9.1352110146823783E-031  -2.9956078523971146E-030   5.2749301132167625E-030  -5.5021370584682594E-033   5.2909300237932132E-030   2.0841013370128106E-031  -2.9916610299179404E-030   9.4641849678850156E-031  -7.3364817921087661E-030  -3.5263822966033096E-016   8.9420368183847682E-017  -9.4955483767661973E-018   5.5026189001944653E-028   1.2339500299977614E-031  -3.5297122993760790E-032   5.7596021163116758E-028  -1.6409106779395970E-031   5.1813814352311035E-028  -3.3179035602597674E-015   2.2140212251928491E-015
  0.13149022561540388        9.3127301412280807E-017  -9.8049345913030477E-017  -5.6133989052824728E-017  0.48114452715011574       -9.8737079829842975E-016   3.9069535853132427E-016   3.9499389690024130E-016   2.1674913619730676E-014  -1.5925830835487114E-018  -2.3281164918405231E-018   2.0988502819300828E-014  -2.4909024013823176E-018   2.6696014067860529E-014  0.43265663437570961        8.0516733147789251E-017   3.3577267156977918E-017  -5.2495884940236481E-017   3.0868847630105936E-017  -8.2180906614945954E-026   3.0868866821075537E-017   5.4719619242400172E-017  -5.2495977138452252E-017   3.3577294772461203E-017  -1.1952223567404588E-016  -2.5412114792941157E-016   6.3928310783247106E-017  -1.9523868805174283E-016   8.2346487028129132E-015   1.9248735603978097E-018  -6.3066042430087197E-019   8.6459668010685943E-015  -2.6442060440702640E-018   7.7185443549852674E-015 -0.20637447014189034       -9.2835680414174282E-002
   2.4614353477631588E-017  -1.2746050344016604E-015  -3.7026232168804818E-017   5.8252234873864816E-017   9.0729607158813203E-017  -7.1763809677177578E-016  -2.0846798864814205E-017   3.2797628943310876E-017   1.0604933415962088E-029  -1.7677421939142691E-032   2.8456328882215123E-032   1.0537765213514830E-029  -1.8991989047659484E-032   1.1545790377846658E-029   8.0516733147789251E-017   1.5993834203474971E-029   2.7854049380424582E-031  -2.9151652808922625E-031   7.3930545650028741E-030  -1.5476938451542803E-032   7.4282667575418953E-030   5.4741964235193562E-031  -2.9055598027175559E-031   2.4575417618101216E-031  -6.3940530174621322E-031  -7.7882531632676063E-016  -2.2624237471959017E-017   3.5594018560953878E-017   3.1289046737419967E-030   4.0094714534365145E-033   6.2762004926963944E-033   3.1801379961646392E-030   8.4700405694900531E-033   3.0276743855592231E-030  -8.1073349641870121E-017  -5.3265991065392073E-017
   1.0334721491225539E-017  -8.2125485053716284E-018  -4.8068924136494548E-016  -1.2606121720003798E-017   3.8413427300468521E-017  -4.6238933002553326E-018  -2.7064141675364996E-016  -7.0975972592657507E-018   4.4488327995190673E-031  -4.2789087923721591E-033  -8.3923459183391912E-033   4.0977188642266297E-031   6.9035216800157361E-033   9.1352110146823783E-031   3.3577267156977918E-017   2.7854049380424582E-031   2.2725260741649490E-030  -6.1811079633486641E-032   1.1443613477795301E-031  -3.6082523846904448E-033   1.1209314285147769E-031   4.6826437491806449E-030  -8.0965116535725004E-032   2.1389459990629857E-030  -1.4844442570087694E-031  -5.0181354340465890E-018  -2.9371683019961193E-016  -7.7027522026413636E-018   2.2376896777944353E-031   9.3947736641772410E-033   6.0766668792872965E-033   2.4327431618058738E-031  -1.1847274383543706E-033   1.7100382443018739E-031  -5.4514871873657724E-017  -3.9677924893261735E-017
  -1.6030039845508834E-017   1.6908949233933657E-017   1.4626944799660775E-017  -1.1161358060217574E-016  -5.9004419163199120E-017   9.5202088640324550E-018   8.2353768769959533E-018  -6.2841551222040631E-017  -2.3704875097837352E-030  -3.9033744568781027E-033  -4.8023393817983037E-033  -2.2974317197580586E-030   8.3934126288049722E-034  -2.9956078523971146E-030  -5.2495884940236481E-017  -2.9151652808922625E-031  -6.1811079633486641E-032   1.3413622820259180E-031  -1.2839465016968849E-031   1.0635298144380723E-033  -1.3074815625074090E-031  -1.2561818896852438E-031   1.2751476020853963E-031  -5.1537202938991875E-032   3.1229253074203084E-031   1.0331920383519901E-017   8.9375411229546175E-018  -6.8199544072612864E-017  -9.1340729792510997E-031  -1.1833210096824482E-034   7.4193178116338255E-034  -9.6103235213882866E-031  -4.1324888865794894E-034  -8.5157264792941219E-031   4.7472970215163050E-017   3.0185873155480440E-017
   9.3669608892227915E-018  -5.8965845128056982E-016  -1.4345599136612609E-017   2.2814001002787258E-017   3.4208741194496083E-017  -3.3199411370678151E-016  -8.0769714410255217E-018   1.2844917301832944E-017   4.9252996742119952E-030  -8.2905690080630615E-033   1.3075661855534073E-032   4.9030619328614665E-030  -8.7819033815674423E-033   5.2749301132167625E-030   3.0868847630105936E-017   7.3930545650028741E-030   1.1443613477795301E-031  -1.2839465016968849E-031   3.4185541757729470E-030  -7.1110458009468971E-033   3.4347846839146430E-030   2.2184170374297838E-031  -1.2811075907643446E-031   1.0026507192117328E-031  -2.8207113051613874E-031  -3.6030057739330967E-016  -8.7656297314988463E-018   1.3940099927516402E-017   1.4330058460806091E-030   1.8040000000572672E-033   2.9185906424164640E-033   1.4515695093685138E-030   3.9265554618920583E-033   1.3931265839517991E-030  -1.0434276036977954E-017  -3.0050314895985849E-018
  -2.5031033954873149E-026   1.1845720863690425E-018   7.6347949639319150E-019  -6.9229723542917609E-019  -9.1845646154956515E-026   6.6694704210854941E-019   4.2986019820098533E-019  -3.8978260482624249E-019  -5.3982975457042800E-033  -4.0928367555503824E-036  -4.3524152510395624E-035  -5.5261142171947062E-033   9.3419683852657947E-036  -5.5021370584682594E-033  -8.2180906614945954E-026  -1.5476938451542803E-032  -3.6082523846904448E-033   1.0635298144380723E-033  -7.1110458009468971E-033   2.4173367464273404E-035  -7.1514757810390532E-033  -7.3984368529662110E-033   1.0492885265601164E-033  -3.3404131756605576E-033   2.4645525293494156E-033   7.2381224377581913E-019   4.6651091454895568E-019  -4.2301622763350225E-019  -1.2452474869457914E-033  -1.4953013582194246E-035  -9.7347559904399622E-036  -1.2013733526642316E-033  -1.0455421175663041E-035  -1.2218946957259918E-033   5.5513391750439957E-026   3.1394003101636043E-026
   9.3669667285574602E-018  -5.9240817384675392E-016  -1.3848688833456089E-017   2.4613082369392738E-017   3.4208762593418307E-017  -3.3354228401506296E-016  -7.7971971151764781E-018   1.3857850165756793E-017   4.9413431811291890E-030  -8.2568043237088275E-033   1.3222068670657747E-032   4.9193343910076845E-030  -8.8381964269636196E-033   5.2909300237932132E-030   3.0868866821075537E-017   7.4282667575418953E-030   1.1209314285147769E-031  -1.3074815625074090E-031   3.4347846839146430E-030  -7.1514757810390532E-033   3.4511234853314972E-030   2.1693614083855607E-031  -1.3033228175316653E-031   9.7923295113915267E-032  -2.8749186255981731E-031  -3.6198074771244269E-016  -8.4620013026157203E-018   1.5039397417033866E-017   1.4371115003886105E-030   1.7945459192073468E-033   2.9113188825167902E-033   1.4556239427992583E-030   3.9565676023871722E-033   1.3972439789684130E-030  -1.0434287243611611E-017  -3.0050373388253082E-018
   1.7092045775805996E-017  -1.4807542356701518E-017  -9.9005457306992789E-016  -2.7267216845667861E-017   6.4662024762972743E-017  -8.3370583262450652E-018  -5.5742827020262857E-016  -1.5352201719940136E-017  -6.1572945351884003E-031  -8.8018055089941571E-033  -1.7348959657790675E-032  -6.6321561376320412E-031   1.4363580043584541E-032   2.0841013370128106E-031   5.4719619242400172E-017   5.4741964235193562E-031   4.6826437491806449E-030  -1.2561818896852438E-031   2.2184170374297838E-031  -7.3984368529662110E-033   2.1693614083855607E-031   9.6540376316015740E-030  -1.6515065248640118E-031   4.4076160173404477E-030  -2.9859530408824490E-031  -9.0478921302818332E-018  -6.0495568842147953E-016  -1.6661160290446962E-017  -6.8356083320924524E-032   1.9249337762311078E-032   1.2522457109575027E-032  -4.3845110948397568E-032  -2.3427261863018772E-033  -1.5810074926306206E-031  -1.6278159120239857E-016  -1.2702974570069324E-016
  -1.6030067899375426E-017   1.7019681467198425E-017   1.8516479500197241E-017  -1.0503665522216043E-016  -5.9004521970975169E-017   9.5825541921824535E-018   1.0425293129077148E-017  -5.9138559248107728E-017  -2.3662729278538061E-030  -3.6098994657311573E-033  -4.4481356173869738E-033  -2.2928804316414578E-030   7.5287068570543424E-034  -2.9916610299179404E-030  -5.2495977138452252E-017  -2.9055598027175559E-031  -8.0965116535725004E-032   1.2751476020853963E-031  -1.2811075907643446E-031   1.0492885265601164E-033  -1.3033228175316653E-031  -1.6515065248640118E-031   1.2146587752519873E-031  -6.9954038842478311E-032   2.9682106034408334E-031   1.0399581395576458E-017   1.1314173892910098E-017  -6.4180827802633299E-017  -9.1167949726138958E-031  -2.1801233467949296E-034   6.3827455495631534E-034  -9.5926469988466908E-031  -3.6851709150298799E-034  -8.4969686256527441E-031   4.7473024126505458E-017   3.0185901317251590E-017
   1.0334729893875447E-017  -6.6636919325647774E-018  -4.5223180069928706E-016  -1.8029968857097069E-017   3.8413458092707398E-017  -3.7518439570614254E-018  -2.5461908590832645E-016  -1.0151374101181019E-017   4.8160399056005333E-031  -4.2646684726406295E-033  -8.2054875411438422E-033   4.4500515415817832E-031   6.5284769503697545E-033   9.4641849678850156E-031   3.3577294772461203E-017   2.4575417618101216E-031   2.1389459990629857E-030  -5.1537202938991875E-032   1.0026507192117328E-031  -3.3404131756605576E-033   9.7923295113915267E-032   4.4076160173404477E-030  -6.9954038842478311E-032   2.0136183168071886E-030  -1.2403733832105795E-031  -4.0717334681800708E-018  -2.7632840427150824E-016  -1.1016899996069453E-017   2.3705530622942038E-031   8.8667479159486164E-033   5.7593401414786630E-033   2.5728382824394073E-031  -1.1679485121088872E-033   1.8508142497555883E-031  -5.4514887983630966E-017  -3.9677933296549366E-017
  -3.6362938496490915E-017   3.6336027945592978E-017   3.5634392255354004E-017  -2.6160064037657265E-016  -1.3323466853906283E-016   2.0458194684099290E-017   2.0063154269396847E-017  -1.4728843885528523E-016  -5.9309240270854441E-030  -9.2177136772707040E-033  -1.1210908229455265E-032  -5.7636736921370314E-030   1.8957755256525333E-033  -7.3364817921087661E-030  -1.1952223567404588E-016  -6.3940530174621322E-031  -1.4844442570087694E-031   3.1229253074203084E-031  -2.8207113051613874E-031   2.4645525293494156E-033  -2.8749186255981731E-031  -2.9859530408824490E-031   2.9682106034408334E-031  -1.2403733832105795E-031   7.2961058392330541E-031   2.2202500143167329E-017   2.1773777814565088E-017  -1.5984653754973285E-016  -2.2490017023498596E-030  -3.0522977637801233E-034   1.7230912225405972E-033  -2.3587328731647598E-030  -9.4264384622050865E-034  -2.1070197393920544E-030   6.8403586869126814E-017   3.5255251488575607E-017
   1.1305171760736325E-016   6.2317848971993509E-002   3.2595239531924084E-017   4.3023062145571893E-017   1.5350958598648326E-015   3.5086682795165733E-002   4.7207122560692574E-017  -4.1885496897409127E-017  -3.5361879487088495E-016   9.4983154004656466E-019  -1.3161573573652361E-018  -3.5622991122408275E-016   9.2055939156470884E-019  -3.5263822966033096E-016  -2.5412114792941157E-016  -7.7882531632676063E-016  -5.0181354340465890E-018   1.0331920383519901E-017  -3.6030057739330967E-016   7.2381224377581913E-019  -3.6198074771244269E-016  -9.0478921302818332E-018   1.0399581395576458E-017  -4.0717334681800708E-018   2.2202500143167329E-017   3.8078241595209027E-002   3.0836375616950653E-017   1.4507133287624282E-017  -8.8259140041983927E-017  -1.5598149461886869E-019  -3.1422913270424326E-019  -8.7157518903198043E-017  -4.2450879141963785E-019  -8.7979733690223893E-017  -1.9373933503556561E-016  -7.9303056354633124E-017
  -3.0415868380435443E-017   1.6207975445710975E-017   6.2317848971993717E-002  -9.3521472394978770E-017  -3.7465104098379533E-016   8.0964350124091709E-017   3.5086682795165032E-002  -1.0626875356252462E-016   9.7429027995044709E-017   4.5513397296340876E-019   1.0107869701694745E-018   9.5183263245930261E-017  -9.2612462626433598E-019   8.9420368183847682E-017   6.3928310783247106E-017  -2.2624237471959017E-017  -2.9371683019961193E-016   8.9375411229546175E-018  -8.7656297314988463E-018   4.6651091454895568E-019  -8.4620013026157203E-018  -6.0495568842147953E-016   1.1314173892910098E-017  -2.7632840427150824E-016   2.1773777814565088E-017   3.0836375616950653E-017   3.8078241595209027E-002  -8.7089668882161096E-017   3.3525534277716739E-017  -1.1928721486833450E-018  -7.7646804477101171E-019   3.4956470974876272E-017   1.2760885071039796E-019   3.5308355807646834E-017   9.5258133145053051E-017   5.5652456672216812E-017
  -5.9628461211803886E-017   4.8792485893636446E-017  -1.3695506317565317E-016   6.2317848971994334E-002  -1.8023060759282195E-016  -5.4472406493608147E-017  -7.2137843297228310E-017   3.5086682795163610E-002  -1.1688389414291709E-017   2.4955844096759763E-018   2.7805447611932950E-018  -7.1273178540290420E-018  -2.8713035366144006E-019  -9.4955483767661973E-018  -1.9523868805174283E-016   3.5594018560953878E-017  -7.7027522026413636E-018  -6.8199544072612864E-017   1.3940099927516402E-017  -4.2301622763350225E-019   1.5039397417033866E-017  -1.6661160290446962E-017  -6.4180827802633299E-017  -1.1016899996069453E-017  -1.5984653754973285E-016   1.4507133287624282E-017  -8.7089668882161096E-017   3.8078241595208825E-002  -1.9532128083328278E-018  -2.3640876134102454E-019  -5.1769010687248210E-019  -2.4395733058442459E-018   3.5551906357629193E-019  -1.6111126246429403E-018   4.5534002390129062E-016   3.5057712339080574E-016
   2.4922329339590777E-015  -1.4444258792207427E-016   5.4867007884283835E-017  -3.1965767246731278E-018   9.0718372981484898E-015  -8.1325195720628760E-017   3.0891651963491057E-017  -1.7997616320030460E-018   4.5612390200433535E-028  -3.1071837065813825E-032  -3.8442227820355868E-032   4.4295050604911038E-028  -5.1652055197645051E-032   5.5026189001944653E-028   8.2346487028129132E-015   3.1289046737419967E-030   2.2376896777944353E-031  -9.1340729792510997E-031   1.4330058460806091E-030  -1.2452474869457914E-033   1.4371115003886105E-030  -6.8356083320924524E-032  -9.1167949726138958E-031   2.3705530622942038E-031  -2.2490017023498596E-030  -8.8259140041983927E-017   3.3525534277716739E-017  -1.9532128083328278E-018   1.7043165244624181E-028   3.7892395725161523E-032  -1.1148430591498018E-032   1.7836519994862751E-028  -5.0906315323652740E-032   1.6051817498804415E-028  -8.5451938278323838E-016   8.2541920527746068E-016
   5.8350408140353373E-019  -2.5527521274268526E-019  -1.9522231933603626E-018  -3.8690036271947892E-019   2.1282978312895394E-018  -1.4372704710967711E-019  -1.0991559731399321E-018  -2.1783566865686481E-019   1.0102658227223830E-031  -4.0560251708806391E-035  -5.3596918752047309E-035   9.8009285292742985E-032   1.5754496661861704E-035   1.2339500299977614E-031   1.9248735603978097E-018   4.0094714534365145E-033   9.3947736641772410E-033  -1.1833210096824482E-034   1.8040000000572672E-033  -1.4953013582194246E-035   1.7945459192073468E-033   1.9249337762311078E-032  -2.1801233467949296E-034   8.8667479159486164E-033  -3.0522977637801233E-034  -1.5598149461886869E-019  -1.1928721486833450E-018  -2.3640876134102454E-019   3.7892395725161523E-032   4.8316841078741534E-035   2.6132260477639153E-035   3.9691272655556467E-032  -1.6467827069802709E-035   3.5524015178404856E-032  -4.7701861920768606E-019  -4.0931516241767131E-020
  -1.9227057681530461E-019  -5.1425913629707504E-019  -1.2707471857552179E-018  -8.4723801685302287E-019  -7.0632208177926100E-019  -2.8954220159107808E-019  -7.1546602064971138E-019  -4.7701857557189872E-019  -2.8021053209047954E-032  -4.8658172527546733E-035  -4.4038859132020820E-035  -2.7021747122404851E-032   1.8746700116066799E-035  -3.5297122993760790E-032  -6.3066042430087197E-019   6.2762004926963944E-033   6.0766668792872965E-033   7.4193178116338255E-034   2.9185906424164640E-033  -9.7347559904399622E-036   2.9113188825167902E-033   1.2522457109575027E-032   6.3827455495631534E-034   5.7593401414786630E-033   1.7230912225405972E-033  -3.1422913270424326E-019  -7.7646804477101171E-019  -5.1769010687248210E-019  -1.1148430591498018E-032   2.6132260477639153E-035   2.6429416538881270E-035  -1.1773460824483251E-032  -1.7454581505228393E-037  -1.0444766020178827E-032   4.7959972377825991E-019   2.8611926002722931E-019
   2.6171561032563058E-015  -1.4263970373217329E-016   5.7208841258051899E-017  -3.9925415266209424E-018   9.5285757831646424E-015  -8.0310121761387311E-017   3.2210169308040036E-017  -2.2479119610457894E-018   4.7706025375703523E-028  -3.2563947333435291E-032  -4.0674791333766461E-032   4.6323319109003542E-028  -5.4034939857869212E-032   5.7596021163116758E-028   8.6459668010685943E-015   3.1801379961646392E-030   2.4327431618058738E-031  -9.6103235213882866E-031   1.4515695093685138E-030  -1.2013733526642316E-033   1.4556239427992583E-030  -4.3845110948397568E-032  -9.5926469988466908E-031   2.5728382824394073E-031  -2.3587328731647598E-030  -8.7157518903198043E-017   3.4956470974876272E-017  -2.4395733058442459E-018   1.7836519994862751E-028   3.9691272655556467E-032  -1.1773460824483251E-032   1.8669071017400185E-028  -5.3445219882040688E-032   1.6796042096177641E-028  -1.0264610177252878E-015   7.5762052726074330E-016
  -8.0233146670247190E-019  -6.9473992607634211E-019   2.0884128974749931E-019   5.8183315149194866E-019  -2.9299982016340334E-018  -3.9115790762181296E-019   1.1758345656629688E-019   3.2758825220816934E-019  -1.3356155069808903E-031   2.3825720550551641E-035   5.7994604863758310E-035  -1.2928844152634301E-031  -6.6275697715380219E-037  -1.6409106779395970E-031  -2.6442060440702640E-018   8.4700405694900531E-033  -1.1847274383543706E-033  -4.1324888865794894E-034   3.9265554618920583E-033  -1.0455421175663041E-035   3.9565676023871722E-033  -2.3427261863018772E-033  -3.6851709150298799E-034  -1.1679485121088872E-033  -9.4264384622050865E-034  -4.2450879141963785E-019   1.2760885071039796E-019   3.5551906357629193E-019  -5.0906315323652740E-032  -1.6467827069802709E-035  -1.7454581505228393E-037  -5.3445219882040688E-032   2.4843797223508663E-035  -4.7734798824303614E-032   8.8299452680347598E-019   2.4830029139144973E-019
   2.3354523816488902E-015  -1.4398531883344689E-016   5.7784726722965474E-017  -2.6367045591698516E-018   8.4984749861437498E-015  -8.1067740501466901E-017   3.2534408847225507E-017  -1.4845380259114318E-018   4.2998040617648514E-028  -2.9129323954096605E-032  -3.5616495533903437E-032   4.1762649490278579E-028  -4.8711020122396711E-032   5.1813814352311035E-028   7.7185443549852674E-015   3.0276743855592231E-030   1.7100382443018739E-031  -8.5157264792941219E-031   1.3931265839517991E-030  -1.2218946957259918E-033   1.3972439789684130E-030  -1.5810074926306206E-031  -8.4969686256527441E-031   1.8508142497555883E-031  -2.1070197393920544E-030  -8.7979733690223893E-017   3.5308355807646834E-017  -1.6111126246429403E-018   1.6051817498804415E-028   3.5524015178404856E-032  -1.0444766020178827E-032   1.6796042096177641E-028  -4.7734798824303614E-032   1.5122105446696607E-028  -6.2921717993671246E-016   9.1855146459442278E-016
  -6.5090407383879792E-002  -2.8488249853558046E-016   2.1431690844820848E-016   2.2746160507989214E-016 -0.24905042223542978        7.9452761758564880E-017  -2.5931441827314516E-017  -1.0250654853257295E-015  -5.9932955989275041E-016   1.0262171513305643E-018   1.5828844938069571E-018  -2.9768738617988056E-016   8.8947928344503062E-019  -3.3179035602597674E-015 -0.20637447014189034       -8.1073349641870121E-017  -5.4514871873657724E-017   4.7472970215163050E-017  -1.0434276036977954E-017   5.5513391750439957E-026  -1.0434287243611611E-017  -1.6278159120239857E-016   4.7473024126505458E-017  -5.4514887983630966E-017   6.8403586869126814E-017  -1.9373933503556561E-016   9.5258133145053051E-017   4.5534002390129062E-016  -8.5451938278323838E-016  -4.7701861920768606E-019   4.7959972377825991E-019  -1.0264610177252878E-015   8.8299452680347598E-019  -6.2921717993671246E-016  0.79969694500531718       0.63578429746001208     
  -3.0213430516414383E-002  -7.0603152008946551E-018   1.0230059819528738E-016   1.8649706576485977E-016 -0.11972789620260030        3.0940398631183098E-018   1.7669918389314566E-017  -7.8754911507819555E-016   3.5643079266293600E-015   5.6656699595545936E-019   8.9800015986033068E-019   3.6898540768105689E-015   2.8255548099575271E-019   2.2140212251928491E-015  -9.2835680414174282E-002  -5.3265991065392073E-017  -3.9677924893261735E-017   3.0185873155480440E-017  -3.0050314895985849E-018   3.1394003101636043E-026  -3.0050373388253082E-018  -1.2702974570069324E-016   3.0185901317251590E-017  -3.9677933296549366E-017   3.5255251488575607E-017  -7.9303056354633124E-017   5.5652456672216812E-017   3.5057712339080574E-016   8.2541920527746068E-016  -4.0931516241767131E-020   2.8611926002722931E-019   7.5762052726074330E-016   2.4830029139144973E-019   9.1855146459442278E-016  0.63578429746001208       0.51884482304707780     
