  0.17825317370568181        5.3183553907523846E-009   3.7528975964308987E-009  -3.9288530975594231E-015   5.5092361800945305E-017   6.2707358872530111E-017   3.0312178426638108E-017   2.4743961362667861E-016  -1.3639533698651533E-016  -2.0788266992277012E-016  0.20230702571257997       -1.6749476412318047E-010   5.3477412232602753E-009  -6.5222113033620760E-015   3.0209196454530777E-011  -8.5002061756738181E-011   8.5733937818742682E-010  -1.7319248645813078E-010   6.0995810156046014E-011   1.3261773717524352E-010   4.6738041431190441E-010   7.8194348783489507E-011  -5.4205693693101652E-010  -6.9730846880142176E-010  -8.6500099934131857E-016   1.6202932035083080E-017  -1.7933049362313257E-017   8.9968543553742536E-016  -1.9711719785966141E-016   1.3840548859691103E-016  0.12259143399329456        9.2939382401099371E-010   3.0835236612516805E-009  -6.0999362209153936E-015   3.0960900304012527E-016  -3.6103568507939129E-016   6.7141802593079431E-015  -2.2011411604064510E-015  -1.3629058373351506E-016 -0.18027902867394449       -1.2903111399483951E-009  -4.4366699814479628E-009   2.1684254187098173E-015   7.1038315398482923E-011  -1.2880627146577792E-010   5.1707388492055922E-010  -7.7185331095827575E-011   1.2888899666313296E-010  -1.8131905273210161E-011   1.9489983638926461E-010  -4.6976072265171063E-011  -1.3267988959114158E-010  -3.5039168561569279E-010   6.3137215316797760E-015   3.8958904554172696E-002   2.8204127621580163E-010   9.5367999197174269E-010  -3.8522885671727639E-015   1.0136519922432879E-015
   5.3183553907523846E-009  0.17825318554467121        2.0018215330415526E-009  -3.2862546603775327E-015   3.5346672064067723E-016   3.3985448414264600E-017  -7.5281734274234281E-017   2.5544314400142608E-016   6.6813122398616952E-017   5.7571167431416141E-016   1.8847368628677036E-009  0.20230702749745064        5.4825126449251762E-009  -3.3002085291458379E-015   3.1510763019449751E-010  -1.2478884313527334E-011  -2.8355960529730443E-010  -2.0571366412754244E-010  -5.9733685327394401E-010  -2.1704422875062295E-010   1.2548399479556735E-010  -3.2374204448995030E-011  -1.5590076408112502E-010   2.3548480258172936E-010   6.8750768676353349E-016  -4.4362314948967806E-016  -3.0491891442328990E-016  -4.8244608383408872E-016   2.5596486214309984E-016   9.6703355102558547E-017   1.7558504469532275E-009  0.12259143716851122        2.0829323982714344E-009   4.8448822865648140E-015  -3.1065344723909700E-015  -2.3544861266130147E-015  -3.2387440297327409E-015   2.0619568202637638E-015   1.5557651819065134E-015  -2.5908799475708589E-009 -0.18027903310362361       -3.2622639985787559E-009  -1.2726711469299512E-015   2.7465888242903562E-011   7.2721884691111105E-011  -7.3489724171426259E-011  -6.4546225333653871E-011  -1.4280347050211224E-010   2.7698711882769694E-011  -6.6539579104988445E-011   1.2241420907258718E-010   1.6539970846897827E-011  -3.6465264091533633E-011   4.6860295878718255E-015   5.6266088366805259E-010   3.8958905518031661E-002   6.8968793530527920E-010  -1.7765765837333434E-015   4.0021611905832119E-016
   3.7528975964308987E-009   2.0018215330415526E-009  0.17825318219330130        3.9467901358122447E-015  -1.4981888372287644E-015  -8.5091573654310968E-017  -1.9569455273659148E-017  -1.2205441096973284E-015  -4.1035686212552259E-017  -1.5088462932248300E-015  -4.3647039441623263E-009  -4.2635520398262331E-009  0.20230702564199929       -4.8067833531673473E-015  -1.0395287410552395E-009  -1.4752795488908218E-010   2.9616710917908272E-010   1.1181766421827961E-009   4.5746398552543754E-010   2.7650368891238092E-010  -2.2363155742971239E-010   1.4521211666085906E-010   4.4756326585953503E-010  -3.2896047479836001E-010  -5.0537723006478347E-016  -1.4690798608171422E-016   3.6491157400254530E-016   3.5624870416953275E-016   7.1589306230436617E-017  -2.1701008099315506E-016  -8.4600519211168781E-010  -1.9007881380664082E-009  0.12259143823714634       -2.8980008715183691E-015  -1.1499843761509240E-015   2.0500516583780700E-015   4.2522375074236950E-015   1.6339307201080725E-016  -1.0386379241333604E-015   1.7360826790107433E-009   2.9544763101454091E-009 -0.18027903398267553       -5.3631284593793009E-015  -1.2487020310997490E-010  -1.9274246086075891E-013   2.4993201851706536E-011   1.6119482789029438E-010   1.6434773611520542E-010   6.3405414788069348E-012  -4.5853058599178904E-011   9.1619073939247330E-011   6.1711849949242344E-011  -8.6909135890945056E-011  -9.8139120732242849E-015  -3.7827869311673860E-010  -6.5130649038475704E-010   3.8958905748752104E-002   1.0317748621184901E-014  -3.0947692811381363E-015
  -3.9288530975594231E-015  -3.2862546603775327E-015   3.9467901358122447E-015  0.46063789950216999       -3.3599917700647371E-009  -5.2089434244742947E-010  -1.0215301680985422E-009  -4.4990801967263254E-009  -4.1027580136850409E-009   7.8588657092941613E-009   7.5836661760340558E-015   2.7073431119993070E-015   7.2331188946951152E-015  0.78635839492531590       -6.9905401560439678E-016  -4.1792349575724559E-016   3.3246433459138345E-016  -1.6535875228082842E-016  -2.1906448664622820E-016  -1.8194577469775637E-016  -1.0528904043439608E-015  -5.0141934947546866E-017  -5.2626653096436589E-016   3.2826261183240800E-017  -5.4701277478949069E-009   7.6574522541412497E-011  -2.8693784536738232E-009  -4.5987041988579237E-009  -6.4166722619084753E-009   1.0068735770447187E-008  -4.1788324642055852E-015  -2.1210454748529942E-015   1.4135669224316590E-015  -1.2463825377332372E-008   1.1514567204530530E-009  -5.5612753005679184E-009  -1.0446109101464500E-008  -1.5051492815991153E-008   2.2909831891202599E-008   1.2984314823691201E-014  -2.2142364227600840E-014  -2.6738293860997889E-015 -0.31442964750763641        1.5999096626200583E-016  -6.2754721986813277E-017   2.1351027620188007E-016  -1.2412500747847933E-016  -2.9239987271230303E-016   1.5122402929898998E-016   2.5151939892113027E-017   1.1027756836129420E-016   9.7337721368596718E-017   5.0369034833628667E-016 -0.66276742279407719       -3.3186727607340045E-015   5.8047306303796818E-015   5.4519401232767093E-016  0.41788131852215971      -0.10945638401952711     
   5.5092361800945305E-017   3.5346672064067723E-016  -1.4981888372287644E-015  -3.3599917700647371E-009   4.3309695775044357E-004  -2.8101312749261669E-011   7.6813979020852067E-011  -2.1654841438346065E-004   5.0481983677109257E-011  -2.1654854336600771E-004   3.4641547564863540E-016   2.9112760860462215E-016  -1.5878071844434783E-015  -5.0394927804684670E-009  -1.3536834724569962E-017  -2.3089533231781248E-017   6.5526424819258092E-019  -3.3590842652590078E-018   7.5205844432944430E-018   3.0199869558337445E-017  -1.2705952338763739E-017  -8.5277182587264044E-018  -1.4916371933974943E-017  -8.9873763828762117E-018   3.8449300188781511E-003  -1.4148366646266178E-010   3.9814175301352978E-010  -1.9224647186250668E-003   2.6753921748023324E-010  -1.9224653002514441E-003  -1.2625161392969732E-016   3.5016446059908852E-016  -1.0191335461483472E-015   2.6968911904593440E-002  -7.5880063676615483E-010   2.1656154776458141E-009  -1.3484454188601763E-002   1.6793655811554554E-009  -1.3484457715990737E-002  -6.6069773866254365E-015   3.9669296310493105E-015   1.0356860376875682E-015   2.0846843904818677E-009   3.0953779386832082E-018   4.9009029852503217E-018  -6.1580954951645325E-018   1.3695886831539462E-017  -4.4890893445437813E-018  -2.0685855637601397E-017  -7.4372168641575113E-018  -5.5809388667336261E-018   1.2237084120283876E-017  -4.5362089612518958E-018   4.0121828519339054E-009   1.7171273337152977E-015  -1.0487215869988259E-015  -2.0488946129957043E-016  -2.4975809307760342E-009   6.4760580138424695E-010
   6.2707358872530111E-017   3.3985448414264600E-017  -8.5091573654310968E-017  -5.2089434244742947E-010  -2.8101312749261669E-011   4.3309690981348822E-004  -1.9944984046283194E-011   1.0249481834096348E-011  -2.4035688705228762E-011   1.7851711201501889E-011   6.0980970060029928E-017   9.4767865543187235E-017  -4.8706928446126236E-017  -9.3615521656049244E-010   7.1081029802565249E-018   1.2090932521311366E-019   1.3002799178959013E-018   1.1208705244899774E-017  -8.7040473561451395E-019  -1.7364502999953683E-017   2.0729681669933699E-017  -1.1324345518958348E-017   3.0654365969614588E-017  -1.4087223428301505E-017  -1.5922148446724558E-010   3.8449297977462683E-003  -7.4258112598374836E-011   6.5358572040124319E-011  -5.6518940657004659E-011   9.3862906422144217E-011   9.5412972892847814E-017  -5.5318757930345657E-017   8.1906318301514659E-017  -9.4834425158047431E-010   2.6968910425196738E-002  -6.1402211459669933E-010   3.6445518386098492E-010  -9.4615013356534104E-011   5.8388915330886542E-010   1.8034109119679383E-015  -2.2668320732793707E-015   3.6329241880568241E-015   3.5918096272646229E-010  -4.2484355161651328E-018   1.7943420086266321E-017   3.5775605472252507E-018  -6.9601052369308225E-018   5.7695971322092239E-018   8.8344631213857867E-018   1.0323361174277822E-017  -6.7940869987502757E-018   4.4235704169908477E-018  -1.3195664589883153E-017   7.3502685474191122E-010  -4.7348263094218625E-016   5.9007216851887484E-016  -9.4545773610180400E-016  -4.5364802562054859E-010   1.1761738323555167E-010
   3.0312178426638108E-017  -7.5281734274234281E-017  -1.9569455273659148E-017  -1.0215301680985422E-009   7.6813979020852067E-011  -1.9944984046283194E-011   4.3309701888238894E-004  -1.8368901756738156E-011   1.2339443993135984E-011  -5.8444527514220476E-011   4.1814649940678408E-017  -3.8398149416672298E-017  -1.0810987371705822E-016  -1.4292388159096453E-009   9.2904313391335031E-018   1.5380410835025486E-017   1.0717907163518105E-018   9.4482271930559131E-019  -3.0177750362737582E-018   1.5797905132386010E-018   3.3715136247281003E-017  -8.3191685993910156E-018   2.3852074750778329E-018   2.1313989038007676E-017   4.1744763542325276E-010  -8.6599795096813976E-011   3.8449302742559841E-003  -1.5918344754603264E-010   3.3830009453618448E-011  -2.5826400578002015E-010   4.2699425513773300E-017  -6.4488910634733940E-017   1.9995895578111184E-017   2.5050134326175812E-009  -6.3230974209044665E-010   2.6968913808768806E-002  -1.1022884833991945E-009   3.3158635977205978E-011  -1.4027246478106361E-009   1.7914026333496002E-015  -8.2226029308436757E-016   2.9500403047164345E-015   6.4486225965186524E-010   2.5313796164511729E-018  -1.6477600570742374E-017   1.5271579732655078E-017  -2.3232813790184569E-018   3.5413732391637851E-018   2.7382618993632070E-019  -1.1122417079943236E-017  -6.5477387242821432E-018  -3.0745530499461774E-018  -1.1648108617926914E-017   1.1575313019232800E-009  -4.6799848196952712E-016   2.1590820298870278E-016  -7.6654114122360503E-016  -7.4115621924996398E-010   1.9346490284741766E-010
   2.4743961362667861E-016   2.5544314400142608E-016  -1.2205441096973284E-015  -4.4990801967263254E-009  -2.1654841438346065E-004   1.0249481834096348E-011  -1.8368901756738156E-011   4.3309692208128481E-004  -6.4498490262290509E-012  -2.1654850769809461E-004  -9.5599927327670701E-019   4.5735457925714319E-016  -1.4793761376400852E-015  -7.0825028054077081E-009   2.7105863110062706E-018   1.0436479340436551E-017  -3.1700444507626620E-017   8.4707949085289732E-018  -3.8832360009311450E-017  -1.8744296892667804E-017   1.2035992831801505E-018  -1.1872249513128191E-017   1.9378979021203963E-017  -2.4616000374777440E-017  -1.9224646680189202E-003   5.4697643679130720E-011  -3.4435222421913508E-011   3.8449298341715985E-003   3.1710423596386286E-011  -1.9224651661519023E-003   1.6056301007937537E-016   1.8819747305955567E-016  -8.5526795427312144E-016  -1.3484453759956437E-002   2.5134949510693692E-010  -1.5557475017588835E-011   2.6968910817101812E-002   5.7400064221991141E-011  -1.3484457057138107E-002  -1.8696410411373638E-015   2.1040920755691575E-015  -1.7607216345845015E-016   2.8725883873471490E-009   1.1719575884504960E-018   1.9403423597103460E-018   2.2460664606200260E-018  -9.9742998157174512E-018   2.9382270806207153E-018   9.0624487908513046E-018   1.1002221128787004E-017  -9.1183639609085862E-018  -1.5979241955347505E-017  -2.0944422749978487E-017   5.6499127728176221E-009   4.7852697202599504E-016  -5.6077340463111870E-016   1.0347861114014053E-016  -3.5137272411439338E-009   9.1180740677262954E-010
  -1.3639533698651533E-016   6.6813122398616952E-017  -4.1035686212552259E-017  -4.1027580136850409E-009   5.0481983677109257E-011  -2.4035688705228762E-011   1.2339443993135984E-011  -6.4498490262290509E-012   4.3309705058757717E-004  -4.4032268541512527E-011  -6.9234868222547142E-017  -1.9888341846880829E-017  -5.1918285925696331E-017  -6.1708106314095156E-009   9.3743972914677432E-018  -1.0541862198280937E-017  -5.6046311769651179E-019  -7.3986531897972949E-018   1.4996360348317541E-017   1.6530230470555363E-017  -2.3535274522237381E-017  -2.1944216664617823E-017  -1.7069953495818627E-017  -9.4675782543437807E-019   2.3573471517626607E-010  -2.1405922927145201E-010   1.1532273734883881E-010  -4.9834896986808428E-011   3.8449304705410838E-003  -1.8589976788155161E-010  -5.7481674290261960E-017   1.3876159647696487E-016  -1.6403281598981279E-017   1.4117529819158126E-009  -1.3567185787057712E-009   7.0516835198869723E-010  -4.8280505412787123E-010   2.6968914754224887E-002  -9.2894789836203684E-010   2.2073079360754804E-015  -6.4745579519751365E-017   8.6098409956433302E-016   2.5700554697882331E-009  -3.9294862662255957E-019  -1.0166306201437074E-017   3.5862908098494658E-018   1.2632858922378751E-017  -2.0853023481324376E-017   1.8130910417042432E-019  -1.5602262216379898E-017   7.9558234646477645E-018   7.4352576159430295E-018  -8.6768586430390911E-018   4.9171594601238245E-009  -5.7025834438989815E-016   1.1945441608101109E-017  -2.2410711775901842E-016  -3.0707067584091775E-009   7.9686016027278149E-010
  -2.0788266992277012E-016   5.7571167431416141E-016  -1.5088462932248300E-015   7.8588657092941613E-009  -2.1654854336600771E-004   1.7851711201501889E-011  -5.8444527514220476E-011  -2.1654850769809461E-004  -4.4032268541512527E-011   4.3309705106339756E-004  -2.3291803696443987E-016   5.8418252679562659E-016  -1.7397682675871078E-015   1.2121642502391906E-008   1.0826275981818984E-017   1.2653058171455727E-017   3.1045170859411227E-017  -5.1117383524426794E-018   3.1311759739081563E-017  -1.1455581942643129E-017   1.1502359119853149E-017   2.0399965022966381E-017  -4.4626195028157413E-018   3.3603385812094308E-017  -1.9224653508505731E-003   8.6784959992785399E-011  -3.6370165004891786E-010  -1.9224651155489326E-003  -2.9925082973916126E-010   3.8449304663970897E-003  -8.8821259723703590E-017   5.5229233800651706E-016  -8.2528302473343268E-016  -1.3484458144576276E-002   5.0744368708653004E-010  -2.1500237697820069E-009  -1.3484456628516890E-002  -1.7367739828480918E-009   2.6968914773084957E-002   3.7237142323356001E-015   3.4757546868024218E-015   1.1506674962513952E-014  -4.9571561768167028E-009  -4.2673337733431427E-018  -6.8412481268703977E-018   3.9120304611598812E-018  -3.7215899558761721E-018   1.5508586995897408E-018   1.1623407433565086E-017  -3.5650006155458847E-018   1.4699300383598083E-017   3.7421557209863242E-018   2.5480632468915895E-017  -9.6618515478660036E-009  -9.6079836779092939E-016  -9.3287899030889394E-016  -2.9318765341916787E-015   6.0111712363689569E-009  -1.5593790466866984E-009
  0.20230702571257997        1.8847368628677036E-009  -4.3647039441623263E-009   7.5836661760340558E-015   3.4641547564863540E-016   6.0980970060029928E-017   4.1814649940678408E-017  -9.5599927327670701E-019  -6.9234868222547142E-017  -2.3291803696443987E-016  0.22960982257701887       -4.9011401227436969E-009  -3.7169375909934572E-009   1.3222897088493964E-014   3.4290578466066227E-011  -9.6208609097591739E-011   9.7243775225614599E-010  -1.9666321860090239E-010   6.9172245148297059E-011   1.5060668269633643E-010   5.3041559241037268E-010   8.8948156796201971E-011  -6.1542127377835104E-010  -7.9111352352556902E-010   1.4753603190579436E-015  -5.2627382921345118E-017   6.5302988744333662E-017  -1.4999643802764394E-015   5.5928642893215490E-016   2.2067106134404797E-016  0.13906249665061218       -1.8057753694787304E-009  -2.4478461039677211E-009   1.0316025013953730E-014  -1.5575418433452873E-016   1.7473980928486856E-016  -1.0043935819294820E-014   2.9730441233452088E-015   2.6935337591275172E-016 -0.20739731942412315        2.5298217672004586E-009   3.0756718147471399E-009  -5.0316708873122308E-015   8.0875155475312014E-011  -1.4690071881859845E-010   5.8798232247482096E-010  -8.7971273099680691E-011   1.4651425333131030E-010  -2.0544775393431900E-011   2.2164512523201827E-010  -5.3562732908004166E-011  -1.5046809181275669E-010  -3.9833450427573799E-010  -8.5084758807542785E-015   4.4943756220941863E-002  -5.3394569773973981E-010  -6.4315839254190011E-010   4.9853342901172556E-015  -1.2468893354380402E-015
  -1.6749476412318047E-010  0.20230702749745064       -4.2635520398262331E-009   2.7073431119993070E-015   2.9112760860462215E-016   9.4767865543187235E-017  -3.8398149416672298E-017   4.5735457925714319E-016  -1.9888341846880829E-017   5.8418252679562659E-016  -4.9011401227436969E-009  0.22960981137946301       -1.1900686424542810E-009   7.0291517331718842E-015   3.5780932650420351E-010  -1.4155879171092964E-011  -3.2206032848725343E-010  -2.3363440075522381E-010  -6.7757747944445174E-010  -2.4641337603541312E-010   1.4267169940794393E-010  -3.6835655855570490E-011  -1.7728686893379304E-010   2.6750713462438860E-010  -1.5459268929845880E-016  -2.6346296843997138E-017   6.2561681766904515E-017   9.5994156818248566E-016  -5.5935124116179419E-016  -4.6345588165669171E-016  -2.2786943812079416E-009  0.13906249223193529       -2.1904689335078308E-009  -1.0539307042243734E-015  -1.7890341518227298E-016   1.9686796902161832E-016   6.9237683962600424E-015  -3.6191402049703150E-015  -2.2612830834116232E-015   3.1487383242605439E-009 -0.20739731299412631        6.7049146117275239E-010  -9.3022290493884149E-015   3.1076601290625824E-011   8.2898128842328175E-011  -8.3309067083103235E-011  -7.3481196580912937E-011  -1.6231524343382435E-010   3.1789652015683274E-011  -7.6232584937696928E-011   1.3916541530375578E-010   1.9366880465988274E-011  -4.1631849690652194E-011  -1.1505514348194117E-014  -6.6905943377277854E-010   4.4943754853478464E-002  -6.2382269438348423E-011   1.1037699103157366E-014  -3.2116274637431420E-015
   5.3477412232602753E-009   5.4825126449251762E-009  0.20230702564199929        7.2331188946951152E-015  -1.5878071844434783E-015  -4.8706928446126236E-017  -1.0810987371705822E-016  -1.4793761376400852E-015  -5.1918285925696331E-017  -1.7397682675871078E-015  -3.7169375909934572E-009  -1.1900686424542810E-009  0.22960981146939197        1.9857691623715865E-017  -1.1803188465406111E-009  -1.6760665234800559E-010   3.3643199766292940E-010   1.2691295353267707E-009   5.1903751666971183E-010   3.1444137849530945E-010  -2.5405556909107669E-010   1.6474723653547209E-010   5.0846034254280406E-010  -3.7352945804633378E-010   4.1538970013801732E-016   2.9615813924322212E-016  -3.1742917194347280E-016  -4.5180506087522416E-016   4.2173548424023931E-017  -3.8499565107676904E-016  -2.3062213796234995E-010  -1.1253028799657111E-011  0.13906249496998827        3.6875844149808952E-015   1.9210949679983740E-015  -2.8277022859598770E-015  -1.1400172524548807E-015  -9.1956703686905385E-017  -2.2016295192828694E-015   1.5782031071032244E-010  -2.2174114440564481E-009 -0.20739730901056183        1.0478641499166783E-014  -1.4095655291196122E-010  -6.8983462385518490E-015   2.8118321589918093E-011   1.8256566744624800E-010   1.8656115877857169E-010   6.5524003992367906E-012  -5.1836645443563378E-011   1.0389673528864601E-010   6.9553938233186099E-011  -9.8388499628567454E-011   2.5220845588978863E-014  -5.8419841422489680E-012   5.6836942464858348E-010   4.4943753728504343E-002  -2.4169237695266533E-014   7.1920880957102659E-015
  -6.5222113033620760E-015  -3.3002085291458379E-015  -4.8067833531673473E-015  0.78635839492531590       -5.0394927804684670E-009  -9.3615521656049244E-010  -1.4292388159096453E-009  -7.0825028054077081E-009  -6.1708106314095156E-009   1.2121642502391906E-008   1.3222897088493964E-014   7.0291517331718842E-015   1.9857691623715865E-017   1.3430381073613855       -1.2120284583254516E-015  -7.0684352749352623E-016   5.7428509981930727E-016  -2.8533261467548665E-016  -3.7026086843790638E-016  -3.3135056490261941E-016  -1.7542831064348475E-015  -8.2916206406622667E-017  -8.9991890710295806E-016   3.6580120092927295E-017  -3.1053784650404061E-009  -2.7944598037723963E-010  -2.0972258079041455E-009  -2.4824165308561769E-009  -3.5016160999908602E-009   5.5876296533711071E-009  -7.8795068548293014E-015  -2.7278356841940522E-016  -6.2966700087717844E-015   2.2364021026256775E-008  -9.1611627341215401E-010   1.0143798090325340E-008   1.9739379405304009E-008   2.6495793561309773E-008  -4.2103579943640919E-008  -1.1089027968502833E-014   2.6157853041704953E-014  -1.6197328171961559E-014 -0.52096863612699806        2.9005779129004941E-016  -1.0511143586743642E-016   3.4093583308761414E-016  -2.1632567926928588E-016  -4.9514545217965976E-016   2.3333518677495828E-016   4.5206353694882297E-017   1.8987077610816200E-016   1.5911633011089879E-016   8.4958525821595145E-016  -1.0970088217848517        2.9946147981901987E-015  -6.8637815499735513E-015   4.4746724892469661E-015  0.68060108546026765      -0.17715676402693803     
   3.0209196454530777E-011   3.1510763019449751E-010  -1.0395287410552395E-009  -6.9905401560439678E-016  -1.3536834724569962E-017   7.1081029802565249E-018   9.2904313391335031E-018   2.7105863110062706E-018   9.3743972914677432E-018   1.0826275981818984E-017   3.4290578466066227E-011   3.5780932650420351E-010  -1.1803188465406111E-009  -1.2120284583254516E-015   6.7211513745474817E-018   8.5334800201249104E-019  -2.1481609041071253E-018  -6.9342775364741953E-018  -3.6656400790207859E-018  -2.0831311948406040E-018   1.6614482196817219E-018  -8.8588889149692896E-019  -3.0824706041501577E-018   2.2613001977826119E-018  -1.2017686337933490E-016   6.3104000511644003E-017   8.2478188750314205E-017   2.4063817178706543E-017   8.3223578375331655E-017   9.6113049845811334E-017   2.0662773634846345E-011   2.1249696497235285E-010  -7.0291528237511022E-010  -8.4293847788565982E-016   4.4262085979194979E-016   5.7851430615722810E-016   1.6878715631399762E-016   5.8374253894021500E-016   6.7415132862674874E-016  -3.4962224178218298E-011  -4.8279282071180111E-010   1.5189091991169789E-009   1.6274733540206795E-017   6.5561178242965817E-019   9.2575551767451864E-020  -1.3904611915786086E-019  -1.0171987018131449E-018  -1.2089021929104013E-018   1.3757905400061355E-019   1.0736948439326623E-019  -2.9825013169262839E-019  -2.3664924564465146E-019   3.2588605879465485E-019   1.9248500860459059E-018   7.7521513490419910E-012   1.1165314674920990E-010  -3.4909756722500477E-010   3.2188312772603985E-016  -1.1682243756119105E-016
  -8.5002061756738181E-011  -1.2478884313527334E-011  -1.4752795488908218E-010  -4.1792349575724559E-016  -2.3089533231781248E-017   1.2090932521311366E-019   1.5380410835025486E-017   1.0436479340436551E-017  -1.0541862198280937E-017   1.2653058171455727E-017  -9.6208609097591739E-011  -1.4155879171092964E-011  -1.6760665234800559E-010  -7.0684352749352623E-016   8.5334800201249104E-019   1.9573002097580529E-019  -7.0228497697865835E-019  -8.4094658308813957E-019  -3.6095828182248262E-019  -3.0392263530922990E-019  -3.5185475992604343E-020  -1.3468794719463523E-019  -1.4852247886316958E-019   6.2382135204456276E-019  -2.0498332989049336E-016   1.0733963237914279E-018   1.3654356560385734E-016   9.2652513476903876E-017  -9.3588112236931395E-017   1.1233081690574459E-016  -6.4621764055667112E-011  -8.7439133605733869E-012  -9.7466311830981505E-011  -1.4377836457930436E-015   7.5289446910928837E-018   9.5773693643110690E-016   6.4987852676947781E-016  -6.5644097736882357E-016   7.8790511895413108E-016  -1.5399514732935949E-010   6.3236573341896295E-012   3.0473341012938980E-010   4.4814137901337804E-016   4.6326592966391095E-020  -1.5800789907292783E-020  -1.5065428723716509E-019  -1.0319923183374875E-019  -1.7002838103186321E-019   4.1042244759255919E-020  -2.5039073086802119E-020  -7.7989064931866549E-020   4.9394479031330111E-020   1.7041203231399981E-019   9.5605248986825764E-016   4.3982630327526706E-011  -1.0856787501988066E-012  -7.2791406576741147E-011  -7.1697402605237088E-016   1.9928677293646820E-016
   8.5733937818742682E-010  -2.8355960529730443E-010   2.9616710917908272E-010   3.3246433459138345E-016   6.5526424819258092E-019   1.3002799178959013E-018   1.0717907163518105E-018  -3.1700444507626620E-017  -5.6046311769651179E-019   3.1045170859411227E-017   9.7243775225614599E-010  -3.2206032848725343E-010   3.3643199766292940E-010   5.7428509981930727E-016  -2.1481609041071253E-018  -7.0228497697865835E-019   5.2286737033521162E-018   1.3900301370858110E-018   1.9706490753485814E-018   1.4918164722749073E-018   1.6396391143241972E-018   6.3110295231425435E-019  -1.4974917993049193E-018  -4.3675906700228332E-018   5.8173444232333550E-018   1.1543574532968654E-017   9.5151025208856570E-018  -2.8142883420435408E-016  -4.9756306507003339E-018   2.7561148907165314E-016   6.0347233879384077E-010  -1.8948784877139357E-010   1.9668857422512505E-010   4.0803761069494394E-017   8.0968354017976161E-017   6.6740363577230153E-017  -1.9739837551606281E-015  -3.4899769170180637E-017   1.9331799893420951E-015  -3.2787615516762665E-010   5.0198701271354848E-010  -5.7197405951677818E-010  -6.0711844406271068E-017   1.2399501754096906E-019  -6.0507334893724841E-019   2.3947417543194488E-018   5.0967006656777201E-020   1.0973281343168614E-018  -2.1735527910040143E-019   9.5603912162787686E-019  -2.4688679910023547E-019  -6.7757405286576802E-019  -1.6009069421846228E-018  -1.1629275491198882E-016   4.6803366380555195E-011  -1.1808046814679096E-010   1.3575797630012902E-010  -4.3204329489755764E-017   2.3042009735304690E-017
  -1.7319248645813078E-010  -2.0571366412754244E-010   1.1181766421827961E-009  -1.6535875228082842E-016  -3.3590842652590078E-018   1.1208705244899774E-017   9.4482271930559131E-019   8.4707949085289732E-018  -7.3986531897972949E-018  -5.1117383524426794E-018  -1.9666321860090239E-010  -2.3363440075522381E-010   1.2691295353267707E-009  -2.8533261467548665E-016  -6.9342775364741953E-018  -8.4094658308813957E-019   1.3900301370858110E-018   7.4330173187117494E-018   3.4790424968808715E-018   1.8703701921690554E-018  -2.0191749763828768E-018   8.6935600853947792E-019   3.5499971768694700E-018  -1.6838933240846570E-018  -2.9821061887117159E-017   9.9508183444888676E-017   8.3879128443680923E-018   7.5201729984840217E-017  -6.5683451036859431E-017  -4.5380670989480362E-017  -1.1678121528151282E-010  -1.3770920311050502E-010   7.6751972345919958E-010  -2.0916937142240974E-016   6.9796521762518981E-016   5.8834064818592308E-017   5.2747614170033520E-016  -4.6071351263244413E-016  -3.1830677368382007E-016   2.6587997018068534E-010   3.5476592040509597E-010  -1.1890017147066030E-009   3.7636729502435232E-017  -8.7124571380952054E-019   4.8522147550654207E-020  -3.0792172222745338E-019   1.1765827558208842E-018   1.0764056926352976E-018  -7.6478433653382438E-021  -3.7289947450505618E-019   4.7314329701561006E-019   4.5179141529341001E-019  -1.2309418148678766E-019   7.4046570805250801E-017  -6.1504157569937636E-011  -8.3210422184203443E-011   2.5953962649430410E-010   6.0550488771141268E-018  -6.8930910905913216E-018
   6.0995810156046014E-011  -5.9733685327394401E-010   4.5746398552543754E-010  -2.1906448664622820E-016   7.5205844432944430E-018  -8.7040473561451395E-019  -3.0177750362737582E-018  -3.8832360009311450E-017   1.4996360348317541E-017   3.1311759739081563E-017   6.9172245148297059E-011  -6.7757747944445174E-010   5.1903751666971183E-010  -3.7026086843790638E-016  -3.6656400790207859E-018  -3.6095828182248262E-019   1.9706490753485814E-018   3.4790424968808715E-018   3.2491370837637184E-018   1.4389187002836985E-018  -7.9090755213773262E-019   4.9636582214107766E-019   1.4221641796343589E-018  -1.8387517843990581E-018   6.6765984557621207E-017  -7.7272469873850727E-018  -2.6791084084854826E-017  -3.4474427680846089E-016   1.3313403146861275E-016   2.7797829059646611E-016   4.3221306766223713E-011  -4.1934313097855307E-010   3.1829626482511958E-010   4.6830656468783890E-016  -5.4200050022241744E-017  -1.8791666611371677E-016  -2.4180877344941479E-015   9.3382192757139379E-016   1.9497811632081341E-015  -1.2152057419823348E-011   2.7190167764711639E-010  -3.1932988462282206E-010   2.4102624149681050E-016  -4.4325305677982318E-019  -2.4328091602953803E-019   4.9154927392018875E-019   6.0293940955314970E-019   9.0968964180165580E-019  -8.2502375200747300E-021   6.8631966091597353E-020  -1.5471084034835446E-019   1.5124007837228875E-019  -2.5104835041230859E-019   5.1447254940171033E-016   4.1646275168543098E-013  -4.3939742407922489E-011   6.2614766305244034E-011  -3.8851860224853822E-016   1.0821919164024591E-016
   1.3261773717524352E-010  -2.1704422875062295E-010   2.7650368891238092E-010  -1.8194577469775637E-016   3.0199869558337445E-017  -1.7364502999953683E-017   1.5797905132386010E-018  -1.8744296892667804E-017   1.6530230470555363E-017  -1.1455581942643129E-017   1.5060668269633643E-010  -2.4641337603541312E-010   3.1444137849530945E-010  -3.3135056490261941E-016  -2.0831311948406040E-018  -3.0392263530922990E-019   1.4918164722749073E-018   1.8703701921690554E-018   1.4389187002836985E-018   9.2441651936203654E-019  -2.1001498656311436E-019   3.1917435687354126E-019   5.8571922259308939E-019  -1.3497893244516605E-018   2.6810713153521064E-016  -1.5415784920359708E-016   1.4024978051356982E-017  -1.6640735301013994E-016   1.4675134443381932E-016  -1.0169978052350847E-016   8.9027985625838010E-011  -1.4738309934491979E-010   1.7554429179526646E-010   1.8805433447144404E-015  -1.0812861036966298E-015   9.8373231314841624E-017  -1.1672059791779699E-015   1.0293357425797945E-015  -7.1333737159542794E-016  -2.1894181172872416E-010   2.9296463180347013E-010  -8.4883672338795106E-010  -3.8809009155471004E-016  -8.3697900318191620E-021  -1.7269486807959354E-019   4.9434656300005513E-019   1.8815417547982230E-019   5.4547849705594896E-019  -1.7692866150129212E-019   2.2879850109326602E-019  -7.2982695794556848E-020  -1.3425687941356332E-019  -3.1404656948819325E-019  -8.5402178485184521E-016   5.1097389330166752E-011  -6.6587105256153371E-011   2.0882569072001719E-010   8.9759022760042221E-016  -2.7124329404992580E-016
   4.6738041431190441E-010   1.2548399479556735E-010  -2.2363155742971239E-010  -1.0528904043439608E-015  -1.2705952338763739E-017   2.0729681669933699E-017   3.3715136247281003E-017   1.2035992831801505E-018  -2.3535274522237381E-017   1.1502359119853149E-017   5.3041559241037268E-010   1.4267169940794393E-010  -2.5405556909107669E-010  -1.7542831064348475E-015   1.6614482196817219E-018  -3.5185475992604343E-020   1.6396391143241972E-018  -2.0191749763828768E-018  -7.9090755213773262E-019  -2.1001498656311436E-019   1.6357243888920371E-018  -5.0601799131217504E-021  -2.1593936217825018E-018  -1.2183840075758023E-018  -1.1280044077618051E-016   1.8403309440468022E-016   2.9931479596125004E-016   1.0685177829625489E-017  -2.0894051035413830E-016   1.0211526449889211E-016   3.2223199128596601E-010   8.0351140357067076E-011  -1.4803609664266144E-010  -7.9119917130212484E-016   1.2908355259890396E-015   2.0994385636212844E-015   7.4947382326849289E-017  -1.4655399130562930E-015   7.1625179471235521E-016  -4.4166453746390065E-010  -3.5855185282598872E-010   4.5060462884967438E-010   1.7831360872756345E-015   2.9011034957539406E-019  -2.6527626057751712E-019   1.2880765847484587E-018  -4.3395714790132888E-019   5.7005834579895269E-021   4.4705075949482057E-020   4.4110811178604875E-019  -1.2301597931535729E-019  -3.2654088114066713E-019  -8.6840217098853875E-019   3.8333463485122246E-015   9.4061176780419501E-011   8.7816834223652417E-011  -1.0738813001317554E-010  -3.1631513686066116E-015   9.0361369689048448E-016
   7.8194348783489507E-011  -3.2374204448995030E-011   1.4521211666085906E-010  -5.0141934947546866E-017  -8.5277182587264044E-018  -1.1324345518958348E-017  -8.3191685993910156E-018  -1.1872249513128191E-017  -2.1944216664617823E-017   2.0399965022966381E-017   8.8948156796201971E-011  -3.6835655855570490E-011   1.6474723653547209E-010  -8.2916206406622667E-017  -8.8588889149692896E-019  -1.3468794719463523E-019   6.3110295231425435E-019   8.6935600853947792E-019   4.9636582214107766E-019   3.1917435687354126E-019  -5.0601799131217504E-021   1.7577343475487308E-019   1.4148140483749838E-019  -6.0139274420467843E-019  -7.5706992164030144E-017  -1.0053480895485574E-016  -7.3855556942621001E-017  -1.0539894897195595E-016  -1.9481542788246305E-016   1.8110594096649080E-016   4.9055757825184868E-011  -2.0096977784579816E-011   1.0127175126775928E-010  -5.3102009779606066E-016  -7.0516613882455868E-016  -5.1803385874037289E-016  -7.3928391916389396E-016  -1.3664644079586920E-015   1.2703040164213810E-015  -2.6292839244103129E-010   1.1716004338166836E-010  -9.2196857389615734E-011   1.0043191685291183E-016  -7.1101865737566559E-020  -1.3196558943950974E-019   3.3708788186884693E-019   9.9051389560576350E-020   2.3828981851960582E-019  -3.6621373800894686E-021   1.0714820317685211E-019   1.0135030288407516E-020  -1.1787184405143930E-020  -2.5879929009409346E-019   2.1634564670077233E-016   6.5020285772097804E-011  -2.9084210276015461E-011   1.7485646511180813E-011  -1.8281904682749850E-016   5.2556136719655455E-017
  -5.4205693693101652E-010  -1.5590076408112502E-010   4.4756326585953503E-010  -5.2626653096436589E-016  -1.4916371933974943E-017   3.0654365969614588E-017   2.3852074750778329E-018   1.9378979021203963E-017  -1.7069953495818627E-017  -4.4626195028157413E-018  -6.1542127377835104E-010  -1.7728686893379304E-010   5.0846034254280406E-010  -8.9991890710295806E-016  -3.0824706041501577E-018  -1.4852247886316958E-019  -1.4974917993049193E-018   3.5499971768694700E-018   1.4221641796343589E-018   5.8571922259308939E-019  -2.1593936217825018E-018   1.4148140483749838E-019   3.0456846942008576E-018   1.0107866498131753E-018  -1.3242392825091408E-016   2.7214206303133913E-016   2.1175309195654679E-017   1.7204188457997746E-016  -1.5154292253179845E-016  -3.9617958903748024E-017  -3.6769949202212271E-010  -9.9076411860235252E-011   2.9607897060386189E-010  -9.2884116937801267E-016   1.9088449554883968E-015   1.4852676961456107E-016   1.2067273974903367E-015  -1.0629446348893447E-015  -2.7788623574015437E-016   7.4655104826099183E-010   4.7472528244902954E-010  -9.0928684124641390E-010   3.2156852737537466E-016  -4.3555696640401605E-019   3.7170054722253792E-019  -1.5774766256840304E-018   6.8542346365959178E-019   1.6239870468349239E-019  -1.0102130562635090E-019  -5.6676911831291113E-019   2.4301853829504782E-019   3.8871118693985370E-019   9.9467815880463352E-019   6.7516938248040834E-016  -1.7017902835556416E-010  -1.1673213061593512E-010   2.1686861959032815E-010  -3.9930126877334438E-016   1.0193326706256911E-016
  -6.9730846880142176E-010   2.3548480258172936E-010  -3.2896047479836001E-010   3.2826261183240800E-017  -8.9873763828762117E-018  -1.4087223428301505E-017   2.1313989038007676E-017  -2.4616000374777440E-017  -9.4675782543437807E-019   3.3603385812094308E-017  -7.9111352352556902E-010   2.6750713462438860E-010  -3.7352945804633378E-010   3.6580120092927295E-017   2.2613001977826119E-018   6.2382135204456276E-019  -4.3675906700228332E-018  -1.6838933240846570E-018  -1.8387517843990581E-018  -1.3497893244516605E-018  -1.2183840075758023E-018  -6.0139274420467843E-019   1.0107866498131753E-018   3.7036269981426193E-018  -7.9787771529305946E-017  -1.2506296968769195E-016   1.8922042828517655E-016  -2.1853490622255499E-016  -8.4050941689746498E-018   2.9832267840646202E-016  -4.8636767774881716E-010   1.5621653351689838E-010  -2.2207103094560711E-010  -5.5964332092467529E-016  -8.7721030647336345E-016   1.3272203034327155E-015  -1.5328363813765616E-015  -5.8954566863156257E-017   2.0924797062406996E-015   4.4036154685208962E-010  -4.6148288201227597E-010   4.9497478977557828E-010  -5.0279787449940237E-016  -3.9429619984281467E-020   5.4936169536028003E-019  -2.0361946743539960E-018  -1.1180054185243033E-019  -9.9549091397216121E-019   1.6472732237837869E-019  -7.9245856576947873E-019   1.7647687641650073E-019   5.1382163195483102E-019   1.3861406206617915E-018  -1.0935666689799900E-015  -8.3348781850293062E-011   1.0968945680357886E-010  -1.1420415867725578E-010   1.0262668347026813E-015  -3.0269797119194165E-016
  -8.6500099934131857E-016   6.8750768676353349E-016  -5.0537723006478347E-016  -5.4701277478949069E-009   3.8449300188781511E-003  -1.5922148446724558E-010   4.1744763542325276E-010  -1.9224646680189202E-003   2.3573471517626607E-010  -1.9224653508505731E-003   1.4753603190579436E-015  -1.5459268929845880E-016   4.1538970013801732E-016  -3.1053784650404061E-009  -1.2017686337933490E-016  -2.0498332989049336E-016   5.8173444232333550E-018  -2.9821061887117159E-017   6.6765984557621207E-017   2.6810713153521064E-016  -1.1280044077618051E-016  -7.5706992164030144E-017  -1.3242392825091408E-016  -7.9787771529305946E-017   3.4134358566862852E-002  -4.5479395649170746E-010   1.1865436619443158E-009  -1.7067178753498349E-002   4.8922930190045248E-010  -1.7067179813349941E-002  -5.7543595386873193E-016   4.4211109844910158E-016  -8.8893344280425120E-018  0.23942347574329403       -1.1162647819932071E-009   2.7561509256268922E-009 -0.11971173660592259        1.6808856303018015E-009 -0.11971173913736310        2.1307127278783057E-016  -5.1342437734558301E-016   5.5603716529906511E-015   3.1261331063337538E-009   2.7480003246216155E-017   4.3509062530855413E-017  -5.4670104706135307E-017   1.2158877801832556E-016  -3.9853051040981019E-017  -1.8364400713073325E-016  -6.6025822714596295E-017  -4.9546198222780073E-017   1.0863789584933761E-016  -4.0271308494076356E-017   3.2856500618886754E-009  -4.2157704369023446E-017   1.1561699875353860E-016  -1.4487162795793505E-015  -2.6599256528626626E-009   7.2612130705558507E-010
   1.6202932035083080E-017  -4.4362314948967806E-016  -1.4690798608171422E-016   7.6574522541412497E-011  -1.4148366646266178E-010   3.8449297977462683E-003  -8.6599795096813976E-011   5.4697643679130720E-011  -2.1405922927145201E-010   8.6784959992785399E-011  -5.2627382921345118E-017  -2.6346296843997138E-017   2.9615813924322212E-016  -2.7944598037723963E-010   6.3104000511644003E-017   1.0733963237914279E-018   1.1543574532968654E-017   9.9508183444888676E-017  -7.7272469873850727E-018  -1.5415784920359708E-016   1.8403309440468022E-016  -1.0053480895485574E-016   2.7214206303133913E-016  -1.2506296968769195E-016  -4.5479395649170746E-010   3.4134358418682002E-002   1.4389810262013127E-010   2.5802162464932842E-010  -5.0776429757972127E-010   1.9677227853144446E-010   2.1382808766166014E-017  -4.9542484987566259E-016   2.5937106277313551E-016  -1.6944544324533618E-009  0.23942347534006772        1.8222945957886883E-010   9.7547428184767208E-010  -8.8207349773942180E-010   7.1898091045009674E-010  -1.1191777131084735E-015   4.2096500316006943E-016  -2.8731939159287004E-015   1.4008027704492808E-010  -3.7716570555258885E-017   1.5929734426984704E-016   3.1760724560971730E-017  -6.1790136815520740E-017   5.1221091466237033E-017   7.8430216417209260E-017   9.1648314474425307E-017  -6.0316270610202109E-017   3.9271383967185812E-017  -1.1714792247602242E-016   1.1059694329039050E-010   2.8671735451509537E-016  -8.4219941078242451E-017   7.3652215888435612E-016  -9.5096052641965447E-011   2.5490184376226801E-011
