  0.12468811976225498       -1.6039641764660014E-016   2.6230069277623891E-017  -4.2488453452387361E-017   8.5486711147445726E-017  0.10818162868003185       -5.5572137603460765E-017   7.8993586800150410E-018  -2.5506830653835237E-017  -1.1083003014236397E-018   6.4130480024332701E-018  -8.6013842678798420E-018   1.4482023619456477E-017  -4.9466496883494551E-018  -2.8675751247093256E-017   1.7826384966818583E-017  -5.3219863045650713E-018  -5.9029309050198742E-018   6.6486516946774517E-017  -2.9958238113926268E-018   6.4608497481851210E-017  -1.2840508041487932E-017   2.9578974846782677E-018  -5.5493738668564604E-018  -2.4698735833129387E-017  0.11586902091604728       -1.2197952066819706E-016   3.4615836627599045E-017   1.5103419318675829E-017  -5.8907971940766872E-019   3.3884654031361516E-018   9.6736391893731571E-018   1.6205235587653485E-018   9.1179182795279640E-018  -3.5671473082694338E-016  -2.7622251418372428E-016
  -1.6039641764660014E-016  0.12468811976225391        9.2973724422418027E-017  -5.6337581590561731E-016  -7.3946166065995865E-016   3.1810152927545724E-016  0.10818162868003196        6.1057522969880033E-017   1.5547281118671411E-017  -2.1777215270606287E-018  -7.8715673225098172E-018   2.2291051364402768E-017  -1.8975254977289927E-018   7.8832029848937696E-018  -9.2253265574992405E-016  -1.0048399529546518E-016  -1.0471921964285439E-016  -5.6523572530057601E-018  -3.7179643715656858E-017   5.7829385415261006E-019  -4.2516424706158127E-017  -3.3891967636413398E-016  -8.2888887252905680E-018  -8.2621598012408208E-017  -1.4019990680840539E-017   7.0247265758958511E-018  0.11586902091604684        6.4686776804546621E-017   6.1875500019158942E-018  -6.6226276815536826E-019  -9.6378119437182210E-019   6.1489716795718135E-019  -5.8196088156213231E-019   2.7528576556044323E-018   5.1105205610572542E-017  -1.1828637962139356E-016
   2.6230069277623891E-017   9.2973724422418027E-017  0.12468811976225466        1.0479903983743216E-015   5.0956496850068291E-016   1.6492769098401700E-016  -1.1768054611656297E-016  0.10818162868003213        9.4098941525713058E-017  -4.9161128760834373E-018   5.7131020857760246E-018   4.8092550592864043E-017   2.6440682738791901E-017   1.0088060599559800E-016   2.0761557905770397E-015  -7.9449271835720332E-017   2.4624251022322280E-017  -6.0214673396554081E-017  -2.9927926953114792E-017  -9.4740055178333735E-018  -1.5437804843777726E-017   4.0099580689806041E-017  -1.1927281301574905E-016  -3.1516873870025168E-019  -2.9227110360358122E-016  -6.3562764083542297E-018   3.6620057752948281E-018  0.11586902091604714       -1.1956838826182455E-016   3.1819320602432234E-020   3.1462207856215628E-018  -1.2088511070799046E-016  -2.0611006259934506E-018  -1.3697427265994321E-016  -6.8585025156767759E-016  -1.8966103608370220E-016
  -4.2488453452387361E-017  -5.6337581590561731E-016   1.0479903983743216E-015   5.2307163909943694E-002  0.16908211759817685        4.2219055685857903E-017   7.0438847827253599E-017   3.8488670320891393E-016  -7.4897352175156516E-015   3.4319765629433979E-017   8.0488528831150993E-017  -1.0029451518471907E-014   4.4255000380028482E-017  -7.0608941741876865E-015  0.14420910306806203       -3.2542972697155922E-017  -3.5885465576019890E-017   8.3025992086326703E-018  -1.0754114164544639E-017  -1.1758654914383332E-017   2.3778661784901764E-017  -1.2792203011304837E-016   3.7361164675763632E-018  -6.2055627942453349E-017   3.5427227966572784E-017  -4.6125468865064817E-017  -3.5810866380064690E-016   6.7028521103768121E-016  -2.8242334784340140E-015  -9.7267019882057882E-018  -4.4476763953146424E-018  -1.3104546561369394E-015  -1.8893001910313314E-017  -1.8830970151141260E-015  -7.9114838841435858E-002  -3.4459330898022097E-002
   8.5486711147445726E-017  -7.3946166065995865E-016   5.0956496850068291E-016  0.16908211759817685       0.54674402139714273        3.1853831521692842E-016   1.1384046440334889E-015  -1.2378754440002667E-015  -2.3901275346246553E-014   1.0694414518870022E-016   2.6262650910332131E-016  -3.2090357334779124E-014   1.4642127671806060E-016  -2.2515027009495895E-014  0.46596218594682542       -9.5622936995272522E-017  -1.0968600983176394E-016   2.7317311003946139E-017  -4.5642008095939747E-017  -3.9268706695352786E-017   7.3243003696331953E-017  -4.1043186628925589E-016   1.3129661007961034E-017  -1.9356645214150606E-016   1.1770438682709089E-016   5.7804120588670855E-017  -1.5081384860958530E-016  -5.1676767384991203E-016  -9.1020099464560201E-015  -3.0536451654919027E-017  -1.4048482553035581E-017  -4.2157024012456703E-015  -6.2800130081839838E-017  -6.0530327742798978E-015 -0.26770446768150891      -0.12050422184043375     
  0.10818162868003185        3.1810152927545724E-016   1.6492769098401700E-016   4.2219055685857903E-017   3.1853831521692842E-016   9.3860303661480432E-002   3.4851565896820359E-016   1.3020131655679948E-016  -2.2130179586176225E-017  -9.6158103837924705E-019   5.5640744204763146E-018  -7.4627138558236060E-018   1.2564861068742642E-017  -4.2918011821750632E-018   2.0458962233760658E-016   1.5466488410159815E-017  -4.6174499009091433E-018  -5.1214877608898576E-018   5.7684883710484679E-017  -2.5992299809542631E-018   5.6055480646298313E-017  -1.1140652980059702E-017   2.5663244258648500E-018  -4.8147353911160036E-018  -2.1429062158131174E-017  0.10053002178683249        3.1909086375785056E-016   1.6214377603070761E-016   1.3103995020908717E-017  -5.1109603376341849E-019   2.9398928040309790E-018   8.3930212819341179E-018   1.4059950397509705E-018   7.9108679442027991E-018   2.8559129951315408E-016   2.5261395274768907E-016
  -5.5572137603460765E-017  0.10818162868003196       -1.1768054611656297E-016   7.0438847827253599E-017   1.1384046440334889E-015   3.4851565896820359E-016   9.3860303661481417E-002  -1.1911485524058531E-016   1.3489097406837862E-017  -1.8894298996413600E-018  -6.8295117035789652E-018   1.9340112323210507E-017  -1.6463268449121319E-018   6.8396070109332337E-018   7.6955415275010953E-016  -8.7181700133640663E-017  -9.0856256046421040E-017  -4.9040856071730650E-018  -3.2257719649410255E-017   5.0173802538026489E-019  -3.6888005682770807E-017  -2.9405273454031928E-016  -7.1915871693249501E-018  -7.1683966797895479E-017  -1.2163993079886814E-017   8.3773817237975703E-017  0.10053002178683307       -1.2819448374651568E-016   5.3684283476122582E-018  -5.7459094747623526E-019  -8.3619369268815861E-019   5.3349571093933209E-019  -5.0491960353154957E-019   2.3884282261398658E-018   9.5835727751061428E-016   8.6940312260752925E-016
   7.8993586800150410E-018   6.1057522969880033E-017  0.10818162868003213        3.8488670320891393E-016  -1.2378754440002667E-015   1.3020131655679948E-016  -1.1911485524058531E-016   9.3860303661481140E-002   8.1641914007053464E-017  -4.2653069011203519E-018   4.9567889036494901E-018   4.1725951601875454E-017   2.2940406251601776E-017   8.7525806625788849E-017   3.4037995932919433E-016  -6.8931600227983711E-017   2.1364437812521157E-017  -5.2243320782252814E-017  -2.5966001307729884E-017  -8.2198155605926674E-018  -1.3394113845238962E-017   3.4791108861703941E-017  -1.0348321230519243E-016  -2.7344599891702692E-019  -2.5357960376845204E-016  -1.9316586362133971E-017  -1.5043305143235604E-017  0.10053002178683286       -1.0373965864166076E-016   2.7607008052153067E-020   2.7297170686709939E-018  -1.0488207043694124E-016  -1.7882475332737899E-018  -1.1884131328523299E-016  -7.5546449900967046E-016  -5.4537931649827565E-016
  -2.5506830653835237E-017   1.5547281118671411E-017   9.4098941525713058E-017  -7.4897352175156516E-015  -2.3901275346246553E-014  -2.2130179586176225E-017   1.3489097406837862E-017   8.1641914007053464E-017   1.5792910291398946E-027  -1.1464422543539705E-029  -7.5095281726129639E-030   1.9765315540724107E-027  -8.0010806282927453E-031   1.5179291266451533E-027  -2.0962938417826112E-014   2.0272574221462812E-029   1.5492916427646350E-029  -4.4817680711317847E-031  -1.6333476445029939E-029  -3.8644294801430320E-031  -9.3703985067424979E-030   2.3346315233348190E-029   1.0988916177440530E-030   2.0394799617002295E-029  -6.7184805989611037E-032  -2.3702751313969907E-017   1.4447633379661489E-017   8.7443392719479521E-017   4.4902050837543735E-028   2.8761277989009473E-030   1.1769604086357236E-030   2.2085812996072740E-028  -1.3035921969188302E-031   3.2534213029429385E-028  -8.2866790843791737E-015  -1.0006113731857766E-014
  -1.1083003014236397E-018  -2.1777215270606287E-018  -4.9161128760834373E-018   3.4319765629433979E-017   1.0694414518870022E-016  -9.6158103837924705E-019  -1.8894298996413600E-018  -4.2653069011203519E-018  -1.1464422543539705E-029   1.0732697774476482E-031   8.2033148634081374E-034  -1.3563563023876638E-029  -4.3407287298889359E-032  -1.1183921181493280E-029   9.8674535936654766E-017  -2.1929221298913624E-031  -1.5631401968548538E-031  -2.1754437081991847E-033   2.2454176182255185E-031   1.9333369448480988E-032   9.3052059762318031E-032  -1.4457120427659218E-031  -1.5017597166897283E-032  -1.8800794162144531E-031  -3.2235729700041831E-032  -1.0299110376495669E-018  -2.0236928878984537E-018  -4.5683998343280598E-018  -2.4262277124861366E-030  -2.5527821215503628E-032  -1.0012467885996399E-032  -1.2854484474662818E-030   2.4285791917428256E-032  -1.9512287156755814E-030   2.0147591809264306E-016   1.7038803590725670E-016
   6.4130480024332701E-018  -7.8715673225098172E-018   5.7131020857760246E-018   8.0488528831150993E-017   2.6262650910332131E-016   5.5640744204763146E-018  -6.8295117035789652E-018   4.9567889036494901E-018  -7.5095281726129639E-030   8.2033148634081374E-034   1.5672580174685426E-031  -1.1152953680679709E-029   1.1388909983868069E-031  -6.8474504664743257E-030   2.1941755244585465E-016   7.7792720612671950E-032   3.4196643363513654E-032   1.6291500933183113E-032  -1.5337708884950956E-031  -3.5061745011655821E-032  -5.1160201154594738E-033  -1.3436416308652431E-031   1.4624596574159807E-032   6.4848640707569865E-034   8.2099482974347553E-032   5.9594578420653416E-018  -7.3148171652038378E-018   5.3090185844041651E-018  -3.9967854566554968E-030  -3.2069868777014327E-033  -2.1996342535553668E-033  -1.7577622850587134E-030  -5.1487294948227630E-032  -2.4616334907786346E-030  -2.7707971873601770E-016  -1.7134420787271173E-016
  -8.6013842678798420E-018   2.2291051364402768E-017   4.8092550592864043E-017  -1.0029451518471907E-014  -3.2090357334779124E-014  -7.4627138558236060E-018   1.9340112323210507E-017   4.1725951601875454E-017   1.9765315540724107E-027  -1.3563563023876638E-029  -1.1152953680679709E-029   2.4993354765230716E-027  -2.5905372342490442E-030   1.8943504639085468E-027  -2.7985682993732283E-014   2.2919843881167419E-029   1.7906359741970405E-029  -7.7806868738194129E-031  -1.6976375183214284E-029   5.0691842439960911E-032  -1.0906574579605217E-029   2.9856862706506293E-029   1.0759285719641695E-030   2.4166939945878567E-029  -1.3370735299117620E-030  -7.9930146957232504E-018   2.0714421724409893E-017   4.4690999921893098E-017   5.8916134635930014E-028   3.4466807532767008E-030   1.4278887837230835E-030   2.8674173377070138E-028   5.9992006723833311E-031   4.2052852210867083E-028  -5.7467002168469995E-015  -9.3241916723368831E-015
   1.4482023619456477E-017  -1.8975254977289927E-018   2.6440682738791901E-017   4.4255000380028482E-017   1.4642127671806060E-016   1.2564861068742642E-017  -1.6463268449121319E-018   2.2940406251601776E-017  -8.0010806282927453E-031  -4.3407287298889359E-032   1.1388909983868069E-031  -2.5905372342490442E-030   1.0488401534037846E-031  -4.3287343467514955E-031   1.1858953114453852E-016   1.3010596986952292E-031   8.8547821354181626E-032   2.2129387667240581E-033  -2.0139220417597420E-031  -3.4792197195899669E-032  -3.9654211175434529E-032  -4.1175994954174957E-032  -2.8671061187807552E-033   7.3506145791062983E-032   2.2228806343266446E-032   1.3457720758553396E-017  -1.7633149172855826E-018   2.4570552728977931E-017  -1.9260892920059115E-030   7.8756780140742457E-033   3.1783566773030583E-033  -7.7041935660699265E-031  -4.7089193761485885E-032  -1.0133381912207975E-030  -2.8058565790278516E-016  -1.9188690546891614E-016
  -4.9466496883494551E-018   7.8832029848937696E-018   1.0088060599559800E-016  -7.0608941741876865E-015  -2.2515027009495895E-014  -4.2918011821750632E-018   6.8396070109332337E-018   8.7525806625788849E-017   1.5179291266451533E-027  -1.1183921181493280E-029  -6.8474504664743257E-030   1.8943504639085468E-027  -4.3287343467514955E-031   1.4600873174525306E-027  -1.9780664536370340E-014   2.0011891193688351E-029   1.5206482159123902E-029  -3.8394235145750557E-031  -1.6411531125515280E-029  -4.8406573624923114E-031  -9.1635234507659110E-030   2.2318866307486474E-029   1.1241781912058028E-030   1.9891155685373707E-029   2.0460015597924483E-031  -4.5967768003600222E-018   7.3256298457405501E-018   9.3745395057831182E-017   4.2586537664805761E-028   2.7964539973231575E-030   1.1413306925906790E-030   2.1011214706582365E-028  -2.8530245114959777E-031   3.0990213482652302E-028  -8.9369615354067774E-015  -1.0289892143347823E-014
  -2.8675751247093256E-017  -9.2253265574992405E-016   2.0761557905770397E-015  0.14420910306806203       0.46596218594682542        2.0458962233760658E-016   7.6955415275010953E-016   3.4037995932919433E-016  -2.0962938417826112E-014   9.8674535936654766E-017   2.1941755244585465E-016  -2.7985682993732283E-014   1.1858953114453852E-016  -1.9780664536370340E-014  0.39777421983911987       -9.9440467940376778E-017  -1.0534642131136064E-016   2.2403250884476346E-017  -1.8600051370793210E-017  -3.1139607424524656E-017   6.9234449695633457E-017  -3.5579873313153903E-016   9.2312566008535433E-018  -1.7822200352759154E-016   9.4435725002820343E-017  -4.4791875319492917E-017  -4.0287912101208518E-016   1.1014545204512016E-015  -7.8140237216811100E-015  -2.7735231034160323E-017  -1.2595768906052971E-017  -3.6335182200672704E-015  -5.0331704173213390E-017  -5.2262149486651173E-015 -0.20596392508192604       -8.5746523392925364E-002
   1.7826384966818583E-017  -1.0048399529546518E-016  -7.9449271835720332E-017  -3.2542972697155922E-017  -9.5622936995272522E-017   1.5466488410159815E-017  -8.7181700133640663E-017  -6.8931600227983711E-017   2.0272574221462812E-029  -2.1929221298913624E-031   7.7792720612671950E-032   2.2919843881167419E-029   1.3010596986952292E-031   2.0011891193688351E-029  -9.9440467940376778E-017   6.4010206162237054E-031   4.1062224643585738E-031   6.1234206674436932E-032  -4.8683736506645300E-031  -5.1429903292364528E-032  -1.4520802256262564E-031   4.8132414755580821E-031   1.3419596825105168E-031   4.6119620227501547E-031   3.3364669091426937E-031   1.6565537891790921E-017  -9.3376836340287920E-017  -7.3829883373416298E-017   3.2148559265832204E-030   5.2401966180923833E-032   1.8696095860535269E-032   1.9244522371014900E-030  -7.3956686922205833E-032   2.9857507158801517E-030  -5.5802526029247657E-016  -4.4108729143267591E-016
  -5.3219863045650713E-018  -1.0471921964285439E-016   2.4624251022322280E-017  -3.5885465576019890E-017  -1.0968600983176394E-016  -4.6174499009091433E-018  -9.0856256046421040E-017   2.1364437812521157E-017   1.5492916427646350E-029  -1.5631401968548538E-031   3.4196643363513654E-032   1.7906359741970405E-029   8.8547821354181626E-032   1.5206482159123902E-029  -1.0534642131136064E-016   4.1062224643585738E-031   3.2895444104570523E-031   3.4526013972465445E-033  -3.3427021859898785E-031  -3.6300221161638063E-032  -1.0760887591538921E-031   4.8375890186224102E-031   1.5950649824530491E-032   3.4733831290823583E-031   3.7449948039549719E-032  -4.9455661342425277E-018  -9.7312506389908478E-017   2.2882595889549678E-017   2.8212223544556818E-030   3.7548900176604170E-032   1.5334177363433642E-032   1.5544105011865709E-030  -4.4886514881915897E-032   2.4017658024576852E-030  -3.4624406181451181E-016  -2.8142698150533413E-016
  -5.9029309050198742E-018  -5.6523572530057601E-018  -6.0214673396554081E-017   8.3025992086326703E-018   2.7317311003946139E-017  -5.1214877608898576E-018  -4.9040856071730650E-018  -5.2243320782252814E-017  -4.4817680711317847E-031  -2.1754437081991847E-033   1.6291500933183113E-032  -7.7806868738194129E-031   2.2129387667240581E-033  -3.8394235145750557E-031   2.2403250884476346E-017   6.1234206674436932E-032   3.4526013972465445E-033   3.2150353511497125E-032  -1.6359789093880522E-032  -3.7465810683895562E-034   8.9733225974646454E-034  -1.5886883147908778E-032   6.1103087133402967E-032   1.2166238360551340E-032   1.5666863619456604E-031  -5.4854209511207676E-018  -5.2525701889022217E-018  -5.5955733910668427E-017  -3.2221683762558470E-031   7.9805747629912727E-034  -1.5072318109870914E-033  -9.8476197412460923E-032  -6.4464736280439521E-033  -1.4679150096536252E-031  -4.2964328800905530E-017  -2.8629685668662407E-017
   6.6486516946774517E-017  -3.7179643715656858E-017  -2.9927926953114792E-017  -1.0754114164544639E-017  -4.5642008095939747E-017   5.7684883710484679E-017  -3.2257719649410255E-017  -2.5966001307729884E-017  -1.6333476445029939E-029   2.2454176182255185E-031  -1.5337708884950956E-031  -1.6976375183214284E-029  -2.0139220417597420E-031  -1.6411531125515280E-029  -1.8600051370793210E-017  -4.8683736506645300E-031  -3.3427021859898785E-031  -1.6359789093880522E-032   6.8342580467672044E-031   7.5538399397654271E-032   2.5480145173099382E-031  -6.6419568418101385E-032  -2.8808619752508552E-032  -3.7080746783902313E-031  -1.2990286964633144E-031   6.1783974587392739E-017  -3.4549954907931425E-017  -2.7811146729265675E-017  -9.5798529432372823E-031  -5.0319908908499268E-032  -1.6697043087213875E-032  -8.6871991997351630E-031   1.0512730169190674E-031  -1.5398103444223019E-030   7.0647915187962869E-016   5.3280487781590883E-016
  -2.9958238113926268E-018   5.7829385415261006E-019  -9.4740055178333735E-018  -1.1758654914383332E-017  -3.9268706695352786E-017  -2.5992299809542631E-018   5.0173802538026489E-019  -8.2198155605926674E-018  -3.8644294801430320E-031   1.9333369448480988E-032  -3.5061745011655821E-032   5.0691842439960911E-032  -3.4792197195899669E-032  -4.8406573624923114E-031  -3.1139607424524656E-017  -5.1429903292364528E-032  -3.6300221161638063E-032  -3.7465810683895562E-034   7.5538399397654271E-032   1.1841451606387638E-032   1.8248006049898579E-032   3.9277234850578897E-033   1.0866124615231127E-033  -3.3181392955006818E-032  -6.4965482116022927E-033  -2.7839314004005344E-018   5.3739155590915602E-019  -8.8039160875763853E-018   4.6154019153881229E-031  -3.8450969443260440E-033  -1.5181496978420395E-033   1.6790038804985730E-031   1.5901157060160989E-032   2.0625061988836796E-031   9.7660138312995013E-017   6.8585550825628735E-017
   6.4608497481851210E-017  -4.2516424706158127E-017  -1.5437804843777726E-017   2.3778661784901764E-017   7.3243003696331953E-017   5.6055480646298313E-017  -3.6888005682770807E-017  -1.3394113845238962E-017  -9.3703985067424979E-030   9.3052059762318031E-032  -5.1160201154594738E-033  -1.0906574579605217E-029  -3.9654211175434529E-032  -9.1635234507659110E-030   6.9234449695633457E-017  -1.4520802256262564E-031  -1.0760887591538921E-031   8.9733225974646454E-034   2.5480145173099382E-031   1.8248006049898579E-032   1.3021238677957950E-031  -1.3221131190433118E-032   6.1542725275626997E-034  -1.3778160016538975E-031  -1.6896058040778417E-032   6.0038786055583499E-017  -3.9509269310873659E-017  -1.4345900281054843E-017  -1.7871091802631271E-030  -2.1877944755656369E-032  -6.6345675190568837E-033  -9.6609462359754421E-031   2.5892588283166440E-032  -1.4889694483484529E-030   1.9376721901954975E-016   1.5931705943909029E-016
  -1.2840508041487932E-017  -3.3891967636413398E-016   4.0099580689806041E-017  -1.2792203011304837E-016  -4.1043186628925589E-016  -1.1140652980059702E-017  -2.9405273454031928E-016   3.4791108861703941E-017   2.3346315233348190E-029  -1.4457120427659218E-031  -1.3436416308652431E-031   2.9856862706506293E-029  -4.1175994954174957E-032   2.2318866307486474E-029  -3.5579873313153903E-016   4.8132414755580821E-031   4.8375890186224102E-031  -1.5886883147908778E-032  -6.6419568418101385E-032   3.9277234850578897E-033  -1.3221131190433118E-032   1.2983953209804583E-030  -8.1126766582868998E-033   4.9133878465669733E-031  -8.8052727526865061E-032  -1.1932308368020448E-017  -3.1494813735561500E-016   3.7263366891177194E-017   7.2947263138862836E-030   4.0407165382657951E-032   1.9514516135163290E-032   3.4944983698104192E-030   1.8781974615680930E-032   5.1077412760009260E-030  -1.5474726188974973E-018  -6.4276619805002901E-017
   2.9578974846782677E-018  -8.2888887252905680E-018  -1.1927281301574905E-016   3.7361164675763632E-018   1.3129661007961034E-017   2.5663244258648500E-018  -7.1915871693249501E-018  -1.0348321230519243E-016   1.0988916177440530E-030  -1.5017597166897283E-032   1.4624596574159807E-032   1.0759285719641695E-030  -2.8671061187807552E-033   1.1241781912058028E-030   9.2312566008535433E-018   1.3419596825105168E-031   1.5950649824530491E-032   6.1103087133402967E-032  -2.8808619752508552E-032   1.0866124615231127E-033   6.1542725275626997E-034  -8.1126766582868998E-033   1.2085587877481385E-031   4.0449261948559455E-032   3.0023710254646923E-031   2.7486875748323001E-018  -7.7026217326296472E-018  -1.1083673482596842E-016   6.4856321538803782E-032   4.3553964746998416E-033  -1.3491223302877924E-033   1.3564029094621148E-031  -8.9489389897047498E-033   1.8658489905464550E-031  -7.2437276161275677E-017  -5.3331002886840175E-017
  -5.5493738668564604E-018  -8.2621598012408208E-017  -3.1516873870025168E-019  -6.2055627942453349E-017  -1.9356645214150606E-016  -4.8147353911160036E-018  -7.1683966797895479E-017  -2.7344599891702692E-019   2.0394799617002295E-029  -1.8800794162144531E-031   6.4848640707569865E-034   2.4166939945878567E-029   7.3506145791062983E-032   1.9891155685373707E-029  -1.7822200352759154E-016   4.6119620227501547E-031   3.4733831290823583E-031   1.2166238360551340E-032  -3.7080746783902313E-031  -3.3181392955006818E-032  -1.3778160016538975E-031   4.9133878465669733E-031   4.0449261948559455E-032   3.9042467501278317E-031   8.7808706548777080E-032  -5.1568707417818981E-018  -7.6777833256853905E-017  -2.9287708601403911E-019   4.3625179772746091E-030   4.5719176836372739E-032   1.7997205642581230E-032   2.3112710147753999E-030  -4.1673628513261848E-032   3.5007035103548465E-030  -3.5197239829748951E-016  -2.9869864242542592E-016
  -2.4698735833129387E-017  -1.4019990680840539E-017  -2.9227110360358122E-016   3.5427227966572784E-017   1.1770438682709089E-016  -2.1429062158131174E-017  -1.2163993079886814E-017  -2.5357960376845204E-016  -6.7184805989611037E-032  -3.2235729700041831E-032   8.2099482974347553E-032  -1.3370735299117620E-030   2.2228806343266446E-032   2.0460015597924483E-031   9.4435725002820343E-017   3.3364669091426937E-031   3.7449948039549719E-032   1.5666863619456604E-031  -1.2990286964633144E-031  -6.4965482116022927E-033  -1.6896058040778417E-032  -8.8052727526865061E-032   3.0023710254646923E-031   8.7808706548777080E-032   7.6937815569931135E-031  -2.2951812444565437E-017  -1.3028367069280507E-017  -2.7159898377785286E-016  -1.1753860516274952E-030   8.8158360232989942E-033  -5.3997500742162548E-033  -2.6289248746154148E-031  -3.7423830495818575E-032  -3.8126614225221179E-031  -2.5573487845861773E-016  -1.7731294880330010E-016
  0.11586902091604728        7.0247265758958511E-018  -6.3562764083542297E-018  -4.6125468865064817E-017   5.7804120588670855E-017  0.10053002178683249        8.3773817237975703E-017  -1.9316586362133971E-017  -2.3702751313969907E-017  -1.0299110376495669E-018   5.9594578420653416E-018  -7.9930146957232504E-018   1.3457720758553396E-017  -4.5967768003600222E-018  -4.4791875319492917E-017   1.6565537891790921E-017  -4.9455661342425277E-018  -5.4854209511207676E-018   6.1783974587392739E-017  -2.7839314004005344E-018   6.0038786055583499E-017  -1.1932308368020448E-017   2.7486875748323001E-018  -5.1568707417818981E-018  -2.2951812444565437E-017  0.10767369043371802        3.1684679113626069E-017   3.6149248606442344E-018   1.4035165597783649E-017  -5.4741454486130309E-019   3.1488017416406394E-018   8.9894298166095350E-018   1.5059051213824655E-018   8.4730146372876845E-018  -3.1094548288749013E-016  -2.4431762511512535E-016
  -1.2197952066819706E-016  0.11586902091604684        3.6620057752948281E-018  -3.5810866380064690E-016  -1.5081384860958530E-016   3.1909086375785056E-016  0.10053002178683307       -1.5043305143235604E-017   1.4447633379661489E-017  -2.0236928878984537E-018  -7.3148171652038378E-018   2.0714421724409893E-017  -1.7633149172855826E-018   7.3256298457405501E-018  -4.0287912101208518E-016  -9.3376836340287920E-017  -9.7312506389908478E-017  -5.2525701889022217E-018  -3.4549954907931425E-017   5.3739155590915602E-019  -3.9509269310873659E-017  -3.1494813735561500E-016  -7.7026217326296472E-018  -7.6777833256853905E-017  -1.3028367069280507E-017   3.1684679113626069E-017  0.10767369043371813       -1.6772381732898971E-017   5.7499091489792515E-018  -6.1542141048906966E-019  -8.9561366056438641E-019   5.7140594429215507E-019  -5.4079921717181856E-019   2.5581500617991955E-018  -3.0602876993541264E-016  -2.9759391774739009E-016
   3.4615836627599045E-017   6.4686776804546621E-017  0.11586902091604714        6.7028521103768121E-016  -5.1676767384991203E-016   1.6214377603070761E-016  -1.2819448374651568E-016  0.10053002178683286        8.7443392719479521E-017  -4.5683998343280598E-018   5.3090185844041651E-018   4.4690999921893098E-017   2.4570552728977931E-017   9.3745395057831182E-017   1.1014545204512016E-015  -7.3829883373416298E-017   2.2882595889549678E-017  -5.5955733910668427E-017  -2.7811146729265675E-017  -8.8039160875763853E-018  -1.4345900281054843E-017   3.7263366891177194E-017  -1.1083673482596842E-016  -2.9287708601403911E-019  -2.7159898377785286E-016   3.6149248606442344E-018  -1.6772381732898971E-017  0.10767369043371802       -1.1111140425264034E-016   2.9568763499274413E-020   2.9236909074479773E-018  -1.1233499589029903E-016  -1.9153204972426200E-018  -1.2728618327115555E-016   3.9080815948603924E-016   4.5712887365753140E-016
   1.5103419318675829E-017   6.1875500019158942E-018  -1.1956838826182455E-016  -2.8242334784340140E-015  -9.1020099464560201E-015   1.3103995020908717E-017   5.3684283476122582E-018  -1.0373965864166076E-016   4.4902050837543735E-028  -2.4262277124861366E-030  -3.9967854566554968E-030   5.8916134635930014E-028  -1.9260892920059115E-030   4.2586537664805761E-028  -7.8140237216811100E-015   3.2148559265832204E-030   2.8212223544556818E-030  -3.2221683762558470E-031  -9.5798529432372823E-031   4.6154019153881229E-031  -1.7871091802631271E-030   7.2947263138862836E-030   6.4856321538803782E-032   4.3625179772746091E-030  -1.1753860516274952E-030   1.4035165597783649E-017   5.7499091489792515E-018  -1.1111140425264034E-016   1.5655224052068039E-028   6.5593004172695079E-031   2.8501153691378099E-031   7.3812139992590331E-029   7.7219745681623290E-031   1.0673187235396976E-028   2.5408426086543382E-015   5.4224095737732556E-016
  -5.8907971940766872E-019  -6.6226276815536826E-019   3.1819320602432234E-020  -9.7267019882057882E-018  -3.0536451654919027E-017  -5.1109603376341849E-019  -5.7459094747623526E-019   2.7607008052153067E-020   2.8761277989009473E-030  -2.5527821215503628E-032  -3.2069868777014327E-033   3.4466807532767008E-030   7.8756780140742457E-033   2.7964539973231575E-030  -2.7735231034160323E-017   5.2401966180923833E-032   3.7548900176604170E-032   7.9805747629912727E-034  -5.0319908908499268E-032  -3.8450969443260440E-033  -2.1877944755656369E-032   4.0407165382657951E-032   4.3553964746998416E-033   4.5719176836372739E-032   8.8158360232989942E-033  -5.4741454486130309E-019  -6.1542141048906966E-019   2.9568763499274413E-020   6.5593004172695079E-031   6.1566806588120780E-033   2.3932921238679452E-033   3.4110289891636284E-031  -4.7858860742972574E-033   5.1343344913407624E-031  -4.2700855976750621E-017  -3.7322013942605582E-017
   3.3884654031361516E-018  -9.6378119437182210E-019   3.1462207856215628E-018  -4.4476763953146424E-018  -1.4048482553035581E-017   2.9398928040309790E-018  -8.3619369268815861E-019   2.7297170686709939E-018   1.1769604086357236E-030  -1.0012467885996399E-032  -2.1996342535553668E-033   1.4278887837230835E-030   3.1783566773030583E-033   1.1413306925906790E-030  -1.2595768906052971E-017   1.8696095860535269E-032   1.5334177363433642E-032  -1.5072318109870914E-033  -1.6697043087213875E-032  -1.5181496978420395E-033  -6.6345675190568837E-033   1.9514516135163290E-032  -1.3491223302877924E-033   1.7997205642581230E-032  -5.3997500742162548E-033   3.1488017416406394E-018  -8.9561366056438641E-019   2.9236909074479773E-018   2.8501153691378099E-031   2.3932921238679452E-033   1.1294172007536989E-033   1.4403458852120946E-031  -1.4082921673429426E-033   2.1619988011128913E-031  -1.4117534611667302E-017  -1.2946840952554859E-017
   9.6736391893731571E-018   6.1489716795718135E-019  -1.2088511070799046E-016  -1.3104546561369394E-015  -4.2157024012456703E-015   8.3930212819341179E-018   5.3349571093933209E-019  -1.0488207043694124E-016   2.2085812996072740E-028  -1.2854484474662818E-030  -1.7577622850587134E-030   2.8674173377070138E-028  -7.7041935660699265E-031   2.1011214706582365E-028  -3.6335182200672704E-015   1.9244522371014900E-030   1.5544105011865709E-030  -9.8476197412460923E-032  -8.6871991997351630E-031   1.6790038804985730E-031  -9.6609462359754421E-031   3.4944983698104192E-030   1.3564029094621148E-031   2.3112710147753999E-030  -2.6289248746154148E-031   8.9894298166095350E-018   5.7140594429215507E-019  -1.1233499589029903E-016   7.3812139992590331E-029   3.4110289891636284E-031   1.4403458852120946E-031   3.5138355268157064E-029   2.8919292140562485E-031   5.0979327106423526E-029   6.9277620765451594E-016  -1.1871373685468735E-016
   1.6205235587653485E-018  -5.8196088156213231E-019  -2.0611006259934506E-018  -1.8893001910313314E-017  -6.2800130081839838E-017   1.4059950397509705E-018  -5.0491960353154957E-019  -1.7882475332737899E-018  -1.3035921969188302E-031   2.4285791917428256E-032  -5.1487294948227630E-032   5.9992006723833311E-031  -4.7089193761485885E-032  -2.8530245114959777E-031  -5.0331704173213390E-017  -7.3956686922205833E-032  -4.4886514881915897E-032  -6.4464736280439521E-033   1.0512730169190674E-031   1.5901157060160989E-032   2.5892588283166440E-032   1.8781974615680930E-032  -8.9489389897047498E-033  -4.1673628513261848E-032  -3.7423830495818575E-032   1.5059051213824655E-018  -5.4079921717181856E-019  -1.9153204972426200E-018   7.7219745681623290E-031  -4.7858860742972574E-033  -1.4082921673429426E-033   2.8919292140562485E-031   2.2726214672645984E-032   3.7046455085280391E-031   1.3825288217167518E-016   9.5985097339962990E-017
   9.1179182795279640E-018   2.7528576556044323E-018  -1.3697427265994321E-016  -1.8830970151141260E-015  -6.0530327742798978E-015   7.9108679442027991E-018   2.3884282261398658E-018  -1.1884131328523299E-016   3.2534213029429385E-028  -1.9512287156755814E-030  -2.4616334907786346E-030   4.2052852210867083E-028  -1.0133381912207975E-030   3.0990213482652302E-028  -5.2262149486651173E-015   2.9857507158801517E-030   2.4017658024576852E-030  -1.4679150096536252E-031  -1.5398103444223019E-030   2.0625061988836796E-031  -1.4889694483484529E-030   5.1077412760009260E-030   1.8658489905464550E-031   3.5007035103548465E-030  -3.8126614225221179E-031   8.4730146372876845E-018   2.5581500617991955E-018  -1.2728618327115555E-016   1.0673187235396976E-028   5.1343344913407624E-031   2.1619988011128913E-031   5.0979327106423526E-029   3.7046455085280391E-031   7.4090528907034390E-029   6.8801085419228774E-016  -4.0480104832371845E-016
  -3.5671473082694338E-016   5.1105205610572542E-017  -6.8585025156767759E-016  -7.9114838841435858E-002 -0.26770446768150891        2.8559129951315408E-016   9.5835727751061428E-016  -7.5546449900967046E-016  -8.2866790843791737E-015   2.0147591809264306E-016  -2.7707971873601770E-016  -5.7467002168469995E-015  -2.8058565790278516E-016  -8.9369615354067774E-015 -0.20596392508192604       -5.5802526029247657E-016  -3.4624406181451181E-016  -4.2964328800905530E-017   7.0647915187962869E-016   9.7660138312995013E-017   1.9376721901954975E-016  -1.5474726188974973E-018  -7.2437276161275677E-017  -3.5197239829748951E-016  -2.5573487845861773E-016  -3.1094548288749013E-016  -3.0602876993541264E-016   3.9080815948603924E-016   2.5408426086543382E-015  -4.2700855976750621E-017  -1.4117534611667302E-017   6.9277620765451594E-016   1.3825288217167518E-016   6.8801085419228774E-016  0.87886467963278758       0.63038793819789218     
  -2.7622251418372428E-016  -1.1828637962139356E-016  -1.8966103608370220E-016  -3.4459330898022097E-002 -0.12050422184043375        2.5261395274768907E-016   8.6940312260752925E-016  -5.4537931649827565E-016  -1.0006113731857766E-014   1.7038803590725670E-016  -1.7134420787271173E-016  -9.3241916723368831E-015  -1.9188690546891614E-016  -1.0289892143347823E-014  -8.5746523392925364E-002  -4.4108729143267591E-016  -2.8142698150533413E-016  -2.8629685668662407E-017   5.3280487781590883E-016   6.8585550825628735E-017   1.5931705943909029E-016  -6.4276619805002901E-017  -5.3331002886840175E-017  -2.9869864242542592E-016  -1.7731294880330010E-016  -2.4431762511512535E-016  -2.9759391774739009E-016   4.5712887365753140E-016   5.4224095737732556E-016  -3.7322013942605582E-017  -1.2946840952554859E-017  -1.1871373685468735E-016   9.5985097339962990E-017  -4.0480104832371845E-016  0.63038793819789218       0.46315522831075517     
