  0.22230071400083842        1.8539389857197696E-008  -5.3806446089639375E-008   1.2281985385627661E-008  -1.3704435543202689E-008  -6.9117538494388847E-009  -9.0883487468128695E-010  -4.4466855142308747E-009  -1.0097094532369213E-008   1.8151121093305358E-008  0.33481343684376746        7.6022504450390509E-009  -2.2041342111078840E-008  -3.8835264561609957E-009   2.3218190567495438E-010   3.3678756128297928E-010  -9.7376731042015734E-010   3.5577783071937032E-010   4.1727228175615781E-010  -6.6732724910903762E-010  -1.6802632346545967E-010   2.2492649057652139E-010  -1.1135675360672043E-010   5.5815403780000613E-010  -5.8565254688859909E-009  -4.0475401778118246E-009   2.3364592399468254E-010  -2.3358929203878924E-009  -4.7050944605682863E-009   8.1924203514688236E-009  0.15843621611007350        4.3797373412951599E-009  -1.2704378574444183E-008  -1.4148411655748378E-009  -6.2038114593474469E-002  -2.1424855267032417E-009   6.2147740915931654E-009  -1.6960199689665273E-009  -3.9147664787617443E-010   1.2780040105475334E-010  -5.7643697646223570E-010  -1.2756204042132770E-009   2.2724573735465434E-009 -0.12015738122938678       -3.6778288648913388E-009   1.0668587014079764E-008   3.2993156515529479E-010   3.3013245746596789E-010
   1.8539389857197696E-008  0.22230073495217803        3.3902043009740547E-008  -4.7706298685803688E-009   3.8787188433612594E-009  -4.4454023960391676E-009  -1.0010467300187585E-008   3.7939562319015951E-009  -1.0689436110985138E-008  -7.6726734163795182E-009   7.5890778953775255E-009  0.33481344543690716        1.3873751724811080E-008   8.4063818275884374E-009  -1.7268722920620136E-010   1.4774573177508521E-011  -1.5290765277030389E-010   3.4302769905276027E-010  -6.8849591247077663E-010  -1.1134335060637972E-010   5.8047861664954391E-010   6.2205792326827783E-010  -7.9354316784814350E-010  -3.4968451866897964E-010   2.2839108050515821E-009  -1.6144722272071677E-009  -4.6642342047729990E-009   8.1351868533342000E-010  -4.3262857559781297E-009  -3.0974279230941629E-009   4.3746094964070756E-009  0.15843622104420821        8.0022768175638833E-009  -2.8343424751211525E-009  -2.1405080658834885E-009  -6.2038117012583133E-002  -3.9142461514487152E-009   2.1122210797869738E-010  -5.3302321966733986E-010  -1.2636039997588443E-009   1.0341598057843078E-009  -1.1107737159630297E-009  -1.2453836539879974E-009  -3.6737907001599352E-009 -0.12015738537700249       -6.7193128623841165E-009   5.1009860986127430E-010   3.8027160940148551E-010
  -5.3806446089639375E-008   3.3902043009740547E-008  0.22230064125982887        2.4084487330938091E-008   7.5227068756118732E-010  -9.9693360740159800E-009   2.2233363701751651E-008  -6.9680683208247866E-009  -2.0484949214470196E-008   6.2157978336806266E-009  -2.2045754805149698E-008   1.3900978730605762E-008  0.33481340704172524       -5.0471136012137952E-009   4.9811927926015749E-010  -1.5283240544766184E-010   4.4619180778362464E-010   2.2489912901046386E-010   1.9959485476360294E-010  -8.9319833166839412E-010  -3.0300822300455491E-010   6.6116006833734579E-010   5.5936131364157152E-010  -8.2537049756597459E-010  -2.9417193802953716E-011  -4.6449804674030917E-009   1.0817844541401645E-008  -3.6255997111981886E-009  -1.0371980514380220E-008   3.6550214573129153E-009  -1.2706092021299746E-008   8.0128717685138953E-009  0.15843619893556252       -4.0344770034002713E-009   6.2154379151245355E-009  -3.9183339811332838E-009  -6.2038106191350584E-002  -4.7046903929715689E-011  -1.2579329068808092E-009   2.8375907354184190E-009  -1.0158675647465863E-009  -2.1059563726636492E-009   1.0629148250199186E-009   1.0669943341389349E-008  -6.7276617774746598E-009 -0.12015736680660130        8.8460226957280258E-010   8.3676509021326799E-010
   1.2281985385627661E-008  -4.7706298685803688E-009   2.4084487330938091E-008  0.47110375689785328        3.0641546405330846E-010   2.8890066996240841E-010  -8.9334729175789585E-010   3.9758594382789355E-010   5.8983292778868632E-010  -7.0401728470980852E-010   1.0295278786230394E-008  -1.4128492513310202E-008   1.6420748902469862E-008  0.69822048114507496       -1.9834233621434932E-009  -7.6321262063922611E-012   4.3850672771338331E-011  -7.9131806597513570E-010  -1.8547897557341706E-009   3.4523601848824384E-009   1.6227824817664435E-009  -1.4778125270599530E-009  -2.1695606507282898E-009   1.0688132093959718E-009  -1.0742551077122708E-009  -1.3922992126499914E-009   4.0119307656525502E-009  -2.5717959477877250E-009  -2.5034939058145375E-009   3.6459965404135708E-009   4.4658876671428962E-009  -7.9320620136658884E-009   6.4528131792963244E-009 -0.50313986002148858       -2.2506357274533985E-009   4.0360151752726809E-009  -3.2375596634203594E-009  -1.5392660904576357E-010  -2.1141619351332210E-010   6.0364836455581242E-010  -4.0688060833056209E-010  -3.7205905617616541E-010   5.6078830496929349E-010  -4.0759774432793840E-009   5.3885262034696693E-009  -6.5775210338590657E-009   7.6205619028101745E-002   8.5654593700385417E-002
  -1.3704435543202689E-008   3.8787188433612594E-009   7.5227068756118732E-010   3.0641546405330846E-010   9.1531296284119214E-016   3.1497545095232518E-016  -4.3981749758686895E-017   3.1693829117524023E-016   3.6701524934767486E-016  -1.2322512360245858E-015  -2.0639939466560248E-008   5.8439716106978798E-009   1.1331345870754074E-009   4.5345943647311129E-010  -1.6927124547010953E-017  -2.1028320941252981E-017   5.8907565194376571E-017  -1.5706776314879220E-017  -3.8257764321201566E-017   3.8419649932234055E-017   2.0507477852781078E-017  -1.7442411040203375E-018  -6.4848966076176753E-018  -4.2607096641983846E-017   3.9999019879900732E-016   2.0475348239147977E-016  -5.6572233171539581E-017   1.4445104502344531E-016   1.7785429994275607E-016  -5.4444135436659871E-016  -9.7723369723868496E-009   2.7491839166514235E-009   5.3527258800520485E-010  -3.6225219896767952E-010   3.7944138796745853E-009  -1.1735798216853315E-009  -2.1519066276143228E-010   1.0765638225666363E-016   1.0445110811477142E-017  -1.9974730501036745E-017   5.0448978820593995E-017   5.1777944479923696E-017  -1.5810542903878137E-016   7.3467127363688872E-009  -2.2803721232278870E-009  -4.1721137659271660E-010   5.9133812874470512E-011   6.7872741073345516E-011
  -6.9117538494388847E-009  -4.4454023960391676E-009  -9.9693360740159800E-009   2.8890066996240841E-010   3.1497545095232518E-016   7.5116430253453453E-016  -7.6918696392308095E-016   3.7511457511766808E-016   1.4467287430332924E-015  -6.9009007772502299E-016  -1.0413678124564099E-008  -6.6948068114625017E-009  -1.5015023860078816E-008   4.2730326112062113E-010  -2.7310325098314589E-017  -3.9095002761929864E-018   1.3327958914172294E-017  -2.8483653873304590E-017  -9.2777689471003757E-018   6.5125770880049190E-017   8.1906326946266568E-018  -4.9983351968181354E-017  -7.0799185063843482E-018   2.7321256962948344E-017   1.3712724428397780E-016   3.6530770340830823E-016  -3.9670670613279405E-016   2.1741329146949684E-016   6.9644264764245857E-016  -3.5454086133154300E-016  -4.8996384563814856E-009  -3.1721437195134158E-009  -7.1058468468754494E-009  -3.5372947616016870E-010   2.0872137764824398E-009   1.2175024354992620E-009   2.7786584958122860E-009   5.0794015977397811E-017   7.8301966169240415E-017  -1.0549910125168571E-016   4.2618603538362302E-017   1.5616001793229829E-016  -9.3412626166422252E-017   4.0553433963590827E-009   2.3562361364499144E-009   5.3815104620514988E-009   5.9091911956523275E-011   6.7989493010979492E-011
  -9.0883487468128695E-010  -1.0010467300187585E-008   2.2233363701751651E-008  -8.9334729175789585E-010  -4.3981749758686895E-017  -7.6918696392308095E-016   2.6798735767319947E-015  -8.5034049823866493E-016  -1.5272976778569588E-015   8.9432221876540438E-016  -1.3690786038251778E-009  -1.5076977297411412E-008   3.3486688104655606E-008  -1.3215039481478976E-009   6.0395765153719597E-017  -1.7312343129256005E-017   5.5406888488199588E-017   7.0878218679218724E-018   5.2767756274832210E-017  -8.8117273984361220E-017  -5.8826076695277829E-017   3.9986843968741347E-017   9.6234747967280028E-017  -7.1102185931386168E-017  -7.9806444196257464E-017  -3.7269639147919375E-016   1.2834059774787828E-015  -3.8481068369825700E-016  -8.1851784504444672E-016   4.6461759472197089E-016  -6.4584462648359986E-010  -7.1351131296757806E-009   1.5843272313633870E-008   1.0842496123702238E-009   2.6494036431835860E-010   2.7904210904537339E-009  -6.2208948520267971E-009  -6.9443603994925955E-018  -9.9843237695042748E-017   3.3894445271305583E-016  -1.4496802227699317E-016  -1.5455660150956870E-016   1.5191253235678198E-016   5.1405633573063063E-010   5.4043154979369731E-009  -1.2050128783168744E-008  -1.8010500678690174E-010  -2.0712347438237523E-010
  -4.4466855142308747E-009   3.7939562319015951E-009  -6.9680683208247866E-009   3.9758594382789355E-010   3.1693829117524023E-016   3.7511457511766808E-016  -8.5034049823866493E-016   3.7259617204399938E-016   6.6214750453327042E-016  -6.8953445184052350E-016  -6.6975221024869637E-009   5.7098363487098732E-009  -1.0494547612151672E-008   5.8764752156906644E-010  -2.4878044538895289E-017  -1.6992201607763841E-018   2.9129563888685011E-018  -8.9672492295429452E-018  -2.7931813843173870E-017   4.2345609277893671E-017   2.4146553237740108E-017  -1.5832595815291250E-017  -3.0696371613487622E-017   9.6296743204289311E-018   1.5632903472447432E-016   1.9786351748337134E-016  -4.1994334805714945E-016   1.7167314684004655E-016   3.4328302888329410E-016  -3.2800237365620880E-016  -3.1674805104733672E-009   2.7352050362880989E-009  -4.9681083359299233E-009  -5.0773407108503783E-010   1.2512659503856927E-009  -8.7195127350671955E-010   1.9333098471071395E-009   3.9406596177170548E-017   3.8167467600933347E-017  -1.1236602723365725E-016   5.9447790481221855E-017   7.2467300850012247E-017  -9.8854453577882968E-017   2.4243229851228145E-009  -1.6737631625574644E-009   3.7435857095266000E-009   8.7058089320879434E-011   1.0041107739790398E-010
  -1.0097094532369213E-008  -1.0689436110985138E-008  -2.0484949214470196E-008   5.8983292778868632E-010   3.6701524934767486E-016   1.4467287430332924E-015  -1.5272976778569588E-015   6.6214750453327042E-016   2.8611490209144094E-015  -1.0291628704586503E-015  -1.5207464827765870E-008  -1.6099898802965621E-008  -3.0856575067293376E-008   8.7261285889322817E-010  -5.0607660368507294E-017  -1.9373584739392320E-018   1.0530793598521506E-017  -5.4360668418066276E-017  -6.5500626516989660E-018   1.2226018552947435E-016   9.6604415559938775E-018  -1.0288205921320642E-016  -1.1024756803569969E-017   6.8834472380748289E-017   1.5757987574524884E-016   6.8779491859258713E-016  -7.7818250132736674E-016   3.9786708898284494E-016   1.3741461613261152E-015  -5.5544760778000985E-016  -7.1967543930347275E-009  -7.6167566077602907E-009  -1.4574021148058455E-008  -7.1133384313194982E-010   2.8151939288649924E-009   2.9934419627398261E-009   5.8714668617877440E-009   7.0984454641340749E-017   1.5917033134085865E-016  -2.0575201844877546E-016   6.9489489242472023E-017   3.0430579217111933E-016  -1.4047393743664054E-016   5.4523444928020393E-009   5.7986239165334664E-009   1.1384509568800291E-008   1.1766988584375434E-010   1.3525825257352020E-010
   1.8151121093305358E-008  -7.6726734163795182E-009   6.2157978336806266E-009  -7.0401728470980852E-010  -1.2322512360245858E-015  -6.9009007772502299E-016   8.9432221876540438E-016  -6.8953445184052350E-016  -1.0291628704586503E-015   1.9217856584973549E-015   2.7337461627238935E-008  -1.1553805480273798E-008   9.3614133146976227E-009  -1.0411315108932302E-009   4.1805239149025070E-017   2.2727541382094685E-017  -6.1820524003287611E-017   2.4674056683191730E-017   6.6189639450941877E-017  -8.0765384348436018E-017  -4.4654084976726058E-017   1.7576895108017977E-017   3.7181340237256512E-017   3.2977380753969038E-017  -5.5631918151601207E-016  -4.0261697067787308E-016   4.7651542527768617E-016  -3.1612410719217015E-016  -5.2113729029744969E-016   8.7244359135158653E-016   1.2939817478554099E-008  -5.4843876317648034E-009   4.4328359785228250E-009   8.6995667989732585E-010  -5.0456800189073262E-009   2.0455314636090713E-009  -1.7181187148974466E-009  -1.4706297986384058E-016  -4.8612586377511371E-017   1.3234076633605024E-016  -1.0989677630048945E-016  -1.2424526675415461E-016   2.5695989104450643E-016  -9.7710361016711664E-009   3.9541360663569049E-009  -3.3263733813449085E-009  -1.4618061614138644E-010  -1.6830625963345910E-010
  0.33481343684376746        7.5890778953775255E-009  -2.2045754805149698E-008   1.0295278786230394E-008  -2.0639939466560248E-008  -1.0413678124564099E-008  -1.3690786038251778E-009  -6.6975221024869637E-009  -1.5207464827765870E-008   2.7337461627238935E-008  0.50440630713460644       -1.9178364976218321E-008   5.5664509802928049E-008  -1.8018010457566589E-008   3.4946733890423087E-010   5.0695349126594640E-010  -1.4657749243747742E-009   5.3553100113507266E-010   6.2807840269949914E-010  -1.0044576290010062E-009  -2.5290203524812016E-010   3.3855358989797394E-010  -1.6765004727880657E-010   8.4018277161538584E-010  -8.8233180009234606E-009  -6.0862683467806133E-009   3.5321691202854716E-010  -3.5178109140646663E-009  -7.0874185799353341E-009   1.2341131873408819E-008  0.23766216676384755       -7.8874834336130946E-009   2.2887454647234006E-008   6.5674869925929565E-009  -9.9203306883035761E-002   2.5136772980979113E-009  -7.2956008226873736E-009  -2.5669131323690997E-009  -5.6171074675642500E-010   1.8992978535782663E-010  -8.6615270090979981E-010  -1.9249763785390722E-009   3.4330664818126220E-009 -0.19260484699643643        5.5993199691743945E-009  -1.6249788389836930E-008  -8.1374156262692384E-010  -1.0313312782274954E-009
   7.6022504450390509E-009  0.33481344543690716        1.3900978730605762E-008  -1.4128492513310202E-008   5.8439716106978798E-009  -6.6948068114625017E-009  -1.5076977297411412E-008   5.7098363487098732E-009  -1.6099898802965621E-008  -1.1553805480273798E-008  -1.9178364976218321E-008  0.50440628548934408       -3.5077912272362435E-008   2.3941912941628821E-009  -2.5992281923597113E-010   2.2238222063247681E-011  -2.3016611788693313E-010   5.1635316935824571E-010  -1.0363514754435703E-009  -1.6762994238512922E-010   8.7376158135405857E-010   9.3637144874103730E-010  -1.1944744376667328E-009  -5.2637521333304938E-010   3.4341532933532733E-009  -2.4332418076958563E-009  -7.0258419995865028E-009   1.2376918789903297E-009  -6.5156048576519360E-009  -4.6718428360798034E-009  -7.8858305908228389E-009  0.23766215783824121       -1.4416859256173303E-008   3.1806159428508596E-009   2.5129117692845065E-009  -9.9203304048239710E-002   4.5966590962438244E-009   3.0198181606064437E-010  -8.1085581538654863E-010  -1.9068587350896399E-009   1.5941657907168005E-009  -1.6791029498474020E-009  -1.8961502107776571E-009   5.5981454958140277E-009 -0.19260484067313452        1.0237954570174713E-008  -3.5831269796787057E-010  -6.3625172155602264E-010
  -2.2041342111078840E-008   1.3873751724811080E-008  0.33481340704172524        1.6420748902469862E-008   1.1331345870754074E-009  -1.5015023860078816E-008   3.3486688104655606E-008  -1.0494547612151672E-008  -3.0856575067293376E-008   9.3614133146976227E-009   5.5664509802928049E-008  -3.5077912272362435E-008  0.50440638238346969       -3.7041543107449198E-008   7.4975068593956910E-010  -2.3005273900751406E-010   6.7163669373257570E-010   3.3851234693477334E-010   3.0039618232268507E-010  -1.3444115664842490E-009  -4.5606526312113121E-010   9.9518522629762788E-010   8.4192960128565982E-010  -1.2423744781710429E-009  -4.5097034289153208E-011  -6.9968280238883494E-009   1.6293912046477629E-008  -5.4619562497645592E-009  -1.5612948538811057E-008   5.5070601057322651E-009   2.2888014655043312E-008  -1.4420281399342221E-008  0.23766219770755578        1.5008609178452127E-008  -7.2958566709944422E-009   4.5982427103390567E-009  -9.9203316745149497E-002  -6.9274743818103651E-011  -1.8983083996404570E-009   4.2755722419003093E-009  -1.5313779917097191E-009  -3.1489511226839893E-009   1.6006532829133113E-009  -1.6250179331152174E-008   1.0240382936510173E-008 -0.19260486896416110       -1.8462615860987433E-009  -2.4077902806207164E-009
  -3.8835264561609957E-009   8.4063818275884374E-009  -5.0471136012137952E-009  0.69822048114507496        4.5345943647311129E-010   4.2730326112062113E-010  -1.3215039481478976E-009   5.8764752156906644E-010   8.7261285889322817E-010  -1.0411315108932302E-009  -1.8018010457566589E-008   2.3941912941628821E-009  -3.7041543107449198E-008   1.0353623841440944       -2.9418674261915920E-009  -1.1319995901880662E-011   6.5040426908643391E-011  -1.1737041459231035E-009  -2.7510745316798485E-009   5.1206341223129356E-009   2.4069548854492786E-009  -2.1919309947918424E-009  -3.2179512527903983E-009   1.5852923461529033E-009  -1.5915412579574850E-009  -2.0626982462563027E-009   5.9437135359080219E-009  -3.8100865163838929E-009  -3.7089609505945008E-009   5.4015441373802758E-009  -9.0528496137165903E-009  -8.8828404831428843E-010  -1.9387949676672498E-008 -0.71926206204023480        3.2625989349730279E-009   6.5087035855856271E-010   7.1102803072623956E-009  -2.2264328013218398E-010  -3.0636961042728301E-010   8.7451333516766153E-010  -5.9036205378971521E-010  -5.3879669962038471E-010   8.1297777034549195E-010   6.7439329435154954E-009  -2.3219424948942185E-009   1.3333732864969478E-008  0.10552123466889822       0.12392567620494685     
   2.3218190567495438E-010  -1.7268722920620136E-010   4.9811927926015749E-010  -1.9834233621434932E-009  -1.6927124547010953E-017  -2.7310325098314589E-017   6.0395765153719597E-017  -2.4878044538895289E-017  -5.0607660368507294E-017   4.1805239149025070E-017   3.4946733890423087E-010  -2.5992281923597113E-010   7.4975068593956910E-010  -2.9418674261915920E-009   9.8554087982681423E-018   2.9995662124763769E-020  -8.3191641257311118E-020   3.9454764943253347E-018   9.2381826456368849E-018  -1.7167948680278436E-017  -8.1475494040811535E-018   7.4641673187021105E-018   1.0901077557760422E-017  -5.5014556891734200E-018  -3.4365490860900393E-018  -7.5389057562861466E-018   1.1220275700091556E-017  -3.5522634312979320E-019  -1.4289456851508363E-017   3.7920277629864496E-018   1.6711887711808536E-010  -1.2426983850771351E-010   3.5846819541915912E-010   2.0029365662880170E-009  -5.4976742570640375E-011   4.1046109747122234E-011  -1.1834076981850416E-010  -1.4212264492006248E-018  -1.9980657409470965E-018   5.0131528205875411E-018  -1.9772430407689552E-018  -3.7603489804967984E-018   3.3985502817723746E-018  -1.0568926703086651E-010   7.8923413523270355E-011  -2.2754002973710587E-010  -2.8922426948052484E-010  -3.2292595613518376E-010
   3.3678756128297928E-010   1.4774573177508521E-011  -1.5283240544766184E-010  -7.6321262063922611E-012  -2.1028320941252981E-017  -3.9095002761929864E-018  -1.7312343129256005E-017  -1.6992201607763841E-018  -1.9373584739392320E-018   2.2727541382094685E-017   5.0695349126594640E-010   2.2238222063247681E-011  -2.3005273900751406E-010  -1.1319995901880662E-011   2.9995662124763769E-020   6.1718099344016485E-019  -1.7951258182591407E-018   4.2052639681501698E-019   4.7983379629237334E-019  -4.6083685703809285E-019  -3.3991626391373806E-020  -4.8548420737834868E-020  -5.7157545899583014E-019   1.3741944704812752E-018  -8.6777176050854211E-018  -3.0454886821818882E-018  -7.4602007466971278E-018  -9.5396050008526488E-019  -2.3400950976201889E-019   9.6316789411763036E-018   2.4212565716296201E-010   1.0631704748327407E-011  -1.0987567258696645E-010   7.7170408539200361E-012  -8.1455836453319645E-011  -3.5143194679533485E-012   3.6962176085162706E-011  -2.4902845146704305E-018   1.7617762766095985E-019  -1.8429478007373885E-018  -1.0939987428166189E-019  -5.2139287336454525E-019   2.5996849785928258E-018  -1.5675609543507222E-010  -6.7575691722356967E-012   7.1130947972200290E-011  -1.1155559262075365E-012  -1.2477000316784592E-012
  -9.7376731042015734E-010  -1.5290765277030389E-010   4.4619180778362464E-010   4.3850672771338331E-011   5.8907565194376571E-017   1.3327958914172294E-017   5.5406888488199588E-017   2.9129563888685011E-018   1.0530793598521506E-017  -6.1820524003287611E-017  -1.4657749243747742E-009  -2.3016611788693313E-010   6.7163669373257570E-010   6.5040426908643391E-011  -8.3191641257311118E-020  -1.7951258182591407E-018   5.2768718277745689E-018  -1.4183913975959502E-018  -1.1276746365769991E-018   1.5301984966805229E-018  -1.2054120117203387E-019  -2.2393940273561204E-019   1.9568334321174122E-018  -3.7662355151628661E-018   2.3904063111383619E-017   9.4504747708142940E-018   2.4276011984964567E-017   2.1744729637678077E-018   2.5047331130572260E-018  -2.6078541848525992E-017  -7.0006696725010970E-010  -1.0992898851606985E-010   3.2077087743250863E-010  -4.4286713891548033E-011   2.3552009384725737E-010   3.6985062332074422E-011  -1.0796696113008227E-010   7.0767841777959076E-018  -2.8439454917857124E-019   6.0342062708390830E-018  -2.0920746563141528E-019   1.9961845007978323E-018  -6.8675783950039702E-018   4.5324238339053023E-010   7.1175426621684019E-011  -2.0777960726506606E-010   6.3955488556668741E-012   7.1427841017328355E-012
   3.5577783071937032E-010   3.4302769905276027E-010   2.2489912901046386E-010  -7.9131806597513570E-010  -1.5706776314879220E-017  -2.8483653873304590E-017   7.0878218679218724E-018  -8.9672492295429452E-018  -5.4360668418066276E-017   2.4674056683191730E-017   5.3553100113507266E-010   5.1635316935824571E-010   3.3851234693477334E-010  -1.1737041459231035E-009   3.9454764943253347E-018   4.2052639681501698E-019  -1.4183913975959502E-018   2.6586987105807559E-018   2.9264261762833858E-018  -7.9521858362634703E-018  -2.4084949954534461E-018   4.4765641659869398E-018   2.8108507161860616E-018  -2.2794275898680890E-018  -4.0552745945573713E-018  -1.1349343814736027E-017  -2.6163517946387924E-018  -1.8594997492711138E-018  -2.0508848500520946E-017   5.9148808427311546E-018   2.5583502817761870E-010   2.4656386370142717E-010   1.6182908240563606E-010   7.9911951758384127E-010  -8.5709320652386081E-011  -8.3252300139668600E-011  -5.3538577326434992E-011  -2.1252171475439356E-018  -2.4210369406669626E-018   1.5772612150632619E-019   2.2508198029257232E-019  -5.2977189904164492E-018   1.9001646714007937E-018  -1.6491005421321787E-010  -1.6023997209212462E-010  -1.0295167980582584E-010  -1.1539503133956735E-010  -1.2884294038820386E-010
   4.1727228175615781E-010  -6.8849591247077663E-010   1.9959485476360294E-010  -1.8547897557341706E-009  -3.8257764321201566E-017  -9.2777689471003757E-018   5.2767756274832210E-017  -2.7931813843173870E-017  -6.5500626516989660E-018   6.6189639450941877E-017   6.2807840269949914E-010  -1.0363514754435703E-009   3.0039618232268507E-010  -2.7510745316798485E-009   9.2381826456368849E-018   4.7983379629237334E-019  -1.1276746365769991E-018   2.9264261762833858E-018   1.0410129308275295E-017  -1.5320837641934558E-017  -8.7851363274968610E-018   4.9135461043436981E-018   1.1306592143976730E-017  -2.8218220748584502E-018  -1.3883176840127299E-017  -1.3239244153440644E-018   8.8020734058299453E-018   1.7459966417415868E-020   5.0955677559582179E-018   1.3865945295685255E-017   3.0017399711480968E-010  -4.9508778353631533E-010   1.4382970413333618E-010   1.8730396477692381E-009  -9.9810782386051630E-011   1.6586494530241267E-010  -4.6266383048618334E-011  -3.3364612496594905E-018   4.7934077822208366E-019   4.3943046053819091E-018  -3.4837421288077829E-018   5.1360418100535514E-019   6.8202830861343013E-018  -1.9197557171498964E-010   3.1913460672085083E-010  -8.8849701282335843E-011  -2.7046741588664199E-010  -3.0198382280171722E-010
  -6.6732724910903762E-010  -1.1134335060637972E-010  -8.9319833166839412E-010   3.4523601848824384E-009   3.8419649932234055E-017   6.5125770880049190E-017  -8.8117273984361220E-017   4.2345609277893671E-017   1.2226018552947435E-016  -8.0765384348436018E-017  -1.0044576290010062E-009  -1.6762994238512922E-010  -1.3444115664842490E-009   5.1206341223129356E-009  -1.7167948680278436E-017  -4.6083685703809285E-019   1.5301984966805229E-018  -7.9521858362634703E-018  -1.5320837641934558E-017   3.0985553100992182E-017   1.3339618416404213E-017  -1.4490848325747878E-017  -1.7436166024405524E-017   9.6602998677504561E-018   8.6670609872913534E-018   2.1464727044439145E-017  -1.2437370493261847E-017   2.3365876536441361E-018   3.9681200967842380E-017  -1.1004093681568664E-017  -4.8008281060969505E-010  -7.9838244913126255E-011  -6.4276599285486051E-010  -3.4863414199427147E-009   1.5946635014663968E-010   2.8183434462621497E-011   2.1231061534731527E-010   4.0323032659723934E-018   5.1018842779329909E-018  -6.8836349302969114E-018   2.4277967672538532E-018   1.0343019981201629E-017  -6.4602379310655497E-018   3.0670202364657836E-010   5.4353647431925744E-011   4.0823110847689267E-010   5.0343020389203890E-010   5.6209324694276338E-010
  -1.6802632346545967E-010   5.8047861664954391E-010  -3.0300822300455491E-010   1.6227824817664435E-009   2.0507477852781078E-017   8.1906326946266568E-018  -5.8826076695277829E-017   2.4146553237740108E-017   9.6604415559938775E-018  -4.4654084976726058E-017  -2.5290203524812016E-010   8.7376158135405857E-010  -4.5606526312113121E-010   2.4069548854492786E-009  -8.1475494040811535E-018  -3.3991626391373806E-020  -1.2054120117203387E-019  -2.4084949954534461E-018  -8.7851363274968610E-018   1.3339618416404213E-017   7.6550714796304985E-018  -4.5429661531901950E-018  -1.0236305155888497E-017   3.4759736338212982E-018   6.7490900307439025E-018   3.9844188942185213E-019  -1.3283007377900022E-017  -7.1748272307106028E-020  -2.2044261758129362E-018  -6.6775426881754629E-018  -1.2095493887971359E-010   4.1739943880635497E-010  -2.1814104939549688E-010  -1.6387577762303095E-009   3.9703935624212513E-011  -1.3993011660315212E-010   7.1489341765506715E-011   1.4368011662008357E-018  -2.7476303007371196E-020  -5.2414378078272085E-018   3.0239415014568615E-018  -2.3157907132837398E-019  -4.4608120531655262E-018   7.6320498301280768E-011  -2.6924253449503779E-010   1.3740918178736198E-010   2.3663811765394132E-010   2.6421262177798869E-010
   2.2492649057652139E-010   6.2205792326827783E-010   6.6116006833734579E-010  -1.4778125270599530E-009  -1.7442411040203375E-018  -4.9983351968181354E-017   3.9986843968741347E-017  -1.5832595815291250E-017  -1.0288205921320642E-016   1.7576895108017977E-017   3.3855358989797394E-010   9.3637144874103730E-010   9.9518522629762788E-010  -2.1919309947918424E-009   7.4641673187021105E-018  -4.8548420737834868E-020  -2.2393940273561204E-019   4.4765641659869398E-018   4.9135461043436981E-018  -1.4490848325747878E-017  -4.5429661531901950E-018   8.5810123204053210E-018   6.1436544899748650E-018  -6.2289956657864505E-018   3.7759182393742940E-018  -1.8068468553595743E-017   6.7788742436304174E-018  -2.8510788736551142E-018  -3.9904943976149728E-017  -9.2463948880338946E-019   1.6184829419608050E-010   4.4713209699357027E-010   4.7557119149259848E-010   1.4923880375771721E-009  -5.3547916859759623E-011  -1.5094301848529750E-010  -1.5844082908917850E-010  -7.2364797490497703E-019  -4.9846544815494386E-018   3.2152937463321104E-018   3.8350929750056042E-019  -9.6097510831651713E-018   3.4019345886207266E-019  -1.0296990775961875E-010  -2.9052503588046452E-010  -3.0477182323269733E-010  -2.1550570681160429E-010  -2.4061936594009713E-010
  -1.1135675360672043E-010  -7.9354316784814350E-010   5.5936131364157152E-010  -2.1695606507282898E-009  -6.4848966076176753E-018  -7.0799185063843482E-018   9.6234747967280028E-017  -3.0696371613487622E-017  -1.1024756803569969E-017   3.7181340237256512E-017  -1.6765004727880657E-010  -1.1944744376667328E-009   8.4192960128565982E-010  -3.2179512527903983E-009   1.0901077557760422E-017  -5.7157545899583014E-019   1.9568334321174122E-018   2.8108507161860616E-018   1.1306592143976730E-017  -1.7436166024405524E-017  -1.0236305155888497E-017   6.1436544899748650E-018   1.4304939369217419E-017  -6.0377486887803512E-018  -3.7687102523580384E-019   2.5107322539827608E-018   2.5280717736547426E-017   1.0503130765638916E-018   3.1910472709422817E-018  -6.7317331133813080E-019  -7.9847700785571571E-011  -5.7061397224243604E-010   4.0254294645828005E-010   2.1909085220297418E-009   2.8187413258859117E-011   1.9124257265772451E-010  -1.3287639056746731E-010   5.6263721809456191E-019  -1.3937921044631654E-019   8.8749385315244465E-018  -3.9475238355108985E-018   8.3196132866188476E-019   3.3849791180242090E-018   5.4361390825804483E-011   3.6796937037911622E-010  -2.5548711097775572E-010  -3.1636788096122345E-010  -3.5323266017709372E-010
   5.5815403780000613E-010  -3.4968451866897964E-010  -8.2537049756597459E-010   1.0688132093959718E-009  -4.2607096641983846E-017   2.7321256962948344E-017  -7.1102185931386168E-017   9.6296743204289311E-018   6.8834472380748289E-017   3.2977380753969038E-017   8.4018277161538584E-010  -5.2637521333304938E-010  -1.2423744781710429E-009   1.5852923461529033E-009  -5.5014556891734200E-018   1.3741944704812752E-018  -3.7662355151628661E-018  -2.2794275898680890E-018  -2.8218220748584502E-018   9.6602998677504561E-018   3.4759736338212982E-018  -6.2289956657864505E-018  -6.0377486887803512E-018   7.4500079461630647E-018  -2.0631475727880908E-017   6.4234389797445189E-018  -2.3146881477083471E-017   5.0427926230680887E-019   2.7876409417388931E-017   2.0127051789154841E-017   4.0116510950737797E-010  -2.5133671669370972E-010  -5.9355725044604900E-010  -1.0793517522552665E-009  -1.3563523467694668E-010   8.4939610320270401E-011   1.9857121932938950E-010  -4.7353592120308671E-018   3.9273179136933565E-018  -6.8941555808100029E-018  -1.2992724997984318E-019   5.6747938919227533E-018   4.8652468846373628E-018  -2.6108004999677173E-010   1.6349426924740646E-010   3.8203849730913669E-010   1.5586151878713130E-010   1.7402469563245758E-010
  -5.8565254688859909E-009   2.2839108050515821E-009  -2.9417193802953716E-011  -1.0742551077122708E-009   3.9999019879900732E-016   1.3712724428397780E-016  -7.9806444196257464E-017   1.5632903472447432E-016   1.5757987574524884E-016  -5.5631918151601207E-016  -8.8233180009234606E-009   3.4341532933532733E-009  -4.5097034289153208E-011  -1.5915412579574850E-009  -3.4365490860900393E-018  -8.6777176050854211E-018   2.3904063111383619E-017  -4.0552745945573713E-018  -1.3883176840127299E-017   8.6670609872913534E-018   6.7490900307439025E-018   3.7759182393742940E-018  -3.7687102523580384E-019  -2.0631475727880908E-017   1.8050890552623885E-016   9.3717654752838810E-017  -6.4650648999630874E-017   7.5715891366720193E-017   8.6544608840008394E-017  -2.5622471075720144E-016  -4.1550867558818234E-009   1.6687333006031519E-009  -1.5306113388930403E-011   1.1784430146057235E-009   1.7476942681901993E-009  -3.9213865947202941E-010   4.2098341459754727E-011   4.8138341644749819E-017   5.3100192087206712E-018  -1.7927499883900561E-017   2.5300112608298326E-017   2.3535882872996391E-017  -7.3438440812375814E-017   3.3941214363909122E-009  -7.3973976104316940E-010   8.4268930493683620E-011  -1.8230305410310948E-010  -2.0551056681587091E-010
  -4.0475401778118246E-009  -1.6144722272071677E-009  -4.6449804674030917E-009  -1.3922992126499914E-009   2.0475348239147977E-016   3.6530770340830823E-016  -3.7269639147919375E-016   1.9786351748337134E-016   6.8779491859258713E-016  -4.0261697067787308E-016  -6.0862683467806133E-009  -2.4332418076958563E-009  -6.9968280238883494E-009  -2.0626982462563027E-009  -7.5389057562861466E-018  -3.0454886821818882E-018   9.4504747708142940E-018  -1.1349343814736027E-017  -1.3239244153440644E-018   2.1464727044439145E-017   3.9844188942185213E-019  -1.8068468553595743E-017   2.5107322539827608E-018   6.4234389797445189E-018   9.3717654752838810E-017   1.8734230269473826E-016  -2.0817795867370156E-016   1.1986504590181703E-016   3.4108215560535896E-016  -2.1358268528477686E-016  -2.9553787315465508E-009  -1.1388827736814408E-009  -3.3041586545731647E-009   1.5291734093349076E-009   7.0659617497053401E-010   5.2101310527550472E-010   1.3344365934981817E-009   3.0063668807612935E-017   4.0089207442029043E-017  -5.4411652876417052E-017   2.5145320412805317E-017   7.6066777066074792E-017  -5.5208935428241076E-017   1.3344661204692235E-009   1.0147936753851025E-009   2.5876538266284277E-009  -2.3676982930632377E-010  -2.6727943715852512E-010
   2.3364592399468254E-010  -4.6642342047729990E-009   1.0817844541401645E-008   4.0119307656525502E-009  -5.6572233171539581E-017  -3.9670670613279405E-016   1.2834059774787828E-015  -4.1994334805714945E-016  -7.7818250132736674E-016   4.7651542527768617E-016   3.5321691202854716E-010  -7.0258419995865028E-009   1.6293912046477629E-008   5.9437135359080219E-009   1.1220275700091556E-017  -7.4602007466971278E-018   2.4276011984964567E-017  -2.6163517946387924E-018   8.8020734058299453E-018  -1.2437370493261847E-017  -1.3283007377900022E-017   6.7788742436304174E-018   2.5280717736547426E-017  -2.3146881477083471E-017  -6.4650648999630874E-017  -2.0817795867370156E-016   6.5873965825452829E-016  -2.1795444208855905E-016  -4.4018957476457199E-016   2.8260482972998713E-016   1.5710476373386463E-010  -3.3177630967631001E-009   7.7039484952024955E-009  -4.4054309527890798E-009  -1.2159132607007049E-010   1.3405130594210825E-009  -3.0552044111273276E-009  -9.8431159288566019E-018  -5.1971031310146961E-017   1.6997677663739415E-016  -7.5497478396165074E-017  -8.3594653122930023E-017   8.5340486109726969E-017  -2.4004687647680055E-010   2.5994795687680867E-009  -5.9203372845180660E-009   6.8201279822972923E-010   7.6971360312683364E-010
  -2.3358929203878924E-009   8.1351868533342000E-010  -3.6255997111981886E-009  -2.5717959477877250E-009   1.4445104502344531E-016   2.1741329146949684E-016  -3.8481068369825700E-016   1.7167314684004655E-016   3.9786708898284494E-016  -3.1612410719217015E-016  -3.5178109140646663E-009   1.2376918789903297E-009  -5.4619562497645592E-009  -3.8100865163838929E-009  -3.5522634312979320E-019  -9.5396050008526488E-019   2.1744729637678077E-018  -1.8594997492711138E-018   1.7459966417415868E-020   2.3365876536441361E-018  -7.1748272307106028E-020  -2.8510788736551142E-018   1.0503130765638916E-018   5.0427926230680887E-019   7.5715891366720193E-017   1.1986504590181703E-016  -2.1795444208855905E-016   1.0186264991463452E-016   2.1638355443864910E-016  -1.7757834280387338E-016  -1.6672921022579286E-009   4.9065036643746199E-010  -2.5744270076797541E-009   2.8269276641812505E-009   6.3707037599944901E-010  -7.6076504292329576E-010   1.0691560951709556E-009   1.8676272537523588E-017   2.3217304686782786E-017  -5.5970843661097887E-017   3.2075032575577882E-017   4.4950249125668789E-017  -5.0751216121223469E-017   1.2327040019990349E-009  -1.5164938646672699E-009   2.0753978239784375E-009  -4.3796681231769048E-010  -4.9495050876108448E-010
  -4.7050944605682863E-009  -4.3262857559781297E-009  -1.0371980514380220E-008  -2.5034939058145375E-009   1.7785429994275607E-016   6.9644264764245857E-016  -8.1851784504444672E-016   3.4328302888329410E-016   1.3741461613261152E-015  -5.2113729029744969E-016  -7.0874185799353341E-009  -6.5156048576519360E-009  -1.5612948538811057E-008  -3.7089609505945008E-009  -1.4289456851508363E-017  -2.3400950976201889E-019   2.5047331130572260E-018  -2.0508848500520946E-017   5.0955677559582179E-018   3.9681200967842380E-017  -2.2044261758129362E-018  -3.9904943976149728E-017   3.1910472709422817E-018   2.7876409417388931E-017   8.6544608840008394E-017   3.4108215560535896E-016  -4.4018957476457199E-016   2.1638355443864910E-016   6.8157625517265720E-016  -3.0292816787418656E-016  -3.3466348132106322E-009  -3.0857923612047295E-009  -7.4538592706705957E-009   2.7484257457282396E-009   1.3534141775657299E-009   1.1929745586292243E-009   2.5255792529534571E-009   3.4963470381358623E-017   7.8042202391399188E-017  -1.1364946719662380E-016   4.1660702764535376E-017   1.5036323781988391E-016  -7.6624062863260755E-017   2.6245876447028710E-009   2.3094321844885791E-009   4.8618828234676523E-009  -4.2541948631410146E-010  -4.7997606473335417E-010
   8.1924203514688236E-009  -3.0974279230941629E-009   3.6550214573129153E-009   3.6459965404135708E-009  -5.4444135436659871E-016  -3.5454086133154300E-016   4.6461759472197089E-016  -3.2800237365620880E-016  -5.5544760778000985E-016   8.7244359135158653E-016   1.2341131873408819E-008  -4.6718428360798034E-009   5.5070601057322651E-009   5.4015441373802758E-009   3.7920277629864496E-018   9.6316789411763036E-018  -2.6078541848525992E-017   5.9148808427311546E-018   1.3865945295685255E-017  -1.1004093681568664E-017  -6.6775426881754629E-018  -9.2463948880338946E-019  -6.7317331133813080E-019   2.0127051789154841E-017  -2.5622471075720144E-016  -2.1358268528477686E-016   2.8260482972998713E-016  -1.7757834280387338E-016  -3.0292816787418656E-016   4.3380276896964704E-016   5.8223802343727868E-009  -2.1593823758508148E-009   2.5897366144337441E-009  -4.0054495657479542E-009  -2.3847653249665476E-009   1.1529043076670880E-009  -1.1112542171033992E-009  -6.6814637072620490E-017  -2.8527365496984519E-017   7.3898428690186756E-017  -5.7375188659648825E-017  -6.8486221565787388E-017   1.2418972329890828E-016  -4.6268267676747388E-009   2.2562348820603526E-009  -2.1596662091910158E-009   6.2030024802745734E-010   7.0044448464636089E-010
  0.15843621611007350        4.3746094964070756E-009  -1.2706092021299746E-008   4.4658876671428962E-009  -9.7723369723868496E-009  -4.8996384563814856E-009  -6.4584462648359986E-010  -3.1674805104733672E-009  -7.1967543930347275E-009   1.2939817478554099E-008  0.23766216676384755       -7.8858305908228389E-009   2.2888014655043312E-008  -9.0528496137165903E-009   1.6711887711808536E-010   2.4212565716296201E-010  -7.0006696725010970E-010   2.5583502817761870E-010   3.0017399711480968E-010  -4.8008281060969505E-010  -1.2095493887971359E-010   1.6184829419608050E-010  -7.9847700785571571E-011   4.0116510950737797E-010  -4.1550867558818234E-009  -2.9553787315465508E-009   1.5710476373386463E-010  -1.6672921022579286E-009  -3.3466348132106322E-009   5.8223802343727868E-009  0.11982872556268578       -3.1253276050159943E-009   9.0685476841170335E-009   3.4880831268968484E-009  -2.8507157230032235E-003   1.1279455373116651E-009  -3.2727835134775352E-009  -1.1191761273395135E-009  -4.7918947543906821E-010   1.0941386182059610E-010  -4.2543803066677059E-010  -8.8240680056541142E-010   1.5446144363522839E-009  -2.1872862318926822E-003   2.4296593906498493E-009  -7.0498034438966781E-009  -4.1730917577313752E-010  -4.9669467719921673E-010
   4.3797373412951599E-009  0.15843622104420821        8.0128717685138953E-009  -7.9320620136658884E-009   2.7491839166514235E-009  -3.1721437195134158E-009  -7.1351131296757806E-009   2.7352050362880989E-009  -7.6167566077602907E-009  -5.4843876317648034E-009  -7.8874834336130946E-009  0.23766215783824121       -1.4420281399342221E-008  -8.8828404831428843E-010  -1.2426983850771351E-010   1.0631704748327407E-011  -1.0992898851606985E-010   2.4656386370142717E-010  -4.9508778353631533E-010  -7.9838244913126255E-011   4.1739943880635497E-010   4.4713209699357027E-010  -5.7061397224243604E-010  -2.5133671669370972E-010   1.6687333006031519E-009  -1.1388827736814408E-009  -3.3177630967631001E-009   4.9065036643746199E-010  -3.0857923612047295E-009  -2.1593823758508148E-009  -3.1253276050159943E-009  0.11982872201276611       -5.7104394613774638E-009   2.9029521938831988E-009   1.1278873374743420E-009  -2.8507144436457632E-003   2.0612780556686832E-009   2.6637077931497228E-010  -3.2210770874659749E-010  -8.7398106193447258E-010   4.7457586136653618E-010  -7.4764409053108887E-010  -7.4094800292965969E-010   2.4296904393843200E-009  -2.1872834765076232E-003   4.4405223820505511E-009  -4.4540093095978980E-010  -6.9745234043085459E-010
