  0.47864693139102821       -4.1076942501847075E-008   9.1944454547659484E-009  -2.9623278384739136E-008   1.2122973903094774E-008   3.3798041818143788E-009   2.8954200788939709E-008   2.5156482354506805E-016  -4.1302682213191726E-016  -7.9960507653917305E-017  0.29674870735983405        2.9179675646259417E-009   5.1583267648824248E-009   1.9128801175735833E-008   3.9803792350625368E-008   3.4040006231825467E-010  -4.2721824485771801E-008  -1.4675028851596593E-015   3.0307528570846173E-016   1.0110241695283325E-016 -0.16410878981790541       -9.5252674084453618E-015   7.5391726201627782E-016   2.3667313735691886E-016  -1.2249107962680586E-009   5.4711910429375381E-009   1.4341056248286335E-008   3.6726912564034058E-008   6.1990028254321664E-010  -3.5501972082160072E-008 -0.17834949703170733       -2.6484239944608112E-017   4.5683702105705485E-018  -1.1859829154467390E-018  -2.3806920704102745E-017   5.6952160474717998E-018  -8.2020133738465800E-018   3.4849267914445721E-018   3.9590968346069927E-018   7.6725470394014667E-018  -7.5853836569427686E-018   8.5052236683119106E-002
  -4.1076942501847075E-008   3.5251871110703921E-015  -7.8906399808196036E-016   2.5422297394800747E-015  -1.0404163359240026E-015  -2.9005230072115813E-016  -2.4847906727783521E-015   3.2099985414503614E-018  -1.1504639526756808E-018  -5.1707856314083864E-019  -2.5465817044113452E-008  -2.5052963861265337E-016  -4.4258221751618869E-016  -1.6414759836168363E-015  -3.4153634328437924E-015  -2.9196035696502461E-017   3.6658986072227530E-015   4.7438028289869837E-016  -1.7002035066280873E-016  -7.6418319595683850E-017   1.4141369057277054E-008   3.2858451035412968E-015  -1.1776633838581770E-015  -5.2931994289084883E-016   1.0550484702908231E-016  -4.6998086189030276E-016  -1.2315205761645780E-015  -3.1545183505709315E-015  -5.3267066729937538E-017   3.0490109683422609E-015   1.5429042138086198E-008   4.9296764365181867E-024   2.1163360251603759E-024   1.5130846571308865E-023   2.4085951064469382E-024  -4.6225072636937099E-024  -3.2160928895197062E-024  -1.5400785288469466E-023   1.9419512862070601E-023   1.7085586218076521E-023  -2.5273225358756862E-023  -7.3698743013890981E-009
   9.1944454547659484E-009  -7.8906399808196036E-016   1.7662325037680496E-016  -5.6903602697290444E-016   2.3289860060629286E-016   6.4924391296311720E-017   5.5616983759015098E-016  -6.0455289153181174E-019  -3.7459776461371164E-019  -2.2364681594189640E-019   5.6997409496805080E-009   5.6131063661045683E-017   9.9017785716568813E-017   3.6735434263158516E-016   7.6421310275905490E-016   6.5271180870941014E-018  -8.2034540284574644E-016  -8.9341853954319695E-017  -5.5356324275051863E-017  -3.3050490727987591E-017  -3.1928513808917141E-009  -6.1883571016846450E-016  -3.8343120753942720E-016  -2.2892771419118897E-016  -2.3798872519646512E-017   1.0541224392548025E-016   2.7603230461096151E-016   7.0735673109433607E-016   1.1955394703189186E-017  -6.8355729701311890E-016  -3.5123245926185082E-009  -8.0287383951076119E-025   1.3516972782774938E-024  -3.6790497520585605E-024  -3.9732723079231953E-024  -2.7898813771259816E-024   3.7458607136209184E-024  -7.3358271446086193E-024  -3.1132388901895792E-025   8.8214997469698873E-024   2.8643733829066876E-024   1.6833764909137262E-009
  -2.9623278384739136E-008   2.5422297394800747E-015  -5.6903602697290444E-016   1.8333781251995985E-015  -7.5026171900423426E-016  -2.0917392975588410E-016  -1.7919824100348640E-015  -2.2806286088302757E-019   1.0707344758625031E-018   1.2271988738175946E-019  -1.8366223244129860E-008  -1.8051550858726021E-016  -3.1931428185663337E-016  -1.1839664919135275E-015  -2.4638160879785453E-015  -2.1078540382483890E-017   2.6443355966018214E-015  -3.3701272818544311E-017   1.5822824423276944E-016   1.8135251050636267E-017   1.0117570340081321E-008  -2.3343554053730220E-016   1.0959841630215703E-015   1.2561580013717495E-016   7.5549224407954005E-017  -3.3830592929267971E-016  -8.8702999028454631E-016  -2.2712179686060085E-015  -3.8319444918223388E-017   2.1956668985876864E-015   1.0954574579781470E-008   3.6208791047294713E-025  -3.7042559944566461E-024  -1.4416275882896106E-025   5.1892245062628137E-024   6.6408625059121659E-024  -1.5018582286565675E-024   1.8040707495029853E-023  -2.4918526485527557E-024  -2.1541028149026984E-023   2.3025724989515782E-024  -5.2159613376512194E-009
   1.2122973903094774E-008  -1.0404163359240026E-015   2.3289860060629286E-016  -7.5026171900423426E-016   3.0717760385974843E-016   8.5607014897307919E-017   7.3324450878776843E-016   2.3285024492346548E-018   9.0637493698226001E-019  -2.9857783462782755E-019   7.5129381613663568E-009   7.4315149405564814E-017   1.3028636995655179E-016   4.8399169412010493E-016   1.0061250173095539E-015   8.5608213185483649E-018  -1.0804417817860327E-015   3.4410709732750562E-016   1.3394411220425167E-016  -4.4125872595312799E-017  -4.3661156102996184E-009   2.3834940660316708E-015   9.2777736591865312E-016  -3.0564283475477954E-016  -3.2419664322120574E-017   1.4020375612166619E-016   3.6608271838914478E-016   9.3984757784571525E-016   1.5947190446036500E-017  -9.0742720662992798E-016  -4.9648077887362875E-009  -8.0228688426299357E-025  -3.8219914466813778E-024   1.2274354774312995E-023   5.9106197382779334E-024   9.0303701836903246E-024  -6.5824524587519982E-024   1.9397481747814881E-023   1.3728911432449863E-023  -2.1742212602569703E-023  -1.9541502717484824E-023   2.4111861069479737E-009
   3.3798041818143788E-009  -2.9005230072115813E-016   6.4924391296311720E-017  -2.0917392975588410E-016   8.5607014897307919E-017   2.3865518125139566E-017   2.0444692163447252E-016  -1.4596813822136890E-019   2.0895575635087494E-018   1.0089132986606497E-018   2.0952841215426443E-009   2.0618908619970826E-017   3.6410857107979557E-017   1.3505389840992525E-016   2.8098923668636930E-016   2.4014502117132110E-018  -3.0160860052184193E-016  -2.1572730778515336E-017   3.0879300980073623E-016   1.4910001032385069E-016  -1.1662951253473618E-009  -1.4942602433155831E-016   2.1388862549146743E-015   1.0327571967978390E-015  -8.6992000639147007E-018   3.8691318983196223E-017   1.0136674860374971E-016   2.5967955712339361E-016   4.3860354443409274E-018  -2.5098014905265000E-016  -1.2753618383663714E-009  -1.2268072180042338E-024  -6.1512522692914741E-024   2.0084917691569163E-024   1.1149496533394623E-023   1.3046956590367614E-023  -9.9818065214461655E-024   3.6033040097561469E-023  -1.1093650680632331E-023  -4.2071802798195134E-023   6.7320168315880223E-024   6.0975819652531929E-010
   2.8954200788939709E-008  -2.4847906727783521E-015   5.5616983759015098E-016  -1.7919824100348640E-015   7.3324450878776843E-016   2.0444692163447252E-016   1.7515602850938703E-015   2.0532328266886139E-018  -8.8912652865285071E-020   8.2157432650085342E-019   1.7953025196261028E-008   1.7621558102501176E-016   3.1229863529451004E-016   1.1574939593631830E-015   2.4092593101695003E-015   2.0635427412397802E-017  -2.5854788119372958E-015   3.0342566688302190E-016  -1.3136223522934721E-017   1.2141383281200562E-016  -9.7751675805299074E-009   2.1017098301942539E-015  -9.0989617280441443E-017   8.4098570561331911E-016  -7.3084675274530182E-017   3.2977847187573299E-016   8.6544255838134799E-016   2.2146809768877703E-015   3.7319982335073164E-017  -2.1415944732574088E-015  -1.0463967518840799E-008   1.1843510293336873E-024   5.8613183947642293E-025   1.1385941718328739E-023   6.1597070417222725E-024   7.5151970329404703E-025  -1.1807423367329026E-023   1.6885969912725027E-024   8.2016254597712541E-025  -1.8514490194345452E-024  -9.4171600942367935E-024   4.9585265765649926E-009
   2.5156482354506805E-016   3.2099985414503614E-018  -6.0455289153181174E-019  -2.2806286088302757E-019   2.3285024492346548E-018  -1.4596813822136890E-019   2.0532328266886139E-018   1.5624966619054513E-006   5.2875211259749857E-012   1.4010703546441426E-011   1.6760649947584982E-016  -8.8906128121528880E-019  -6.4722816686323465E-019  -4.5175889396925471E-019  -3.1473992822312749E-019   3.2393874375165841E-019  -6.3277219518993167E-019   2.3090710416353547E-004   4.0400052125126918E-010   1.0547388930655920E-009  -8.0201543366225130E-017   1.5994023962385823E-003   2.6954960275940020E-009   7.1545656444735318E-009   8.4784197953836487E-019  -5.6430706228528498E-020   2.0374708580203183E-019   3.9677976836942057E-019  -1.9408320474555977E-019   1.0879249794873654E-018  -8.1265606361124409E-017   1.0064283568372904E-012  -4.6076098321092606E-013   8.0344281574544716E-012   3.2072253301954576E-012   1.5349143999779934E-012  -4.5576132673338980E-012   2.3615918154639094E-012   7.0081361382100973E-012  -2.7076469666315708E-012  -1.1212065587556780E-011   3.6703375301603624E-017
  -4.1302682213191726E-016  -1.1504639526756808E-018  -3.7459776461371164E-019   1.0707344758625031E-018   9.0637493698226001E-019   2.0895575635087494E-018  -8.8912652865285071E-020   5.2875211259749857E-012   1.5625390480504779E-006   5.9251637086753886E-013  -2.5667661377373774E-016  -6.0943970868529074E-020   4.1593569568836984E-019  -4.0534352273443513E-019  -1.7774809341607343E-019  -1.2926852325219373E-018   4.3859948602570864E-019   4.0400081073031357E-010   2.3091033915250962E-004   4.5958376279000326E-011   1.4473154443251285E-016   2.6954980268543874E-009   1.5994240068006389E-003   3.0152840549405442E-010  -1.0337831511215070E-018  -1.0510665549869430E-018  -1.4081691067428823E-018   2.1145212054080654E-019  -1.1040221044473358E-019   6.2424107717974378E-019   1.5944235378371333E-016  -1.9342978983107719E-012  -5.2302803007827677E-012   1.1859174827563143E-012   5.3033740776090963E-012   1.0750284198014142E-011  -2.7082408853983452E-012   2.7159154514812501E-011   9.6468289000162521E-014  -3.1207735884885177E-011  -9.5583380056925632E-013  -7.6660760438065723E-017
  -7.9960507653917305E-017  -5.1707856314083864E-019  -2.2364681594189640E-019   1.2271988738175946E-019  -2.9857783462782755E-019   1.0089132986606497E-018   8.2157432650085342E-019   1.4010703546441426E-011   5.9251637086753886E-013   1.5624579964043083E-006  -5.1090370565764696E-017   3.3501979850412588E-019  -1.8654993476459548E-019   7.2605599372352753E-019   4.6644318491710144E-019   4.8470982472911852E-019  -8.1242060531759797E-019   1.0547386755262608E-009   4.5958298968529754E-011   2.3090419312973615E-004  -9.1164841553088177E-017   7.1545641386296938E-009   3.0152785469139871E-010   1.5993826519017753E-003  -2.8667116831021988E-019  -8.1106625871167387E-019   1.6325508552943215E-019  -2.5856390312997651E-019   2.9151432638755447E-019   5.6351446754083670E-019  -2.2317833230153952E-016   2.5425460001233323E-012   1.1885290251660693E-012   1.8303090439543360E-012   7.0080222152251808E-012  -1.8987201572611702E-012  -1.0419205664272024E-011  -1.4058379808058132E-013  -1.6408879028811541E-011  -9.9991549845094766E-013   1.0866258613646510E-011   1.3105200858013844E-016
  0.29674870735983405       -2.5465817044113452E-008   5.6997409496805080E-009  -1.8366223244129860E-008   7.5129381613663568E-009   2.0952841215426443E-009   1.7953025196261028E-008   1.6760649947584982E-016  -2.5667661377373774E-016  -5.1090370565764696E-017  0.18404439339720907        1.7997612963123742E-009   3.2062332418431238E-009   1.1870586380325916E-008   2.4722903212809135E-008   2.1241616193718889E-010  -2.6522705002738653E-008   7.9094262742724406E-016   9.3686744500144987E-017   8.8066275257040637E-017  -9.6987183046570877E-002   5.8834433883766199E-015  -1.9629671787781009E-016   3.2515155474883890E-016  -7.2775030092274488E-010   3.3549790526961584E-009   8.8262369426034430E-009   2.2550955462766230E-008   3.7872727342189361E-010  -2.1823185737268713E-008 -0.10041630722648111       -1.5888581546557072E-017   2.6054459687075730E-018  -5.7724451337754593E-019  -1.4692173223892991E-017   3.5312063351891929E-018  -5.0170057969707599E-018   1.9591917990331504E-018   2.6130608022756647E-018   4.5299539124064026E-018  -4.4841009293209350E-018   4.6899192711262104E-002
   2.9179675646259417E-009  -2.5052963861265337E-016   5.6131063661045683E-017  -1.8051550858726021E-016   7.4315149405564814E-017   2.0618908619970826E-017   1.7621558102501176E-016  -8.8906128121528880E-019  -6.0943970868529074E-020   3.3501979850412588E-019   1.7997612963123742E-009   1.9063825584171151E-017   3.0322169270814453E-017   1.1507614160137720E-016   2.3640775757598780E-016   1.8864542682701125E-018  -2.5547191353867608E-016  -1.3138667880220559E-016  -9.0056541366676873E-018   4.9510733815070794E-017  -1.6523083436018344E-009  -9.1006370547312462E-016  -6.2378533311410785E-017   3.4294148995420878E-016  -1.1807056064639806E-017   3.8427547532783032E-017   9.6314966297151214E-017   2.5388337480679340E-016   4.5459126762543337E-018  -2.4207627760699859E-016  -2.4792068270195954E-009  -1.8626902735743581E-025   7.7994103956790205E-025  -4.2542860756925032E-024  -6.8344770176899730E-025  -1.6650830426127921E-024   4.0546177583533973E-025  -2.3842510363308185E-024  -7.5074513321212178E-024   2.6212084163500463E-024   8.6707415577218483E-024   1.3176918621874996E-009
   5.1583267648824248E-009  -4.4258221751618869E-016   9.9017785716568813E-017  -3.1931428185663337E-016   1.3028636995655179E-016   3.6410857107979557E-017   3.1229863529451004E-016  -6.4722816686323465E-019   4.1593569568836984E-019  -1.8654993476459548E-019   3.2062332418431238E-009   3.0322169270814453E-017   5.6582368943431459E-017   2.0750577955643704E-016   4.3447071520189200E-016   3.8348842793580740E-018  -4.6479363613147122E-016  -9.5648334701504392E-017   6.1467351404376664E-017  -2.7568276598728541E-017  -1.1937259348576236E-009  -6.6251827374605410E-016   4.2575990522589348E-016  -1.9095457033617709E-016  -9.3736840184563066E-018   5.4488126384140130E-017   1.4671404901262063E-016   3.6935825304182307E-016   6.0043524326660659E-018  -3.5998412578568311E-016  -6.9453269616773872E-010  -1.4565932332266171E-024  -1.3215046879857674E-024  -3.2246109866763962E-024  -1.0018869147431823E-024   2.5139870456760640E-024   2.3307617005129573E-024   6.2814334679823456E-024  -8.5639838274059242E-025  -7.0111536408730931E-024   3.0372751470146895E-024   2.1181051966250034E-010
   1.9128801175735833E-008  -1.6414759836168363E-015   3.6735434263158516E-016  -1.1839664919135275E-015   4.8399169412010493E-016   1.3505389840992525E-016   1.1574939593631830E-015  -4.5175889396925471E-019  -4.0534352273443513E-019   7.2605599372352753E-019   1.1870586380325916E-008   1.1507614160137720E-016   2.0750577955643704E-016   7.6632587647303486E-016   1.5982696752771646E-015   1.3831564144420621E-017  -1.7133484737255715E-015  -6.6763240725572488E-017  -5.9898689092268343E-017   1.0729930546303127E-016  -5.7719873045814817E-009  -4.6244264083655721E-016  -4.1489441069874022E-016   7.4322017419464780E-016  -4.3716628783525610E-017   2.1253077171540181E-016   5.6240683026481142E-016   1.4315863437473789E-015   2.3848666704432842E-017  -1.3878683598755735E-015  -5.4481438900248509E-009   4.2164972081221601E-025   2.1873308214560585E-024  -1.8014123370029464E-024   1.3281847709318592E-026  -3.8871095837335706E-024  -3.1379731740336926E-024  -7.6873184652453009E-024  -9.4919944445077011E-024   8.6826924562924737E-024   8.2722600567039493E-024   2.4347756223138798E-009
   3.9803792350625368E-008  -3.4153634328437924E-015   7.6421310275905490E-016  -2.4638160879785453E-015   1.0061250173095539E-015   2.8098923668636930E-016   2.4092593101695003E-015  -3.1473992822312749E-019  -1.7774809341607343E-019   4.6644318491710144E-019   2.4722903212809135E-008   2.3640775757598780E-016   4.3447071520189200E-016   1.5982696752771646E-015   3.3406536622773051E-015   2.9232002213623905E-017  -3.5770670994362020E-015  -4.6516025254069026E-017  -2.6262260087944929E-017   6.8933580939612867E-017  -1.0453221310228206E-008  -3.2219812666023457E-016  -1.8190832574496522E-016   4.7747583518086252E-016  -8.0599296733928962E-017   4.3011944632209713E-016   1.1490399325071453E-015   2.9072515133292547E-015   4.7793058818467518E-017  -2.8266490628110093E-015  -8.0112709918683564E-009  -1.0695440607087631E-024   1.2700768977459301E-024  -1.1995310464220429E-024  -1.0915448090531742E-024  -1.6248968549835102E-024  -2.5207495410037889E-024  -3.4520474370450517E-024  -5.8857836449673731E-024   4.2820242814363951E-024   5.1274636570052817E-024   3.1570612501186328E-009
   3.4040006231825467E-010  -2.9196035696502461E-017   6.5271180870941014E-018  -2.1078540382483890E-017   8.5608213185483649E-018   2.4014502117132110E-018   2.0635427412397802E-017   3.2393874375165841E-019  -1.2926852325219373E-018   4.8470982472911852E-019   2.1241616193718889E-010   1.8864542682701125E-018   3.8348842793580740E-018   1.3831564144420621E-017   2.9232002213623905E-017   2.7001521693983823E-019  -3.1118511765898303E-017   4.7871916127669419E-017  -1.9103168027272794E-016   7.1631542814526298E-017  -2.0229281652522482E-011   3.3158991191263285E-016  -1.3232004379276476E-015   4.9616354411884682E-016  -2.2881495099341235E-019   3.1400157039212393E-018   8.8834755998578415E-018   2.1680987875144180E-017   3.2735863367558097E-019  -2.1452131115526863E-017   7.9181944297100079E-011   2.5895831917944460E-024   4.5988319710244433E-024   1.2547608439409715E-024  -1.5640731201899321E-024  -9.1604403528690674E-024  -1.9410761074694078E-024  -2.2024338875984312E-023  -3.7112240802717309E-024   2.4947421134673012E-023   1.8362472470397806E-024  -5.7800320390076276E-011
  -4.2721824485771801E-008   3.6658986072227530E-015  -8.2034540284574644E-016   2.6443355966018214E-015  -1.0804417817860327E-015  -3.0160860052184193E-016  -2.5854788119372958E-015  -6.3277219518993167E-019   4.3859948602570864E-019  -8.1242060531759797E-019  -2.6522705002738653E-008  -2.5547191353867608E-016  -4.6479363613147122E-016  -1.7133484737255715E-015  -3.5770670994362020E-015  -3.1118511765898303E-017   3.8325450229481551E-015  -9.3507738671304299E-017   6.4810461762913875E-017  -1.2006247257060840E-016   1.2105519451081832E-008  -6.4769122010978425E-016   4.4891644763054135E-016  -8.3162549318301548E-016   9.2406302732415341E-017  -4.6854748020616175E-016  -1.2453563924804079E-015  -3.1611383549545788E-015  -5.2339017075075286E-017   3.0687288572917465E-015   1.0490432818452468E-008  -1.9243417111429371E-025  -2.1859268505744172E-024  -3.8510186456787752E-024  -1.3653614067391415E-024   2.8745293753962756E-024   7.1988167620948208E-024   6.5362293732040818E-024   5.2830477545994063E-024  -7.7064008282712380E-024  -8.1781586679574921E-025  -4.4747249347301635E-009
  -1.4675028851596593E-015   4.7438028289869837E-016  -8.9341853954319695E-017  -3.3701272818544311E-017   3.4410709732750562E-016  -2.1572730778515336E-017   3.0342566688302190E-016   2.3090710416353547E-004   4.0400081073031357E-010   1.0547386755262608E-009   7.9094262742724406E-016  -1.3138667880220559E-016  -9.5648334701504392E-017  -6.6763240725572488E-017  -4.6516025254069026E-017   4.7871916127669419E-017  -9.3507738671304299E-017   3.4123650983895935E-002   3.9327492414791164E-009   5.7562793245447186E-009   7.7653180206148709E-018  0.23636106541541152        1.2040632449264644E-008   1.7527557045190430E-008   1.2529534460242205E-016  -8.3390281948350776E-018   3.0109015127022182E-017   5.8633672100750441E-017  -2.8681994638435874E-017   1.6077678618776428E-016  -5.7725337121960583E-016   1.4872966474366642E-010  -6.8091164885397462E-011   1.1873332455606549E-009   4.7396068825657185E-010   2.2682961163406987E-010  -6.7352059129930554E-010   3.4899160685981455E-010   1.0356790465676238E-009  -4.0013021624282147E-010  -1.6569355551169832E-009   2.6078404047725550E-016
   3.0307528570846173E-016  -1.7002035066280873E-016  -5.5356324275051863E-017   1.5822824423276944E-016   1.3394411220425167E-016   3.0879300980073623E-016  -1.3136223522934721E-017   4.0400052125126918E-010   2.3091033915250962E-004   4.5958298968529754E-011   9.3686744500144987E-017  -9.0056541366676873E-018   6.1467351404376664E-017  -5.9898689092268343E-017  -2.6262260087944929E-017  -1.9103168027272794E-016   6.4810461762913875E-017   3.9327492414791164E-009   3.4123681449238691E-002   6.4370326629558831E-010   7.9567767172597899E-017   1.2040631585179230E-008  0.23636115866725424        1.9749639773854557E-009  -1.5277171764025989E-016  -1.5532474596534360E-016  -2.0809592726424057E-016   3.1252797315442791E-017  -1.6315000978242841E-017   9.2244836312333990E-017   1.1316316028306597E-016  -2.8584877278747273E-010  -7.7292511517513584E-010   1.7525162024451660E-010   7.8372595329053109E-010   1.5886651107912913E-009  -4.0021954565884417E-010   4.0135500630012916E-009   1.4254724177201137E-011  -4.6118449474559990E-009  -1.4124967183098717E-010  -8.8640573233758643E-017
   1.0110241695283325E-016  -7.6418319595683850E-017  -3.3050490727987591E-017   1.8135251050636267E-017  -4.4125872595312799E-017   1.4910001032385069E-016   1.2141383281200562E-016   1.0547388930655920E-009   4.5958376279000326E-011   2.3090419312973615E-004   8.8066275257040637E-017   4.9510733815070794E-017  -2.7568276598728541E-017   1.0729930546303127E-016   6.8933580939612867E-017   7.1631542814526298E-017  -1.2006247257060840E-016   5.7562793245447186E-009   6.4370326629558831E-010   3.4123635021630100E-002  -7.1791770467760799E-017   1.7527557187502976E-008   1.9749617158278153E-009  0.23636101680830574       -4.2365464502372892E-017  -1.1986146139280941E-016   2.4126293890021713E-017  -3.8211413952904843E-017   4.3080885496139075E-017   8.3276745026194128E-017  -8.1865587110916193E-017   3.7574359898925332E-010   1.7564441528476049E-010   2.7048267758752027E-010   1.0356619124433169E-009  -2.8059919258854520E-010  -1.5397748550184519E-009  -2.0778105521110764E-011  -2.4249522892017116E-009  -1.4776757731537270E-010   1.6058518770377352E-009   4.5517503751842388E-017
 -0.16410878981790541        1.4141369057277054E-008  -3.1928513808917141E-009   1.0117570340081321E-008  -4.3661156102996184E-009  -1.1662951253473618E-009  -9.7751675805299074E-009  -8.0201543366225130E-017   1.4473154443251285E-016  -9.1164841553088177E-017  -9.6987183046570877E-002  -1.6523083436018344E-009  -1.1937259348576236E-009  -5.7719873045814817E-009  -1.0453221310228206E-008  -2.0229281652522482E-011   1.2105519451081832E-008   7.7653180206148709E-018   7.9567767172597899E-017  -7.1791770467760799E-017  0.38951498084225428        4.2266421248131857E-016   2.3215322996556385E-016  -1.5706180593374318E-016   2.6385400848695153E-009  -4.4696433101271682E-009  -9.4607045066066134E-009  -2.7921815005908539E-008  -6.0456386465625443E-010   2.5283336231993970E-008  0.77275142768203731        4.6283646748674748E-017  -1.7459619406842206E-017   1.1475754227968173E-017   1.2890615794276878E-017  -1.9307165267723426E-018   7.5813002922969747E-018  -1.5305209380134803E-017   9.7466239539194106E-018  -1.8523592171456650E-017   1.7926310936456307E-017 -0.43773182922079212     
  -9.5252674084453618E-015   3.2858451035412968E-015  -6.1883571016846450E-016  -2.3343554053730220E-016   2.3834940660316708E-015  -1.4942602433155831E-016   2.1017098301942539E-015   1.5994023962385823E-003   2.6954980268543874E-009   7.1545641386296938E-009   5.8834433883766199E-015  -9.1006370547312462E-016  -6.6251827374605410E-016  -4.6244264083655721E-016  -3.2219812666023457E-016   3.3158991191263285E-016  -6.4769122010978425E-016  0.23636106541541152        1.2040631585179230E-008   1.7527557187502976E-008   4.2266421248131857E-016   1.6371798337368537       -2.1883434463880556E-008  -3.3361073419577880E-008   8.6787150947871496E-016  -5.7761007379901947E-017   2.0855335502024981E-016   4.0613234332872981E-016  -1.9866887995466644E-016   1.1136372366314937E-015  -2.9807992892585934E-015   1.0301915813047638E-009  -4.7164040159251310E-010   8.2241886235690792E-009   3.2829376387907654E-009   1.5711586905206493E-009  -4.6652101829876128E-009   2.4173253769308184E-009   7.1737416654789537E-009  -2.7715419683297205E-009  -1.1476939763890199E-008   1.1989031732720657E-015
   7.5391726201627782E-016  -1.1776633838581770E-015  -3.8343120753942720E-016   1.0959841630215703E-015   9.2777736591865312E-016   2.1388862549146743E-015  -9.0989617280441443E-017   2.6954960275940020E-009   1.5994240068006389E-003   3.0152785469139871E-010  -1.9629671787781009E-016  -6.2378533311410785E-017   4.2575990522589348E-016  -4.1489441069874022E-016  -1.8190832574496522E-016  -1.3232004379276476E-015   4.4891644763054135E-016   1.2040632449264644E-008  0.23636115866725424        1.9749617158278153E-009   2.3215322996556385E-016  -2.1883434463880556E-008   1.6371796639126572       -3.5239160996246126E-009  -1.0581889326854531E-015  -1.0758726860627181E-015  -1.4413977016324943E-015   2.1647559633594240E-016  -1.1300750886982742E-016   6.3894325503112036E-016  -3.8097715272228528E-016  -1.9799607622668781E-009  -5.3537445969552739E-009   1.2138976669822705E-009   5.4285574344149550E-009   1.1004050782990098E-008  -2.7721610756468606E-009   2.7800263562363476E-008   9.8736515537429724E-011  -3.1944414044158485E-008  -9.7837963199003390E-010   1.0356827540087287E-016
   2.3667313735691886E-016  -5.2931994289084883E-016  -2.2892771419118897E-016   1.2561580013717495E-016  -3.0564283475477954E-016   1.0327571967978390E-015   8.4098570561331911E-016   7.1545656444735318E-009   3.0152840549405442E-010   1.5993826519017753E-003   3.2515155474883890E-016   3.4294148995420878E-016  -1.9095457033617709E-016   7.4322017419464780E-016   4.7747583518086252E-016   4.9616354411884682E-016  -8.3162549318301548E-016   1.7527557045190430E-008   1.9749639773854557E-009  0.23636101680830574       -1.5706180593374318E-016  -3.3361073419577880E-008  -3.5239160996246126E-009   1.6371799262078710       -2.9344900094833066E-016  -8.3023325416081360E-016   1.6711334058644993E-016  -2.6467554045847093E-016   2.9840439179588827E-016   5.7682523311723891E-016  -7.2590032105842136E-018   2.6026282500906032E-009   1.2166199763957280E-009   1.8735264780010939E-009   7.1736229156972294E-009  -1.9436006582482865E-009  -1.0665415162078030E-008  -1.4392229642417671E-010  -1.6796692720472857E-008  -1.0235273706468221E-009   1.1123106305434147E-008   1.0677861779193663E-017
  -1.2249107962680586E-009   1.0550484702908231E-016  -2.3798872519646512E-017   7.5549224407954005E-017  -3.2419664322120574E-017  -8.6992000639147007E-018  -7.3084675274530182E-017   8.4784197953836487E-019  -1.0337831511215070E-018  -2.8667116831021988E-019  -7.2775030092274488E-010  -1.1807056064639806E-017  -9.3736840184563066E-018  -4.3716628783525610E-017  -8.0599296733928962E-017  -2.2881495099341235E-019   9.2406302732415341E-017   1.2529534460242205E-016  -1.5277171764025989E-016  -4.2365464502372892E-017   2.6385400848695153E-009   8.6787150947871496E-016  -1.0581889326854531E-015  -2.9344900094833066E-016   1.7904558489386701E-017  -3.1269279073260107E-017  -6.6949775606341294E-017  -1.9604365291120914E-016  -4.1962582348863492E-018   1.7813949438313184E-016   5.1938341468496149E-009   1.6748075728244574E-024   2.8748019244186910E-024   3.3159682932080317E-024  -2.9618527994211771E-024  -5.9456367827434206E-024   1.2831623712419932E-024  -1.6764295868397474E-023   6.8134331457661880E-024   1.9236048296723713E-023  -7.3238396591284012E-024  -2.9376748029445389E-009
   5.4711910429375381E-009  -4.6998086189030276E-016   1.0541224392548025E-016  -3.3830592929267971E-016   1.4020375612166619E-016   3.8691318983196223E-017   3.2977847187573299E-016  -5.6430706228528498E-020  -1.0510665549869430E-018  -8.1106625871167387E-019   3.3549790526961584E-009   3.8427547532783032E-017   5.4488126384140130E-017   2.1253077171540181E-016   4.3011944632209713E-016   3.1400157039212393E-018  -4.6854748020616175E-016  -8.3390281948350776E-018  -1.5532474596534360E-016  -1.1986146139280941E-016  -4.4696433101271682E-009  -5.7761007379901947E-017  -1.0758726860627181E-015  -8.3023325416081360E-016  -3.1269279073260107E-017   8.2727042893913705E-017   1.9929143557791895E-016   5.3912423796099434E-016   1.0137061128698032E-017  -5.0785517598907618E-016  -7.5772838022492580E-009  -6.4733332178445344E-025   3.0938131443144643E-024  -2.1376672834596584E-024  -7.6299571086267897E-024  -6.2361927627248578E-024   7.2640023825280482E-024  -1.8131584349987421E-023   8.1586492692947747E-024   2.1820500140348834E-023  -4.7987905229267243E-024   4.1522434521940647E-009
   1.4341056248286335E-008  -1.2315205761645780E-015   2.7603230461096151E-016  -8.8702999028454631E-016   3.6608271838914478E-016   1.0136674860374971E-016   8.6544255838134799E-016   2.0374708580203183E-019  -1.4081691067428823E-018   1.6325508552943215E-019   8.8262369426034430E-009   9.6314966297151214E-017   1.4671404901262063E-016   5.6240683026481142E-016   1.1490399325071453E-015   8.8834755998578415E-018  -1.2453563924804079E-015   3.0109015127022182E-017  -2.0809592726424057E-016   2.4126293890021713E-017  -9.4607045066066134E-009   2.0855335502024981E-016  -1.4413977016324943E-015   1.6711334058644993E-016  -6.6949775606341294E-017   1.9929143557791895E-016   4.9163409987149369E-016   1.3094135984075946E-015   2.3918368913584635E-017  -1.2424639080989568E-015  -1.5046106814248986E-008   8.3931392918997294E-025   5.1311982942505883E-024  -1.6308071037203518E-026  -4.4067064449192014E-024  -9.5160411285550136E-024   4.4693833183850638E-025  -2.3885725430243634E-023  -9.2037833137624245E-025   2.8113391788941323E-023   9.8529110763798510E-026   8.1190311859947385E-009
   3.6726912564034058E-008  -3.1545183505709315E-015   7.0735673109433607E-016  -2.2712179686060085E-015   9.3984757784571525E-016   2.5967955712339361E-016   2.2146809768877703E-015   3.9677976836942057E-019   2.1145212054080654E-019  -2.5856390312997651E-019   2.2550955462766230E-008   2.5388337480679340E-016   3.6935825304182307E-016   1.4315863437473789E-015   2.9072515133292547E-015   2.1680987875144180E-017  -3.1611383549545788E-015   5.8633672100750441E-017   3.1252797315442791E-017  -3.8211413952904843E-017  -2.7921815005908539E-008   4.0613234332872981E-016   2.1647559633594240E-016  -2.6467554045847093E-016  -1.9604365291120914E-016   5.3912423796099434E-016   1.3094135984075946E-015   3.5232536527230744E-015   6.5598758118150195E-017  -3.3272110105482600E-015  -4.6419013384339520E-008  -4.1705228317734473E-024   6.0053815168861962E-026   1.2975980605160663E-024  -1.6717650532232612E-024   2.5949639961696034E-024  -6.4834075056912258E-025   5.2152969597615512E-024   4.3010737430593906E-024  -3.4260971775483301E-024  -6.0616751122351260E-024   2.5320613947955356E-008
   6.1990028254321664E-010  -5.3267066729937538E-017   1.1955394703189186E-017  -3.8319444918223388E-017   1.5947190446036500E-017   4.3860354443409274E-018   3.7319982335073164E-017  -1.9408320474555977E-019  -1.1040221044473358E-019   2.9151432638755447E-019   3.7872727342189361E-010   4.5459126762543337E-018   6.0043524326660659E-018   2.3848666704432842E-017   4.7793058818467518E-017   3.2735863367558097E-019  -5.2339017075075286E-017  -2.8681994638435874E-017  -1.6315000978242841E-017   4.3080885496139075E-017  -6.0456386465625443E-010  -1.9866887995466644E-016  -1.1300750886982742E-016   2.9840439179588827E-016  -4.1962582348863492E-018   1.0137061128698032E-017   2.3918368913584635E-017   6.5598758118150195E-017   1.2640067469866328E-018  -6.1402545534876137E-017  -1.0680927011760604E-009   4.0796542516446656E-025   6.7314188743007006E-025  -7.5485562579950224E-025   4.9803353725050730E-025  -1.2971246435338890E-024  -1.2027239931926087E-024  -2.2173913589515949E-024  -3.9467592705415319E-024   2.3833852928284012E-024   3.4597658111227003E-024   5.9078396737243039E-010
  -3.5501972082160072E-008   3.0490109683422609E-015  -6.8355729701311890E-016   2.1956668985876864E-015  -9.0742720662992798E-016  -2.5098014905265000E-016  -2.1415944732574088E-015   1.0879249794873654E-018   6.2424107717974378E-019   5.6351446754083670E-019  -2.1823185737268713E-008  -2.4207627760699859E-016  -3.5998412578568311E-016  -1.3878683598755735E-015  -2.8266490628110093E-015  -2.1452131115526863E-017   3.0687288572917465E-015   1.6077678618776428E-016   9.2244836312333990E-017   8.3276745026194128E-017   2.5283336231993970E-008   1.1136372366314937E-015   6.3894325503112036E-016   5.7682523311723891E-016   1.7813949438313184E-016  -5.0785517598907618E-016  -1.2424639080989568E-015  -3.3272110105482600E-015  -6.1402545534876137E-017   3.1490721269573944E-015   4.1225320830224051E-008   4.2730923794098042E-024  -2.9457172573932869E-024   7.2515374343286239E-024   8.8310059283182073E-024   4.2569414071432618E-024  -7.2169858375296860E-024   1.1629593558914810E-023  -8.5650533644773828E-025  -1.5907204891325042E-023  -3.1040677122763552E-024  -2.2383021517252477E-008
 -0.17834949703170733        1.5429042138086198E-008  -3.5123245926185082E-009   1.0954574579781470E-008  -4.9648077887362875E-009  -1.2753618383663714E-009  -1.0463967518840799E-008  -8.1265606361124409E-017   1.5944235378371333E-016  -2.2317833230153952E-016 -0.10041630722648111       -2.4792068270195954E-009  -6.9453269616773872E-010  -5.4481438900248509E-009  -8.0112709918683564E-009   7.9181944297100079E-011   1.0490432818452468E-008  -5.7725337121960583E-016   1.1316316028306597E-016  -8.1865587110916193E-017  0.77275142768203731       -2.9807992892585934E-015  -3.8097715272228528E-016  -7.2590032105842136E-018   5.1938341468496149E-009  -7.5772838022492580E-009  -1.5046106814248986E-008  -4.6419013384339520E-008  -1.0680927011760604E-009   4.1225320830224051E-008   1.5859756408677992        8.9310334972015189E-017  -3.5640001732140215E-017   2.4078371557443983E-017   1.8967054723586273E-017  -2.0752548571532661E-018   1.3239993710590643E-017  -3.1429119473942692E-017   2.2235799027493567E-017  -3.6795942418433852E-017   3.5551902953926350E-017 -0.90413320129763219     
  -2.6484239944608112E-017   4.9296764365181867E-024  -8.0287383951076119E-025   3.6208791047294713E-025  -8.0228688426299357E-025  -1.2268072180042338E-024   1.1843510293336873E-024   1.0064283568372904E-012  -1.9342978983107719E-012   2.5425460001233323E-012  -1.5888581546557072E-017  -1.8626902735743581E-025  -1.4565932332266171E-024   4.2164972081221601E-025  -1.0695440607087631E-024   2.5895831917944460E-024  -1.9243417111429371E-025   1.4872966474366642E-010  -2.8584877278747273E-010   3.7574359898925332E-010   4.6283646748674748E-017   1.0301915813047638E-009  -1.9799607622668781E-009   2.6026282500906032E-009   1.6748075728244574E-024  -6.4733332178445344E-025   8.3931392918997294E-025  -4.1705228317734473E-024   4.0796542516446656E-025   4.2730923794098042E-024   8.9310334972015189E-017   7.1801600147131734E-018   8.1119583404267747E-018   6.6853454917252854E-018   6.9045535300901338E-018  -1.5409098947197174E-017  -1.6537828380128864E-017  -3.2328582977576481E-017  -2.2307085651684924E-017   3.5261619243329344E-017   1.1643812910799465E-017  -5.0318159306507111E-017
   4.5683702105705485E-018   2.1163360251603759E-024   1.3516972782774938E-024  -3.7042559944566461E-024  -3.8219914466813778E-024  -6.1512522692914741E-024   5.8613183947642293E-025  -4.6076098321092606E-013  -5.2302803007827677E-012   1.1885290251660693E-012   2.6054459687075730E-018   7.7994103956790205E-025  -1.3215046879857674E-024   2.1873308214560585E-024   1.2700768977459301E-024   4.5988319710244433E-024  -2.1859268505744172E-024  -6.8091164885397462E-011  -7.7292511517513584E-010   1.7564441528476049E-010  -1.7459619406842206E-017  -4.7164040159251310E-010  -5.3537445969552739E-009   1.2166199763957280E-009   2.8748019244186910E-024   3.0938131443144643E-024   5.1311982942505883E-024   6.0053815168861962E-026   6.7314188743007006E-025  -2.9457172573932869E-024  -3.5640001732140215E-017   8.1119583404267747E-018   1.8547255667775704E-017  -4.9465483426544656E-018  -1.3366831486448493E-017  -3.7881317311147921E-017   2.4835326483595388E-018  -9.1713036308236681E-017  -1.4871443422101547E-017   1.0449932009129650E-016   1.4771484515350023E-017   2.0297342331941944E-017
  -1.1859829154467390E-018   1.5130846571308865E-023  -3.6790497520585605E-024  -1.4416275882896106E-025   1.2274354774312995E-023   2.0084917691569163E-024   1.1385941718328739E-023   8.0344281574544716E-012   1.1859174827563143E-012   1.8303090439543360E-012  -5.7724451337754593E-019  -4.2542860756925032E-024  -3.2246109866763962E-024  -1.8014123370029464E-024  -1.1995310464220429E-024   1.2547608439409715E-024  -3.8510186456787752E-024   1.1873332455606549E-009   1.7525162024451660E-010   2.7048267758752027E-010   1.1475754227968173E-017   8.2241886235690792E-009   1.2138976669822705E-009   1.8735264780010939E-009   3.3159682932080317E-024  -2.1376672834596584E-024  -1.6308071037203518E-026   1.2975980605160663E-024  -7.5485562579950224E-025   7.2515374343286239E-024   2.4078371557443983E-017   6.6853454917252854E-018  -4.9465483426544656E-018   4.4357331362421863E-017   2.8725730084627961E-017   1.3827382819429090E-017  -3.7695692564987687E-017   3.2591153642719156E-017   1.6888194459594892E-017  -3.8779213992281770E-017  -4.5649680392053500E-017  -1.3781759466897109E-017
  -2.3806920704102745E-017   2.4085951064469382E-024  -3.9732723079231953E-024   5.1892245062628137E-024   5.9106197382779334E-024   1.1149496533394623E-023   6.1597070417222725E-024   3.2072253301954576E-012   5.3033740776090963E-012   7.0080222152251808E-012  -1.4692173223892991E-017  -6.8344770176899730E-025  -1.0018869147431823E-024   1.3281847709318592E-026  -1.0915448090531742E-024  -1.5640731201899321E-024  -1.3653614067391415E-024   4.7396068825657185E-010   7.8372595329053109E-010   1.0356619124433169E-009   1.2890615794276878E-017   3.2829376387907654E-009   5.4285574344149550E-009   7.1736229156972294E-009  -2.9618527994211771E-024  -7.6299571086267897E-024  -4.4067064449192014E-024  -1.6717650532232612E-024   4.9803353725050730E-025   8.8310059283182073E-024   1.8967054723586273E-017   6.9045535300901338E-018  -1.3366831486448493E-017   2.8725730084627961E-017   5.6015705153360617E-017   3.1121497006642522E-017  -6.5279386779390659E-017   9.6396758773111150E-017  -5.8885522124363516E-017  -1.1596362319911154E-016   2.2479934837857625E-017  -1.0027185756769107E-017
   5.6952160474717998E-018  -4.6225072636937099E-024  -2.7898813771259816E-024   6.6408625059121659E-024   9.0303701836903246E-024   1.3046956590367614E-023   7.5151970329404703E-025   1.5349143999779934E-012   1.0750284198014142E-011  -1.8987201572611702E-012   3.5312063351891929E-018  -1.6650830426127921E-024   2.5139870456760640E-024  -3.8871095837335706E-024  -1.6248968549835102E-024  -9.1604403528690674E-024   2.8745293753962756E-024   2.2682961163406987E-010   1.5886651107912913E-009  -2.8059919258854520E-010  -1.9307165267723426E-018   1.5711586905206493E-009   1.1004050782990098E-008  -1.9436006582482865E-009  -5.9456367827434206E-024  -6.2361927627248578E-024  -9.5160411285550136E-024   2.5949639961696034E-024  -1.2971246435338890E-024   4.2569414071432618E-024  -2.0752548571532661E-018  -1.5409098947197174E-017  -3.7881317311147921E-017   1.3827382819429090E-017   3.1121497006642522E-017   7.7777203672471159E-017  -1.0448140132430457E-017   1.8934589060574367E-016   2.7488519219943256E-017  -2.1615413794387649E-016  -3.0795095951152296E-017   9.8509978733878613E-019
