  0.34440587081079166       -1.5317960911355328E-016  -5.3051466262651176E-016   2.7812134746989768E-015  -4.0600087360551158E-016  -5.2576497822782758E-018   1.0714656329097475E-016  -4.4478762897950016E-016   4.3876960401527843E-017  -3.6064579041348117E-016  -1.0699139257226078E-015  0.18747146031720940       -1.2628362751558517E-016   1.0634994740563247E-016   6.9259379741357732E-015   1.3918496176740817E-016   1.1794483847709405E-016   3.0604116659171183E-015   4.7971531602071002E-017   3.3909575589204382E-015   8.3737885938819892E-017  -2.1205691216831477E-017   1.3946763082143607E-017  -1.9758347646848120E-017   1.6994217925614717E-016   1.4130131680617720E-017  -1.4516795733136261E-016   6.2513509037858414E-017  -8.5748789695116030E-017   7.1042553897176128E-017   1.7870655735332640E-016  -1.4436186682932392E-016  -5.5806481901278602E-017   9.4591239482829963E-017  -1.7097623723950808E-017   3.7167463071694069E-016  -2.7347901689572254E-002  -4.3583186187173869E-016   1.5602233950696116E-016  -1.5319013392503306E-016   6.4099688098047017E-017  -6.7148536354463174E-016  -7.3950056934826766E-016  -7.1389338832958726E-016  -3.9334402632003548E-016   7.4065332440314686E-016  -9.3440956302466349E-002  -1.2671470905619845E-015   4.9494683265513104E-016  -4.7136647832480501E-016   2.6316886032747737E-015   3.5748665533804312E-002  -4.3992545887490383E-017  -2.3491417647430623E-016  -7.0326370614708278E-016
  -1.5317960911355328E-016  0.34440587081079788       -2.7782748598281417E-016  -1.4249820197718490E-015   3.8196285957756309E-016   5.0177344768030058E-017   3.7963843200051018E-018   2.9432181369868424E-016   1.3479589209613435E-017   3.6666333824858952E-016  -3.3294045939335792E-015  -1.8919145022919008E-016  0.18747146031721479       -5.9465466427047983E-017   8.1286212532484394E-017   2.8255085692227838E-015   4.5543045621159729E-017   1.1608511376001491E-016   6.2786043784334212E-017   1.7869289893545695E-017   4.3219993127023090E-015   9.1047914579136151E-017   1.6832491929608003E-015   1.2548957452041123E-017   7.0972025252695259E-016  -2.7262744657429334E-017   1.0725427566587114E-017   7.7433863152784177E-016  -1.1465690040426289E-017   7.0708745829027078E-016   3.3619767801338535E-016   1.1042747331994765E-016   7.3781830492900487E-017   5.6680038177314217E-016   4.4076554761379662E-017   7.3218887366715992E-016  -2.6024556701522274E-016  -2.7347901689575509E-002   5.1036373402082154E-018   3.5032782287091482E-016  -4.0590927773195090E-016   4.2353445604103290E-016   3.6277756261944123E-016   9.0203106593626626E-016   1.5960840807833460E-016   1.4862880777144048E-015  -7.0937560350944939E-016  -9.3440956302468597E-002  -5.1945322043472761E-017  -1.1314569828704256E-015  -5.7639561954142683E-017   7.9067712027408143E-016   3.5748665533804909E-002  -2.0822502535165434E-016  -4.6556874166348898E-017
  -5.3051466262651176E-016  -2.7782748598281417E-016  0.34440587081079388       -1.1884522166898796E-014   2.3402943064226006E-015   2.9038145989308810E-017   6.4621903894440462E-017   2.1541211890755471E-015   1.1475360458433390E-017   2.1668330379173895E-015   3.7583566820686501E-015  -1.0975205523829250E-017   3.7175099850767119E-016  0.18747146031721207       -4.4806396846698675E-017  -1.2638385158621897E-016   3.7975226459419036E-015  -3.2623630914315125E-017   4.0717521386836412E-017   1.1877968781079166E-016  -3.2617795964419300E-016   2.9127869171822341E-015  -1.4533217585750190E-017   4.5671768619469284E-015  -3.6067853039156609E-016  -1.3472485852647267E-016  -1.2786325577717332E-016  -1.0838006089996113E-016  -1.4434537832645668E-017  -5.6135054358829351E-017  -7.2050577599966625E-016  -4.2520720256709565E-016  -3.6757456133847410E-016  -1.1869937329237166E-015   1.8924632675315211E-017  -6.5503735735043007E-016   1.2489701801124314E-015  -1.6136671731383296E-017  -2.7347901689575620E-002   1.2154868418161376E-015  -1.7200553490301160E-016  -2.4005419908460728E-015  -2.1978474374965236E-015  -1.6597879825817965E-015   2.8492401926293210E-017   1.0387988667602935E-015   3.1770625429201062E-015   1.5666960310387010E-016  -9.3440956302469791E-002   2.2536653364862505E-015   8.1316855150676281E-016   7.9443483056126802E-016   5.2225433569121024E-016   3.5748665533803729E-002  -9.8022335242082232E-017
   2.7812134746989768E-015  -1.4249820197718490E-015  -1.1884522166898796E-014  0.56235298542705303        2.4251946146412597E-013  -1.1148556403891067E-016  -1.0895912319483245E-015   6.8695898915612002E-014  -4.2601188971998460E-016   7.8028774217445737E-014  0.70313699450135148        1.9290272941778640E-015  -2.0855526619095499E-015  -4.4094715061275402E-015   3.4539088652806431E-016   1.5237768046030324E-016   7.3191243983237324E-017   4.4641563068079614E-018  -1.6398331917695260E-016   2.0501570251821073E-017   1.0513989421062784E-016  -2.5483288035220003E-016   6.3861824948674585E-017   1.3989986862755978E-016  -1.3606558377506890E-013   1.6877406387919478E-015   2.4579533926727355E-015   2.0064078304382781E-013   4.4573607863931615E-016   6.3018937923144306E-014   8.5337125184175001E-014   2.9551264991781648E-016  -9.6914367977011226E-016  -9.4451513919993875E-014  -2.4759781534409418E-015  -2.7189453960495358E-016   9.4426007374261148E-015  -1.5067194716718161E-014   1.1645924577466593E-014 -0.36752599003838693        6.7369181879318812E-014   4.9556641816822622E-015   1.0371572615674593E-015  -2.5037826450374149E-014  -1.2080327429188960E-014   1.5041673203052081E-014   2.4557518861580316E-014  -3.8618395741625021E-014   3.4833747441532715E-014 -0.25322383728835346       0.12170473539852834       -1.6705599317480671E-014   2.6440912828061286E-014   1.6429841770500031E-014  -3.5470881785371999E-002
  -4.0600087360551158E-016   3.8196285957756309E-016   2.3402943064226006E-015   2.4251946146412597E-013   3.2222707893361243E-004  -4.5974947427187307E-017   5.0021030255232337E-017  -1.6111353946693662E-004   5.9358785986282913E-017  -1.6111353946700568E-004   3.0374509192908193E-013  -3.5005557756194019E-016   4.3024685634338527E-016   1.0011545338865267E-015   1.5541913160114716E-017   1.8802696294433330E-017  -5.7307083367912542E-018  -5.8585556715902314E-018   6.4435056920203431E-018  -1.1633230886217551E-017  -2.7915919975276775E-018  -9.3825911023203109E-018   2.0187046480686246E-017   2.3879662994620303E-017  -1.6035970677675136E-004   4.2106641015371439E-017  -7.4851270880582309E-017   8.0179853387976231E-005   3.9371150179756001E-018   8.0179853388567853E-005   5.0011309663731008E-003  -9.6859310720467282E-016   2.1004819640615545E-016  -2.5005654831873818E-003   1.0430984296474815E-015  -2.5005654831854471E-003  -1.7588246928222079E-015   3.7018640241129470E-015  -3.6893096470050076E-015  -1.2288422212648026E-013   2.3036747353080669E-002  -4.4314117881181964E-015   7.8506417565070150E-016  -1.1518373676546271E-002   4.9641968883693948E-015  -1.1518373676535998E-002  -4.5342931791043557E-015   9.4559812841449726E-015  -1.0233119878645705E-014  -6.5156878344796527E-014   2.7993865782930303E-014   1.7948349683128678E-015  -3.8451904730819861E-015  -7.9589428706710045E-015  -1.3759185488038877E-014
  -5.2576497822782758E-018   5.0177344768030058E-017   2.9038145989308810E-017  -1.1148556403891067E-016  -4.5974947427187307E-017   3.2222707893361221E-004   2.6731972953313799E-017   2.9035145854644317E-017   9.9025007051848406E-017  -1.1754041703389605E-017  -9.2755912709014846E-017   1.8804940941815537E-017   3.7023046777018029E-017   1.8722781849978938E-017  -6.8290389603405525E-018  -1.8460331566659778E-018  -1.2138098862550613E-017   1.0748058821344941E-017  -1.0911659374766585E-017  -7.1684241082508586E-020  -1.6315433379854139E-017  -9.6851531935460953E-018  -5.7285979432634881E-018  -2.5281473745072384E-017   8.6179186977158289E-017  -1.6035970677673729E-004  -8.7515576976366834E-019  -1.3016729723772088E-016  -1.4166216629783993E-016  -8.7820734037161781E-017   1.1689085112352332E-016   5.0011309663727729E-003   2.2937362615714122E-016  -7.7577596969380006E-017   8.3718496005207845E-016  -1.4751615451216076E-016   1.4495864233050058E-016  -1.4455883155632868E-017  -9.3587786775831243E-016  -1.6470344736048390E-016   1.1298994014665317E-015   2.3036747353081227E-002   1.0726290620654970E-015  -4.6573651324570074E-016   3.4895751944025647E-015  -7.3965481875892914E-016   4.9819028300232953E-016  -1.6301076117948898E-017  -2.3374183990999952E-015  -2.5193668666299271E-016  -5.7916366423026351E-016   1.8153799439028147E-015   4.1554304784782331E-016   8.6785537760520753E-016  -1.4649550216499294E-015
   1.0714656329097475E-016   3.7963843200051018E-018   6.4621903894440462E-017  -1.0895912319483245E-015   5.0021030255232337E-017   2.6731972953313799E-017   3.2222707893408937E-004  -1.8264124764287656E-017  -1.0281664204146225E-016  -2.8639052488483536E-018  -1.2992382635368402E-015   1.2718722626758905E-017  -1.7608864021005527E-017   7.3667652558235019E-017  -1.0933821353604013E-017   1.9030744478121561E-018   2.5475413260490336E-018   2.4843677220791404E-017  -8.0707452117567733E-018  -1.3595416894174277E-017   6.7968391742116081E-019  -4.3531093697609169E-018   8.6597910950722996E-018  -3.8308350888465005E-017  -4.8678935088310320E-017  -2.8725193162451027E-017  -1.6035970677709594E-004   1.1691938223201488E-017   4.6121354362977908E-017  -5.2105894322153897E-017   5.9386555928522895E-016   1.9094974336273965E-016   5.0011309663767385E-003  -9.7313709485683084E-017  -1.1598597310519665E-015  -5.5490642446027225E-016  -7.9851496631506941E-016  -8.1496253792906368E-017  -9.9250637192652543E-016  -1.1028395254422962E-016   2.7322451670797752E-015   8.0551709972612490E-016   2.3036747353098189E-002  -2.0998147932766296E-016  -5.3611499984887681E-015  -2.7116792071206092E-015  -2.0689794576409722E-015  -2.2793301502881658E-016  -2.4544462863409951E-015  -5.0174705820296860E-016   1.6194334639506992E-015   3.1019411440563114E-016   1.1634959188885445E-016   1.0452363358011962E-015   2.8287861497431550E-016
  -4.4478762897950016E-016   2.9432181369868424E-016   2.1541211890755471E-015   6.8695898915612002E-014  -1.6111353946693662E-004   2.9035145854644317E-017  -1.8264124764287656E-017   3.2222707893415095E-004  -2.2370603358618126E-018  -1.6111353946715647E-004   8.8073124718585733E-014  -4.3200707325035900E-016   4.1382682608826862E-016   1.0226483930442028E-015  -1.6752185030117473E-018  -7.6504327359298102E-018   1.3635240646416262E-018  -6.4104592011065800E-018  -1.5819000381730035E-018   6.6697357517265152E-018   1.1491087517263917E-018   5.0120432896227600E-018  -9.9642984058875661E-018   2.4430980069098603E-018   8.0179853388335183E-005  -2.2407748110156851E-017   3.5034054458308300E-017  -1.6035970677721575E-004  -2.3067860366224067E-017   8.0179853388862403E-005  -2.5005654831874642E-003   5.4889300007785888E-016  -2.7221087238026347E-016   5.0011309663771418E-003  -1.2664439580644720E-016  -2.5005654831898668E-003  -3.1129537294808052E-015   3.9100477598662093E-015  -2.5823432813704761E-015  -3.4744870802795463E-014  -1.1518373676544494E-002   2.4997498696513251E-015  -1.1327631007475200E-015   2.3036747353100837E-002  -7.1954771242886313E-016  -1.1518373676555586E-002  -8.0439336601216201E-015   9.9312403409352758E-015  -6.9989831837246362E-015  -1.6393595229704175E-014   9.6847039244365236E-015   2.0522973711080241E-015  -7.5842359594777996E-015  -1.8227564196477885E-015  -6.0182839990212766E-015
   4.3876960401527843E-017   1.3479589209613435E-017   1.1475360458433390E-017  -4.2601188971998460E-016   5.9358785986282913E-017   9.9025007051848406E-017  -1.0281664204146225E-016  -2.2370603358618126E-018   3.2222707893393655E-004   8.1166159583890167E-017  -1.4666688779824599E-016  -2.9757164002528410E-018  -8.5387163910764277E-018  -2.8216698776418849E-017  -1.5454103183551571E-018   7.9929418383403151E-018   3.2466241275529412E-018  -8.8965704092521785E-018  -1.9655040583457180E-018   1.1690094036298917E-017   2.8422999513912597E-023   9.7792186426926909E-018  -1.5918198906506348E-017   2.2971935439891746E-017  -2.1781064290844842E-017  -1.2856116343395247E-016   8.4465635085490944E-017   2.9601123922748185E-017  -1.6035970677692656E-004  -5.6403253114224920E-017  -1.7707569192979691E-016   8.2289280769693521E-016  -4.6198627487171546E-016   7.6027242125887834E-017   5.0011309663754132E-003   3.4320372124411980E-017  -2.7869214952988471E-016  -2.3881451151892915E-016   6.1892375761929992E-017  -2.1684684740308485E-016  -7.2354359035761605E-016   3.5764504834368255E-015  -1.9389873373266416E-015   5.0786782616297583E-016   2.3036747353092732E-002   1.1556176378503482E-016  -8.1863098170201954E-016  -6.6832675862001579E-016   9.9741441348767906E-017  -2.9425464947514860E-016   8.5170074329804816E-016  -2.0543801700846164E-015  -7.7774921935464503E-016  -1.5485884424993197E-015   9.4266050521014084E-016
  -3.6064579041348117E-016   3.6666333824858952E-016   2.1668330379173895E-015   7.8028774217445737E-014  -1.6111353946700568E-004  -1.1754041703389605E-017  -2.8639052488483536E-018  -1.6111353946715647E-004   8.1166159583890167E-017   3.2222707893443415E-004   9.8655145550177056E-014  -3.2124573121719524E-016   4.0657028006992263E-016   9.9284812331205804E-016  -1.3866694656944890E-017  -1.1152263558433302E-017   4.3671842723975666E-018   1.2269014872761305E-017  -4.8616056539967675E-018   4.9634951346158031E-018   1.6424832457950301E-018   4.3705478126705232E-018  -1.0222748074803322E-017  -2.6322761001343484E-017   8.0179853388580335E-005  -5.4190971798628300E-018   2.5438315156793514E-017   8.0179853389210731E-005  -4.9689681554771112E-017  -1.6035970677756562E-004  -2.5005654831907567E-003  -2.5643187941886499E-017   5.1059678103025830E-016  -2.5005654831888624E-003   1.2298455437688150E-015   5.0011309663795358E-003  -2.1740876438061539E-015   3.4175823834531816E-015  -3.0833449534359941E-015  -2.3301683030634100E-014  -1.1518373676559755E-002  -1.1972628067981871E-016   2.4133251922185930E-015  -1.1518373676550427E-002   5.6418673977650198E-015   2.3036747353111030E-002  -5.3935002454326931E-015   8.6436943555679213E-015  -8.4489932506315300E-015  -1.0335828224647263E-016  -1.9495804672147841E-015   5.7041386109097143E-015  -7.0166034960263102E-015  -5.1388451302989637E-015  -5.9818365364327410E-015
  -1.0699139257226078E-015  -3.3294045939335792E-015   3.7583566820686501E-015  0.70313699450135148        3.0374509192908193E-013  -9.2755912709014846E-017  -1.2992382635368402E-015   8.8073124718585733E-014  -1.4666688779824599E-016   9.8655145550177056E-014  0.88038952009923177       -1.3147963020151237E-015  -1.6113395696914824E-015   2.9132434587779355E-015   4.1976897803931349E-016   1.9665892966789964E-016   1.1309920896976873E-016   1.6506982076420536E-017  -2.1687728708867161E-016   4.3492299879847157E-017   1.3945790706984678E-016  -3.1451401125644329E-016   7.8943253145785857E-017   1.6224076012705922E-016  -1.7007929042187823E-013   2.0654047689958932E-015   3.0870363993512108E-015   2.5256513986052969E-013   3.2736113353050606E-016   7.8697835954035177E-014   8.8169631847475153E-014   1.3233228070328688E-015   3.5082660204501776E-016  -9.4863770790087201E-014   3.2101097393278279E-015  -4.7096456071977431E-015  -7.7710154953882101E-015   1.0104758807677732E-014  -1.0928340918376042E-014 -0.43568244280616653       -2.9926141406019371E-015   1.0568691011953346E-014   8.7178390460775586E-015   8.3575299094699561E-014   1.3782836848301787E-014  -3.7749327075002129E-015  -1.8779347302125536E-014   2.5886310445438962E-014  -2.6444085859390834E-014 -0.28626210681443526       0.13578138476758383        1.5573273527515532E-014  -9.3383620903353015E-015  -1.2922740574901643E-014  -4.2379731309331863E-002
  0.18747146031720940       -1.8919145022919008E-016  -1.0975205523829250E-017   1.9290272941778640E-015  -3.5005557756194019E-016   1.8804940941815537E-017   1.2718722626758905E-017  -4.3200707325035900E-016  -2.9757164002528410E-018  -3.2124573121719524E-016  -1.3147963020151237E-015  0.10283714319430828       -8.7140852505815351E-017   4.6085359770953753E-017   3.6754688070808375E-015   7.3951775021205813E-017   6.3783520575893907E-017   1.6532598848856234E-015   3.0006642619923843E-017   1.8223241806246087E-015   4.4854650841342415E-017  -8.5608133170443947E-018   2.8936071343034052E-018  -9.1468375187636135E-018  -7.4418747364620068E-018  -2.4518787557864622E-017   3.1779293285458449E-017   1.7950532697322051E-016   3.7173083011510139E-017  -2.9510822666417225E-017  -2.3569432505006047E-017   5.8571412192185292E-017  -4.2547328955151693E-017   1.2496547386508826E-016  -1.4978753552228229E-016   3.6322386945121679E-016  -2.3430076352090982E-003  -2.0154778682651954E-016  -2.5421786323054550E-016  -4.8787458807044133E-016  -1.0998533998301343E-015   1.7996412085404179E-016  -4.3625367537650003E-017   3.9210600192064483E-016  -5.3090552161530936E-016   7.6886691338042623E-016  -1.8501503933322023E-002  -5.5941882098651922E-016  -1.0192035463842087E-015  -8.1839657387132244E-016   1.4250381053733759E-016   7.3081440077171090E-003   2.4345483449828536E-016  -4.4971386155022159E-016   4.5272269082092563E-016
  -1.2628362751558517E-016  0.18747146031721479        3.7175099850767119E-016  -2.0855526619095499E-015   4.3024685634338527E-016   3.7023046777018029E-017  -1.7608864021005527E-017   4.1382682608826862E-016  -8.5387163910764277E-018   4.0657028006992263E-016  -1.6113395696914824E-015  -8.7140852505815351E-017  0.10283714319431263        2.3018541703154371E-016   3.3494081398382858E-017   1.4828817518046631E-015   2.8010626104403205E-017   8.4065759817188477E-017   3.9429045848494044E-017   2.3072794118194884E-017   2.2039963342826306E-015   6.1505356397629252E-017   8.6106718014892296E-016   1.3255980908005330E-017   4.0823465142182552E-016  -2.2769395562813296E-017   6.2680927595128627E-018   4.3733310751459904E-016   9.0936638919056783E-018   4.6204987016230074E-016  -2.5308717526102614E-017   1.9268061576927501E-016  -1.8151653890652225E-016   4.8057981441382581E-016   3.4536960679583068E-017   2.8789336413464761E-016   4.8513557757601753E-016  -2.3430076352084720E-003  -4.8821160401856479E-018   1.3916553679765014E-015  -1.0650460208600552E-015   9.0279758222430321E-016  -8.2501204812283112E-016   1.4097048813303387E-015   1.8782307847008075E-016   5.9270513484954175E-016   1.1225798487342035E-015  -1.8501503933317186E-002  -6.2436004289349602E-017   8.0475794753532091E-016   9.8190777512881608E-016  -9.8470239926454081E-016   7.3081440077195272E-003   1.3570217411350316E-015   4.5276923654563460E-016
   1.0634994740563247E-016  -5.9465466427047983E-017  0.18747146031721207       -4.4094715061275402E-015   1.0011545338865267E-015   1.8722781849978938E-017   7.3667652558235019E-017   1.0226483930442028E-015  -2.8216698776418849E-017   9.9284812331205804E-016   2.9132434587779355E-015   4.6085359770953753E-017   2.3018541703154371E-016  0.10283714319431103        6.9921842051106676E-018  -6.9840672855667153E-017   1.9941955159611161E-015  -2.2409854826330169E-017   2.5189473473377845E-017   5.8830607944431120E-017  -1.9536226291417221E-016   1.5165244020391378E-015  -1.2590571773450994E-017   2.3674693082584936E-015  -3.7204901064274334E-017   7.3883173079661637E-017   3.0768573380654230E-017  -1.1370049428273810E-016   3.5388505610028195E-018  -1.1901346475055548E-016  -8.5605674372616481E-016   5.6668308390061860E-016   1.1883278461237364E-015  -3.7105620951283111E-016  -5.1692127419161823E-016  -3.3266312690403530E-018  -1.3972740554132274E-015  -3.9040120165799992E-016  -2.3430076352069819E-003  -1.1230120624862246E-015  -1.9320167623955023E-015   3.0072766433218483E-015   5.8231771752944634E-015  -9.6576525900925086E-017  -2.4860573606020264E-015   1.5658693900280196E-015  -3.6935649523614077E-015  -9.4099375170708361E-016  -1.8501503933313696E-002  -1.0629240780861380E-015   3.2545519259835976E-015  -1.2310402925640606E-015  -8.8135444048769255E-016   7.3081440077108102E-003  -3.4514206220375788E-016
   6.9259379741357732E-015   8.1286212532484394E-017  -4.4806396846698675E-017   3.4539088652806431E-016   1.5541913160114716E-017  -6.8290389603405525E-018  -1.0933821353604013E-017  -1.6752185030117473E-018  -1.5454103183551571E-018  -1.3866694656944890E-017   4.1976897803931349E-016   3.6754688070808375E-015   3.3494081398382858E-017   6.9921842051106676E-018   1.6787854364870058E-028   5.5089900090179582E-030  -1.3406378781690715E-030   5.5920797382734501E-029   7.6438595784756307E-031   6.5216217949172678E-029   3.7013332873807914E-034  -6.5156394563218225E-030   1.7901301636244194E-030  -1.1276301764205896E-030  -7.7345971212147847E-018   3.3985433157052538E-018   5.4413315976221453E-018   8.3369016919925208E-019   7.6908975596315242E-019   6.9009069521423577E-018   2.4121853271431050E-016  -1.0599021760721144E-016  -1.6969856392352636E-016  -2.6000257826817989E-017  -2.3985567645192678E-017  -2.1521827488745700E-016  -2.1710317086329322E-015  -1.9577206882244008E-016   4.5470502930591832E-016  -6.4827795222151961E-016   1.1111267496060245E-015  -4.8822354010183664E-016  -7.8168377704419757E-016  -1.1976518405507342E-016  -1.1048490145086212E-016  -9.9136156555077629E-016  -5.9042881036348706E-015  -4.8615018113364774E-016   1.2374053079193435E-015  -5.5613896527090183E-016   3.4657176679539116E-015   5.7311841322918778E-015   7.2501571795111492E-016   9.0134719634035322E-016   1.2334742412715918E-015
   1.3918496176740817E-016   2.8255085692227838E-015  -1.2638385158621897E-016   1.5237768046030324E-016   1.8802696294433330E-017  -1.8460331566659778E-018   1.9030744478121561E-018  -7.6504327359298102E-018   7.9929418383403151E-018  -1.1152263558433302E-017   1.9665892966789964E-016   7.3951775021205813E-017   1.4828817518046631E-015  -6.9840672855667153E-017   5.5089900090179582E-030   2.9221004708730509E-029  -1.5776575686135922E-030   2.0706103889726361E-031   2.8583325929173104E-032  -3.1498221792769428E-031   4.4922302009110526E-029  -1.8867045016342211E-030   1.8590228829929854E-029  -6.0912110432656190E-031  -9.3573602639758501E-018   9.1869788437246840E-019  -9.4708508495234591E-019   3.8073185975659993E-018  -3.9777718673474585E-018   5.5500416664401079E-018   2.9182757389692844E-016  -2.8651389620371311E-017   2.9536699968711562E-017  -1.1873867394529608E-016   1.2405459240857415E-016  -1.7308889995160155E-016  -3.6676400048286392E-017  -1.0813555384468448E-015   3.9636687992223330E-018   6.0383385237769926E-017   1.3442475583479613E-015  -1.3197711246460236E-016   1.3605512421051688E-016  -5.4694685084426825E-016   5.7143360622256129E-016  -7.9730070750374229E-016  -1.0794998173233856E-016  -3.0013027329508943E-015   4.8822437392609329E-018   1.1624741463386023E-016  -3.5006755185024188E-016  -5.0066672077330719E-017   6.0434329301428285E-016  -3.0828934162515320E-016   1.0483422694184436E-015
   1.1794483847709405E-016   4.5543045621159729E-017   3.7975226459419036E-015   7.3191243983237324E-017  -5.7307083367912542E-018  -1.2138098862550613E-017   2.5475413260490336E-018   1.3635240646416262E-018   3.2466241275529412E-018   4.3671842723975666E-018   1.1309920896976873E-016   6.3783520575893907E-017   2.8010626104403205E-017   1.9941955159611161E-015  -1.3406378781690715E-030  -1.5776575686135922E-030   5.0267103990401975E-029   1.5907146667442467E-030   1.7406537296723849E-031   3.6812337527675040E-030  -2.3637543436444557E-031   3.9421052908213186E-029  -4.1797888758955218E-031   6.2860831245558994E-029   2.8519474885695458E-018   6.0406530104854062E-018  -1.2678108289411028E-018  -6.7857214197035966E-019  -1.6157167635652253E-018  -2.1733753465567879E-018  -8.8943558119863428E-017  -1.8838957388472965E-016   3.9539159328133534E-017   2.1162598889422406E-017   5.0389286071862891E-017   6.7780959230402820E-017  -1.7855195045450281E-017   3.3103423563225494E-017  -1.4893381414751109E-015   3.8129541333298268E-016  -4.0970138372075099E-016  -8.6778031743590181E-016   1.8212952832462658E-016   9.7481439144400250E-017   2.3210854911516406E-016   3.1221994457644661E-016  -5.1476108328762709E-017   1.0116429249535384E-016  -4.0551679595518816E-015   5.0452367778054240E-016  -5.0915957611549049E-016   7.3630381207646495E-017   3.8069318486593471E-016   2.4125613892702883E-015  -3.3323002327418394E-016
   3.0604116659171183E-015   1.1608511376001491E-016  -3.2623630914315125E-017   4.4641563068079614E-018  -5.8585556715902314E-018   1.0748058821344941E-017   2.4843677220791404E-017  -6.4104592011065800E-018  -8.8965704092521785E-018   1.2269014872761305E-017   1.6506982076420536E-017   1.6532598848856234E-015   8.4065759817188477E-017  -2.2409854826330169E-017   5.5920797382734501E-029   2.0706103889726361E-031   1.5907146667442467E-030   3.3838558765471466E-029  -4.9132027958774295E-031   3.2372642715157249E-029   4.9744999655879301E-031   2.6944969376226574E-031  -2.5691404419240339E-031  -5.3602503967119502E-030   2.9155720640814785E-018  -5.3488849128198603E-018  -1.2363718181505986E-017   3.1902326806561089E-018   4.4274721630032867E-018  -6.1058047447672128E-018  -9.0927814895340090E-017   1.6681543332022890E-016   3.8558672312259725E-016  -9.9493643195500253E-017  -1.3807937531335617E-016   1.9042145809081634E-016  -4.2529320564237414E-016   3.1364802875117347E-016  -6.1260031157061218E-017   3.6036862779130427E-016  -4.1884148069630942E-016   7.6840319076467910E-016   1.7761310357604252E-015  -4.5829832030856489E-016  -6.3603606967168713E-016   8.7713980100474662E-016  -1.3241966551150288E-015   8.1258902068360619E-016  -1.6891459984251911E-016   3.5795055167207552E-016  -2.4540998099463131E-015  -2.2849479247739392E-017  -5.7542193878997623E-017  -2.2706815633692714E-016  -4.6182259399414203E-017
   4.7971531602071002E-017   6.2786043784334212E-017   4.0717521386836412E-017  -1.6398331917695260E-016   6.4435056920203431E-018  -1.0911659374766585E-017  -8.0707452117567733E-018  -1.5819000381730035E-018  -1.9655040583457180E-018  -4.8616056539967675E-018  -2.1687728708867161E-016   3.0006642619923843E-017   3.9429045848494044E-017   2.5189473473377845E-017   7.6438595784756307E-031   2.8583325929173104E-032   1.7406537296723849E-031  -4.9132027958774295E-031   1.4079404855822125E-030   1.2437592864029892E-030   8.1638916649466195E-031   8.0236928564077753E-031   7.1381928782826469E-031   2.0021141568911027E-030  -3.2066786156100090E-018   5.4303024549502621E-018   4.0164915373038784E-018   7.8724925006212171E-019   9.7815383955157467E-019   2.4194293655028906E-018   1.0000654183198395E-016  -1.6935459854664173E-016  -1.2526214101488863E-016  -2.4551906973984881E-017  -3.0505639821594944E-017  -7.5454634857986747E-017   5.2884158007653168E-017   7.0242859403427674E-017   6.1546486079496480E-017  -1.4731900676834687E-016   4.6066088917280510E-016  -7.8009936673006467E-016  -5.7699594649064197E-016  -1.1309363457988314E-016  -1.4051835917501497E-016  -3.4756725459300314E-016   1.3993147449566120E-016   1.8768184746775483E-016   1.3421083686303494E-016  -2.4038879520987523E-016   2.5139365016471816E-016   9.6393299572091594E-017   1.6650881452304174E-016  -5.3769983429634541E-016  -7.8182172660673309E-016
   3.3909575589204382E-015   1.7869289893545695E-017   1.1877968781079166E-016   2.0501570251821073E-017  -1.1633230886217551E-017  -7.1684241082508586E-020  -1.3595416894174277E-017   6.6697357517265152E-018   1.1690094036298917E-017   4.9634951346158031E-018   4.3492299879847157E-017   1.8223241806246087E-015   2.3072794118194884E-017   5.8830607944431120E-017   6.5216217949172678E-029  -3.1498221792769428E-031   3.6812337527675040E-030   3.2372642715157249E-029   1.2437592864029892E-030   4.0040627453501857E-029   1.8557907095009916E-030   3.7390771013654465E-030  -1.1897079444218176E-030   2.6961578521827830E-030   5.7894001334495033E-018   3.5674419156212019E-020   6.7659027102054588E-018  -3.3192643924977896E-018  -5.8176986802565582E-018  -2.4701357409393439E-018  -1.8055376170377395E-016  -1.1125765068451649E-018  -2.1100790366580656E-016   1.0351774939504725E-016   1.8143630720978877E-016   7.7036012308709335E-017  -6.4920383448320251E-016   2.1531148638693412E-016  -6.1513719758775563E-017   4.1626780262395584E-016  -8.3168615658850940E-016  -5.1248695688329394E-018  -9.7196730078392953E-016   4.7683459109722975E-016   8.3575143262028409E-016   3.5485156549128009E-016  -1.8908915142762895E-015   5.4791977764820673E-016  -2.1930167493810610E-016   4.6998631318300006E-016  -1.9256651675976453E-015   9.2484428497357343E-016  -3.4809363411023805E-016  -1.0919091629630611E-015  -1.4693928996933554E-015
   8.3737885938819892E-017   4.3219993127023090E-015  -3.2617795964419300E-016   1.0513989421062784E-016  -2.7915919975276775E-018  -1.6315433379854139E-017   6.7968391742116081E-019   1.1491087517263917E-018   2.8422999513912597E-023   1.6424832457950301E-018   1.3945790706984678E-016   4.4854650841342415E-017   2.2039963342826306E-015  -1.9536226291417221E-016   3.7013332873807914E-034   4.4922302009110526E-029  -2.3637543436444557E-031   4.9744999655879301E-031   8.1638916649466195E-031   1.8557907095009916E-030   8.7545111017046115E-029  -3.7024776828402181E-031   3.1739836185756476E-029  -7.9206232001220975E-031   1.3892652213946639E-018   8.1195476227044185E-018  -3.3825187522754493E-019  -5.7186609851110514E-019  -1.4145002459687917E-023  -8.1739912286460449E-019  -4.3326952007357708E-017  -2.5322396670022878E-016   1.0549046026830357E-017   1.7834762308411956E-017   4.4113967726628368E-022   2.5492189698991336E-017  -1.5466531276822073E-017  -2.7307927293252571E-015  -2.6463635653229191E-016   1.5679700591360422E-016  -1.9957726635929557E-016  -1.1664274708745197E-015   4.8592150409596833E-017   8.2152400359859055E-017   2.0320250387298326E-021   1.1742486599941752E-016  -4.9012992801438134E-017  -7.2949891661532436E-015  -6.5089876272705134E-016   1.7875721721167578E-016  -1.6436150914601736E-015  -6.0449130754491527E-017   3.5842354259375352E-015   4.7066647910713277E-016  -1.6559360850434877E-015
  -2.1205691216831477E-017   9.1047914579136151E-017   2.9127869171822341E-015  -2.5483288035220003E-016  -9.3825911023203109E-018  -9.6851531935460953E-018  -4.3531093697609169E-018   5.0120432896227600E-018   9.7792186426926909E-018   4.3705478126705232E-018  -3.1451401125644329E-016  -8.5608133170443947E-018   6.1505356397629252E-017   1.5165244020391378E-015  -6.5156394563218225E-030  -1.8867045016342211E-030   3.9421052908213186E-029   2.6944969376226574E-031   8.0236928564077753E-031   3.7390771013654465E-030  -3.7024776828402181E-031   3.2701405241446553E-029  -7.0122102361092307E-031   5.0516758692057549E-029   4.6693454906327062E-018   4.8199187086897392E-018   2.1663708227423893E-018  -2.4942962427447640E-018  -4.8667313722895729E-018  -2.1750492479355959E-018  -1.4562266790754517E-016  -1.5031858809209075E-016  -6.7562509461207865E-017   7.7789504791003364E-017   1.5177853252662183E-016   6.7833163116506822E-017   5.6359794159884428E-017   1.8767870855538704E-016  -1.3266732633451311E-015   2.4282353397544015E-016  -6.7078279533638904E-016  -6.9241364795956648E-016  -3.1121369775425067E-016   3.5832238360497521E-016   6.9913860103789868E-016   3.1246041173142434E-016   1.3723247754800609E-016   4.7122374862288977E-016  -3.6161263098249468E-015   2.0539054667112030E-016  -3.8136007829908349E-016  -2.6511685028868151E-016  -3.3123050372872577E-016   1.3676809168714873E-015  -1.0820599325612220E-015
   1.3946763082143607E-017   1.6832491929608003E-015  -1.4533217585750190E-017   6.3861824948674585E-017   2.0187046480686246E-017  -5.7285979432634881E-018   8.6597910950722996E-018  -9.9642984058875661E-018  -1.5918198906506348E-017  -1.0222748074803322E-017   7.8943253145785857E-017   2.8936071343034052E-018   8.6106718014892296E-016  -1.2590571773450994E-017   1.7901301636244194E-030   1.8590228829929854E-029  -4.1797888758955218E-031  -2.5691404419240339E-031   7.1381928782826469E-031  -1.1897079444218176E-030   3.1739836185756476E-029  -7.0122102361092307E-031   1.5833295491361639E-029  -1.1856698883717511E-030  -1.0046296745281975E-017   2.8508972289495146E-018  -4.3096364382304313E-018   4.9588382698700892E-018   7.9218596944429903E-018   5.0874584754316600E-018   3.1331340496959088E-016  -8.8910803718815406E-017   1.3440443786149604E-016  -1.5465106620075140E-016  -2.4705868216796618E-016  -1.5866233876879838E-016  -8.0358888889167553E-017  -9.6928632706095975E-016  -4.6787353077484566E-017  -9.9886201224672660E-017   1.4432179043397345E-015  -4.0955050687570325E-016   6.1910817752358975E-016  -7.1237037460256962E-016  -1.1380282741558198E-015  -7.3084752973720675E-016  -2.0214034519315023E-016  -2.6650962667927702E-015  -1.5412277930660536E-016  -8.2287548348317857E-017   3.8964719268319046E-016   2.1207762675641904E-016  -1.6646124517834633E-016  -7.0823897224081426E-016  -8.4890829402138919E-016
  -1.9758347646848120E-017   1.2548957452041123E-017   4.5671768619469284E-015   1.3989986862755978E-016   2.3879662994620303E-017  -2.5281473745072384E-017  -3.8308350888465005E-017   2.4430980069098603E-018   2.2971935439891746E-017  -2.6322761001343484E-017   1.6224076012705922E-016  -9.1468375187636135E-018   1.3255980908005330E-017   2.3674693082584936E-015  -1.1276301764205896E-030  -6.0912110432656190E-031   6.2860831245558994E-029  -5.3602503967119502E-030   2.0021141568911027E-030   2.6961578521827830E-030  -7.9206232001220975E-031   5.0516758692057549E-029  -1.1856698883717511E-030   9.3238953371300835E-029  -1.1883966327156748E-017   1.2581592242504617E-017   1.9064555145097986E-017  -1.2158335088180410E-018  -1.1432226128924160E-017   1.3099799835972822E-017   3.7062472360696821E-016  -3.9238155167005669E-016  -5.9456542427444385E-016   3.7918144981298206E-017   3.5653632235417437E-016  -4.0854286858829417E-016   2.4672466562437682E-017   8.8547416768863721E-017  -2.3387788680989579E-015  -3.3655343174728070E-016   1.7072114643561664E-015  -1.8074301058325435E-015  -2.7387512056740982E-015   1.7466263769228870E-016   1.6423159552302182E-015  -1.8818741020486221E-015   6.8131308253357169E-017   2.4385453893106826E-016  -6.2151412014998313E-015  -3.7945151264632621E-016   5.6388317945481559E-017   4.4890888077464482E-017   2.7032000784102198E-016   5.0679013575577875E-015  -4.0010023205447181E-016
   1.6994217925614717E-016   7.0972025252695259E-016  -3.6067853039156609E-016  -1.3606558377506890E-013  -1.6035970677675136E-004   8.6179186977158289E-017  -4.8678935088310320E-017   8.0179853388335183E-005  -2.1781064290844842E-017   8.0179853388580335E-005  -1.7007929042187823E-013  -7.4418747364620068E-018   4.0823465142182552E-016  -3.7204901064274334E-017  -7.7345971212147847E-018  -9.3573602639758501E-018   2.8519474885695458E-018   2.9155720640814785E-018  -3.2066786156100090E-018   5.7894001334495033E-018   1.3892652213946639E-018   4.6693454906327062E-018  -1.0046296745281975E-017  -1.1883966327156748E-017   7.9804700593843366E-005  -5.2456363354960437E-017   4.9087602842412706E-017  -3.9902350296670446E-005  -5.8209258052375579E-018  -3.9902350297069778E-005  -2.4888656098482381E-003   1.4644679990081041E-015  -4.7369504952912527E-016   1.2444328049228967E-003  -3.9867806624711751E-016   1.2444328049252057E-003  -1.6840398635999090E-015   4.0317443784430326E-016   1.9372877547655146E-015   7.5674338814092662E-014  -1.1464480461591552E-002   6.7307478324801002E-015  -2.0911708749881066E-015   5.7322402307911956E-003  -1.9157432047720429E-015   5.7322402308011538E-003  -4.4017332170157487E-015   7.4964688784946738E-016   5.5695551219061804E-015   4.5959248401815747E-014  -1.6971544798793833E-015   3.2787754432518823E-016  -6.3253114776127704E-015   9.7798522945889618E-015  -5.8909423187315160E-016
   1.4130131680617720E-017  -2.7262744657429334E-017  -1.3472485852647267E-016   1.6877406387919478E-015   4.2106641015371439E-017  -1.6035970677673729E-004  -2.8725193162451027E-017  -2.2407748110156851E-017  -1.2856116343395247E-016  -5.4190971798628300E-018   2.0654047689958932E-015  -2.4518787557864622E-017  -2.2769395562813296E-017   7.3883173079661637E-017   3.3985433157052538E-018   9.1869788437246840E-019   6.0406530104854062E-018  -5.3488849128198603E-018   5.4303024549502621E-018   3.5674419156212019E-020   8.1195476227044185E-018   4.8199187086897392E-018   2.8508972289495146E-018   1.2581592242504617E-017  -5.2456363354960437E-017   7.9804700593829421E-005   8.1103242882470967E-018   6.8739562450676042E-017   1.0995436105821063E-016   4.9312862787286135E-017   2.4023665082509816E-016  -2.4888656098478582E-003  -3.5350365966725498E-016  -8.4906536310889539E-017  -1.6471055963009745E-015  -1.0148182130732379E-016  -1.9271946968645910E-016   3.9250790199202776E-017   2.7381396790590814E-015  -1.2510080923229809E-015   8.1225563394203360E-016  -1.1464480461590834E-002  -1.6363408423443275E-015  -3.3716413810224159E-016  -7.4045548310428985E-015  -4.3752228252381713E-016  -8.4753959721128079E-016  -1.4807049310111404E-017   7.1604644593442590E-015  -1.0138583941844207E-015   1.6697082501313676E-017  -7.0905151697644800E-015  -2.5553043157484065E-015   1.3566495077439501E-016   5.4548476425169226E-015
  -1.4516795733136261E-016   1.0725427566587114E-017  -1.2786325577717332E-016   2.4579533926727355E-015  -7.4851270880582309E-017  -8.7515576976366834E-019  -1.6035970677709594E-004   3.5034054458308300E-017   8.4465635085490944E-017   2.5438315156793514E-017   3.0870363993512108E-015   3.1779293285458449E-017   6.2680927595128627E-018   3.0768573380654230E-017   5.4413315976221453E-018  -9.4708508495234591E-019  -1.2678108289411028E-018  -1.2363718181505986E-017   4.0164915373038784E-018   6.7659027102054588E-018  -3.3825187522754493E-019   2.1663708227423893E-018  -4.3096364382304313E-018   1.9064555145097986E-017   4.9087602842412706E-017   8.1103242882470967E-018   7.9804700594068216E-005  -1.8730278674926351E-017  -3.9523803931767276E-017   1.3980695693739252E-017  -1.0709139659307446E-015   9.7865414552654718E-017  -2.4888656098517124E-003   4.5110465435609911E-016   1.0940162700980330E-015   6.4885016042602784E-016   1.8019680400233187E-015  -7.4511510859716972E-017   2.2902131502634977E-015  -5.2435956783940148E-017  -4.9313259484361451E-015   4.8765292165562134E-016  -1.1464480461607938E-002   1.9593465021329884E-015   5.0485717923913454E-015   3.0662441018772483E-015   4.6610164743819267E-015  -2.2935011490381143E-016   6.0038016762314607E-015   6.8215282060346571E-016  -4.3891414839168268E-015  -1.4847756067541605E-015  -9.3351294852377000E-016   8.3953201410507161E-016   1.9254043862434606E-015
