  0.31602381148420777        5.4868853453303455E-017   2.3966751266313764E-017   5.1338827300918453E-017  0.38751055679980340        2.2944249228505258E-015   2.5758286046552999E-018  -1.3737044572313550E-018   2.2825730257423455E-015   9.5673745283023750E-019   2.2825730257423455E-015   4.0912821422298462E-017  -1.1129200556586972E-017   6.9929043407345647E-018  0.20952748646920674     
   5.4868853453303455E-017   9.5264691136431478E-033   4.1611679727774533E-033   8.9135770447452953E-033   6.7280562982890766E-017   3.9836385828092460E-031   4.4722187725630091E-034  -2.3850604230733268E-034   3.9630610192858446E-031   1.6611117638916393E-034   3.9630610192858446E-031   7.1033875341176524E-033  -1.9322799491718328E-033   1.2141257384458455E-033   3.6378692148304867E-017
   2.3966751266313764E-017   4.1611679727774533E-033   1.8176009066014837E-033   3.8934563140880204E-033   2.9388194149907422E-017   1.7400559523324918E-031   1.9534681004730110E-034  -1.0417959610469310E-034   1.7310676590551070E-031   7.2557471069849248E-035   1.7310676590551070E-031   3.1027643455921680E-033  -8.4402115233006625E-034   5.3033092087710056E-034   1.5890236650456775E-017
   5.1338827300918453E-017   8.9135770447452953E-033   3.8934563140880204E-033   8.3401158167641391E-033   6.2952020796768384E-017   3.7273484018792871E-031   4.1844954426091541E-034  -2.2316158887232040E-034   3.7080947103309356E-031   1.5542429740496522E-034   3.7080947103309356E-031   6.6463861173247659E-033  -1.8079653640290832E-033   1.1360141079076726E-033   3.4038243485888952E-017
  0.38751055679980340        6.7280562982890766E-017   2.9388194149907422E-017   6.2952020796768384E-017  0.47516809232204843        2.8134395165143553E-015   3.1584986337673977E-018  -1.6844457909675433E-018   2.7989066393050236E-015   1.1731580013425593E-018   2.7989066393050236E-015   5.0167581155187925E-017  -1.3646701760114718E-017   8.5747470799719388E-018  0.25692403545548331     
   2.2944249228505258E-015   3.9836385828092460E-031   1.7400559523324918E-031   3.7273484018792871E-031   2.8134395165143553E-015   1.6658193260417377E-029   1.8701265957637337E-032  -9.9734944923920051E-033   1.6572145035189171E-029   6.9461925862125166E-033   1.6572145035189171E-029   2.9703900062019662E-031  -8.0801237756450274E-032   5.0770522408222993E-032   1.5212305829720616E-015
   2.5758286046552999E-018   4.4722187725630091E-034   1.9534681004730110E-034   4.1844954426091541E-034   3.1584986337673977E-018   1.8701265957637337E-032   2.0994914811639202E-035  -1.1196710838530685E-035   1.8604664200170689E-032   7.7981202953383333E-036   1.8604664200170689E-032   3.3346985855835341E-034  -9.0711244212795468E-035   5.6997360249173553E-035   1.7078045181917536E-018
  -1.3737044572313550E-018  -2.3850604230733268E-034  -1.0417959610469310E-034  -2.2316158887232040E-034  -1.6844457909675433E-018  -9.9734944923920051E-033  -1.1196710838530685E-035   5.9712713638718695E-036  -9.9219762102483551E-033  -4.1587831536508983E-036  -9.9219762102483551E-033  -1.7784142556147348E-034   4.8376836980112117E-035  -3.0397025517615462E-035  -9.1078213607842346E-019
   2.2825730257423455E-015   3.9630610192858446E-031   1.7310676590551070E-031   3.7080947103309356E-031   2.7989066393050236E-015   1.6572145035189171E-029   1.8604664200170689E-032  -9.9219762102483551E-033   1.6486541293762369E-029   6.9103118916622162E-033   1.6486541293762369E-029   2.9550463981483471E-031  -8.0383857372125770E-032   5.0508266275229432E-032   1.5133726364480136E-015
   9.5673745283023750E-019   1.6611117638916393E-034   7.2557471069849248E-035   1.5542429740496522E-034   1.1731580013425593E-018   6.9461925862125166E-033   7.7981202953383333E-036  -4.1587831536508983E-036   6.9103118916622162E-033   2.8964480535474847E-036   6.9103118916622162E-033   1.2386037739318967E-034  -3.3692787079994965E-035   2.1170472741970036E-035   6.3432813103859533E-019
   2.2825730257423455E-015   3.9630610192858446E-031   1.7310676590551070E-031   3.7080947103309356E-031   2.7989066393050236E-015   1.6572145035189171E-029   1.8604664200170689E-032  -9.9219762102483551E-033   1.6486541293762369E-029   6.9103118916622162E-033   1.6486541293762369E-029   2.9550463981483471E-031  -8.0383857372125770E-032   5.0508266275229432E-032   1.5133726364480136E-015
   4.0912821422298462E-017   7.1033875341176524E-033   3.1027643455921680E-033   6.6463861173247659E-033   5.0167581155187925E-017   2.9703900062019662E-031   3.3346985855835341E-034  -1.7784142556147348E-034   2.9550463981483471E-031   1.2386037739318967E-034   2.9550463981483471E-031   5.2966228996213769E-033  -1.4407996435652789E-033   9.0530977767789449E-034   2.7125679538885278E-017
  -1.1129200556586972E-017  -1.9322799491718328E-033  -8.4402115233006625E-034  -1.8079653640290832E-033  -1.3646701760114718E-017  -8.0801237756450274E-032  -9.0711244212795468E-035   4.8376836980112117E-035  -8.0383857372125770E-032  -3.3692787079994965E-035  -8.0383857372125770E-032  -1.4407996435652789E-033   3.9192966013235123E-034  -2.4626446505899329E-034  -7.3787902502716718E-018
   6.9929043407345647E-018   1.2141257384458455E-033   5.3033092087710056E-034   1.1360141079076726E-033   8.5747470799719388E-018   5.0770522408222993E-032   5.6997360249173553E-035  -3.0397025517615462E-035   5.0508266275229432E-032   2.1170472741970036E-035   5.0508266275229432E-032   9.0530977767789449E-034  -2.4626446505899329E-034   1.5473742592054004E-034   4.6363774386251814E-018
  0.20952748646920674        3.6378692148304867E-017   1.5890236650456775E-017   3.4038243485888952E-017  0.25692403545548331        1.5212305829720616E-015   1.7078045181917536E-018  -9.1078213607842346E-019   1.5133726364480136E-015   6.3432813103859533E-019   1.5133726364480136E-015   2.7125679538885278E-017  -7.3787902502716718E-018   4.6363774386251814E-018  0.13891917631117318     
