 3.5618188906997067E-007 -2.5450031342452897E-018  5.3279695871262047E-019  1.1245416565257937E-015 -5.0672751294520958E-006  2.3418131650961365E-017 -8.4127312321293042E-018 -1.5756836437567099E-016 -3.0558295910844675E-016 -4.2826285695413696E-016  2.9675898224052846E-016 -2.7570958336432374E-017 -1.3775501928236301E-016  1.2505321877055825E-015 -4.8138587292348210E-016 -9.3020130803846538E-016 -1.3019120682422624E-015  9.0040390832693220E-016 -8.3241519027315936E-017 -4.1790898833504798E-016 -1.1658098544632601E-004  5.4464218508454450E-016 -2.1902747356687513E-016  9.4703161106197117E-017 -2.5051381321247609E-018 -1.6712736801692096E-019  4.6320394964538043E-017 -2.0247783820763817E-019  4.7159444587601336E-017 -3.4122681333181699E-018  2.7137943687564883E-019 -2.1233193267617786E-018  2.0417820105108544E-019 -2.2873490078359516E-015 -1.0247870794628804E-015 -1.9769917757635762E-015 -2.7656133823373986E-015  1.9126759626099910E-015 -1.7738101738649684E-016 -8.9102309288242366E-016 -4.1990194686931221E-004  1.9152160326413216E-015 -7.8358001510960088E-016 -5.4347490304636115E-019  2.2644084703446399E-020 -9.6027723871106638E-021 -8.6412968888592390E-020  2.7422683516142559E-020 -4.0576040243181160E-020  3.8710203175189697E-020 -5.3365326031132172E-020  4.9079552926207300E-020  4.8855670855294323E-020 -4.5568316241714767E-019 -2.2748989182889003E-020  3.0559524358133453E-020 -2.6282925649394869E-020 -3.6003587216227880E-019  1.7203462792050174E-017 -2.4055637970194641E-019 -4.5371271655362013E-019  8.6540493229258964E-018 -1.2479294812004825E-019  4.5734196034177276E-018 -5.0030003462787387E-019 -3.3536909372759447E-020 -5.5682390180006320E-019  6.8447370458706570E-020 -4.4908830409057744E-015 -3.5412992189027751E-004  1.6192559446070991E-015 -6.6290153704837250E-016  3.6232952640045447E-015 -8.8993000360574776E-016
-2.5450031342452897E-018  3.5618188907073294E-007  1.5606846750984725E-018  5.1216385630500924E-015  1.4225706590883574E-017 -5.0672751294593617E-006  3.5397506865669219E-018  7.5079028776414459E-017 -6.0747720087284210E-017 -2.0824925478815507E-016 -2.8337146228097725E-017  1.4108021789980398E-016 -4.7326802462578891E-017  5.9843353426960416E-015  2.2775462993794076E-016 -1.8252492768785799E-016 -6.3127206065045233E-016 -8.4875576967875447E-017  4.3092271677250174E-016 -1.4487186345474912E-016  3.0381885971890996E-016 -1.1658098544642831E-004  1.1282478857434597E-016 -1.0961489086664600E-018  4.3023352509752251E-017  2.1813017107744115E-018 -8.6857548654435078E-019 -1.4676471132361741E-019 -5.0056330054340576E-019  1.0052917583993582E-016  2.3962360656283895E-018  4.5346850953407257E-017  4.5487999342708229E-018 -3.8946778869544628E-015  4.8305278248787385E-016 -3.9005508700142509E-016 -1.3402919823668996E-015 -1.8239460237972595E-016  9.1427417572096168E-016 -3.0861700503699410E-016  1.0780561014201882E-015 -4.1990194686977299E-004  4.4468552104493605E-016 -9.9561543916528460E-019 -2.1063816677085381E-020  2.1538697562984547E-019 -8.3821004981266137E-019 -5.6551250614239838E-020 -6.5288380723332493E-019 -2.1937663213005768E-019 -5.8182421383624306E-020  1.1899749784514263E-019  2.2274027239599026E-019 -7.8465631730471652E-019 -2.4623295295287546E-019 -6.8425138827343285E-019 -2.7808136005774598E-019 -9.8010269497505703E-019  3.1402755722722959E-019  6.4403417880052164E-018  5.3408906904832788E-019 -2.8338255619377284E-019 -1.1268411614216233E-019 -7.4522320463851181E-020  1.4585746038560131E-017  9.8319827051670165E-020  3.4123109050450193E-018  1.1940760727204987E-018 -7.7531253178728877E-015  9.1135324113698968E-016 -3.5412992189065470E-004  3.7318238776953794E-016  5.4594418880762016E-015 -1.3000421126426049E-015
 5.3279695871262047E-019  1.5606846750984725E-018  3.5618188907190270E-007  4.2830204744622878E-016  2.5836093078001208E-018 -2.6042027963337575E-017 -5.0672751294698344E-006  1.2877033568028092E-017 -1.5504856570071774E-016  6.7199107628996495E-017 -1.1140671741885596E-016  1.5798025468734248E-017  9.5044915905305257E-017  5.0368299192829533E-016  3.6575260039229169E-017 -4.7826095149856764E-016  2.0506098548596760E-016 -3.3323831376424039E-016  4.6633167429124313E-017  2.8930477579628785E-016  5.0723721013378728E-017 -6.3031448550160940E-016 -1.1658098544660351E-004 -3.2368343078022338E-018 -1.5088293821219644E-018  4.1386644122160786E-017 -1.6704470241697484E-018 -2.7337552030957837E-019 -9.9432651254467849E-019 -1.1573421462517749E-018  4.2722550023104748E-017 -7.0376664035109578E-019  1.0118788280709122E-016 -2.7167285444534787E-016  8.5330374507537253E-017 -1.0087377655339485E-015  4.3516095751349636E-016 -7.0747632074276814E-016  9.9122486414266705E-017  6.1643147458098615E-016  1.5386184080284902E-016 -2.2850644987304452E-015 -4.1990194687047165E-004 -8.8810163164938839E-019  2.3610784354847398E-019  1.6843538156677323E-021 -4.4436689092575209E-019  1.0049335885392272E-019 -2.6193159371064580E-019  9.3681825020121928E-020  1.6970248075353462E-020  7.7187913571248332E-020  1.4845345782334283E-019 -1.3781222530546591E-018 -1.6504584857462553E-019 -3.5373436250084463E-019 -5.8961088536136967E-020 -1.4501862223592545E-018 -1.9455926895536075E-019  1.6742228523308756E-019  6.2919854785442424E-018  1.7003198665248758E-019 -4.5301577199256440E-020 -7.1670776985761787E-019  3.8505257693074787E-020  5.9901212109237052E-018 -3.9275504561031081E-019  1.7853240800824941E-017 -5.8814965038458504E-016  1.3256404437708756E-016 -1.9257598987687530E-015 -3.5412992189123871E-004  3.9513946662447587E-016 -9.3441301469928413E-017
 1.1245416565257937E-015  5.1216385630500924E-015  4.2830204744622878E-016  6.1022661045898952E-001 -2.1233138344038636E-015 -7.1481622850230239E-015 -1.7228170850822886E-015 -6.7320911463301989E-014  1.5231747160891016E-016 -4.0654085349148095E-017 -7.7937534146155664E-014  8.3952709967205838E-016 -6.8953995876105923E-014  7.2027098766143027E-001 -7.3143555266545095E-014  1.2104200714710412E-015  3.3415532623046164E-015 -5.9105710169342425E-014  5.1790798884470151E-015 -6.6659818246358267E-014  7.7165791551423111E-015  4.4257140684265995E-015  4.5138807474001091E-015 -3.3054945624538678E-015  1.0745054501177792E-016 -5.9843850746638022E-016 -1.2626105852754408E-015 -6.0407931475351930E-017 -1.3353962489018140E-015  1.1642088027039644E-016 -8.0516065221277095E-016 -1.4616424455914917E-016 -1.8977938184086369E-015 -2.8524730346419386E-001 -2.9447222198860259E-014  1.1410596293356637E-016  2.7589999916402513E-015  8.2482064030814901E-014  5.0306759335265205E-015 -1.5529217766337039E-014 -5.7759104921161497E-015 -4.5459200866460832E-015 -6.1537526343617971E-015  1.0796931709132269E-014 -1.6349401191458875E-016 -1.6652591559055033E-016  9.3806171225897904E-015 -1.4954948805348593E-017  8.4462135514412502E-015 -1.3760538619908480E-016 -5.3586243315875482E-017 -5.1469300411497129E-017 -2.1994656712041919E-016  1.1738990043884748E-014  2.2903009702654820E-017  7.3887887317061714E-015 -2.2981893790256118E-017  7.9832371241865626E-015 -7.8000637085676141E-016 -3.0249621775156210E-017 -3.1596350801895093E-016 -4.6747337152970381E-016  1.5019139210730738E-017 -4.9688318010392258E-016 -3.8172485638423832E-016 -1.5849398127516867E-016  2.7576995799536401E-017 -3.2199875293281222E-016 -5.6929475390617768E-001 -2.1762349830795475E-015 -2.5382653035370182E-015 -3.1519396610120878E-015  3.4360567717629609E-001 -7.8372494142343901E-002
-5.0672751294520958E-006  1.4225706590883574E-017  2.5836093078001208E-018 -2.1233138344038636E-015  7.2090350535817220E-005 -2.0445681280798775E-017 -2.4907003814012905E-017  4.5860267110753577E-016  7.0379834536402057E-016  4.5765603049237518E-016 -4.0033563747191843E-016  1.2383531542353697E-016 -7.8690792443525567E-017 -2.3166324868124942E-015  1.4359488417264501E-015  2.1733094784683807E-015  1.4163469019071000E-015 -1.2092888005908164E-015  3.6948949302277404E-016 -2.4243806579082798E-016  1.6585568953595340E-003 -5.5386467981423670E-016 -2.1055206189673170E-016 -1.3473087421905754E-015  3.5639723807758132E-017  2.3776625980494111E-018 -6.5898405447571424E-016  2.8805813694850137E-018 -6.7092091993076739E-016  4.8545144981537666E-017 -3.8608203082661278E-018  3.0207721238827301E-017 -2.9047718343135877E-018  2.8670987363448633E-015  3.0739866950267675E-015  4.6153698088034746E-015  2.9848116796580467E-015 -2.5522909243174012E-015  7.9163227298810502E-016 -4.7710646524527226E-016  5.9737980999965733E-003 -1.3337855125916607E-015 -8.3391410096719783E-016  7.7318273183511861E-018 -3.2214947101847635E-019  1.3661528365383260E-019  1.2293670793062303E-018 -3.9013292488740190E-019  5.7726113064142620E-019 -5.5071651800585909E-019  7.5920982427098251E-019 -6.9823762951969853E-019 -6.9505253736700626E-019  6.4828449386094387E-018  3.2364191066806120E-019 -4.3475966056375296E-019  3.7391798840765964E-019  5.1221044007796307E-018 -2.4474764669877475E-016  3.4223114575596539E-018  6.4548120920937406E-018 -1.2311813219256452E-016  1.7753856154684819E-018 -6.5064440736890458E-017  7.1175935671705407E-018  4.7711787725867342E-019  7.9217388518988941E-018 -9.7377679354438064E-019  5.7709171550451883E-015  5.0380825102449229E-003 -1.1819972084436918E-015 -6.7399428052560752E-016 -4.4715268681153546E-015  1.0872126213526335E-015
 2.3418131650961365E-017 -5.0672751294593617E-006 -2.6042027963337575E-017 -7.1481622850230239E-015 -2.0445681280798775E-017  7.2090350535869682E-005  4.2622697905959113E-018 -9.8877521267382150E-017  1.5917028623032557E-016  3.4176862873479301E-016 -2.3008104194051100E-017 -3.0758619335182801E-016  1.3020707643271841E-016 -8.3759298283949493E-015 -2.9800865104624520E-016  4.5646640162095440E-016  1.0249958022950852E-015 -8.6099550960183082E-017 -9.7165995444920637E-016  4.1245921959169072E-016 -1.3655526362462003E-016  1.6585568953598180E-003 -3.4857099845420820E-016  1.5594527044022221E-017 -6.1207818490545109E-016 -3.1032616335097599E-017  1.2356919583663806E-017  2.0879702039398129E-018  7.1213389583693651E-018 -1.4301934156387618E-015 -3.4090412209185043E-017 -6.4513378441280616E-016 -6.4714185318052588E-017  4.0136810250180373E-015 -6.1813411321731073E-016  9.9971392890008839E-016  2.1562883327686246E-015 -1.5488766402656715E-016 -2.0408971704680898E-015  8.8624919522522797E-016 -2.6064220226546251E-016  5.9737980999989091E-003 -1.8006429680639309E-015  1.4164272550513685E-017  2.9966755095328662E-019 -3.0642351513613751E-018  1.1924921142147020E-017  8.0453485862024292E-019  9.2883495231456734E-018  3.1209945988183494E-018  8.2774095458229042E-019 -1.6929357718735912E-018 -3.1688479320309957E-018  1.1163030925627115E-017  3.5030700796840344E-018  9.7346051249773578E-018  3.9561662257521480E-018  1.3943578165778822E-017 -4.4675601982302356E-018 -9.1624489534609380E-017 -7.5982983401935476E-018  4.0315844882765948E-018  1.6031174990590391E-018  1.0602029822193907E-018 -2.0750630622647064E-016 -1.3987617834334368E-018 -4.8545753486293625E-017 -1.6987702552310310E-017  8.7127728850305132E-015 -2.5055912206138129E-016  5.0380825102467313E-003 -1.4927295510780829E-015 -5.6572460793974176E-015  1.3245852587126588E-015
-8.4127312321293042E-018  3.5397506865669219E-018 -5.0672751294698344E-006 -1.7228170850822886E-015 -2.4907003814012905E-017  4.2622697905959113E-018  7.2090350535930926E-005 -1.4645952979490248E-016 -1.1632096381881508E-017 -6.6185541091475922E-017  8.2867315144602228E-017  4.6806042956861854E-017  1.1316878910176638E-016 -2.0010429059740836E-015 -4.0882547202688438E-016  7.2897238168627573E-017 -2.1621458669659921E-016  1.8126048778172875E-016  1.6089259982601906E-016  3.3224863012235654E-016 -4.4902232973490085E-016  5.4155898515649408E-016  1.6585568953602918E-003  4.6049309325579225E-017  2.1465587775050061E-017 -5.8879330725894890E-016  2.3764865424990606E-017  3.8892178899715666E-018  1.4145935439536867E-017  1.6465101838503646E-017 -6.0779877315952318E-016  1.0012241790475293E-017 -1.4395646092169877E-015  1.9773032651253482E-015 -9.7691531768308630E-016  4.2765711688818237E-017 -4.4920823176074896E-016  3.7281634537322092E-016  3.4206260197291963E-016  6.8539676138814152E-016 -1.2070422786280945E-015  2.1610317701980921E-015  5.9737981000015771E-003  1.2634711220722457E-017 -3.3590236902335890E-018 -2.3962712515448059E-020  6.3218523001557248E-018 -1.4296838599250389E-018  3.7264091498003579E-018 -1.3327785509051061E-018 -2.4142978254361053E-019 -1.0981254429714142E-018 -2.1119954096379118E-018  1.9606063172873306E-017  2.3480495481471827E-018  5.0324550251116062E-018  8.3881877970181381E-019  2.0631292053628893E-017  2.7679266549641782E-018 -2.3818582806792813E-018 -8.9513876220577809E-017 -2.4189855903036855E-018  6.4448969054556021E-019  1.0196350709331271E-017 -5.4780082949295096E-019 -8.5219358889105242E-017  5.5875886330715745E-018 -2.5399181111129580E-016  4.5925623714701277E-015 -1.0578560596941023E-015  1.8028113724088802E-015  5.0380825102489075E-003 -3.4234893805567185E-015  8.3361158862859101E-016
-1.5756836437567099E-016  7.5079028776414459E-017  1.2877033568028092E-017 -6.7320911463301989E-014  4.5860267110753577E-016 -9.8877521267382150E-017 -1.4645952979490248E-016  2.3912192826684605E-002 -6.3469195177298649E-016 -5.9013124248377536E-016 -1.1956096413342861E-002  5.4684447074740904E-016 -1.1956096413340592E-002 -7.4152790914924747E-014  7.2586248518306723E-002  7.5113526509788332E-016 -1.0798653637959169E-016 -3.6293124259153847E-002  8.5741418305569808E-016 -3.6293124259149455E-002  2.3460205986625985E-015  1.0321491568787349E-015  8.1067948966856461E-017 -1.3533388848693723E-015 -2.0594804843982769E-016  3.6946382816811710E-017 -5.8433964679375128E-016  2.1002556953152531E-017 -5.7673094989935223E-016 -2.3222269997159407E-016 -2.7255753959701740E-017 -2.4919773529927381E-016  5.4545956447652028E-017  1.1652440376329790E-014  1.5429421085243106E-001 -1.6523241108668874E-016 -1.0091753821491869E-015 -7.7147105426225673E-002  2.1465034610871011E-015 -7.7147105426210283E-002 -2.1074617426561852E-015 -1.7331025823346288E-016  6.4991848145401126E-016  6.0683723132074461E-015  1.4761242329444044E-017  1.7957233044744950E-016  1.7263161187593251E-015  1.0024489140273699E-016  2.0479225110186079E-015 -3.8509337745573273E-017 -5.6480426243993655E-017 -7.2699162363843381E-018 -1.1008799770345787E-016 -5.4917666036790914E-016 -6.1830167410092283E-017  4.4317908935638210E-016 -5.3446258072300690E-017  6.2927622735574577E-016 -3.1035920127130065E-016 -3.4548043884788533E-018 -4.9138901010013003E-017 -1.6256113397866801E-016 -6.5370517167559637E-018 -1.5654904410648780E-016 -2.3424458782144746E-016 -2.8898214203042183E-017  1.5483635500206429E-017 -5.0516052854987606E-017  2.3737996545740256E-014 -9.2976261168910963E-016  1.6062860186776697E-016  4.7305970710467990E-016 -4.6348232232623746E-015  1.5351474757297509E-016
-3.0558295910844675E-016 -6.0747720087284210E-017 -1.5504856570071774E-016  1.5231747160891016E-016  7.0379834536402057E-016  1.5917028623032557E-016 -1.1632096381881508E-017 -6.3469195177298649E-016  2.3912192826679363E-002  1.5439038936193623E-016  8.5651971626440688E-017  2.1944251971106625E-016  5.2876539952116710E-016 -3.4804341736501994E-016 -1.8708992688409624E-015  7.2586248518298507E-002  8.7430063189231058E-016  7.4593109467020484E-016  3.9118014383276931E-016  1.4985842428093609E-015  5.1374314755092991E-016  4.9141171040995042E-016 -1.0186644415241917E-015 -5.5173190774271105E-016 -1.0130534421228838E-016  1.0717040623460412E-016 -2.7446431360568203E-016  7.2894170928947627E-017 -3.3216135778115423E-016 -1.2387660169832195E-016  4.1273216665498392E-017 -1.1555978443683972E-017  3.1210165091759224E-016 -2.4859020455459871E-016 -4.3133899230163269E-015  1.5429421085242140E-001  1.9428902930940255E-015  1.4068607390174927E-015  4.0245584642662063E-016  3.0240566994963015E-015 -1.2046028964823140E-015  8.1489467917962251E-017 -1.4571842233703668E-015 -1.1338199465526233E-017 -1.8173566136331484E-015 -8.7106557216468048E-017 -1.6789360856057974E-017  1.1728853926426914E-016 -7.0390699567946952E-017 -1.2058478632802119E-015  1.0126632587433520E-016 -4.1654529992840613E-016 -9.8920266513521181E-017 -1.3447595481966386E-016 -5.4625892948305776E-017 -7.5514624853535338E-017 -5.3047421592814620E-017 -1.1710520372601798E-016 -4.4011056008552135E-017  9.7698243798231866E-017 -4.3790860541071059E-017 -5.8411024816913701E-017 -1.8694055979269401E-017  2.5869551745604168E-017  5.0246018928074088E-017 -1.5568858998716200E-017  4.6044842355108570E-017 -8.0119180225560584E-017 -2.5421333867006424E-015 -7.3505743210720054E-016  3.5357848796539105E-016 -1.4800579548687121E-015  1.8431838652469357E-015 -4.6040061046931548E-016
-4.2826285695413696E-016 -2.0824925478815507E-016  6.7199107628996495E-017 -4.0654085349148095E-017  4.5765603049237518E-016  3.4176862873479301E-016 -6.6185541091475922E-017 -5.9013124248377536E-016  1.5439038936193623E-016  2.3912192826679255E-002  7.1698289666492569E-016  2.6129272356900701E-016  4.1280997717381499E-016 -2.2868416750854719E-015 -1.0128616695358855E-015 -7.5633943552588888E-016  7.2586248518298563E-002  1.0655538951192955E-015  4.2587461335230407E-016  4.7032690242389697E-016 -1.8971271181307443E-016 -1.6524124723538141E-015 -3.0629664485208910E-016 -5.7508695976618771E-017  2.7524192800463477E-016  1.2181397408151517E-016 -1.4635612044209997E-016  3.3924724075075211E-017 -4.0296999287279297E-017  6.6809717336314554E-016  6.6104533979554445E-017  3.6937037116391581E-016  1.8958734223732532E-016  1.2251885594057316E-014 -5.0987859767648184E-015 -6.3837823915946363E-016  1.5429421085242201E-001 -1.6566609195486403E-016  1.0234868508263203E-015 -1.4372183998476000E-015 -3.9759862212111715E-016  1.2948958192408010E-015  3.3717812544684630E-016 -6.1572321076202868E-016 -1.1639939068946819E-017 -1.5536992283723259E-015 -3.2024822816741523E-016  5.1114304460426137E-017 -8.1598197032986395E-017 -7.2599102644182364E-017 -3.9405567198838098E-016  1.2258861817938702E-016 -1.2672903837190172E-015 -4.8244677889797578E-016  5.1091276825240601E-017 -3.0834269858931624E-016  2.5868470587399006E-017 -5.4022862745323766E-016 -1.7662200270011651E-017  4.9564043338492087E-017  4.7161048029783109E-017  5.2053284720740161E-018 -2.2535855639021709E-017 -1.8722590132888813E-017  8.5106673807636432E-017  4.4254445610597969E-017  5.9719088443539030E-017  1.0430244549164042E-016 -3.9906903207933070E-015 -3.2991238853486544E-016  4.7950142801387547E-016  2.0729216851673619E-016 -2.0979471580962974E-015  6.7510967486594038E-016
 2.9675898224052846E-016 -2.8337146228097725E-017 -1.1140671741885596E-016 -7.7937534146155664E-014 -4.0033563747191843E-016 -2.3008104194051100E-017  8.2867315144602228E-017 -1.1956096413342861E-002  8.5651971626440688E-017  7.1698289666492569E-016  2.3912192826679685E-002 -2.4805190453742627E-016 -1.1956096413340059E-002 -1.0215452081620524E-013 -3.6293124259152973E-002 -6.3317406873176356E-016  1.1071872585420877E-015  7.2586248518296342E-002 -1.1227455597178303E-015 -3.6293124259148705E-002 -1.6760556406776817E-015  4.4105477825583866E-017  2.1183599359822592E-015  7.3831328312233065E-016  1.2280933371552344E-016 -2.4243637214125536E-016  3.7250503715509475E-016  7.4349325072248147E-017  3.3583214482888900E-016 -1.2029064213574701E-016 -2.5260959409985030E-016  1.0374511627765458E-016 -6.3781521278314205E-016  9.7100516643212891E-015 -7.7147105426210255E-002 -5.6378512969214686E-016  2.7287200277125080E-015  1.5429421085242007E-001 -2.7228653359791717E-015 -7.7147105426205745E-002  2.9385720729755292E-016  8.5752551062884044E-016  2.0579865380963390E-015 -2.5044469214641464E-015 -8.9610391731441645E-017 -1.3269486249504189E-016  4.9807929750256885E-016 -2.5540474856131346E-017 -8.7101874126043548E-016  4.5991589335229460E-017  6.6497208189382913E-017 -3.2565119926355387E-017 -1.0719729481577834E-016  3.5467874198897238E-015  1.3895197497620057E-016  5.1990269782660137E-016 -1.4642686168846190E-016 -6.5507274255622233E-016  1.7210114800645296E-016 -1.1973924272785322E-016 -7.7790274514637973E-017  7.7682280233163010E-017 -2.3653761337567311E-017  7.4413479901491685E-017 -1.4004745913768508E-017 -4.8461372092209580E-017 -7.0753463226651577E-017 -2.0276657575572260E-016  6.2658958481411625E-014 -2.6532912585371703E-016  6.3685400134977459E-016  2.1325150141306227E-015 -2.5271848204736227E-014  5.3680568446948170E-015
-2.7570958336432374E-017  1.4108021789980398E-016  1.5798025468734248E-017  8.3952709967205838E-016  1.2383531542353697E-016 -3.0758619335182801E-016  4.6806042956861854E-017  5.4684447074740904E-016  2.1944251971106625E-016  2.6129272356900701E-016 -2.4805190453742627E-016  2.3912192826683592E-002 -7.7105748001739439E-016 -4.6668511432252703E-018 -4.3774662714074114E-017  1.4831885719601661E-016  1.7260498585969211E-016  2.4990860075811807E-016  7.2586248518304086E-002 -1.2770275288621731E-015 -4.0419994212973019E-016  5.3306275871620966E-016  9.9332817366467843E-016  1.4827935124539286E-016 -3.5000401064524654E-017 -2.0366252275073801E-016  6.4133926259579719E-017 -3.5487719908917271E-017  2.3458103011404038E-017 -5.9402515515846936E-017 -2.0442000891396358E-016 -1.4570377348705367E-017 -5.5994428888797049E-016  1.4745133114507896E-014 -1.4798275452254607E-015  8.6042284408449691E-016  7.3378803033819108E-016 -1.9788858052201869E-015  1.5429421085243389E-001 -5.3434361969864991E-015  3.4880401180840898E-016  7.2640200576257405E-016 -1.2358727077039699E-015 -6.3723025053444740E-016 -1.4173932696924785E-017 -1.2124135389124360E-016 -4.3077966099491086E-016 -2.3965285927885776E-016 -4.3378003332199184E-016 -2.5362154369767613E-017 -2.1129273851636810E-017  1.0474034510127565E-016 -8.6570951302715379E-017 -7.8145850444496028E-016 -9.7327009224395539E-016 -2.3000740222884172E-016 -6.0683090738842576E-016 -7.8791799855012943E-016  1.3167641554312477E-017 -4.6040779069049283E-017  8.7101668890064973E-017  6.6017078196636338E-018 -9.7448873954910929E-019  1.4988967542952156E-017 -5.2060749277773407E-017  8.9311541705802706E-017 -7.1797152242298061E-017  1.3831229028447567E-016 -6.5224275076363355E-015  8.9599862181994470E-017  6.8018792244146287E-016 -5.6048711949405251E-016 -1.8281318881925426E-015  6.5839657188218912E-016
-1.3775501928236301E-016 -4.7326802462578891E-017  9.5044915905305257E-017 -6.8953995876105923E-014 -7.8690792443525567E-017  1.3020707643271841E-016  1.1316878910176638E-016 -1.1956096413340592E-002  5.2876539952116710E-016  4.1280997717381499E-016 -1.1956096413340059E-002 -7.7105748001739439E-016  2.3912192826682735E-002 -7.8229522541146271E-014 -3.6293124259150253E-002 -1.7911019889456961E-016  6.3902876046297337E-016 -3.6293124259152300E-002 -1.1682549459073704E-015  7.2586248518304489E-002 -1.1398470677179129E-015 -8.8480599031417599E-016 -1.0588373788327343E-015  6.1502560174835002E-016  8.3138714724154684E-017  2.0548998932430066E-016  2.1183460963933515E-016 -9.5351882025437752E-017  2.4089880507106389E-016  3.5251334210713033E-016  2.7986534805952849E-016  1.4545261902153975E-016  5.8326925633555181E-016  3.5254220460043080E-014 -7.7147105426213364E-002  5.9761223747396084E-016  1.7629127324612756E-015 -7.7147105426215279E-002 -2.4712220117463546E-015  1.5429421085242948E-001  1.2118092168417187E-016  5.3453839122704407E-018  1.4002792805462861E-015 -3.5639253917442341E-015  7.4849149402070937E-017 -4.6877467952396812E-017 -2.2243954162631719E-015 -7.4704416546603767E-017 -1.1769037697590728E-015 -7.4822515896066629E-018 -1.0016781945365290E-017  3.9835036162751507E-017  2.1728529251927777E-016 -2.9976107595232638E-015 -7.7121807566097562E-017 -9.6308178718343321E-016  1.9987311976078655E-016  2.5796515201329019E-017  1.3825805326524331E-016  1.2319404711635485E-016  1.2692917552472170E-016  8.4878853745638358E-017  3.0190813054331004E-017  8.2135564205220764E-017  2.4824933373526942E-016  7.7359586295237046E-017  5.5269827726457304E-017  2.5328262861072509E-016  2.8670685199474299E-014 -2.3223634841792335E-016 -2.1593241966949289E-016  8.5911744356768430E-016 -1.7029907091483482E-014  3.6151575152069070E-015
 1.2505321877055825E-015  5.9843353426960416E-015  5.0368299192829533E-016  7.2027098766143027E-001 -2.3166324868124942E-015 -8.3759298283949493E-015 -2.0010429059740836E-015 -7.4152790914924747E-014 -3.4804341736501994E-016 -2.2868416750854719E-015 -1.0215452081620524E-013 -4.6668511432252703E-018 -7.8229522541146271E-014  8.5081997891752070E-001 -6.9490395315839662E-014 -4.2854669380122117E-017 -2.9225950896365338E-015 -9.9289859351905630E-014  3.0803414391156333E-015 -6.9344587119270795E-014  1.1551918078311796E-014  5.7301770446239572E-015  5.0069146911316997E-015 -3.8280932115633713E-015  1.4237750949029435E-016 -7.1195181861088549E-016 -1.5196804181737495E-015 -5.1747288183858944E-017 -1.5634307647382971E-015  1.5406753943942477E-016 -9.7801827050549396E-016 -1.5135897698140520E-016 -2.3506432098815061E-015 -3.1974189229893296E-001 -1.9856654670091181E-015 -3.0229867809886672E-015 -1.1296098822777133E-014  2.8928473487576876E-014 -5.6319767004380129E-016 -1.2332000284082976E-015  2.6032166685078281E-015 -3.3981528232252985E-015 -9.3002746110219314E-015  1.1717916564302219E-014 -1.9441127499502239E-016 -1.8499295541551326E-016  1.0244035384687659E-014 -1.3925836549903210E-017  9.1987386389604717E-015 -1.6536220239794845E-016 -7.1974100895782129E-017 -5.6229457176628686E-017 -2.4950045533966657E-016  1.2623121233485398E-014  2.1043537866198341E-017  7.8528246758130770E-015 -1.9046646428914395E-017  8.0380163969517060E-015 -9.4760856380035367E-016 -3.7878154149369940E-017 -3.7758619688912123E-016 -5.2951705689890881E-016  1.3961870530269122E-017 -5.9908569225990478E-016 -4.2514245555665111E-016 -1.7981373774937754E-016  2.7483691403108814E-017 -3.9843468534392234E-016 -6.3894581597088007E-001  5.3619298653567031E-015 -1.3331839822041880E-015 -5.3814849758595333E-015  3.7687753044351668E-001 -8.5350464525153130E-002
-4.8138587292348210E-016  2.2775462993794076E-016  3.6575260039229169E-017 -7.3143555266545095E-014  1.4359488417264501E-015 -2.9800865104624520E-016 -4.0882547202688438E-016  7.2586248518306723E-002 -1.8708992688409624E-015 -1.0128616695358855E-015 -3.6293124259152973E-002 -4.3774662714074114E-017 -3.6293124259150253E-002 -6.9490395315839662E-014  2.2033794692729955E-001  2.4485621863411993E-015  2.0361316799277470E-015 -1.1016897346364492E-001 -2.5688544173786597E-015 -1.1016897346364421E-001  8.1301567199263071E-015  3.1822952965243918E-015  1.0687387310629275E-015 -4.1081047371375919E-015 -6.2516208087908086E-016  1.1215196132035584E-016 -1.7737822343902602E-015  6.3753953038585123E-017 -1.7506857844878699E-015 -7.0491965056918295E-016 -8.2735738408627203E-017 -7.5644792912704462E-016  1.6557604645648618E-016 -7.2243740587885222E-015  4.6836515643067417E-001 -1.4311468676799880E-016  1.9611048895920561E-015 -2.3418257821535440E-001 -4.4775381319303790E-015 -2.3418257821533450E-001 -2.7640067266835218E-015 -3.4897906188002265E-016  4.9358891208413178E-015  1.8420743928451762E-014  4.4808237033244725E-017  5.4509772062069818E-016  5.2402894090758028E-015  3.0429666792960215E-016  6.2165362001083332E-015 -1.1689636245978542E-016 -1.7144819320761103E-016 -2.2068070062272359E-017 -3.3417574114201773E-016 -1.6670438315216427E-015 -1.8768750863145906E-016  1.3452847152628398E-015 -1.6223787583711840E-016  1.9101887040045422E-015 -9.4210557252994107E-016 -1.0487172453915969E-017 -1.4916275167587503E-016 -4.9345967372884452E-016 -1.9843435686920247E-017 -4.7520977700296322E-016 -7.1105715769835935E-016 -8.7721480546877715E-017  4.7001085284441445E-017 -1.5334314143745607E-016 -1.3847217575924181E-014  2.4183572689204460E-016  6.3696143870868522E-016  3.9349078679391209E-015  2.8085026909424502E-014 -8.4732745532646832E-015
-9.3020130803846538E-016 -1.8252492768785799E-016 -4.7826095149856764E-016  1.2104200714710412E-015  2.1733094784683807E-015  4.5646640162095440E-016  7.2897238168627573E-017  7.5113526509788332E-016  7.2586248518298507E-002 -7.5633943552588888E-016 -6.3317406873176356E-016  1.4831885719601661E-016 -1.7911019889456961E-016 -4.2854669380122117E-017  2.4485621863411993E-015  2.2033794692729797E-001 -1.0408340855860839E-015 -4.4929338027846724E-016 -3.8337388819087254E-016 -8.6692805711913374E-016  2.4085773093059715E-015  8.7741350875108030E-016 -6.0271318121536743E-016 -1.6748003690495122E-015 -3.0751570734302412E-016  3.2531929618983837E-016 -8.3314545935608782E-016  2.2127265554168834E-016 -1.0082867363459494E-015 -3.7603150249072989E-016  1.2528620790758131E-016 -3.5078552990090330E-017  9.4739483579054425E-016  2.2514915221116792E-015  4.1850203857940369E-015  4.6836515643069454E-001 -1.9706458687096568E-015 -1.4953316362928139E-015 -2.1198320876436618E-015 -2.3323357134501036E-015 -5.9834428853467794E-016 -1.9651631591139546E-015  4.5432767519613738E-015 -3.4417477732237296E-017 -5.5166458283310868E-015 -2.6441482199119015E-016 -5.0964657586692627E-017  3.5603322209270623E-016 -2.1367328581060379E-016 -3.6603908856765273E-015  3.0739726589393548E-016 -1.2644369706653738E-015 -3.0027572547150177E-016 -4.0820618782348827E-016 -1.6581869633701623E-016 -2.2922712969556053E-016 -1.6102719457392551E-016 -3.5547670103102874E-016 -1.3359700936457199E-016  2.9656623529014934E-016 -1.3292859877414832E-016 -1.7730858873137324E-016 -5.6746422336150891E-017  7.8527875953200456E-017  1.5252344456257146E-016 -4.7259784019871508E-017  1.3977063477195908E-016 -2.4320440911031358E-016 -1.8769965766603820E-015  3.4793972421683989E-016 -7.9266519422417107E-016  3.0693436356078493E-015  3.3419550129500610E-016 -7.6629622509653691E-017
-1.3019120682422624E-015 -6.3127206065045233E-016  2.0506098548596760E-016  3.3415532623046164E-015  1.4163469019071000E-015  1.0249958022950852E-015 -2.1621458669659921E-016 -1.0798653637959169E-016  8.7430063189231058E-016  7.2586248518298563E-002  1.1071872585420877E-015  1.7260498585969211E-016  6.3902876046297337E-016 -2.9225950896365338E-015  2.0361316799277470E-015 -1.0408340855860839E-015  2.2033794692729924E-001 -1.1275702594075976E-017 -5.8980598183211352E-016 -4.3628295420803520E-016  4.7990902695712756E-017 -5.3024799692768758E-015 -1.2819177655798198E-015 -1.7456953983243264E-016  8.3550593346302077E-016  3.6977032845856843E-016 -4.4426882166736691E-016  1.0297961673680955E-016 -1.2232286792000768E-016  2.0280309636015324E-015  2.0066248906608247E-016  1.1212359213952490E-015  5.7549861860501006E-016  3.3757938706435068E-014 -4.6143644460983116E-015  7.2164496600635116E-016  4.6836515643069887E-001 -7.4037997954693976E-015 -9.0205620750794146E-016 -8.3258053229503449E-015  1.0401345268194917E-015  2.8986827351806735E-015 -2.4483941219166840E-016 -1.8690480759664179E-015 -3.5333418232327978E-017 -4.7163051557318716E-015 -9.7212403922082628E-016  1.5515915388007764E-016 -2.4769401331802761E-016 -2.2037696604960300E-016 -1.1961689646915566E-015  3.7212178611890492E-016 -3.8469016791653756E-015 -1.4644830795637703E-015  1.5508925273540266E-016 -9.3598441225481323E-016  7.8524594061927204E-017 -1.6398817830401191E-015 -5.3614190361974121E-017  1.5045328520962947E-016  1.4315891384307789E-016  1.5800945937097383E-017 -6.8408331675940580E-017 -5.6833038698851009E-017  2.5834411006735218E-016  1.3433582651385792E-016  1.8127925893157519E-016  3.1661350694181040E-016 -1.8879198446297114E-014  8.9362669290223218E-016  5.8517774767331904E-016 -4.4044170534082607E-016 -1.3468775554999212E-015  8.3858739945367986E-016
 9.0040390832693220E-016 -8.4875576967875447E-017 -3.3323831376424039E-016 -5.9105710169342425E-014 -1.2092888005908164E-015 -8.6099550960183082E-017  1.8126048778172875E-016 -3.6293124259153847E-002  7.4593109467020484E-016  1.0655538951192955E-015  7.2586248518296342E-002  2.4990860075811807E-016 -3.6293124259152300E-002 -9.9289859351905630E-014 -1.1016897346364492E-001 -4.4929338027846724E-016 -1.1275702594075976E-017  2.2033794692728176E-001 -3.6385824908710061E-016 -1.1016897346365308E-001 -4.9509888582964192E-015 -2.4015130039113561E-016  4.8133070413458257E-015  2.2411742762987026E-015  3.7279177539496551E-016 -7.3592358867549522E-016  1.1307513032044041E-015  2.2568982384756973E-016  1.0194295312712523E-015 -3.6514620418843318E-016 -7.6680473883487324E-016  3.1492171576541195E-016 -1.9361090753734168E-015 -1.9529462037525573E-014 -2.3418257821531330E-001  1.4224732503016350E-015  1.1154271950551382E-015  4.6836515643067006E-001 -1.7937040741581048E-015 -2.3418257821534452E-001  1.3844995694411435E-015  1.2558461296593178E-015  4.2280811691426132E-016 -7.6023310768639722E-015 -2.7201529408817667E-016 -4.0279962343805652E-016  1.5119361044143287E-015 -7.7528952221969885E-017 -2.6440060631601126E-015  1.3960898347691401E-016  2.0185446455674256E-016 -9.8852493585015487E-017 -3.2540091736405043E-016  1.0766389973840715E-014  4.2179329435968959E-016  1.5781817545265845E-015 -4.4448355904922631E-016 -1.9884948751210176E-015  5.2241870036838518E-016 -3.6347241313391110E-016 -2.3613493915650737E-016  2.3580711895974905E-016 -7.1801771225499982E-017  2.2588456794349114E-016 -4.2511867259606801E-017 -1.4710609034136691E-016 -2.1477446683893715E-016 -6.1550461581194672E-016  9.0783092336986527E-014 -3.9007035333662607E-016  7.9701148711010317E-016  1.5613369886698241E-015 -3.4274986063052529E-014  7.8394456557518389E-015
-8.3241519027315936E-017  4.3092271677250174E-016  4.6633167429124313E-017  5.1790798884470151E-015  3.6948949302277404E-016 -9.7165995444920637E-016  1.6089259982601906E-016  8.5741418305569808E-016  3.9118014383276931E-016  4.2587461335230407E-016 -1.1227455597178303E-015  7.2586248518304086E-002 -1.1682549459073704E-015  3.0803414391156333E-015 -2.5688544173786597E-015 -3.8337388819087254E-016 -5.8980598183211352E-016 -3.6385824908710061E-016  2.2033794692729286E-001 -3.1783386686356460E-016 -1.3745885743730492E-015  7.4452274708850187E-016  3.4480655768348408E-015  4.5010685208360767E-016 -1.0624486964938919E-016 -6.1822429241021366E-016  1.9468064445931764E-016 -1.0772414204448568E-016  7.1207843935394931E-017 -1.8031829138714137E-016 -6.2052366659523857E-016 -4.4228860100618692E-017 -1.6997293223681390E-015  4.3258544612613697E-014 -9.6699991763982346E-015  8.3613671542081846E-016 -1.4571677198205971E-016 -8.3943269002534104E-015  4.6836515643068560E-001 -8.6559448844710687E-015  5.2708479484318254E-016 -9.4154393789576579E-016 -2.1927244826547030E-015 -1.9343334032110767E-015 -4.3025439309442542E-017 -3.6803212102005676E-016 -1.3076458422799344E-015 -7.2747414374836776E-016 -1.3167535712514536E-015 -7.6987654515270277E-017 -6.4138606355442992E-017  3.1794276562249846E-016 -2.6278897260781516E-016 -2.3721430159716634E-015 -2.9543934052011639E-015 -6.9819504134317048E-016 -1.8420551963403128E-015 -2.3917510229752990E-015  3.9970809418845223E-017 -1.3975830053326929E-016  2.6439998331553197E-016  2.0039701415793725E-017 -2.9580926492127747E-018  4.5499504415659465E-017 -1.5803211828008898E-016  2.7110812499703825E-016 -2.1794261920428374E-016  4.1985151041942436E-016 -2.2781404596851856E-014 -1.7645090838208543E-016 -5.8896158299951335E-016 -3.8673569413403912E-016 -3.6090483793132540E-015  1.5462484755109232E-015
-4.1790898833504798E-016 -1.4487186345474912E-016  2.8930477579628785E-016 -6.6659818246358267E-014 -2.4243806579082798E-016  4.1245921959169072E-016  3.3224863012235654E-016 -3.6293124259149455E-002  1.4985842428093609E-015  4.7032690242389697E-016 -3.6293124259148705E-002 -1.2770275288621731E-015  7.2586248518304489E-002 -6.9344587119270795E-014 -1.1016897346364421E-001 -8.6692805711913374E-016 -4.3628295420803520E-016 -1.1016897346365308E-001 -3.1783386686356460E-016  2.2033794692730316E-001 -3.5421672283036274E-015 -2.2898822807532490E-015 -3.4736265955052810E-015  1.8669304608397397E-015  2.5237030548375662E-016  6.2377162735455927E-016  6.4303093118649034E-016 -2.8944377688623928E-016  7.3125625321705914E-016  1.0700658547569746E-015  8.4954047724306939E-016  4.4152621336130446E-016  1.7705330289161598E-015  3.3821115636528465E-014 -2.3418257821533878E-001  1.1258355359085682E-015  2.9837243786681870E-016 -2.3418257821535013E-001 -6.3892034024682006E-016  4.6836515643069154E-001  7.2054314960199866E-017  1.4424522754101511E-015  3.3159583880253398E-015 -1.0818412851585312E-014  2.2720705705497865E-016 -1.4229809718264297E-016 -6.7522255134889950E-015 -2.2676771570762490E-016 -3.5725301369467790E-015 -2.2712621017099606E-017 -3.0406271349091971E-017  1.2092056364727741E-016  6.5957665850607609E-016 -9.0993461423173323E-015 -2.3410578572818985E-016 -2.9234664697875030E-015  6.0672143488636820E-016  7.8306171121110281E-017  4.1968687216195318E-016  3.7395958558783656E-016  3.8529769083238472E-016  2.5765255476913649E-016  9.1645206912439396E-017  2.4932520905970514E-016  7.5356902495787593E-016  2.3482757088814044E-016  1.6777338155451990E-016  7.6884775724925954E-016 -5.8739642574778203E-014 -9.5442321156972005E-016  5.4735695774500899E-016  1.8196419643168024E-015  3.9656149832581379E-014 -1.0096974389567888E-014
-1.1658098544632601E-004  3.0381885971890996E-016  5.0723721013378728E-017  7.7165791551423111E-015  1.6585568953595340E-003 -1.3655526362462003E-016 -4.4902232973490085E-016  2.3460205986625985E-015  5.1374314755092991E-016 -1.8971271181307443E-016 -1.6760556406776817E-015 -4.0419994212973019E-016 -1.1398470677179129E-015  1.1551918078311796E-014  8.1301567199263071E-015  2.4085773093059715E-015  4.7990902695712756E-017 -4.9509888582964192E-015 -1.3745885743730492E-015 -3.5421672283036274E-015  3.8157824933559570E-002 -5.0610557411621241E-015 -1.9910288695523452E-015 -3.0997050061895555E-014  8.1995037103468670E-016  5.4702032483207768E-017 -1.5161010306637586E-014  6.6272504676239807E-017 -1.5435637498242574E-014  1.1168607774332281E-015 -8.8824511137990301E-017  6.9497823191522089E-016 -6.6829046046434313E-017 -9.7286171724147675E-015  1.7779808937953086E-014  5.0194568087048966E-015 -4.9318147585133907E-016 -1.0104176232239063E-014 -2.7788036951005828E-015 -6.6497825122869568E-015  1.3743703500668075E-001 -3.0149494012475976E-015 -8.9112744960927508E-015  1.7788338407907456E-016 -7.4115775889430649E-018  3.1430589403072168E-018  2.8283608435649731E-017 -8.9756485837182291E-018  1.3280840247209400E-017 -1.2670137840593729E-017  1.7466868724067575E-017 -1.6064103259584410E-017 -1.5990824983884451E-017  1.4914849345289972E-016  7.4459136152420320E-018 -1.0002359916999821E-017  8.6025973430452973E-018  1.1784242287467949E-016 -5.6308215182499618E-015  7.8735894939856207E-017  1.4850355177920670E-016 -2.8325348063096347E-015  4.0845661486932566E-017 -1.4969143030212086E-015  1.6375192798173963E-016  1.0976880252762469E-017  1.8225261076387357E-016 -2.2403334198104837E-017 -1.5948653679554947E-014  1.1590936130356912E-001 -3.8614944575242377E-015 -6.8400146657764652E-015  1.2366342445572486E-014 -3.0477437956947618E-015
