  0.12855567207192534       -4.0965920055787111E-008  -9.5154549296591603E-008   1.1854803458831867E-007  -1.2761978789905184E-008   1.0602931292508677E-008  -1.3601177224108028E-009   7.8065255198723634E-009  -7.9582842698700989E-009   4.9554485638586843E-009  0.26176709091007500        9.4460229832100031E-008   1.2673117756394345E-008  -1.3075104676403564E-007  -8.1297787436498809E-010  -4.3751589881209367E-010  -2.1712581371685862E-009   1.7040298738717535E-009  -2.2241020685830207E-009  -6.1329854420167142E-010   2.1209772163143573E-009  -2.2503583363635810E-009  -2.4080726730968968E-009   3.2956797276364490E-009  0.16440252730267635        4.4851563866504309E-008  -5.6848489021932511E-009   1.4672300362589151E-009  -1.9866415003001993E-009  -6.2107490117668750E-010  -4.9213429953352562E-010  -1.8138462142877924E-009  -9.7509704425625652E-010 -0.20962653407695525       -5.5855426601309797E-008   1.0607489559035830E-008   3.8208655488208252E-009  -4.3354763898591744E-009   1.0028881959966008E-010  -2.3003918540806341E-009   3.7539178923151335E-009  -1.5204703824545446E-009   3.4007000358238915E-008  -1.0109415490261609E-010   4.2295024242695052E-011  -2.2283630303163397E-010   2.9224954452955952E-010  -7.0842446754788509E-010  -1.5660948862593799E-010   6.6922495234871071E-010  -1.0439887585005570E-009  -9.4015412052204739E-010   9.4423461472452108E-010   1.7183219748047250E-008  -1.8911517760357680E-008  -2.6661670979155727E-002  -7.0343397433713024E-009   1.4468836528171979E-009   8.7997955120604409E-009
  -4.0965920055787111E-008  0.12855579890376015       -3.8797582983916178E-008  -1.8468238073608245E-007   9.4039782276330278E-009   4.4909728070917824E-009  -8.0496902237661925E-009   4.3082475016147681E-009  -2.0137108031768416E-008  -1.3712206487625416E-008  -1.5225608854857116E-007  0.26176717818334033       -1.2072255401569852E-007   1.2251072087936771E-007   1.0107766890071897E-009  -1.2651821935962949E-009   4.1114246393517801E-010   2.4096955361682433E-010  -2.5139800655958511E-009  -1.5970699462031508E-009   2.8715600888303345E-009   3.6729901274639040E-011  -2.5873947129877555E-009  -3.3382466220672935E-010  -8.3887169161507577E-008  0.16440259079562969       -6.6939368231384678E-008   4.7584781827332058E-009   4.4532835583244897E-009  -1.6855460037575800E-009  -3.8898892928346338E-009  -4.4378289371579745E-009  -8.6857712097315856E-010   1.0982639649894907E-007 -0.20962661931053714        8.8098196431511044E-008  -3.1652566245553905E-009  -2.2814007928541387E-009   3.6354897711603460E-009  -2.8101698706825395E-009   6.2586290698883915E-009   5.9754115091470073E-009  -1.7104138676508238E-008   2.1436119345680368E-010  -1.9973187278628202E-010   7.2251586418884308E-011   3.5478602141112352E-010  -8.8394661878151805E-010  -6.4238214719124368E-010   8.4438521810620672E-010   6.1293477628877890E-011  -9.3312352464709215E-010  -9.9537910773818514E-011   9.4473175038103765E-009  -6.7392163786210815E-009   1.3962777088858876E-008  -2.6661681915806403E-002   1.1207151248634363E-008   3.4232193306764470E-009
  -9.5154549296591603E-008  -3.8797582983916178E-008  0.12855568119320004       -3.2632073080276460E-008   4.3915011238749069E-009  -6.5518155843106143E-009   2.4692745578490391E-010  -1.4638171744283099E-008  -2.0285311753740040E-008   1.0246683023018435E-008  -1.4482545822729242E-007   6.5681065935761331E-008  0.26176709654895730       -1.1528539910920489E-008   1.5424700600500610E-009  -2.8949293330241331E-010  -8.4812554442730104E-010  -1.6799410143311527E-009  -2.6610649023072344E-009  -3.8950170658258174E-010   4.4527262803663846E-010  -9.1305463806574738E-010  -3.0790602405889532E-010   1.3127308442259296E-009  -8.7909020325879293E-008   3.0397914947563911E-008  0.16440253275926264        9.9420497639364845E-010  -1.7299887683572111E-009   4.0124251810035868E-009  -2.7755905446841553E-009  -8.4780468724596964E-009   1.7813934113232684E-009   1.1640138772267963E-007  -3.7126189554360189E-008 -0.20962654066765563       -7.3198811443879502E-010   3.3842764436378221E-009  -1.1889066751873994E-009   5.4569616850313585E-009   6.9939483641067602E-009  -4.7249822829341029E-009   1.1610938329241767E-008   3.0064446243890753E-010  -1.0823667841163104E-010  -2.9293065809474402E-010  -8.4121528744289007E-010  -9.6196025787134683E-010   4.3785745480476497E-010   1.6273041937768294E-010  -8.0313198645004994E-010  -1.1008923023169180E-010   8.1696522188585861E-010   1.6521164914731277E-008  -1.6021429962381953E-008   1.4854138947009496E-008  -4.6624287427393568E-009  -2.6661671821358018E-002   7.6247906354048323E-009
   1.1854803458831867E-007  -1.8468238073608245E-007  -3.2632073080276460E-008  0.50302765255515558       -4.1775255877588168E-010   5.7170164020690983E-009   3.7420845959050186E-009  -8.7786057988797132E-010   5.4208575597626828E-009   1.2958821699501798E-009   2.3675541429607052E-007  -2.9542843372057736E-007  -2.2010700836291807E-008  0.80299620920909809       -3.1552356919214835E-009   2.5149886267596714E-009  -2.6864320139768725E-009   1.9567967207194325E-009  -1.0362443512561086E-008   2.2763969571141801E-009   4.4853944847567927E-009  -3.7521320262494222E-009  -8.5327807308271030E-009   4.7990172276229134E-009   1.1752984428772014E-007  -1.4137011764810356E-007  -9.0187703711598988E-009   5.1532085987135549E-009   6.3140880112343355E-009   1.2176307368661172E-008  -8.7668679471572186E-009   6.1043969096723523E-009   3.6139099729915670E-009  -1.7397105051657518E-007   2.1823385155592293E-007   1.7652852438319895E-008  -1.1681694509579564E-009   9.2971367632009735E-010   1.4288581526261956E-010   4.9795783730581401E-010   9.4367496309351474E-010   6.7003667665886116E-010 -0.45510704770425858       -6.5989357821459156E-010  -9.3451330525308392E-011  -1.6270246857495451E-009   1.6429061616810991E-010  -4.3501071009864181E-009   7.2104973751571822E-010   1.7828410362202283E-009   1.2206085672044758E-010  -2.2984806593842440E-009   1.1217334372763519E-009 -0.54929700086941624       0.54036895126374829       -2.2499205633134474E-008   2.8323153847761277E-008   2.3343458750953047E-009 -0.25644063700556635     
  -1.2761978789905184E-008   9.4039782276330278E-009   4.3915011238749069E-009  -4.1775255877588168E-010   1.1072873354993798E-004   7.4267523951909010E-012   1.1217225510911965E-011  -5.5364355659254476E-005  -1.1692635066532036E-011  -5.5364377892109654E-005  -2.6093211109338446E-008   1.9092377352514279E-008   8.9244053681211040E-009  -6.8889321275024258E-010   4.9213502470763133E-011  -7.1709115704567866E-011  -1.5347121538009922E-011  -3.3106346167438817E-011  -4.7409047532103775E-014  -3.2920492384851313E-011   4.4848446588564002E-011  -1.6700947663072277E-012   1.1538631975578102E-011   1.2683889989875909E-011  -1.6261857205866220E-008   1.2037569147911759E-008   5.6084847121621179E-009   1.8229467771551612E-003   3.3501586219292887E-010   2.7625111653652785E-010  -9.1147329624917200E-004  -1.0020245258940495E-010  -9.1147348090613067E-004   1.9816982540226532E-008  -1.5528198132338150E-008  -7.1246298006392356E-009   1.3825475206781781E-002   2.5006953917387760E-009   2.0123200799446925E-009  -6.9127369693529374E-003  -7.0722594680982308E-010  -6.9127382374237585E-003   4.2789552658958679E-010   1.3340858204682815E-010  -2.0573405746877771E-010  -4.7543139859727915E-011  -8.9463611033003645E-011   8.2128065662534727E-014  -8.9522785108953545E-011   1.2711871660693228E-010  -1.8002525544819747E-012   3.5186431765848755E-011   3.6778406063774183E-011   6.6967252882663171E-010  -6.8031855617178174E-010   2.4851004458584888E-009  -1.9814429529367284E-009  -9.0487514729879899E-010   3.2618890886865421E-010
   1.0602931292508677E-008   4.4909728070917824E-009  -6.5518155843106143E-009   5.7170164020690983E-009   7.4267523951909010E-012   1.1072871950668913E-004   2.9066015172880371E-012   1.4718353483308188E-011  -3.0716823083175913E-012  -2.2144895008542988E-011   2.1749087097672749E-008   9.0867103772384257E-009  -1.3365977935240481E-008   9.0311338293498864E-009   4.3627362357652312E-011   4.9049558910199559E-011   2.9601578981193683E-012  -8.5057032062101923E-011  -9.7645420838108850E-012   2.6524783335817290E-011  -2.7475517066554191E-011   2.9921691558134852E-012  -1.2187285894086394E-011  -4.4366212116092925E-012   1.3474125267209038E-008   5.7652766763635757E-009  -8.3886587437226912E-009  -2.0506565328755808E-010   1.8229466548526439E-003  -9.9950449083407357E-011   4.0018598338859617E-010   2.5462615427239891E-011  -1.9512022377099618E-010  -1.6313719401272385E-008  -7.8548144263734183E-009   1.0505335912348093E-008  -1.5795590357756146E-009   1.3825474335715590E-002  -7.0982820172512897E-010   2.8285354335957317E-009   5.2049640943100690E-010  -1.2489765589286464E-009  -5.0228183326878043E-009   1.2699947287873912E-010   1.3324637991181752E-010   8.4780024374766695E-012  -2.4303619300138381E-010  -3.1550474618191362E-011   7.2648520521047053E-011  -7.4771621526014352E-011   8.4057746317373484E-012  -3.2929738552943699E-011  -1.2584433656205853E-011  -5.8012730657409430E-009   5.6469105903384863E-009  -2.0415256035546982E-009  -1.0181019263605496E-009   1.3289854000220189E-009  -2.6728075176327271E-009
  -1.3601177224108028E-009  -8.0496902237661925E-009   2.4692745578490391E-010   3.7420845959050186E-009   1.1217225510911965E-011   2.9066015172880371E-012   1.1072873337824671E-004  -3.2862794653256429E-011  -6.3846851323448347E-012   2.1645520657914853E-011  -2.7369976614710889E-009  -1.6415335146198882E-008   4.3941079382906154E-010   5.8520581059131423E-009   1.0386606071315525E-011   3.6865366653733325E-012   4.9106026076995082E-011   7.0591055095570784E-012  -5.6235053534489311E-011  -2.0994208537987810E-011  -4.7046186478820649E-012  -1.2732070487855036E-011   2.6254052197216009E-012  -2.7111592196315669E-011  -1.7664541348163863E-009  -1.0303108869985938E-008   3.4840955613619634E-010  -7.1869169006885592E-011   1.3640279197259509E-010   1.8229467617496939E-003  -2.9930683446363473E-010   6.2049337325734064E-011   3.7117608731129296E-010   2.2375877057991176E-009   1.2959022099852566E-008  -9.8668893291194565E-010  -6.2617882897825613E-010   1.0791986679627503E-009   1.3825475204797376E-002  -1.9178770605449174E-009   6.8748039849510474E-010   2.5440559103697081E-009  -3.1774627052029321E-009   3.1821030328502689E-011   8.7200617233278068E-012   1.3388610911170848E-010   2.0671615808751019E-011  -1.6108469269762642E-010  -6.3364005179231912E-011  -1.2513788225967537E-011  -3.4246996522370453E-011   8.0689633118789763E-012  -7.4266629098818736E-011  -3.3700754857719200E-009   3.2305219132589540E-009   2.8413066229539862E-010   1.6415420221686434E-009  -1.4621553891718733E-010  -1.5218658028257837E-009
   7.8065255198723634E-009   4.3082475016147681E-009  -1.4638171744283099E-008  -8.7786057988797132E-010  -5.5364355659254476E-005   1.4718353483308188E-011  -3.2862794653256429E-011   1.1072872732298214E-004   7.4555537447341745E-012  -5.5364371660701551E-005   1.5951400569298474E-008   8.9450231547374619E-009  -2.9857911509028734E-008  -1.3321227946261688E-009  -2.4351360692084330E-011   5.3631341522839628E-011   1.0096598305861676E-012   4.0348239468766413E-011  -2.5881769767150585E-013  -7.6774635569082868E-012  -8.0577113027233954E-011  -1.1902239049119055E-011   5.4474216983343638E-011   8.1188264427668173E-012   9.9487515486372213E-009   5.4459776725918724E-009  -1.8676764838989529E-008  -9.1147328517627679E-004  -1.1644675869392528E-010  -3.2034767765918789E-010   1.8229467473912190E-003  -1.2935809197855854E-010  -9.1147346221464589E-004  -1.2206455527896731E-008  -6.0613345726907053E-009   2.3563776554034460E-008  -6.9127368597178907E-003  -1.0196189135487086E-009  -2.1299785945951817E-009   1.3825474805442819E-002  -1.0133542820600785E-009  -6.9127379457375581E-003   6.6966483754243616E-010  -6.6041713251710310E-011   1.5428288899297299E-010   5.1792227459601757E-012   1.1021942509075834E-010   6.0296342587272226E-016  -2.1615168769963196E-011  -2.3008726919262756E-010  -4.0494526309944113E-011   1.5441158178464444E-010   2.6322455324971990E-011   4.9268083828787574E-010  -4.3360140102181519E-010  -1.5339811049421974E-009  -7.3739200642158021E-010   2.9869858483932142E-009   1.9852011331050717E-010
  -7.9582842698700989E-009  -2.0137108031768416E-008  -2.0285311753740040E-008   5.4208575597626828E-009  -1.1692635066532036E-011  -3.0716823083175913E-012  -6.3846851323448347E-012   7.4555537447341745E-012   1.1072869878974024E-004   4.2371235327752264E-012  -1.6230781512595595E-008  -4.1008444834345818E-008  -4.1215853808027278E-008   8.5598033021892546E-009  -5.1140735169974959E-012   2.4964429644584817E-012   1.4363199724087094E-011   3.6986950973996143E-012   3.1984841255924026E-011   3.1625457112245554E-012   1.0887567547423585E-011  -7.8233763458326320E-011  -1.7103605611297282E-011   4.7606283675002054E-011  -1.0186420885617666E-008  -2.5724894243670732E-008  -2.5973720277080241E-008  -1.0349700734819943E-010  -1.6006577305728441E-010  -2.2699296332391477E-010   2.6518208816743818E-010   1.8229464302447396E-003  -1.6168504200281113E-010   1.2807054743728745E-008   3.2451862819248441E-008   3.3420121346636951E-008  -7.4316548249294851E-010  -8.5161778730726849E-010  -1.4466774481523209E-009   1.9344733949294921E-009   1.3825473077459620E-002  -1.1913082119719039E-009  -4.7689400060264246E-009  -1.2738624816867706E-011   8.5050636947749830E-012   4.4148314034361839E-011   8.6586691565853268E-012   8.7830214198680889E-011   8.4319818865215270E-012   3.4690779843340984E-011  -2.2430664974487513E-010  -5.5047599643250796E-011   1.3428208710280777E-010  -5.5134373420953429E-009   5.3715041487851901E-009   1.6220863577849555E-009   4.1134171890531604E-009   4.2616300471136714E-009  -2.5428318687086737E-009
   4.9554485638586843E-009  -1.3712206487625416E-008   1.0246683023018435E-008   1.2958821699501798E-009  -5.5364377892109654E-005  -2.2144895008542988E-011   2.1645520657914853E-011  -5.5364371660701551E-005   4.2371235327752264E-012   1.1072874955121122E-004   1.0141800945632196E-008  -2.8037361327590092E-008   2.0933531394863331E-008   2.0214509707290959E-009  -2.4862141780580647E-011   1.8077774184370631E-011   1.4337461706039421E-011  -7.2418932995471120E-012   3.0622673911785666E-013   4.0597955942530706E-011   3.5728666439223601E-011   1.3572333813078953E-011  -6.6012848962306927E-011  -2.0802716429861310E-011   6.3131002558953606E-009  -1.7483522188765318E-008   1.3068296011358809E-008  -9.1147349200236311E-004  -2.1856563196061425E-010   4.4095762912135859E-011  -9.1147345109222747E-004   2.2956123951860999E-010   1.8229469430944359E-003  -7.6104927554223566E-009   2.1589502392381104E-008  -1.6439165964001456E-008  -6.9127383472419555E-003  -1.4810501496057045E-009   1.1765246087251220E-010  -6.9127378357120442E-003   1.7205854994578463E-009   1.3825476182961545E-002  -1.0976838884666909E-009  -6.7366868796852912E-011   5.1451168479976290E-011   4.2363917112932884E-011  -2.0755814055200498E-011  -8.2731031455865048E-014   1.1113795387869041E-010   1.0296855258031934E-010   4.2294778863368280E-011  -1.8959801354745218E-010  -6.3100861387335458E-011  -1.1624622936959319E-009   1.1139552392271315E-009  -9.5111394478677758E-010   2.7188311455626985E-009  -2.0821131048092613E-009  -5.2472105211578433E-010
  0.26176709091007500       -1.5225608854857116E-007  -1.4482545822729242E-007   2.3675541429607052E-007  -2.6093211109338446E-008   2.1749087097672749E-008  -2.7369976614710889E-009   1.5951400569298474E-008  -1.6230781512595595E-008   1.0141800945632196E-008  0.53301472670127692        5.2164283427923100E-008   1.2543135600653102E-007  -2.7378264157658783E-007  -1.6553778980165666E-009  -8.9079860593654025E-010  -4.4210203732858260E-009   3.4696567174074659E-009  -4.5286888481979205E-009  -1.2487198533278718E-009   4.3186306037945697E-009  -4.5820601780055896E-009  -4.9032503817351627E-009   6.7105028754981079E-009  0.33473565809251260        3.3792121095897557E-009   5.1149369151605364E-008   1.2184756781207518E-009  -1.4179907935473955E-009  -7.3000853799252856E-010  -8.2641599305751892E-011  -4.1227327728005685E-009  -1.1358367412501843E-009 -0.42785132207780768        2.2488365149574471E-009  -5.1770544465229360E-008  -5.6415254426970642E-009   1.1107135826141523E-008   4.2619330909617462E-009   2.2908476012356869E-009   4.3874768187905504E-009   3.3506845969455571E-009   7.0277236696820029E-008  -2.0515344234133302E-010   8.7134245334815869E-011  -4.5180509510103322E-010   5.9396319307851739E-010  -1.4420381652231985E-009  -3.1870461921826045E-010   1.3623408872325288E-009  -2.1266744242220939E-009  -1.9149055402504160E-009   1.9218830508719258E-009   3.5200388155624803E-008  -3.6819653018814481E-008  -5.4456266123961282E-002   5.7385489395406571E-010  -6.1344598139980266E-009   1.6993009864151035E-008
   9.4460229832100031E-008  0.26176717818334033        6.5681065935761331E-008  -2.9542843372057736E-007   1.9092377352514279E-008   9.0867103772384257E-009  -1.6415335146198882E-008   8.9450231547374619E-009  -4.1008444834345818E-008  -2.8037361327590092E-008   5.2164283427923100E-008  0.53301455625558503        4.8782877783655763E-008   3.7840011724063221E-007   2.0580728355077169E-009  -2.5761178795200616E-009   8.3718329420374539E-010   4.9064280512284041E-010  -5.1186428481897306E-009  -3.2518396261847366E-009   5.8468338722185975E-009   7.4813963389615088E-011  -5.2681815558258583E-009  -6.7976325334111706E-010   5.6730595002778308E-008  0.33473556854761261        4.8786347070978495E-008   8.7650766023479710E-009   8.1120342886024829E-009  -3.8357293662863898E-009  -5.0753861420929960E-009  -9.1214654607297019E-009  -3.6896664942203375E-009  -6.3541961988666840E-008 -0.42785122399165965       -5.3801504403519185E-008  -1.3464843920773685E-008  -1.1901920678511261E-008   4.3415372869217466E-009   1.5871521363372536E-008   1.2107878975156636E-008  -2.4067079526149223E-009  -1.0260561553175997E-007   4.3597376599835495E-010  -4.0580583907027235E-010   1.4685889046039264E-010   7.2360577333170620E-010  -1.7990500235229033E-009  -1.3085267855133771E-009   1.7184039669673916E-009   1.2567412190665774E-010  -1.8996622847972673E-009  -2.0313268203854725E-010  -6.0879398818943005E-008   6.1992641986681164E-008  -7.9806661741688666E-009  -5.4456254124888671E-002  -6.7313329146178930E-009  -2.8758639459737188E-008
   1.2673117756394345E-008  -1.2072255401569852E-007  0.26176709654895730       -2.2010700836291807E-008   8.9244053681211040E-009  -1.3365977935240481E-008   4.3941079382906154E-010  -2.9857911509028734E-008  -4.1215853808027278E-008   2.0933531394863331E-008   1.2543135600653102E-007   4.8782877783655763E-008  0.53301471184698912        4.7501393088672140E-008   3.1406479524447729E-009  -5.8944979613315812E-010  -1.7269170663080022E-009  -3.4205430754557075E-009  -5.4182977075091430E-009  -7.9308233791554580E-010   9.0660971055921048E-010  -1.8590520077480194E-009  -6.2690095673968024E-010   2.6728736976910180E-009   8.5126301618792108E-008   8.6202933447728129E-009  0.33473565266681948        1.7350834819368694E-009  -3.9369564181972639E-009   7.1232477466584053E-009  -6.5009875046421317E-009  -1.5790503281922207E-008   4.7659199865058383E-009  -9.3715295979457258E-008  -4.1897341980926417E-009 -0.42785131424092315       -3.6887417499405273E-009   3.7487182950834855E-009  -1.0367278328847289E-008   4.6721625805661493E-009   2.5426522817915290E-008  -9.8343857849819482E-010  -1.5603961770270272E-008   6.1119526150680585E-010  -2.2064720894385837E-010  -5.9626320920658738E-010  -1.7137531801764661E-009  -1.9584388184864111E-009   8.9374673513937877E-010   3.3096445522795129E-010  -1.6369285153580354E-009  -2.2338849056005986E-010   1.6645398469374846E-009  -1.3416179529131119E-008   1.3095846669380399E-008  -1.1588835199112927E-008  -2.7970289452994495E-010  -5.4456265128756093E-002  -6.1334203419897792E-009
  -1.3075104676403564E-007   1.2251072087936771E-007  -1.1528539910920489E-008  0.80299620920909809       -6.8889321275024258E-010   9.0311338293498864E-009   5.8520581059131423E-009  -1.3321227946261688E-009   8.5598033021892546E-009   2.0214509707290959E-009  -2.7378264157658783E-007   3.7840011724063221E-007   4.7501393088672140E-008   1.2831070798715072       -5.0353491007461257E-009   4.0122772602659844E-009  -4.2895470081094813E-009   3.1222975666854112E-009  -1.6542023953619266E-008   3.6333334284974104E-009   7.1599607556346658E-009  -5.9860212267485204E-009  -1.3618378924524137E-008   7.6589482795635610E-009  -2.2136842350259751E-007   3.0777880361249695E-007   3.7488347409340860E-008   7.7933102556213932E-009   8.3643486267662758E-009   1.7198725218419554E-008  -1.2702209086419114E-008   8.0674326858195048E-009   4.9093078899760781E-009   2.5107097064584956E-007  -3.3891094588629985E-007  -3.7482992808739888E-008  -5.1271305837266190E-009  -1.1447293701010867E-008  -1.6641034819154027E-008   1.0537234160732835E-008  -1.1137141994952704E-008  -5.4103917379320653E-009 -0.69897430512399483       -1.0426963338394636E-009  -1.5931487965149210E-010  -2.5910906452296980E-009   2.5497007146576436E-010  -6.9148497195970455E-009   1.1439542011311530E-009   2.8325843134172921E-009   2.1026999424270826E-010  -3.6409953833154588E-009   1.7745583216224977E-009 -0.83441387981859971       0.80434874965810221        3.1623966212039374E-008  -4.2484807186969104E-008  -4.6099805448399431E-009 -0.38063411949944792     
  -8.1297787436498809E-010   1.0107766890071897E-009   1.5424700600500610E-009  -3.1552356919214835E-009   4.9213502470763133E-011   4.3627362357652312E-011   1.0386606071315525E-011  -2.4351360692084330E-011  -5.1140735169974959E-012  -2.4862141780580647E-011  -1.6553778980165666E-009   2.0580728355077169E-009   3.1406479524447729E-009  -5.0353491007461257E-009   9.1731924860385733E-017  -3.8708352761016890E-017   2.1889352657149498E-017  -8.9037686727287347E-017   1.6606704341338894E-017  -3.4033686490964901E-017  -5.5723159347401449E-018   2.9877409748391510E-017   4.6184592525962230E-017  -3.8584353199651499E-017  -1.0407547498752477E-009   1.2971584063178676E-009   1.9806451933820289E-009   8.1020701197729063E-010   7.1824754892654872E-010   1.7099772703398142E-010  -4.0089768118863521E-010  -8.4187641880791284E-011  -4.0930933079003469E-010   1.2789720001738667E-009  -1.4528739249612890E-009  -2.1676205201190845E-009   6.1447195653092533E-009   5.4472868050549689E-009   1.2968701981811766E-009  -3.0404622801122330E-009  -6.3848899095751179E-010  -3.1042572851939929E-009   2.8858216687972207E-009   1.2346056480781150E-016  -4.0955508073246237E-017   1.4164752773645231E-018  -1.4395498892801188E-016  -1.8509152745288304E-017  -2.1684805651801068E-017   1.7213353612161487E-017   6.5649526674815491E-018   1.7861421743731649E-017  -5.9488853241305849E-018   3.4935211302032110E-009  -3.4554271370303186E-009   1.6084281767315834E-010  -1.7715077747863884E-010  -2.6210563247376904E-010   1.6410532680915145E-009
  -4.3751589881209367E-010  -1.2651821935962949E-009  -2.8949293330241331E-010   2.5149886267596714E-009  -7.1709115704567866E-011   4.9049558910199559E-011   3.6865366653733325E-012   5.3631341522839628E-011   2.4964429644584817E-012   1.8077774184370631E-011  -8.9079860593654025E-010  -2.5761178795200616E-009  -5.8944979613315812E-010   4.0122772602659844E-009  -3.8708352761016890E-017   9.9346719489797025E-017   3.6339834142816519E-018  -5.4434758777588619E-018  -1.8937088229765541E-017   5.7376172297101493E-017  -6.7698659030672572E-017  -1.1882489338263931E-017  -8.5197100769319811E-018   6.1479719136748970E-018  -5.6363192995852099E-010  -1.6214170106366924E-009  -3.7129700471076156E-010  -1.1805590809048977E-009   8.0751205121921487E-010   6.0690427311035259E-011   8.8294310067024471E-010   4.1094515896255977E-011   2.9761598023595010E-010   5.3605897350547488E-010   1.9145013455967947E-009   4.2549481070054264E-010  -8.9535197265892106E-009   6.1242808172318481E-009   4.6028399145687131E-010   6.6963599636019411E-009   3.1166566364936496E-010   2.2571597629810421E-009  -2.3290400332268162E-009  -3.4986562888888667E-017   2.0566386468103146E-016   2.8890765793359074E-017  -3.6637121771518197E-017  -2.5709314039271359E-017   8.3576507303227073E-017  -1.5295925276586243E-016  -4.9305566330006916E-018  -4.4757429484421072E-019  -1.7858925768883710E-017  -2.8290350100308976E-009   2.8152143899164462E-009   6.1246290089166941E-011   2.3769242899061539E-010   5.2297173182693106E-011  -1.3381137767538467E-009
  -2.1712581371685862E-009   4.1114246393517801E-010  -8.4812554442730104E-010  -2.6864320139768725E-009  -1.5347121538009922E-011   2.9601578981193683E-012   4.9106026076995082E-011   1.0096598305861676E-012   1.4363199724087094E-011   1.4337461706039421E-011  -4.4210203732858260E-009   8.3718329420374539E-010  -1.7269170663080022E-009  -4.2895470081094813E-009   2.1889352657149498E-017   3.6339834142816519E-018   8.4357191003239284E-017  -2.3373504888536517E-017   8.1453947569069877E-017  -5.9942647252186361E-018  -5.6545390538873479E-017   4.9785652311726491E-017   7.2229738680247035E-017  -9.9984357392474084E-017  -2.7836190725403037E-009   5.2506818106491665E-010  -1.0874564547775479E-009  -2.5266613702794263E-010   4.8736153036707471E-011   8.0844147115691671E-010   1.6622687618699665E-011   2.3646117360001759E-010   2.3604344940795029E-010   3.2424209099018229E-009  -7.0123710931360584E-010   1.2608714979221019E-009  -1.9162539599064460E-009   3.6962151843734199E-010   6.1313303408448079E-009   1.2606841018896205E-010   1.7933533294466922E-009   1.7901855497184528E-009   2.4058494556339029E-009   1.3065006588832705E-018   3.3087576035588275E-017   8.8612770985016919E-017   1.1416389922843663E-017  -2.2009982347470458E-017  -1.3169366875593815E-017  -2.6668835612738412E-017  -1.8453729347653400E-017   2.6924391844070779E-018  -5.2293507966347467E-017   2.8955087104481457E-009  -2.8336619623899468E-009   4.0073987151550587E-010  -9.0392660880250758E-011   1.5559268836565884E-010   1.3437895363693986E-009
   1.7040298738717535E-009   2.4096955361682433E-010  -1.6799410143311527E-009   1.9567967207194325E-009  -3.3106346167438817E-011  -8.5057032062101923E-011   7.0591055095570784E-012   4.0348239468766413E-011   3.6986950973996143E-012  -7.2418932995471120E-012   3.4696567174074659E-009   4.9064280512284041E-010  -3.4205430754557075E-009   3.1222975666854112E-009  -8.9037686727287347E-017  -5.4434758777588619E-018  -2.3373504888536517E-017   1.3533476372574470E-016  -3.4764806405440900E-017  -1.5878052056451047E-017   3.6249453103488340E-017  -4.1292695542095338E-017  -4.3190177629272274E-017   4.8199012918120375E-017   2.1852947295096947E-009   3.0942555952070442E-010  -2.1577499125125294E-009  -5.4503192905588153E-010  -1.4003134211031432E-009   1.1621580479201121E-010   6.6425521218724080E-010   6.0889896354321924E-011  -1.1922328313046271E-010  -2.5155195327147424E-009  -3.3853213475119981E-010   2.3357218405562788E-009  -4.1335961693251240E-009  -1.0620166992110714E-008   8.8139662433597439E-010   5.0378015985821312E-009   4.6179618581098127E-010  -9.0420542926184939E-010  -1.8005468301152148E-009  -1.4364346049607064E-016  -2.4437696291208003E-017   6.6494254571880820E-018   2.4987287107185443E-016   1.4168857143742794E-018  -5.7154834388953378E-017  -1.2661808383929217E-017  -3.0672468767469534E-017   4.1425325774714983E-017   1.7905589315350659E-017  -2.1832985949595998E-009   2.1658977606559154E-009  -3.0965497593554990E-010  -4.0930252409209678E-011   2.8129441697526759E-010  -1.0290471708054970E-009
  -2.2241020685830207E-009  -2.5139800655958511E-009  -2.6610649023072344E-009  -1.0362443512561086E-008  -4.7409047532103775E-014  -9.7645420838108850E-012  -5.6235053534489311E-011  -2.5881769767150585E-013   3.1984841255924026E-011   3.0622673911785666E-013  -4.5286888481979205E-009  -5.1186428481897306E-009  -5.4182977075091430E-009  -1.6542023953619266E-008   1.6606704341338894E-017  -1.8937088229765541E-017   8.1453947569069877E-017  -3.4764806405440900E-017   3.9526693659753333E-016   1.2484500787369710E-017  -1.8661601503520804E-016   1.1816366507099099E-016   2.6930836264725063E-016  -1.4878659585276206E-016  -2.8475999406921038E-009  -3.2345142348639860E-009  -3.4141408476162245E-009  -7.7981682920026925E-013  -1.6075145063605051E-010  -9.2580959438657039E-010  -4.2624065625844397E-012   5.2655842857847825E-010   5.0422233862078137E-012   3.4835438417644597E-009   3.2583541823662858E-009   3.8630604245726407E-009  -5.9122975849315808E-012  -1.2191595516588785E-009  -7.0214631666935231E-009  -3.2329312583798198E-011   3.9934888211779752E-009   3.8241610172702188E-011   9.3713360001536136E-009  -2.6965271357848510E-017  -5.6993777763360508E-018  -1.3729247799677907E-017   1.5710574966965601E-017   2.4995895364816601E-016   2.0467018254918794E-017  -4.5727128470018725E-017  -1.7172154349486689E-017   6.7048626371958550E-017   2.3032386422730774E-017   1.1309528643553965E-008  -1.1123347412013432E-008   4.3746458279827383E-010   3.8154377503428578E-010   4.7271673662086096E-010   5.2786057067535381E-009
  -6.1329854420167142E-010  -1.5970699462031508E-009  -3.8950170658258174E-010   2.2763969571141801E-009  -3.2920492384851313E-011   2.6524783335817290E-011  -2.0994208537987810E-011  -7.6774635569082868E-012   3.1625457112245554E-012   4.0597955942530706E-011  -1.2487198533278718E-009  -3.2518396261847366E-009  -7.9308233791554580E-010   3.6333334284974104E-009  -3.4033686490964901E-017   5.7376172297101493E-017  -5.9942647252186361E-018  -1.5878052056451047E-017   1.2484500787369710E-017   6.1539023559294442E-017  -2.8773312463376022E-017   1.2078335534001907E-018  -1.8773073514354474E-017   3.5675018091804429E-018  -7.8896635313823452E-010  -2.0497476578867295E-009  -4.9956699117809926E-010  -5.4197478429128329E-010   4.3668321498057137E-010  -3.4563347284210969E-010  -1.2639457798870209E-010   5.2059532720998973E-011   6.6836936228093946E-010   7.9960137588492933E-010   2.2877693855564129E-009   5.7244943120219997E-010  -4.1104097703741086E-009   3.3118648411201678E-009  -2.6213316620172872E-009  -9.5859374337827491E-010   3.9482558655529714E-010   5.0690035137531657E-009  -2.0711895346542851E-009  -2.1996288617776980E-017   7.9385258359308783E-017  -8.5498801247854092E-018  -5.6736951253210940E-017   2.3415724715372135E-017   8.6248045468776048E-017  -1.0432290050514138E-017   2.1864648581193757E-017  -6.5388971811022248E-017  -9.9242732436501473E-018  -2.5037520847228137E-009   2.4700442223139390E-009   9.3862614001311259E-011   2.7860327518652820E-010   7.0357591426408725E-011  -1.1726568114356599E-009
   2.1209772163143573E-009   2.8715600888303345E-009   4.4527262803663846E-010   4.4853944847567927E-009   4.4848446588564002E-011  -2.7475517066554191E-011  -4.7046186478820649E-012  -8.0577113027233954E-011   1.0887567547423585E-011   3.5728666439223601E-011   4.3186306037945697E-009   5.8468338722185975E-009   9.0660971055921048E-010   7.1599607556346658E-009  -5.5723159347401449E-018  -6.7698659030672572E-017  -5.6545390538873479E-017   3.6249453103488340E-017  -1.8661601503520804E-016  -2.8773312463376022E-017   2.0787998257002986E-016  -7.2663915773258140E-017  -2.1120106943043475E-016   9.6307009210227654E-017   2.7195812208061511E-009   3.6872795950300834E-009   5.7285377420929279E-010   7.3834808727608453E-010  -4.5233896844869268E-010  -7.7450253181496867E-011  -1.3265583207511189E-009   1.7925395967694555E-010   5.8821023347729459E-010  -3.1490349544650099E-009  -4.0361509280020265E-009  -5.7884037347847515E-010   5.5997305406989287E-009  -3.4306008637574471E-009  -5.8739389743948235E-010  -1.0060796489663617E-008   1.3594873023670551E-009   4.4610659489719474E-009  -4.0623693594779725E-009   1.7986589514461950E-017  -1.5774608215348904E-016  -2.7733334328009568E-017  -1.0806280230826298E-017  -5.0986125073496980E-017  -1.3325150211956979E-017   2.3773030475605000E-016  -1.2035819931373981E-017  -1.6120243808115421E-016   2.9642218945978613E-017  -4.9045567705281215E-009   4.8274010090216243E-009  -3.8841700422339056E-010  -4.8808055450580138E-010  -6.7865308995653806E-011  -2.2910874864694997E-009
  -2.2503583363635810E-009   3.6729901274639040E-011  -9.1305463806574738E-010  -3.7521320262494222E-009  -1.6700947663072277E-012   2.9921691558134852E-012  -1.2732070487855036E-011  -1.1902239049119055E-011  -7.8233763458326320E-011   1.3572333813078953E-011  -4.5820601780055896E-009   7.4813963389615088E-011  -1.8590520077480194E-009  -5.9860212267485204E-009   2.9877409748391510E-017  -1.1882489338263931E-017   4.9785652311726491E-017  -4.1292695542095338E-017   1.1816366507099099E-016   1.2078335534001907E-018  -7.2663915773258140E-017   1.3277857064876618E-016   1.0937136402895045E-016  -1.3607547922065913E-016  -2.8861091127519952E-009   4.5440281384971629E-011  -1.1744670347799570E-009  -2.7498428328264115E-011   4.9263689778457519E-011  -2.0961026953244174E-010  -1.9594829524431938E-010  -1.2879803289253844E-009   2.2344672357064186E-010   3.3139656435112492E-009  -1.2572694434625587E-010   1.1954686306324248E-009  -2.0855134631455743E-010   3.7362229716815788E-010  -1.5897120800344116E-009  -1.4860990672274290E-009  -9.7682180505018548E-009   1.6946504135449430E-009   3.4731245575563808E-009   1.1233993996100810E-017  -7.2122672203712988E-018  -2.3905761492243624E-017  -2.4610970006779975E-017   7.4334747055939282E-018   9.5388657275416588E-018  -2.7731920321581209E-017   1.9143618609808418E-016   4.4418509535937485E-017  -1.2486983900236481E-016   4.2182097959003415E-009  -4.1966778978905573E-009   4.0759416816286557E-010  -1.8564343235102170E-011   1.4057913770637296E-010   1.9946842190501301E-009
  -2.4080726730968968E-009  -2.5873947129877555E-009  -3.0790602405889532E-010  -8.5327807308271030E-009   1.1538631975578102E-011  -1.2187285894086394E-011   2.6254052197216009E-012   5.4474216983343638E-011  -1.7103605611297282E-011  -6.6012848962306927E-011  -4.9032503817351627E-009  -5.2681815558258583E-009  -6.2690095673968024E-010  -1.3618378924524137E-008   4.6184592525962230E-017  -8.5197100769319811E-018   7.2229738680247035E-017  -4.3190177629272274E-017   2.6930836264725063E-016  -1.8773073514354474E-017  -2.1120106943043475E-016   1.0937136402895045E-016   2.9187523413782945E-016  -1.3535747401370782E-016  -3.0850679014789089E-009  -3.3255547241822197E-009  -3.9727082927024807E-010   1.8996152508479002E-010  -2.0063566341773813E-010   4.3220544836060375E-011   8.9682193143732777E-010  -2.8158824716098489E-010  -1.0867834565264475E-009   3.6888139440785120E-009   3.5005522245994578E-009   3.5110771798731387E-010   1.4406955147238710E-009  -1.5216469399808396E-009   3.2779181732293826E-010   6.8016171003243506E-009  -2.1356040276443119E-009  -8.2423126150517315E-009   7.7792834007178744E-009   1.0855105650968490E-017   5.9746325573693971E-018   8.3174864451641387E-018   5.1135342794930673E-017   9.4114214529677611E-017  -6.5699130865999961E-017  -1.6598925895942492E-016   2.1078192910997481E-017   2.1672320416152710E-016  -2.1910261153027909E-017   9.4091917661057136E-009  -9.2918554144023030E-009   4.5986973110619941E-010   4.1713610664031165E-010   3.8754609532408597E-011   4.4119315646661701E-009
   3.2956797276364490E-009  -3.3382466220672935E-010   1.3127308442259296E-009   4.7990172276229134E-009   1.2683889989875909E-011  -4.4366212116092925E-012  -2.7111592196315669E-011   8.1188264427668173E-012   4.7606283675002054E-011  -2.0802716429861310E-011   6.7105028754981079E-009  -6.7976325334111706E-010   2.6728736976910180E-009   7.6589482795635610E-009  -3.8584353199651499E-017   6.1479719136748970E-018  -9.9984357392474084E-017   4.8199012918120375E-017  -1.4878659585276206E-016   3.5675018091804429E-018   9.6307009210227654E-017  -1.3607547922065913E-016  -1.3535747401370782E-016   1.7594885746865492E-016   4.2259676550613326E-009  -4.2523234273052674E-010   1.6859705712839698E-009   2.0882243383774297E-010  -7.3045075851450418E-011  -4.4634318896254173E-010   1.3366104173400531E-010   7.8375571273552765E-010  -3.4248347556933757E-010  -4.8868444736955765E-009   6.1638123046798849E-010  -1.8308522049454801E-009   1.5837370972023803E-009  -5.5398355065867242E-010  -3.3851281831734598E-009   1.0137041598129381E-009   5.9441102444781241E-009  -2.5974412570182442E-009  -4.3819239008785127E-009  -9.3470611131415394E-018  -1.9286375405798226E-017  -4.8229872219526170E-017   9.8345411487706198E-018   1.0864585489355971E-017   2.7060377400027046E-018   4.0548016751788765E-017  -1.2893354894932650E-016  -3.5114486170065993E-017   1.3204987646810741E-016  -5.3022471443100226E-009   5.2401004439799564E-009  -6.0249694185054278E-010   8.1211506246391695E-011  -2.2075260143186868E-010  -2.4883488080601956E-009
  0.16440252730267635       -8.3887169161507577E-008  -8.7909020325879293E-008   1.1752984428772014E-007  -1.6261857205866220E-008   1.3474125267209038E-008  -1.7664541348163863E-009   9.9487515486372213E-009  -1.0186420885617666E-008   6.3131002558953606E-009  0.33473565809251260        5.6730595002778308E-008   8.5126301618792108E-008  -2.2136842350259751E-007  -1.0407547498752477E-009  -5.6363192995852099E-010  -2.7836190725403037E-009   2.1852947295096947E-009  -2.8475999406921038E-009  -7.8896635313823452E-010   2.7195812208061511E-009  -2.8861091127519952E-009  -3.0850679014789089E-009   4.2259676550613326E-009  0.21148657599912113        1.6945695356459619E-008   3.5676100854231437E-008   3.1878134506441581E-009  -4.2495536022890089E-009  -1.2253967815218242E-009  -1.3829595000718549E-009  -2.3990335522658855E-009  -1.8048556219800932E-009 -0.21460111323229566       -2.2383067806889132E-008  -4.6583365734602057E-008   1.5066086217124672E-008  -1.9022359653253430E-008  -3.3013315636915215E-009  -8.7482591220533679E-009   4.2018660929471211E-009  -6.3178234411900077E-009   7.6332937905712884E-008  -1.6626522186764563E-010   3.1638797062809042E-013  -3.8793542034678934E-010   4.3320879181229361E-010  -9.3077237933667656E-010  -2.1013188355521062E-010   8.7415927390068295E-010  -1.2879280083421573E-009  -1.1731236149683730E-009   1.2491135339584454E-009   6.0934438190190749E-008  -6.3788276416853511E-008  -2.5203926750798137E-002  -2.8535376563079087E-009  -6.0078588827868310E-009   3.0115603792065656E-008
   4.4851563866504309E-008  0.16440259079562969        3.0397914947563911E-008  -1.4137011764810356E-007   1.2037569147911759E-008   5.7652766763635757E-009  -1.0303108869985938E-008   5.4459776725918724E-009  -2.5724894243670732E-008  -1.7483522188765318E-008   3.3792121095897557E-009  0.33473556854761261        8.6202933447728129E-009   3.0777880361249695E-007   1.2971584063178676E-009  -1.6214170106366924E-009   5.2506818106491665E-010   3.0942555952070442E-010  -3.2345142348639860E-009  -2.0497476578867295E-009   3.6872795950300834E-009   4.5440281384971629E-011  -3.3255547241822197E-009  -4.2523234273052674E-010   1.6945695356459619E-008  0.21148653126290504        1.6596210944863124E-008   6.2826632896947582E-009   6.2109949126152076E-009  -2.2334300246836731E-009  -6.2953240347852743E-009  -5.0271527178172901E-009   1.2675693237277654E-011  -2.1416656287243304E-008 -0.21460105498123128       -2.0841600838676524E-008  -2.0000145680671807E-009   1.3972653349609435E-009   4.0653200171955371E-009  -1.4393291784873511E-008   1.2428655933153026E-008   1.6393286925893788E-008  -1.1017419763501236E-007   3.0131544094492233E-010  -3.0277134885961318E-010   1.0620677473744850E-010   3.9071999716485041E-010  -1.1759975921355569E-009  -7.9497760078763594E-010   1.1301293092146993E-009   3.2165132962592087E-011  -1.2134481340235262E-009  -1.0313545556706271E-010  -9.3138099129071699E-008   9.6492311536615692E-008  -2.8645593122189297E-009  -2.5203919206815931E-002  -2.7704237244435837E-009  -4.5584456057543467E-008
