  0.12545502930952096       -3.2057126298765466E-009  -2.5720230348765722E-009   1.2852862230899900E-015   6.6411791522104802E-002   6.6999783244412072E-010   3.4274635476803036E-010   1.8951471345186413E-016   3.5631301918047196E-017  -1.5452624590441755E-017   1.2511835122823442E-016  -8.7999254016644464E-017   2.4217804920875726E-016   2.2176374739053943E-015   4.6225208825850489E-002  -3.3094700888081579E-010  -2.8636808960355786E-010   2.9908728584972861E-011  -6.2259936474181831E-011  -9.2057729995133953E-011   1.2073357742701309E-010  -1.1119175177027759E-010  -1.6087351351468854E-010  -3.3466825395067481E-013   3.3272747495736373E-011   6.2710345218036390E-011   4.3816144218330691E-011   3.2099894222411965E-016   6.4697084344813822E-016  -3.2666701819872599E-016  -5.7010516570568616E-016  -1.1858495143493533E-015   7.9275502574585970E-016  -4.7316687321043119E-002   1.0377460815639216E-010   5.4800212459161755E-011   8.1682876876365886E-016   3.5006512369124193E-015  -1.7524893441531148E-015  -3.9850272489125668E-015  -6.4220894140798437E-015   3.3924505684732165E-015   5.5530213654488206E-012  -1.2077233956716737E-011  -1.4423996925464082E-011   1.6637447436527288E-011  -1.9905079908603960E-011  -2.4090264850639886E-011   5.0690857359674033E-012  -1.5297552956273450E-012   5.2765367879877367E-012   1.1891186458177172E-011  -4.7131361033564965E-015  -8.3266329380230306E-015   1.8396116129318897E-014  -7.4283649502500659E-003   1.2250132836636109E-011   3.1024261722403477E-012  -1.3681453828663804E-014
  -3.2057126298765466E-009  0.12545503230112307       -3.7924054682910879E-009  -1.5476651317108013E-015   5.5181163212500828E-010   6.6411790940185428E-002   5.8523199877154401E-010   1.4730398702181712E-016   2.2577017216130144E-017   2.2834573845462306E-017   1.4862226634395089E-016   2.4704014764068871E-019   1.8461729953466384E-016  -1.8005824436085374E-015  -3.6638368251430810E-010   4.6225209170184113E-002  -4.3158251180406586E-010  -3.5455721636693263E-012  -2.8917581081084291E-011  -2.4617386776646622E-012  -1.4600641097347298E-011  -8.3639462745499973E-011   1.9356968335001879E-011   1.0507101938586853E-010  -1.2321197082275522E-010  -1.1205394225086823E-010   9.3671168169252631E-011   6.9242506704435955E-017   1.7438391843360389E-016   9.2776669133112132E-017  -4.6540606151721418E-017   8.6725742216649531E-018   3.2557705135509836E-016   1.4792238583238013E-010  -4.7316687381433749E-002   1.0779621350580702E-010  -1.5199639924370028E-016   9.5641338280699378E-016   5.3439982990022339E-016  -7.7442066006859072E-016   7.3871774298969641E-017   1.2585935350153133E-015  -4.5759838145414703E-012  -2.1926358344189807E-012  -5.7098541214312281E-012   4.8759170532055410E-012  -1.5770548913951184E-011   1.2633507137178601E-012   9.1229232913836125E-012  -1.6864112688976726E-011  -1.0046995396560521E-011   1.6825356702860155E-011   6.3461049688291847E-016   9.1877230834311473E-016  -1.4318536268166709E-015   1.9187914204674002E-011  -7.4283649540419954E-003   9.8734953363868209E-012   1.0610501392923365E-015
  -2.5720230348765722E-009  -3.7924054682910879E-009  0.12545502389313840        6.2762932631909675E-016   5.9673023732996996E-010   8.3603216777385390E-010   6.6411792529650432E-002  -1.4382111172009899E-016   5.8482743092322487E-017   4.2788854726408306E-017  -5.7621677206703888E-017   2.2364388442279181E-017  -8.0689269350045822E-017   1.6190543275642206E-016  -2.1179777701132520E-010  -3.5777940898091957E-010   4.6225208272412284E-002  -8.1931897660944265E-012   1.0609107969529342E-011   6.5210568745117128E-011   3.6749579131970313E-011  -5.6703625323827304E-011  -2.5756911899262275E-011   3.6383872035276016E-011   1.9044948211754396E-010  -5.9422726917328846E-011  -1.9055839376501210E-010  -7.7287067241776998E-016   6.0808740451710536E-016   5.0653829592597573E-016   5.4324673295543080E-016   2.8267225698917076E-016   2.1093641819156483E-016  -3.8901945328942117E-011   1.5480237968429647E-011  -4.7316687343613911E-002  -4.0951837863869371E-015   3.3117256149108992E-015   2.7523721601548871E-015   3.0830732771397450E-015   1.5340805169062325E-015   1.2716002506749061E-015  -1.7528228991023219E-012  -4.5812635058972519E-012   8.1712790132302863E-012  -1.1563285896679297E-012  -6.2515626267042828E-012   3.5079372617279551E-012   3.4349352481402940E-012   3.4169823558102577E-011  -2.7161802016339113E-014  -3.1558445695439944E-011  -2.2065115097126584E-015  -3.5868375637066288E-015   8.3485382216084859E-015  -1.1616010958351203E-011  -4.6188899683869648E-012  -7.4283649669210500E-003  -6.2110394772051788E-015
   1.2852862230899900E-015  -1.5476651317108013E-015   6.2762932631909675E-016  0.49173305275622003       -2.2676368971098815E-015  -9.9391953541422718E-016  -2.3992903415144586E-015  -3.9177187544875264E-009   9.7073912409434496E-009   1.1695479194824705E-008  -1.3850536502227838E-008   1.4911242976867909E-008   1.7768315650105945E-008  0.70662873294660089       -7.6460478024514954E-016  -1.4409331278803352E-015   2.6002350525463143E-015   5.7468887335807643E-016   5.8885664371161233E-016  -4.4344937557110966E-016  -2.5644180968509486E-016   1.4042087822350426E-016  -7.0477356749825014E-017   3.9715495716754157E-016  -3.6544614028123212E-016   1.1313384073313067E-016  -5.4924514707536691E-016  -1.0108576009888589E-009   2.1944152490769033E-009   2.8343160469368342E-009  -3.5303434628940090E-009   3.6106764681393316E-009   4.5412931264750404E-009   2.8353577748237700E-015   3.8475611769401643E-015   7.0787681546565560E-015  -3.2262351275352800E-009   5.5627176978424012E-009   7.9149169377696194E-009  -1.0945989919386433E-008   1.0281710698382794E-008   1.4172237748677879E-008  -3.6429854394522729E-016   2.8222303578302283E-017  -4.9468922242849799E-017   4.6975904901616398E-016  -1.8483721545642892E-017   2.1015763441750445E-016   2.8916218561710104E-016   1.2083690274344847E-017   1.4614125803022442E-016  -6.4502947995436849E-016 -0.31521335740069656      -0.41454787023350875       0.71106060010300631        5.2307217777884324E-016   6.7362267714773505E-016   1.3323944460520576E-015 -0.52368774067250268     
   6.6411791522104802E-002   5.5181163212500828E-010   5.9673023732996996E-010  -2.2676368971098815E-015   3.5156565867846379E-002   1.5445636410762170E-009   1.2173488298015775E-009   6.4774360033492489E-017  -5.6970976003313249E-017   5.7283858770491906E-017   1.8048041747951365E-016   1.1427760494771575E-016   4.9989118563833250E-017  -2.7463099154751726E-015   2.4460134829795383E-002   6.6208805322409074E-010   5.8138765978343327E-010   1.5837090514641276E-011  -3.2968428625868427E-011  -4.8752090623065400E-011   6.3926951942505096E-011  -5.8863649791870816E-011  -8.5181596428867674E-011  -1.7532277715215893E-013   1.7638825096420447E-011   3.3204391762363858E-011   2.3190673627346029E-011  -2.9562926696941853E-016  -6.3258715094697842E-016   6.6884957087545702E-016   1.1732120516705349E-015   1.4413591509394246E-015  -5.8827854254703458E-016  -2.5929487604868764E-002  -5.6398313739549702E-011   2.6053346554496919E-010  -2.0902786804069386E-015  -3.4290185332641492E-015   3.6338386202125919E-015   5.8781980004658550E-015   7.8116838711478810E-015  -3.6686376869562331E-015   2.8868561894795917E-012  -6.2607388861941484E-012  -7.4710467574823861E-012   8.6714823549698129E-012  -1.0387929811213409E-011  -1.2546013404065611E-011   2.6144185811446753E-012  -8.6653774253627146E-013   2.7532314444205169E-012   6.2144482325284674E-012   8.3049729913665603E-015   1.4589031485012657E-014  -3.2836099724287090E-014  -4.0949761319443376E-003   9.2778590725206861E-012   6.4678626111815482E-011   2.4447820647576334E-014
   6.6999783244412072E-010   6.6411790940185428E-002   8.3603216777385390E-010  -9.9391953541422718E-016   1.5445636410762170E-009   3.5156564414177603E-002   1.8141643401252730E-009   7.9750823551560377E-017  -1.3632017926231122E-017  -8.5765554596243582E-019   1.1220765584964723E-016   2.4532734523663893E-017   6.2650211742123065E-017  -1.1571409867321310E-015   6.8685839616453106E-010   2.4460134202240677E-002   8.3406543817180620E-010  -1.8432041576496177E-012  -1.5314400445391249E-011  -1.2706319421821279E-012  -7.7838592809038194E-012  -4.4276476577880347E-011   1.0256481928215540E-011   5.5675408174452120E-011  -6.5254748627112423E-011  -5.9384084256041349E-011   4.9584834821493782E-011   5.6491982001103096E-017  -2.3267631615161464E-016  -1.1345349572805406E-016   3.9647695105799051E-016   3.2336882038560126E-016  -2.6918675890674364E-016  -7.9227261785460604E-011  -2.5929487828724909E-002   2.3751449731595983E-010   3.0215380744196415E-017  -1.2556006154649310E-015  -5.9991885538302964E-016   1.8749939684681341E-015   1.7646270214172324E-015  -1.7276554078978196E-015  -2.5165469821926930E-012  -1.1334323129864376E-012  -3.0948248399185629E-012   2.7457843249071358E-012  -8.2383345121529233E-012   6.3048653958816242E-013   4.6008705173079706E-012  -8.7011770670812738E-012  -5.0392521291999174E-012   8.7920693459269725E-012   1.6568049320096607E-015   2.8845297588348832E-015  -6.2288396628257673E-015   5.6528989014324353E-012  -4.0949761918258835E-003   6.8026258309980243E-011   4.6365036001993551E-015
   3.4274635476803036E-010   5.8523199877154401E-010   6.6411792529650432E-002  -2.3992903415144586E-015   1.2173488298015775E-009   1.8141643401252730E-009   3.5156568450646790E-002   1.5892924070832604E-017  -7.5104547529357678E-017  -6.8958544880927184E-017  -6.7433503444784185E-017  -1.6497150069522738E-017  -9.4274648980047151E-017  -3.6371448203572164E-015   5.2730509063201940E-010   7.8074703597939688E-010   2.4460135991820849E-002  -4.3113011644183945E-012   5.6474489631973536E-012   3.4541565353754888E-011   1.9480192370773371E-011  -3.0035656114329835E-011  -1.3695789828665574E-011   1.9287699618543698E-011   1.0081781334445070E-010  -3.1524365191043105E-011  -1.0089126661996041E-010   7.7343991822359935E-016  -1.0307991834988407E-015  -9.1388023216640091E-016  -2.0756750704811308E-016  -2.1465345890764349E-016  -5.7260110020883640E-016   3.0894290520039162E-010   2.8526389265125445E-010  -2.5929486765475265E-002   4.2260845175746174E-015  -5.5794993122789026E-015  -4.9454030361277332E-015  -1.0487457751788717E-015  -1.1623584575219916E-015  -3.0381835151016725E-015  -1.0304527190999395E-012  -2.4984822222430076E-012   4.2065571599419433E-012  -6.6779843440423087E-013  -3.2020009068479835E-012   2.0502694863750404E-012   1.6846229601875300E-012   1.7882710047385524E-011   2.3833645442091913E-013  -1.6463972392422948E-011   6.2343230917353924E-015   1.0873731331334573E-014  -2.3824764414460152E-014   7.2335404259230651E-011   7.5578555854942175E-011  -4.0949759434893273E-003   1.7725825044038695E-014
   1.8951471345186413E-016   1.4730398702181712E-016  -1.4382111172009899E-016  -3.9177187544875264E-009   6.4774360033492489E-017   7.9750823551560377E-017   1.5892924070832604E-017   3.3867484456463233E-004  -1.9198985201550883E-012   1.4774658554569113E-012  -1.6933741381424392E-004  -1.1470021584542731E-011  -1.6933743074835645E-004  -5.4799224828167532E-009   6.2877451783286588E-017   3.0343913544117437E-017  -4.9312247425390136E-017   2.2763554732601374E-018   3.4053629176724814E-018  -2.1752047043710138E-017  -1.1367081951737697E-018   5.3891819470951760E-018  -6.3122008154124536E-018   6.3967699997305067E-018  -3.8443250306642111E-018   9.9327311060187193E-018   5.4699739836654098E-018   4.3455334229728845E-003  -2.7048559179816129E-011  -5.9006035875598553E-012  -2.1727666841799115E-003  -6.6017238600214845E-011  -2.1727667387915280E-003  -2.0116701875151218E-015  -5.6186627735302494E-016  -1.2782719576823773E-016   2.3549392606003451E-002  -7.5186651147121917E-011   3.2868874250884605E-011  -1.1774696027896847E-002  -4.0913115838311824E-010  -1.1774696578096221E-002  -5.3863058666017633E-018   3.7806226110539473E-018   1.2026239621348827E-018   7.6610124578018152E-018  -3.3524429223994925E-018  -5.4617249360093160E-018   4.7406280853512249E-018  -8.0225908864003848E-018   4.1898820529457438E-018  -1.5747140177048139E-017   2.4482934837222828E-009   3.1339319617590676E-009  -5.3590512546065581E-009  -3.6899270122638743E-016  -1.0252878017812883E-016  -2.4149749152719308E-017   3.9455109279288805E-009
   3.5631301918047196E-017   2.2577017216130144E-017   5.8482743092322487E-017   9.7073912409434496E-009  -5.6970976003313249E-017  -1.3632017926231122E-017  -7.5104547529357678E-017  -1.9198985201550883E-012   3.3867484117092091E-004   2.3825037752275786E-012   7.0304697545382484E-012   1.6770485651679854E-012  -5.1105946410672045E-012   1.3663305672479034E-008  -5.6953054466995433E-018  -1.2602502016245795E-017   1.3239011663849777E-016  -4.3036470743552579E-019   1.2087388386334073E-017  -1.8861830907110445E-018   9.4906063943005120E-018   2.9696062459575759E-018  -1.1769736544656115E-017   7.0848475719926713E-018   3.1398882015436119E-018   1.2151987893361423E-019  -3.4910195406667299E-017  -2.1587603349586605E-011   4.3455334216704819E-003  -7.8581868517575095E-012   5.9196196252025338E-011  -1.0622642037984531E-011  -3.7608650673261180E-011  -3.3092290710658578E-016   6.4700891628401522E-016   1.5682103199361350E-015  -4.2888649978675836E-011   2.3549392475601484E-002   1.1081378853197327E-010   2.9327512170204418E-010   5.6284912379193620E-011  -2.5038657075199478E-010  -3.9386019835246791E-018  -6.2736608197122625E-018  -8.4336148054114416E-018   6.9641186079719581E-019  -4.5334677079017280E-018   1.6510989434742093E-018   4.6715371096893407E-018  -6.0664524594827443E-018   9.4276660308989952E-018  -5.6118374591774572E-018  -6.0933297445830146E-009  -7.8265338317087014E-009   1.3382662310455415E-008  -6.1171368363420973E-017   1.1869178818972486E-016   2.9004867409061780E-016  -9.8530140182727011E-009
  -1.5452624590441755E-017   2.2834573845462306E-017   4.2788854726408306E-017   1.1695479194824705E-008   5.7283858770491906E-017  -8.5765554596243582E-019  -6.8958544880927184E-017   1.4774658554569113E-012   2.3825037752275786E-012   3.3867485606330864E-004  -1.0073418200872903E-011   4.0920234117549923E-012   8.5959574886240652E-012   1.6418435222886435E-008  -1.9702969827043553E-017   2.5524825547513481E-017   3.1063901709504846E-017  -2.0954783973341734E-018  -3.8284832660792311E-018  -4.4153720178442588E-018  -3.3355651918786059E-019  -6.5311207966715889E-018  -3.0875736863633000E-019   8.4598994042199526E-018   8.8759145666861692E-018   7.7552784160296697E-018   3.9981043468143453E-018   3.0668260996517525E-012  -1.2043134701397185E-011   4.3455334654573883E-003  -6.5943395631848938E-011   1.2927203488452089E-011   6.2876600334683669E-011   3.6679093823367631E-016   6.5528321195160567E-016  -1.2697669176585523E-015   8.3149591463607005E-011   8.5818081511346438E-011   2.3549393024015701E-002  -3.9161008142971127E-010   1.1454904771728316E-010   3.0846051166906745E-010   1.2407772767256922E-018   1.8891228797203218E-018  -3.4557407726569958E-020  -3.5098386831822930E-018  -1.5582396699440726E-018   5.8875920669213503E-019  -1.1491926114210992E-017  -5.8091376598112898E-018   6.0362796991199964E-018   1.0029440276421345E-017  -7.3287244169948894E-009  -9.3997310186977263E-009   1.6074289554539413E-008   6.7407151134777586E-017   1.2139493678159811E-016  -2.3400808919677737E-016  -1.1834634261947141E-008
   1.2511835122823442E-016   1.4862226634395089E-016  -5.7621677206703888E-017  -1.3850536502227838E-008   1.8048041747951365E-016   1.1220765584964723E-016  -6.7433503444784185E-017  -1.6933741381424392E-004   7.0304697545382484E-012  -1.0073418200872903E-011   3.3867483606302623E-004   2.6845222929233403E-012  -1.6933742225067614E-004  -1.9389182295350632E-008   4.9781404844274579E-017   8.0581406908354371E-017  -4.4329990539722009E-017  -2.8626970875391687E-018  -2.5109213944015831E-017   4.1719331695674529E-018  -4.1716052082493559E-018  -6.9350514637761404E-018   8.4070719452950002E-018  -1.5892529689029390E-017  -1.6203693801816095E-017  -1.6334495102523910E-017  -1.8646580071742953E-017  -2.1727666730795934E-003   4.0698660063831655E-011  -5.2415489021227553E-011   4.3455333707146156E-003   2.9012285251867830E-012  -2.1727666976366594E-003   1.5879227388543823E-015  -1.8471139896209703E-015  -4.3109104519669130E-015  -1.1774695964371395E-002   1.8798185775376555E-010  -3.1336086554702903E-010   2.3549392309930320E-002   8.7929191701672581E-011  -1.1774696345568861E-002   4.2815343547571619E-018   1.9960051727094186E-018  -8.5786856815854395E-018  -8.6202923713725456E-018   6.0658130300926730E-019   5.0946537187002721E-018  -2.1002217752977117E-017   4.4298357617446112E-019  -2.3472649281339603E-018  -3.1458657424432392E-018   8.6633798627536550E-009   1.1095748357928351E-008  -1.8976793801181127E-008   2.9456364673042998E-016  -3.3795337916500595E-016  -7.9604895581488679E-016   1.3971489238132990E-008
  -8.7999254016644464E-017   2.4704014764068871E-019   2.2364388442279181E-017   1.4911242976867909E-008   1.1427760494771575E-016   2.4532734523663893E-017  -1.6497150069522738E-017  -1.1470021584542731E-011   1.6770485651679854E-012   4.0920234117549923E-012   2.6845222929233403E-012   3.3867486188095779E-004   8.7854599806850540E-012   2.0926751703233768E-008  -4.0820042141422229E-017   3.2928006918699647E-017   3.3438152660355633E-017  -2.5459233936456720E-018  -1.0205227179189996E-017   1.0076200960898342E-017   5.3988121218757023E-018  -3.6526126322686718E-018   4.6792413001109353E-018  -1.5703938158070836E-018  -9.6666544724737127E-019  -7.1957217678521526E-018  -1.5509569115938383E-017  -6.3776620175314635E-011  -5.6488084274205340E-012   2.4011189402270318E-011   7.5380443147659520E-012   4.3455335356711580E-003   5.6238531070230881E-011   9.8397916229752368E-016   1.0835987508057685E-015  -1.6246512874261088E-016  -3.9670441163948204E-010   8.3527624413677929E-011   1.7876469523772156E-010   1.1315855574248048E-010   2.3549393205082526E-002   2.8354590180364055E-010   8.9176407405462007E-018   1.6545085018141039E-017  -8.6538975951137069E-018  -1.3686631573689451E-017   2.7284726595333301E-018   5.1576970530262346E-018   2.4780987875897646E-019  -6.0672292034299558E-018  -1.0251396683360746E-017   4.0971510124175027E-018  -9.3417811444233244E-009  -1.1979142835964245E-008   2.0485183658199677E-008   1.8084764446349802E-016   2.0054299344957002E-016  -2.9204666848163195E-017  -1.5082107013852685E-008
   2.4217804920875726E-016   1.8461729953466384E-016  -8.0689269350045822E-017   1.7768315650105945E-008   4.9989118563833250E-017   6.2650211742123065E-017  -9.4274648980047151E-017  -1.6933743074835645E-004  -5.1105946410672045E-012   8.5959574886240652E-012  -1.6933742225067614E-004   8.7854599806850540E-012   3.3867485299889446E-004   2.4869192110566136E-008   7.7989904343027829E-017   5.9430909532176710E-017  -1.1585666790284351E-016   5.8634205491947222E-019   2.1703850928018730E-017   1.7580113526936321E-017   5.3083140617684373E-018   1.5458686298290221E-018  -2.0948723794345447E-018   9.4957603360280178E-018   2.0048018097182583E-017   6.4017632275639769E-018   1.3176606894858199E-017  -2.1727667498672191E-003  -1.3650401229877205E-011   5.8316158582515661E-011  -2.1727666865590041E-003   6.3115505653953024E-011   4.3455334364264154E-003  -1.0683992916168374E-015   1.6354310749833357E-015  -4.7783962857614357E-015  -1.1774696641490766E-002  -1.1279683424648975E-010   2.8049234882105334E-010  -1.1774696282165159E-002   3.2119923311288772E-010   2.3549392923655477E-002   1.1047702981911485E-018  -5.7766283996746874E-018   7.3760605469221003E-018   9.5927933298106757E-019   2.7458629111625737E-018   3.6707342616523260E-019   1.6261588049385835E-017   7.5796050561236323E-018  -1.8426143375881551E-018   1.8893008473428082E-017  -1.1111696761714804E-008  -1.4229702880211588E-008   2.4335866604183119E-008  -1.9508219999120199E-016   3.0275387688750747E-016  -8.8319468512268582E-016  -1.7917015462049543E-008
   2.2176374739053943E-015  -1.8005824436085374E-015   1.6190543275642206E-016  0.70662873294660089       -2.7463099154751726E-015  -1.1571409867321310E-015  -3.6371448203572164E-015  -5.4799224828167532E-009   1.3663305672479034E-008   1.6418435222886435E-008  -1.9389182295350632E-008   2.0926751703233768E-008   2.4869192110566136E-008   1.0159961931730359       -1.0262228995696669E-015  -1.9805040982916963E-015   3.3027286475412174E-015   7.8132789184796239E-016   8.0836534520575742E-016  -6.0318017451836072E-016  -3.5122778891063751E-016   1.8146819820826801E-016  -7.3371976739207997E-017   5.5124735003928697E-016  -5.0527002899952826E-016   1.7199467478016841E-016  -7.7541194136159055E-016   4.9110312232176728E-010  -5.6617869527289007E-010  -9.6402855216057217E-010   1.5945018312278271E-009  -1.3115187498351248E-009  -2.0854683528675123E-009   8.9266100089846281E-015  -4.2924228417829305E-015   8.6305426915975683E-015   5.8846268939886581E-009  -1.2141719278489389E-008  -1.5892051846298458E-008   2.0363901788079740E-008  -2.0411469458428079E-008  -2.6248524870238268E-008  -4.5822805688511735E-016   3.8017884909318502E-017  -7.7666144163880562E-017   6.1854016390022077E-016  -2.2038322615053911E-017   2.6722191355703593E-016   4.1524340460557980E-016   5.9879039984135405E-018   1.9357341012671774E-016  -8.8287691720659909E-016 -0.43731405932634604      -0.56670227241043591       0.95449990349973302        1.6449545616077042E-015  -8.3815486401390162E-016   1.6212954272349484E-015 -0.70239046199931066     
   4.6225208825850489E-002  -3.6638368251430810E-010  -2.1179777701132520E-010  -7.6460478024514954E-016   2.4460134829795383E-002   6.8685839616453106E-010   5.2730509063201940E-010   6.2877451783286588E-017  -5.6953054466995433E-018  -1.9702969827043553E-017   4.9781404844274579E-017  -4.0820042141422229E-017   7.7989904343027829E-017  -1.0262228995696669E-015   1.7330014853406843E-002   1.5793427504437734E-010   1.3869362764306246E-010   1.0889229940820200E-011  -2.2640272738702280E-011  -3.3330503052164338E-011   4.4051504336814822E-011  -4.0899057447395046E-011  -5.8666139954887027E-011  -1.7814708281024155E-013   1.1503997633941878E-011   2.2879810576938069E-011   1.6268660008604224E-011   3.1060828439504835E-016   5.8344414999938884E-017  -3.5407864400960577E-016  -4.3467717550148328E-016  -6.9674433463762803E-016   2.7918462010078215E-016   8.8776022613893807E-003  -1.1653277745989482E-009  -1.4429347968936663E-009   1.3353180467995918E-015   2.5506804210080136E-016  -1.9056870158908174E-015  -2.5171254196518271E-015  -3.7257224761398319E-015   1.2474259250915437E-015   3.6199211131784610E-012  -8.4062334163606601E-012  -1.0225750353852578E-011   1.0184519292368036E-011  -1.1786392273945569E-011  -1.5042124300500831E-011   3.9268628299103983E-012   1.1296940083514821E-012   3.1378680081786848E-012   6.7797868535206846E-012  -4.3583468333658653E-015  -8.2947254322734402E-015   1.9622865564493794E-014   2.1172246157755877E-003  -2.0940007616102532E-010  -2.6155650609618375E-010  -1.4640826423711538E-014
  -3.3094700888081579E-010   4.6225209170184113E-002  -3.5777940898091957E-010  -1.4409331278803352E-015   6.6208805322409074E-010   2.4460134202240677E-002   7.8074703597939688E-010   3.0343913544117437E-017  -1.2602502016245795E-017   2.5524825547513481E-017   8.0581406908354371E-017   3.2928006918699647E-017   5.9430909532176710E-017  -1.9805040982916963E-015   1.5793427504437734E-010   1.7330014729939360E-002   1.8890552994591181E-010  -2.3123853411754908E-012  -1.0464628514337452E-011  -1.8780210150482877E-012  -3.7453592834480478E-012  -3.0803587733048922E-011   6.8475557842035858E-012   3.7095459982118827E-011  -4.4492415625462065E-011  -3.9305882924531911E-011   3.4562300291104927E-011  -1.9467555333646016E-016  -3.0186787769384590E-016   1.4815722552236016E-016   5.8674092357939964E-016   2.5510434534946509E-016  -2.4626884495091773E-016  -1.1602849196348308E-009   8.8776037980881350E-003  -1.8969302156798761E-009  -1.3440122845603656E-015  -1.6106230222225339E-015   8.6915852404175535E-016   2.9025526535891141E-015   1.4522061313197760E-015  -1.4872007327441073E-015   1.1245884951031292E-012  -1.6220385054546852E-012   5.1487915505972147E-014  -3.1170977908220988E-012  -9.0962750340629644E-012   1.6082854478561821E-012   1.0181526301629339E-011  -1.2962946209216896E-011  -1.2037955401293761E-011   9.6235468285550344E-012   2.1502303351941807E-015   3.2792225622560452E-015  -7.0277441653339439E-015  -2.0854740101756235E-010   2.1172248945454959E-003  -3.4339332224998477E-010   5.2226123952658385E-015
  -2.8636808960355786E-010  -4.3158251180406586E-010   4.6225208272412284E-002   2.6002350525463143E-015   5.8138765978343327E-010   8.3406543817180620E-010   2.4460135991820849E-002  -4.9312247425390136E-017   1.3239011663849777E-016   3.1063901709504846E-017  -4.4329990539722009E-017   3.3438152660355633E-017  -1.1585666790284351E-016   3.3027286475412174E-015   1.3869362764306246E-010   1.8890552994591181E-010   1.7330015115163369E-002  -3.7920560458485817E-012   2.9737955779754300E-012   2.3394134168851950E-011   1.2759865340977012E-011  -2.0337735557161724E-011  -7.6721580378826696E-012   1.2592287543924424E-011   7.0170724617413638E-011  -1.9867969167567585E-011  -6.9739296905084344E-011  -2.9048975347537214E-016   1.4016126543420952E-015   5.7944883033124239E-016   5.3918915682129577E-016   4.4869829002769975E-016  -3.5001486686134324E-016  -1.4487581151213747E-009  -1.9040711424417004E-009   8.8775988162746733E-003  -1.1018580679515886E-015   7.6625124904446962E-015   3.0463830961075917E-015   2.8994454806807095E-015   2.4407295481726240E-015  -1.7553955712478767E-015   2.4153708671048754E-012   5.0004191802405375E-013   6.5640277502401221E-012   1.2356697569928330E-012  -5.5081538692477702E-012  -4.4762522846493067E-012   5.2567053069357215E-012   1.8728975205381055E-011  -7.5526565683256205E-012  -1.8851982025559718E-011  -6.2726446664040115E-015  -1.0496732031949582E-014   2.3261284516998601E-014  -2.6245802851139755E-010  -3.4454052214492133E-010   2.1172239896115070E-003  -1.7306271026718792E-014
   2.9908728584972861E-011  -3.5455721636693263E-012  -8.1931897660944265E-012   5.7468887335807643E-016   1.5837090514641276E-011  -1.8432041576496177E-012  -4.3113011644183945E-012   2.2763554732601374E-018  -4.3036470743552579E-019  -2.0954783973341734E-018  -2.8626970875391687E-018  -2.5459233936456720E-018   5.8634205491947222E-019   7.8132789184796239E-016   1.0889229940820200E-011  -2.3123853411754908E-012  -3.7920560458485817E-012   1.3227854286487789E-020  -1.3065568805736193E-020  -2.1471430731232973E-020   2.3493625734797279E-020  -2.1962028498905447E-020  -4.1243688421961024E-020   2.1791924915777690E-021  -3.7459689671462190E-021   1.0143251637590041E-020   1.8795931801315968E-020   2.9207948595513083E-017  -5.5221427804086770E-018  -2.6887229029800536E-017  -3.6731042413522089E-017  -3.2666928152292505E-017   7.5230941447690966E-018  -2.2848362025915018E-011  -8.7528848472293105E-011  -6.5211639260285818E-011   1.5828424009982609E-016  -2.9925705642469691E-017  -1.4570776581035087E-016  -1.9905351017046871E-016  -1.7702921770265990E-016   4.0769270417616132E-017  -1.6563483293917308E-020  -3.7089059045718668E-021  -1.8154978070745269E-020   1.4403558698300517E-020   1.7481179108584364E-020   7.8180539192543740E-021  -3.3573392356411596E-020   3.9953745598977037E-021   4.8752628418910133E-020   1.0553744348585435E-020  -1.6153475437555602E-015  -2.7955135812006101E-015   6.1928426920954033E-015  -3.9051096745035078E-012  -1.6184952719883786E-011  -1.2115854708814455E-011  -4.6077538894527034E-015
  -6.2259936474181831E-011  -2.8917581081084291E-011   1.0609107969529342E-011   5.8885664371161233E-016  -3.2968428625868427E-011  -1.5314400445391249E-011   5.6474489631973536E-012   3.4053629176724814E-018   1.2087388386334073E-017  -3.8284832660792311E-018  -2.5109213944015831E-017  -1.0205227179189996E-017   2.1703850928018730E-017   8.0836534520575742E-016  -2.2640272738702280E-011  -1.0464628514337452E-011   2.9737955779754300E-012  -1.3065568805736193E-020   4.1821099258608398E-020   5.3729401397351873E-020  -5.0384375353282408E-020   6.8002057432066415E-020   6.7920017950086635E-020  -1.9511059269333150E-020   2.7818940213372711E-020  -1.5644112396773028E-020  -6.0782911428847058E-020   4.3694240252140414E-017   1.5509301986368249E-016  -4.9123407767767901E-017  -3.2217586392002723E-016  -1.3094338185234593E-016   2.7848162357828115E-016   4.9987490597726803E-011   2.7722054168875790E-011  -8.6618212372250917E-011   2.3678860396336642E-016   8.4048285439445615E-016  -2.6621046016802082E-016  -1.7459412084881413E-015  -7.0961073629564741E-016   1.5091526044783612E-015  -8.0795204370282212E-021  -5.2643443954338477E-021  -5.5612045533728051E-021  -1.3752218918163496E-020   1.6462686672526487E-020   2.4593383867117158E-020  -1.0426735035281292E-020  -1.4346598245521778E-020   1.9253173284087273E-020   1.4838456286414684E-020  -1.4373378988786940E-015  -2.4607139787064312E-015   5.4088497569542258E-015   8.5764913896532387E-012   4.8145353794018569E-012  -1.5870152773439832E-011  -4.0233307966975235E-015
  -9.2057729995133953E-011  -2.4617386776646622E-012   6.5210568745117128E-011  -4.4344937557110966E-016  -4.8752090623065400E-011  -1.2706319421821279E-012   3.4541565353754888E-011  -2.1752047043710138E-017  -1.8861830907110445E-018  -4.4153720178442588E-018   4.1719331695674529E-018   1.0076200960898342E-017   1.7580113526936321E-017  -6.0318017451836072E-016  -3.3330503052164338E-011  -1.8780210150482877E-012   2.3394134168851950E-011  -2.1471430731232973E-020   5.3729401397351873E-020   1.0717263706570397E-019  -7.3730335422243912E-020   5.2671145654827276E-020   1.0254640552964344E-019   2.3995636821059168E-020   7.2552608400368181E-020  -8.5922689923645489E-020  -1.3396005395086259E-019  -2.7910032646375249E-016  -2.4201486346931162E-017  -5.6653462769426529E-017   5.3529881285216114E-017   1.2928778727612338E-016   2.2557044481763144E-016   8.6762302032897041E-011  -8.4844497091650545E-011  -8.0545922870692853E-011  -1.5125055001314244E-015  -1.3115312436658273E-016  -3.0701745826926316E-016   2.9009007694838076E-016   7.0063870503948901E-016   1.2224154233918016E-015  -1.7455037646651581E-020  -3.2999240767120792E-021  -9.3517899523953493E-021   7.5980056734694071E-021   2.0385012904609990E-020   1.5822324160171058E-020  -2.8759849001248062E-020   3.1511475468722741E-020   4.1885416771765689E-020  -1.6516562354862242E-020   1.2385813802181725E-015   2.1425170425503200E-015  -4.7447431566350397E-015   1.5052039789847079E-011  -1.5678476875908853E-011  -1.4183610468538786E-011   3.5302629503595140E-015
   1.2073357742701309E-010  -1.4600641097347298E-011   3.6749579131970313E-011  -2.5644180968509486E-016   6.3926951942505096E-011  -7.7838592809038194E-012   1.9480192370773371E-011  -1.1367081951737697E-018   9.4906063943005120E-018  -3.3355651918786059E-019  -4.1716052082493559E-018   5.3988121218757023E-018   5.3083140617684373E-018  -3.5122778891063751E-016   4.4051504336814822E-011  -3.7453592834480478E-012   1.2759865340977012E-011   2.3493625734797279E-020  -5.0384375353282408E-020  -7.3730335422243912E-020   1.4030217504070376E-019  -1.1536396289258365E-019  -1.7183411751232873E-019  -8.5631998621844242E-021   1.0822907140267094E-019   6.1873610858310534E-020  -2.5713773953286025E-020  -1.4585114698687584E-017   1.2177393668759074E-016  -4.2797888815681167E-018  -5.3525914579119584E-017   6.9272194209502185E-017   6.8111030164373713E-017  -8.3877697309833172E-011   1.4988553049307019E-010  -8.2843315561958361E-011  -7.9039920229281190E-017   6.5991950205107422E-016  -2.3193098607260362E-017  -2.9006860331592663E-016   3.7540112490460975E-016   3.6910852368266586E-016   1.0466661588170546E-020  -1.7148307888865953E-020  -1.1554309404711642E-021  -2.2121729012795924E-020  -2.2290204557177974E-020   8.0766796156478437E-021   2.8781912270318872E-020  -4.5095969399809171E-020  -2.1466805963531344E-020   3.4473989057462452E-020   6.4858836367067368E-016   1.1135795147771329E-015  -2.4528584584199988E-015  -1.4222465014738711E-011   2.7500933427335913E-011  -1.4902622294604417E-011   1.8246734408009434E-015
  -1.1119175177027759E-010  -8.3639462745499973E-011  -5.6703625323827304E-011   1.4042087822350426E-016  -5.8863649791870816E-011  -4.4276476577880347E-011  -3.0035656114329835E-011   5.3891819470951760E-018   2.9696062459575759E-018  -6.5311207966715889E-018  -6.9350514637761404E-018  -3.6526126322686718E-018   1.5458686298290221E-018   1.8146819820826801E-016  -4.0899057447395046E-011  -3.0803587733048922E-011  -2.0337735557161724E-011  -2.1962028498905447E-020   6.8002057432066415E-020   5.2671145654827276E-020  -1.1536396289258365E-019   1.8099345643534634E-019   1.4484091866451944E-019  -8.7805473313752079E-020  -3.3566365584430186E-020   4.9802483390466178E-020  -1.4239482644598342E-020   6.9148554254790751E-017   3.8102955502547300E-017  -8.3800782150680985E-017  -8.8983525257746150E-017  -4.6866682981679354E-017   1.9834970111333122E-017   4.8182567589608360E-011   3.2803605983197079E-011   7.0440795175282355E-011   3.7473108527186891E-016   2.0648821268354592E-016  -4.5413470577667309E-016  -4.8222110924334293E-016  -2.5398077374946564E-016   1.0749002332867420E-016   5.1364364487669096E-021   1.7337904359504799E-020   1.8459313617383410E-020  -1.3648559704921993E-020   2.3793158423802252E-020   6.7597187104999797E-021  -3.8718873869538763E-021   8.6786936894057874E-021  -1.2143469639976198E-020  -2.0227527657575644E-020  -6.5925720635738211E-016  -1.1733797990004896E-015   2.6507596842575282E-015   7.7360341427861971E-012   5.1845144333756773E-012   1.2407541898389959E-011  -1.9736169559019375E-015
  -1.6087351351468854E-010   1.9356968335001879E-011  -2.5756911899262275E-011  -7.0477356749825014E-017  -8.5181596428867674E-011   1.0256481928215540E-011  -1.3695789828665574E-011  -6.3122008154124536E-018  -1.1769736544656115E-017  -3.0875736863633000E-019   8.4070719452950002E-018   4.6792413001109353E-018  -2.0948723794345447E-018  -7.3371976739207997E-017  -5.8666139954887027E-011   6.8475557842035858E-012  -7.6721580378826696E-012  -4.1243688421961024E-020   6.7920017950086635E-020   1.0254640552964344E-019  -1.7183411751232873E-019   1.4484091866451944E-019   2.2718434019297612E-019   5.6391757662293356E-021  -1.0320481979851553E-019  -7.5488110198128140E-020   4.9069831387068447E-022  -8.0991787350345614E-017  -1.5101735673295506E-016  -3.9616401508285660E-018   1.0787103932644752E-016   6.0039318319329484E-017  -2.6879253301110280E-017   1.1450608635600897E-010  -3.2452054288991662E-011   1.7033390299587741E-010  -4.3891214330458904E-016  -8.1839595943273878E-016  -2.1468995330692439E-017   5.8457666807795286E-016   3.2536615099132339E-016  -1.4566452537605471E-016   1.1753289813556461E-020   2.2130213110337725E-020   2.5520312018685545E-020   2.7906219360765905E-021  -1.1560323361695372E-021  -1.8555917243793101E-020   1.6258817711405412E-020   3.9733730118365059E-020  -4.3943968739044941E-020  -4.8637452345358919E-020   8.2695125558458018E-016   1.5083038069456883E-015  -3.4634810746404102E-015   1.9456803613065324E-011  -5.7863245478552650E-012   3.1157749368356489E-011   2.5801529086126483E-015
  -3.3466825395067481E-013   1.0507101938586853E-010   3.6383872035276016E-011   3.9715495716754157E-016  -1.7532277715215893E-013   5.5675408174452120E-011   1.9287699618543698E-011   6.3967699997305067E-018   7.0848475719926713E-018   8.4598994042199526E-018  -1.5892529689029390E-017  -1.5703938158070836E-018   9.4957603360280178E-018   5.5124735003928697E-016  -1.7814708281024155E-013   3.7095459982118827E-011   1.2592287543924424E-011   2.1791924915777690E-021  -1.9511059269333150E-020   2.3995636821059168E-020  -8.5631998621844242E-021  -8.7805473313752079E-020   5.6391757662293356E-021   1.0958555781381890E-019  -5.2828730303753257E-020  -1.2751505461974631E-019   2.1490163058389063E-020   8.2076929894956877E-017   9.0905512046422817E-017   1.0854875757407335E-016  -2.0391675127650527E-016  -2.0149855052914090E-017   1.2183982183770626E-016  -4.7178654126246637E-012  -1.8265149588166018E-010  -8.5605480743273884E-011   4.4479276755696865E-016   4.9263677581016305E-016   5.8824937410313354E-016  -1.1050693067488876E-015  -1.0919646457088736E-016   6.6027653997231185E-016  -2.8286276981398073E-020  -3.9567157743014215E-021  -2.2892691566512129E-020   2.5126891012277267E-020   1.2465275301493616E-020   1.2823067941598728E-020  -3.9730941654700092E-020   1.5393650163041136E-020   5.7261798718599791E-020   5.5892399985560203E-021  -8.0007406178877875E-016  -1.3457872150482596E-015   2.9198548517787719E-015  -8.7386894669765043E-013  -3.2607660758919275E-011  -1.5416006365246344E-011  -2.1709108008001667E-015
   3.3272747495736373E-011  -1.2321197082275522E-010   1.9044948211754396E-010  -3.6544614028123212E-016   1.7638825096420447E-011  -6.5254748627112423E-011   1.0081781334445070E-010  -3.8443250306642111E-018   3.1398882015436119E-018   8.8759145666861692E-018  -1.6203693801816095E-017  -9.6666544724737127E-019   2.0048018097182583E-017  -5.0527002899952826E-016   1.1503997633941878E-011  -4.4492415625462065E-011   7.0170724617413638E-011  -3.7459689671462190E-021   2.7818940213372711E-020   7.2552608400368181E-020   1.0822907140267094E-019  -3.3566365584430186E-020  -1.0320481979851553E-019  -5.2828730303753257E-020   4.2362408943175421E-019   4.3062356871391148E-020  -3.6982866573470464E-019  -4.9326523744741264E-017   4.0287964823038587E-017   1.1388686785890460E-016  -2.0790954832394004E-016  -1.2403140154832098E-017   2.5723607201115565E-016  -7.9305203209185303E-011   1.2653215980350928E-010  -7.2039121725171039E-011  -2.6731119022011717E-016   2.1832926816943848E-016   6.1717776737428073E-016  -1.1267071645379883E-015  -6.7215311567075262E-017   1.3940183547731960E-015   7.8408807832247200E-021  -4.6155106812600440E-022   3.3176763568486635E-020  -2.7382180360773214E-020   2.0432445235672500E-021   1.6861801109551645E-020   1.3095241223820969E-020   4.3147761321801518E-020  -1.7107721641394634E-020  -5.6887480651012826E-020   7.9127093930805220E-016   1.3404116804094511E-015  -2.9235511862342507E-015  -1.4285934483205807E-011   2.2066076227386688E-011  -1.1315351094026238E-011   2.1740655665634204E-015
   6.2710345218036390E-011  -1.1205394225086823E-010  -5.9422726917328846E-011   1.1313384073313067E-016   3.3204391762363858E-011  -5.9384084256041349E-011  -3.1524365191043105E-011   9.9327311060187193E-018   1.2151987893361423E-019   7.7552784160296697E-018  -1.6334495102523910E-017  -7.1957217678521526E-018   6.4017632275639769E-018   1.7199467478016841E-016   2.2879810576938069E-011  -3.9305882924531911E-011  -1.9867969167567585E-011   1.0143251637590041E-020  -1.5644112396773028E-020  -8.5922689923645489E-020   6.1873610858310534E-020   4.9802483390466178E-020  -7.5488110198128140E-020  -1.2751505461974631E-019   4.3062356871391148E-020   1.8672558403236493E-019   3.1947586640036079E-020   1.2744678269945605E-016   1.5591911162355778E-018   9.9507857595580340E-017  -2.0958769095067929E-016  -9.2328273399038979E-017   8.2140907728903817E-017  -4.3657361898754744E-011   2.1730820673144703E-010   2.0146812928023683E-010   6.9066188831535295E-016   8.4495988754791464E-018   5.3925476881839687E-016  -1.1358013719137566E-015  -5.0034703726566194E-016   4.4513948260092584E-016   4.6027046644259906E-020   1.0573203679267746E-020   3.6272648781903880E-020  -1.9954503663908043E-020  -3.3183326101959176E-020  -4.1798524433643011E-020   6.3724783179129283E-020  -6.2997067778740909E-021  -9.6069446158552229E-020  -2.2340279062872642E-020   1.9136765844294003E-016   3.9369987620449031E-016  -9.7110985651647676E-016  -7.4039759481343048E-012   3.8929052040060690E-011   3.6552552285003121E-011   7.2511471889488436E-016
