  0.51448778054111755       0.26638584436615742        9.7470626336915975E-017  -4.9311481316524170E-017   7.0962504516853378E-017   1.6604611975444767E-008   3.7322059386288766E-009   4.0694446293746520E-009  -8.6221908930129682E-009   1.5274584557998534E-008  -7.9824347088265527E-009   1.7432133919746685E-009   4.0421659546029638E-009   4.0894153029559707E-009  -6.7438974785528446E-010  -1.1024321567104250E-008  -1.0688380525429476E-009  -2.7489620918581376E-017  -1.3932679111935906E-016  -8.5619559190554150E-018 -0.16052370559633239       -1.2419762876145871E-016  -4.0419881175023377E-016  -2.0442107439355032E-017  -9.9611318730113182E-002   1.6762594185797826E-009   1.8103812798849818E-009   1.8490777487771019E-009  -7.7977643714417954E-010  -3.4174009010345801E-009  -8.9648445045237418E-010   2.8040075766490496E-016   9.5550100489852829E-016  -3.7859774305099976E-017   4.5001960908591189E-002  -1.1229118082039915E-002
  0.26638584436615742       0.13826671945801275        5.2293774401321453E-017  -1.5629603422443022E-017   3.0749453032664096E-017   8.6113425269085560E-009   1.9311958910632027E-009   2.1060775804536567E-009  -4.4718433046965702E-009   7.9366887006811090E-009  -4.1395058837784727E-009   8.6921831606857318E-010   2.1095802665132983E-009   2.1334453368287246E-009  -3.3032567384819298E-010  -5.8223596572304565E-009  -5.3890085228245925E-010   1.5578142961584031E-017   4.1195154308708324E-016  -7.8765395397032226E-017  -7.1383613424234146E-002   5.0624582790431072E-017   1.1442904525847598E-015  -2.0806202401815352E-016  -3.5452567546720756E-002   8.1561660511965198E-010   9.3760659767161973E-010   9.5661920056901393E-010  -3.7582892649758124E-010  -1.8590541353395109E-009  -4.3978922574364809E-010   4.8042484062555106E-016   4.7348570618875009E-016   6.9909162977321579E-016   1.9114989434794380E-002  -6.0138357043329387E-003
   9.7470626336915975E-017   5.2293774401321453E-017   8.7143762980065076E-005  -5.5095240293827208E-012  -4.7444510391442984E-012  -7.9094010524195512E-019  -8.6869392821130939E-018   1.5042486256620334E-018   7.9626352995439574E-018  -4.9218050112696755E-018  -9.7499882416059557E-018  -6.7715515229780668E-018  -4.9196749413768834E-018   2.7462087612534402E-018  -5.0467676148395761E-018   5.1943452562377613E-018   9.4622141552556667E-018   3.8544763142439567E-003  -1.0444592223140574E-010  -8.7287774059525142E-011  -4.6962968365171031E-017   1.0871451998472828E-002  -3.6518532623415701E-010  -3.1690231597317767E-010  -2.8011578511085282E-017  -1.2814757014030280E-018   6.3165068135241665E-018  -2.4540559250032932E-019   2.9527578666977848E-019  -1.0967574893470499E-018   4.0467450960921520E-019  -2.4800232696325880E-003   1.4136288234693269E-010   1.2308646376888363E-010   3.7078095914655910E-016  -3.8448981348915619E-016
  -4.9311481316524170E-017  -1.5629603422443022E-017  -5.5095240293827208E-012   8.7143691774483118E-005   8.6934097019937803E-011  -2.3456550856986630E-018   2.7232153484909270E-018  -2.8753702644765687E-018   3.1403016934460418E-018  -1.1893965125944378E-018  -6.4826300260389323E-018  -3.5530192213197081E-018  -2.5621284695614499E-018   6.3428074177083639E-018   5.0538322846300632E-018   1.6885878683882723E-018  -7.5619914917456097E-018  -1.0444595961721657E-010   3.8544747243153587E-003   1.8781704907913176E-009  -1.1717181491499349E-016  -3.6518539329417896E-010   1.0871447498291411E-002   5.5517882379457635E-009  -1.4050252844176584E-016  -1.7061545781551341E-018   5.3212064528861928E-018  -1.2525914229730671E-018  -8.5741822660266790E-019   1.1457734373270383E-018   1.4061082669495838E-018   1.4136312066812273E-010  -2.4800215652257479E-003  -2.1130428542216437E-009   6.3637638062771108E-016  -1.7123229122910862E-015
   7.0962504516853378E-017   3.0749453032664096E-017  -4.7444510391442984E-012   8.6934097019937803E-011   8.7143695670274129E-005  -6.1459510413858890E-018   6.7554446715765621E-018   3.7330367550705701E-018   5.4187872239840604E-018   2.7040604139396665E-018   1.1802701637355030E-018   4.4141400031472523E-018   1.0599277634010621E-018   3.9242532970740898E-018   7.8893833814976012E-019  -4.5985634652425316E-018  -4.4300733648221225E-018  -8.7287278797455059E-011   1.8781696767312454E-009   3.8544748086496148E-003  -9.5039325087177744E-017  -3.1690086419703431E-010   5.5517860923928851E-009   1.0871447746930702E-002  -1.4925552309470118E-016   5.5034222363541503E-019  -4.5386665904036660E-018  -1.4455806648454749E-018  -1.5493314306243531E-018   3.5416537117350430E-018   1.1307376988664779E-018   1.2308750730849833E-010  -2.1130393930317277E-009  -2.4800216598253673E-003  -7.4839546171060259E-016   9.4863783385139660E-016
   1.6604611975444767E-008   8.6113425269085560E-009  -7.9094010524195512E-019  -2.3456550856986630E-018  -6.1459510413858890E-018   5.3648501282941291E-016   1.2040027951448310E-016   1.3129565839852793E-016  -2.7858948817611626E-016   4.9415276262639657E-016  -2.5789594956424610E-016   5.4845421315501677E-017   1.3116266927300784E-016   1.3266217762275713E-016  -2.0965748747976630E-017  -3.6064256914855803E-016  -3.3880168598175222E-017  -7.7276507925354535E-017  -1.4736433256998022E-016  -2.9001788570712354E-016  -4.6813516097961919E-009  -1.8590498119763323E-016  -3.8258466406085290E-016  -8.0421416232338405E-016  -2.5352460177487944E-009   5.1873321243561858E-017   5.8440393006183715E-017   5.9645730622615665E-017  -2.3978093981717067E-017  -1.1411422028202024E-016  -2.7895307354170287E-017   1.0713108350621629E-015   1.1483200667077262E-015   6.2562292232231585E-016   1.1141780181046933E-009  -2.9745389425150316E-010
   3.7322059386288766E-009   1.9311958910632027E-009  -8.6869392821130939E-018   2.7232153484909270E-018   6.7554446715765621E-018   1.2040027951448310E-016   2.7079322599712181E-017   2.9524700448394906E-017  -6.2518552650449708E-017   1.1069727153428315E-016  -5.7881826813329586E-017   1.2776297959348698E-017   2.9257851483293532E-017   2.9602956109632014E-017  -4.9659701192866431E-018  -7.9526544914053556E-017  -7.8104296161095492E-018  -3.3023458894290435E-016   2.1331760371077579E-016   2.7603508799894337E-016  -1.2108512041148292E-009  -9.7234220753850877E-016   5.3127721331623432E-016   7.9580375773895312E-016  -7.8471248623990081E-010   1.2366689609611707E-017   1.3131558823258297E-017   1.3416315147279410E-017  -5.7670411049551387E-018  -2.4435000918855639E-017  -6.5996562445214070E-018  -1.0919113370569083E-015  -2.3804952079828913E-015   3.7233431291047065E-016   3.8150907351131646E-010  -9.8461498480695295E-011
   4.0694446293746520E-009   2.1060775804536567E-009   1.5042486256620334E-018  -2.8753702644765687E-018   3.7330367550705701E-018   1.3129565839852793E-016   2.9524700448394906E-017   3.2191351228578515E-017  -6.8176365104982688E-017   1.2073227517876929E-016  -6.3119401887171988E-017   1.3891660433882033E-017   3.1921032833942732E-017   3.2296618528374756E-017  -5.3926053634674132E-018  -8.6846196992025053E-017  -8.4991668893021145E-018   3.3292188909727701E-017  -1.1497417833695791E-016   2.1328051684587111E-016  -1.3064435843970424E-009   1.1909292269660205E-016  -3.3353300477605735E-016   5.6505106268645732E-016  -8.3689999216589657E-010   1.3422526930496445E-017   1.4318466654657572E-017   1.4627748174660503E-017  -6.2552589668630573E-018  -2.6748716025184944E-017  -7.1672772968850754E-018   7.8157251723343605E-016  -2.2089458712350296E-016  -1.3006465987217016E-015   4.0456238264126581E-010  -1.0460513992863718E-010
  -8.6221908930129682E-009  -4.4718433046965702E-009   7.9626352995439574E-018   3.1403016934460418E-018   5.4187872239840604E-018  -2.7858948817611626E-016  -6.2518552650449708E-017  -6.8176365104982688E-017   1.4466802715688389E-016  -2.5661972130331163E-016   1.3392168137995400E-016  -2.8450941151321675E-017  -6.8122282509475495E-017  -6.8900415030942176E-017   1.0870755486226703E-017   1.8736598831324576E-016   1.7580443850308540E-017   4.1449714383517829E-016   2.0584462057325444E-016   2.3138154710875309E-016   2.4208369549450548E-009   1.1218641159922433E-015   5.2984446302728137E-016   6.5889457923233037E-016   1.3028863252248326E-009  -2.6891302695599763E-017  -3.0346295957257370E-017  -3.0971311190156493E-017   1.2427124871985114E-017   5.9332241019838822E-017   1.4464220061202830E-017  -1.7715823531434674E-015  -1.7495447695522827E-015   5.1572711731550542E-017  -5.7025817229193516E-010   1.5245444495569680E-010
   1.5274584557998534E-008   7.9366887006811090E-009  -4.9218050112696755E-018  -1.1893965125944378E-018   2.7040604139396665E-018   4.9415276262639657E-016   1.1069727153428315E-016   1.2073227517876929E-016  -2.5661972130331163E-016   4.5586174308596150E-016  -2.3753341683122873E-016   4.8899994273247640E-017   1.2142964837227215E-016   1.2278115975036796E-016  -1.8409406530155146E-017  -3.3706453670467583E-016  -3.0491077653738693E-017  -2.4676802720932071E-016  -7.3007990390818980E-017   2.1630560826270584E-016  -3.7576332340500033E-009  -6.7397167834735088E-016  -1.9045726269927925E-016   5.3679826356979260E-016  -1.5888795950182093E-009   4.5271972755350635E-017   5.3773312902102493E-017   5.4834248602450243E-017  -2.0751547459492803E-017  -1.0917456144519758E-016  -2.4520534473736827E-017   8.6098597797510267E-016   5.3973466320456889E-016  -2.4750583884748624E-015   5.7148580496670090E-010  -1.6429744244553426E-010
  -7.9824347088265527E-009  -4.1395058837784727E-009  -9.7499882416059557E-018  -6.4826300260389323E-018   1.1802701637355030E-018  -2.5789594956424610E-016  -5.7881826813329586E-017  -6.3119401887171988E-017   1.3392168137995400E-016  -2.3753341683122873E-016   1.2397447273548388E-016  -2.6394560028840198E-017  -6.3040476804280947E-017  -6.3761854488530543E-017   1.0095030174268444E-017   1.7327675675314036E-016   1.6299767699545256E-017  -4.1603927715037451E-016  -2.8521582559325879E-016   9.8699113746084729E-017   2.2605305494555063E-009  -1.1849587352714242E-015  -8.0559521645971531E-016   2.4314237011950129E-016   1.2323790889241028E-009  -2.4982114864190473E-017  -2.8094144919699017E-017  -2.8674469344478000E-017   1.1551017464757919E-017   5.4781981372416305E-017   1.3431135253339040E-017  -9.9834245936137538E-017   1.4681640399129709E-016  -1.1865960303927700E-015  -5.4390738015332790E-010   1.4499132076458312E-010
   1.7432133919746685E-009   8.6921831606857318E-010  -6.7715515229780668E-018  -3.5530192213197081E-018   4.4141400031472523E-018   5.4845421315501677E-017   1.2776297959348698E-017   1.3891660433882033E-017  -2.8450941151321675E-017   4.8899994273247640E-017  -2.6394560028840198E-017   9.3408678176967404E-018   1.1985706208070339E-017   1.2207497330664799E-017  -4.2252795106092949E-018  -2.5607305260265513E-017  -5.1155629013164362E-018  -2.9277467727671826E-016  -1.1692280795531560E-016   2.0770474565840087E-016  -1.7582692144263638E-009  -8.3087103618808442E-016  -3.6026778560547578E-016   5.7638166860843951E-016  -1.9812937974110676E-009   1.1093281001457173E-017   6.1028136263585095E-018   6.3398287457417852E-018  -5.5320750879080361E-018  -2.2815385180804487E-018  -5.5611324696833111E-018   2.5580495454217168E-017  -8.9659268796062629E-016  -4.3466129638533842E-016   1.1829302649957752E-009  -2.8958188870455073E-010
   4.0421659546029638E-009   2.1095802665132983E-009  -4.9196749413768834E-018  -2.5621284695614499E-018   1.0599277634010621E-018   1.3116266927300784E-016   2.9257851483293532E-017   3.1921032833942732E-017  -6.8122282509475495E-017   1.2142964837227215E-016  -6.3040476804280947E-017   1.1985706208070339E-017   3.2609788329472842E-017   3.2950289398189745E-017  -4.3322941271767126E-018  -9.2464120771337507E-017  -7.6535623453970226E-018  -3.2394546939372755E-016  -2.0780923577080159E-016   4.2360114948409117E-017  -6.5672674608975622E-010  -8.3308762143579561E-016  -5.1451584924840260E-016   1.2290256660407481E-016   3.6460121059216575E-011   1.0475144885846412E-017   1.4238928109815411E-017   1.4490240203594420E-017  -4.6879580607371664E-018  -3.1476609657849291E-017  -5.7872375032310168E-018   2.7771867112617931E-015   2.4159998273867841E-015   8.1973791980761915E-017  -1.3868430195834504E-010   2.6986930737715821E-011
   4.0894153029559707E-009   2.1334453368287246E-009   2.7462087612534402E-018   6.3428074177083639E-018   3.9242532970740898E-018   1.3266217762275713E-016   2.9602956109632014E-017   3.2296618528374756E-017  -6.8900415030942176E-017   1.2278115975036796E-016  -6.3761854488530543E-017   1.2207497330664799E-017   3.2950289398189745E-017   3.3296238135020437E-017  -4.4290850246898705E-018  -9.3265559789384167E-017  -7.7785625606115993E-018   1.0894122410892989E-016   2.4300633560178017E-016   1.0936097806746025E-016  -6.9328554715227970E-010   3.1675959934501221E-016   7.1384616662703642E-016   3.5711461112194348E-016  -2.2163212437891603E-012   1.0726347544440258E-017   1.4404627920582214E-017   1.4661396368272438E-017  -4.8114907584812135E-018  -3.1623421197104790E-017  -5.9149061904580034E-018   2.3250172386248483E-016   7.5054208001906360E-016   1.4807498253217766E-015  -1.1597225845575337E-010   2.1405182400928114E-011
  -6.7438974785528446E-010  -3.3032567384819298E-010  -5.0467676148395761E-018   5.0538322846300632E-018   7.8893833814976012E-019  -2.0965748747976630E-017  -4.9659701192866431E-018  -5.3926053634674132E-018   1.0870755486226703E-017  -1.8409406530155146E-017   1.0095030174268444E-017  -4.2252795106092949E-018  -4.3322941271767126E-018  -4.4290850246898705E-018   1.9801500756889985E-018   7.8147951656229112E-018   2.2451063815681239E-018  -2.2283842509240142E-016   2.0012687623375943E-016   2.8562193056268757E-017   8.9646023752205346E-010  -6.2880287164136924E-016   5.8219454750063165E-016   8.5358801787629059E-017   1.0592620942841354E-009  -5.2556390661500015E-018  -2.3554245986060152E-018  -2.4659758396581015E-018   2.6547977955533321E-018  -7.7292759550881614E-019   2.6007988866288995E-018   1.3404535000565821E-016   4.3672827402258528E-016   1.3461044485777043E-016  -6.3982949365062603E-010   1.5618872090737912E-010
  -1.1024321567104250E-008  -5.8223596572304565E-009   5.1943452562377613E-018   1.6885878683882723E-018  -4.5985634652425316E-018  -3.6064256914855803E-016  -7.9526544914053556E-017  -8.6846196992025053E-017   1.8736598831324576E-016  -3.3706453670467583E-016   1.7327675675314036E-016  -2.5607305260265513E-017  -9.2464120771337507E-017  -9.3265559789384167E-017   7.8147951656229112E-018   2.7640031082211914E-016   1.7793073039953411E-017   2.8731425808840953E-016   1.2162266646789022E-016  -2.7913949130680393E-016  -7.1271684469675301E-010   7.6673876990707942E-016   3.0746409036761137E-016  -7.2990617915561646E-016  -3.4892787724297871E-009  -1.7407080338772566E-017  -3.8898469935881514E-017  -3.9365529420159486E-017   6.8269455447218255E-018   1.0501639243364991E-016   1.0580434775706965E-017  -1.5753021622875509E-015  -1.2119773996091053E-015   2.0091269664479168E-015   2.4877345580602988E-009  -5.8491081411747398E-010
  -1.0688380525429476E-009  -5.3890085228245925E-010   9.4622141552556667E-018  -7.5619914917456097E-018  -4.4300733648221225E-018  -3.3880168598175222E-017  -7.8104296161095492E-018  -8.4991668893021145E-018   1.7580443850308540E-017  -3.0491077653738693E-017   1.6299767699545256E-017  -5.1155629013164362E-018  -7.6535623453970226E-018  -7.7785625606115993E-018   2.2451063815681239E-018   1.7793073039953411E-017   2.8704541694056503E-018   4.1644685580335969E-016  -3.5213483504534696E-016  -1.7678123448149142E-016   8.6178735036776146E-010   1.1761529851166132E-015  -9.7980462432047248E-016  -5.1313229476539563E-016   9.2199867971880422E-010  -5.8375724493527517E-018  -3.7474402909794742E-018  -3.8739029750813353E-018   2.8772369831332371E-018   3.0547614011591410E-018   2.9603044081221123E-018  -2.1773885995569284E-016   6.5312150914037460E-016  -3.4922831903381254E-016  -5.4309111833608469E-010   1.3338728941800853E-010
  -2.7489620918581376E-017   1.5578142961584031E-017   3.8544763142439567E-003  -1.0444595961721657E-010  -8.7287278797455059E-011  -7.7276507925354535E-017  -3.3023458894290435E-016   3.3292188909727701E-017   4.1449714383517829E-016  -2.4676802720932071E-016  -4.1603927715037451E-016  -2.9277467727671826E-016  -3.2394546939372755E-016   1.0894122410892989E-016  -2.2283842509240142E-016   2.8731425808840953E-016   4.1644685580335969E-016  0.17390925800685389        1.7818553652495660E-009   1.7764418947354213E-009  -8.2696036489330073E-017  0.48791398013806553        1.7515623441672484E-009   1.7414629685738874E-009  -1.5122361199802891E-016  -4.6214241020445615E-017   3.2032703428435102E-016   3.3160928259541002E-017  -5.3380383521959826E-018  -1.0195883323679550E-016   2.3089562873356149E-017 -0.19453204573260663       -7.8195407974776011E-010  -7.7849780389047389E-010  -3.7578150378861808E-016   1.6926485813119387E-016
  -1.3932679111935906E-016   4.1195154308708324E-016  -1.0444592223140574E-010   3.8544747243153587E-003   1.8781696767312454E-009  -1.4736433256998022E-016   2.1331760371077579E-016  -1.1497417833695791E-016   2.0584462057325444E-016  -7.3007990390818980E-017  -2.8521582559325879E-016  -1.1692280795531560E-016  -2.0780923577080159E-016   2.4300633560178017E-016   2.0012687623375943E-016   1.2162266646789022E-016  -3.5213483504534696E-016   1.7818553652495660E-009  0.17390925914935854       -7.1345984887183583E-009   2.1874050801518518E-016   1.7515635718093683E-009  0.48791398169322514       -7.4275187698176395E-009   3.1569821570208133E-016  -7.8169745016032888E-017   3.0603247559614718E-016  -4.1905303790924786E-017  -5.5395271904013089E-017   5.2446961950834683E-017   7.8568214592297876E-017  -7.8195347951649677E-010 -0.19453204633152724        3.2244887404763345E-009  -1.9623675507765865E-016   7.7854042396168357E-016
  -8.5619559190554150E-018  -7.8765395397032226E-017  -8.7287774059525142E-011   1.8781704907913176E-009   3.8544748086496148E-003  -2.9001788570712354E-016   2.7603508799894337E-016   2.1328051684587111E-016   2.3138154710875309E-016   2.1630560826270584E-016   9.8699113746084729E-017   2.0770474565840087E-016   4.2360114948409117E-017   1.0936097806746025E-016   2.8562193056268757E-017  -2.7913949130680393E-016  -1.7678123448149142E-016   1.7764418947354213E-009  -7.1345984887183583E-009  0.17390925884493466       -1.5384694389256339E-017   1.7414634418078069E-009  -7.4275160214871050E-009  0.48791398137512104        8.9153907286393948E-017   3.9807835814075514E-017  -2.1109958034680933E-016  -5.7993043880263998E-017  -9.4064238964296809E-017   1.8011004372868934E-016   6.8971094838033374E-017  -7.7849845373245696E-010   3.2244858054173868E-009 -0.19453204619368886        7.1776828159653352E-016   6.7564794193071561E-017
 -0.16052370559633239       -7.1383613424234146E-002  -4.6962968365171031E-017  -1.1717181491499349E-016  -9.5039325087177744E-017  -4.6813516097961919E-009  -1.2108512041148292E-009  -1.3064435843970424E-009   2.4208369549450548E-009  -3.7576332340500033E-009   2.2605305494555063E-009  -1.7582692144263638E-009  -6.5672674608975622E-010  -6.9328554715227970E-010   8.9646023752205346E-010  -7.1271684469675301E-010   8.6178735036776146E-010  -8.2696036489330073E-017   2.1874050801518518E-016  -1.5384694389256339E-017  0.47974708306375125        3.8247650706229017E-016  -1.5484737783922510E-016  -7.9141478277339575E-017  0.61166813977718704       -2.4384395549487312E-009  -5.5358253688237779E-010  -6.0312480270560466E-010   1.2658283799215843E-009  -2.2240944160013855E-009   1.1725840122459846E-009   7.8294694901979703E-016  -4.2118333545950045E-016   1.0213168584782325E-015 -0.40253145036674925       0.10141871557915205     
  -1.2419762876145871E-016   5.0624582790431072E-017   1.0871451998472828E-002  -3.6518539329417896E-010  -3.1690086419703431E-010  -1.8590498119763323E-016  -9.7234220753850877E-016   1.1909292269660205E-016   1.1218641159922433E-015  -6.7397167834735088E-016  -1.1849587352714242E-015  -8.3087103618808442E-016  -8.3308762143579561E-016   3.1675959934501221E-016  -6.2880287164136924E-016   7.6673876990707942E-016   1.1761529851166132E-015  0.48791398013806553        1.7515635718093683E-009   1.7414634418078069E-009   3.8247650706229017E-016   1.3708012983427313       -4.2040493466012976E-009  -4.2180206237123251E-009   3.8294552562288108E-016  -1.3827861831125785E-016   8.7244737633973765E-016   6.0171996943921135E-017  -1.1123695279392828E-018  -2.4706632288174297E-016   6.1190010936077881E-017 -0.48437779688778260        1.3292391812152527E-009   1.3346488224425207E-009  -2.4404766072648776E-016   4.1494352682274891E-016
  -4.0419881175023377E-016   1.1442904525847598E-015  -3.6518532623415701E-010   1.0871447498291411E-002   5.5517860923928851E-009  -3.8258466406085290E-016   5.3127721331623432E-016  -3.3353300477605735E-016   5.2984446302728137E-016  -1.9045726269927925E-016  -8.0559521645971531E-016  -3.6026778560547578E-016  -5.1451584924840260E-016   7.1384616662703642E-016   5.8219454750063165E-016   3.0746409036761137E-016  -9.7980462432047248E-016   1.7515623441672484E-009  0.48791398169322514       -7.4275160214871050E-009  -1.5484737783922510E-016  -4.2040493466012976E-009   1.3708012980654118        1.4514861293495268E-008  -1.5429601738916982E-016  -2.1842624937786817E-016   8.0959988299191148E-016  -1.2842267800872366E-016  -1.4300068188705886E-016   1.4658535086520485E-016   2.0919023882367452E-016   1.3292370337766673E-009 -0.48437779688980814       -4.5033329738874972E-009  -1.4366410294223732E-016   2.5742750958627825E-017
  -2.0442107439355032E-017  -2.0806202401815352E-016  -3.1690231597317767E-010   5.5517882379457635E-009   1.0871447746930702E-002  -8.0421416232338405E-016   7.9580375773895312E-016   5.6505106268645732E-016   6.5889457923233037E-016   5.3679826356979260E-016   2.4314237011950129E-016   5.7638166860843951E-016   1.2290256660407481E-016   3.5711461112194348E-016   8.5358801787629059E-017  -7.2990617915561646E-016  -5.1313229476539563E-016   1.7414629685738874E-009  -7.4275187698176395E-009  0.48791398137512104       -7.9141478277339575E-017  -4.2180206237123251E-009   1.4514861293495268E-008   1.3708012986781313        4.2523053034001244E-017   1.0055632434541203E-016  -5.8755824925446466E-016  -1.6807472558325770E-016  -2.4595356391479914E-016   4.9021771717000107E-016   1.8016436131939647E-016   1.3346462210959194E-009  -4.5033331888034728E-009 -0.48437779707960366       -4.5180302399447008E-016  -2.9823171999866767E-016
  -9.9611318730113182E-002  -3.5452567546720756E-002  -2.8011578511085282E-017  -1.4050252844176584E-016  -1.4925552309470118E-016  -2.5352460177487944E-009  -7.8471248623990081E-010  -8.3689999216589657E-010   1.3028863252248326E-009  -1.5888795950182093E-009   1.2323790889241028E-009  -1.9812937974110676E-009   3.6460121059216575E-011  -2.2163212437891603E-012   1.0592620942841354E-009  -3.4892787724297871E-009   9.2199867971880422E-010  -1.5122361199802891E-016   3.1569821570208133E-016   8.9153907286393948E-017  0.61166813977718704        3.8294552562288108E-016  -1.5429601738916982E-016   4.2523053034001244E-017  0.80751605377497371       -2.9128252738143229E-009  -3.3611676750137792E-010  -3.9424208752887002E-010   1.5326450753940684E-009  -3.7816365401549025E-009   1.3801426969575203E-009  -1.0063071256240088E-015  -2.4709648280111354E-016  -6.2898675447002045E-016 -0.44568284817326542       0.10193776294284233     
   1.6762594185797826E-009   8.1561660511965198E-010  -1.2814757014030280E-018  -1.7061545781551341E-018   5.5034222363541503E-019   5.1873321243561858E-017   1.2366689609611707E-017   1.3422526930496445E-017  -2.6891302695599763E-017   4.5271972755350635E-017  -2.4982114864190473E-017   1.1093281001457173E-017   1.0475144885846412E-017   1.0726347544440258E-017  -5.2556390661500015E-018  -1.7407080338772566E-017  -5.8375724493527517E-018  -4.6214241020445615E-017  -7.8169745016032888E-017   3.9807835814075514E-017  -2.4384395549487312E-009  -1.3827861831125785E-016  -2.1842624937786817E-016   1.0055632434541203E-016  -2.9128252738143229E-009   1.4000498346794276E-017   5.8481814842263826E-018   6.1412952952960198E-018  -7.0990759979773318E-018   3.5341969070059064E-018  -6.9013040294225604E-018  -2.2310232626975933E-016   1.1562054560692813E-016  -3.9919079235987512E-016   1.8790236337522809E-009  -4.6339913854588397E-010
   1.8103812798849818E-009   9.3760659767161973E-010   6.3165068135241665E-018   5.3212064528861928E-018  -4.5386665904036660E-018   5.8440393006183715E-017   1.3131558823258297E-017   1.4318466654657572E-017  -3.0346295957257370E-017   5.3773312902102493E-017  -2.8094144919699017E-017   6.1028136263585095E-018   1.4238928109815411E-017   1.4404627920582214E-017  -2.3554245986060152E-018  -3.8898469935881514E-017  -3.7474402909794742E-018   3.2032703428435102E-016   3.0603247559614718E-016  -2.1109958034680933E-016  -5.5358253688237779E-010   8.7244737633973765E-016   8.0959988299191148E-016  -5.8755824925446466E-016  -3.3611676750137792E-010   5.8481814842263826E-018   6.3708614023223368E-018   6.5060443954748243E-018  -2.7170447309798124E-018  -1.2112131868379433E-017  -3.1311425344881990E-018  -1.1950357306360692E-015  -1.9039486220755317E-015   3.8579866068764702E-016   1.2815037831854388E-010  -3.2208761775607310E-011
   1.8490777487771019E-009   9.5661920056901393E-010  -2.4540559250032932E-019  -1.2525914229730671E-018  -1.4455806648454749E-018   5.9645730622615665E-017   1.3416315147279410E-017   1.4627748174660503E-017  -3.0971311190156493E-017   5.4834248602450243E-017  -2.8674469344478000E-017   6.3398287457417852E-018   1.4490240203594420E-017   1.4661396368272438E-017  -2.4659758396581015E-018  -3.9365529420159486E-017  -3.8739029750813353E-018   3.3160928259541002E-017  -4.1905303790924786E-017  -5.7993043880263998E-017  -6.0312480270560466E-010   6.0171996943921135E-017  -1.2842267800872366E-016  -1.6807472558325770E-016  -3.9424208752887002E-010   6.1412952952960198E-018   6.5060443954748243E-018   6.6474053641325513E-018  -2.8648648896086086E-018  -1.2082232233242578E-017  -3.2764338889322065E-018  -1.0845570660459414E-015  -2.9909781153513088E-016  -1.0633454335037708E-016   1.6535933516533699E-010  -4.1387781261257730E-011
  -7.7977643714417954E-010  -3.7582892649758124E-010   2.9527578666977848E-019  -8.5741822660266790E-019  -1.5493314306243531E-018  -2.3978093981717067E-017  -5.7670411049551387E-018  -6.2552589668630573E-018   1.2427124871985114E-017  -2.0751547459492803E-017   1.1551017464757919E-017  -5.5320750879080361E-018  -4.6879580607371664E-018  -4.8114907584812135E-018   2.6547977955533321E-018   6.8269455447218255E-018   2.8772369831332371E-018  -5.3380383521959826E-018  -5.5395271904013089E-017  -9.4064238964296809E-017   1.2658283799215843E-009  -1.1123695279392828E-018  -1.4300068188705886E-016  -2.4595356391479914E-016   1.5326450753940684E-009  -7.0990759979773318E-018  -2.7170447309798124E-018  -2.8648648896086086E-018   3.6153481812723559E-018  -2.6511008187098593E-018   3.4836643318367542E-018   4.4785989269711816E-016   4.5765553467439277E-016   6.7734462089572260E-016  -9.9430155494691710E-010   2.4517068625941903E-010
  -3.4174009010345801E-009  -1.8590541353395109E-009  -1.0967574893470499E-018   1.1457734373270383E-018   3.5416537117350430E-018  -1.1411422028202024E-016  -2.4435000918855639E-017  -2.6748716025184944E-017   5.9332241019838822E-017  -1.0917456144519758E-016   5.4781981372416305E-017  -2.2815385180804487E-018  -3.1476609657849291E-017  -3.1623421197104790E-017  -7.7292759550881614E-019   1.0501639243364991E-016   3.0547614011591410E-018  -1.0195883323679550E-016   5.2446961950834683E-017   1.8011004372868934E-016  -2.2240944160013855E-009  -2.4706632288174297E-016   1.4658535086520485E-016   4.9021771717000107E-016  -3.7816365401549025E-009   3.5341969070059064E-018  -1.2112131868379433E-017  -1.2082232233242578E-017  -2.6511008187098593E-018   4.7899458853456154E-017  -8.8287524710773575E-019   1.3566673249862382E-015  -7.6455106635262331E-017  -6.8253383892063206E-016   2.7462414397882538E-009  -6.7517237366321015E-010
  -8.9648445045237418E-010  -4.3978922574364809E-010   4.0467450960921520E-019   1.4061082669495838E-018   1.1307376988664779E-018  -2.7895307354170287E-017  -6.5996562445214070E-018  -7.1672772968850754E-018   1.4464220061202830E-017  -2.4520534473736827E-017   1.3431135253339040E-017  -5.5611324696833111E-018  -5.7872375032310168E-018  -5.9149061904580034E-018   2.6007988866288995E-018   1.0580434775706965E-017   2.9603044081221123E-018   2.3089562873356149E-017   7.8568214592297876E-017   6.8971094838033374E-017   1.1725840122459846E-009   6.1190010936077881E-017   2.0919023882367452E-016   1.8016436131939647E-016   1.3801426969575203E-009  -6.9013040294225604E-018  -3.1311425344881990E-018  -3.2764338889322065E-018   3.4836643318367542E-018  -8.8287524710773575E-019   3.4175848649176678E-018  -1.4023073320121718E-016  -4.4608263232858808E-016  -5.0229838671178033E-016  -8.8470881757801688E-010   2.1822006903325809E-010
   2.8040075766490496E-016   4.8042484062555106E-016  -2.4800232696325880E-003   1.4136312066812273E-010   1.2308750730849833E-010   1.0713108350621629E-015  -1.0919113370569083E-015   7.8157251723343605E-016  -1.7715823531434674E-015   8.6098597797510267E-016  -9.9834245936137538E-017   2.5580495454217168E-017   2.7771867112617931E-015   2.3250172386248483E-016   1.3404535000565821E-016  -1.5753021622875509E-015  -2.1773885995569284E-016 -0.19453204573260663       -7.8195347951649677E-010  -7.7849845373245696E-010   7.8294694901979703E-016 -0.48437779688778260        1.3292370337766673E-009   1.3346462210959194E-009  -1.0063071256240088E-015  -2.2310232626975933E-016  -1.1950357306360692E-015  -1.0845570660459414E-015   4.4785989269711816E-016   1.3566673249862382E-015  -1.4023073320121718E-016   2.1744648333066734       -3.9962861034139978E-010  -4.0165292665286719E-010   3.2918588523842769E-017   2.9238677954362069E-016
   9.5550100489852829E-016   4.7348570618875009E-016   1.4136288234693269E-010  -2.4800215652257479E-003  -2.1130393930317277E-009   1.1483200667077262E-015  -2.3804952079828913E-015  -2.2089458712350296E-016  -1.7495447695522827E-015   5.3973466320456889E-016   1.4681640399129709E-016  -8.9659268796062629E-016   2.4159998273867841E-015   7.5054208001906360E-016   4.3672827402258528E-016  -1.2119773996091053E-015   6.5312150914037460E-016  -7.8195407974776011E-010 -0.19453204633152724        3.2244858054173868E-009  -4.2118333545950045E-016   1.3292391812152527E-009 -0.48437779688980814       -4.5033331888034728E-009  -2.4709648280111354E-016   1.1562054560692813E-016  -1.9039486220755317E-015  -2.9909781153513088E-016   4.5765553467439277E-016  -7.6455106635262331E-017  -4.4608263232858808E-016  -3.9962861034139978E-010   2.1744648333430496        1.3196051041623524E-009  -1.4807631327987670E-016  -4.4969999783284983E-017
  -3.7859774305099976E-017   6.9909162977321579E-016   1.2308646376888363E-010  -2.1130428542216437E-009  -2.4800216598253673E-003   6.2562292232231585E-016   3.7233431291047065E-016  -1.3006465987217016E-015   5.1572711731550542E-017  -2.4750583884748624E-015  -1.1865960303927700E-015  -4.3466129638533842E-016   8.1973791980761915E-017   1.4807498253217766E-015   1.3461044485777043E-016   2.0091269664479168E-015  -3.4922831903381254E-016  -7.7849780389047389E-010   3.2244887404763345E-009 -0.19453204619368886        1.0213168584782325E-015   1.3346488224425207E-009  -4.5033329738874972E-009 -0.48437779707960366       -6.2898675447002045E-016  -3.9919079235987512E-016   3.8579866068764702E-016  -1.0633454335037708E-016   6.7734462089572260E-016  -6.8253383892063206E-016  -5.0229838671178033E-016  -4.0165292665286719E-010   1.3196051041623524E-009   2.1744648333985417       -6.5421131309806089E-016  -2.0275028801757409E-016
   4.5001960908591189E-002   1.9114989434794380E-002   3.7078095914655910E-016   6.3637638062771108E-016  -7.4839546171060259E-016   1.1141780181046933E-009   3.8150907351131646E-010   4.0456238264126581E-010  -5.7025817229193516E-010   5.7148580496670090E-010  -5.4390738015332790E-010   1.1829302649957752E-009  -1.3868430195834504E-010  -1.1597225845575337E-010  -6.3982949365062603E-010   2.4877345580602988E-009  -5.4309111833608469E-010  -3.7578150378861808E-016  -1.9623675507765865E-016   7.1776828159653352E-016 -0.40253145036674925       -2.4404766072648776E-016  -1.4366410294223732E-016  -4.5180302399447008E-016 -0.44568284817326542        1.8790236337522809E-009   1.2815037831854388E-010   1.6535933516533699E-010  -9.9430155494691710E-010   2.7462414397882538E-009  -8.8470881757801688E-010   3.2918588523842769E-017  -1.4807631327987670E-016  -6.5421131309806089E-016   2.4645561372875679      -0.68438078297075822     
  -1.1229118082039915E-002  -6.0138357043329387E-003  -3.8448981348915619E-016  -1.7123229122910862E-015   9.4863783385139660E-016  -2.9745389425150316E-010  -9.8461498480695295E-011  -1.0460513992863718E-010   1.5245444495569680E-010  -1.6429744244553426E-010   1.4499132076458312E-010  -2.8958188870455073E-010   2.6986930737715821E-011   2.1405182400928114E-011   1.5618872090737912E-010  -5.8491081411747398E-010   1.3338728941800853E-010   1.6926485813119387E-016   7.7854042396168357E-016   6.7564794193071561E-017  0.10141871557915205        4.1494352682274891E-016   2.5742750958627825E-017  -2.9823171999866767E-016  0.10193776294284233       -4.6339913854588397E-010  -3.2208761775607310E-011  -4.1387781261257730E-011   2.4517068625941903E-010  -6.7517237366321015E-010   2.1822006903325809E-010   2.9238677954362069E-016  -4.4969999783284983E-017  -2.0275028801757409E-016 -0.68438078297075822        2.1901662446971821     
