  0.15820504061398996        1.2667578721481807E-007  -6.4042748180139555E-008   4.4174956272890123E-008  -8.8448285074507957E-008   1.6759736771504112E-008  -4.8290783110757789E-008   3.4424869966037019E-009  -7.2374597442492531E-008   8.5005800388762516E-008  0.31370231711177915        8.8603155982612425E-008  -3.4376892092242387E-008   6.2852123063062485E-008   1.8123163188414601E-009   3.8819231141596181E-009  -1.5662660652545230E-009  -1.9830533508047586E-009   8.0734466993001199E-010  -4.4838434682265611E-010  -3.2125353020828332E-009  -1.0869112422788508E-009   4.2814518365988151E-010   1.9775612611684929E-009  -2.8110646085184279E-008   1.7956931790198057E-008  -2.3220612566122936E-008   9.1862345110722135E-009  -1.1355452626117050E-008   1.8924417072591612E-008  0.19207016339708374        5.7034359742972685E-008  -2.5145076389636442E-008  -9.1916814114656579E-009  -5.3434861362339864E-010  -5.1303127662399938E-009  -1.0890957661955154E-009  -1.0265636137958794E-008   1.0280781237813510E-008 -0.21330618020728767       -6.9781447563049787E-008   3.0246973051916529E-008  -3.6943356866123015E-008   2.8497027994564632E-008  -9.1663591598100199E-009   1.8004716513379294E-008  -4.9265676242243907E-009   1.8511178576337744E-008  -2.3570459671703443E-008  -2.7767566196460612E-008   6.2610888616093957E-002   2.1312251832008048E-008  -9.2375836263900917E-009   1.2586575768308539E-008  -4.0334238396309509E-009
   1.2667578721481807E-007  0.15820492852883536        7.8879966331089679E-008  -4.3918871775720892E-008  -6.6939485245460712E-008   5.3128337810636050E-008  -7.9928172388956512E-008   1.0705874604500226E-007  -4.5187792658094818E-008  -4.0119258422481114E-008   8.6687563177903433E-008  0.31370224006416536        4.5234306136115380E-008  -6.6935768790893605E-008  -3.8707998124014593E-009   3.5456561683422281E-010   8.1888499154923408E-010   5.1000217408538827E-009  -1.2817685565723772E-009   9.3200922112627931E-011  -1.6419418971914364E-009   2.6852943471514299E-009   1.8483250028996198E-009  -2.6118608111246970E-009  -1.8709367356111862E-008  -4.0030864865275263E-009  -1.3035502880320368E-008   3.4388732213603973E-008  -2.3867436393372720E-008  -1.5679373639542136E-008   5.6250993030899967E-008  0.19207011260208945        3.2986535109967227E-008  -7.7768675079312988E-009   1.0297226370241094E-008  -1.1443812638272055E-008   1.1648334715958086E-008  -4.6574125829579576E-009  -3.8714774447672120E-009  -6.8788695876494712E-008 -0.21330611856880391       -3.9248259722367718E-008   3.7756291984632425E-008   2.0042495886914975E-008  -9.7146913727225767E-009   2.0612835631298246E-008  -3.4621730061972640E-008   1.7830304585045537E-008   1.4579232855664089E-008   3.0288614920140298E-008   2.1009438716805894E-008   6.2610869792346244E-002   1.1980196372279241E-008  -1.3291572329508489E-008   4.3538842120622322E-009
  -6.4042748180139555E-008   7.8879966331089679E-008  0.15820524215253798        3.1128221119718572E-008   1.9812675048866121E-008   7.6507550419097445E-008   1.0318179563306041E-008  -7.2214507416358652E-009  -8.0464781333222443E-008  -1.2591216516155461E-008  -5.3068967532003762E-008   6.1592781683973534E-008  0.31370245280185954        3.7143764783112422E-008   1.6530259839183311E-009  -3.2070894293460014E-010  -2.6274216187307792E-009   1.4442875324974876E-010   3.9569057932408657E-009  -2.3621963848610530E-009  -1.7041600891889141E-009  -3.6446584195930487E-009   2.6070799722203448E-009   4.6749433721958679E-009   1.1412066775344297E-008   9.9075662263213792E-009  -1.6419665128627842E-008   5.6316892148722671E-009   7.2990761788710998E-009  -1.7043758549203649E-008  -3.3712131017371219E-008   4.0690862029388211E-008  0.19207025857250176        1.8117799989473359E-009   1.0978850062110935E-008   3.2606846790516334E-009  -2.2197244715253820E-009  -1.3445011681624842E-008   4.0793714020631561E-010   4.0460497007767328E-008  -4.8307707074105358E-008 -0.21330629255577310       -1.9133840191597469E-008  -7.7382326010437076E-009  -1.7658941809608369E-008   3.9516327951616783E-009  -1.6734575307246740E-010   1.3505753192765183E-008   7.9055778512534665E-009  -2.2997539998767148E-008  -1.2343217077674867E-008   1.4733101871655083E-008   6.2610922891068774E-002   8.5973247765836734E-009  -3.1489316015208827E-009
   4.4174956272890123E-008  -4.3918871775720892E-008   3.1128221119718572E-008  0.69399859808786291       -4.6486762234562632E-009   4.7901328318264039E-009   1.2989503186110539E-009  -1.0678291885257918E-008   1.2607572452565957E-009   1.5326660759891749E-008  -3.5048817777935000E-008   3.7572206408994564E-008  -9.4010691653423448E-009  0.80538839117706906       -1.0343758398987219E-008  -4.6237983836502400E-009  -2.0108411748476321E-009   8.5793815504119743E-009  -5.6133340478648096E-009   5.2982259635217624E-009   1.2262625942352457E-008  -4.1805071192877000E-009  -1.1828240750773174E-008   4.6147584049007897E-009   3.5108298849360521E-009  -1.3494802353665841E-008   7.4416017304248264E-009   1.5658119937511460E-008  -9.3305835504983182E-009  -1.9167937152798156E-008  -2.7978974293152968E-008   3.4064663038476104E-008  -2.8486643947004604E-008  -1.5897917805742782E-009   2.3830063029196788E-010  -4.6386131283650027E-010  -2.8367383325882710E-009   9.5172057575969826E-010   4.4277319474793637E-009   2.5380365829601254E-008  -3.0952027767856480E-008   2.2325601445939758E-008 -0.54119308920064946       -1.9461663538013240E-010  -8.1043854693808705E-010  -1.6846950707589985E-009  -1.3117443486371232E-009   8.9118504966658477E-010   1.5064545064307483E-009 -0.34655592075595254       -7.8344055355000817E-009   9.5986272607221169E-009  -7.0540763574567604E-009  0.17395264263484106       -5.1254454447819411E-002
  -8.8448285074507957E-008  -6.6939485245460712E-008   1.9812675048866121E-008  -4.6486762234562632E-009   1.5249227464104954E-004   4.7621474139038305E-012  -1.4809560903441886E-012  -7.6246121469072839E-005  -7.9048462071124406E-012  -7.6246153172020303E-005  -1.7542085740646486E-007  -1.3273427841067345E-007   3.9193331946000080E-008  -5.3888666886582537E-009  -7.0346853909198783E-011   9.6446160245967577E-011  -1.2457996545536603E-010   3.8307368368035118E-011  -9.4792093291271070E-012   5.6072823858390888E-011  -5.1284117085865640E-011   2.9751622730718344E-011  -2.7641268282785486E-011   7.0680848297459376E-011  -7.4518931928327443E-005  -2.0468479013409337E-011   8.7275246947373617E-012   3.7259433187033733E-005   2.2236431882268315E-011   3.7259498739473023E-005  -1.0741308891951979E-007  -8.1282283680161812E-008   2.4221403342385866E-008   3.0619551184587653E-003   6.7536594240821685E-011  -1.1745683175211233E-011  -1.5309773708054573E-003  -1.0454607183679724E-010  -1.5309777476551038E-003   1.1953189908633425E-007   9.0487464137251231E-008  -2.5252324036891432E-008   3.5244433147528730E-009   1.5928091112787628E-002   2.5659485318345519E-010  -1.7907476355812319E-011  -7.9640447248239821E-003  -4.4331967222806315E-010  -7.9640463879654885E-003   2.2293788907583962E-009  -3.6123577853624624E-008  -2.7365486877672739E-008   7.3681336037879857E-009  -1.0882729378502286E-009   3.3003183470326349E-010
   1.6759736771504112E-008   5.3128337810636050E-008   7.6507550419097445E-008   4.7901328318264039E-009   4.7621474139038305E-012   1.5249226503112926E-004   4.6173687532791708E-012   6.4902890107155307E-012  -3.9897366989709328E-012  -1.1252516879351790E-011   3.3112657315167447E-008   1.0549795106825187E-007   1.5172031525256846E-007   5.6653726827267113E-009  -6.4955028430706547E-011  -6.8155434370754023E-011  -6.3047551215528713E-012   1.0751004878819551E-010  -1.0136418130187122E-010  -2.0363712097658328E-011   3.2132254450914853E-011  -4.5052812796118412E-012   2.5045489831710839E-011   8.0573045085681183E-012  -2.0037499158438433E-011  -7.4518902404307970E-005  -1.8117010224488188E-011  -1.7917618028585755E-011   1.4090514713712603E-011   3.7955206490060261E-011   2.0591474247208274E-008   6.4175588111752888E-008   9.2749946539249916E-008   6.4343084348667437E-011   3.0619550028914400E-003   6.2187618067005380E-011   8.2734546638199423E-011  -4.9801071509892873E-011  -1.4707749117725468E-010  -2.1014568226249119E-008  -7.3921693907439807E-008  -1.0458103617420900E-007  -3.2409354055680389E-009   2.3547210356333367E-010   1.5928090614226880E-002   2.4634546903019604E-010   3.2873654552957887E-010  -2.0435644530283671E-010  -5.6420867271108294E-010  -2.0101224025241834E-009   6.0365984171817729E-009   2.2778868235038507E-008   3.1886560386776464E-008   7.3343552351519604E-010  -2.4711704687490809E-010
  -4.8290783110757789E-008  -7.9928172388956512E-008   1.0318179563306041E-008   1.2989503186110539E-009  -1.4809560903441886E-012   4.6173687532791708E-012   1.5249229423925774E-004   7.8939568546758317E-012   4.0426296862175642E-012  -6.4130052260279585E-012  -9.5636442425489252E-008  -1.5856615865145485E-007   2.0540273560634202E-008   1.4869582776696608E-009   8.1943247522092812E-011   1.9581245350404535E-011  -7.9982690686207859E-011   3.4435405999965579E-011   7.8382406334013642E-011  -1.4437380238213612E-010  -6.5055729316135535E-012   1.2049353324162438E-011  -1.0853091409369057E-011   5.0634513616738612E-011   9.0031703493966987E-012  -1.6680073360518112E-011  -7.4518980664484562E-005  -1.8918396244704042E-011  -2.8097491069891247E-011   9.9152636122109395E-012  -5.8872728157561330E-008  -9.6863329710870589E-008   1.2329345966814535E-008  -3.3865553343271133E-011   6.0736979262980966E-011   3.0619553525715326E-003   8.9970406160782859E-011   6.7806920813416665E-011  -5.6104799678912601E-011   6.2920853513858818E-008   1.0935636896070316E-007  -1.5212899360672634E-008  -1.2215703079455889E-009  -1.4069043634811108E-010   2.3264003719405437E-010   1.5928092130591487E-002   3.8395085994629800E-010   2.0827446431038664E-010  -2.4326042065435038E-010  -8.1205720537135616E-010  -1.8608748140692560E-008  -3.3336263388056739E-008   4.8578287723902741E-009   5.2885476237022318E-010  -1.4705694450760672E-010
   3.4424869966037019E-009   1.0705874604500226E-007  -7.2214507416358652E-009  -1.0678291885257918E-008  -7.6246121469072839E-005   6.4902890107155307E-012   7.8939568546758317E-012   1.5249226571416015E-004   1.0720290746063187E-012  -7.6246144245367727E-005   6.8343827336284667E-009   2.1230692749629291E-007  -1.4444831942844696E-008  -1.2428971179584126E-008   3.1533642850307331E-011  -7.2824884125327158E-011   2.9285701043116489E-011  -5.9112322231430233E-011  -1.1240663970828111E-011   1.6805497508467583E-011   9.8721391948052681E-011  -1.2051152107861953E-010  -5.9623774767023364E-011   6.7995696234941946E-011   3.7259433218562711E-005  -1.8513199075006212E-011  -1.9318554985120873E-011  -7.4518909118408518E-005  -9.2733179181626534E-012   3.7259475901550694E-005   4.2622882896173221E-009   1.3004541291563177E-007  -8.5322301770256281E-009  -1.5309773745723733E-003   8.3306575550233449E-011   9.9692348562760884E-011   3.0619550100533426E-003   6.5370267810751030E-012  -1.5309776354788208E-003  -4.0921120077772816E-009  -1.4421647996144284E-007   1.1766643985824756E-008   7.8528897362424740E-009  -7.9640447443925979E-003   3.3579530420354469E-010   4.4029956251328854E-010   1.5928090651055937E-002  -9.9292382595934949E-012  -7.9640459066640731E-003   4.9343202860726253E-009   1.0989024957261406E-009   4.3502576867428415E-008  -3.9216667724104536E-009  -2.2626144264810140E-009   7.0084717412629331E-010
  -7.2374597442492531E-008  -4.5187792658094818E-008  -8.0464781333222443E-008   1.2607572452565957E-009  -7.9048462071124406E-012  -3.9897366989709328E-012   4.0426296862175642E-012   1.0720290746063187E-012   1.5249228277842679E-004   6.8328542241089968E-012  -1.4358177047330997E-007  -8.9495937336131611E-008  -1.5974942746348211E-007   1.5017296482930630E-009  -5.6626938599515650E-012   3.6775663383079567E-011  -3.1631655299423074E-011   1.9916195024616606E-011  -5.6512145566426734E-011  -1.2318890037463220E-011   7.7447458713836377E-011   9.9827488140135566E-011  -1.4068232761233979E-010  -5.0830167632530836E-011   2.1605667757368356E-011   1.2402861376196102E-011  -2.7800902916258466E-011  -9.5972547969751585E-012  -7.4518951489676701E-005  -1.2008371267827501E-011  -8.7711097153271715E-008  -5.5100278567369415E-008  -9.7260351033496091E-008  -9.3770986497123208E-011  -5.0698691430885144E-011   6.6537788532680791E-011   3.1308146209441739E-011   3.0619552138640583E-003   6.2462832161314375E-011   9.9009008135646436E-008   5.8727209475611314E-008   1.1189877662554870E-007  -7.1242904816726420E-010  -3.7848311910324519E-010  -2.0168449322938550E-010   1.9738578516264854E-010   1.2218977541331392E-010   1.5928091535215065E-002   2.5629325790654049E-010  -4.2033621686058894E-010  -3.0179233462906305E-008  -1.7332812687511199E-008  -3.4456615179425039E-008   6.0978077310987677E-011  -3.2953217333895812E-011
   8.5005800388762516E-008  -4.0119258422481114E-008  -1.2591216516155461E-008   1.5326660759891749E-008  -7.6246153172020303E-005  -1.1252516879351790E-011  -6.4130052260279585E-012  -7.6246144245367727E-005   6.8328542241089968E-012   1.5249229741771202E-004   1.6858647923877675E-007  -7.9572644391902424E-008  -2.4748484465294957E-008   1.7817469019734237E-008   3.8813211063596074E-011  -2.3621276118460941E-011   9.5294264413122594E-011   2.0804953859681649E-011   2.0719873302719823E-011  -7.2878321369456904E-011  -4.7437274867961201E-011   9.0759898349890624E-011   8.7265043055376227E-011  -1.3867654453453492E-010   3.7259498709786043E-005   3.8981717413001438E-011   1.0591032464923106E-011   3.7259475931511808E-005  -1.2963132088727216E-011  -7.4518974641182045E-005   1.0315080331792394E-007  -4.8763126554347963E-008  -1.5689163372160824E-008  -1.5309777438872675E-003  -1.5084478532619659E-010  -8.7946754936810030E-011  -1.5309776392535158E-003   9.8009789958450977E-011   3.0619553831404303E-003  -1.1543979522751246E-007   5.3729004146071684E-008   1.3485685309045663E-008  -1.1377246994622713E-008  -7.9640463683995841E-003  -5.9239856129582303E-010  -4.2239255198657744E-010  -7.9640459262612442E-003   4.5325278543105184E-010   1.5928092294663403E-002  -7.1637255064867527E-009   3.5024671074218968E-008  -1.6137096334057742E-008  -3.4464402663237944E-009   3.3509303798641333E-009  -1.0308678785099432E-009
  0.31370231711177915        8.6687563177903433E-008  -5.3068967532003762E-008  -3.5048817777935000E-008  -1.7542085740646486E-007   3.3112657315167447E-008  -9.5636442425489252E-008   6.8343827336284667E-009  -1.4358177047330997E-007   1.6858647923877675E-007  0.62213211239728083       -1.5046250901736580E-007   7.8402309482502762E-008  -1.7565061615482987E-008   3.5941880938635021E-009   7.6948093506640391E-009  -3.1047324581725745E-009  -3.9307554355233744E-009   1.5997393897740836E-009  -8.9127502027129166E-010  -6.3687920042943211E-009  -2.1558830359170862E-009   8.4982158244173705E-010   3.9210306017263299E-009  -5.5742174247530297E-008   3.5705942098299289E-008  -4.6158421357043565E-008   1.8218181029215999E-008  -2.2480439422472603E-008   3.7524004127906158E-008  0.38051513645947393       -8.6800822646154399E-008   3.9965612028481295E-008  -1.8851492160344924E-008  -3.3823377454343380E-009  -7.8828013368930987E-009  -1.9463265080201608E-009  -2.1577299439821707E-008   2.0797826731997961E-008 -0.43257926860692097        7.8218296930955100E-008  -3.7421185774140611E-008   2.3819768969724204E-008   5.3184026165761433E-008  -2.9959223229335572E-008   4.7247802620242123E-008  -8.5938699506677513E-009   3.0464318731539492E-008  -4.4590154830289469E-008   7.7274968805240472E-009  0.13839665939647769       -2.2774770684656496E-008   1.0927425685503800E-008  -8.0229449063635028E-009   1.8141696384861133E-009
   8.8603155982612425E-008  0.31370224006416536        6.1592781683973534E-008   3.7572206408994564E-008  -1.3273427841067345E-007   1.0549795106825187E-007  -1.5856615865145485E-007   2.1230692749629291E-007  -8.9495937336131611E-008  -7.9572644391902424E-008  -1.5046250901736580E-007  0.62213224753096052       -9.8307663585022712E-008   1.1688098886316698E-008  -7.6741382296477223E-009   7.0289756969743869E-010   1.6245426615269032E-009   1.0110382518931461E-008  -2.5408065061727486E-009   1.8555385102838401E-010  -3.2539073163698815E-009   5.3234895113383471E-009   3.6626662158654422E-009  -5.1787569253613930E-009  -3.7118184796972209E-008  -8.0406610043476350E-009  -2.5808958681045270E-008   6.8211599106914196E-008  -4.7432911710029835E-008  -3.1093431789785459E-008  -8.6029637260767077E-008  0.38051521215808493       -4.9802717437495421E-008  -1.5325935408566703E-008   2.3202827122762424E-008  -2.4019843702663155E-008   2.3396326892798638E-008  -7.2014884868127141E-009  -8.0704118442693972E-009   7.7574148448568040E-008 -0.43257933848468844        4.7299960705926808E-008  -2.5252694789915950E-008   4.0165105731789032E-008  -5.0943602659565281E-009   3.4088236320153377E-008  -6.6957983971817101E-008   4.5582940681027605E-008   2.6792875648284280E-008  -5.3794656939426781E-009  -2.2580170989000185E-008  0.13839667983639303       -1.3846652495383844E-008   8.7920193937127522E-009  -1.7692330326820969E-009
  -3.4376892092242387E-008   4.5234306136115380E-008  0.31370245280185954       -9.4010691653423448E-009   3.9193331946000080E-008   1.5172031525256846E-007   2.0540273560634202E-008  -1.4444831942844696E-008  -1.5974942746348211E-007  -2.4748484465294957E-008   7.8402309482502762E-008  -9.8307663585022712E-008  0.62213185810822713       -8.3904282808161995E-009   3.2773591996611844E-009  -6.3554887624338088E-010  -5.2093114454970849E-009   2.8617815575434456E-010   7.8440510232838111E-009  -4.6832180238412880E-009  -3.3785720589659195E-009  -7.2251981775629398E-009   5.1683796358995134E-009   9.2681579220827062E-009   2.2709500240318132E-008   1.9646283111729215E-008  -3.2624705475188347E-008   1.1264246477672344E-008   1.4611451491155144E-008  -3.3973751437834170E-008   4.5661714321815845E-008  -5.4377656217696052E-008  0.38051500455933723        1.8025318220838026E-009   2.1838855943846660E-008   7.9778246702044339E-009  -6.7646647608177187E-009  -3.0259094516150965E-008   4.9621186966627545E-009  -4.2617162599322843E-008   5.1604172096185626E-008 -0.43257914067779324        2.3679590244677490E-008  -2.4413827042833189E-008  -3.4711357254534536E-008   1.5473879356211985E-008  -1.2335553233744650E-008   8.4998587034779268E-009   3.6749379357867693E-008  -3.2401760189543452E-009   1.2508078857421132E-008  -1.5159171429768948E-008  0.13839662171456427       -8.0107393825760469E-009   1.0101720123071462E-009
   6.2852123063062485E-008  -6.6935768790893605E-008   3.7143764783112422E-008  0.80538839117706906       -5.3888666886582537E-009   5.6653726827267113E-009   1.4869582776696608E-009  -1.2428971179584126E-008   1.5017296482930630E-009   1.7817469019734237E-008  -1.7565061615482987E-008   1.1688098886316698E-008  -8.3904282808161995E-009  0.93782260129697370       -1.2006805772745433E-008  -5.3675864257049214E-009  -2.3341611128232707E-009   9.9587400724682164E-009  -6.5154112072155332E-009   6.1500795702583044E-009   1.4234175277292028E-008  -4.8519220828224781E-009  -1.3729563740980133E-008   5.3561899973963509E-009   4.0847079545177886E-009  -1.5832411271246629E-008   8.7023825664805772E-009   1.8284934710043665E-008  -1.0913318521012956E-008  -2.2368420109457347E-008  -1.8779062408601069E-008   2.0635289881854328E-008  -3.2380842445965030E-008  -1.6042391078446178E-009   1.8894004531786341E-009  -7.4066323978493073E-010  -3.4980070831544866E-009   1.6001062284321616E-009   5.1036961347304499E-009   7.4081345275083949E-009  -6.3992696992073276E-009   1.6769108862197965E-008 -0.58807205407455376        1.0914846265386790E-009   6.6519796063022154E-009  -2.6712608613930423E-009  -2.0435456279138143E-009   3.1949567873935120E-009   9.5218719700907469E-010 -0.35537738744087588       -1.8773811246464997E-009   1.5852279192285302E-009  -4.9572984390032584E-009  0.17086194513891714       -5.4910150400659136E-002
   1.8123163188414601E-009  -3.8707998124014593E-009   1.6530259839183311E-009  -1.0343758398987219E-008  -7.0346853909198783E-011  -6.4955028430706547E-011   8.1943247522092812E-011   3.1533642850307331E-011  -5.6626938599515650E-012   3.8813211063596074E-011   3.5941880938635021E-009  -7.6741382296477223E-009   3.2773591996611844E-009  -1.2006805772745433E-008   3.9145588422653495E-016   9.5793927592118229E-017  -1.6029801490387279E-017  -3.1837437601972355E-016   2.5794286832251074E-016  -2.0681833669012274E-016  -1.9585218751111682E-016  -5.9683476144456345E-017   1.6696949326385290E-016   5.6433469282636717E-017   3.4377296502404312E-011   3.1742212935369570E-011  -4.0043010500747527E-011  -1.5411775545398214E-011   2.7675634978930324E-012  -1.8965520971108552E-011   2.1969704569003430E-009  -4.7095561952514262E-009   2.0104216630572452E-009  -1.4125413693588199E-009  -1.3042512966844772E-009   1.6453424300472819E-009   6.3322687425490562E-010  -1.1369206002334942E-010   7.7931449508691552E-010  -2.5498913992195863E-009   4.8720949768197053E-009  -2.1069544051818326E-009   8.0303436935265310E-009  -7.3479490590401785E-009  -6.7846296283969626E-009   8.5589624859220630E-009   3.2940072847898102E-009  -5.9141812371258202E-010   4.0539417742499096E-009   5.1234619945417849E-009   7.7988571760902632E-010  -1.4471458561878129E-009   6.2926639782367584E-010  -2.5599046986990774E-009   7.6587541500439273E-010
   3.8819231141596181E-009   3.5456561683422281E-010  -3.2070894293460014E-010  -4.6237983836502400E-009   9.6446160245967577E-011  -6.8155434370754023E-011   1.9581245350404535E-011  -7.2824884125327158E-011   3.6775663383079567E-011  -2.3621276118460941E-011   7.6948093506640391E-009   7.0289756969743869E-010  -6.3554887624338088E-010  -5.3675864257049214E-009   9.5793927592118229E-017   2.3584864779771751E-016  -1.0472453067526550E-016  -1.0077666679721206E-016   8.5555030041154305E-017  -2.7743408188953014E-017  -2.0554061134462943E-016   8.3833221673170699E-017   3.9913024989763632E-017   1.5571432779093208E-017  -4.7132578378550236E-011   3.3306404347912105E-011  -9.5701254300527757E-012   3.5587962645074128E-011  -1.7972418914090018E-011   1.1544615725480257E-011   4.7327779648422196E-009   4.3191612264015065E-010  -3.9213124549408996E-010   1.9366287273748547E-009  -1.3685279574505762E-009   3.9320773072900839E-010  -1.4622890943140571E-009   7.3846801655944906E-010  -4.7433963307020011E-010  -4.5628018671998756E-009  -4.2797666102572936E-010   3.3934404739717114E-010   3.5848944836896322E-009   1.0074218616689709E-008  -7.1189935283532636E-009   2.0454423369188341E-009  -7.6067330202120615E-009   3.8414642451425996E-009  -2.4674855964790838E-009   2.2846040029450225E-009   1.3273672749656256E-009   1.3097051298761663E-010  -9.4741499817737577E-011  -1.1417026669870602E-009   3.4186265790065702E-010
  -1.5662660652545230E-009   8.1888499154923408E-010  -2.6274216187307792E-009  -2.0108411748476321E-009  -1.2457996545536603E-010  -6.3047551215528713E-012  -7.9982690686207859E-011   2.9285701043116489E-011  -3.1631655299423074E-011   9.5294264413122594E-011  -3.1047324581725745E-009   1.6245426615269032E-009  -5.2093114454970849E-009  -2.3341611128232707E-009  -1.6029801490387279E-017  -1.0472453067526550E-016   2.2933890364683153E-016  -2.7639586444324801E-017  -7.6978676851746414E-017   4.9145449198581669E-017   2.2994203644119175E-017   7.6636272098042808E-017   7.3874507054304603E-017  -2.2806057575338213E-016   6.0879012476023093E-011   3.0800951073337047E-012   3.9085801687430623E-011  -1.4310839485094067E-011   1.5458334519062134E-011  -4.6568172992695607E-011  -1.9092017179678565E-009   9.8902899225695682E-010  -3.1949000797527902E-009  -2.5014966134454894E-009  -1.2657224780640948E-010  -1.6060031057556493E-009   5.8802642812516082E-010  -6.3518119770869579E-010   1.9134701853179466E-009   1.8531161598196134E-009  -1.2739022517085318E-009   3.3684718777470505E-009   1.5608678149190599E-009  -1.3012622643906429E-008  -6.5841945922665474E-010  -8.3543232672792252E-009   3.0588746329730087E-009  -3.3041730826607202E-009   9.9537480109351425E-009   9.9570675275474250E-010  -5.4058453478702617E-010   4.0115657281126380E-010  -1.0072839405195528E-009  -4.9777482243345017E-010   1.4894928962984203E-010
  -1.9830533508047586E-009   5.1000217408538827E-009   1.4442875324974876E-010   8.5793815504119743E-009   3.8307368368035118E-011   1.0751004878819551E-010   3.4435405999965579E-011  -5.9112322231430233E-011   1.9916195024616606E-011   2.0804953859681649E-011  -3.9307554355233744E-009   1.0110382518931461E-008   2.8617815575434456E-010   9.9587400724682164E-009  -3.1837437601972355E-016  -1.0077666679721206E-016  -2.7639586444324801E-017   4.0545988170012547E-016  -1.7525478286979402E-016   2.1683668728726909E-017   1.3017904814878576E-016   1.0220729511874804E-016  -7.3877032918396093E-017  -5.5579479320035811E-017  -1.8720523558051347E-011  -5.2537002594451927E-011  -1.6828692339538386E-011   2.8889389840006448E-011  -9.7335410478742625E-012  -1.0168866270401644E-011  -2.4181726726316654E-009   6.2106536153918647E-009   1.7683779710575977E-010   7.6921114649486727E-010   2.1587061674373841E-009   6.9148139904380186E-010  -1.1870060164544089E-009   3.9991767797282419E-010   4.1779486997328594E-010   2.3163272380891707E-009  -6.2349144905085741E-009  -1.4445591330913582E-010  -6.6610160085777076E-009   4.0013873713040540E-009   1.1229446957952283E-008   3.5970431185113980E-009  -6.1747310437708388E-009   2.0803462370231800E-009   2.1733436724679941E-009  -4.2498461921848743E-009  -6.6699502077702795E-010   1.8378727220166658E-009   4.0166455871752029E-011   2.1270701620443013E-009  -6.3647719736556768E-010
   8.0734466993001199E-010  -1.2817685565723772E-009   3.9569057932408657E-009  -5.6133340478648096E-009  -9.4792093291271070E-012  -1.0136418130187122E-010   7.8382406334013642E-011  -1.1240663970828111E-011  -5.6512145566426734E-011   2.0719873302719823E-011   1.5997393897740836E-009  -2.5408065061727486E-009   7.8440510232838111E-009  -6.5154112072155332E-009   2.5794286832251074E-016   8.5555030041154305E-017  -7.6978676851746414E-017  -1.7525478286979402E-016   2.9048812533927720E-016  -1.7081170329023431E-016  -2.0536713226764955E-016  -9.9664441280453695E-017   1.8997394930004610E-016   1.3166229263555013E-016   4.6328197412828334E-012   4.9535191701157042E-011  -3.8303566893747782E-011   5.4923403178692295E-012   2.7615370532704211E-011  -1.0125160067411093E-011   9.8848271724374652E-010  -1.5622803175508796E-009   4.8197315836327252E-009  -1.9034939305781840E-010  -2.0353636993892932E-009   1.5738596707458875E-009  -2.2568710192229581E-010  -1.1346903234721284E-009   4.1603649497013252E-010  -8.0971287959058333E-010   1.5211500364577639E-009  -4.8003239852831051E-009   4.3634115850932893E-009  -9.9018568845950112E-010  -1.0587830901328273E-008   8.1871147869126091E-009  -1.1740086238366494E-009  -5.9025831401170291E-009   2.1641943122957804E-009   2.7867043538408122E-009   2.2180260703352120E-010  -4.4335630791559110E-010   1.4064840874472417E-009  -1.3959522054813822E-009   4.1744225260239923E-010
  -4.4838434682265611E-010   9.3200922112627931E-011  -2.3621963848610530E-009   5.2982259635217624E-009   5.6072823858390888E-011  -2.0363712097658328E-011  -1.4437380238213612E-010   1.6805497508467583E-011  -1.2318890037463220E-011  -7.2878321369456904E-011  -8.9127502027129166E-010   1.8555385102838401E-010  -4.6832180238412880E-009   6.1500795702583044E-009  -2.0681833669012274E-016  -2.7743408188953014E-017   4.9145449198581669E-017   2.1683668728726909E-017  -1.7081170329023431E-016   2.5579211753277103E-016   1.3258342851203345E-016  -2.2133760242372302E-017  -1.5013593304592271E-016  -2.0133499897042391E-017  -2.7401451670320677E-011   9.9503446839693339E-012   7.0552025169618313E-011  -8.2123215469937534E-012   6.0204630413837286E-012   3.5613773224681403E-011  -5.2932419742224391E-010   1.0787877117371398E-010  -2.8741021770237608E-009   1.1259116428119876E-009  -4.0886900515677670E-010  -2.8989397767489004E-009   3.3744294800544496E-010  -2.4738369361159274E-010  -1.4633545908083708E-009   1.1046563024992216E-009  -3.0168646384160602E-010   2.9712321422895651E-009  -4.1128196021732580E-009   5.8569190957137666E-009  -2.1269089069973302E-009  -1.5080095581609218E-008   1.7553561717681545E-009  -1.2868751466334073E-009  -7.6122752674825134E-009  -2.6239984197367618E-009  -3.7932018919052271E-010   1.0367695640462992E-010  -8.8441678871206521E-010   1.3074025279745062E-009  -3.9105265923865094E-010
  -3.2125353020828332E-009  -1.6419418971914364E-009  -1.7041600891889141E-009   1.2262625942352457E-008  -5.1284117085865640E-011   3.2132254450914853E-011  -6.5055729316135535E-012   9.8721391948052681E-011   7.7447458713836377E-011  -4.7437274867961201E-011  -6.3687920042943211E-009  -3.2539073163698815E-009  -3.3785720589659195E-009   1.4234175277292028E-008  -1.9585218751111682E-016  -2.0554061134462943E-016   2.2994203644119175E-017   1.3017904814878576E-016  -2.0536713226764955E-016   1.3258342851203345E-016   4.2779975869605938E-016  -6.8730321762187160E-017  -3.6841293751752042E-016   3.4089562119582091E-017   2.5062953594210922E-011  -1.5703644744716607E-011   3.1808309755689396E-012  -4.8243478747244474E-011  -3.7844914889982279E-011   2.3180525172143155E-011  -3.9106188329053998E-009  -2.0073021732273658E-009  -2.0737663848627082E-009  -1.0297987998725099E-009   6.4522929703643617E-010  -1.3066251732233059E-010   1.9822933095485586E-009   1.5550429886487479E-009  -9.5249450965322553E-010   3.9780608754030637E-009   1.7470970565821656E-009   2.1335753814677150E-009  -9.5202226976774490E-009  -5.3569482027314766E-009   3.3564423278657167E-009  -6.7969963522119044E-010   1.0311761826545005E-008   8.0892294312475244E-009  -4.9548136238123400E-009  -6.0740769361893222E-009  -1.1748505882374862E-009  -4.9251877577799862E-010  -6.3375462414448197E-010   3.0355909487484411E-009  -9.0820738977189178E-010
  -1.0869112422788508E-009   2.6852943471514299E-009  -3.6446584195930487E-009  -4.1805071192877000E-009   2.9751622730718344E-011  -4.5052812796118412E-012   1.2049353324162438E-011  -1.2051152107861953E-010   9.9827488140135566E-011   9.0759898349890624E-011  -2.1558830359170862E-009   5.3234895113383471E-009  -7.2251981775629398E-009  -4.8519220828224781E-009  -5.9683476144456345E-017   8.3833221673170699E-017   7.6636272098042808E-017   1.0220729511874804E-016  -9.9664441280453695E-017  -2.2133760242372302E-017  -6.8730321762187160E-017   3.3215299605212789E-016   8.3780844097412292E-018  -3.0469375149911586E-016  -1.4539667435484846E-011   2.2008069040763222E-012  -5.8885566612235135E-012   5.8892054949966087E-011  -4.8782721802718348E-011  -4.4352387521746481E-011  -1.3153911164173935E-009   3.2692748567852762E-009  -4.4386015637793893E-009   5.9741435793170849E-010  -9.0443234894609900E-011   2.4196922464436606E-010  -2.4198408066248929E-009   2.0044458150172071E-009   1.8224264486844271E-009   1.6027908502771331E-009  -3.3095353790214509E-009   4.4472323600418226E-009   3.2548493713211349E-009   3.1077116594534154E-009  -4.7047896335589494E-010   1.2587094378209456E-009  -1.2587856322349895E-008   1.0426994889560262E-008   9.4801446628970164E-009   2.0813970641713722E-009  -4.9725612752646437E-010   9.7707719958587703E-010  -1.3105664706403037E-009  -1.0452836574080235E-009   3.1236370172053545E-010
   4.2814518365988151E-010   1.8483250028996198E-009   2.6070799722203448E-009  -1.1828240750773174E-008  -2.7641268282785486E-011   2.5045489831710839E-011  -1.0853091409369057E-011  -5.9623774767023364E-011  -1.4068232761233979E-010   8.7265043055376227E-011   8.4982158244173705E-010   3.6626662158654422E-009   5.1683796358995134E-009  -1.3729563740980133E-008   1.6696949326385290E-016   3.9913024989763632E-017   7.3874507054304603E-017  -7.3877032918396093E-017   1.8997394930004610E-016  -1.5013593304592271E-016  -3.6841293751752042E-016   8.3780844097412292E-018   4.5436471799013041E-016  -6.1307261185092024E-017   1.3507083543692779E-011  -1.2237753375643001E-011   5.3025870173187235E-012   2.9137462452550336E-011   6.8746697756375214E-011  -4.2644546013885488E-011   5.1386763832886576E-010   2.2611546235807070E-009   3.1743811048239195E-009  -5.5500807771779128E-010   5.0286198771391984E-010  -2.1790532820156974E-010  -1.1972367206308699E-009  -2.8247770106688611E-009   1.7522447983274429E-009  -7.7432717377560455E-010  -1.9160237574084183E-009  -3.2018411422920102E-009   9.1878241359849204E-009  -2.8871154107528732E-009   2.6158534571233970E-009  -1.1335283351657643E-009  -6.2279485797060548E-009  -1.4694303839303409E-008   9.1150639904587709E-009   5.8646248914298731E-009   2.4886013796088001E-010   5.2981929979044364E-010   9.4501013622486538E-010  -2.9309686308395980E-009   8.7662337629941715E-010
   1.9775612611684929E-009  -2.6118608111246970E-009   4.6749433721958679E-009   4.6147584049007897E-009   7.0680848297459376E-011   8.0573045085681183E-012   5.0634513616738612E-011   6.7995696234941946E-011  -5.0830167632530836E-011  -1.3867654453453492E-010   3.9210306017263299E-009  -5.1787569253613930E-009   9.2681579220827062E-009   5.3561899973963509E-009   5.6433469282636717E-017   1.5571432779093208E-017  -2.2806057575338213E-016  -5.5579479320035811E-017   1.3166229263555013E-016  -2.0133499897042391E-017   3.4089562119582091E-017  -3.0469375149911586E-016  -6.1307261185092024E-017   3.9709190297715752E-016  -3.4539296192920780E-011  -3.9361417424074776E-012  -2.4743762350594629E-011  -3.3228868574229664E-011   2.4838529293725043E-011   6.7768164773882369E-011   2.4034691608541187E-009  -3.1739519240664609E-009   5.6896896108152280E-009   1.4192186131049616E-009   1.6175337068671273E-010   1.0166906971997098E-009   1.3653535149611133E-009  -1.0205894865435998E-009  -2.7845721280577723E-009  -2.5758810140146803E-009   3.4162937573501643E-009  -5.8254915371605220E-009  -3.5894236661270612E-009   7.3826821239334960E-009   8.4142902036747999E-010   5.2887576116901680E-009   7.1024819961551837E-009  -5.3090373903960709E-009  -1.4485164120090364E-008  -2.2935377921190918E-009   7.7356068543407111E-010  -1.0272779624614447E-009   1.7276278268886991E-009   1.1501284154783822E-009  -3.4384445412723446E-010
  -2.8110646085184279E-008  -1.8709367356111862E-008   1.1412066775344297E-008   3.5108298849360521E-009  -7.4518931928327443E-005  -2.0037499158438433E-011   9.0031703493966987E-012   3.7259433218562711E-005   2.1605667757368356E-011   3.7259498709786043E-005  -5.5742174247530297E-008  -3.7118184796972209E-008   2.2709500240318132E-008   4.0847079545177886E-009   3.4377296502404312E-011  -4.7132578378550236E-011   6.0879012476023093E-011  -1.8720523558051347E-011   4.6328197412828334E-012  -2.7401451670320677E-011   2.5062953594210922E-011  -1.4539667435484846E-011   1.3507083543692779E-011  -3.4539296192920780E-011   3.6415426530291090E-005   1.8644352166735376E-011  -8.2743289076357193E-012  -1.8207685038181275E-005  -1.9505021562376583E-011  -1.8207741491220089E-005  -3.4010454009184442E-008  -2.2597153479769218E-008   1.3550400288242813E-008  -1.4962962928636858E-003  -3.8832526168542064E-010   1.7100649393448426E-010   7.4814755248481604E-004   4.0662318926992246E-010   7.4814874037974733E-004   4.0955456590477340E-008   2.8638080938295441E-008  -2.3395709342056924E-008  -2.5175043292694677E-009  -7.7836358674738737E-003  -1.9737391062133750E-009   8.6840944141668482E-010   3.8918149166839058E-003   2.0660702060594712E-009   3.8918209507908690E-003  -1.5107123001117905E-009  -1.3154337413845228E-008  -9.3127179684427369E-009   8.3639473522575498E-009   6.6323382477609790E-010  -2.0815437574825755E-010
   1.7956931790198057E-008  -4.0030864865275263E-009   9.9075662263213792E-009  -1.3494802353665841E-008  -2.0468479013409337E-011  -7.4518902404307970E-005  -1.6680073360518112E-011  -1.8513199075006212E-011   1.2402861376196102E-011   3.8981717413001438E-011   3.5705942098299289E-008  -8.0406610043476350E-009   1.9646283111729215E-008  -1.5832411271246629E-008   3.1742212935369570E-011   3.3306404347912105E-011   3.0800951073337047E-012  -5.2537002594451927E-011   4.9535191701157042E-011   9.9503446839693339E-012  -1.5703644744716607E-011   2.2008069040763222E-012  -1.2237753375643001E-011  -3.9361417424074776E-012   1.8644352166735376E-011   3.6415399939966232E-005   1.5883226474974438E-011   1.6267162599180945E-011  -1.2017342834554881E-011  -3.4911558424801298E-011   2.1426185125302284E-008  -4.5016017827638506E-009   1.2055425817534963E-008  -3.9535258932171153E-010  -1.4962957372322610E-003  -3.1968874707776422E-010  -3.4874884356141482E-010   2.3507361131183923E-010   7.4410136453771453E-010  -3.3341750444750082E-008   1.3129896308261633E-008  -1.3868081021629891E-008   8.7362777802496522E-009  -2.0080884197289315E-009  -7.7836330272351689E-003  -1.6252844410224882E-009  -1.7645083707784586E-009   1.1961476050588583E-009   3.7725968020470145E-009   4.7713327268351192E-009   1.1602607416209989E-008  -5.2173678080409709E-009   4.1368858216608684E-009  -1.4798522854605098E-009   5.2338597776316638E-010
  -2.3220612566122936E-008  -1.3035502880320368E-008  -1.6419665128627842E-008   7.4416017304248264E-009   8.7275246947373617E-012  -1.8117010224488188E-011  -7.4518980664484562E-005  -1.9318554985120873E-011  -2.7800902916258466E-011   1.0591032464923106E-011  -4.6158421357043565E-008  -2.5808958681045270E-008  -3.2624705475188347E-008   8.7023825664805772E-009  -4.0043010500747527E-011  -9.5701254300527757E-012   3.9085801687430623E-011  -1.6828692339538386E-011  -3.8303566893747782E-011   7.0552025169618313E-011   3.1808309755689396E-012  -5.8885566612235135E-012   5.3025870173187235E-012  -2.4743762350594629E-011  -8.2743289076357193E-012   1.5883226474974438E-011   3.6415469462617472E-005   1.6768479606117846E-011   2.6381810960214275E-011  -8.4941691162112091E-012  -2.7721106785380464E-008  -1.5936280433489917E-008  -1.9666350884396799E-008   1.7632776284817837E-010  -3.4759640470440239E-010  -1.4962971930706840E-003  -3.5369679061745631E-010  -5.5253388730171917E-010   1.7736900181888152E-010   4.3824815371456387E-008   1.5862943726644703E-008   2.8401654989048166E-008  -4.9745500103977880E-009   8.9986812704668259E-010  -1.7674348290679653E-009  -7.7836404525219744E-003  -1.7987949104215981E-009  -2.8036966066374915E-009   8.9892678193783979E-010  -2.7977612984856288E-009  -1.5353645884291871E-008  -4.5500838990560245E-009  -9.6354745319093795E-009   9.9968719824373284E-010  -3.3606353494212704E-010
