   1.6148449461302678E-005  -1.4688570996603853E-014  -5.3635788358101875E-014   4.4854380656086098E-014  -5.1089843605673197E-005   1.1398305832083872E-006  -6.9791304604926144E-007   5.8359007271220722E-007  -9.0185684746564011E-007   2.1311647435907688E-006  -2.3797373572320520E-007  -1.7130755585024032E-015  -6.2548370298766729E-015   5.2296498021933340E-015  -1.2379326831029771E-003  -3.7286276871156621E-003  -1.6456289674781287E-016  -6.0072243226944158E-016   5.0271983416375552E-016  -1.3747644588721685E-003
  -1.4688570996603853E-014   3.8348142876917103E-002  0.14004043917616096      -0.11710084880071765       -6.1203184507643123E-016  -9.2238375867196761E-018  -2.3453668539364545E-017   1.8892539010882451E-017  -7.7363789640626104E-017   7.2408484079359009E-017  -5.4769478169074382E-017   4.4710180012385642E-003   1.6327344102883570E-002  -1.3652812461577306E-002   1.1203944574101801E-015   1.4983848346463073E-015   4.2985766130761665E-004   1.5697619534267120E-003  -1.3126241123116386E-003   4.1393600704218739E-016
  -5.3635788358101875E-014  0.14004043917616096       0.51140219925634733      -0.42763098976103697       -2.2483163693153804E-015  -3.3387329118085758E-017  -8.5830042655201923E-017   6.9143894529146393E-017  -2.8275303604499852E-016   2.6497688035839991E-016  -2.0007005952220051E-016   1.6327344102883591E-002   5.9624489407136924E-002  -4.9857586565421573E-002   3.7695150789684822E-015   4.5020870775799999E-015   1.5697619534267130E-003   5.7324849880077879E-003  -4.7934643863024543E-003   1.1540701652239965E-015
   4.4854380656086098E-014 -0.11710084880071765      -0.42763098976103697       0.35758208249773071        1.8657752181622631E-015   2.8236207753737396E-017   7.1575807837248168E-017  -5.7654856101868289E-017   2.3618456618467674E-016  -2.2097735439460674E-016   1.6723082074407888E-016  -1.3652812461577388E-002  -4.9857586565421802E-002   4.1690569811923199E-002  -3.4973614435195114E-015  -4.8047076890701653E-015  -1.3126241123116416E-003  -4.7934643863024621E-003   4.0082618394671650E-003  -1.3485134176920339E-015
  -5.1089843605673197E-005  -6.1203184507643123E-016  -2.2483163693153804E-015   1.8657752181622631E-015   1.6163608313646646E-004  -3.6061521802838230E-006   2.2080304649966938E-006  -1.8463398369074707E-006   2.8532600236411889E-006  -6.7424970867261021E-006   7.5289215658080790E-007  -6.9673822315333254E-017  -2.5760989025994414E-016   2.1731542713642918E-016   3.9165238325599922E-003   1.1796488935672412E-002  -7.1338283333651782E-018  -2.6783282382689547E-017   2.1130864694385168E-017   4.3494269444709355E-003
   1.1398305832083872E-006  -9.2238375867196761E-018  -3.3387329118085758E-017   2.8236207753737396E-017  -3.6061521802838230E-006   8.0454396660839919E-008  -4.9261858620753259E-008   4.1192426215793468E-008  -6.3657134319960484E-008   1.5042724432592434E-007  -1.6797262339500069E-008  -1.1129596155222555E-018  -3.9935181560131923E-018   3.2968776135789143E-018  -8.7378886470513412E-005  -2.6318340230475240E-004  -9.7294661215092067E-020  -3.3897482554546015E-019   3.1167388733060454E-019  -9.7037091931674458E-005
  -6.9791304604926144E-007  -2.3453668539364545E-017  -8.5830042655201923E-017   7.1575807837248168E-017   2.2080304649966938E-006  -4.9261858620753259E-008   3.0162810430374657E-008  -2.5221933924164536E-008   3.8976971815370478E-008  -9.2105912793452941E-008   1.0284886804538210E-008  -2.7114761464039180E-018  -9.9451727569265568E-018   8.3420918959249974E-018   5.3501692019330154E-005   1.6114599193776607E-004  -2.6663443004347163E-019  -9.8369771352770375E-019   8.0527890879522842E-019   5.9415366991794185E-005
   5.8359007271220722E-007   1.8892539010882451E-017   6.9143894529146393E-017  -5.7654856101868289E-017  -1.8463398369074707E-006   4.1192426215793468E-008  -2.5221933924164536E-008   2.1090407087341832E-008  -3.2592274846554691E-008   7.7018328642278158E-008  -8.6001513685325485E-009   2.1834593446686171E-018   8.0098495874113489E-018  -6.7195278800309824E-018  -4.4737745644008433E-005  -1.3474916636764479E-004   2.1489547126961141E-019   7.9311882527982872E-019  -6.4874912267735040E-019  -4.9682719844896273E-005
  -9.0185684746564011E-007  -7.7363789640626104E-017  -2.8275303604499852E-016   2.3618456618467674E-016   2.8532600236411889E-006  -6.3657134319960484E-008   3.8976971815370478E-008  -3.2592274846554691E-008   5.0366803033921198E-008  -1.1902105658444090E-007   1.3290331284947912E-008  -8.9901497410914905E-018  -3.2886415394977868E-017   2.7533000442058191E-017   6.9135929714695375E-005   2.0823599314184359E-004  -8.7202289300279989E-019  -3.1973876166253849E-018   2.6513008947712348E-018   7.6777695831253132E-005
   2.1311647435907688E-006   7.2408484079359009E-017   2.6497688035839991E-016  -2.2097735439460674E-016  -6.7424970867261021E-006   1.5042724432592434E-007  -9.2105912793452941E-008   7.7018328642278158E-008  -1.1902105658444090E-007   2.8125692037543281E-007  -3.1406187738904434E-008   8.3719114360897503E-018   3.0705087887539365E-017  -2.5754798430080194E-017  -1.6337410569912172E-004  -4.9207943386759504E-004   8.2305442944494705E-019   3.0361729936340221E-018  -2.4860531469250312E-018  -1.8143225159238658E-004
  -2.3797373572320520E-007  -5.4769478169074382E-017  -2.0007005952220051E-016   1.6723082074407888E-016   7.5289215658080790E-007  -1.6797262339500069E-008   1.0284886804538210E-008  -8.6001513685325485E-009   1.3290331284947912E-008  -3.1406187738904434E-008   3.5069310542641731E-009  -6.3777451363641161E-018  -2.3305147864886880E-017   1.9496471678770196E-017   1.8242956754319961E-005   5.4947409158396665E-005  -6.1520336847562304E-019  -2.2500196157559086E-018   1.8755579621162238E-018   2.0259396098757655E-005
  -1.7130755585024032E-015   4.4710180012385642E-003   1.6327344102883591E-002  -1.3652812461577388E-002  -6.9673822315333254E-017  -1.1129596155222555E-018  -2.7114761464039180E-018   2.1834593446686171E-018  -8.9901497410914905E-018   8.3719114360897503E-018  -6.3777451363641161E-018   5.2127692419316263E-004   1.9036084649707915E-003  -1.5917842613439651E-003   1.7140935115582894E-016   2.9753252829711314E-016   5.0117194666902994E-005   1.8301887457644912E-004  -1.5303911988232715E-004   9.3550984565856275E-017
  -6.2548370298766729E-015   1.6327344102883570E-002   5.9624489407136924E-002  -4.9857586565421802E-002  -2.5760989025994414E-016  -3.9935181560131923E-018  -9.9451727569265568E-018   8.0098495874113489E-018  -3.2886415394977868E-017   3.0705087887539365E-017  -2.3305147864886880E-017   1.9036084649707915E-003   6.9516316946453931E-003  -5.8129064488932078E-003   5.4905369863015205E-016   8.5490723507601703E-016   1.8301887457644901E-004   6.6835162410537781E-004  -5.5887101569016462E-004   2.5622893689343925E-016
   5.2296498021933340E-015  -1.3652812461577306E-002  -4.9857586565421573E-002   4.1690569811923199E-002   2.1731542713642918E-016   3.2968776135789143E-018   8.3420918959249974E-018  -6.7195278800309824E-018   2.7533000442058191E-017  -2.5754798430080194E-017   1.9496471678770196E-017  -1.5917842613439651E-003  -5.8129064488932078E-003   4.8607122568952331E-003  -4.1298452306955593E-016  -5.7592374582145231E-016  -1.5303911988232661E-004  -5.5887101569016299E-004   4.6732408647414271E-004  -1.6302757141746760E-016
  -1.2379326831029771E-003   1.1203944574101801E-015   3.7695150789684822E-015  -3.4973614435195114E-015   3.9165238325599922E-003  -8.7378886470513412E-005   5.3501692019330154E-005  -4.4737745644008433E-005   6.9135929714695375E-005  -1.6337410569912172E-004   1.8242956754319961E-005   1.7140935115582894E-016   5.4905369863015205E-016  -4.1298452306955593E-016   9.4899348173760376E-002  0.28583487771158361        5.9354661929609836E-018   3.9424014989230446E-018  -3.3951376077551389E-017  0.10538880895559048     
  -3.7286276871156621E-003   1.4983848346463073E-015   4.5020870775799999E-015  -4.8047076890701653E-015   1.1796488935672412E-002  -2.6318340230475240E-004   1.6114599193776607E-004  -1.3474916636764479E-004   2.0823599314184359E-004  -4.9207943386759504E-004   5.4947409158396665E-005   2.9753252829711314E-016   8.5490723507601703E-016  -5.7592374582145231E-016  0.28583487771158361       0.86092875123652757       -3.1537020098759294E-018  -6.4927696561303863E-017  -3.8039434069796336E-017  0.31742891705466814     
  -1.6456289674781287E-016   4.2985766130761665E-004   1.5697619534267130E-003  -1.3126241123116416E-003  -7.1338283333651782E-018  -9.7294661215092067E-020  -2.6663443004347163E-019   2.1489547126961141E-019  -8.7202289300279989E-019   8.2305442944494705E-019  -6.1520336847562304E-019   5.0117194666902994E-005   1.8301887457644901E-004  -1.5303911988232661E-004   5.9354661929609836E-018  -3.1537020098759294E-018   4.8184239215421521E-006   1.7596007302764302E-005  -1.4713659874097870E-005  -2.7155756933268277E-018
  -6.0072243226944158E-016   1.5697619534267120E-003   5.7324849880077879E-003  -4.7934643863024621E-003  -2.6783282382689547E-017  -3.3897482554546015E-019  -9.8369771352770375E-019   7.9311882527982872E-019  -3.1973876166253849E-018   3.0361729936340221E-018  -2.2500196157559086E-018   1.8301887457644912E-004   6.6835162410537781E-004  -5.5887101569016299E-004   3.9424014989230446E-018  -6.4927696561303863E-017   1.7596007302764302E-005   6.4257416541266043E-005  -5.3731608262511266E-005  -2.9609684121068858E-017
   5.0271983416375552E-016  -1.3126241123116386E-003  -4.7934643863024543E-003   4.0082618394671650E-003   2.1130864694385168E-017   3.1167388733060454E-019   8.0527890879522842E-019  -6.4874912267735040E-019   2.6513008947712348E-018  -2.4860531469250312E-018   1.8755579621162238E-018  -1.5303911988232715E-004  -5.5887101569016462E-004   4.6732408647414271E-004  -3.3951376077551389E-017  -3.8039434069796336E-017  -1.4713659874097870E-005  -5.3731608262511266E-005   4.4930000019871405E-005  -9.2837012210720692E-018
  -1.3747644588721685E-003   4.1393600704218739E-016   1.1540701652239965E-015  -1.3485134176920339E-015   4.3494269444709355E-003  -9.7037091931674458E-005   5.9415366991794185E-005  -4.9682719844896273E-005   7.6777695831253132E-005  -1.8143225159238658E-004   2.0259396098757655E-005   9.3550984565856275E-017   2.5622893689343925E-016  -1.6302757141746760E-016  0.10538880895559048       0.31742891705466814       -2.7155756933268277E-018  -2.9609684121068858E-017  -9.2837012210720692E-018  0.11703769590431154     
