  0.39037089555610427       -4.1891680132587160E-016  -1.8627182171779761E-016   1.7822031964814415E-016  -5.1833756378912011E-016  -2.2051552713221907E-016  -5.2353776405523799E-017  -2.8195234593032953E-015  -1.3226244886842657E-016  -2.1085363877988872E-015  0.59503593524886977        2.2378654914121403E-016  -1.1905762419117638E-017  -7.3698376514116834E-017  -1.4118454035005794E-014   4.6761482043624022E-017  -7.4129034162269060E-017  -9.6343501211795364E-015   1.9885246160178190E-017  -1.0334177327709374E-014  -4.1054177407476140E-016  -9.1013791126726648E-017  -3.5589511187200408E-017 -0.26157457310329701       -1.3822053304958794E-015  -4.1068193644195835E-016  -2.0621183690071121E-016   7.0576255099423668E-002   7.7948038176388660E-016  -3.8968033466722921E-019  -5.5211114937476406E-018   8.2772441669586533E-016  -9.1243543883093371E-018   8.6047912497925837E-016   4.4000689331914880E-002
  -4.1891680132587160E-016   1.1629640785031930E-005  -7.4487281220200986E-018  -2.0369935524952550E-017  -5.2434014454657388E-019  -3.1976855124639878E-018   8.8837250805052234E-019  -1.9195078747474854E-018  -1.6133858891697767E-018   4.0134681357904538E-018  -6.3848288782810475E-016   2.0015352947594102E-005   4.6914512106357718E-018  -2.0560435220023035E-017   2.3535393835557513E-018   2.9727009164459093E-018   1.4127164586484527E-019   2.5978114881752820E-018   7.9419576558560563E-019  -2.2896042567999590E-018   1.0462998180526797E-003  -6.2125896214156898E-018  -1.0143372538696344E-015  -2.6681260383829460E-016   4.1780682187358220E-003  -1.9500816028160361E-017  -4.0457954596082095E-015   2.5239693231003029E-016  -4.7498050118875778E-019   1.3495258313363160E-019  -5.3600358174147494E-019  -1.1970185060889733E-019   4.1528350461119954E-019  -7.4949803821585149E-020  -8.1189746616949290E-016
  -1.8627182171779761E-016  -7.4487281220200986E-018   1.1629640785018674E-005  -4.3058969504510444E-018   6.8121426145706898E-019   6.1519792432578606E-018   7.7410370324898861E-019   1.2263823740804892E-018  -1.7995531856348963E-019  -3.9875100093397264E-019  -2.8320811616745992E-016  -1.0872851573465692E-017   2.0015352947595786E-005  -1.1788583938543817E-017   3.0121418981032943E-018  -6.3653169087883281E-018  -1.4827461580744615E-019  -3.0683999633074487E-018  -1.6771650170987001E-019   9.6784440055983158E-020  -6.6716854492950356E-016   1.0462998180520836E-003  -3.4717768219541555E-016   2.7801069568691657E-017  -2.6544357676329067E-015   4.1780682187334385E-003  -1.3842994870714802E-015   1.9376153391589968E-017  -1.3787062772548770E-019   1.4043297397592897E-018  -1.5798202568233821E-019  -2.0015469752241557E-019  -1.7944474015964709E-019   6.2108055629327982E-020   6.4043748160399176E-017
   1.7822031964814415E-016  -2.0369935524952550E-017  -4.3058969504510444E-018   1.1629640785029891E-005  -5.3733043723663427E-019  -3.1783835649143862E-018   4.2158314813556966E-018   3.8890690070481780E-018   2.5922793194736882E-018  -1.2370961025793078E-018   2.7419259771060200E-016  -1.6666990995711119E-017  -2.9862750397297075E-018   2.0015352947592591E-005  -3.0023527413998834E-019   6.2902038398878736E-018  -2.5959073309590337E-018  -4.5764539732739711E-019  -3.8390313870742504E-018   6.7639792368873041E-019  -8.1347888186678930E-016  -4.3890706227876376E-017   1.0462998180525789E-003   3.0192270709722161E-016  -3.2636380628033173E-015  -1.5930773325810318E-016   4.1780682187354673E-003  -1.9234324418022296E-016   2.9947312485615677E-019  -1.3248611996222123E-018  -3.1975102582004154E-019  -4.3398775543775561E-019   7.5830534036752750E-020   8.8617344132912187E-020  -5.8928312270343856E-016
  -5.1833756378912011E-016  -5.2434014454657388E-019   6.8121426145706898E-019  -5.3733043723663427E-019   3.4711945326254532E-029   6.1038363235980496E-031   4.1905727228484762E-032   3.8828122668804825E-029   1.0514218721392088E-030   4.0619515996272240E-029  -8.2981952932121174E-016  -9.0242280495624608E-019   1.1724131577228516E-018  -9.2477992652925703E-019   7.6434691373192682E-029  -6.8860528630653010E-031   2.3908409319725584E-032   5.9378594321323488E-029   4.6918864944644970E-032   5.6723119216160796E-029  -4.7174027812514076E-017   6.1287736310303640E-017  -4.8342743263136798E-017  -4.8867295836306989E-015  -1.8837459679584461E-016   2.4473323884629945E-016  -1.9304149322145400E-016   2.8988114937458303E-015   2.0383879286827248E-029  -2.3363686596068323E-031  -2.2418791684149012E-032   1.7009682389345492E-029   1.0581405188760301E-032   1.8182640733158469E-029  -1.0666760270993073E-015
  -2.2051552713221907E-016  -3.1976855124639878E-018   6.1519792432578606E-018  -3.1783835649143862E-018   6.1038363235980496E-031   5.3602205408473502E-030  -1.0206834503912545E-030   1.4225161080056455E-030  -2.9164088995987288E-031  -6.6978468414691456E-032  -3.3549091150516341E-016  -5.5034205553276366E-018   1.0587948343050982E-017  -5.4702006734846002E-018   9.0149450551859155E-030  -6.0990036430752491E-030   7.0279801627366674E-031   2.8236875151876412E-030   7.3482828128387190E-031   5.8596847708131579E-030  -2.8769055138746285E-016   5.5348354105394699E-016  -2.8595398664024472E-016   2.5705929974654108E-017  -1.1488014514038793E-015   2.2101618986943390E-015  -1.1418670279671927E-015   1.2623215665358419E-017   4.8675257802350020E-031   1.1186049112820235E-030   1.4568940014202892E-031   4.5416633682279869E-031  -2.2715511667933782E-031   5.2528076166702306E-031   6.7901033666570909E-016
  -5.2353776405523799E-017   8.8837250805052234E-019   7.7410370324898861E-019   4.2158314813556966E-018   4.1905727228484762E-032  -1.0206834503912545E-030   1.6719963579280765E-030   1.8739432308256325E-030   8.2591755098621932E-031   2.7087937466425723E-031  -8.0057607570086224E-017   1.5289457023067732E-018   1.3322818068948977E-018   7.2557146541906914E-018   2.2847593242297775E-030   2.1230115053172898E-030  -9.4898575114879789E-031   1.3292791599108067E-030  -1.3460230604224883E-030   1.6812972508240046E-030   7.9925425963005978E-017   6.9644847922409782E-017   3.7929148401226324E-016   5.6640789590459028E-017   3.1915697233557180E-016   2.7810472742399504E-016   1.5145808760037597E-015  -1.7155600877987882E-017  -2.5079559166321352E-031  -3.9077469458969560E-031  -1.6444605330562090E-031  -4.8709841639479005E-031   4.9221228738641825E-032  -3.0697440615651947E-031  -1.9677181477146503E-016
  -2.8195234593032953E-015  -1.9195078747474854E-018   1.2263823740804892E-018   3.8890690070481780E-018   3.8828122668804825E-029   1.4225161080056455E-030   1.8739432308256325E-030   5.8443947209651605E-029   3.0358222812195494E-030   5.3411906461530878E-029  -4.3387835285354332E-015  -3.3035953826159070E-018   2.1106822230891173E-018   6.6933356113503446E-018   1.6154665569408613E-028   7.3610016201303643E-031  -5.3934582993019817E-031   1.1717288749949592E-028  -1.6357431778111920E-030   1.1964492811387819E-028  -1.7269499352790732E-016   1.1033562244793152E-016   3.4989319702015846E-016  -3.5716357941249203E-015  -6.8960297186769836E-016   4.4059049766643238E-016   1.3971880919778609E-015   2.6078571926067418E-015   1.7002462297810855E-029  -6.8625269225389769E-031  -5.9187134690550183E-032   1.2875714463635024E-029   3.5495806927893332E-032   1.4135286846063201E-029  -1.1754866158545739E-015
  -1.3226244886842657E-016  -1.6133858891697767E-018  -1.7995531856348963E-019   2.5922793194736882E-018   1.0514218721392088E-030  -2.9164088995987288E-031   8.2591755098621932E-031   3.0358222812195494E-030   8.7495678042322532E-031   9.3343409265173538E-031  -2.0269504195068073E-016  -2.7767399362776393E-018  -3.0971457179522094E-019   4.4614779146729823E-018   5.9350526394850208E-030   1.0749659914111360E-030  -5.7492105157466717E-031   4.1389022615002835E-030  -9.7161687103917557E-031   5.1482064333776479E-030  -1.4515369764966444E-016  -1.6190286574740559E-017   2.3322314338349517E-016  -5.7503655078328556E-017  -5.7962549597951028E-016  -6.4650801446225962E-017   9.3130304185448933E-016   5.9419440503894643E-017   4.7433136040121739E-031  -3.4526905736890633E-031   5.6520178979575832E-033   1.5338850070966755E-031  -3.4010319285117997E-032   2.8374471090940022E-031  -3.3968516529555643E-017
  -2.1085363877988872E-015   4.0134681357904538E-018  -3.9875100093397264E-019  -1.2370961025793078E-018   4.0619515996272240E-029  -6.6978468414691456E-032   2.7087937466425723E-031   5.3411906461530878E-029   9.3343409265173538E-031   5.5433436228088506E-029  -3.2583547119139214E-015   6.9074344398422301E-018  -6.8627588499360107E-019  -2.1291212326145057E-018   1.4167768959283273E-028   4.4708505830606355E-031   5.5636246406600831E-031   1.0553993356764905E-028   5.1678108768073465E-031   1.0295578848431215E-028   3.6108518378604803E-016  -3.5874977347716456E-017  -1.1129951913064431E-016  -4.5122127899606724E-015   1.4418797600869847E-015  -1.4325540358340197E-016  -4.4443951496216452E-016   2.9995053768951016E-015   2.0026102459766452E-029  -2.5553274852799272E-031  -1.8589688919352017E-031   1.6205972352080156E-029   2.2473496418018954E-031   1.7400055330026435E-029  -1.0889708112263346E-015
  0.59503593524886977       -6.3848288782810475E-016  -2.8320811616745992E-016   2.7419259771060200E-016  -8.2981952932121174E-016  -3.3549091150516341E-016  -8.0057607570086224E-017  -4.3387835285354332E-015  -2.0269504195068073E-016  -3.2583547119139214E-015  0.90705025801315753        3.5645120049580523E-016  -1.3320124128724566E-017  -1.1133661583180180E-016  -2.1587341760430212E-014   7.0898459127879421E-017  -1.1271190338978687E-016  -1.4740281152656969E-014   3.0382756367737912E-017  -1.5802520073891175E-014  -1.2405450276070442E-016  -3.1667596385504727E-017   1.8403342526550725E-017 -0.39277251143353775       -8.5948862424878358E-017  -1.8310194358715022E-016  -1.7844209995023077E-017  0.10416280974831317        1.1643193479650977E-015  -1.0883018016044668E-019  -8.3560271783161666E-018   1.2416330415944495E-015  -1.3946953632545403E-017   1.2902503244909070E-015   6.8993169476125896E-002
   2.2378654914121403E-016   2.0015352947594102E-005  -1.0872851573465692E-017  -1.6666990995711119E-017  -9.0242280495624608E-019  -5.5034205553276366E-018   1.5289457023067732E-018  -3.3035953826159070E-018  -2.7767399362776393E-018   6.9074344398422301E-018   3.5645120049580523E-016   3.4447698000473024E-005   1.1424997941067166E-017  -3.7337944369812616E-018   4.0505912700181758E-018   5.1162077273256249E-018   2.4313750576576656E-019   4.4709991295327164E-018   1.3668615266320040E-018  -3.9405548423827947E-018   1.8007486675153037E-003   1.6446574039040693E-016  -9.1133836512086686E-017   5.3444961743746059E-016   7.1907216725691572E-003   6.6587631675912734E-016  -3.5592800899658526E-016  -3.5669054889276892E-016  -8.1747171303817661E-019   2.3226199609420894E-019  -9.2249632366500095E-019  -2.0601451349569259E-019   7.1472937743749646E-019  -1.2899338892781937E-019   3.6147152744377961E-016
  -1.1905762419117638E-017   4.6914512106357718E-018   2.0015352947595786E-005  -2.9862750397297075E-018   1.1724131577228516E-018   1.0587948343050982E-017   1.3322818068948977E-018   2.1106822230891173E-018  -3.0971457179522094E-019  -6.8627588499360107E-019  -1.3320124128724566E-017   1.1424997941067166E-017   3.4447698000518079E-005  -1.2674146545140600E-017   5.1840881703146562E-018  -1.0955116061429780E-017  -2.5519006334125745E-019  -5.2809118858769370E-018  -2.8865078800940431E-019   1.6657218938983252E-019   4.2721329598588226E-016   1.8007486675164813E-003  -1.9945450091955514E-016   3.8884703497507243E-016   1.7226210692264375E-015   7.1907216725738557E-003  -7.9293888214379896E-016  -2.1771048375480155E-016  -2.3728413680798124E-019   2.4169409800080150E-018  -2.7189713438890292E-019  -3.4447899028932580E-019  -3.0883583382078514E-019   1.0689192188055339E-019  -1.6770670946509317E-017
  -7.3698376514116834E-017  -2.0560435220023035E-017  -1.1788583938543817E-017   2.0015352947592591E-005  -9.2477992652925703E-019  -5.4702006734846002E-018   7.2557146541906914E-018   6.6933356113503446E-018   4.4614779146729823E-018  -2.1291212326145057E-018  -1.1133661583180180E-016  -3.7337944369812616E-018  -1.2674146545140600E-017   3.4447698000473857E-005  -5.1672404075487361E-019   1.0825841682899483E-017  -4.4677219536535819E-018  -7.8763689450538924E-019  -6.6072176784751419E-018   1.1641239334930147E-018  -9.5730618142386622E-017  -4.6940771285776320E-016   1.8007486675153095E-003  -1.0646927327794421E-016  -4.0854500746575246E-016  -1.8469703763228153E-015   7.1907216725692639E-003   6.7116545145265851E-017   5.1541233329134352E-019  -2.2801705579029880E-018  -5.5031189315739350E-019  -7.4692058512806708E-019   1.3050918175483695E-019   1.5251609683607374E-019   3.2025950217382361E-016
  -1.4118454035005794E-014   2.3535393835557513E-018   3.0121418981032943E-018  -3.0023527413998834E-019   7.6434691373192682E-029   9.0149450551859155E-030   2.2847593242297775E-030   1.6154665569408613E-028   5.9350526394850208E-030   1.4167768959283273E-028  -2.1587341760430212E-014   4.0505912700181758E-018   5.1840881703146562E-018  -5.1672404075487361E-019   6.1111463763712935E-028  -3.0303069490919509E-030   2.6018609321313497E-030   4.2786946345124196E-028  -5.9349506848919013E-031   4.4602966296133878E-028   2.1174410063809925E-016   2.7099749495152408E-016  -2.7011678047498379E-017   1.3993672082964143E-016   8.4553326122844434E-016   1.0821429971394252E-015  -1.0786261417403865E-016   2.7329029052440678E-015   1.0945457439237161E-029  -7.3638102203519561E-032  -6.5474735602811449E-032   3.3615259461463480E-030   4.1313336466570858E-031   4.6201283216235012E-030  -1.5602559003778336E-015
   4.6761482043624022E-017   2.9727009164459093E-018  -6.3653169087883281E-018   6.2902038398878736E-018  -6.8860528630653010E-031  -6.0990036430752491E-030   2.1230115053172898E-030   7.3610016201303643E-031   1.0749659914111360E-030   4.4708505830606355E-031   7.0898459127879421E-017   5.1162077273256249E-018  -1.0955116061429780E-017   1.0825841682899483E-017  -3.0303069490919509E-030   7.7740230495392846E-030  -1.3452490077831143E-030   1.1382704619507750E-030  -1.7820001826946352E-030  -1.2564782218070651E-030   2.6744905414549409E-016  -5.7267718295171781E-016   5.6591938262290852E-016   6.8387728706942532E-017   1.0679734183036720E-015  -2.2868056520729050E-015   2.2598205085268890E-015  -3.5995511282051388E-017  -5.2694748980526891E-031  -1.4867084238893942E-030  -2.1775527284625591E-031  -7.3135959273665353E-031   2.4602254931952905E-031  -6.5649700146837561E-031  -5.0404034124537899E-016
  -7.4129034162269060E-017   1.4127164586484527E-019  -1.4827461580744615E-019  -2.5959073309590337E-018   2.3908409319725584E-032   7.0279801627366674E-031  -9.4898575114879789E-031  -5.3934582993019817E-031  -5.7492105157466717E-031   5.5636246406600831E-031  -1.1271190338978687E-016   2.4313750576576656E-019  -2.5519006334125745E-019  -4.4677219536535819E-018   2.6018609321313497E-030  -1.3452490077831143E-030   6.1756856250105938E-031   1.7705080184359639E-030   8.6622811310947224E-031   1.5404157216293903E-030   1.2709979619662370E-017  -1.3340025406611611E-017  -2.3354954966105684E-016   2.6837845101641577E-017   5.0753293648208634E-017  -5.3269182720712040E-017  -9.3260644234366752E-016  -5.3797328553774747E-018   6.0408005349608893E-033   2.9514284005800484E-031   6.5558383987671461E-032   1.5189531294996329E-031  -8.6568729822976801E-033   5.4100624933721301E-032   1.9893307285220689E-016
  -9.6343501211795364E-015   2.5978114881752820E-018  -3.0683999633074487E-018  -4.5764539732739711E-019   5.9378594321323488E-029   2.8236875151876412E-030   1.3292791599108067E-030   1.1717288749949592E-028   4.1389022615002835E-030   1.0553993356764905E-028  -1.4740281152656969E-014   4.4709991295327164E-018  -5.2809118858769370E-018  -7.8763689450538924E-019   4.2786946345124196E-028   1.1382704619507750E-030   1.7705080184359639E-030   3.0390856101083170E-028  -1.9791376214396697E-031   3.1374540063022621E-028   2.3372086357935131E-016  -2.7605894134401608E-016  -4.1173610156862374E-017  -8.1335342761012525E-016   9.3329053042727678E-016  -1.1023542864357403E-015  -1.6441382200293102E-016   2.4100638110605080E-015   1.0535359830653155E-029  -7.8055312899888923E-031  -1.3470356700855959E-032   4.8530707542798967E-030   4.0489126186996867E-031   5.6877118932581708E-030  -2.3133293082313220E-015
   1.9885246160178190E-017   7.9419576558560563E-019  -1.6771650170987001E-019  -3.8390313870742504E-018   4.6918864944644970E-032   7.3482828128387190E-031  -1.3460230604224883E-030  -1.6357431778111920E-030  -9.7161687103917557E-031   5.1678108768073465E-031   3.0382756367737912E-017   1.3668615266320040E-018  -2.8865078800940431E-019  -6.6072176784751419E-018  -5.9349506848919013E-031  -1.7820001826946352E-030   8.6622811310947224E-031  -1.9791376214396697E-031   1.3251107316318135E-030  -9.8210782321039902E-031   7.1452498008025685E-017  -1.5089180179168229E-017  -3.4539139394260919E-016  -6.8554951459752665E-018   2.8532300773236985E-016  -6.0253880451494256E-017  -1.3792115616939156E-015  -3.5674957591877684E-019  -1.0945623389728827E-031   4.2761646575559732E-031   7.0912674258942240E-032   1.6442602515425753E-031   5.3653631125189480E-033  -7.5305191283482683E-033   1.4141792906574376E-017
  -1.0334177327709374E-014  -2.2896042567999590E-018   9.6784440055983158E-020   6.7639792368873041E-019   5.6723119216160796E-029   5.8596847708131579E-030   1.6812972508240046E-030   1.1964492811387819E-028   5.1482064333776479E-030   1.0295578848431215E-028  -1.5802520073891175E-014  -3.9405548423827947E-018   1.6657218938983252E-019   1.1641239334930147E-018   4.4602966296133878E-028  -1.2564782218070651E-030   1.5404157216293903E-030   3.1374540063022621E-028  -9.8210782321039902E-031   3.2836895988794068E-028  -2.0599196154042482E-016   8.7075382538314938E-018   6.0854418255368693E-017   3.4314739434805078E-016  -8.2256390852568768E-016   3.4770806812767458E-017   2.4300291990455880E-016   1.8984173383975544E-015   6.3067860165728627E-030  -5.6209067745336029E-031   1.5866123601603716E-031   7.3583716532109208E-031   2.0265950340228118E-031   1.4183145417152089E-030  -2.5958192790174593E-015
  -4.1054177407476140E-016   1.0462998180526797E-003  -6.6716854492950356E-016  -8.1347888186678930E-016  -4.7174027812514076E-017  -2.8769055138746285E-016   7.9925425963005978E-017  -1.7269499352790732E-016  -1.4515369764966444E-016   3.6108518378604803E-016  -1.2405450276070442E-016   1.8007486675153037E-003   4.2721329598588226E-016  -9.5730618142386622E-017   2.1174410063809925E-016   2.6744905414549409E-016   1.2709979619662370E-017   2.3372086357935131E-016   7.1452498008025685E-017  -2.0599196154042482E-016   9.4133888526124851E-002  -2.9070678969535881E-016   4.3488450281225013E-016  -4.0698404171174200E-016  0.37589398485131048       -6.8335230052687757E-016   2.1540386661855759E-015   2.6758920012944820E-016  -4.2733221185362481E-017   1.2141463849764108E-017  -4.8223368237979760E-017  -1.0769380312666437E-017   3.7362379745579091E-017  -6.7431116361802505E-018  -3.2721856375822514E-016
  -9.1013791126726648E-017  -6.2125896214156898E-018   1.0462998180520836E-003  -4.3890706227876376E-017   6.1287736310303640E-017   5.5348354105394699E-016   6.9644847922409782E-017   1.1033562244793152E-016  -1.6190286574740559E-017  -3.5874977347716456E-017  -3.1667596385504727E-017   1.6446574039040693E-016   1.8007486675164813E-003  -4.6940771285776320E-016   2.7099749495152408E-016  -5.7267718295171781E-016  -1.3340025406611611E-017  -2.7605894134401608E-016  -1.5089180179168229E-017   8.7075382538314938E-018  -2.9070678969535881E-016   9.4133888526124865E-002  -3.3053427887525660E-016  -5.1434964160183831E-016  -2.8891955017665130E-016  0.37589398485131026       -1.1358779585315948E-015   3.1494247010295241E-016  -1.2403995563647400E-017   1.2634525677592091E-016  -1.4213385244050849E-017  -1.8007591762418253E-017  -1.6144350668251833E-017   5.5877604911259200E-018  -2.7014800744442122E-017
  -3.5589511187200408E-017  -1.0143372538696344E-015  -3.4717768219541555E-016   1.0462998180525789E-003  -4.8342743263136798E-017  -2.8595398664024472E-016   3.7929148401226324E-016   3.4989319702015846E-016   2.3322314338349517E-016  -1.1129951913064431E-016   1.8403342526550725E-017  -9.1133836512086686E-017  -1.9945450091955514E-016   1.8007486675153095E-003  -2.7011678047498379E-017   5.6591938262290852E-016  -2.3354954966105684E-016  -4.1173610156862374E-017  -3.4539139394260919E-016   6.0854418255368693E-017   4.3488450281225013E-016  -3.3053427887525660E-016   9.4133888526123199E-002  -8.0747020598113106E-017   3.6303832119319317E-016   1.1566404301346924E-016  0.37589398485130820        5.0402678232472907E-017   2.6943108720388372E-017  -1.1919560180171849E-016  -2.8767478404727835E-017  -3.9045170693028241E-017   6.8223494974971246E-018   7.9727579516995414E-018  -2.1032798225839547E-016
 -0.26157457310329701       -2.6681260383829460E-016   2.7801069568691657E-017   3.0192270709722161E-016  -4.8867295836306989E-015   2.5705929974654108E-017   5.6640789590459028E-017  -3.5716357941249203E-015  -5.7503655078328556E-017  -4.5122127899606724E-015 -0.39277251143353775        5.3444961743746059E-016   3.8884703497507243E-016  -1.0646927327794421E-016   1.3993672082964143E-016   6.8387728706942532E-017   2.6837845101641577E-017  -8.1335342761012525E-016  -6.8554951459752665E-018   3.4314739434805078E-016  -4.0698404171174200E-016  -5.1434964160183831E-016  -8.0747020598113106E-017   1.1134098956123644        2.2772207571592810E-016   9.2921848732593022E-017   3.4252289479801933E-016 -0.57062316433407978       -4.7021144603732986E-015   2.2220909731803528E-017   1.9811934223088817E-017  -4.1403771861552191E-015   2.9350176000537116E-018  -4.4406563523623439E-015 -0.39725302053210809     
  -1.3822053304958794E-015   4.1780682187358220E-003  -2.6544357676329067E-015  -3.2636380628033173E-015  -1.8837459679584461E-016  -1.1488014514038793E-015   3.1915697233557180E-016  -6.8960297186769836E-016  -5.7962549597951028E-016   1.4418797600869847E-015  -8.5948862424878358E-017   7.1907216725691572E-003   1.7226210692264375E-015  -4.0854500746575246E-016   8.4553326122844434E-016   1.0679734183036720E-015   5.0753293648208634E-017   9.3329053042727678E-016   2.8532300773236985E-016  -8.2256390852568768E-016  0.37589398485131048       -2.8891955017665130E-016   3.6303832119319317E-016   2.2772207571592810E-016   1.5010140350059316        7.5297840879118746E-016   3.1167695377712357E-015  -6.5669604506249235E-017  -1.7064163659234241E-016   4.8483105286250274E-017  -1.9256480672096721E-016  -4.3004122569360089E-017   1.4919487578796767E-016  -2.6926488886286415E-017   7.1691621979406533E-017
  -4.1068193644195835E-016  -1.9500816028160361E-017   4.1780682187334385E-003  -1.5930773325810318E-016   2.4473323884629945E-016   2.2101618986943390E-015   2.7810472742399504E-016   4.4059049766643238E-016  -6.4650801446225962E-017  -1.4325540358340197E-016  -1.8310194358715022E-016   6.6587631675912734E-016   7.1907216725738557E-003  -1.8469703763228153E-015   1.0821429971394252E-015  -2.2868056520729050E-015  -5.3269182720712040E-017  -1.1023542864357403E-015  -6.0253880451494256E-017   3.4770806812767458E-017  -6.8335230052687757E-016  0.37589398485131026        1.1566404301346924E-016   9.2921848732593022E-017   7.5297840879118746E-016   1.5010140350059298        1.1966068327179389E-015   4.7316298485242144E-017  -4.9531442857629512E-017   5.0451992136054444E-016  -5.6756669688944039E-017  -7.1907636358538695E-017  -6.4467370896315071E-017   2.2312958598542915E-017  -2.3627522375823720E-017
  -2.0621183690071121E-016  -4.0457954596082095E-015  -1.3842994870714802E-015   4.1780682187354673E-003  -1.9304149322145400E-016  -1.1418670279671927E-015   1.5145808760037597E-015   1.3971880919778609E-015   9.3130304185448933E-016  -4.4443951496216452E-016  -1.7844209995023077E-017  -3.5592800899658526E-016  -7.9293888214379896E-016   7.1907216725692639E-003  -1.0786261417403865E-016   2.2598205085268890E-015  -9.3260644234366752E-016  -1.6441382200293102E-016  -1.3792115616939156E-015   2.4300291990455880E-016   2.1540386661855759E-015  -1.1358779585315948E-015  0.37589398485130820        3.4252289479801933E-016   3.1167695377712357E-015   1.1966068327179389E-015   1.5010140350059398       -1.8417430468492706E-016   1.0758880419964831E-016  -4.7597002991716252E-016  -1.1487384895054294E-016  -1.5591457052078639E-016   2.7242900286126548E-017   3.1836693497341707E-017   3.9248627499897119E-017
   7.0576255099423668E-002   2.5239693231003029E-016   1.9376153391589968E-017  -1.9234324418022296E-016   2.8988114937458303E-015   1.2623215665358419E-017  -1.7155600877987882E-017   2.6078571926067418E-015   5.9419440503894643E-017   2.9995053768951016E-015  0.10416280974831317       -3.5669054889276892E-016  -2.1771048375480155E-016   6.7116545145265851E-017   2.7329029052440678E-015  -3.5995511282051388E-017  -5.3797328553774747E-018   2.4100638110605080E-015  -3.5674957591877684E-019   1.8984173383975544E-015   2.6758920012944820E-016   3.1494247010295241E-016   5.0402678232472907E-017 -0.57062316433407978       -6.5669604506249235E-017   4.7316298485242144E-017  -1.8417430468492706E-016  0.30581450455466214        2.4433871993368190E-015  -1.6147853535771931E-017  -9.5182410982044921E-018   2.1205624917288047E-015   3.3071390637024852E-019   2.2767447773426443E-015  0.16608089428177705     
   7.7948038176388660E-016  -4.7498050118875778E-019  -1.3787062772548770E-019   2.9947312485615677E-019   2.0383879286827248E-029   4.8675257802350020E-031  -2.5079559166321352E-031   1.7002462297810855E-029   4.7433136040121739E-031   2.0026102459766452E-029   1.1643193479650977E-015  -8.1747171303817661E-019  -2.3728413680798124E-019   5.1541233329134352E-019   1.0945457439237161E-029  -5.2694748980526891E-031   6.0408005349608893E-033   1.0535359830653155E-029  -1.0945623389728827E-031   6.3067860165728627E-030  -4.2733221185362481E-017  -1.2403995563647400E-017   2.6943108720388372E-017  -4.7021144603732986E-015  -1.7064163659234241E-016  -4.9531442857629512E-017   1.0758880419964831E-016   2.4433871993368190E-015   2.0971181646947573E-029  -5.4907653780377132E-032  -7.9511107849285546E-032   1.8392040914665366E-029  -2.2344770694501925E-032   1.9836790873037262E-029   2.9551166300878026E-015
  -3.8968033466722921E-019   1.3495258313363160E-019   1.4043297397592897E-018  -1.3248611996222123E-018  -2.3363686596068323E-031   1.1186049112820235E-030  -3.9077469458969560E-031  -6.8625269225389769E-031  -3.4526905736890633E-031  -2.5553274852799272E-031  -1.0883018016044668E-019   2.3226199609420894E-019   2.4169409800080150E-018  -2.2801705579029880E-018  -7.3638102203519561E-032  -1.4867084238893942E-030   2.9514284005800484E-031  -7.8055312899888923E-031   4.2761646575559732E-031  -5.6209067745336029E-031   1.2141463849764108E-017   1.2634525677592091E-016  -1.1919560180171849E-016   2.2220909731803528E-017   4.8483105286250274E-017   5.0451992136054444E-016  -4.7597002991716252E-016  -1.6147853535771931E-017  -5.4907653780377132E-032   3.3568979250685038E-031   9.9097795045951119E-033   3.9632346395877115E-032  -2.6262271186210363E-032   2.2867427536806111E-032   1.5233515424958195E-016
  -5.5211114937476406E-018  -5.3600358174147494E-019  -1.5798202568233821E-019  -3.1975102582004154E-019  -2.2418791684149012E-032   1.4568940014202892E-031  -1.6444605330562090E-031  -5.9187134690550183E-032   5.6520178979575832E-033  -1.8589688919352017E-031  -8.3560271783161666E-018  -9.2249632366500095E-019  -2.7189713438890292E-019  -5.5031189315739350E-019  -6.5474735602811449E-032  -2.1775527284625591E-031   6.5558383987671461E-032  -1.3470356700855959E-032   7.0912674258942240E-032   1.5866123601603716E-031  -4.8223368237979760E-017  -1.4213385244050849E-017  -2.8767478404727835E-017   1.9811934223088817E-017  -1.9256480672096721E-016  -5.6756669688944039E-017  -1.1487384895054294E-016  -9.5182410982044921E-018  -7.9511107849285546E-032   9.9097795045951119E-033   3.6192390612036390E-032  -6.5416911187411309E-032  -1.8626334180386878E-032  -9.2749702047465772E-032  -2.6629188800289198E-017
   8.2772441669586533E-016  -1.1970185060889733E-019  -2.0015469752241557E-019  -4.3398775543775561E-019   1.7009682389345492E-029   4.5416633682279869E-031  -4.8709841639479005E-031   1.2875714463635024E-029   1.5338850070966755E-031   1.6205972352080156E-029   1.2416330415944495E-015  -2.0601451349569259E-019  -3.4447899028932580E-019  -7.4692058512806708E-019   3.3615259461463480E-030  -7.3135959273665353E-031   1.5189531294996329E-031   4.8530707542798967E-030   1.6442602515425753E-031   7.3583716532109208E-031  -1.0769380312666437E-017  -1.8007591762418253E-017  -3.9045170693028241E-017  -4.1403771861552191E-015  -4.3004122569360089E-017  -7.1907636358538695E-017  -1.5591457052078639E-016   2.1205624917288047E-015   1.8392040914665366E-029   3.9632346395877115E-032  -6.5416911187411309E-032   1.6252512312628815E-029  -1.6648548108120705E-032   1.7492748434473347E-029   2.7341090296248142E-015
  -9.1243543883093371E-018   4.1528350461119954E-019  -1.7944474015964709E-019   7.5830534036752750E-020   1.0581405188760301E-032  -2.2715511667933782E-031   4.9221228738641825E-032   3.5495806927893332E-032  -3.4010319285117997E-032   2.2473496418018954E-031  -1.3946953632545403E-017   7.1472937743749646E-019  -3.0883583382078514E-019   1.3050918175483695E-019   4.1313336466570858E-031   2.4602254931952905E-031  -8.6568729822976801E-033   4.0489126186996867E-031   5.3653631125189480E-033   2.0265950340228118E-031   3.7362379745579091E-017  -1.6144350668251833E-017   6.8223494974971246E-018   2.9350176000537116E-018   1.4919487578796767E-016  -6.4467370896315071E-017   2.7242900286126548E-017   3.3071390637024852E-019  -2.2344770694501925E-032  -2.6262271186210363E-032  -1.8626334180386878E-032  -1.6648548108120705E-032   1.8355018471752772E-032  -1.6438520304459730E-032  -8.4894055121263869E-018
   8.6047912497925837E-016  -7.4949803821585149E-020   6.2108055629327982E-020   8.8617344132912187E-020   1.8182640733158469E-029   5.2528076166702306E-031  -3.0697440615651947E-031   1.4135286846063201E-029   2.8374471090940022E-031   1.7400055330026435E-029   1.2902503244909070E-015  -1.2899338892781937E-019   1.0689192188055339E-019   1.5251609683607374E-019   4.6201283216235012E-030  -6.5649700146837561E-031   5.4100624933721301E-032   5.6877118932581708E-030  -7.5305191283482683E-033   1.4183145417152089E-030  -6.7431116361802505E-018   5.5877604911259200E-018   7.9727579516995414E-018  -4.4406563523623439E-015  -2.6926488886286415E-017   2.2312958598542915E-017   3.1836693497341707E-017   2.2767447773426443E-015   1.9836790873037262E-029   2.2867427536806111E-032  -9.2749702047465772E-032   1.7492748434473347E-029  -1.6438520304459730E-032   1.8870278977507885E-029   3.0574123786168185E-015
   4.4000689331914880E-002  -8.1189746616949290E-016   6.4043748160399176E-017  -5.8928312270343856E-016  -1.0666760270993073E-015   6.7901033666570909E-016  -1.9677181477146503E-016  -1.1754866158545739E-015  -3.3968516529555643E-017  -1.0889708112263346E-015   6.8993169476125896E-002   3.6147152744377961E-016  -1.6770670946509317E-017   3.2025950217382361E-016  -1.5602559003778336E-015  -5.0404034124537899E-016   1.9893307285220689E-016  -2.3133293082313220E-015   1.4141792906574376E-017  -2.5958192790174593E-015  -3.2721856375822514E-016  -2.7014800744442122E-017  -2.1032798225839547E-016 -0.39725302053210809        7.1691621979406533E-017  -2.3627522375823720E-017   3.9248627499897119E-017  0.16608089428177705        2.9551166300878026E-015   1.5233515424958195E-016  -2.6629188800289198E-017   2.7341090296248142E-015  -8.4894055121263869E-018   3.0574123786168185E-015   2.1274120576874087     
