  0.35978696983292291        6.3550410599073980E-017   2.2726770960406392E-016   1.7387595528721199E-016  0.28351220105927888       -7.2571369527443353E-017  -6.3023691399941627E-017  -6.6733383628999950E-017   1.2647132471956951E-008   2.4556354087017305E-008  -2.1032594315979493E-008  -1.2585485165370557E-008   3.0543527110161932E-008  -6.1727865743025821E-011  -2.0448277216712283E-009   1.0564196759901936E-009   8.3483267035459413E-010   7.9237259803141429E-010   4.0760875959350213E-009   1.2524236436908193E-009   1.6165750119308301E-017   1.8188972210684745E-017  -1.1061885160090804E-016 -0.12149623117343364        3.3390025305146775E-017   1.1454345309831232E-016  -5.1525036504010625E-016  -2.9258902797958412E-011   3.4116861916781988E-010  -1.5447920431698520E-010  -6.9252914650816990E-011   6.4303178587347728E-010   9.8510512608895910E-011   2.7260175503271544E-002   1.9761453331091642E-002
   6.3550410599073980E-017   2.0331455057365142E-008   3.6870892026518236E-014   1.4020533662083464E-013   4.7785290686372811E-017  -1.3003485700347604E-006  -1.5281944311244912E-012  -4.5819764156741054E-012  -4.3704369167445977E-020  -1.1736102852838684E-019  -1.9262216157632495E-021   8.2870338441379189E-020   1.7266318459351477E-020  -1.1744462766858285E-020   6.5757079878514620E-020  -1.7905292617905122E-021  -8.2194464311145144E-020  -4.6322569013125650E-020   1.6446513574831892E-021   5.6350620831928328E-021  -4.5780073682189072E-005  -4.1579062963561617E-011  -1.5880641777373227E-010  -6.5868780071113223E-016  -1.7403390101332472E-004  -1.5767545887468556E-010  -5.9938996976486234E-010   2.3425037555560352E-020   1.6381818073279201E-020   3.1752396134953440E-021  -1.9677209587231844E-020  -3.8625634687754192E-021   2.7570669018038771E-021   3.4672061716773773E-016  -1.7145363744464143E-016
   2.2726770960406392E-016   3.6870892026518236E-014   2.0331858585285103E-008   3.1860515168385500E-013   1.7804321530564418E-016  -1.5281769463998542E-012  -1.3003620948102823E-006  -1.1253730995727168E-011   5.7822047407704761E-021   5.6186830236486123E-021   1.0780435994930780E-020  -4.1731688656012755E-020  -4.3639714099532187E-020  -7.4246488998576724E-020  -1.1292723899360388E-019   9.1911519166941417E-021   5.2636223044788846E-020   1.2339365882075714E-019   2.9484258756554144E-020  -2.5524971750561023E-020  -4.1578435420215540E-011  -4.5780530553697769E-005  -3.6039507395029498E-010  -1.9776274281127020E-016  -1.5767307303681098E-010  -1.7403562617733108E-004  -1.3621860715669302E-009   9.6554430752423142E-021   1.9996901590552747E-020   5.1543946539639942E-021  -1.4186375768211840E-020  -1.2257476226738780E-020  -1.1227376566178692E-020   9.5548534700153513E-017  -6.3877835629080186E-016
   1.7387595528721199E-016   1.4020533662083464E-013   3.1860515168385500E-013   2.0331871321672274E-008   1.3783633052878915E-016  -4.5819602032968957E-012  -1.1253757048604820E-011  -1.3003626869253564E-006  -2.9725456341460267E-020   4.9727775119042659E-020  -1.7793743618294373E-019   8.4619546441067407E-020  -1.5731918056332445E-019  -7.2212287906667236E-020  -7.4983373225431226E-020   3.2226787242136738E-020   9.2849276336872479E-021  -1.2470132225429165E-020   7.1633684380486831E-020   6.6904491281900974E-020  -1.5880582713369678E-010  -3.6039600624489545E-010  -4.5780544879821532E-005   3.9040981088925953E-016  -5.9938772560026929E-010  -1.3621896145146674E-009  -1.7403568065266892E-004  -2.4218847184680084E-020   2.9868660830292289E-021  -1.8630239012771173E-020  -5.5249153177500170E-020   6.6826549217297673E-022   2.0530876838461454E-020  -2.1353949944813153E-016  -5.2298124128008000E-016
  0.28351220105927888        4.7785290686372811E-017   1.7804321530564418E-016   1.3783633052878915E-016  0.22341886573372302       -5.7935241410440606E-017  -6.2176531522870811E-017  -5.3859657362781289E-017   9.9656176624134112E-009   1.9351401181325853E-008  -1.6573974923245850E-008  -9.9174418136919524E-009   2.4070426466868334E-008  -4.8239421366406323E-011  -1.6165956202403354E-009   8.2776987381959381E-010   6.6378360755051535E-010   6.2826433775464848E-010   3.2091725749607068E-009   9.8830639148977122E-010  -8.8973441393630608E-017  -3.8990790133232488E-016  -9.0834198374608900E-017  -9.2923750217457107E-002  -3.5517334053609035E-016  -1.4456528149823106E-015  -4.2535409172048439E-016  -2.2934045779217295E-011   2.6743238722166842E-010  -1.2109268113960912E-010  -5.4286083789344403E-011   5.0405304200775577E-010   7.7218935767993725E-011   1.9955433894921909E-002   1.7036100745328308E-002
  -7.2571369527443353E-017  -1.3003485700347604E-006  -1.5281769463998542E-012  -4.5819602032968957E-012  -5.7935241410440606E-017   8.3167013813840519E-005   4.4657716968402396E-011   1.2587152440976669E-011   2.7953601591582698E-018   7.5063849092408980E-018   1.2292877393213496E-019  -5.3002999355164391E-018  -1.1040368696528544E-018   7.5112117058855202E-019  -4.2056253341048744E-018   1.1460369991545012E-019   5.2568793818225660E-018   2.9626305707463122E-018  -1.0508595171925660E-019  -3.6039691886356867E-019   2.9279780114841282E-003   7.9050454180973105E-010   2.8283127918960232E-010   5.8102781023913726E-016   1.1130769228493244E-002   2.9802925062147269E-009   7.9915607263483829E-010  -1.4982128294341087E-018  -1.0477144518541192E-018  -2.0309514982491350E-019   1.2584871684952930E-018   2.4708402474684242E-019  -1.7632435596741855E-019  -3.0475178293723010E-016   1.9991500945166871E-016
  -6.3023691399941627E-017  -1.5281944311244912E-012  -1.3003620948102823E-006  -1.1253757048604820E-011  -6.2176531522870811E-017   4.4657716968402396E-011   8.3167093190737745E-005   1.3626032358572857E-010  -3.6931787022932676E-019  -3.5835223705063361E-019  -6.9040698855563022E-019   2.6685643011679927E-018   2.7922106713845895E-018   4.7485367460230979E-018   7.2223758736612578E-018  -5.8776674080975468E-019  -3.3664315974143764E-018  -7.8918598070582673E-018  -1.8855173204530131E-018   1.6325736263265511E-018   7.9050377577219179E-010   2.9279795728418467E-003   2.5072939948738012E-009  -3.9328998008717163E-016   2.9802895800788477E-009   1.1130774419410227E-002   9.0286242892158597E-009  -6.1754476424872374E-019  -1.2789192687648308E-018  -3.2967443516181895E-019   9.0728768282550178E-019   7.8398540025519222E-019   7.1808308368158557E-019   2.1040853650191395E-016   2.7200743443931423E-016
  -6.6733383628999950E-017  -4.5819764156741054E-012  -1.1253730995727168E-011  -1.3003626869253564E-006  -5.3859657362781289E-017   1.2587152440976669E-011   1.3626032358572857E-010   8.3167116833351938E-005   1.9015244904040839E-018  -3.1796925240091611E-018   1.1379676839925088E-017  -5.4123880752143654E-018   1.0062582893762171E-017   4.6184376351635456E-018   4.7955500941056948E-018  -2.0611348056492759E-018  -5.9374456238176309E-019   7.9765852794301070E-019  -4.5813554955315948E-018  -4.2789595114087173E-018   2.8283000846778377E-010   2.5072949591548887E-009   2.9279799882129184E-003  -4.9104937882783678E-016   7.9915131648628830E-010   9.0286278788823567E-009   1.1130775999366379E-002   1.5489693830146794E-018  -1.9102143267820558E-019   1.1915373216491625E-018   3.5335534376101356E-018  -4.2750952022667259E-020  -1.3130950177335917E-018   2.5549104415117294E-016   4.4151395241716209E-016
   1.2647132471956951E-008  -4.3704369167445977E-020   5.7822047407704761E-021  -2.9725456341460267E-020   9.9656176624134112E-009   2.7953601591582698E-018  -3.6931787022932676E-019   1.9015244904040839E-018   4.4458627990984490E-016   8.6315773635556125E-016  -7.3932324620042074E-016  -4.4240065722916283E-016   1.0735661481366696E-015  -2.1884504083758168E-018  -7.1639295126003010E-017   3.7350603111855903E-017   2.9074524054144332E-017   2.7676356951661722E-017   1.4341222007685533E-016   4.3961834699391985E-017   9.8413546435436185E-017  -1.3002202006813532E-017   6.6945117187425933E-017  -4.4005861693124707E-009   3.7412113363857798E-016  -4.9428148495060897E-017   2.5449322638335110E-016  -1.0285058925844759E-018   1.2056733704546993E-017  -5.4629077961771472E-018  -2.4501892199249878E-018   2.2718576932111508E-017   3.4786559621871163E-018   1.0252836606258140E-009   7.7861820962909132E-010
   2.4556354087017305E-008  -1.1736102852838684E-019   5.6186830236486123E-021   4.9727775119042659E-020   1.9351401181325853E-008   7.5063849092408980E-018  -3.5835223705063361E-019  -3.1796925240091611E-018   8.6315773635556125E-016   1.6761361069302615E-015  -1.4355526692296919E-015  -8.5899547093023847E-016   2.0849011688643489E-015  -4.1677738830343870E-018  -1.4015277811545659E-016   7.1576908643847572E-017   5.7643323103438624E-017   5.4514540452680946E-017   2.7788674305029424E-016   8.5636080687069918E-017   2.6426997632930878E-016  -1.2615969857680471E-017  -1.1194404281958107E-016  -7.9759429602140384E-009   1.0046278134042006E-015  -4.7959848042212539E-017  -4.2555760537019427E-016  -1.9911988368964650E-018   2.3128485404618142E-017  -1.0467288213776035E-017  -4.6908417692604463E-018   4.3600567129887934E-017   6.6819342250585221E-018   1.6937118024829521E-009   1.2998876137980695E-009
  -2.1032594315979493E-008  -1.9262216157632495E-021   1.0780435994930780E-020  -1.7793743618294373E-019  -1.6573974923245850E-008   1.2292877393213496E-019  -6.9040698855563022E-019   1.1379676839925088E-017  -7.3932324620042074E-016  -1.4355526692296919E-015   1.2295405515535296E-015   7.3573006305336937E-016  -1.7855834489966288E-015   3.5978949328831372E-018   1.1967651777174470E-016  -6.1632892915660942E-017  -4.8959638309833009E-017  -4.6423107116347538E-017  -2.3820817879585428E-016  -7.3251568185515451E-017   4.3276667837327217E-018  -2.4306905448299647E-017   4.0063258066209800E-016   7.0281499776862595E-009   1.6451679115746090E-017  -9.2403271291017659E-017   1.5230129847232269E-015   1.7074764894915849E-018  -1.9907044754908573E-017   9.0136412921524664E-018   4.0407610720794619E-018  -3.7520879065248773E-017  -5.7481569540680031E-018  -1.5534633580707210E-009  -1.1866966071604629E-009
  -1.2585485165370557E-008   8.2870338441379189E-020  -4.1731688656012755E-020   8.4619546441067407E-020  -9.9174418136919524E-009  -5.3002999355164391E-018   2.6685643011679927E-018  -5.4123880752143654E-018  -4.4240065722916283E-016  -8.5899547093023847E-016   7.3573006305336937E-016   4.4024582428113819E-016  -1.0684338233368781E-015   2.1576513391149541E-018   7.1550657879180851E-017  -3.6934929923305220E-017  -2.9227131894591886E-017  -2.7733433555677530E-017  -1.4257222930814267E-016  -4.3816122665392816E-017  -1.8660247147479838E-016   9.3949559667803853E-017  -1.9054857682379627E-016   4.2386106000530751E-009  -7.0937315317396346E-016   3.5715121136044178E-016  -7.2437431954110136E-016   1.0220578408373723E-018  -1.1928373357092381E-017   5.4017240325042002E-018   2.4217881337860715E-018  -2.2481507503279505E-017  -3.4437995090258237E-018  -9.4685967457950612E-010  -7.2243797362739357E-010
   3.0543527110161932E-008   1.7266318459351477E-020  -4.3639714099532187E-020  -1.5731918056332445E-019   2.4070426466868334E-008  -1.1040368696528544E-018   2.7922106713845895E-018   1.0062582893762171E-017   1.0735661481366696E-015   2.0849011688643489E-015  -1.7855834489966288E-015  -1.0684338233368781E-015   2.5934522012092460E-015  -5.1391861787326701E-018  -1.7490309513103226E-016   8.8509073434270898E-017   7.2351768572893439E-017   6.8232655620208685E-017   3.4532603327778644E-016   1.0666774871780654E-016  -3.8868565886998773E-017   9.8302465136245266E-017   3.5426323670537294E-016  -9.6082337661819292E-009  -1.4775969630014443E-016   3.7369878171678395E-016   1.3467389402741182E-015  -2.4734913425599093E-018   2.8612841548933526E-017  -1.2942547538849361E-017  -5.7979510221772870E-018   5.3950178973165335E-017   8.2712933622989558E-018   1.9434535036415173E-009   1.5003761762977496E-009
  -6.1727865743025821E-011  -1.1744462766858285E-020  -7.4246488998576724E-020  -7.2212287906667236E-020  -4.8239421366406323E-011   7.5112117058855202E-019   4.7485367460230979E-018   4.6184376351635456E-018  -2.1884504083758168E-018  -4.1677738830343870E-018   3.5978949328831372E-018   2.1576513391149541E-018  -5.1391861787326701E-018   3.0808424892245308E-020   8.9152964291489289E-020  -4.1585788623322232E-019   1.5235557010972879E-019   5.6856559916945414E-020  -8.4087220237993051E-019  -1.4600769951737434E-019   2.6443916228193011E-017   1.6717678878905041E-016   1.6259650064624721E-016   1.6197159301609339E-010   1.0052708023722690E-016   6.3552596444484016E-016   6.1811390179142964E-016   6.4541930974020987E-021  -1.2842128265464883E-019   6.1210739912150429E-020   2.8412984413797590E-020  -2.3718525523869301E-019  -3.4874490813739765E-020  -7.8413744131326535E-011  -5.6175507385842298E-011
  -2.0448277216712283E-009   6.5757079878514620E-020  -1.1292723899360388E-019  -7.4983373225431226E-020  -1.6165956202403354E-009  -4.2056253341048744E-018   7.2223758736612578E-018   4.7955500941056948E-018  -7.1639295126003010E-017  -1.4015277811545659E-016   1.1967651777174470E-016   7.1550657879180851E-017  -1.7490309513103226E-016   8.9152964291489289E-020   1.5009777716449316E-017  -2.9671510831668989E-018  -8.5715478259620501E-018  -6.9995955961577740E-018  -2.1334832701094985E-017  -8.0099566373170395E-018  -1.4806330634621404E-016   2.5427073641304148E-016   1.6883181119043680E-016  -1.1362092716202256E-009  -5.6286575460438575E-016   9.6661539253819404E-016   6.4181756842699113E-016   1.4579579617390941E-019  -1.0340968323595591E-018   4.2987474247742561E-019   1.8053541291001354E-019  -2.0099597193080115E-018  -3.2622591814995584E-019   8.0063675406648590E-010   5.1889825881588324E-010
   1.0564196759901936E-009  -1.7905292617905122E-021   9.1911519166941417E-021   3.2226787242136738E-020   8.2776987381959381E-010   1.1460369991545012E-019  -5.8776674080975468E-019  -2.0611348056492759E-018   3.7350603111855903E-017   7.1576908643847572E-017  -6.1632892915660942E-017  -3.6934929923305220E-017   8.8509073434270898E-017  -4.1585788623322232E-019  -2.9671510831668989E-018   5.8244925821784268E-018  -9.7913023458501765E-019   8.9022811077375064E-020   1.3610665163730630E-017   2.8780774346040942E-018   4.0347881541925128E-018  -2.0692870037830575E-017  -7.2564282108812907E-017  -1.9944455055652559E-009   1.5338336002040083E-017  -7.8664358162091300E-017  -2.7585460132185310E-016  -1.0321136699330292E-019   1.8128641549852576E-018  -8.5595620717733200E-019  -3.9486852958267990E-019   3.3611395659583610E-018   4.9816363727087334E-019   9.3610374172148488E-010   6.5288485035645986E-010
   8.3483267035459413E-010  -8.2194464311145144E-020   5.2636223044788846E-020   9.2849276336872479E-021   6.6378360755051535E-010   5.2568793818225660E-018  -3.3664315974143764E-018  -5.9374456238176309E-019   2.9074524054144332E-017   5.7643323103438624E-017  -4.8959638309833009E-017  -2.9227131894591886E-017   7.2351768572893439E-017   1.5235557010972879E-019  -8.5715478259620501E-018  -9.7913023458501765E-019   6.2595523203842477E-018   4.6580456283311081E-018   7.3890748221943713E-018   3.9133766295247802E-018   1.8507370021541584E-016  -1.1851854325619996E-016  -2.0903234053400223E-017   1.7815031837133383E-009   7.0356152091635203E-016  -4.5055067079802833E-016  -7.9464074274844193E-017  -4.5288382039678674E-020  -2.3044969136648497E-019   1.4803855902168660E-019   8.0236340976766724E-020  -3.6497840376066119E-019  -3.5061453912646199E-020  -1.0158085151953024E-009  -6.8193117691255242E-010
   7.9237259803141429E-010  -4.6322569013125650E-020   1.2339365882075714E-019  -1.2470132225429165E-020   6.2826433775464848E-010   2.9626305707463122E-018  -7.8918598070582673E-018   7.9765852794301070E-019   2.7676356951661722E-017   5.4514540452680946E-017  -4.6423107116347538E-017  -2.7733433555677530E-017   6.8232655620208685E-017   5.6856559916945414E-020  -6.9995955961577740E-018   8.9022811077375064E-020   4.6580456283311081E-018   3.5841648909525330E-018   7.6274787466624016E-018   3.4153271026763452E-018   1.0430242725557739E-016  -2.7784073602623350E-016   2.8082593007598189E-017   1.0783397404456306E-009   3.9650784493363244E-016  -1.0562172634702988E-015   1.0675658867654355E-016  -4.9602883975325684E-020   8.4676485484094730E-020  -9.9026788820388019E-021   4.5887555533363837E-021   2.0474980626106859E-019   4.4939184663964572E-020  -6.4386271984325093E-010  -4.2871377637046614E-010
   4.0760875959350213E-009   1.6446513574831892E-021   2.9484258756554144E-020   7.1633684380486831E-020   3.2091725749607068E-009  -1.0508595171925660E-019  -1.8855173204530131E-018  -4.5813554955315948E-018   1.4341222007685533E-016   2.7788674305029424E-016  -2.3820817879585428E-016  -1.4257222930814267E-016   3.4532603327778644E-016  -8.4087220237993051E-019  -2.1334832701094985E-017   1.3610665163730630E-017   7.3890748221943713E-018   7.6274787466624016E-018   4.7169950332301100E-017   1.3707022221213051E-017  -3.6995807910846067E-018  -6.6381359847681887E-017  -1.6129105854568903E-016  -2.3644104208146789E-009  -1.4064018896451822E-017  -2.5235007359698232E-016  -6.1315125580569656E-016  -3.4063726920745693E-019   4.3542708486522439E-018  -1.9936120963916738E-018  -9.0072754815527595E-019   8.1719269950174662E-018   1.2414026546596465E-018   8.2451356033843931E-010   6.1720043659960215E-010
   1.2524236436908193E-009   5.6350620831928328E-021  -2.5524971750561023E-020   6.6904491281900974E-020   9.8830639148977122E-010  -3.6039691886356867E-019   1.6325736263265511E-018  -4.2789595114087173E-018   4.3961834699391985E-017   8.5636080687069918E-017  -7.3251568185515451E-017  -4.3816122665392816E-017   1.0666774871780654E-016  -1.4600769951737434E-019  -8.0099566373170395E-018   2.8780774346040942E-018   3.9133766295247802E-018   3.4153271026763452E-018   1.3707022221213051E-017   4.5945076576404219E-018  -1.2688142433373049E-017   5.7476501372507609E-017  -1.5064499756678965E-016   5.7855163363366252E-011  -4.8234222820458104E-017   2.1849812556009198E-016  -5.7268005897462712E-016  -9.6191004886957802E-020   9.4940293679623356E-019  -4.1996445848371978E-019  -1.8512084711717912E-019   1.8051766571705041E-018   2.8128150634255673E-019  -1.5676312485436244E-010  -9.0187609536709016E-011
   1.6165750119308301E-017  -4.5780073682189072E-005  -4.1578435420215540E-011  -1.5880582713369678E-010  -8.8973441393630608E-017   2.9279780114841282E-003   7.9050377577219179E-010   2.8283000846778377E-010   9.8413546435436185E-017   2.6426997632930878E-016   4.3276667837327217E-018  -1.8660247147479838E-016  -3.8868565886998773E-017   2.6443916228193011E-017  -1.4806330634621404E-016   4.0347881541925128E-018   1.8507370021541584E-016   1.0430242725557739E-016  -3.6995807910846067E-018  -1.2688142433373049E-017  0.10308239820807986        3.0942985888211838E-010   4.3133928959706856E-009  -2.7893180811906821E-016  0.39186987794085226        3.0225509573510168E-010   6.6794438120542407E-009  -5.2746081234792324E-017  -3.6885811793269816E-017  -7.1501730062891181E-018   4.4306283219371470E-017   8.6988564480226526E-018  -6.2076762335339493E-018   1.6798515643946270E-016  -2.4253590184890758E-016
   1.8188972210684745E-017  -4.1579062963561617E-011  -4.5780530553697769E-005  -3.6039600624489545E-010  -3.8990790133232488E-016   7.9050454180973105E-010   2.9279795728418467E-003   2.5072949591548887E-009  -1.3002202006813532E-017  -1.2615969857680471E-017  -2.4306905448299647E-017   9.3949559667803853E-017   9.8302465136245266E-017   1.6717678878905041E-016   2.5427073641304148E-016  -2.0692870037830575E-017  -1.1851854325619996E-016  -2.7784073602623350E-016  -6.6381359847681887E-017   5.7476501372507609E-017   3.0942985888211838E-010  0.10308240976179450        7.6541402279560762E-009  -7.1200518457711525E-018   3.0225460184035453E-010  0.39186989564758212        1.1392097308848576E-008  -2.1741301482655647E-017  -4.5025604681422016E-017  -1.1606541941822119E-017   3.1941850284804389E-017   2.7600969479080701E-017   2.5280860106141630E-017   4.2355609655918509E-017   6.5202266741061837E-017
  -1.1061885160090804E-016  -1.5880641777373227E-010  -3.6039507395029498E-010  -4.5780544879821532E-005  -9.0834198374608900E-017   2.8283127918960232E-010   2.5072939948738012E-009   2.9279799882129184E-003   6.6945117187425933E-017  -1.1194404281958107E-016   4.0063258066209800E-016  -1.9054857682379627E-016   3.5426323670537294E-016   1.6259650064624721E-016   1.6883181119043680E-016  -7.2564282108812907E-017  -2.0903234053400223E-017   2.8082593007598189E-017  -1.6129105854568903E-016  -1.5064499756678965E-016   4.3133928959706856E-009   7.6541402279560762E-009  0.10308240970477639        3.3458726821399118E-016   6.6794464358302743E-009   1.1392094630811612E-008  0.39186989546302281        5.4533007224659234E-017  -6.7250667464492487E-018   4.1949254290819021E-017   1.2440219191782318E-016  -1.5051233714603056E-018  -4.6228820071747452E-017  -2.4542294767141712E-016  -8.2457712992036612E-017
 -0.12149623117343364       -6.5868780071113223E-016  -1.9776274281127020E-016   3.9040981088925953E-016  -9.2923750217457107E-002   5.8102781023913726E-016  -3.9328998008717163E-016  -4.9104937882783678E-016  -4.4005861693124707E-009  -7.9759429602140384E-009   7.0281499776862595E-009   4.2386106000530751E-009  -9.6082337661819292E-009   1.6197159301609339E-010  -1.1362092716202256E-009  -1.9944455055652559E-009   1.7815031837133383E-009   1.0783397404456306E-009  -2.3644104208146789E-009   5.7855163363366252E-011  -2.7893180811906821E-016  -7.1200518457711525E-018   3.3458726821399118E-016   1.0261537496905166        9.3517253485983160E-017   3.9202857762581113E-016  -5.2479054871823897E-016   2.0131641766658847E-011  -6.0309240347702514E-010   2.9429450904379555E-010   1.3866826310699882E-010  -1.1030156852756955E-009  -1.5885211596796746E-010 -0.52405999776625567      -0.36868870176662616     
   3.3390025305146775E-017  -1.7403390101332472E-004  -1.5767307303681098E-010  -5.9938772560026929E-010  -3.5517334053609035E-016   1.1130769228493244E-002   2.9802895800788477E-009   7.9915131648628830E-010   3.7412113363857798E-016   1.0046278134042006E-015   1.6451679115746090E-017  -7.0937315317396346E-016  -1.4775969630014443E-016   1.0052708023722690E-016  -5.6286575460438575E-016   1.5338336002040083E-017   7.0356152091635203E-016   3.9650784493363244E-016  -1.4064018896451822E-017  -4.8234222820458104E-017  0.39186987794085226        3.0225460184035453E-010   6.6794464358302743E-009   9.3517253485983160E-017   1.4897014806291338       -2.1736861622180352E-009  -1.1551155615108525E-008  -2.0051532830390215E-016  -1.4022217928368345E-016  -2.7181534797857240E-017   1.6843124407026632E-016   3.3068882226842347E-017  -2.3598606182183152E-017   5.5861913988647555E-018   1.6653554204124721E-016
   1.1454345309831232E-016  -1.5767545887468556E-010  -1.7403562617733108E-004  -1.3621896145146674E-009  -1.4456528149823106E-015   2.9802925062147269E-009   1.1130774419410227E-002   9.0286278788823567E-009  -4.9428148495060897E-017  -4.7959848042212539E-017  -9.2403271291017659E-017   3.5715121136044178E-016   3.7369878171678395E-016   6.3552596444484016E-016   9.6661539253819404E-016  -7.8664358162091300E-017  -4.5055067079802833E-016  -1.0562172634702988E-015  -2.5235007359698232E-016   2.1849812556009198E-016   3.0225509573510168E-010  0.39186989564758212        1.1392094630811612E-008   3.9202857762581113E-016  -2.1736861622180352E-009   1.4897014482849429       -2.3999680090351953E-008  -8.2650012582752046E-017  -1.7116575868748056E-016  -4.4122514372659018E-017   1.2142757751274001E-016   1.0492565165485159E-016   9.6105716336410399E-017  -5.5276948121933577E-017  -2.4611426293813146E-016
  -5.1525036504010625E-016  -5.9938996976486234E-010  -1.3621860715669302E-009  -1.7403568065266892E-004  -4.2535409172048439E-016   7.9915607263483829E-010   9.0286242892158597E-009   1.1130775999366379E-002   2.5449322638335110E-016  -4.2555760537019427E-016   1.5230129847232269E-015  -7.2437431954110136E-016   1.3467389402741182E-015   6.1811390179142964E-016   6.4181756842699113E-016  -2.7585460132185310E-016  -7.9464074274844193E-017   1.0675658867654355E-016  -6.1315125580569656E-016  -5.7268005897462712E-016   6.6794438120542407E-009   1.1392097308848576E-008  0.39186989546302281       -5.2479054871823897E-016  -1.1551155615108525E-008  -2.3999680090351953E-008   1.4897014477057324        2.0730835452379005E-016  -2.5565467189149423E-017   1.5947095313281141E-016   4.7291747511322073E-016  -5.7217614564484972E-018  -1.7573981153937408E-016   1.8547881123342798E-017   2.1675385338353971E-016
  -2.9258902797958412E-011   2.3425037555560352E-020   9.6554430752423142E-021  -2.4218847184680084E-020  -2.2934045779217295E-011  -1.4982128294341087E-018  -6.1754476424872374E-019   1.5489693830146794E-018  -1.0285058925844759E-018  -1.9911988368964650E-018   1.7074764894915849E-018   1.0220578408373723E-018  -2.4734913425599093E-018   6.4541930974020987E-021   1.4579579617390941E-019  -1.0321136699330292E-019  -4.5288382039678674E-020  -4.9602883975325684E-020  -3.4063726920745693E-019  -9.6191004886957802E-020  -5.2746081234792324E-017  -2.1741301482655647E-017   5.4533007224659234E-017   2.0131641766658847E-011  -2.0051532830390215E-016  -8.2650012582752046E-017   2.0730835452379005E-016   5.2116346174519761E-021  -3.3241421685991512E-020   1.3464933326640568E-020   5.5307760807228139E-021  -6.5172226857191840E-020  -1.0743297069128845E-020  -9.1693485700253312E-012   6.8106830575166575E-011
   3.4116861916781988E-010   1.6381818073279201E-020   1.9996901590552747E-020   2.9868660830292289E-021   2.6743238722166842E-010  -1.0477144518541192E-018  -1.2789192687648308E-018  -1.9102143267820558E-019   1.2056733704546993E-017   2.3128485404618142E-017  -1.9907044754908573E-017  -1.1928373357092381E-017   2.8612841548933526E-017  -1.2842128265464883E-019  -1.0340968323595591E-018   1.8128641549852576E-018  -2.3044969136648497E-019   8.4676485484094730E-020   4.3542708486522439E-018   9.4940293679623356E-019  -3.6885811793269816E-017  -4.5025604681422016E-017  -6.7250667464492487E-018  -6.0309240347702514E-010  -1.4022217928368345E-016  -1.7116575868748056E-016  -2.5565467189149423E-017  -3.3241421685991512E-020   5.6520254266203457E-019  -2.6615023918285331E-019  -1.2256244294000880E-019   1.0490470386644859E-018   1.5582877152980216E-019   2.8107673218619802E-010   1.8671176233375276E-010
  -1.5447920431698520E-010   3.1752396134953440E-021   5.1543946539639942E-021  -1.8630239012771173E-020  -1.2109268113960912E-010  -2.0309514982491350E-019  -3.2967443516181895E-019   1.1915373216491625E-018  -5.4629077961771472E-018  -1.0467288213776035E-017   9.0136412921524664E-018   5.4017240325042002E-018  -1.2942547538849361E-017   6.1210739912150429E-020   4.2987474247742561E-019  -8.5595620717733200E-019   1.4803855902168660E-019  -9.9026788820388019E-021  -1.9936120963916738E-018  -4.1996445848371978E-019  -7.1501730062891181E-018  -1.1606541941822119E-017   4.1949254290819021E-017   2.9429450904379555E-010  -2.7181534797857240E-017  -4.4122514372659018E-017   1.5947095313281141E-016   1.3464933326640568E-020  -2.6615023918285331E-019   1.2679879942675506E-019   5.8841061588959011E-020  -4.9165496431995074E-019  -7.2318111815764204E-020  -1.3730129431206729E-010  -1.4106647231121687E-010
  -6.9252914650816990E-011  -1.9677209587231844E-020  -1.4186375768211840E-020  -5.5249153177500170E-020  -5.4286083789344403E-011   1.2584871684952930E-018   9.0728768282550178E-019   3.5335534376101356E-018  -2.4501892199249878E-018  -4.6908417692604463E-018   4.0407610720794619E-018   2.4217881337860715E-018  -5.7979510221772870E-018   2.8412984413797590E-020   1.8053541291001354E-019  -3.9486852958267990E-019   8.0236340976766724E-020   4.5887555533363837E-021  -9.0072754815527595E-019  -1.8512084711717912E-019   4.4306283219371470E-017   3.1941850284804389E-017   1.2440219191782318E-016   1.3866826310699882E-010   1.6843124407026632E-016   1.2142757751274001E-016   4.7291747511322073E-016   5.5307760807228139E-021  -1.2256244294000880E-019   5.8841061588959011E-020   2.7441410709880092E-020  -2.2569296606376655E-019  -3.2977884919757447E-020  -6.4735778372723829E-011  -8.1234809993064037E-011
   6.4303178587347728E-010  -3.8625634687754192E-021  -1.2257476226738780E-020   6.6826549217297673E-022   5.0405304200775577E-010   2.4708402474684242E-019   7.8398540025519222E-019  -4.2750952022667259E-020   2.2718576932111508E-017   4.3600567129887934E-017  -3.7520879065248773E-017  -2.2481507503279505E-017   5.3950178973165335E-017  -2.3718525523869301E-019  -2.0099597193080115E-018   3.3611395659583610E-018  -3.6497840376066119E-019   2.0474980626106859E-019   8.1719269950174662E-018   1.8051766571705041E-018   8.6988564480226526E-018   2.7600969479080701E-017  -1.5051233714603056E-018  -1.1030156852756955E-009   3.3068882226842347E-017   1.0492565165485159E-016  -5.7217614564484972E-018  -6.5172226857191840E-020   1.0490470386644859E-018  -4.9165496431995074E-019  -2.2569296606376655E-019   1.9507956578946324E-018   2.9091080483409321E-019   5.1384406798013898E-010   2.6216756365233320E-010
   9.8510512608895910E-011   2.7570669018038771E-021  -1.1227376566178692E-020   2.0530876838461454E-020   7.7218935767993725E-011  -1.7632435596741855E-019   7.1808308368158557E-019  -1.3130950177335917E-018   3.4786559621871163E-018   6.6819342250585221E-018  -5.7481569540680031E-018  -3.4437995090258237E-018   8.2712933622989558E-018  -3.4874490813739765E-020  -3.2622591814995584E-019   4.9816363727087334E-019  -3.5061453912646199E-020   4.4939184663964572E-020   1.2414026546596465E-018   2.8128150634255673E-019  -6.2076762335339493E-018   2.5280860106141630E-017  -4.6228820071747452E-017  -1.5885211596796746E-010  -2.3598606182183152E-017   9.6105716336410399E-017  -1.7573981153937408E-016  -1.0743297069128845E-020   1.5582877152980216E-019  -7.2318111815764204E-020  -3.2977884919757447E-020   2.9091080483409321E-019   4.3727769380494960E-020   7.3932805514776642E-011   1.3135270064667769E-011
   2.7260175503271544E-002   3.4672061716773773E-016   9.5548534700153513E-017  -2.1353949944813153E-016   1.9955433894921909E-002  -3.0475178293723010E-016   2.1040853650191395E-016   2.5549104415117294E-016   1.0252836606258140E-009   1.6937118024829521E-009  -1.5534633580707210E-009  -9.4685967457950612E-010   1.9434535036415173E-009  -7.8413744131326535E-011   8.0063675406648590E-010   9.3610374172148488E-010  -1.0158085151953024E-009  -6.4386271984325093E-010   8.2451356033843931E-010  -1.5676312485436244E-010   1.6798515643946270E-016   4.2355609655918509E-017  -2.4542294767141712E-016 -0.52405999776625567        5.5861913988647555E-018  -5.5276948121933577E-017   1.8547881123342798E-017  -9.1693485700253312E-012   2.8107673218619802E-010  -1.3730129431206729E-010  -6.4735778372723829E-011   5.1384406798013898E-010   7.3932805514776642E-011  0.27207622108712204       0.14769816703678709     
   1.9761453331091642E-002  -1.7145363744464143E-016  -6.3877835629080186E-016  -5.2298124128008000E-016   1.7036100745328308E-002   1.9991500945166871E-016   2.7200743443931423E-016   4.4151395241716209E-016   7.7861820962909132E-010   1.2998876137980695E-009  -1.1866966071604629E-009  -7.2243797362739357E-010   1.5003761762977496E-009  -5.6175507385842298E-011   5.1889825881588324E-010   6.5288485035645986E-010  -6.8193117691255242E-010  -4.2871377637046614E-010   6.1720043659960215E-010  -9.0187609536709016E-011  -2.4253590184890758E-016   6.5202266741061837E-017  -8.2457712992036612E-017 -0.36868870176662616        1.6653554204124721E-016  -2.4611426293813146E-016   2.1675385338353971E-016   6.8106830575166575E-011   1.8671176233375276E-010  -1.4106647231121687E-010  -8.1234809993064037E-011   2.6216756365233320E-010   1.3135270064667769E-011  0.14769816703678709        2.1151781290072469     
