  0.11674140906415270        3.4949172326775510E-016  -1.9020797162997197E-016  -3.9114514811272719E-016   2.1034945290017203E-015  0.21179201786473018        3.1473796144191116E-016   2.4488135433683609E-016  -4.3445282251723072E-016   3.4227530548900282E-018  -1.0267138570164807E-017  -4.2513818074872995E-016  -4.4894171631492075E-017  -4.4338227074171478E-016  -1.0779892323750923E-015   7.6378007121228875E-016   1.1057002386187810E-018  -2.3959468421623548E-017   4.4739496132463980E-016  -1.5733184384864720E-017   5.1526746657830680E-016   6.2281623014015912E-018  -2.9914980413987540E-017   1.7306450313440571E-017  -3.8564960256934190E-017  0.25358572788177297        4.8181775138666366E-016  -5.1752124890461649E-017  -3.4427585584032829E-017   7.1677006402182261E-018   1.9922752280788764E-017  -5.4956112818812651E-017  -1.4672315547136600E-018  -5.1076053708158532E-017  -8.7712512983115111E-017  -7.6984025705483717E-017
   3.4949172326775510E-016  0.11674140906414981       -3.0771436424327850E-016   2.6322896394632389E-016   8.9357151838953057E-016   1.2502206301473473E-017  0.21179201786473018       -4.5884791192302155E-016  -1.3269831558339188E-016   1.3380978687065659E-017  -2.8874433742028078E-017  -1.2662080608624387E-016  -2.9257988985756047E-017  -1.6107575253017099E-016   2.9978218537006314E-016   1.0846997947534589E-017  -5.6333195130944278E-017   3.3329370127495200E-017   4.1806311687763839E-020  -1.8849431361247121E-019   4.6312397464581963E-018  -4.1242453528001838E-016   1.9685168353432908E-017  -5.4221801391652448E-017   6.9659630496136304E-017   4.0383989826243277E-016  0.25358572788176836       -3.9286235126601704E-016  -7.2202664461824307E-017  -6.4147961150609863E-018  -1.2544284272934231E-018  -8.3946164797971725E-017   1.5333315387344721E-017  -7.2871595408993032E-017   8.6154493987901624E-017   1.5061257976897572E-016
  -1.9020797162997197E-016  -3.0771436424327850E-016  0.11674140906414711       -2.8259137051940335E-016   2.6960566427437320E-016  -3.7244589262187301E-016   3.2080864657488273E-016  0.21179201786472959       -7.9168662675299531E-017  -1.6202692713989188E-017   9.4260456062303167E-018  -5.9033378380641312E-017   3.1257004200464536E-017  -8.6536029356405732E-017  -1.6525430869006689E-015   5.5822214257120721E-017  -7.7094134462489192E-017  -3.3268524951459516E-016   2.6956034855684643E-017  -9.5270183298297648E-018   3.1626159130174753E-017  -2.3732181460980154E-016  -3.1161778026049319E-016  -7.3575706845570140E-017  -9.0527446576411789E-016  -4.7422706562984425E-016  -9.3319313864900777E-017  0.25358572788176609        3.4199090174613863E-016   2.0333315034244966E-017  -1.0799818017073804E-017   3.6426217414119734E-016  -3.0252444723043461E-017   3.2110654132574355E-016   1.6231993284575138E-015   7.6340261951114394E-016
  -3.9114514811272719E-016   2.6322896394632389E-016  -2.8259137051940335E-016   9.4934959984317724E-002  0.23687375703303531       -9.5655961503229792E-016   1.1610059989972389E-016   1.0529672691445113E-016  -8.8078133692058220E-016   7.9352361575132699E-017   1.2055364098575032E-016   7.2929909014453855E-016  -4.4605033541661305E-017  -4.3545699181705376E-016  0.16495668312083700        6.8224120652308281E-017   4.3371547092821575E-017  -2.3928183349136099E-017   6.3889691685117453E-017   2.9844415165167154E-018   3.4671993885453669E-017   6.3432964895890265E-017  -3.0617457530424893E-017   5.0749638479478169E-017  -6.4363457158398064E-017  -8.7638316280149443E-016   3.7166684079074881E-016  -3.3993306069791182E-016  -2.7513268342548990E-015   4.2881780982382198E-018   3.8474803545431564E-017  -2.5648236035513030E-015  -4.2450539604017007E-017  -2.3248651522623753E-015 -0.11512243213663310       -4.4480834626020462E-002
   2.1034945290017203E-015   8.9357151838953057E-016   2.6960566427437320E-016  0.23687375703303531       0.59131927638364290        3.1947935421446428E-015   7.4768349611263675E-016   2.1317707411193863E-015  -2.2076362769327400E-015   2.0484966761302466E-016   2.9630815787308118E-016   1.8180455583285462E-015  -1.0859374484453278E-016  -1.1138788652429266E-015  0.41111547956427730        1.6569728543133273E-016   1.0262333929087748E-016  -6.1175756636792963E-017   1.5861215707154963E-016   9.2003403968869678E-018   9.2963022799559596E-017   1.3849632090117602E-016  -8.5108438741698646E-017   1.2985674686762191E-016  -1.7915036635385716E-016   4.4954598050698922E-015   1.4591251038838604E-015   1.2916044322501107E-015  -6.9095047822447139E-015   1.4426119627503088E-017   1.0141645192989486E-016  -6.4705941710417825E-015  -1.1916577548959966E-016  -5.8529091467409348E-015 -0.30320472241705287      -0.12111028465711464     
  0.21179201786473018        1.2502206301473473E-017  -3.7244589262187301E-016  -9.5655961503229792E-016   3.1947935421446428E-015  0.38423263168396937       -5.5660906656332387E-016   3.9462269748864829E-016  -7.8818339341259206E-016   6.2095513662116498E-018  -1.8626621118450494E-017  -7.7128478998085455E-016  -8.1446911395203123E-017  -8.0438317952998364E-016  -2.3763737083451900E-015   1.3856481927336072E-015   2.0059590385955786E-018  -4.3467217028307373E-017   8.1166299431410843E-016  -2.8543109895797550E-017   9.3479715005578888E-016   1.1299118898576089E-017  -5.4271694311832427E-017   3.1397325622008390E-017  -6.9964469481439662E-017  0.46005469216380035       -4.7600541130260465E-016  -1.5333943323263006E-016  -6.2458453084502066E-017   1.3003627369341697E-017   3.6143815127746678E-017  -9.9701263854893360E-017  -2.6618483890049227E-018  -9.2662068807760046E-017   4.2513267076383304E-016   1.5671633786075339E-016
   3.1473796144191116E-016  0.21179201786473018        3.2080864657488273E-016   1.1610059989972389E-016   7.4768349611263675E-016  -5.5660906656332387E-016  0.38423263168397881        7.6235167538549892E-016  -2.4074100398440022E-016   2.4275743284727073E-017  -5.2383936736323368E-017  -2.2971519908525661E-016  -5.3079781849747706E-017  -2.9222329018402384E-016  -1.3003533696506389E-016   1.9678600776698540E-017  -1.0219956367833756E-016   6.0466072921764117E-017   7.5844922402908991E-020  -3.4196598581451271E-019   8.4019853707492797E-018  -7.4821972121204219E-016   3.5712790868312753E-017  -9.8369077613997318E-017   1.2637635458366121E-016   3.9048218868423246E-017  0.46005469216380340        1.1967694630438119E-015  -1.3098992143546773E-016  -1.1637709569301028E-017  -2.2757814045000466E-018  -1.5229495495293577E-016   2.7817668404682341E-017  -1.3220349454760540E-016  -9.6055769685581046E-016  -5.4399013796911267E-016
   2.4488135433683609E-016  -4.5884791192302155E-016  0.21179201786472959        1.0529672691445113E-016   2.1317707411193863E-015   3.9462269748864829E-016   7.6235167538549892E-016  0.38423263168398564       -1.4362762068806138E-016  -2.9394890915287688E-017   1.7100712038959779E-017  -1.0709823042942595E-016   5.6706391032039085E-017  -1.5699348176725948E-016  -2.0867739489851141E-015   1.0127254325581126E-016  -1.3986401598402587E-016  -6.0355687731857694E-016   4.8903581526763072E-017  -1.7283896540944920E-017   5.7376111126180015E-017  -4.3054873504149206E-016  -5.6533631907452358E-016  -1.3348089202936133E-016  -1.6423470246127199E-015   4.2118226258275413E-016   4.6637634075821777E-017  0.46005469216380862        6.2043917195131572E-016   3.6888657208307650E-017  -1.9593007046461379E-017   6.6084366731226997E-016  -5.4883921348889034E-017   5.8255080936679942E-016  -3.3160885873442103E-015  -2.4010337341040512E-015
  -4.3445282251723072E-016  -1.3269831558339188E-016  -7.9168662675299531E-017  -8.8078133692058220E-016  -2.2076362769327400E-015  -7.8818339341259206E-016  -2.4074100398440022E-016  -1.4362762068806138E-016   1.0334719074104249E-029  -9.8783028263447540E-031  -9.0025058469788680E-031  -4.9439867053315583E-030   5.0052432582800546E-031   6.8683917265342945E-030  -1.5143173048506091E-015  -3.3705209192117099E-030  -9.8742241458280920E-032   5.4927659702217774E-031  -2.2486765010881665E-030  -2.2487875213672897E-032  -2.4867910926281549E-030   6.9489900681884098E-031   8.8259013933419573E-031  -5.3428422521317407E-031   1.9104910909769819E-030  -9.4371856662943356E-016  -2.8824732556900866E-016  -1.7197019558767727E-016   2.7031649845217333E-029  -2.0050193857603195E-031  -6.0776293682388339E-031   2.6280770790429482E-029   8.5576809124778676E-031   2.3407795554030124E-029   1.6143440732677658E-015   7.5922923117319192E-016
   3.4227530548900282E-018   1.3380978687065659E-017  -1.6202692713989188E-017   7.9352361575132699E-017   2.0484966761302466E-016   6.2095513662116498E-018   2.4275743284727073E-017  -2.9394890915287688E-017  -9.8783028263447540E-031   2.3135055990805841E-031  -9.6128890505241377E-033   5.5225349225861758E-031   1.7188542250503505E-032  -1.0265330436027201E-030   1.2682015058153227E-016  -3.3547281909835646E-032  -9.0938083531960915E-032  -5.3084186168096018E-033   4.3980486211886653E-032   4.4552895868800982E-032   1.9187622720635254E-031  -4.2592261543653908E-031  -1.8577110807841452E-031   1.2284855940422750E-031  -3.5741444435554182E-031   7.4349053325787328E-018   2.9066166387159193E-017  -3.5195494541818944E-017  -3.4052647963450584E-030   8.7821872424423778E-032   1.6141991133848779E-031  -3.8757394529777186E-030  -3.4090090240898530E-031  -3.2221689397508684E-030  -4.7134652960067594E-016  -2.7515261009581595E-016
  -1.0267138570164807E-017  -2.8874433742028078E-017   9.4260456062303167E-018   1.2055364098575032E-016   2.9630815787308118E-016  -1.8626621118450494E-017  -5.2383936736323368E-017   1.7100712038959779E-017  -9.0025058469788680E-031  -9.6128890505241377E-033   2.3091090045285057E-031   1.0152775744955290E-030  -8.4478525023320793E-032  -6.0235973387313391E-032   2.1670980722026831E-016   9.0961755833830195E-032   1.4872625800732382E-031  -4.0739753050821896E-032   5.6255369991231279E-032  -2.2525310146613865E-032  -9.9126955143099298E-032   4.6703700480814851E-031   6.7760490266738212E-032   2.0703099296503565E-032   1.1675493116166186E-031  -2.2302281841976895E-017  -6.2721054648420355E-017   2.0475259423922126E-017  -2.7588948675146699E-030  -4.9277459734316825E-032  -3.6783197856865856E-032  -2.1089205383563197E-030   1.4374220500945242E-031  -2.1024179248684200E-030   9.9312855858896663E-017   9.9259784198289856E-017
  -4.2513818074872995E-016  -1.2662080608624387E-016  -5.9033378380641312E-017   7.2929909014453855E-016   1.8180455583285462E-015  -7.7128478998085455E-016  -2.2971519908525661E-016  -1.0709823042942595E-016  -4.9439867053315583E-030   5.5225349225861758E-031   1.0152775744955290E-030   7.3271843292673573E-030  -1.7842850201056562E-031  -1.3582191688907289E-030   1.2698587285178681E-015  -2.2718815069785489E-030   4.6069692409423000E-031   4.3794218997898325E-032  -1.1476531418226861E-030   7.5382535934203188E-032  -1.6673987816558612E-030   1.1431560889922472E-030   5.8964060518509312E-032   4.0468868499864591E-031   1.3256089527223782E-031  -9.2348529865915301E-016  -2.7504575740311967E-016  -1.2823232429676146E-016  -2.0854263986417524E-029  -1.7440194010496625E-032   1.9937344596864023E-031  -1.9196638132336979E-029  -2.4761042927717612E-031  -1.7464193461338527E-029  -7.9463092456273853E-016  -2.8476916965840828E-016
  -4.4894171631492075E-017  -2.9257988985756047E-017   3.1257004200464536E-017  -4.4605033541661305E-017  -1.0859374484453278E-016  -8.1446911395203123E-017  -5.3079781849747706E-017   5.6706391032039085E-017   5.0052432582800546E-031   1.7188542250503505E-032  -8.4478525023320793E-032  -1.7842850201056562E-031   7.8931365034791228E-032   1.3896054264775938E-031  -8.1861871629805868E-017  -3.5548728745872443E-031  -7.9116755948910649E-032  -9.0601824032338066E-032  -2.0226952071200408E-031   1.8382491864869677E-032  -1.4739493397333998E-031  -1.7548000282125012E-031  -1.4316106145677825E-031  -6.7003105635514780E-033  -3.8657405162287537E-031  -9.7519134659108342E-017  -6.3554213477350256E-017   6.7896474996484242E-017   1.0024441862531072E-030   3.6784091285904614E-032   2.1841280579110744E-032   6.8684912069038746E-031  -1.1408030519224824E-031   7.3383416721568993E-031  -9.3686138160240406E-017  -7.2848631039733640E-017
  -4.4338227074171478E-016  -1.6107575253017099E-016  -8.6536029356405732E-017  -4.3545699181705376E-016  -1.1138788652429266E-015  -8.0438317952998364E-016  -2.9222329018402384E-016  -1.5699348176725948E-016   6.8683917265342945E-030  -1.0265330436027201E-030  -6.0235973387313391E-032  -1.3582191688907289E-030   1.3896054264775938E-031   6.5343203807648294E-030  -7.1249741193511398E-016  -2.8452251387932955E-030   4.5640601317257116E-031   5.3945818143360714E-031  -1.9372525972301407E-030  -1.1111494484556815E-031  -2.7510612126380108E-030   2.2853072914678479E-030   1.2752621341128741E-030  -4.7217184314312391E-031   2.7571309656714794E-030  -9.6311511705434768E-016  -3.4988880361227876E-016  -1.8797359196071257E-016   1.6782579725486699E-029  -4.0265880301473710E-031  -7.5054031433269732E-031   1.8484443127058569E-029   1.4440612144285320E-030   1.5607286398420090E-029   2.0251356430509168E-015   1.1537633443714928E-015
  -1.0779892323750923E-015   2.9978218537006314E-016  -1.6525430869006689E-015  0.16495668312083700       0.41111547956427730       -2.3763737083451900E-015  -1.3003533696506389E-016  -2.0867739489851141E-015  -1.5143173048506091E-015   1.2682015058153227E-016   2.1670980722026831E-016   1.2698587285178681E-015  -8.1861871629805868E-017  -7.1249741193511398E-016  0.28738392392580220        1.2585208638883213E-016   8.4385119864161621E-017  -3.9202145111639475E-017   1.1230381521139710E-016   2.3564443065875704E-018   4.9836256115722453E-017   1.4212269670763548E-016  -3.9142206683632948E-017   8.2969896687159007E-017  -8.1901750332445796E-017  -2.3767126596013005E-015   2.7534756110727344E-016  -3.1500485034426847E-015  -4.7086503429216288E-015   1.4392571502875490E-018   5.8113624423569867E-017  -4.3419393058432219E-015  -5.2391381685815221E-017  -3.9555808847635430E-015 -0.17428586506249427       -6.0954473744355704E-002
   7.6378007121228875E-016   1.0846997947534589E-017   5.5822214257120721E-017   6.8224120652308281E-017   1.6569728543133273E-016   1.3856481927336072E-015   1.9678600776698540E-017   1.0127254325581126E-016  -3.3705209192117099E-030  -3.3547281909835646E-032   9.0961755833830195E-032  -2.2718815069785489E-030  -3.5548728745872443E-031  -2.8452251387932955E-030   1.2585208638883213E-016   5.1440935671073633E-030   8.3161356049641505E-032  -3.0707458413561651E-031   2.9983092622652754E-030  -1.3259511542218237E-031   3.3114144961950635E-030   2.4161168441048373E-031  -2.2958597580289401E-031   5.9316420709879073E-032  -4.3683621109644298E-031   1.6590833265814529E-015   2.3561852575771890E-017   1.2125703251179560E-016  -1.3527223724544245E-030   1.2375477014069594E-033   6.8594851614628832E-032  -9.3294514791143653E-031   1.5254333136894954E-031  -1.0491389342385073E-030   1.6510281638330078E-016   1.2525817817860374E-016
   1.1057002386187810E-018  -5.6333195130944278E-017  -7.7094134462489192E-017   4.3371547092821575E-017   1.0262333929087748E-016   2.0059590385955786E-018  -1.0219956367833756E-016  -1.3986401598402587E-016  -9.8742241458280920E-032  -9.0938083531960915E-032   1.4872625800732382E-031   4.6069692409423000E-031  -7.9116755948910649E-032   4.5640601317257116E-031   8.4385119864161621E-017   8.3161356049641505E-032   2.0517663636220441E-031   2.2068619986079781E-031   3.0944794326400217E-032  -2.6031551822600335E-032  -1.2612067035117858E-031   7.6397661977047711E-031   3.4910990677729537E-031   3.6158721557512610E-032   8.9024740940879100E-031   2.4018024287778689E-018  -1.2236698533710924E-016  -1.6746390470876357E-016  -5.9263465067945602E-031  -7.9761346312735108E-032  -7.8371357632481021E-032  -9.7562817409136052E-033   2.4717105763130288E-031  -2.4050158428533180E-031   2.5344727610756372E-016   1.7382865680966058E-016
  -2.3959468421623548E-017   3.3329370127495200E-017  -3.3268524951459516E-016  -2.3928183349136099E-017  -6.1175756636792963E-017  -4.3467217028307373E-017   6.0466072921764117E-017  -6.0355687731857694E-016   5.4927659702217774E-031  -5.3084186168096018E-033  -4.0739753050821896E-032   4.3794218997898325E-032  -9.0601824032338066E-032   5.3945818143360714E-031  -3.9202145111639475E-017  -3.0707458413561651E-031   2.2068619986079781E-031   9.7596671196457777E-031  -1.8069358049120260E-031   2.0722336570474743E-032  -2.3585593816687819E-031   6.4109652077278124E-031   9.5148893368909437E-031   1.6154755477578826E-031   2.7174827252791590E-030  -5.2044765332744404E-017   7.2398068957495852E-017  -7.2265901045728430E-016  -6.9481832777038431E-032  -8.1134266610457054E-032  -1.0705464648098221E-032  -4.5688285658129603E-032   1.6843846434713810E-031  -7.6503709944725797E-032   1.0956074107731710E-016   6.2307903805354447E-017
   4.4739496132463980E-016   4.1806311687763839E-020   2.6956034855684643E-017   6.3889691685117453E-017   1.5861215707154963E-016   8.1166299431410843E-016   7.5844922402908991E-020   4.8903581526763072E-017  -2.2486765010881665E-030   4.3980486211886653E-032   5.6255369991231279E-032  -1.1476531418226861E-030  -2.0226952071200408E-031  -1.9372525972301407E-030   1.1230381521139710E-016   2.9983092622652754E-030   3.0944794326400217E-032  -1.8069358049120260E-031   1.7659930887637478E-030  -6.5296371125168233E-032   1.9876323972209294E-030   6.5847341277552402E-032  -1.8329801679958967E-031   7.4610374928638760E-032  -3.4922750812841568E-031   9.7183148488297622E-016   9.0811684253684461E-020   5.8553907944773555E-017  -1.7822150962482713E-030   2.4827733086113670E-032   8.4893051020547334E-032  -1.6577345251303205E-030  -4.8427745985157065E-033  -1.5433366025049622E-030  -3.3703527474096499E-017  -2.1663232618341377E-018
  -1.5733184384864720E-017  -1.8849431361247121E-019  -9.5270183298297648E-018   2.9844415165167154E-018   9.2003403968869678E-018  -2.8543109895797550E-017  -3.4196598581451271E-019  -1.7283896540944920E-017  -2.2487875213672897E-032   4.4552895868800982E-032  -2.2525310146613865E-032   7.5382535934203188E-032   1.8382491864869677E-032  -1.1111494484556815E-031   2.3564443065875704E-018  -1.3259511542218237E-031  -2.6031551822600335E-032   2.0722336570474743E-032  -6.5296371125168233E-032   1.3535579583371434E-032  -3.2150251176116103E-032  -9.7703753223640268E-032  -2.3921245118795672E-032   2.4776152144931272E-032  -3.4616840309706274E-032  -3.4175628391992506E-017  -4.0944741118137846E-019  -2.0694592407954396E-017  -3.7792102880866831E-031   1.9923607413090010E-032   3.1976083853558312E-032  -5.3002240638879577E-031  -7.8329881138189782E-032  -4.0550871848632204E-031  -9.9573154918428363E-017  -6.2270720977708566E-017
   5.1526746657830680E-016   4.6312397464581963E-018   3.1626159130174753E-017   3.4671993885453669E-017   9.2963022799559596E-017   9.3479715005578888E-016   8.4019853707492797E-018   5.7376111126180015E-017  -2.4867910926281549E-030   1.9187622720635254E-031  -9.9126955143099298E-032  -1.6673987816558612E-030  -1.4739493397333998E-031  -2.7510612126380108E-030   4.9836256115722453E-017   3.3114144961950635E-030  -1.2612067035117858E-031  -2.3585593816687819E-031   1.9876323972209294E-030  -3.2150251176116103E-032   2.4383889739343314E-030  -4.6740632590798499E-031  -4.1960019426674266E-031   1.4428954064238449E-031  -8.4662546329041227E-031   1.1192641635347506E-015   1.0059980528889659E-017   6.8698353458483466E-017  -2.0540067823061812E-030   1.2088128983146888E-031   2.1883029212992806E-031  -2.6556538034379350E-030  -3.2255658503959600E-031  -2.1427706025181496E-030  -3.9506509012384088E-016  -2.4019802841210139E-016
   6.2281623014015912E-018  -4.1242453528001838E-016  -2.3732181460980154E-016   6.3432964895890265E-017   1.3849632090117602E-016   1.1299118898576089E-017  -7.4821972121204219E-016  -4.3054873504149206E-016   6.9489900681884098E-031  -4.2592261543653908E-031   4.6703700480814851E-031   1.1431560889922472E-030  -1.7548000282125012E-031   2.2853072914678479E-030   1.4212269670763548E-016   2.4161168441048373E-031   7.6397661977047711E-031   6.4109652077278124E-031   6.5847341277552402E-032  -9.7703753223640268E-032  -4.6740632590798499E-031   3.3228240881926453E-030   1.1326336261702947E-030   1.5696152163625153E-031   2.8070855936433423E-030   1.3528816237767399E-017  -8.9586871371249256E-016  -5.1551052520686829E-016   7.4477502946782184E-031  -2.6805456414080028E-031  -3.1408734323766347E-031   2.6566599936882733E-030   8.7689079560277196E-031   1.5804449123545984E-030   1.0050737401515245E-015   6.5668706970791258E-016
  -2.9914980413987540E-017   1.9685168353432908E-017  -3.1161778026049319E-016  -3.0617457530424893E-017  -8.5108438741698646E-017  -5.4271694311832427E-017   3.5712790868312753E-017  -5.6533631907452358E-016   8.8259013933419573E-031  -1.8577110807841452E-031   6.7760490266738212E-032   5.8964060518509312E-032  -1.4316106145677825E-031   1.2752621341128741E-030  -3.9142206683632948E-017  -2.2958597580289401E-031   3.4910990677729537E-031   9.5148893368909437E-031  -1.8329801679958967E-031  -2.3921245118795672E-032  -4.1960019426674266E-031   1.1326336261702947E-030   1.1129708373728267E-030   6.9950560883068243E-032   3.0131327843716623E-030  -6.4981330477870506E-017   4.2760129292573106E-017  -6.7689624668515481E-016   1.3041062633564944E-030  -1.6989682226618207E-031  -1.5072168069698914E-031   1.9774909155669717E-030   4.9310559293154999E-031   1.4497822551107071E-030   5.1390385959389236E-016   3.1680765746105107E-016
   1.7306450313440571E-017  -5.4221801391652448E-017  -7.3575706845570140E-017   5.0749638479478169E-017   1.2985674686762191E-016   3.1397325622008390E-017  -9.8369077613997318E-017  -1.3348089202936133E-016  -5.3428422521317407E-031   1.2284855940422750E-031   2.0703099296503565E-032   4.0468868499864591E-031  -6.7003105635514780E-033  -4.7217184314312391E-031   8.2969896687159007E-017   5.9316420709879073E-032   3.6158721557512610E-032   1.6154755477578826E-031   7.4610374928638760E-032   2.4776152144931272E-032   1.4428954064238449E-031   1.5696152163625153E-031   6.9950560883068243E-032   1.3702329286907024E-031   2.9258194803569523E-031   3.7593077169146385E-017  -1.1778061514922524E-016  -1.5982117506048977E-016  -2.1520513945452977E-030   3.4786897086130644E-032   9.0900403756074402E-032  -2.3567289192455348E-030  -1.5765647302278965E-031  -1.9958568636844789E-030  -2.3828763158623249E-016  -1.3590448249518391E-016
  -3.8564960256934190E-017   6.9659630496136304E-017  -9.0527446576411789E-016  -6.4363457158398064E-017  -1.7915036635385716E-016  -6.9964469481439662E-017   1.2637635458366121E-016  -1.6423470246127199E-015   1.9104910909769819E-030  -3.5741444435554182E-031   1.1675493116166186E-031   1.3256089527223782E-031  -3.8657405162287537E-031   2.7571309656714794E-030  -8.1901750332445796E-017  -4.3683621109644298E-031   8.9024740940879100E-031   2.7174827252791590E-030  -3.4922750812841568E-031  -3.4616840309706274E-032  -8.4662546329041227E-031   2.8070855936433423E-030   3.0131327843716623E-030   2.9258194803569523E-031   8.2982260254537580E-030  -8.3770819590776856E-017   1.5131467270221420E-016  -1.9664374978327495E-015   2.0201083031793157E-030  -4.0381947864068653E-031  -2.9425211659762864E-031   3.4023068383001721E-030   1.1156025566711054E-030   2.3735465722998401E-030   1.0932842330252675E-015   6.7421210170299813E-016
  0.25358572788177297        4.0383989826243277E-016  -4.7422706562984425E-016  -8.7638316280149443E-016   4.4954598050698922E-015  0.46005469216380035        3.9048218868423246E-017   4.2118226258275413E-016  -9.4371856662943356E-016   7.4349053325787328E-018  -2.2302281841976895E-017  -9.2348529865915301E-016  -9.7519134659108342E-017  -9.6311511705434768E-016  -2.3767126596013005E-015   1.6590833265814529E-015   2.4018024287778689E-018  -5.2044765332744404E-017   9.7183148488297622E-016  -3.4175628391992506E-017   1.1192641635347506E-015   1.3528816237767399E-017  -6.4981330477870506E-017   3.7593077169146385E-017  -8.3770819590776856E-017  0.55083900306523448        2.7477071182571700E-016  -2.4503710252001248E-016  -7.4783612940128272E-017   1.5569681732122510E-017   4.3276209179176259E-017  -1.1937568667732008E-016  -3.1871208747246773E-018  -1.1094742097719673E-016   2.2697942209917612E-016   8.9597534950208916E-017
   4.8181775138666366E-016  0.25358572788176836       -9.3319313864900777E-017   3.7166684079074881E-016   1.4591251038838604E-015  -4.7600541130260465E-016  0.46005469216380340        4.6637634075821777E-017  -2.8824732556900866E-016   2.9066166387159193E-017  -6.2721054648420355E-017  -2.7504575740311967E-016  -6.3554213477350256E-017  -3.4988880361227876E-016   2.7534756110727344E-016   2.3561852575771890E-017  -1.2236698533710924E-016   7.2398068957495852E-017   9.0811684253684461E-020  -4.0944741118137846E-019   1.0059980528889659E-017  -8.9586871371249256E-016   4.2760129292573106E-017  -1.1778061514922524E-016   1.5131467270221420E-016   2.7477071182571700E-016  0.55083900306522826        3.9585576570161374E-016  -1.5683865193449108E-016  -1.3934222270325415E-017  -2.7248698500458238E-018  -1.8234788729917249E-016   3.3307032821608241E-017  -1.5829170396204862E-016  -5.2377516332972793E-016  -1.8402644805288791E-016
  -5.1752124890461649E-017  -3.9286235126601704E-016  0.25358572788176609       -3.3993306069791182E-016   1.2916044322501107E-015  -1.5333943323263006E-016   1.1967694630438119E-015  0.46005469216380862       -1.7197019558767727E-016  -3.5195494541818944E-017   2.0475259423922126E-017  -1.2823232429676146E-016   6.7896474996484242E-017  -1.8797359196071257E-016  -3.1500485034426847E-015   1.2125703251179560E-016  -1.6746390470876357E-016  -7.2265901045728430E-016   5.8553907944773555E-017  -2.0694592407954396E-017   6.8698353458483466E-017  -5.1551052520686829E-016  -6.7689624668515481E-016  -1.5982117506048977E-016  -1.9664374978327495E-015  -2.4503710252001248E-016   3.9585576570161374E-016  0.55083900306523093        7.4287275135236375E-016   4.4168033729788639E-017  -2.3459368315019674E-017   7.9125041671059647E-016  -6.5714370563067407E-017   6.9750773665016052E-016   1.9613948192657090E-015   7.4812604796542193E-016
  -3.4427585584032829E-017  -7.2202664461824307E-017   3.4199090174613863E-016  -2.7513268342548990E-015  -6.9095047822447139E-015  -6.2458453084502066E-017  -1.3098992143546773E-016   6.2043917195131572E-016   2.7031649845217333E-029  -3.4052647963450584E-030  -2.7588948675146699E-030  -2.0854263986417524E-029   1.0024441862531072E-030   1.6782579725486699E-029  -4.7086503429216288E-015  -1.3527223724544245E-030  -5.9263465067945602E-031  -6.9481832777038431E-032  -1.7822150962482713E-030  -3.7792102880866831E-031  -2.0540067823061812E-030   7.4477502946782184E-031   1.3041062633564944E-030  -2.1520513945452977E-030   2.0201083031793157E-030  -7.4783612940128272E-017  -1.5683865193449108E-016   7.4287275135236375E-016   8.7619451076131382E-029  -6.3290684413906441E-031  -1.9804583172258729E-030   8.6336862924523264E-029   3.1589091211875128E-030   7.6347787571192573E-029   5.7778732909586888E-015   2.8379655927475965E-015
   7.1677006402182261E-018  -6.4147961150609863E-018   2.0333315034244966E-017   4.2881780982382198E-018   1.4426119627503088E-017   1.3003627369341697E-017  -1.1637709569301028E-017   3.6888657208307650E-017  -2.0050193857603195E-031   8.7821872424423778E-032  -4.9277459734316825E-032  -1.7440194010496625E-032   3.6784091285904614E-032  -4.0265880301473710E-031   1.4392571502875490E-018   1.2375477014069594E-033  -7.9761346312735108E-032  -8.1134266610457054E-032   2.4827733086113670E-032   1.9923607413090010E-032   1.2088128983146888E-031  -2.6805456414080028E-031  -1.6989682226618207E-031   3.4786897086130644E-032  -4.0381947864068653E-031   1.5569681732122510E-017  -1.3934222270325415E-017   4.4168033729788639E-017  -6.3290684413906441E-031   5.2132868319927621E-032   7.0352012971716220E-032  -9.5892898918098188E-031  -1.7733772958854049E-031  -7.1376529741117438E-031  -2.0908969376861854E-016  -1.3135490694945359E-016
   1.9922752280788764E-017  -1.2544284272934231E-018  -1.0799818017073804E-017   3.8474803545431564E-017   1.0141645192989486E-016   3.6143815127746678E-017  -2.2757814045000466E-018  -1.9593007046461379E-017  -6.0776293682388339E-031   1.6141991133848779E-031  -3.6783197856865856E-032   1.9937344596864023E-031   2.1841280579110744E-032  -7.5054031433269732E-031   5.8113624423569867E-017   6.8594851614628832E-032  -7.8371357632481021E-032  -1.0705464648098221E-032   8.4893051020547334E-032   3.1976083853558312E-032   2.1883029212992806E-031  -3.1408734323766347E-031  -1.5072168069698914E-031   9.0900403756074402E-032  -2.9425211659762864E-031   4.3276209179176259E-017  -2.7248698500458238E-018  -2.3459368315019674E-017  -1.9804583172258729E-030   7.0352012971716220E-032   1.2060516984057925E-031  -2.4012368625383965E-030  -2.6081180197793023E-031  -1.9473512759592493E-030  -3.4304865907434077E-016  -2.0605558391364611E-016
  -5.4956112818812651E-017  -8.3946164797971725E-017   3.6426217414119734E-016  -2.5648236035513030E-015  -6.4705941710417825E-015  -9.9701263854893360E-017  -1.5229495495293577E-016   6.6084366731226997E-016   2.6280770790429482E-029  -3.8757394529777186E-030  -2.1089205383563197E-030  -1.9196638132336979E-029   6.8684912069038746E-031   1.8484443127058569E-029  -4.3419393058432219E-015  -9.3294514791143653E-031  -9.7562817409136052E-033  -4.5688285658129603E-032  -1.6577345251303205E-030  -5.3002240638879577E-031  -2.6556538034379350E-030   2.6566599936882733E-030   1.9774909155669717E-030  -2.3567289192455348E-030   3.4023068383001721E-030  -1.1937568667732008E-016  -1.8234788729917249E-016   7.9125041671059647E-016   8.6336862924523264E-029  -9.5892898918098188E-031  -2.4012368625383965E-030   8.7825424792106808E-029   4.2688932636699633E-030   7.6579477129951149E-029   6.9981043011669413E-015   3.6681599558904686E-015
  -1.4672315547136600E-018   1.5333315387344721E-017  -3.0252444723043461E-017  -4.2450539604017007E-017  -1.1916577548959966E-016  -2.6618483890049227E-018   2.7817668404682341E-017  -5.4883921348889034E-017   8.5576809124778676E-031  -3.4090090240898530E-031   1.4374220500945242E-031  -2.4761042927717612E-031  -1.1408030519224824E-031   1.4440612144285320E-030  -5.2391381685815221E-017   1.5254333136894954E-031   2.4717105763130288E-031   1.6843846434713810E-031  -4.8427745985157065E-033  -7.8329881138189782E-032  -3.2255658503959600E-031   8.7689079560277196E-031   4.9310559293154999E-031  -1.5765647302278965E-031   1.1156025566711054E-030  -3.1871208747246773E-018   3.3307032821608241E-017  -6.5714370563067407E-017   3.1589091211875128E-030  -1.7733772958854049E-031  -2.6081180197793023E-031   4.2688932636699633E-030   6.3036294744346698E-031   3.3132108345397171E-030   7.7622982708131121E-016   4.7966603033694171E-016
  -5.1076053708158532E-017  -7.2871595408993032E-017   3.2110654132574355E-016  -2.3248651522623753E-015  -5.8529091467409348E-015  -9.2662068807760046E-017  -1.3220349454760540E-016   5.8255080936679942E-016   2.3407795554030124E-029  -3.2221689397508684E-030  -2.1024179248684200E-030  -1.7464193461338527E-029   7.3383416721568993E-031   1.5607286398420090E-029  -3.9555808847635430E-015  -1.0491389342385073E-030  -2.4050158428533180E-031  -7.6503709944725797E-032  -1.5433366025049622E-030  -4.0550871848632204E-031  -2.1427706025181496E-030   1.5804449123545984E-030   1.4497822551107071E-030  -1.9958568636844789E-030   2.3735465722998401E-030  -1.1094742097719673E-016  -1.5829170396204862E-016   6.9750773665016052E-016   7.6347787571192573E-029  -7.1376529741117438E-031  -1.9473512759592493E-030   7.6579477129951149E-029   3.3132108345397171E-030   6.7189542286998363E-029   5.6697414551408592E-015   2.8976265017792221E-015
  -8.7712512983115111E-017   8.6154493987901624E-017   1.6231993284575138E-015 -0.11512243213663310      -0.30320472241705287        4.2513267076383304E-016  -9.6055769685581046E-016  -3.3160885873442103E-015   1.6143440732677658E-015  -4.7134652960067594E-016   9.9312855858896663E-017  -7.9463092456273853E-016  -9.3686138160240406E-017   2.0251356430509168E-015 -0.17428586506249427        1.6510281638330078E-016   2.5344727610756372E-016   1.0956074107731710E-016  -3.3703527474096499E-017  -9.9573154918428363E-017  -3.9506509012384088E-016   1.0050737401515245E-015   5.1390385959389236E-016  -2.3828763158623249E-016   1.0932842330252675E-015   2.2697942209917612E-016  -5.2377516332972793E-016   1.9613948192657090E-015   5.7778732909586888E-015  -2.0908969376861854E-016  -3.4304865907434077E-016   6.9981043011669413E-015   7.7622982708131121E-016   5.6697414551408592E-015   1.0128498123147880       0.60791943477516774     
  -7.6984025705483717E-017   1.5061257976897572E-016   7.6340261951114394E-016  -4.4480834626020462E-002 -0.12111028465711464        1.5671633786075339E-016  -5.4399013796911267E-016  -2.4010337341040512E-015   7.5922923117319192E-016  -2.7515261009581595E-016   9.9259784198289856E-017  -2.8476916965840828E-016  -7.2848631039733640E-017   1.1537633443714928E-015  -6.0954473744355704E-002   1.2525817817860374E-016   1.7382865680966058E-016   6.2307903805354447E-017  -2.1663232618341377E-018  -6.2270720977708566E-017  -2.4019802841210139E-016   6.5668706970791258E-016   3.1680765746105107E-016  -1.3590448249518391E-016   6.7421210170299813E-016   8.9597534950208916E-017  -1.8402644805288791E-016   7.4812604796542193E-016   2.8379655927475965E-015  -1.3135490694945359E-016  -2.0605558391364611E-016   3.6681599558904686E-015   4.7966603033694171E-016   2.8976265017792221E-015  0.60791943477516774       0.37228085080659973     
