  0.12158555052509160       -3.8259461787940120E-016  -6.7247639748413400E-017  -1.0352064615712678E-016  -3.9652891524821188E-016  0.17125846799667171        1.6537245386740394E-016  -7.5198455679973031E-017   5.4131874377264418E-017  -2.8103917563677810E-018   1.1241382605039786E-017   2.4970502932965283E-017  -4.2979378335629376E-018   1.1178241059729350E-017  -2.5798350749008931E-017  -1.4849947862424879E-015  -3.8618073664607737E-017   4.4927923393533339E-019  -9.1278199686101049E-016  -7.5623907317676805E-018  -9.2623829373266986E-016  -1.0489758682329657E-016   1.5183755686483513E-018  -3.4843792897094021E-017   2.5811384847761587E-017  0.19408538495585076       -2.1162948780559253E-016   1.7772784112468644E-016   1.1376048039440623E-017  -5.6745181386854424E-018  -7.6250892816224144E-018   1.9511126443716455E-017   2.5130626923203778E-018   2.5999987119697599E-017  -2.3699894889585496E-016  -1.8822279524885642E-016
  -3.8259461787940120E-016  0.12158555052509376        3.9253765530287964E-017   4.5445357198547875E-016   1.9544840306753338E-015  -4.9715864743870030E-016  0.17125846799667158       -1.7304318423774280E-016   4.3416310496714426E-017  -1.1922533720669128E-019   2.5997757860295795E-018   3.5139984608776124E-017   7.6153839628155333E-018   2.7912813185694365E-017   1.1718941941084111E-015  -2.3947460611554726E-017  -4.9205100891652192E-016   1.1474499224399366E-017   1.2081553827478802E-017  -3.3319496412363053E-018   1.3226396315764902E-017  -7.4573062781622562E-016  -6.5372964971486014E-018  -6.0877834468635995E-016   6.9342132786177481E-017  -5.6538658665140342E-016  0.19408538495585259       -7.9614320778326814E-017   7.0029302307462488E-017   3.7877291268608798E-018   5.3521420401851035E-018   6.9129168258437637E-017  -3.5915195727592300E-018   6.8550537080994338E-017  -5.4795684268657695E-016  -1.7612379480738144E-016
  -6.7247639748413400E-017   3.9253765530287964E-017  0.12158555052509440       -1.1031240778364678E-015  -1.4347024780453926E-016  -2.0398812124409605E-016  -3.3657701192093674E-017  0.17125846799667183        1.5817324762257234E-016   5.2572060351396410E-017   2.9868408494890724E-017   2.5069318065548287E-016  -5.7527708621558469E-017   4.3338912496065696E-017  -8.3775004177016181E-016  -1.1694134027743502E-016   2.9573505967141334E-017  -4.9596208921276395E-016  -5.2294692875567914E-017  -2.0962457624594957E-018  -4.4962044034951039E-017   1.3866269107639348E-016  -4.7549425487620582E-016   5.9540427737138970E-017  -8.2342765294170046E-016  -2.2750175585987577E-016   3.3750536003115900E-016  0.19408538495585304        1.0445739413870998E-016   6.9303182037529955E-018  -4.2415145595571248E-018   4.9270780958039428E-017  -5.9912166425382645E-018   1.1354548027699758E-016   1.0600454506834146E-015   5.6150392759806708E-016
  -1.0352064615712678E-016   4.5445357198547875E-016  -1.1031240778364678E-015   7.5792836292825683E-002  0.20879628592295293        1.3251029654693055E-016  -1.0297796714651851E-015  -1.6066849581345737E-015  -6.5538495377526669E-015   1.4653531667517304E-016   4.2082582225285200E-017  -7.6961441075807668E-015  -9.4244237152464252E-017  -9.5464806550129211E-015  0.15802782047755987       -1.4750758597927452E-016   1.1033355926888107E-016   6.3027186080346834E-017  -4.2372132478443078E-017   1.6556196654991398E-017  -5.0435207239927190E-017   4.2502276973337226E-016   1.1714264926953419E-016   1.5974299089190390E-016   7.7554876197581248E-017   7.3407207432997856E-017  -2.4919514776977275E-016  -1.3776120131170416E-015  -3.3505134431314132E-015   5.1807326477642571E-018  -2.0245942831505230E-017  -3.3676363999182857E-015  -4.3370517712492741E-018  -2.5721787979883808E-015 -0.10047353267994187       -4.0538660268534289E-002
  -3.9652891524821188E-016   1.9544840306753338E-015  -1.4347024780453926E-016  0.20879628592295293       0.57544596968140904        1.9545105843561557E-016  -1.8545798776124343E-015  -3.1843565409944181E-016  -1.7963962226652508E-014   4.0807652490604637E-016   1.1315536339691483E-016  -2.1080766057257652E-014  -2.5825620987587749E-016  -2.6192384479158708E-014  0.43499606253858197       -4.0187342538965586E-016   2.9768943123661605E-016   1.7102662684711133E-016  -1.2370329811375833E-016   4.8221780320847434E-017  -1.3532507448576548E-016   1.1898099800878344E-015   3.2986803162815007E-016   4.4100588661203927E-016   2.0324395203434715E-016   2.2643089548008334E-017   4.4299363632609713E-016   8.4757833493734291E-016  -9.2622838142873837E-015   1.8502097921222369E-017  -5.1026072621554115E-017  -9.3351022090263115E-015  -1.9696701629444420E-017  -7.1312327492755173E-015 -0.29116112546314560      -0.12140684687974367     
  0.17125846799667171       -4.9715864743870030E-016  -2.0398812124409605E-016   1.3251029654693055E-016   1.9545105843561557E-016  0.24122490488303797        2.9173169956153577E-016  -2.5982905063615242E-016   7.6247069126211024E-017  -3.9585574485404236E-018   1.5833970030067686E-017   3.5172025449843992E-017  -6.0538299636934789E-018   1.5745032452575360E-017   5.6163645784910087E-016  -2.0916789123099787E-015  -5.4395214762122648E-017   6.3282909008750883E-019  -1.2856926314208640E-015  -1.0651952024903620E-017  -1.3046464032892846E-015  -1.4775275465153443E-016   2.1386971774798824E-018  -4.9078978258342706E-017   3.6356443728797416E-017  0.27337759745738699       -2.3145005877134281E-016   7.5930292146401288E-017   1.6023652076056352E-017  -7.9928024247426210E-018  -1.0740265624236694E-017   2.7482259275122597E-017   3.5397566964802112E-018   3.6622098126148849E-017   3.6604459001269483E-017   8.6513530114233104E-017
   1.6537245386740394E-016  0.17125846799667158       -3.3657701192093674E-017  -1.0297796714651851E-015  -1.8545798776124343E-015   2.9173169956153577E-016  0.24122490488303330       -3.6902402068712013E-016   6.1153737344947107E-017  -1.6793400620911200E-019   3.6618958118570194E-018   4.9496177000931975E-017   1.0726595266016325E-017   3.9316395764461437E-017  -1.8209888565051212E-015  -3.3731026417483023E-017  -6.9307497148576531E-016   1.6162324796925134E-017   1.7017387268282456E-017  -4.6931941216360080E-018   1.8629947065023133E-017  -1.0503936060366471E-015  -9.2080627846555490E-018  -8.5749043541994318E-016   9.7671371123425596E-017   3.2785370194151095E-016  0.27337759745738449       -2.5412795421249778E-016   9.8639278896760527E-017   5.3351790953041859E-018   7.5387218493001633E-018   9.7371401442887658E-017  -5.0588095144070588E-018   9.6556374586832286E-017   1.8635281996113504E-015   9.3052440364237726E-016
  -7.5198455679973031E-017  -1.7304318423774280E-016  0.17125846799667183       -1.6066849581345737E-015  -3.1843565409944181E-016  -2.5982905063615242E-016  -3.6902402068712013E-016  0.24122490488303283        2.2279381019302068E-016   7.4050004102671191E-017   4.2070935717628525E-017   3.5311210806593448E-016  -8.1030247454064074E-017   6.1044718937950489E-017  -1.3309307764100313E-015  -1.6471689847106868E-016   4.1655552846123355E-017  -6.9858389599902468E-016  -7.3659320104636221E-017  -2.9526521553989812E-018  -6.3330969397019976E-017   1.9531235364302677E-016  -6.6975407258209394E-016   8.3865248741252013E-017  -1.1598332017239638E-015  -2.8927417463723694E-016   1.1090710598168838E-016  0.27337759745738410        1.4713272435631730E-016   9.7616507321672353E-018  -5.9743553598117732E-018   6.9400010341946934E-017  -8.4388858643660044E-018   1.5993368386460558E-016  -1.3781757884514080E-016  -3.3227095716490224E-016
   5.4131874377264418E-017   4.3416310496714426E-017   1.5817324762257234E-016  -6.5538495377526669E-015  -1.7963962226652508E-014   7.6247069126211024E-017   6.1153737344947107E-017   2.2279381019302068E-016   6.0018988885768746E-028  -1.0994307668937799E-029  -4.6099659707445833E-030   7.1005965596545407E-028   8.5770411139015939E-030   8.6456124490126789E-028  -1.3790512281476170E-014   1.3575001281023472E-029  -1.1986919875102709E-029  -7.0436213347751344E-030   6.4031378264910353E-031  -4.8259993945903938E-031   5.2184978628854324E-030  -2.9949172706186221E-029  -8.1284665223641635E-030  -1.3623917262629109E-029  -1.1550766641494685E-029   8.6409985656332937E-017   6.9304874631374812E-017   2.5248983552700397E-016   2.7810156088976403E-028   1.1084024094227655E-030   3.4818350119597497E-030   2.7012464193576248E-028  -2.4696328856346735E-030   2.0601057822562401E-028   3.4260668543419179E-015  -5.6473390081639612E-017
  -2.8103917563677810E-018  -1.1922533720669128E-019   5.2572060351396410E-017   1.4653531667517304E-016   4.0807652490604637E-016  -3.9585574485404236E-018  -1.6793400620911200E-019   7.4050004102671191E-017  -1.0994307668937799E-029   3.8406906087055689E-031   4.4807019534952271E-032  -1.2629731513789356E-029  -1.8268833210236941E-031  -1.6549270768724886E-029   2.9943417471822111E-016  -2.2187706509145462E-031   1.1646165924268004E-031  -1.3876288479418562E-031  -2.0713489174207236E-031   7.7603038967429141E-032  -3.1446570066885528E-032   1.2207769370617504E-030   1.4781866638147922E-031   3.5268008502991926E-031  -3.9129348621258836E-031  -4.4861906991059665E-018  -1.9031780806613779E-019   8.3920075429664829E-017  -7.0037935601226117E-030   8.8149413693980303E-032   4.3388106176110261E-032  -7.5157401863284127E-030  -1.4843601374114602E-031  -5.7281782389035448E-030  -4.4913282071956514E-016  -2.5090817791399785E-016
   1.1241382605039786E-017   2.5997757860295795E-018   2.9868408494890724E-017   4.2082582225285200E-017   1.1315536339691483E-016   1.5833970030067686E-017   3.6618958118570194E-018   4.2070935717628525E-017  -4.6099659707445833E-030   4.4807019534952271E-032   6.2853304570542875E-032  -5.5603371299258020E-030  -8.2032081792892087E-032  -6.4805033102776029E-030   9.1586544269343588E-017  -2.9862802887790138E-031   1.2449893424349832E-031  -5.7429989716669862E-032  -4.2443912751521683E-032  -2.1327976298172323E-032  -1.6486243604430636E-031   3.2385219674057616E-032  -1.3189797222929008E-031   7.6547898802812306E-032  -3.8888867681908328E-032   1.7944468408562337E-017   4.1499872480838283E-018   4.7678540218914198E-017  -1.4718180242999228E-030  -4.3204843326092871E-032  -6.6010624077273342E-032  -1.2071181513214052E-030   8.2996019569595842E-032  -8.8919324835224028E-031   1.0507562746561958E-016   8.6381071658457536E-017
   2.4970502932965283E-017   3.5139984608776124E-017   2.5069318065548287E-016  -7.6961441075807668E-015  -2.1080766057257652E-014   3.5172025449843992E-017   4.9496177000931975E-017   3.5311210806593448E-016   7.1005965596545407E-028  -1.2629731513789356E-029  -5.5603371299258020E-030   8.4085827108841500E-028   1.0120101023385775E-029   1.0213664472792472E-027  -1.6213786369544290E-014   1.6609943268443189E-029  -1.4342559586453293E-029  -8.6869161338196522E-030   6.1265651555065018E-031  -4.1538300160277769E-031   6.6033938488598886E-030  -3.3879522716609265E-029  -9.3887614032520622E-030  -1.5822372210442404E-029  -1.4617116516367811E-029   3.9860079206389998E-017   5.6093486526115113E-017   4.0017816478349428E-016   3.2477215461821714E-028   1.5488720701770229E-030   4.3600922301251427E-030   3.1390402758748682E-028  -3.3474119471519177E-030   2.3936470590830166E-028   3.1999689106930309E-015  -6.2357820959085936E-016
  -4.2979378335629376E-018   7.6153839628155333E-018  -5.7527708621558469E-017  -9.4244237152464252E-017  -2.5825620987587749E-016  -6.0538299636934789E-018   1.0726595266016325E-017  -8.1030247454064074E-017   8.5770411139015939E-030  -1.8268833210236941E-031  -8.2032081792892087E-032   1.0120101023385775E-029   1.5261080685997038E-031   1.2440227707336275E-029  -1.9839770162671505E-016   3.1452971634285721E-031  -2.1524490097696304E-031   1.4260964038331729E-031   7.1898206059823082E-032  -5.0972471257641828E-033   1.3754000591605210E-031  -5.3238476349805675E-031   1.1843078694980228E-031  -2.5849858700919535E-031   2.3907704654734560E-031  -6.8607405677803899E-018   1.2156335367373821E-017  -9.1830710353521248E-017   3.9427989225811564E-030   1.4097806185404938E-032   5.4030300433070691E-032   3.8480950419665813E-030  -3.4916744145379803E-032   2.8975122476169389E-030   4.5484846816349120E-017  -3.3721262186500365E-018
   1.1178241059729350E-017   2.7912813185694365E-017   4.3338912496065696E-017  -9.5464806550129211E-015  -2.6192384479158708E-014   1.5745032452575360E-017   3.9316395764461437E-017   6.1044718937950489E-017   8.6456124490126789E-028  -1.6549270768724886E-029  -6.4805033102776029E-030   1.0213664472792472E-027   1.2440227707336275E-029   1.2482225358360083E-027  -2.0051978559982056E-014   2.0322484244974421E-029  -1.6692944128629070E-029  -9.2308640385477396E-030   2.2402008885361477E-030  -9.6515406746949618E-031   7.8077458476515250E-030  -4.5525281306715226E-029  -1.1849166438519793E-029  -1.9837720310785563E-029  -1.4514830527090893E-029   1.7843676405901433E-017   4.4556849633571814E-017   6.9181325240009395E-017   4.0823609662200314E-028   1.1677531949296399E-030   4.5891132051295047E-030   3.9935404850939374E-028  -2.7858036450995725E-030   3.0456490652087459E-028   6.4793680434381672E-015   9.2558493574307724E-016
  -2.5798350749008931E-017   1.1718941941084111E-015  -8.3775004177016181E-016  0.15802782047755987       0.43499606253858197        5.6163645784910087E-016  -1.8209888565051212E-015  -1.3309307764100313E-015  -1.3790512281476170E-014   2.9943417471822111E-016   9.1586544269343588E-017  -1.6213786369544290E-014  -1.9839770162671505E-016  -2.0051978559982056E-014  0.32996342706085113       -3.1376610954875665E-016   2.3871879259642935E-016   1.3501703604748697E-016  -7.8681921828526543E-017   3.0900463794331065E-017  -1.1016597478655386E-016   8.5992407871597045E-016   2.3432223330760870E-016   3.3175951750771741E-016   1.7611909240313351E-016   4.5896296005459285E-016  -1.7254611663651963E-016  -5.6680768703130920E-016  -6.9412086034791315E-015   4.9413443500320313E-018  -4.8790799537979906E-017  -6.9413769525154610E-015   1.6927832772520896E-018  -5.3001959675112586E-015 -0.18957315427505209       -7.1043035886145786E-002
  -1.4849947862424879E-015  -2.3947460611554726E-017  -1.1694134027743502E-016  -1.4750758597927452E-016  -4.0187342538965586E-016  -2.0916789123099787E-015  -3.3731026417483023E-017  -1.6471689847106868E-016   1.3575001281023472E-029  -2.2187706509145462E-031  -2.9862802887790138E-031   1.6609943268443189E-029   3.1452971634285721E-031   2.0322484244974421E-029  -3.1376610954875665E-016   1.8622485955965533E-029   2.1216952241341680E-031   2.9953664425658265E-031   1.1152555660770056E-029   1.1006292011886292E-031   1.1516870479030283E-029   8.1016700382066451E-031   3.4159580787270512E-031   1.9434037215845135E-031   1.2391117396577300E-031  -2.3704772771154712E-015  -3.8227010458367200E-017  -1.8667189437379259E-016   5.6852772530278349E-030   1.2832047967217913E-031   2.2143455314872018E-031   5.2086150261560043E-030  -1.5593569783615034E-031   3.7459892009448567E-030  -6.4435010562592379E-017  -9.7085097963953157E-017
  -3.8618073664607737E-017  -4.9205100891652192E-016   2.9573505967141334E-017   1.1033355926888107E-016   2.9768943123661605E-016  -5.4395214762122648E-017  -6.9307497148576531E-016   4.1655552846123355E-017  -1.1986919875102709E-029   1.1646165924268004E-031   1.2449893424349832E-031  -1.4342559586453293E-029  -2.1524490097696304E-031  -1.6692944128629070E-029   2.3871879259642935E-016   2.1216952241341680E-031   2.3294573479244120E-030  -9.7527340947464760E-033   3.4274395349307120E-031  -2.6480536427815617E-032   6.5026885892277687E-032   3.2253525548319132E-030  -9.9940177373563648E-032   2.6980215305616280E-030  -1.1345406647264934E-031  -6.1645513476554021E-017  -7.8545443164127458E-016   4.7207791265807149E-017  -4.3261936284561467E-030  -1.1110454483131943E-031  -1.6962592355677295E-031  -3.7159049169663546E-030   2.0161788629648388E-031  -2.8581411988793456E-030   2.1666282005753815E-016   1.8665536335824542E-016
   4.4927923393533339E-019   1.1474499224399366E-017  -4.9596208921276395E-016   6.3027186080346834E-017   1.7102662684711133E-016   6.3282909008750883E-019   1.6162324796925134E-017  -6.9858389599902468E-016  -7.0436213347751344E-030  -1.3876288479418562E-031  -5.7429989716669862E-032  -8.6869161338196522E-030   1.4260964038331729E-031  -9.2308640385477396E-030   1.3501703604748697E-016   2.9953664425658265E-031  -9.7527340947464760E-033   2.1039003109851470E-030   2.4905981950205665E-031  -5.4419958133458839E-033   1.0134539974648372E-031  -4.8179314043180994E-031   1.9612485800316447E-030  -1.7749601550935819E-031   3.5392164107210132E-030   7.1717842041682696E-019   1.8316589344087443E-017  -7.9169763670643764E-016  -2.8677446835903675E-030  -6.8022885482817887E-032  -4.8891783180972652E-032  -2.3877338483925688E-030   1.0183321215409677E-031  -2.1198757170636215E-030   6.7313005361351202E-017   6.8411002489751973E-017
  -9.1278199686101049E-016   1.2081553827478802E-017  -5.2294692875567914E-017  -4.2372132478443078E-017  -1.2370329811375833E-016  -1.2856926314208640E-015   1.7017387268282456E-017  -7.3659320104636221E-017   6.4031378264910353E-031  -2.0713489174207236E-031  -4.2443912751521683E-032   6.1265651555065018E-031   7.1898206059823082E-032   2.2402008885361477E-030  -7.8681921828526543E-017   1.1152555660770056E-029   3.4274395349307120E-031   2.4905981950205665E-031   7.0961567620887784E-030  -2.5399695111512171E-032   6.9007152083652708E-030  -1.1680236369928719E-031  -7.4448513691322187E-032   5.9697806033133697E-032   4.1666917768088465E-031  -1.4570616695524141E-015   1.9285622471946523E-017  -8.3477317444956175E-017   2.6553755342979394E-030  -8.1898407914673854E-032  -6.2650664265510239E-032   3.3490272745619652E-030   2.0376554853891621E-031   2.4757030171579086E-030   4.6052510335353636E-016   2.9637658009908134E-016
  -7.5623907317676805E-018  -3.3319496412363053E-018  -2.0962457624594957E-018   1.6556196654991398E-017   4.8221780320847434E-017  -1.0651952024903620E-017  -4.6931941216360080E-018  -2.9526521553989812E-018  -4.8259993945903938E-031   7.7603038967429141E-032  -2.1327976298172323E-032  -4.1538300160277769E-031  -5.0972471257641828E-033  -9.6515406746949618E-031   3.0900463794331065E-017   1.1006292011886292E-031  -2.6480536427815617E-032  -5.4419958133458839E-033  -2.5399695111512171E-032   3.1735865347269463E-032   8.5094335762879743E-032   3.1700500666381284E-031   1.0930561921713509E-031   6.2634974993676896E-032  -8.2003894857688067E-032  -1.2071742982804398E-017  -5.3187465614132741E-018  -3.3462090191796332E-018  -1.0754796362516113E-030   4.5826708982298414E-032   4.6000541773065106E-032  -1.3489569019493801E-030  -8.2539251147484563E-032  -1.0447902293149044E-030  -1.7338037447038312E-016  -1.1136221656248471E-016
  -9.2623829373266986E-016   1.3226396315764902E-017  -4.4962044034951039E-017  -5.0435207239927190E-017  -1.3532507448576548E-016  -1.3046464032892846E-015   1.8629947065023133E-017  -6.3330969397019976E-017   5.2184978628854324E-030  -3.1446570066885528E-032  -1.6486243604430636E-031   6.6033938488598886E-030   1.3754000591605210E-031   7.8077458476515250E-030  -1.1016597478655386E-016   1.1516870479030283E-029   6.5026885892277687E-032   1.0134539974648372E-031   6.9007152083652708E-030   8.5094335762879743E-032   7.1604195438982522E-030   6.6011175356816505E-031   1.9000504071871163E-031   8.4623465236709227E-032  -8.7924739875585794E-032  -1.4785417759230913E-015   2.1113119194157904E-017  -7.1772308364262951E-017   1.6424878771219894E-030   9.9306516987160345E-032   1.4293944487673578E-031   1.2382657799253120E-030  -1.2741559735183987E-031   8.1822359085108121E-031  -1.4271709530591196E-016  -1.1488871757773030E-016
  -1.0489758682329657E-016  -7.4573062781622562E-016   1.3866269107639348E-016   4.2502276973337226E-016   1.1898099800878344E-015  -1.4775275465153443E-016  -1.0503936060366471E-015   1.9531235364302677E-016  -2.9949172706186221E-029   1.2207769370617504E-030   3.2385219674057616E-032  -3.3879522716609265E-029  -5.3238476349805675E-031  -4.5525281306715226E-029   8.5992407871597045E-016   8.1016700382066451E-031   3.2253525548319132E-030  -4.8179314043180994E-031  -1.1680236369928719E-031   3.1700500666381284E-031   6.6011175356816505E-031   8.6533861187516487E-030   7.0047532147358853E-031   4.7995441769774187E-030  -1.7468560885199005E-030  -1.6744661213124742E-016  -1.1903998077732995E-015   2.2134539557003001E-016  -2.1568560201708516E-029   3.4181929776000925E-031   2.1815651850969169E-031  -2.3688627306383469E-029  -6.0334810588330168E-031  -1.8200101739469072E-029  -1.6616551215982678E-015  -9.7073509380143883E-016
   1.5183755686483513E-018  -6.5372964971486014E-018  -4.7549425487620582E-016   1.1714264926953419E-016   3.2986803162815007E-016   2.1386971774798824E-018  -9.2080627846555490E-018  -6.6975407258209394E-016  -8.1284665223641635E-030   1.4781866638147922E-031  -1.3189797222929008E-031  -9.3887614032520622E-030   1.1843078694980228E-031  -1.1849166438519793E-029   2.3432223330760870E-016   3.4159580787270512E-031  -9.9940177373563648E-032   1.9612485800316447E-030  -7.4448513691322187E-032   1.0930561921713509E-031   1.9000504071871163E-031   7.0047532147358853E-031   2.2477344562461630E-030   7.3522148359388230E-032   3.0362002915255721E-030   2.4237625727405262E-018  -1.0435398793198332E-017  -7.5902510704096758E-016  -6.5201905439673796E-030   1.0277986651062546E-031   1.2202056458507307E-031  -7.0712988841499382E-030  -2.0680973326889846E-031  -5.7315856202413060E-030  -5.7035399020111591E-016  -3.4361857106943202E-016
  -3.4843792897094021E-017  -6.0877834468635995E-016   5.9540427737138970E-017   1.5974299089190390E-016   4.4100588661203927E-016  -4.9078978258342706E-017  -8.5749043541994318E-016   8.3865248741252013E-017  -1.3623917262629109E-029   3.5268008502991926E-031   7.6547898802812306E-032  -1.5822372210442404E-029  -2.5849858700919535E-031  -1.9837720310785563E-029   3.3175951750771741E-016   1.9434037215845135E-031   2.6980215305616280E-030  -1.7749601550935819E-031   5.9697806033133697E-032   6.2634974993676896E-032   8.4623465236709227E-032   4.7995441769774187E-030   7.3522148359388230E-032   3.4275450347435985E-030  -6.3387407624599207E-031  -5.5620679665868638E-017  -9.7178471348742560E-016   9.5043586905615797E-017  -7.4865877664148161E-030   1.3032318494875714E-032  -5.1336142096035830E-032  -7.6448907582566109E-030  -2.4228980372172849E-032  -5.8883211784402202E-030  -2.6632719662182233E-016  -1.2237715043443226E-016
   2.5811384847761587E-017   6.9342132786177481E-017  -8.2342765294170046E-016   7.7554876197581248E-017   2.0324395203434715E-016   3.6356443728797416E-017   9.7671371123425596E-017  -1.1598332017239638E-015  -1.1550766641494685E-029  -3.9129348621258836E-031  -3.8888867681908328E-032  -1.4617116516367811E-029   2.3907704654734560E-031  -1.4514830527090893E-029   1.7611909240313351E-016   1.2391117396577300E-031  -1.1345406647264934E-031   3.5392164107210132E-030   4.1666917768088465E-031  -8.2003894857688067E-032  -8.7924739875585794E-032  -1.7468560885199005E-030   3.0362002915255721E-030  -6.3387407624599207E-031   6.1377278394755928E-030   4.1202367738489860E-017   1.1068991732440360E-016  -1.3144265277764220E-015  -2.7423663303328753E-030  -2.1821089950449845E-031  -1.8982896071994418E-031  -1.3085178562618482E-030   3.5983630618484515E-031  -1.4542683858451527E-030   5.0044578977149495E-016   3.6687026815171086E-016
  0.19408538495585076       -5.6538658665140342E-016  -2.2750175585987577E-016   7.3407207432997856E-017   2.2643089548008334E-017  0.27337759745738699        3.2785370194151095E-016  -2.8927417463723694E-016   8.6409985656332937E-017  -4.4861906991059665E-018   1.7944468408562337E-017   3.9860079206389998E-017  -6.8607405677803899E-018   1.7843676405901433E-017   4.5896296005459285E-016  -2.3704772771154712E-015  -6.1645513476554021E-017   7.1717842041682696E-019  -1.4570616695524141E-015  -1.2071742982804398E-017  -1.4785417759230913E-015  -1.6744661213124742E-016   2.4237625727405262E-018  -5.5620679665868638E-017   4.1202367738489860E-017  0.30981589909967966       -2.6543527936971137E-016   9.1913239172458626E-017   1.8159433036857227E-017  -9.0581572615278876E-018  -1.2171827837725000E-017   3.1145349676796190E-017   4.0115682986239102E-018   4.1503431017745225E-017  -5.8807953352264907E-016  -3.5594033331807594E-016
  -2.1162948780559253E-016  0.19408538495585259        3.3750536003115900E-016  -2.4919514776977275E-016   4.4299363632609713E-016  -2.3145005877134281E-016  0.27337759745738449        1.1090710598168838E-016   6.9304874631374812E-017  -1.9031780806613779E-019   4.1499872480838283E-018   5.6093486526115113E-017   1.2156335367373821E-017   4.4556849633571814E-017  -1.7254611663651963E-016  -3.8227010458367200E-017  -7.8545443164127458E-016   1.8316589344087443E-017   1.9285622471946523E-017  -5.3187465614132741E-018   2.1113119194157904E-017  -1.1903998077732995E-015  -1.0435398793198332E-017  -9.7178471348742560E-016   1.1068991732440360E-016  -2.6543527936971137E-016  0.30981589909967999        3.1164487946285409E-016   1.1178683682263397E-016   6.0463012464920578E-018   8.5435526155995344E-018   1.1034996490271876E-016  -5.7330945646507037E-018   1.0942630370829467E-016  -4.7882389459895327E-017  -7.4745571729247363E-017
   1.7772784112468644E-016  -7.9614320778326814E-017  0.19408538495585304       -1.3776120131170416E-015   8.4757833493734291E-016   7.5930292146401288E-017  -2.5412795421249778E-016  0.27337759745738410        2.5248983552700397E-016   8.3920075429664829E-017   4.7678540218914198E-017   4.0017816478349428E-016  -9.1830710353521248E-017   6.9181325240009395E-017  -5.6680768703130920E-016  -1.8667189437379259E-016   4.7207791265807149E-017  -7.9169763670643764E-016  -8.3477317444956175E-017  -3.3462090191796332E-018  -7.1772308364262951E-017   2.2134539557003001E-016  -7.5902510704096758E-016   9.5043586905615797E-017  -1.3144265277764220E-015   9.1913239172458626E-017   3.1164487946285409E-016  0.30981589909967977        1.6674393844776858E-016   1.1062774076631632E-017  -6.7706728516030462E-018   7.8650287373911693E-017  -9.5636988392057112E-018   1.8125112856241795E-016  -1.5883920809476573E-017  -1.2092620969088216E-016
   1.1376048039440623E-017   7.0029302307462488E-017   1.0445739413870998E-016  -3.3505134431314132E-015  -9.2622838142873837E-015   1.6023652076056352E-017   9.8639278896760527E-017   1.4713272435631730E-016   2.7810156088976403E-028  -7.0037935601226117E-030  -1.4718180242999228E-030   3.2477215461821714E-028   3.9427989225811564E-030   4.0823609662200314E-028  -6.9412086034791315E-015   5.6852772530278349E-030  -4.3261936284561467E-030  -2.8677446835903675E-030   2.6553755342979394E-030  -1.0754796362516113E-030   1.6424878771219894E-030  -2.1568560201708516E-029  -6.5201905439673796E-030  -7.4865877664148161E-030  -2.7423663303328753E-030   1.8159433036857227E-017   1.1178683682263397E-016   1.6674393844776858E-016   1.5242437195825211E-028  -7.7062381349421338E-031   2.7726361024960000E-031   1.5646408055378682E-028   1.1908130668017640E-030   1.1972989221783160E-028   6.3077595853087987E-015   3.0553199032448087E-015
  -5.6745181386854424E-018   3.7877291268608798E-018   6.9303182037529955E-018   5.1807326477642571E-018   1.8502097921222369E-017  -7.9928024247426210E-018   5.3351790953041859E-018   9.7616507321672353E-018   1.1084024094227655E-030   8.8149413693980303E-032  -4.3204843326092871E-032   1.5488720701770229E-030   1.4097806185404938E-032   1.1677531949296399E-030   4.9413443500320313E-018   1.2832047967217913E-031  -1.1110454483131943E-031  -6.8022885482817887E-032  -8.1898407914673854E-032   4.5826708982298414E-032   9.9306516987160345E-032   3.4181929776000925E-031   1.0277986651062546E-031   1.3032318494875714E-032  -2.1821089950449845E-031  -9.0581572615278876E-018   6.0463012464920578E-018   1.1062774076631632E-017  -7.7062381349421338E-031   7.3296339027676452E-032   7.9897748428585645E-032  -1.2128917791485105E-030  -1.3306172899466193E-031  -9.4158739340677636E-031  -2.5208191342781486E-016  -1.6875967835802590E-016
  -7.6250892816224144E-018   5.3521420401851035E-018  -4.2415145595571248E-018  -2.0245942831505230E-017  -5.1026072621554115E-017  -1.0740265624236694E-017   7.5387218493001633E-018  -5.9743553598117732E-018   3.4818350119597497E-030   4.3388106176110261E-032  -6.6010624077273342E-032   4.3600922301251427E-030   5.4030300433070691E-032   4.5891132051295047E-030  -4.8790799537979906E-017   2.2143455314872018E-031  -1.6962592355677295E-031  -4.8891783180972652E-032  -6.2650664265510239E-032   4.6000541773065106E-032   1.4293944487673578E-031   2.1815651850969169E-031   1.2202056458507307E-031  -5.1336142096035830E-032  -1.8982896071994418E-031  -1.2171827837725000E-017   8.5435526155995344E-018  -6.7706728516030462E-018   2.7726361024960000E-031   7.9897748428585645E-032   9.7189148141038736E-032  -2.0790807381745423E-031  -1.4732985062046500E-031  -1.8332427625235493E-031  -2.4840163682462882E-016  -1.7548504947435932E-016
   1.9511126443716455E-017   6.9129168258437637E-017   4.9270780958039428E-017  -3.3676363999182857E-015  -9.3351022090263115E-015   2.7482259275122597E-017   9.7371401442887658E-017   6.9400010341946934E-017   2.7012464193576248E-028  -7.5157401863284127E-030  -1.2071181513214052E-030   3.1390402758748682E-028   3.8480950419665813E-030   3.9935404850939374E-028  -6.9413769525154610E-015   5.2086150261560043E-030  -3.7159049169663546E-030  -2.3877338483925688E-030   3.3490272745619652E-030  -1.3489569019493801E-030   1.2382657799253120E-030  -2.3688627306383469E-029  -7.0712988841499382E-030  -7.6448907582566109E-030  -1.3085178562618482E-030   3.1145349676796190E-017   1.1034996490271876E-016   7.8650287373911693E-017   1.5646408055378682E-028  -1.2128917791485105E-030  -2.0790807381745423E-031   1.6318615890321513E-028   1.9962243437128821E-030   1.2494850220209446E-028   7.8172316360389431E-015   4.0708947896507445E-015
   2.5130626923203778E-018  -3.5915195727592300E-018  -5.9912166425382645E-018  -4.3370517712492741E-018  -1.9696701629444420E-017   3.5397566964802112E-018  -5.0588095144070588E-018  -8.4388858643660044E-018  -2.4696328856346735E-030  -1.4843601374114602E-031   8.2996019569595842E-032  -3.3474119471519177E-030  -3.4916744145379803E-032  -2.7858036450995725E-030   1.6927832772520896E-018  -1.5593569783615034E-031   2.0161788629648388E-031   1.0183321215409677E-031   2.0376554853891621E-031  -8.2539251147484563E-032  -1.2741559735183987E-031  -6.0334810588330168E-031  -2.0680973326889846E-031  -2.4228980372172849E-032   3.5983630618484515E-031   4.0115682986239102E-018  -5.7330945646507037E-018  -9.5636988392057112E-018   1.1908130668017640E-030  -1.3306172899466193E-031  -1.4732985062046500E-031   1.9962243437128821E-030   2.4286271806949258E-031   1.5564263037927822E-030   4.5494601233633350E-016   3.0638688245836284E-016
   2.5999987119697599E-017   6.8550537080994338E-017   1.1354548027699758E-016  -2.5721787979883808E-015  -7.1312327492755173E-015   3.6622098126148849E-017   9.6556374586832286E-017   1.5993368386460558E-016   2.0601057822562401E-028  -5.7281782389035448E-030  -8.8919324835224028E-031   2.3936470590830166E-028   2.8975122476169389E-030   3.0456490652087459E-028  -5.3001959675112586E-015   3.7459892009448567E-030  -2.8581411988793456E-030  -2.1198757170636215E-030   2.4757030171579086E-030  -1.0447902293149044E-030   8.1822359085108121E-031  -1.8200101739469072E-029  -5.7315856202413060E-030  -5.8883211784402202E-030  -1.4542683858451527E-030   4.1503431017745225E-017   1.0942630370829467E-016   1.8125112856241795E-016   1.1972989221783160E-028  -9.4158739340677636E-031  -1.8332427625235493E-031   1.2494850220209446E-028   1.5564263037927822E-030   9.5725795636969791E-029   6.0369717255039153E-015   3.1541488567748507E-015
  -2.3699894889585496E-016  -5.4795684268657695E-016   1.0600454506834146E-015 -0.10047353267994187      -0.29116112546314560        3.6604459001269483E-017   1.8635281996113504E-015  -1.3781757884514080E-016   3.4260668543419179E-015  -4.4913282071956514E-016   1.0507562746561958E-016   3.1999689106930309E-015   4.5484846816349120E-017   6.4793680434381672E-015 -0.18957315427505209       -6.4435010562592379E-017   2.1666282005753815E-016   6.7313005361351202E-017   4.6052510335353636E-016  -1.7338037447038312E-016  -1.4271709530591196E-016  -1.6616551215982678E-015  -5.7035399020111591E-016  -2.6632719662182233E-016   5.0044578977149495E-016  -5.8807953352264907E-016  -4.7882389459895327E-017  -1.5883920809476573E-017   6.3077595853087987E-015  -2.5208191342781486E-016  -2.4840163682462882E-016   7.8172316360389431E-015   4.5494601233633350E-016   6.0369717255039153E-015  0.96642769985214760       0.61776827843067261     
  -1.8822279524885642E-016  -1.7612379480738144E-016   5.6150392759806708E-016  -4.0538660268534289E-002 -0.12140684687974367        8.6513530114233104E-017   9.3052440364237726E-016  -3.3227095716490224E-016  -5.6473390081639612E-017  -2.5090817791399785E-016   8.6381071658457536E-017  -6.2357820959085936E-016  -3.3721262186500365E-018   9.2558493574307724E-016  -7.1043035886145786E-002  -9.7085097963953157E-017   1.8665536335824542E-016   6.8411002489751973E-017   2.9637658009908134E-016  -1.1136221656248471E-016  -1.1488871757773030E-016  -9.7073509380143883E-016  -3.4361857106943202E-016  -1.2237715043443226E-016   3.6687026815171086E-016  -3.5594033331807594E-016  -7.4745571729247363E-017  -1.2092620969088216E-016   3.0553199032448087E-015  -1.6875967835802590E-016  -1.7548504947435932E-016   4.0708947896507445E-015   3.0638688245836284E-016   3.1541488567748507E-015  0.61776827843067261       0.40348115526441819     
