  0.23916146384359868       -5.7621821053630202E-010   4.7387687328767826E-011  -1.3561349155672703E-010   3.1890572239742961E-010  -4.9491415219386486E-009  -1.8262986331395114E-009  -8.6105739372984039E-011   2.1399851422322025E-011  -2.3280126239040216E-010  0.22537650261968484       -5.4528508980171159E-011   3.5059761388991968E-013  -1.3900201967083830E-010  -2.2678888963746485E-010  -1.4926811618899803E-012   3.7285930209929482E-012   4.1641895403381313E-010   9.5267712751657389E-011  -1.1215608849139235E-010  -4.7846687610662387E-013  -1.9454454070933970E-012   2.1350635448996835E-012  -1.3289505588239096E-012   1.1949767552547614E-010  -1.7997309380485165E-009  -6.7756873550116931E-010  -3.0930330759051174E-011   9.1341538321829533E-012  -8.8568136739881839E-011  0.10437998653761896       -8.1858697110839352E-011   4.1908668252819822E-012   9.1501325492136692E-011  -4.2092585101879437E-002   4.1865578999913037E-011  -2.7252480847308340E-012   9.4416794273632965E-012  -5.1959525342937665E-010  -1.2957927082686728E-010   1.6096194645308153E-012   1.9191475361826508E-012  -1.1051259298226673E-011  -7.9385034898750650E-002   6.3751947697917078E-011  -3.3069484470419121E-012  -2.4545956133893283E-011  -1.4899139751338176E-011
  -5.7621821053630202E-010  0.23916139795626701       -1.0745634700538046E-008  -1.7211577027530585E-008  -9.6489554459779591E-009   4.9844146963802413E-010   1.4823608895097474E-011   1.8162659158837652E-008   5.0959492197513046E-009  -8.5137021770458558E-009  -1.7796567494059472E-011  0.22537649877060709       -6.7730863503534670E-010   1.6967482198013960E-008   6.1228932230028413E-012   2.8098691721229609E-011   2.5757870669092986E-011  -1.1306340681823965E-011   1.5618849486043145E-012   3.0914359400658069E-012   7.0525128909949498E-012  -8.1474367693865941E-011  -3.7584303916954231E-011   4.1528356267739267E-011  -3.8522173210542804E-009   1.9041787119251648E-010   6.9999537148571388E-012   7.2731438057427969E-009   2.0262915504820024E-009  -3.4209257066702988E-009  -6.8162404263801086E-011  0.10437997755817664       -1.4770906228648666E-009  -3.6709056609306094E-009   3.6660687972897261E-011  -4.2092580551705429E-002   7.4879274098369979E-010  -7.8048112791279061E-010   2.7355777363367604E-011   1.3177296158007292E-012   1.4632044127970991E-009   4.6816918677236902E-010  -6.8272311357332067E-010   5.3183422952261012E-011  -7.9385027994637702E-002   1.1376813890779942E-009   4.7840029993618014E-010   5.0259393527361767E-010
   4.7387687328767826E-011  -1.0745634700538046E-008  0.23916146089320847       -2.9103428266350906E-009  -1.0017781092408985E-009   2.1988919658405791E-011   3.2347178319398132E-010   4.9752779243563753E-009  -3.7215808697740273E-009  -3.9734997603392629E-009   6.7846680807518510E-012  -5.8077802772228027E-010  0.22537650243665533        3.4997539529102845E-009  -1.4438050069563588E-012   2.2571355820664846E-011  -8.6637189220882540E-011  -2.2943307446304544E-012  -2.3247212104812581E-012   4.2317605008090614E-012  -1.4848877094258732E-010   3.8552646222414832E-010   1.7664799201575671E-010  -2.2283532212532123E-010  -4.1170021350123803E-010   9.2904427549928441E-012   1.2229362530909601E-010   1.9251019064613552E-009  -1.3293473675368413E-009  -1.5134018412825250E-009   6.5590927337346993E-012  -1.4485470717647236E-009  0.10437998615016261       -8.9376433602341680E-010  -3.6332888005769357E-012   7.3629333850769601E-010  -4.2092584899677044E-002  -1.0271196742440422E-010   1.9661606034885213E-012   1.2271722133628053E-011   4.1346712661535178E-010  -4.1446077361512292E-010  -3.1075513157063678E-010  -5.1497344388495503E-012   1.1125340323808074E-009  -7.9385034599287571E-002   1.5023076199836471E-010   1.2692827025114593E-010
  -1.3561349155672703E-010  -1.7211577027530585E-008  -2.9103428266350906E-009  0.41774285623504026        7.5904359949442229E-009  -8.5158666933967780E-011  -4.1319357073838112E-011  -1.4846876393799519E-008  -4.1753310161497318E-009   7.2563941054701682E-009   5.8470991936486404E-010  -3.2987073692476661E-009  -2.2072800799915882E-009  0.66244535994985443       -2.0647010177673746E-011  -2.3109573959840489E-009  -3.7667101819087767E-010   3.5334337965707437E-011   7.1596149281120740E-012  -7.6340232818357581E-012   3.2092174705891758E-009   1.4643852402565040E-009  -1.9946636648726898E-009  -8.1073402410536022E-010   1.9355663639615223E-009   8.0983084747294828E-012  -2.4545808068280320E-011  -3.9364906745656542E-009  -1.0875762358877070E-009   2.0008093528395878E-009   3.3486136435124731E-010   1.2715480418619610E-009  -6.8273616718237133E-010 -0.41981531877311373       -1.3865693401298109E-010   1.4436049843798483E-009   6.5674748038342497E-010   9.1753545213348545E-010  -6.4014428906487299E-012  -7.0253168711208113E-012  -1.8166720407065436E-009  -5.0774191258016180E-010   8.9913550802228613E-010  -1.9822986452953616E-010   1.7318651005676993E-009   8.6857198031531687E-010   7.9636882839610998E-002   7.1100271513650198E-002
   3.1890572239742961E-010  -9.6489554459779591E-009  -1.0017781092408985E-009   7.5904359949442229E-009   5.3183284034359792E-016  -2.8349739052893707E-017  -5.1395918482278558E-018  -1.0235035391092578E-015  -2.6585299231478682E-016   4.9166979387415773E-016   3.0073134640193600E-010  -9.0920674126157745E-009  -9.4358493724435123E-010   1.2037388404313324E-008  -9.1879405758080359E-019  -4.3223933233793672E-017  -7.5162134293328375E-018   1.6634691645400895E-018   2.0394555816533704E-019  -4.3079072522076726E-019   5.8653156419474982E-017   2.8280300646447441E-017  -3.5466653411107887E-017  -1.5476383612821565E-017   1.9244417878109664E-016  -9.9691132349232323E-018  -2.1426246830509753E-018  -3.7302329439169086E-016  -9.5903426063642719E-017   1.8057699350758602E-016   1.3795072195555392E-010  -4.2155944222651445E-009  -4.3991262845651155E-010  -7.5922993907430389E-009  -6.3653024440773111E-011   1.6714335232113855E-009   1.5986499591664821E-010   4.8589321422813229E-017  -1.9308466529169981E-018  -4.0469907757976485E-019  -9.3758386819310304E-017  -2.6365162021785918E-017   4.5169034446891166E-017  -1.2134161349584503E-010   3.1476529719812719E-009   2.9867013342352134E-010   1.4336048305634040E-009   1.3056294912631019E-009
  -4.9491415219386486E-009   4.9844146963802413E-010   2.1988919658405791E-011  -8.5158666933967780E-011  -2.8349739052893707E-017   1.0349386294611128E-016   3.7871011100247227E-017   4.3118534194031965E-017   1.0685996304926909E-017  -1.4768756237910937E-017  -4.6657664480920064E-009   4.6989842107887667E-010   2.0722632387190932E-011  -1.3502793602095463E-010   4.7118306989366121E-018   5.6212479019861342E-019   4.5315945026798599E-020  -8.6512676689415324E-018  -1.9705975794493501E-018   2.3298180257840306E-018  -6.4265562052207186E-019  -3.9241797166841000E-019   3.0003060145149753E-019   2.5870620211128369E-019  -1.0934123684804143E-017   3.7580691763774289E-017   1.4029917134067073E-017   1.6785193780421284E-017   4.1366919946508310E-018  -5.8510287974064529E-018  -2.1487676441294466E-009   2.1643021392041768E-010   9.5902992537204944E-012   8.6487732980140020E-011   9.3967425073252120E-010  -9.4503132289301232E-011  -3.9102573522398088E-012  -2.0060665341839525E-018   1.0856147683527938E-017   2.6592486467913974E-018   3.4201537307139486E-018   1.0064029438741996E-018  -1.4140875886715535E-018   1.7839936215829261E-009  -1.7939504851407138E-010  -7.3815118675742647E-012  -1.6546421651338576E-011  -1.5087373175294754E-011
  -1.8262986331395114E-009   1.4823608895097474E-011   3.2347178319398132E-010  -4.1319357073838112E-011  -5.1395918482278558E-018   3.7871011100247227E-017   1.4392999264087032E-017   9.9821416181950487E-018  -4.4699075345246714E-018  -4.8425353536961284E-018  -1.7219159115484715E-009   1.3968895112251466E-011   3.0500776964355682E-010  -6.5539950282218086E-011   1.7331746951496110E-018   2.7220907291034241E-019  -1.0687596450667951E-019  -3.1886049820454318E-018  -7.3158129582349211E-019   8.6335773089307251E-019  -5.1424447352052783E-019   3.8665262970155519E-019   4.1771887777590627E-019  -2.0861031305150999E-019  -1.8987696101813937E-018   1.3739589820468243E-017   5.3315175850003091E-018   3.6780636654902403E-018  -1.6289070476957301E-018  -1.7792767780193071E-018  -7.9181297634996496E-010   6.4714968228333614E-012   1.4010123348613714E-010   4.0545790966401938E-011   3.5353125663217870E-010  -2.5976427540578046E-012  -6.3494187811889622E-011  -3.4576436624982665E-019   3.9944830988795580E-018   9.9284009778625136E-019   8.1362931259620626E-019  -5.0005344420902602E-019  -4.6786499210391475E-019   6.7226826234215343E-010  -4.8971091536682874E-012  -1.2087650688472153E-010  -7.5269906060733377E-012  -6.8410011732277788E-012
  -8.6105739372984039E-011   1.8162659158837652E-008   4.9752779243563753E-009  -1.4846876393799519E-008  -1.0235035391092578E-015   4.3118534194031965E-017   9.9821416181950487E-018   2.0105498647903542E-015   4.5796970100198024E-016  -9.8704456240800711E-016  -8.1244005506466236E-011   1.7114277411673616E-008   4.6891277113962509E-009  -2.3545238134889381E-008   1.2506110539386093E-018   8.4743871766301528E-017   1.3540323504318391E-017  -2.3124164992337200E-018  -2.1852075367857440E-019   6.3456169906547683E-019  -1.1662087746057461E-016  -5.0214917322157148E-017   7.1717813452303144E-017   2.7334424381354993E-017  -3.6990698675109291E-016   1.5014327393977852E-017   4.1893562107088370E-018   7.3221550669868507E-016   1.6486931625649211E-016  -3.6230437463754513E-016  -3.6976565594829810E-011   7.9359561094125510E-009   2.1677378580942360E-009   1.4842623314995896E-008   1.8838440639983695E-011  -3.1416076326769346E-009  -8.9811399271759417E-010  -9.4015242094495287E-017   2.5451833709282486E-018   6.4593461741377101E-019   1.8425842050023797E-016   4.4921512070190057E-017  -9.0243116959486800E-017   3.6162213043579803E-011  -5.9154880979998860E-009  -1.6976727527267720E-009  -2.8013357810582183E-009  -2.5511505728749151E-009
   2.1399851422322025E-011   5.0959492197513046E-009  -3.7215808697740273E-009  -4.1753310161497318E-009  -2.6585299231478682E-016   1.0685996304926909E-017  -4.4699075345246714E-018   4.5796970100198024E-016   2.0824962696833992E-016  -1.9211621438487202E-016   2.0167408869601368E-011   4.8015386165657616E-009  -3.5089312435819724E-009  -6.6215048161891751E-009   3.3902624783808699E-019   2.3348141953568837E-017   5.6634793493405447E-018  -5.2117631306302181E-019   6.3502236229648659E-021   6.6320359068085479E-020  -2.9618217688075159E-017  -2.2376174847405623E-017   1.6388389896888179E-017   1.2457774709537701E-017  -9.4974810589807228E-017   3.6721883168678458E-018  -1.5651824418145439E-018   1.6432702533024702E-016   7.4661184427680721E-017  -6.9351046188975154E-017   9.3337487543011251E-012   2.2281803351910051E-009  -1.6131845014996675E-009   4.1761545968021786E-009  -3.8032204449171628E-012  -8.7188868231067412E-010   7.2255269231230497E-010  -2.4173016096350455E-017   5.7398993876819375E-019  -9.2515211811867479E-020   4.2891867088207491E-017   2.1522558686744323E-017  -1.8718834486779630E-017  -7.1790671731702393E-012  -1.6400488690457488E-009   1.3743264693263279E-009  -7.8852273220256509E-010  -7.1814245493247336E-010
  -2.3280126239040216E-010  -8.5137021770458558E-009  -3.9734997603392629E-009   7.2563941054701682E-009   4.9166979387415773E-016  -1.4768756237910937E-017  -4.8425353536961284E-018  -9.8704456240800711E-016  -1.9211621438487202E-016   4.9537391015751046E-016  -2.1948852468689798E-010  -8.0222085502779775E-009  -3.7455427136529038E-009   1.1507776424994362E-008  -3.3181348145472102E-019  -4.1519682615110204E-017  -6.0240682736111429E-018   6.4894115960237646E-019   1.4573911775530549E-020  -2.0376951443263588E-019   5.7967365926739643E-017   2.1934454220140973E-017  -3.6250939522391259E-017  -1.1857950838260117E-017   1.7746256717261529E-016  -5.0452035387718677E-018  -2.0467248586799178E-018  -3.5919172731078364E-016  -6.8965756338263713E-017   1.8172713694354348E-016  -1.0097484480908342E-010  -3.7203610257290589E-009  -1.7278252586364043E-009  -7.2502693061805267E-009   4.4814015029901296E-011   1.4701737850009830E-009   7.3824866425415663E-010   4.5425813572682331E-017  -6.1433365461245290E-019  -2.4123376222772551E-019  -9.0499822359140946E-017  -1.8556290993385361E-017   4.5073978288696610E-017   8.5178191210449746E-011   2.7678345047749164E-009   1.3990019365912418E-009   1.3677195455560139E-009   1.2455008149349101E-009
  0.22537650261968484       -1.7796567494059472E-011   6.7846680807518510E-012   5.8470991936486404E-010   3.0073134640193600E-010  -4.6657664480920064E-009  -1.7219159115484715E-009  -8.1244005506466236E-011   2.0167408869601368E-011  -2.1948852468689798E-010  0.21257054316597052        4.4364892776143089E-010  -3.5328017960927816E-011   9.9832073312445025E-010  -2.1390214885612685E-010  -1.3974326839520390E-012   3.5114064124428399E-012   3.9271448732912534E-010   8.9848403340101042E-011  -1.0574094974950698E-010  -4.5546725285604514E-013  -1.8325386982176643E-012   2.0089237947020443E-012  -1.2512381095420110E-012   1.1214630855376632E-010  -1.6903152594948091E-009  -6.3633096504755221E-010  -2.8906360795528145E-011   8.6110082533372201E-012  -8.3240685483723955E-011   9.7264717852572652E-002   1.5198531824691668E-010  -1.2691241429485069E-011  -6.2222281691796133E-010  -4.6373778026603807E-002  -5.4672744023819452E-011   3.4657261881961167E-012   7.5233513569396247E-012  -4.9418399129452187E-010  -1.1941888130300958E-010   2.2281049298863043E-012   1.8148945328829062E-012  -9.7514152972125837E-012  -8.8612899208292753E-002  -1.1844741342482302E-010   8.3305532510933774E-012   1.0975040245593737E-010   1.0448550797542983E-010
  -5.4528508980171159E-011  0.22537649877060709       -5.8077802772228027E-010  -3.2987073692476661E-009  -9.0920674126157745E-009   4.6989842107887667E-010   1.3968895112251466E-011   1.7114277411673616E-008   4.8015386165657616E-009  -8.0222085502779775E-009   4.4364892776143089E-010  0.21257059444371876        8.3604482297332146E-009   3.6527878404318242E-008   5.7636469578939306E-012   2.6122326993279376E-011   2.4229755645097100E-011  -1.0643579526197845E-011   1.4706363739713258E-012   2.9106645639651589E-012   7.1428771219010768E-012  -7.6600839765796094E-011  -3.5727696572284025E-011   3.9034894563509206E-011  -3.6351511967536021E-009   1.7907089008907491E-010   6.5970911395909987E-012   6.8637020264416079E-009   1.9126166647232228E-009  -3.2285501039425637E-009   1.4890368820449707E-010   9.7264734771636677E-002   2.7680881720238686E-009  -1.6106932334929114E-008  -5.2874176026644393E-011  -4.6373784361004977E-002  -1.0341701931216880E-009  -7.3709618892099330E-010   2.4661951806079656E-011   1.2466463815126853E-012   1.3816839158958181E-009   4.4621369672630171E-010  -6.4458755513485651E-010  -1.1572646986779313E-010  -8.8612912858254719E-002  -2.2292480769668259E-009   2.8128504080602311E-009   2.5787962919388299E-009
   3.5059761388991968E-013  -6.7730863503534670E-010  0.22537650243665533       -2.2072800799915882E-009  -9.4358493724435123E-010   2.0722632387190932E-011   3.0500776964355682E-010   4.6891277113962509E-009  -3.5089312435819724E-009  -3.7455427136529038E-009  -3.5328017960927816E-011   8.3604482297332146E-009  0.21257054544147405        4.1576622880703299E-009  -1.3595375946095294E-012   2.1225342956121184E-011  -8.1742678948587515E-011  -2.1615045140637056E-012  -2.1836770787976324E-012   3.9858571986715247E-012  -1.3995747409973201E-010   3.6360312686440909E-010   1.6654807654003663E-010  -2.1013932724216619E-010  -3.8950732623945917E-010   8.7585430662903202E-012   1.1484932280176096E-010   1.8134079458321978E-009  -1.2468859181710439E-009  -1.4239007473445480E-009  -1.3259764091174362E-011   2.7529519334715767E-009   9.7264718621001264E-002  -1.3402308797424921E-009   3.7859422599061365E-012  -1.0284498696434216E-009  -4.6373778298963032E-002  -9.9040958748333510E-011   1.8593455807910838E-012   1.0390078270582479E-011   3.8940726080534925E-010  -3.9468489786953790E-010  -2.9036628518354470E-010   8.8186454727497868E-012  -2.2198592988354414E-009  -8.8612899804260653E-002   2.3363065328380146E-010   2.0256049287780910E-010
  -1.3900201967083830E-010   1.6967482198013960E-008   3.4997539529102845E-009  0.66244535994985443        1.2037388404313324E-008  -1.3502793602095463E-010  -6.5539950282218086E-011  -2.3545238134889381E-008  -6.6215048161891751E-009   1.1507776424994362E-008   9.9832073312445025E-010   3.6527878404318242E-008   4.1576622880703299E-009   1.0508449559568340       -3.2750970536044548E-011  -3.6656812803711986E-009  -5.9748418499483262E-010   5.6048824093716057E-011   1.1356301249259401E-011  -1.2109669774774204E-011   5.0905117872986026E-009   2.3228340575907569E-009  -3.1639633094280637E-009  -1.2859994273568292E-009   3.0678956941060164E-009   1.2828909770886054E-011  -3.8895092993324789E-011  -6.2392868706270581E-009  -1.7238340638306750E-009   3.1712080356448050E-009   5.6812654348030067E-010   2.1063691801086935E-008   2.3973561209631602E-009 -0.64547751261910868       -2.0752856670049422E-010  -7.0847269613662285E-009  -7.5695937458959894E-010   1.4548672406354712E-009  -1.0290782611495370E-011  -1.1059134605838737E-011  -2.8797470191007501E-009  -8.0504813241748763E-010   1.4248754511712610E-009  -2.8862434011624558E-010  -1.5149844435635450E-008  -2.0617957946929613E-009  0.11896466592984929       0.11143982739340569     
  -2.2678888963746485E-010   6.1228932230028413E-012  -1.4438050069563588E-012  -2.0647010177673746E-011  -9.1879405758080359E-019   4.7118306989366121E-018   1.7331746951496110E-018   1.2506110539386093E-018   3.3902624783808699E-019  -3.3181348145472102E-019  -2.1390214885612685E-010   5.7636469578939306E-012  -1.3595375946095294E-012  -3.2750970536044548E-011   2.1642853262411191E-019   1.1624869335715288E-019   1.6271609221207039E-020  -3.9719753552328769E-019  -9.0711095928347213E-020   1.0683455776153946E-019  -1.5713666509503728E-019  -7.4968833525214194E-020   9.4571429024778618E-020   4.3750530697098147E-020  -3.0445016025860248E-019   1.7053561735704720E-018   6.4097602076083875E-019   3.9780549253097956E-019   1.0489333257932067E-019  -9.3348863695438135E-020  -9.7877407620918407E-011   2.7100024549277574E-012  -6.3638067920967314E-013   2.0190962116553845E-011   4.6645152864377142E-011  -8.4742309705192629E-013   2.1599851917475310E-013  -7.2239344879507759E-020   4.9831502001685510E-019   1.2047276991008727E-019   1.2238572253163158E-019   3.7557756722014535E-020  -5.0146287876847035E-020   8.9128622581706132E-011  -1.5586108909191279E-012   4.0080964846341925E-013  -3.7373665822327161E-012  -3.3692960257040082E-012
  -1.4926811618899803E-012   2.8098691721229609E-011   2.2571355820664846E-011  -2.3109573959840489E-009  -4.3223933233793672E-017   5.6212479019861342E-019   2.7220907291034241E-019   8.4743871766301528E-017   2.3348141953568837E-017  -4.1519682615110204E-017  -1.3974326839520390E-012   2.6122326993279376E-011   2.1225342956121184E-011  -3.6656812803711986E-009   1.1624869335715288E-019   1.2793399480663574E-017   2.0791802263991711E-018  -1.9966928091873967E-019  -4.0241456892059546E-020   4.3708409284373352E-020  -1.7771734500485277E-017  -8.0764984888306880E-018   1.1049903589299035E-017   4.4701300740330350E-018  -1.1185339883659572E-017  -9.2785570894856584E-021   1.5249849745942807E-019   2.2785031541476694E-017   6.1191090838375034E-018  -1.1599053102835339E-017  -7.0637790976146689E-013   1.4388701324857188E-011   1.0119335742277494E-011   2.2620774421411676E-009  -7.2414549491324205E-014   8.0264191840562484E-012  -2.3352419681527588E-012  -5.1732884079742820E-018   4.4403241999927038E-020   4.1155007100430994E-020   1.0252195917016223E-017   2.8156471051116689E-018  -5.0788935575598662E-018  -1.9421504547938730E-013   1.7368738195325101E-011  -4.1225480049084430E-012  -4.1907362334568789E-010  -3.7796660025728247E-010
   3.7285930209929482E-012   2.5757870669092986E-011  -8.6637189220882540E-011  -3.7667101819087767E-010  -7.5162134293328375E-018   4.5315945026798599E-020  -1.0687596450667951E-019   1.3540323504318391E-017   5.6634793493405447E-018  -6.0240682736111429E-018   3.5114064124428399E-012   2.4229755645097100E-011  -8.1742678948587515E-011  -5.9748418499483262E-010   1.6271609221207039E-020   2.0791802263991711E-018   3.7399995986792961E-019  -2.5769444409062036E-020  -3.9658165500480680E-021   3.9390457191065679E-021  -2.8399406207713317E-018  -1.4693905600521174E-018   1.7310006833559598E-018   8.1647598434742646E-019  -2.0064096818608457E-018  -1.8195866081247047E-020  -3.1807237443840934E-020   3.6314720780225367E-018   1.6763039317761289E-018  -1.6249582058533134E-018   1.6408645532490440E-012   1.1500694959242184E-011  -3.7221372368430548E-011   3.6858384173696372E-010  -5.7351941367783151E-013  -2.9532212066062369E-012   1.8853485108714532E-011  -8.7235915260730769E-019   2.8964935325461576E-022   5.6771070010387410E-022   1.6448125671396826E-018   6.5938337269400065E-019  -7.7245111369689637E-019  -1.0674087120800843E-012  -5.2978652934839793E-012   3.6177089460093409E-011  -6.8264043044375777E-011  -6.1558319591564352E-011
   4.1641895403381313E-010  -1.1306340681823965E-011  -2.2943307446304544E-012   3.5334337965707437E-011   1.6634691645400895E-018  -8.6512676689415324E-018  -3.1886049820454318E-018  -2.3124164992337200E-018  -5.2117631306302181E-019   6.4894115960237646E-019   3.9271448732912534E-010  -1.0643579526197845E-011  -2.1615045140637056E-012   5.6048824093716057E-011  -3.9719753552328769E-019  -1.9966928091873967E-019  -2.5769444409062036E-020   7.2907919720298864E-019   1.6654645460393416E-019  -1.9619440859523561E-019   2.7179610538760093E-019   1.2067316995608072E-019  -1.6498190603455677E-019  -7.0736264144289221E-020   5.5672247133769127E-019  -3.1328928577694870E-018  -1.1798168235234085E-018  -7.4799923999779297E-019  -1.5887646282930150E-019   1.9126560358940471E-019   1.7997072445672993E-010  -5.0005626500417611E-012  -1.0048232539816589E-012  -3.4533981328880976E-011  -8.4104087020630879E-011   1.5870546012537271E-012   3.8255171933755401E-013   1.2960560134527777E-019  -9.1394283346610074E-019  -2.2205272186381212E-019  -2.2263086820196652E-019  -5.7457107292806770E-020   9.3025113593532240E-020  -1.6047721659886674E-010   2.9238300154707049E-012   7.1782269409622154E-013   6.3889674270267938E-012   5.7578050729033161E-012
   9.5267712751657389E-011   1.5618849486043145E-012  -2.3247212104812581E-012   7.1596149281120740E-012   2.0394555816533704E-019  -1.9705975794493501E-018  -7.3158129582349211E-019  -2.1852075367857440E-019   6.3502236229648659E-021   1.4573911775530549E-020   8.9848403340101042E-011   1.4706363739713258E-012  -2.1836770787976324E-012   1.1356301249259401E-011  -9.0711095928347213E-020  -4.0241456892059546E-020  -3.9658165500480680E-021   1.6654645460393416E-019   3.8132747022771949E-020  -4.4847419247581397E-020   5.6306118377466585E-020   2.0059025477171119E-020  -3.5301180671065026E-020  -1.1994561531262056E-020   5.9400123721031353E-020  -7.1339974373679139E-019  -2.7063173294722403E-019  -5.0975485908803589E-020   1.1363878113447145E-020  -8.4269199138935746E-021   4.1151014562366241E-011   6.8896539396119774E-013  -1.0566080594180363E-012  -7.0326839530986474E-012  -1.9378059391153956E-011  -2.3037611315438145E-013   1.5278640604435696E-013   1.4776488236505368E-020  -2.0868576087063103E-019  -5.0844305929499303E-020  -2.4699623053480782E-020  -1.0386666292968183E-021   9.9231125346544928E-021  -3.6995374580381687E-011  -4.2682363794359173E-013   2.4405329175728388E-013   1.3069589268881111E-012   1.1807099323844743E-012
  -1.1215608849139235E-010   3.0914359400658069E-012   4.2317605008090614E-012  -7.6340232818357581E-012  -4.3079072522076726E-019   2.3298180257840306E-018   8.6335773089307251E-019   6.3456169906547683E-019   6.6320359068085479E-020  -2.0376951443263588E-019  -1.0574094974950698E-010   2.9106645639651589E-012   3.9858571986715247E-012  -1.2109669774774204E-011   1.0683455776153946E-019   4.3708409284373352E-020   3.9390457191065679E-021  -1.9619440859523561E-019  -4.4847419247581397E-020   5.2863889690331030E-020  -6.0979633454009393E-020  -2.0093180453956214E-020   3.8103922851557536E-020   1.2039512536427787E-020  -1.4826237552570233E-019   8.4495539187405250E-019   3.1987171964422802E-019   2.1429020211543834E-019   1.8144949502891005E-020  -6.6025339865839018E-020  -4.8655286319556068E-011   1.3646343501866410E-012   1.8587731977278661E-012   7.4454916297841511E-012   2.1535709518605608E-011  -4.5008086088824623E-013  -6.7242223526668975E-013  -3.2685024732524263E-020   2.4540469338611009E-019   6.0420377495881734E-020   5.8433855104624711E-020   7.0677081541059265E-021  -2.5748797561582275E-020   4.0924486929897863E-011  -8.3266476035130418E-013  -1.2557150175120769E-012  -1.3748510386608774E-012  -1.2377864297089000E-012
  -4.7846687610662387E-013   7.0525128909949498E-012  -1.4848877094258732E-010   3.2092174705891758E-009   5.8653156419474982E-017  -6.4265562052207186E-019  -5.1424447352052783E-019  -1.1662087746057461E-016  -2.9618217688075159E-017   5.7967365926739643E-017  -4.5546725285604514E-013   7.1428771219010768E-012  -1.3995747409973201E-010   5.0905117872986026E-009  -1.5713666509503728E-019  -1.7771734500485277E-017  -2.8399406207713317E-018   2.7179610538760093E-019   5.6306118377466585E-020  -6.0979633454009393E-020   2.4753627664878612E-017   1.1011137517450364E-017  -1.5438773635794730E-017  -6.0904133302391854E-018   1.4992027068912423E-017   6.4465441516609337E-020  -2.6280855941342544E-019  -3.1182571731333528E-017  -7.4590347881576347E-018   1.6189658142703673E-017  -1.8150859186899065E-013   1.1844174811880373E-013  -6.4643359915455779E-011  -3.1416655800547847E-009   2.5090239987801196E-013  -1.9305322640688669E-011   2.7130809066588989E-011   7.0850045959085384E-018  -5.2024086120892581E-020  -6.0835266325223812E-020  -1.4157697950238565E-017  -3.6148592939105180E-018   7.0726740476904132E-018   5.0186494647303220E-013  -3.9516220824972116E-011   5.1339117806134095E-011   5.8208113600700452E-010   5.2500965772188241E-010
  -1.9454454070933970E-012  -8.1474367693865941E-011   3.8552646222414832E-010   1.4643852402565040E-009   2.8280300646447441E-017  -3.9241797166841000E-019   3.8665262970155519E-019  -5.0214917322157148E-017  -2.2376174847405623E-017   2.1934454220140973E-017  -1.8325386982176643E-012  -7.6600839765796094E-011   3.6360312686440909E-010   2.3228340575907569E-009  -7.4968833525214194E-020  -8.0764984888306880E-018  -1.4693905600521174E-018   1.2067316995608072E-019   2.0059025477171119E-020  -2.0093180453956214E-020   1.1011137517450364E-017   5.7844621433898081E-018  -6.6964972823045859E-018  -3.2163539560401569E-018   7.4226716810947912E-018  -7.2168970221050264E-021   1.1364473854094934E-019  -1.3159323907967864E-017  -6.6317344574329539E-018   5.7362471667537420E-018  -8.5366801927252925E-013  -3.6615728798976747E-011   1.6648483509040697E-010  -1.4333861369607014E-009   3.1434630595748458E-013   7.8883863397999377E-012  -7.8686068894691663E-011   3.3111979962008998E-018  -2.5709751593449423E-020  -5.9668715565832600E-021  -6.1958797551691934E-018  -2.6090770825918535E-018   2.8846728990534022E-018   5.8802032912064994E-013   1.3767569670871280E-011  -1.5026232145881154E-010   2.6554559811997829E-010   2.3949733221022385E-010
   2.1350635448996835E-012  -3.7584303916954231E-011   1.7664799201575671E-010  -1.9946636648726898E-009  -3.5466653411107887E-017   3.0003060145149753E-019   4.1771887777590627E-019   7.1717813452303144E-017   1.6388389896888179E-017  -3.6250939522391259E-017   2.0089237947020443E-012  -3.5727696572284025E-011   1.6654807654003663E-010  -3.1639633094280637E-009   9.4571429024778618E-020   1.1049903589299035E-017   1.7310006833559598E-018  -1.6498190603455677E-019  -3.5301180671065026E-020   3.8103922851557536E-020  -1.5438773635794730E-017  -6.6964972823045859E-018   9.6634080584658910E-018   3.7010197113081211E-018  -8.9282169584812053E-018  -7.7233680841603745E-020   2.0009463122026860E-019   1.9050108298788953E-017   3.8880454583653110E-018  -1.0121340503268549E-017   9.5014206809507572E-013  -1.4558621551514668E-011   7.6608858388109596E-011   1.9529135715047851E-009  -2.6399480169569856E-013   1.7874393283094614E-011  -3.4066548058124039E-011  -4.3321761472477921E-018   2.5390275706012717E-020   4.0463360879767328E-020   8.7422246792040796E-018   2.0341547694739452E-018  -4.4100365808996321E-018  -4.7865841526371442E-013   3.5647127409672020E-011  -6.4760178866679176E-011  -3.6187105436350350E-010  -3.2640812345229289E-010
  -1.3289505588239096E-012   4.1528356267739267E-011  -2.2283532212532123E-010  -8.1073402410536022E-010  -1.5476383612821565E-017   2.5870620211128369E-019  -2.0861031305150999E-019   2.7334424381354993E-017   1.2457774709537701E-017  -1.1857950838260117E-017  -1.2512381095420110E-012   3.9034894563509206E-011  -2.1013932724216619E-010  -1.2859994273568292E-009   4.3750530697098147E-020   4.4701300740330350E-018   8.1647598434742646E-019  -7.0736264144289221E-020  -1.1994561531262056E-020   1.2039512536427787E-020  -6.0904133302391854E-018  -3.2163539560401569E-018   3.7010197113081211E-018   1.7888152111841538E-018  -4.0369433379364010E-018   1.8937917580272212E-020  -6.1027821274572146E-020   7.1011778533887374E-018   3.6938776282017749E-018  -3.0640102603111100E-018  -5.8665099680727903E-013   1.8719247465560593E-011  -9.6373147578879888E-011   7.9365505336096656E-010   1.9336264669973877E-013  -3.6800936989247666E-012   4.4598991443874893E-011  -1.8177802719411635E-018   1.8946123728122045E-020   4.0199223815496506E-021   3.3920651293656688E-018   1.4533094228180214E-018  -1.5742799683786519E-018   3.5770255685078207E-013  -6.3163256274776966E-012   8.5037376814645810E-011  -1.4704446917743490E-010  -1.3262602054451499E-010
   1.1949767552547614E-010  -3.8522173210542804E-009  -4.1170021350123803E-010   1.9355663639615223E-009   1.9244417878109664E-016  -1.0934123684804143E-017  -1.8987696101813937E-018  -3.6990698675109291E-016  -9.4974810589807228E-017   1.7746256717261529E-016   1.1214630855376632E-010  -3.6351511967536021E-009  -3.8950732623945917E-010   3.0678956941060164E-009  -3.0445016025860248E-019  -1.1185339883659572E-017  -2.0064096818608457E-018   5.5672247133769127E-019   5.9400123721031353E-020  -1.4826237552570233E-019   1.4992027068912423E-017   7.4226716810947912E-018  -8.9282169584812053E-018  -4.0369433379364010E-018   7.1939764583515767E-017  -3.9490506603814983E-018  -7.7789038448188833E-019  -1.3899067876285986E-016  -3.5520524849036718E-017   6.7050372719277848E-017   5.4916182950908624E-011  -1.6516583460349242E-009  -1.7052697873453378E-010  -2.0359305174893032E-009  -4.1711772629689153E-012   8.5871355049339806E-010   1.2834378857807872E-010   1.7070103566518416E-017  -6.9121119055219765E-019  -1.3712334267929725E-019  -3.2777001410017412E-017  -9.2807865256201149E-018   1.5706902187313635E-017  -4.9666021488852852E-012   1.6505862697068157E-009   2.5166390892317921E-010   4.0062149818543697E-010   3.7555558005121096E-010
  -1.7997309380485165E-009   1.9041787119251648E-010   9.2904427549928441E-012   8.0983084747294828E-012  -9.9691132349232323E-018   3.7580691763774289E-017   1.3739589820468243E-017   1.5014327393977852E-017   3.6721883168678458E-018  -5.0452035387718677E-018  -1.6903152594948091E-009   1.7907089008907491E-010   8.7585430662903202E-012   1.2828909770886054E-011   1.7053561735704720E-018  -9.2785570894856584E-021  -1.8195866081247047E-020  -3.1328928577694870E-018  -7.1339974373679139E-019   8.4495539187405250E-019   6.4465441516609337E-020  -7.2168970221050264E-021  -7.7233680841603745E-020   1.8937917580272212E-020  -3.9490506603814983E-018   1.3871157922769072E-017   5.1759163414417961E-018   6.0096418492311715E-018   1.4657579808130293E-018  -2.0605865321102069E-018  -8.1932636439255096E-010   8.5320080154129472E-011   4.0333990258206161E-012  -8.9017304506739940E-012   1.1015657343225188E-010  -2.0001768083633354E-011  -1.7653639383992097E-012  -7.1780294963835553E-019   3.7942679319376074E-018   1.0593659700928503E-018   1.1499086728072818E-018   3.2234721246489285E-019  -4.3210571270766963E-019   1.7221549512534851E-010  -3.5398474676353708E-011  -3.3518119284577655E-012   1.8174360164815116E-012   1.5058643137067768E-012
  -6.7756873550116931E-010   6.9999537148571388E-012   1.2229362530909601E-010  -2.4545808068280320E-011  -2.1426246830509753E-018   1.4029917134067073E-017   5.3315175850003091E-018   4.1893562107088370E-018  -1.5651824418145439E-018  -2.0467248586799178E-018  -6.3633096504755221E-010   6.5970911395909987E-012   1.1484932280176096E-010  -3.8895092993324789E-011   6.4097602076083875E-019   1.5249849745942807E-019  -3.1807237443840934E-020  -1.1798168235234085E-018  -2.7063173294722403E-019   3.1987171964422802E-019  -2.6280855941342544E-019   1.1364473854094934E-019   2.0009463122026860E-019  -6.1027821274572146E-020  -7.7789038448188833E-019   5.1759163414417961E-018   2.0105018400616007E-018   1.5209283451235240E-018  -5.9481731059810405E-019  -7.4302901214329107E-019  -3.0872838940966988E-010   3.0514886285413629E-012   5.5730056466663770E-011   2.6418160727434643E-011   3.9850704481018428E-011  -1.2538652035941978E-012  -7.1437006590374227E-012  -1.6748834501490927E-019   1.4205031100901773E-018   4.0822567929928543E-019   3.6544543935299138E-019  -1.6491238846379256E-019  -1.9795729598024073E-019   6.1499455587392866E-011  -2.3685041413444300E-012  -1.0999315962253726E-011  -5.2948081612066852E-012  -4.8832581479248976E-012
  -3.0930330759051174E-011   7.2731438057427969E-009   1.9251019064613552E-009  -3.9364906745656542E-009  -3.7302329439169086E-016   1.6785193780421284E-017   3.6780636654902403E-018   7.3221550669868507E-016   1.6432702533024702E-016  -3.5919172731078364E-016  -2.8906360795528145E-011   6.8637020264416079E-009   1.8134079458321978E-009  -6.2392868706270581E-009   3.9780549253097956E-019   2.2785031541476694E-017   3.6314720780225367E-018  -7.4799923999779297E-019  -5.0975485908803589E-020   2.1429020211543834E-019  -3.1182571731333528E-017  -1.3159323907967864E-017   1.9050108298788953E-017   7.1011778533887374E-018  -1.3899067876285986E-016   6.0096418492311715E-018   1.5209283451235240E-018   2.7432903217199680E-016   6.1318343684584221E-017  -1.3533725591525059E-016  -1.4936155667603894E-011   3.1160874647413699E-009   8.4456657346604097E-010   4.1462673321168957E-009  -3.3261943177586178E-012  -1.6353916395712505E-009  -3.1213416324427930E-010  -3.3288269353797358E-017   9.0881863457561245E-019   2.3102671438659580E-019   6.5105566483756258E-017   1.5969523788860404E-017  -3.1817306787584452E-017  -7.7815500195560547E-012  -3.1454027001401421E-009  -5.8408335012031202E-010  -8.1679760513598869E-010  -7.6480244970574874E-010
   9.1341538321829533E-012   2.0262915504820024E-009  -1.3293473675368413E-009  -1.0875762358877070E-009  -9.5903426063642719E-017   4.1366919946508310E-018  -1.6289070476957301E-018   1.6486931625649211E-016   7.4661184427680721E-017  -6.8965756338263713E-017   8.6110082533372201E-012   1.9126166647232228E-009  -1.2468859181710439E-009  -1.7238340638306750E-009   1.0489333257932067E-019   6.1191090838375034E-018   1.6763039317761289E-018  -1.5887646282930150E-019   1.1363878113447145E-020   1.8144949502891005E-020  -7.4590347881576347E-018  -6.6317344574329539E-018   3.8880454583653110E-018   3.6938776282017749E-018  -3.5520524849036718E-017   1.4657579808130293E-018  -5.9481731059810405E-019   6.1318343684584221E-017   2.7628191022745336E-017  -2.5797513996811961E-017   3.9666695896071262E-012   8.6578404807737855E-010  -6.1497285603525603E-010   1.1431855743327958E-009  -1.7288007566437371E-012  -4.6999353445094261E-010   2.1622786790714631E-011  -8.5287221044029782E-018   1.9856177207472202E-019  -8.0549238058982031E-020   1.4871523793010008E-017   7.5473063189368816E-018  -6.3428045230051037E-018  -3.2812976723083741E-012  -9.0588941378202963E-010   4.2557693557942925E-012  -2.2483204183708256E-010  -2.1062211434221112E-010
  -8.8568136739881839E-011  -3.4209257066702988E-009  -1.5134018412825250E-009   2.0008093528395878E-009   1.8057699350758602E-016  -5.8510287974064529E-018  -1.7792767780193071E-018  -3.6230437463754513E-016  -6.9351046188975154E-017   1.8172713694354348E-016  -8.3240685483723955E-011  -3.2285501039425637E-009  -1.4239007473445480E-009   3.1712080356448050E-009  -9.3348863695438135E-020  -1.1599053102835339E-017  -1.6249582058533134E-018   1.9126560358940471E-019  -8.4269199138935746E-021  -6.6025339865839018E-020   1.6189658142703673E-017   5.7362471667537420E-018  -1.0121340503268549E-017  -3.0640102603111100E-018   6.7050372719277848E-017  -2.0605865321102069E-018  -7.4302901214329107E-019  -1.3533725591525059E-016  -2.5797513996811961E-017   6.8286327195903431E-017  -3.9980424169462850E-011  -1.4644287349102965E-009  -6.7403973108790879E-010  -2.1102719390835823E-009   7.4971982509317202E-012   7.7667822215863708E-010   1.8378996362636040E-010   1.6217910973265322E-017  -2.1760369114155858E-019  -9.3901167497718911E-020  -3.2328063439656133E-017  -6.6885965202845900E-018   1.6110157787280111E-017   1.2747771486094529E-011   1.4948167278621159E-009   3.3241859080065355E-010   4.1617205038391862E-010   3.8924602273873672E-010
  0.10437998653761896       -6.8162404263801086E-011   6.5590927337346993E-012   3.3486136435124731E-010   1.3795072195555392E-010  -2.1487676441294466E-009  -7.9181297634996496E-010  -3.6976565594829810E-011   9.3337487543011251E-012  -1.0097484480908342E-010   9.7264717852572652E-002   1.4890368820449707E-010  -1.3259764091174362E-011   5.6812654348030067E-010  -9.7877407620918407E-011  -7.0637790976146689E-013   1.6408645532490440E-012   1.7997072445672993E-010   4.1151014562366241E-011  -4.8655286319556068E-011  -1.8150859186899065E-013  -8.5366801927252925E-013   9.5014206809507572E-013  -5.8665099680727903E-013   5.4916182950908624E-011  -8.1932636439255096E-010  -3.0872838940966988E-010  -1.4936155667603894E-011   3.9666695896071262E-012  -3.9980424169462850E-011   5.2103009466415801E-002   4.1725026477113466E-011  -4.1266568595513418E-012  -3.6838525504054934E-010   2.1590070957421173E-002  -2.3090308786402073E-011   2.2634131738949487E-012   1.2307469809098813E-011  -1.9973918824277267E-010  -7.2589795197606414E-011  -3.5350449679450798E-012   7.9968026767588955E-013  -8.7724294740452366E-012   4.7591537719337738E-002  -4.7472104696420798E-011   4.1874453112273830E-012   7.0216762787329373E-011   6.9882745010689109E-011
  -8.1858697110839352E-011  0.10437997755817664       -1.4485470717647236E-009   1.2715480418619610E-009  -4.2155944222651445E-009   2.1643021392041768E-010   6.4714968228333614E-012   7.9359561094125510E-009   2.2281803351910051E-009  -3.7203610257290589E-009   1.5198531824691668E-010   9.7264734771636677E-002   2.7529519334715767E-009   2.1063691801086935E-008   2.7100024549277574E-012   1.4388701324857188E-011   1.1500694959242184E-011  -5.0005626500417611E-012   6.8896539396119774E-013   1.3646343501866410E-012   1.1844174811880373E-013  -3.6615728798976747E-011  -1.4558621551514668E-011   1.8719247465560593E-011  -1.6516583460349242E-009   8.5320080154129472E-011   3.0514886285413629E-012   3.1160874647413699E-009   8.6578404807737855E-010  -1.4644287349102965E-009   4.1725026477113466E-011   5.2103013872410890E-002   7.1984564962132045E-010  -1.1213332855997768E-008  -2.2814486301007317E-011   2.1590068439023544E-002  -4.1188066098536864E-010  -3.3109698497295004E-010   1.8594520316640262E-011   5.4610521305061476E-013   6.2182357198443267E-010   1.7436614677755776E-010  -2.9072657422401983E-010  -4.7237636588650251E-011   4.7591532412415177E-002  -8.6675045274265408E-010   2.0469320691950759E-009   2.0573741885662397E-009
