  0.16389152633220797        4.1566916190390744E-009   5.8860299642079725E-008   2.2392699719429914E-015  -6.8061970334021703E-018   7.7668935481618375E-017   7.9496871447509712E-017  -2.7510635387784508E-017  -5.3520857391367707E-017  -1.8362910566419335E-017  0.14128153404132701       -5.3838019796536949E-010  -2.6534864911941919E-009   3.5777934331627795E-015   3.6865955325516282E-010   8.1062128703946773E-012   3.3674093579356652E-010   1.7738828159721352E-010   4.7134772503510878E-010  -6.7196366104365367E-010  -3.9648915294086880E-010  -5.9825725344596910E-010   5.2384264628249134E-010   1.9491991613810325E-010   2.4181704930386150E-016   4.6295712209799506E-016   6.2543823451720883E-016  -3.5516603630192720E-016  -1.9490546774155283E-016   7.2111869579768851E-017   8.6423190011446077E-002   6.2004904406934967E-010   9.3206393245661181E-009   1.6809378372742156E-015   3.2837537803984535E-015   4.4122218237492131E-015  -2.2823165243480126E-015  -1.5061937638012523E-015   5.0907165065556659E-016 -0.11880669967210140       -6.2934556350829919E-010  -1.0665538935338565E-008  -4.3807677624440308E-016   3.2033248887206722E-010   1.2065975461166506E-010  -4.3100344443350103E-011  -2.0313563487303621E-010  -5.1702958785866522E-011  -2.2662598415493396E-010  -7.7620384866376024E-011  -1.8047514454349462E-010  -1.6520192386433378E-011   1.6664246892264316E-010  -9.4187035503803729E-016   2.4814497201011237E-002   1.2923276828966329E-010   2.2016604413732612E-009  -5.2457840807960467E-017   7.8266676806266680E-017
   4.1566916190390744E-009  0.16389144924576052        1.4312037319176083E-008   3.3808454706454891E-015  -3.3669139362022262E-016   1.3269518436089151E-017  -2.2049306845648480E-017  -3.7171745147870820E-016   2.2151005942559733E-017  -4.0267546602078763E-016   5.1848587181073356E-010  0.14128153339643049       -9.7846392754162758E-011   2.1354404264398019E-015  -2.8844520078751031E-010   6.9451939680921315E-010  -4.1689971676073193E-011   2.5602183856043544E-010   9.3708421038257928E-010   1.3096689404197090E-010  -7.3907615686737577E-010  -4.0186703870535432E-010   2.9703861971639668E-010   3.3060895606300371E-010   2.4749933687974160E-016   2.8323608769491304E-016  -1.1860254114351746E-016   6.2887075493861672E-016  -1.3880530247460700E-016  -2.5775238771891251E-017   9.7368357672747923E-010   8.6423176489076103E-002   2.4163481978180639E-009   3.6558932012540622E-016   2.0237067622117412E-015  -8.8510177035803024E-016   2.5869093362998915E-015  -8.9524608675856168E-016  -1.6850856960609011E-015  -1.1869624540902441E-009 -0.11880668380387469       -2.9228977857512345E-009  -7.9968155661379181E-015  -1.3696140869355329E-011  -1.0932573506161322E-010  -7.0452761511977660E-011   1.1403139411961696E-010  -1.7481372491933750E-011  -9.5656740647498851E-011   8.4913390295732888E-011  -6.5063942879172204E-011  -4.6014532568918800E-012   1.0100904926520351E-010  -1.6456969270175536E-014   2.4558315938432012E-010   2.4814493932461084E-002   6.0728149326202760E-010   1.5147689373540012E-014  -4.5877956425179384E-015
   5.8860299642079725E-008   1.4312037319176083E-008  0.16389149244813475       -8.4613164356205920E-015   1.1723951087402230E-015   2.4733201459366461E-017  -3.3901059528062953E-017   1.2193041945282838E-015   3.3543935477658765E-017   1.1481399023945399E-015   3.5582800251066747E-009   3.5227208378527172E-010  0.14128153371600441       -3.1642342424297099E-015  -3.3490440961758267E-010  -1.1344736817517971E-010   7.5099386903317329E-010  -4.2498838520915995E-012   1.9682440583135273E-010   4.5356817167652773E-010   1.1802404353257376E-010  -5.1063952940405440E-010  -4.4900340640293607E-011  -1.7916434929965078E-010  -5.5614283219997508E-016  -1.9952935465436792E-016  -4.3931620238401073E-016   4.7032948865397343E-016   2.8952217214347715E-016   5.8068813940155879E-016   1.1445210247512307E-008   2.5783095239467660E-009   8.6423184127772820E-002  -5.3737811819033353E-015  -1.2456677229104548E-015  -2.9587893730291803E-015   1.6464594488378440E-015   2.1309478887078025E-015   2.2506836326611921E-015  -1.3988460697058015E-008  -3.1682577801289935E-009 -0.11880669293112923        5.6923504310506896E-015   1.8806023523290507E-011  -8.4104289762213098E-011   2.2012408460702111E-010  -6.0921461210948005E-011  -6.3280143644725610E-011   3.5689400259865159E-011   1.2575933716255967E-010   2.7898087995597593E-012  -8.4620457956236892E-011  -1.6615572253765338E-010   9.3956536483908212E-015   2.8953909638664924E-009   6.5843104181620620E-010   2.4814495823573719E-002  -8.1431161045943807E-015   2.4143574104853105E-015
   2.2392699719429914E-015   3.3808454706454891E-015  -8.4613164356205920E-015  0.47637632545812508       -1.6285685524234187E-008  -6.0811111181300730E-010  -2.5084654336377256E-008   1.5565439152255150E-008  -3.7794002810974280E-009   7.2098783098491947E-010  -2.7287192632496238E-015  -2.9649133152289050E-015  -3.7735013880107626E-016  0.77165865452524807        1.0508210388694787E-015   3.7202437318580035E-016   7.3677858817296104E-016  -2.2934507400111969E-016   1.2774900194931813E-016   1.8828463584311238E-016   5.4442628265299103E-016   3.0675327176586889E-016   2.1048457174733725E-016  -2.3733188342941497E-016  -1.3418969334587605E-008  -1.8399453963567783E-009  -1.5621018825431804E-008   1.0295581077440613E-008  -2.5229436215491575E-009   3.1236759888149610E-009  -2.0617233850221055E-015   3.3553553003016622E-015  -4.2937395515153185E-015  -3.0115373384760486E-008  -5.5976603814825222E-009  -3.2705758542806609E-008   2.2183661597383323E-008  -4.0882829762617403E-009   7.9315240458045391E-009  -5.5598452652643110E-014   5.1079041361894318E-014   6.3362725373007360E-015 -0.30788015624132548       -7.1775481483787501E-017   2.1652743688162595E-016   1.2423071745606707E-016   6.0663994473798842E-017   2.2450692576017159E-017   4.4666549827751969E-016   4.2357743856095002E-016  -2.7050404212320976E-017  -5.7921923331648153E-017   1.3932257198044972E-016 -0.62479787928172115        1.3925126403746049E-014  -1.2843578689978884E-014  -1.3614831998310246E-015  0.40110153806608750      -0.10938285192279534     
  -6.8061970334021703E-018  -3.3669139362022262E-016   1.1723951087402230E-015  -1.6285685524234187E-008   3.6400504253210857E-004   2.7111774812476957E-011  -7.0589508025826271E-011  -1.8200262143381189E-004   4.8165197238800459E-012  -1.8200242109710777E-004  -7.2311795275655889E-017  -2.8789160320600663E-016   1.1673782894852024E-015  -2.4819343704155895E-008   1.4625821325308129E-017   1.8367983181773006E-017   8.0591510106295712E-018  -6.7193638918611834E-018  -1.0215194021826287E-017  -1.4573776608972732E-018   3.3281772121475673E-017   4.1682425065729970E-018   7.5438210020468033E-018   3.2290529359406567E-018   3.5929927736110547E-003   1.8968518195004242E-010  -3.9124909728617436E-010  -1.7964969973456209E-003  -3.8161875614014020E-011  -1.7964957762657116E-003   2.5790835555498927E-016  -5.0007277922604004E-016   5.6081496493894515E-016   2.4771629321142252E-002   8.7645196874412528E-010  -2.6990902330623653E-009  -1.2385818199248491E-002   6.2182937458602458E-011  -1.2385811121896675E-002   1.3372350588332803E-014  -1.3884195630948181E-014  -1.6789560626134765E-015   1.0028148942544597E-008  -1.5578489265918770E-017   1.1058347246676444E-017   1.3410954398631414E-018   1.2278045764133271E-017   4.7294178166266103E-018   1.0795247304856527E-017   2.3429697349917729E-017   4.0327089617842185E-018   1.2712796884356163E-017   2.4918146549356652E-018   1.9411192636254859E-008  -3.3457285574510830E-015   3.4867598561526618E-015   3.8365009982247505E-016  -1.2360683641306782E-008   3.3520347983489805E-009
   7.7668935481618375E-017   1.3269518436089151E-017   2.4733201459366461E-017  -6.0811111181300730E-010   2.7111774812476957E-011   3.6400491471195941E-004  -7.2062198030627639E-011   7.7786276267822283E-012  -1.7711440809665715E-010  -3.4890262868428780E-011  -3.5904132366881815E-017  -3.3538003679252335E-017   4.3175363389141954E-017  -7.3229883770249742E-010  -5.1411409846247465E-020   1.2863283888767447E-019  -6.2566483793486539E-018   9.4649452162689420E-018  -2.4653412849226510E-018  -8.1881548107148023E-018   1.5790136317819359E-018   9.7263691939690581E-018  -1.0692061971017815E-017  -9.6120048925357161E-018   1.9303323974794867E-010   3.5929917742655261E-003  -4.2654304174795062E-010   5.6320408931399918E-011  -9.6365503753666378E-010  -2.4935361127081621E-010   5.7021800708697078E-017   1.0458445609694201E-017   6.1694129737280839E-017   8.8668644046052146E-010   2.4771625227317837E-002  -2.3796135982745423E-009   2.3885340686579043E-010  -5.8907144721915357E-009  -1.1255398305938221E-009   7.9238200105091360E-016  -3.9427490182734629E-016   1.5076666225159976E-015   3.1244530134734253E-010   3.2424278571448308E-018  -4.2698454766334180E-018  -6.9301496803230145E-018   9.5250868412750680E-018   5.6008110922869342E-019  -5.8810538604381109E-018  -6.1978753958493166E-018  -1.6077950495519551E-017   2.2633597857809828E-019  -1.2441005656580288E-017   5.1830186021171292E-010  -1.9937212109752747E-016   9.8517790742630907E-017  -3.7935491771484000E-016  -3.1992188039992173E-010   8.4913954859431469E-011
   7.9496871447509712E-017  -2.2049306845648480E-017  -3.3901059528062953E-017  -2.5084654336377256E-008  -7.0589508025826271E-011  -7.2062198030627639E-011   3.6400495120183374E-004   1.1094693130060596E-010  -5.5962827235226323E-011  -4.0357548348208345E-011  -6.1623234430925703E-017   6.7784395517377049E-017   4.8538907584099193E-017  -3.8850228957301278E-008   1.4500246330454488E-018  -4.9142476674928621E-018   1.0683317549596476E-017  -3.6830779669788364E-018  -7.2454217644860929E-018   3.2746169193390029E-018  -6.9927599723299282E-017   1.8766395275961580E-017  -2.4566037763081555E-017  -3.3408166608257834E-017  -3.0034166676193859E-010  -4.2965855948008259E-010   3.5929921559210024E-003   5.0937756317279201E-010  -3.7378729159997646E-010  -2.0903575917525899E-010   8.4819140802549618E-019   3.3789539555851409E-017   4.5335101041810321E-017  -2.0872515476366630E-009  -2.4101297415042473E-009   2.4771626334121718E-002   3.8887788476772702E-009  -1.9371623769233540E-009  -1.8015269960335136E-009  -1.8280118369024528E-015  -5.3048171149302909E-016   1.2488001931561574E-015   1.5617910072140482E-008   1.9097258125669470E-018  -2.5987531809095375E-017  -2.1439340675539744E-018   2.0237461596018127E-018   8.2857840059813400E-020  -1.3482687643673523E-018  -7.9014754362164954E-018  -1.3526918673268402E-017  -1.5745419247652192E-017  -1.4043043819240931E-017   3.0463834123038809E-008   4.5614477594667626E-016   1.3098958441582659E-016  -3.1336860444711338E-016  -1.9408798693063894E-008   5.2665049304452091E-009
  -2.7510635387784508E-017  -3.7171745147870820E-016   1.2193041945282838E-015   1.5565439152255150E-008  -1.8200262143381189E-004   7.7786276267822283E-012   1.1094693130060596E-010   3.6400520238710668E-004   1.3809444684560381E-011  -1.8200258095519111E-004   4.0430131939190591E-017  -4.0166663237129093E-016   1.0301611973214922E-015   2.4023903819836800E-008  -4.8461506192953663E-018  -1.0162573163388115E-017  -1.8920514710741313E-017   6.0794076176442970E-018  -6.4691923344209888E-018  -2.5559774559166907E-018   1.2833456788487008E-017  -2.6022521126812080E-017   1.2403064789364684E-017  -3.1709888829137753E-017  -1.7964969469935459E-003   6.2138446548768265E-011   4.8725488328079867E-010   3.5929935527833153E-003   1.1988573896492761E-010  -1.7964966057909101E-003   2.8038739910798955E-016  -4.3585454154916213E-016   5.6959452325036689E-016  -1.2385817792160107E-002   2.6145577061365089E-010   3.6919690256338281E-009   2.4771634743089865E-002   4.4620571769499387E-010  -1.2385816950931397E-002   1.5148281737949514E-014  -1.2358433463159678E-014  -5.9516445839266133E-015  -9.6721893055633915E-009   5.2812307545753694E-018   8.2601915870788290E-018  -1.0004935209706099E-017  -1.6156976577642501E-018  -3.4679230250656818E-018  -6.9173525904251241E-018   7.2499740439193513E-018   3.8699032562229093E-018  -3.4848587605705724E-018  -1.9981030213811315E-017  -1.8832211703449068E-008  -3.7908268279678011E-015   3.1056609681620644E-015   1.4523556167241796E-015   1.1999245210281983E-008  -3.2557448181778557E-009
  -5.3520857391367707E-017   2.2151005942559733E-017   3.3543935477658765E-017  -3.7794002810974280E-009   4.8165197238800459E-012  -1.7711440809665715E-010  -5.5962827235226323E-011   1.3809444684560381E-011   3.6400512527543232E-004  -1.8625938236140654E-011   1.3945165082822339E-017   5.4148506757211850E-017  -5.7677380210202242E-017  -5.8832089040371270E-009  -7.7955597054847266E-018   4.8735954942005981E-018   7.7284091021283347E-018   7.2088806950054581E-019   1.2616358551912461E-017   2.3631816178980576E-018  -1.8551489439030805E-018   2.3961580705052062E-017  -2.2014253765952580E-017   1.8518320978298531E-017  -7.2582054382106291E-012  -9.6746485033933160E-010  -3.4902207449479721E-010   1.1957233207690415E-010   3.5929930511322140E-003  -1.1231406171145689E-010   1.1897938954718515E-017   1.6946730230134441E-017  -6.0057442678100848E-018   3.2383250861086935E-010  -5.9927098017240003E-009  -1.7453612108357356E-009   4.2328700611270531E-010   2.4771632208381571E-002  -7.4711908678335783E-010   3.1514977863018272E-015   1.4983610488396955E-016   1.1840157278335205E-017   2.3586271141985942E-009   2.5073106336406124E-018   5.4281570797613243E-018   6.0980023281824646E-018  -3.6954346833663152E-018   5.2516421200838191E-018   1.5368761489526000E-018  -2.2520389143215600E-019   4.5373257659801763E-018   5.2586989200796405E-018   1.7228744328455200E-017   4.5798075172919098E-009  -7.8786063132414862E-016  -3.8484039715305571E-017  -1.8550073523478312E-018  -2.9132070727783422E-009   7.8977553363666821E-010
  -1.8362910566419335E-017  -4.0267546602078763E-016   1.1481399023945399E-015   7.2098783098491947E-010  -1.8200242109710777E-004  -3.4890262868428780E-011  -4.0357548348208345E-011  -1.8200258095519111E-004  -1.8625938236140654E-011   3.6400500205300624E-004  -1.9477743668152985E-017  -2.6236595409494866E-016   8.5517790099790057E-016   7.9664460307427679E-010  -9.7796683148355358E-018  -8.2053808304398068E-018   1.0861383870904789E-017   6.3993285639519655E-019   1.6684391147553539E-017   4.0133753297570160E-018  -4.6115239582636164E-017   2.1854255251470615E-017  -1.9946900658706541E-017   2.8480838277778574E-017  -1.7964958266057729E-003  -2.5182225082720776E-010  -9.6007020194259553E-011  -1.7964965554564125E-003  -8.1723604956842443E-011   3.5929923820636040E-003   2.0929793327643240E-016  -4.1658529448278457E-016   5.7669395602279700E-016  -1.2385811528901234E-002  -1.1378982410881507E-009  -9.9288730155771865E-010  -1.2385816543970423E-002  -5.0838687365173714E-010   2.4771628072876209E-002   1.2335159193910462E-014  -1.3308543941052546E-014  -3.3331633182687825E-015  -3.5634445761982630E-010   1.0297268012610503E-017  -1.9318605637688455E-017   8.6638867801611712E-018  -1.0662341212078745E-017  -1.2615273697042135E-018  -3.8779143544444755E-018  -3.0679619517528634E-017  -7.9026119049245795E-018  -9.2279409187065911E-018   1.7489180286475147E-017  -5.7974132510864864E-010  -3.0878701826051609E-015   3.3404170447628610E-015   8.0185755136017914E-016   3.6186079019159595E-010  -9.6398474574622502E-011
  0.14128153404132701        5.1848587181073356E-010   3.5582800251066747E-009  -2.7287192632496238E-015  -7.2311795275655889E-017  -3.5904132366881815E-017  -6.1623234430925703E-017   4.0430131939190591E-017   1.3945165082822339E-017  -1.9477743668152985E-017  0.12179080296652361       -3.1058925834453882E-009  -4.2958116323070784E-008  -4.6126663232370954E-015   3.1767476341491684E-010   6.9202262508749351E-012   2.9031821987706697E-010   1.5309812229389379E-010   4.0640244296085948E-010  -5.7927483049647248E-010  -3.4180669809665944E-010  -5.1565624924258297E-010   4.5166402916314404E-010   1.6795460375578852E-010  -4.2876103159206956E-016  -6.1473894543072752E-016  -7.4831093278492991E-016   3.4821696502416781E-016   4.2989656070941879E-016   4.2770760288858629E-017   7.4493555117973870E-002  -1.0926747823555534E-009  -1.6981830636761023E-008  -2.9399031756312060E-015  -4.1611376727636985E-015  -5.0720130439215557E-015   2.5484143787035867E-015   2.8213786058994067E-015   3.1294064076074718E-016 -0.10278213895385899        1.1020022377500400E-009   1.7872042174729387E-008  -8.0786559960543964E-016   2.7616814577481320E-010   1.0410504933135724E-010  -3.7602711354117034E-011  -1.7515011037578922E-010  -4.4755357740155814E-011  -1.9536014379332455E-010  -6.6897797003582659E-011  -1.5556561551381776E-010  -1.4351470862310708E-011   1.4397842744837429E-010  -2.4261070061070949E-015   2.1482685602482357E-002  -2.0816276794799493E-010  -3.4595233458576279E-009   3.3923109158659542E-015  -1.1138261427650333E-015
  -5.3838019796536949E-010  0.14128153339643049        3.5227208378527172E-010  -2.9649133152289050E-015  -2.8789160320600663E-016  -3.3538003679252335E-017   6.7784395517377049E-017  -4.0166663237129093E-016   5.4148506757211850E-017  -2.6236595409494866E-016  -3.1058925834453882E-009  0.12179085913586150       -1.0415823052715251E-008  -7.0762456310535503E-015  -2.4870145944087070E-010   5.9895371552976326E-010  -3.5874235575155479E-011   2.2067785633341299E-010   8.0793195247865138E-010   1.1298920561265233E-010  -6.3728697414387390E-010  -3.4648740702051141E-010   2.5604208405374468E-010   2.8499647285657849E-010   2.1721753544982935E-016  -2.0051810586684863E-016   7.5366249002072826E-016  -2.7685895508605217E-016   2.2651670083615571E-016   7.9585724851889115E-016  -1.3450441839439975E-009   7.4493578369439054E-002  -4.2627789480173156E-009   3.3549528469119644E-016  -1.3202654583805826E-015   5.1380633647866217E-015  -3.4228754730460911E-015   1.6156537980821991E-015   4.1809390825602731E-015   1.3921554934480571E-009 -0.10278216217301572        4.8279125573374780E-009   1.2169662422774477E-014  -1.1752511134493991E-011  -9.4734856396641690E-011  -6.0787486756703623E-011   9.8339403500766048E-011  -1.5515280720353569E-011  -8.2572313529765681E-011   7.3636033786393301E-011  -5.6130709787183386E-011  -4.0616329865613581E-012   8.7146420882372034E-011   2.7818993934993074E-014  -2.6906053185149727E-010   2.1482690043814045E-002  -9.5558834156567470E-010  -2.4550666154136517E-014   7.3826956408492575E-015
  -2.6534864911941919E-009  -9.7846392754162758E-011  0.14128153371600441       -3.7735013880107626E-016   1.1673782894852024E-015   4.3175363389141954E-017   4.8538907584099193E-017   1.0301611973214922E-015  -5.7677380210202242E-017   8.5517790099790057E-016  -4.2958116323070784E-008  -1.0415823052715251E-008  0.12179082758372259        8.2909363108235065E-015  -2.8873763136978356E-010  -9.7734181992387462E-011   6.4740569433709104E-010  -3.6019450923831683E-012   1.6976945504248439E-010   3.9098143180583261E-010   1.0168796076197982E-010  -4.4024004983182693E-010  -3.8696117856526390E-011  -1.5442490632221892E-010   1.0670670296645530E-015   4.6145730547893111E-017   3.9071815869573352E-016   1.9141372936356749E-016  -6.0507183836643261E-016  -8.3137404869986976E-016  -1.8424900620981217E-008  -4.3604275088907900E-009   7.4493565395119088E-002   6.0244681178553943E-015   4.2845727075025993E-016   2.7540893981474050E-015  -5.6087441277179224E-017  -4.0558490152685298E-015  -7.2422586938175201E-015   1.9565524192955540E-008   4.9474479210064552E-009 -0.10278214792859575       -4.3385503736501716E-015   1.6482691483738127E-011  -7.2557655956868254E-011   1.8965618774609664E-010  -5.2504912189295751E-011  -5.4673910498921546E-011   3.0390084494319988E-011   1.0854401132023889E-010   2.6567382224396272E-012  -7.3070185718465864E-011  -1.4334634516981703E-010  -1.1711102148923573E-014  -3.8157776494487490E-009  -9.8083584205590507E-010   2.1482687248335477E-002   9.0278982765938329E-015  -2.6335732248896543E-015
   3.5777934331627795E-015   2.1354404264398019E-015  -3.1642342424297099E-015  0.77165865452524807       -2.4819343704155895E-008  -7.3229883770249742E-010  -3.8850228957301278E-008   2.4023903819836800E-008  -5.8832089040371270E-009   7.9664460307427679E-010  -4.6126663232370954E-015  -7.0762456310535503E-015   8.2909363108235065E-015   1.2505300820853427        1.7180585380702863E-015   6.1364096524599895E-016   1.2102449493584396E-015  -3.4748088787471910E-016   2.0225112696175323E-016   3.2063484247156799E-016   8.5021796986419110E-016   4.7924726183579583E-016   3.3911978845703044E-016  -3.9407458234671947E-016  -6.1920936424955803E-009  -4.6702830668422905E-010  -7.5214507918958499E-009   4.8184489527488739E-009  -1.6987802439097714E-009   1.3741115805591831E-009  -1.2718982591458716E-015   1.7567989670506450E-015  -1.3823664111533654E-015   5.8238641278379619E-008   8.2333681655041795E-009   6.9453775478580086E-008  -4.5716256325425439E-008   9.8194470909040229E-009  -1.2522678262145298E-008   2.0771011863343398E-014  -8.4567606733822116E-015   1.0369027378759453E-015 -0.48435134658325762       -5.0674317622074615E-017   3.3246717428738479E-016   1.9577435164859192E-016   6.9175652205327606E-017   3.0937833231156617E-017   6.9204124195640805E-016   6.8355805433835353E-016  -4.6958827104819179E-017  -1.0832625915506876E-016   2.4047297350787990E-016 -0.97979264477553396       -5.1884821090615047E-015   2.1170111735849400E-015  -2.0977194622633590E-016  0.61898169509698220      -0.16778230284741399     
   3.6865955325516282E-010  -2.8844520078751031E-010  -3.3490440961758267E-010   1.0508210388694787E-015   1.4625821325308129E-017  -5.1411409846247465E-020   1.4500246330454488E-018  -4.8461506192953663E-018  -7.7955597054847266E-018  -9.7796683148355358E-018   3.1767476341491684E-010  -2.4870145944087070E-010  -2.8873763136978356E-010   1.7180585380702863E-015   2.3870271959697682E-018  -1.0830930365996344E-018  -8.5294016944897000E-019  -4.9080529612593825E-019  -1.3621600099703568E-018  -2.7116294015012028E-018   3.9971304671707691E-019   3.3414362531627087E-019   5.4686292403019787E-019   3.8670467438033012E-019   1.4436775295893371E-016  -5.0748173155022693E-019   1.4313318281617805E-017  -4.7835333228566769E-017  -7.6947731260224229E-017  -9.6532420155838013E-017   2.1079293301727720E-010  -1.4568601708351271E-010  -1.7197407015239227E-010   9.9533318836543757E-016  -3.4988098085185375E-018   9.8682292415909476E-017  -3.2979731339786812E-016  -5.3051055260380188E-016  -6.6553587708904450E-016   5.9564657512341147E-010   5.4689310404561270E-010   4.8638449508849095E-010  -2.7014316551559895E-016   4.0995986851927855E-019   9.1190995368074588E-019   7.5195123555907716E-019  -4.8667588077726089E-019   9.7487785893176399E-019  -6.3302311260074419E-020  -1.1078878317159202E-018  -4.5297018234397925E-019   5.7449166418657403E-019  -2.2284092813453657E-019  -4.5918490632702123E-016  -1.6015963185464137E-010  -1.2822166776795263E-010  -1.1168131747995238E-010   9.6847325775000474E-018   2.6330428462182969E-017
   8.1062128703946773E-012   6.9451939680921315E-010  -1.1344736817517971E-010   3.7202437318580035E-016   1.8367983181773006E-017   1.2863283888767447E-019  -4.9142476674928621E-018  -1.0162573163388115E-017   4.8735954942005981E-018  -8.2053808304398068E-018   6.9202262508749351E-012   5.9895371552976326E-010  -9.7734181992387462E-011   6.1364096524599895E-016  -1.0830930365996344E-018   4.3347741426384214E-018  -4.0294691560346974E-019   8.2590711788762080E-019   4.4518637759812230E-018   6.2722272051595927E-019  -4.0733791396666782E-018  -1.8015984052542050E-018   1.1301612535072642E-018   1.6431949459548031E-018   1.8130528475587863E-016   1.2697042408891988E-018  -4.8506971913978882E-017  -1.0031211450483620E-016   4.8105916392070653E-017  -8.0993149769598983E-017   1.3102284400658997E-011   3.3390961825146188E-010  -6.7959580850381562E-011   1.2499962011480108E-015   8.7538770717073158E-018  -3.3442777151826832E-016  -6.9159468848842862E-016   3.3166280606649679E-016  -5.5840150406297148E-016   4.5883687147319890E-010  -2.2050866906601392E-009  -3.4608915362439290E-010   4.3216911278410078E-017   4.7921314659427107E-019  -2.8671638788389097E-018  -2.5272034328566864E-019   7.6157412242104602E-019  -2.0159891238630327E-018  -1.4044987069801203E-018   2.4414454518842173E-018  -2.0563173715392092E-019  -4.0841093283635663E-019   3.4164375637336277E-019   1.4944870587945917E-016  -1.1508811694442364E-010   5.3106367078640003E-010   9.0031678530557391E-011  -2.9366730261082489E-016   1.0017764582927724E-016
   3.3674093579356652E-010  -4.1689971676073193E-011   7.5099386903317329E-010   7.3677858817296104E-016   8.0591510106295712E-018  -6.2566483793486539E-018   1.0683317549596476E-017  -1.8920514710741313E-017   7.7284091021283347E-018   1.0861383870904789E-017   2.9031821987706697E-010  -3.5874235575155479E-011   6.4740569433709104E-010   1.2102449493584396E-015  -8.5294016944897000E-019  -4.0294691560346974E-019   4.2476172564952982E-018   3.8374116731459754E-019   1.8640377599714595E-018   7.6064870727471156E-019  -3.1983482320634170E-019  -3.5130283440606044E-018   8.3205006119042417E-019  -5.4760170283729846E-019   7.9549796035061207E-017  -6.1757613479041812E-017   1.0545246384996335E-016  -1.8675941561037716E-016   7.6285022035735179E-017   1.0720962389559581E-016   1.7322944636012348E-010  -3.0380540801885821E-011   3.9383588577736689E-010   5.4845038053713519E-016  -4.2578340410348667E-016   7.2703453573604694E-016  -1.2875993948486043E-015   5.2594164281861552E-016   7.3914900857604224E-016  -4.7260232404010520E-010  -4.1179545784563183E-010  -6.5904837374567595E-010  -4.4307656771719473E-017   9.1569624280712464E-019  -6.6425725590118087E-019   5.6101465965956311E-019  -6.9822254641787958E-019  -1.0849135873011237E-018  -5.3030249504489032E-019   9.7444935876293122E-019  -3.0694748736694212E-019  -6.4310921943166099E-019  -1.8939735753097311E-019   4.0938941942860580E-018   1.0817655810142029E-010   1.0432251933809879E-010   1.4240160647441424E-010  -3.0366903898245131E-016   1.1340400802155566E-016
   1.7738828159721352E-010   2.5602183856043544E-010  -4.2498838520915995E-012  -2.2934507400111969E-016  -6.7193638918611834E-018   9.4649452162689420E-018  -3.6830779669788364E-018   6.0794076176442970E-018   7.2088806950054581E-019   6.3993285639519655E-019   1.5309812229389379E-010   2.2067785633341299E-010  -3.6019450923831683E-012  -3.4748088787471910E-016  -4.9080529612593825E-019   8.2590711788762080E-019   3.8374116731459754E-019   1.2949285895222920E-018   2.3015956199617859E-018  -6.3643179430813665E-019  -1.6265755857752362E-018  -1.0602727572361249E-018   1.3563506412551097E-018   5.0426540295926180E-019  -6.6324965398368783E-017   9.3425861223299748E-017  -3.6354756724881978E-017   6.0008280613282003E-017   7.1157055920491786E-018   6.3166777055117665E-018   6.9833035596880354E-011   1.3814311811484031E-010  -1.0288266547865276E-011  -4.5727271678228798E-016   6.4411791488817096E-016  -2.5064528029448483E-016   4.1372278544875737E-016   4.9058708609889583E-017   4.3549935195403557E-017  -1.3766003138141190E-009  -2.0412182712549060E-011  -4.2054333809235821E-010   7.6678401606354580E-016   7.0936997215007315E-019   4.3000382182133592E-019  -1.7841858750978872E-018  -1.7544232436985907E-019  -6.5575950756350085E-019  -7.7629107497843146E-019   5.2170181606402616E-020   5.3869885148032574E-020  -5.0000150785742736E-019   1.2897048282651578E-018   1.6907251535826363E-015   3.3922882259956877E-010  -2.5801806187790161E-012   1.0538761234288640E-010  -1.5165705557335913E-015   4.5739391418913807E-016
   4.7134772503510878E-010   9.3708421038257928E-010   1.9682440583135273E-010   1.2774900194931813E-016  -1.0215194021826287E-017  -2.4653412849226510E-018  -7.2454217644860929E-018  -6.4691923344209888E-018   1.2616358551912461E-017   1.6684391147553539E-017   4.0640244296085948E-010   8.0793195247865138E-010   1.6976945504248439E-010   2.0225112696175323E-016  -1.3621600099703568E-018   4.4518637759812230E-018   1.8640377599714595E-018   2.3015956199617859E-018   7.5462863601996027E-018  -4.7398978725848251E-019  -5.7497769394838912E-018  -4.7592203730274648E-018   3.2621786405032158E-018   2.1579368865950083E-018  -1.0083134614132171E-016  -2.4334670197097116E-017  -7.1517479578264642E-017  -6.3855624968870935E-017   1.2453256778700570E-016   1.6468698096507668E-016   2.3804938905767708E-010   4.7787281735006453E-010   9.0938070832341983E-011  -6.9517446163367769E-016  -1.6777360625618014E-016  -4.9307209795816032E-016  -4.4024808651903456E-016   8.5858081623696969E-016   1.1354225554751437E-015  -8.9450524918929805E-010  -1.5357997161213100E-009  -8.1919904064693515E-010  -2.0314338325915047E-016   1.5361649599371272E-018  -1.4960001536350466E-018  -1.2525169502136454E-018   5.0828157414200537E-020  -1.8772596358973753E-018  -2.1117975094195880E-018   1.7066110169402751E-018  -5.0445541128963534E-019  -7.9368823193975509E-019   1.3095688881399880E-018  -4.3849779930079050E-016   2.0973410180371228E-010   3.5625927787671253E-010   1.9913023811367008E-010   3.6555429755958110E-016  -1.0823019909382143E-016
  -6.7196366104365367E-010   1.3096689404197090E-010   4.5356817167652773E-010   1.8828463584311238E-016  -1.4573776608972732E-018  -8.1881548107148023E-018   3.2746169193390029E-018  -2.5559774559166907E-018   2.3631816178980576E-018   4.0133753297570160E-018  -5.7927483049647248E-010   1.1298920561265233E-010   3.9098143180583261E-010   3.2063484247156799E-016  -2.7116294015012028E-018   6.2722272051595927E-019   7.6064870727471156E-019  -6.3643179430813665E-019  -4.7398978725848251E-019   4.2743200668603543E-018   1.0902278463086642E-018   6.1185454441792719E-019  -2.0899497700127544E-018  -1.0230342713070898E-018  -1.4385377899061367E-017  -8.0823001419211492E-017   3.2322932775966695E-017  -2.5229463782968787E-017   2.3326303442339219E-017   3.9614849333582054E-017  -3.5262302268218011E-010   5.7314579553090634E-011   2.4101403210402533E-010  -9.9178941299225842E-017  -5.5722839158432031E-016   2.2284815064215610E-016  -1.7394275496904640E-016   1.6082151945705323E-016   2.7312169525304531E-016   5.7747677533459896E-010  -7.1332203788265396E-010  -2.3200829655945237E-010   2.8104746883194659E-016  -1.2593267734617063E-018  -1.6534449393947568E-018   7.7537900859781944E-019   8.2835042202446234E-019  -6.5216445922140859E-019   8.6117286634434952E-019   1.4341981711835214E-018   5.5381599270379928E-019  -2.7074871877735729E-019  -9.9073547087928737E-019   6.5801273109449897E-016  -1.2435818490109347E-010   1.7460766487534778E-010   4.4448281259766761E-011  -7.0315681096336537E-016   2.2028303383943969E-016
  -3.9648915294086880E-010  -7.3907615686737577E-010   1.1802404353257376E-010   5.4442628265299103E-016   3.3281772121475673E-017   1.5790136317819359E-018  -6.9927599723299282E-017   1.2833456788487008E-017  -1.8551489439030805E-018  -4.6115239582636164E-017  -3.4180669809665944E-010  -6.3728697414387390E-010   1.0168796076197982E-010   8.5021796986419110E-016   3.9971304671707691E-019  -4.0733791396666782E-018  -3.1983482320634170E-019  -1.6265755857752362E-018  -5.7497769394838912E-018   1.0902278463086642E-018   4.9875486418823593E-018   3.1143937656439335E-018  -2.6180475616623756E-018  -2.0829579625669304E-018   3.2851530008587537E-016   1.5585938428052819E-017  -6.9023575322584850E-016   1.2667544388928271E-016  -1.8311666163569886E-017  -4.5519075673587547E-016  -2.0699016010004570E-010  -3.6739276213115666E-010   6.9283037593812483E-011   2.2649252101135226E-015   1.0745595762692599E-016  -4.7587806914248905E-015   8.7335469980067144E-016  -1.2624856338239254E-016  -3.1382799190088470E-015   3.9724677440349856E-010   1.7116193308409226E-009   2.8539272314328028E-010  -1.1673144875965856E-015  -1.1572907406633192E-018   1.7501154696659233E-018   9.9096514830390009E-019  -1.9391166014623534E-019   1.7723778782111559E-018   1.7465610569584334E-018  -1.6501982610428264E-018   6.1068573282643952E-019   4.6388390842306595E-019  -1.1938070339656562E-018  -2.5464034084780178E-015  -8.7520969230392053E-011  -4.0621296980668032E-010  -7.4977111589389453E-011   2.2031387513041038E-015  -6.5857237218615035E-016
  -5.9825725344596910E-010  -4.0186703870535432E-010  -5.1063952940405440E-010   3.0675327176586889E-016   4.1682425065729970E-018   9.7263691939690581E-018   1.8766395275961580E-017  -2.6022521126812080E-017   2.3961580705052062E-017   2.1854255251470615E-017  -5.1565624924258297E-010  -3.4648740702051141E-010  -4.4024004983182693E-010   4.7924726183579583E-016   3.3414362531627087E-019  -1.8015984052542050E-018  -3.5130283440606044E-018  -1.0602727572361249E-018  -4.7592203730274648E-018   6.1185454441792719E-019   3.1143937656439335E-018   4.9551090504405630E-018  -2.3767617561342765E-018  -1.0748167571800109E-018   4.1143706857547648E-017   9.6006372977792238E-017   1.8523809977427127E-016  -2.5686106965289203E-016   2.3651814043138389E-016   2.1571735269674195E-016  -3.2421470592292835E-010  -2.0400321936427121E-010  -2.6314361762614837E-010   2.8366233501000801E-016   6.6190918698677290E-016   1.2771108567102996E-015  -1.7709101541390534E-015   1.6306573921674549E-015   1.4872478219559420E-015  -2.6522436119754000E-011   7.0767456387218376E-010   6.9268167325489670E-010  -6.5263042689780630E-016  -1.4602310311546496E-018   8.1331976395228886E-019  -7.6988259173217490E-019   5.4788221990623672E-019   8.1216369426709817E-019   1.4111851747071441E-018  -9.1447692387365932E-019   6.5104006810589465E-019   4.1359298792603988E-019   8.8597019306539256E-020  -1.4233277305027521E-015   2.4606233867230743E-011  -1.6505802972944216E-010  -1.5803856144416393E-010   1.2304638367100013E-015  -3.6774096322859135E-016
   5.2384264628249134E-010   2.9703861971639668E-010  -4.4900340640293607E-011   2.1048457174733725E-016   7.5438210020468033E-018  -1.0692061971017815E-017  -2.4566037763081555E-017   1.2403064789364684E-017  -2.2014253765952580E-017  -1.9946900658706541E-017   4.5166402916314404E-010   2.5604208405374468E-010  -3.8696117856526390E-011   3.3911978845703044E-016   5.4686292403019787E-019   1.1301612535072642E-018   8.3205006119042417E-019   1.3563506412551097E-018   3.2621786405032158E-018  -2.0899497700127544E-018  -2.6180475616623756E-018  -2.3767617561342765E-018   2.3822977616125614E-018   1.1513586549719077E-018   7.4463081150042874E-017  -1.0553845134334859E-016  -2.4248450521680582E-016   1.2242721156393061E-016  -2.1729657457472341E-016  -1.9689029607490626E-016   2.6460567980502217E-010   1.5899090277251990E-010  -2.4994394102278058E-011   5.1338040723746462E-016  -7.2762742716919317E-016  -1.6717920052148405E-015   8.4406559804929542E-016  -1.4981356774321997E-015  -1.3574460016842440E-015  -9.9180007132768788E-010  -9.1268303881213622E-011  -3.6807009494772467E-011  -1.8324783246211768E-016   1.0734624963945558E-018   5.1916602465836039E-019  -1.0767924771684173E-018  -5.0142975570271179E-019  -3.6189040936646279E-019  -9.3875305501636227E-019  -2.2749591948406735E-019  -6.1368236040328903E-019  -2.1395120138846966E-019   1.2600065906467430E-018  -3.8215192283913634E-016   2.3250991510400074E-010   1.3922884517949273E-011   1.0561139520872842E-011   2.7824026248412749E-016  -7.9222138367729511E-017
   1.9491991613810325E-010   3.3060895606300371E-010  -1.7916434929965078E-010  -2.3733188342941497E-016   3.2290529359406567E-018  -9.6120048925357161E-018  -3.3408166608257834E-017  -3.1709888829137753E-017   1.8518320978298531E-017   2.8480838277778574E-017   1.6795460375578852E-010   2.8499647285657849E-010  -1.5442490632221892E-010  -3.9407458234671947E-016   3.8670467438033012E-019   1.6431949459548031E-018  -5.4760170283729846E-019   5.0426540295926180E-019   2.1579368865950083E-018  -1.0230342713070898E-018  -2.0829579625669304E-018  -1.0748167571800109E-018   1.1513586549719077E-018   1.2092977463521846E-018   3.1872920837874890E-017  -9.4877424007355771E-017  -3.2976282697533265E-016  -3.1299932744095409E-016   1.8278912437122522E-016   2.8112641091060196E-016   1.1253626939109728E-010   1.7469991932425515E-010  -9.7421133890398614E-011   2.1974546629555097E-016  -6.5412560364866504E-016  -2.2735261772237914E-015  -2.1579513417905936E-015   1.2602264181327653E-015   1.9382058776631281E-015   3.7202758947175163E-010  -2.2053555072283901E-010  -2.5114026175606504E-011  -9.4618330483169960E-017   4.0590637923366535E-019  -1.1110774318192050E-019   1.5564596805622698E-019   1.1206860159576528E-019   2.0328388047408822E-019  -6.5662848789881631E-019  -4.4690342283246679E-020  -2.5643042454385708E-019   1.7106035915730267E-019   7.5127630740613111E-020  -2.4600010914708816E-016  -9.8970854647191240E-011   4.5269615762657009E-011   1.1666867211227411E-011   3.3080019384610962E-016  -1.0777874886510119E-016
   2.4181704930386150E-016   2.4749933687974160E-016  -5.5614283219997508E-016  -1.3418969334587605E-008   3.5929927736110547E-003   1.9303323974794867E-010  -3.0034166676193859E-010  -1.7964969469935459E-003  -7.2582054382106291E-012  -1.7964958266057729E-003  -4.2876103159206956E-016   2.1721753544982935E-016   1.0670670296645530E-015  -6.1920936424955803E-009   1.4436775295893371E-016   1.8130528475587863E-016   7.9549796035061207E-017  -6.6324965398368783E-017  -1.0083134614132171E-016  -1.4385377899061367E-017   3.2851530008587537E-016   4.1143706857547648E-017   7.4463081150042874E-017   3.1872920837874890E-017   3.5465434713310387E-002   1.1361769330877540E-009   5.1188640459420264E-011  -1.7732719153148991E-002  -9.1759734992350926E-010  -1.7732715560164140E-002   2.7856494177357012E-016  -5.3078286387767437E-016  -7.9648430746315950E-016  0.24451387959470242        3.5758629102302557E-009   3.3663900462994292E-010 -0.12225694556337895       -3.1154844984017537E-009 -0.12225693403135224        3.8431670946090376E-015  -6.8554632154589748E-015  -4.4387836754388205E-015   7.2674516301101352E-009  -1.5377096756955542E-016   1.0915414808897015E-016   1.3237447405777482E-017   1.2119318123572627E-016   4.6682876408576820E-017   1.0655705774837214E-016   2.3126803179284454E-016   3.9805754547999206E-017   1.2548445881042470E-016   2.4596116458261718E-017   6.2374475986782798E-009  -9.5831189285224754E-016   1.7232675851640002E-015   1.1141536726242717E-015  -5.4517450911490694E-009   1.5492816147405082E-009
   4.6295712209799506E-016   2.8323608769491304E-016  -1.9952935465436792E-016  -1.8399453963567783E-009   1.8968518195004242E-010   3.5929917742655261E-003  -4.2965855948008259E-010   6.2138446548768265E-011  -9.6746485033933160E-010  -2.5182225082720776E-010  -6.1473894543072752E-016  -2.0051810586684863E-016   4.6145730547893111E-017  -4.6702830668422905E-010  -5.0748173155022693E-019   1.2697042408891988E-018  -6.1757613479041812E-017   9.3425861223299748E-017  -2.4334670197097116E-017  -8.0823001419211492E-017   1.5585938428052819E-017   9.6006372977792238E-017  -1.0553845134334859E-016  -9.4877424007355771E-017   1.1361769330877540E-009   3.5465427438406784E-002  -1.4302217370248989E-009   4.1139203394991921E-010  -1.8050858949131835E-009  -1.5475685977852674E-009   2.1288286080332132E-016   2.7812611884955962E-016   5.7996608658884248E-017   3.4490385718145385E-009  0.24451385703782869       -4.3215359094375831E-009   1.3611951821012824E-009  -5.0110384217420338E-009  -4.8102335887514684E-009  -1.9511282767480271E-015   9.7814247954010997E-016  -1.4851700973962100E-015   8.7212530977658633E-010   3.2005132012607026E-017  -4.2146468745407818E-017  -6.8405592367053756E-017   9.4019485418501364E-017   5.5284117869096191E-018  -5.8050267329197676E-017  -6.1177524044493244E-017  -1.5870099018232675E-016   2.2340875151661886E-018  -1.2280168983475796E-016   7.3132994985775490E-010   4.8718649937381067E-016  -2.5104869821703950E-016   3.6538114317687640E-016  -6.7643371789947031E-010   1.9534273350532119E-010
