 4.2597704722510935E-006  3.5393397637902750E-018  8.4202020476479993E-019  6.6885628193485042E-018 -3.6804556524258341E-017 -3.0410980249818140E-005 -2.2193680185118315E-017  1.3007798941497222E-018 -3.5326293116649208E-016  6.5272266482499949E-017 -5.5583048775524249E-017  4.4056604333065091E-016 -4.4082101415005947E-016 -7.2562387139960830E-017 -6.1704487160305635E-016  9.7722543709147543E-017 -8.9129053682116982E-017  7.5283495411031009E-016 -7.7106548759597415E-016 -1.2550544882819448E-016 -5.0736024725720461E-004 -3.3337127074417756E-016 -6.6908351968510586E-017  9.9172515269069961E-017  1.2216404669336423E-018 -6.8911032727970304E-019  4.3668088242101202E-017  1.1605224671006870E-018  3.9111301316902081E-017 -2.1796175608412446E-018  1.2758717566024349E-020  8.0247586688328929E-019 -5.3361566733812388E-020 -6.3516233180926878E-016 -2.5188407990099386E-003 -1.6474159809737080E-015 -3.2426888883381494E-016 -1.0201562451230866E-015  1.7369028250572769E-016 -1.5361241371105123E-016  1.2365727490694642E-015 -1.2606650927722595E-015 -2.1405858015862090E-016  1.9092037866454035E-018 -2.0759269976029815E-019 -7.0405765620682189E-019 -1.3156412371643743E-018  9.9097805658513570E-020 -7.9823339673993794E-019 -4.3887047655958165E-019 -5.3864134126505497E-020 -1.5571443065608668E-019  4.3014930521444023E-019  1.6288335215230677E-018 -3.0459799542340079E-019 -9.2978610043801654E-019  3.3010153058966784E-020  1.7575443614299848E-018 -1.2699025187464621E-015 -2.7644767509011610E-017  2.2879829084365225E-018  6.3514619402676062E-020 -5.6224281865580610E-018 -1.4371901525896465E-019 -1.3108551378006152E-017 -3.0428227831323126E-018  1.0115882822567551E-018  1.7369212748627722E-018 -9.3435881827074343E-019  9.9519766264724297E-016 -2.6843987687116984E-016
 3.5393397637902750E-018  4.2597704722934418E-006 -3.4289252683064024E-018 -1.4998190511310543E-018 -2.8957171881269470E-017 -1.1683753120945243E-017 -3.0410980249987252E-005  1.2754328532377926E-017  1.9179528048165926E-016  1.0712548751537935E-016 -2.5606804443900713E-016 -2.2242307694365181E-016  7.4535702960960426E-017  8.2989478044056746E-017  3.0742406205644701E-016  1.8194765858059296E-016 -4.3609435662028658E-016 -4.0134747144836200E-016  1.2428733758225616E-016  1.3606411938934973E-016 -8.9698809497471802E-017 -5.0736024725972972E-004  5.7416033876292209E-017  1.0570018059768158E-018  4.2374305753734347E-017  5.1619781684508728E-019  7.1672923137542513E-019 -6.0209813584571464E-019 -3.2735735776540976E-019  1.0078203810452174E-016  2.1165837204897872E-018  3.9726328719967784E-017  1.6479887846730908E-018  1.5898526943406534E-015 -4.4300873009081486E-016 -2.5188407990224563E-003  3.7735698612393409E-016  4.8551860400400572E-016  3.0458223743366839E-016 -7.2356876199486945E-016 -6.8602720776096262E-016  2.0801073768536971E-016  1.8989621019858494E-016  6.2367590086590263E-018 -2.0521854970419661E-020  6.5822681248681229E-019  3.1062075032633576E-018 -3.3423259402190009E-019  3.3379818869299096E-018  2.0807956866546348E-019  2.9049760936864944E-019  1.2339877808618561E-019  3.5921249956548800E-019  6.6643513237244889E-018 -2.3576313276877526E-019  3.3151509234680098E-018 -8.7105386757024081E-020  6.8034082015786443E-018  3.3202022947166480E-015 -4.3781634001970881E-019 -1.0939939843122411E-017 -7.6975768665446157E-019  1.5440324972227208E-018 -4.7088365076306283E-019  3.8800110688498288E-019 -1.9650283465101794E-017 -4.6318667910502036E-019 -1.3782841225044652E-017 -3.8426841945879852E-019 -2.5661722066339613E-015  6.9159558261741834E-016
 8.4202020476479993E-019 -3.4289252683064024E-018  4.2597704722918061E-006 -4.4259110828606550E-017  1.7547400224504177E-016 -1.3214780100940076E-018  2.3104798815123793E-017 -3.0410980249985467E-005 -2.9805443957694629E-016  5.7209330198091768E-017  1.1991750964229811E-016  2.6261071710010132E-016  5.3077860024677361E-016 -8.9076056059376269E-018 -4.9796075116476405E-016  8.6553405062016102E-017  2.0112211834576582E-016  4.6636157582547604E-016  9.2041441741468518E-016 -3.7681296845284111E-019 -3.6372687939842115E-017  3.3697204274036247E-016 -5.0736024725965187E-004  2.4124883882241269E-018 -6.4947508578468228E-019  4.0270093305698150E-017 -2.0225366551087472E-018  6.7232694257852376E-020 -1.3545781288124550E-018 -3.3329766817238599E-018  4.6626893852608695E-017 -1.0045501547142035E-018  1.0940889639596975E-016  3.1854910508786236E-015 -1.7049946388996920E-016  1.6572872274625769E-015 -2.5188407990219888E-003 -8.0046056863898931E-016  1.5109030423125142E-016  3.3461669967630720E-016  7.8484145239262142E-016  1.5140345418847751E-015  1.4825740191121361E-017 -3.2393776839061711E-018 -7.4352143722490634E-020  1.8535643448908877E-020 -2.1490199502168600E-018  2.8951174586044828E-019 -2.2099871890577944E-018 -3.9953339887639105E-019  1.8027183454694308E-019  9.6458253799644550E-019 -7.4127284225207536E-020 -3.4486816705991289E-018  2.7822502530605547E-019 -2.6200733065367925E-018 -1.4716314343258498E-019 -3.5205979517575955E-018  6.4143219002840405E-015 -1.2123748880489035E-018 -7.4130456189308626E-019 -3.6988091690134730E-018  7.4585854947212226E-020  7.2314125454407996E-019 -1.6153520017086751E-018 -7.1545740150018982E-019  4.2094577774264512E-018 -4.8530429101114231E-019 -1.6759157177292018E-017 -5.0148373179711292E-015  1.3509353867370106E-015
 6.6885628193485042E-018 -1.4998190511310543E-018 -4.4259110828606550E-017  3.0530266428495565E-005 -1.1064052719392739E-004 -1.5977503370091086E-017 -6.4702349694373498E-017  1.2046880497708367E-016 -5.4843188856363632E-015  3.4364333819002562E-015 -1.7172919715988006E-015  5.1566782115999333E-015  1.6404366011583406E-015 -3.8663633093125757E-015 -7.8022108722694219E-015  5.8907337277378115E-015 -2.9642573488000478E-015  1.0260608476490760E-014  2.8265884551739315E-015 -5.1246220352857906E-015 -1.3019899231132373E-016 -1.6074695907404565E-015  1.8397377721618778E-015  1.7212830389337365E-017  6.2275870524269530E-019 -2.2153153924533889E-019  4.1568133482927923E-018  5.0348040606154683E-019  3.6566686958059517E-018  5.7559866080415619E-018  7.8415484390564757E-019 -4.5663662213449143E-019  4.4475169501816079E-018 -3.3581676425473027E-003 -5.9361797316627916E-016 -7.7566637423816021E-015  9.1360268122495127E-015 -1.1399355631245468E-014  9.7203944816072964E-015 -4.8829076560876529E-015  1.8569726828428561E-014  4.6712544816421145E-015 -6.7153823434428125E-015 -1.8562735591609685E-016  1.7793167071033627E-018  6.2897042765862189E-019 -1.0843149617900688E-016  3.6965128770341387E-018 -1.2943874592596357E-016  2.8394276456772479E-018  1.6927469097475057E-018 -1.5685667671790422E-018 -1.8540528750337705E-018 -1.6429353990435001E-016 -9.3533255178727000E-019 -1.1855039217008412E-016 -1.8962381559172928E-018 -1.9377570447763975E-016 -6.8385540489963835E-003  6.4230340327027542E-018  1.4291377206376324E-018  1.7540599907686115E-018  3.6096337535548812E-018  1.0029103522598380E-019  2.4266750837902861E-018  1.1896164790106712E-018  2.1561722812340599E-018  1.2144856657749715E-018  2.5809883713386828E-018  5.3273905228059032E-003 -1.4351006419451222E-003
-3.6804556524258341E-017 -2.8957171881269470E-017  1.7547400224504177E-016 -1.1064052719392739E-004  4.0095707275992478E-004  1.4760808772447079E-016  4.8001049290890772E-016 -5.4423693286916492E-016  1.8123489304173383E-014 -8.6244937376534993E-015  7.3469991081555681E-015 -3.0277508298607183E-014 -3.1234055302622312E-015  2.7352930306195841E-014  2.5272112995909845E-014 -1.4783174476071896E-014  1.2668701421256154E-014 -5.7054285022761539E-014 -5.4061915114262512E-015  4.1444468206322482E-014  1.9684460003259989E-015  9.9217249656369576E-015 -8.4633233600043362E-015 -6.2378644262605083E-017 -2.2568539202310809E-018  8.0282189327547365E-019 -1.5064133861520055E-017 -1.8245938891091251E-018 -1.3251628616768403E-017 -2.0859477081708604E-017 -2.8417474026979262E-018  1.6548337930765744E-018 -1.6117632684684376E-017  1.2169872125001650E-002  9.5813183266273999E-015  4.8446427236102545E-014 -4.2025947427298048E-014  3.6350061865362912E-014 -2.4381281668690047E-014  2.0877883991113574E-014 -1.0012252776721887E-013 -8.9370742565273719E-015  6.2123603558535009E-014  6.7270649498866957E-016 -6.4481762377203945E-018 -2.2793649662054204E-018  3.9295162817463790E-016 -1.3396022417650127E-017  4.6908110422560525E-016 -1.0289978057688971E-017 -6.1344505767852109E-018  5.6844264516186296E-018  6.7190172749145345E-018  5.9539355518470216E-016  3.3896096804557751E-018  4.2962212332708391E-016  6.8718951323250880E-018  7.0223580102137619E-016  2.4782660413304836E-002 -2.3276831639356709E-017 -5.1791408768891912E-018 -6.3566468561008007E-018 -1.3081175770468009E-017 -3.6345090652874073E-019 -8.7941784336197317E-018 -4.3111249847972508E-018 -7.8138865402617543E-018 -4.4012499741126546E-018 -9.3534039330083490E-018 -1.9306261129153946E-002  5.2007502775329086E-003
-3.0410980249818140E-005 -1.1683753120945243E-017 -1.3214780100940076E-018 -1.5977503370091086E-017  1.4760808772447079E-016  2.1710740655613304E-004  6.1465536665540894E-017 -4.2767738636428185E-017  3.5658983928721755E-016 -2.6378793213849953E-016  9.2673166850314959E-017 -6.7292118624892279E-016  2.8538437202954038E-016  2.1109565397892883E-016  6.9270772669039154E-016 -3.5099503431531507E-016  1.1487076971366343E-016 -1.1359050979705723E-015  5.9852431695645435E-016  3.6977421532890621E-016  3.6221018384420154E-003  7.6205278163818112E-016 -8.0920027192021454E-017 -7.0800373466568892E-016 -8.7214286200949358E-018  4.9196360906123659E-018 -3.1175139076826043E-016 -8.2851003490405370E-018 -2.7921997667269808E-016  1.5560534781871285E-017 -9.1085918883443980E-020 -5.7289654213050757E-018  3.8095422348978542E-019  1.0396446993802914E-015  1.7982287611531231E-002  3.7287509792829194E-015 -4.5809511088987147E-016  1.1498784427883572E-015 -6.6730065900615674E-016  2.3522710775590560E-016 -1.8255548524851025E-015  8.9476120686412797E-016  6.5884292671903139E-016 -1.3630020450187590E-017  1.4820276194782605E-018  5.0263467520343412E-018  9.3925106855552383E-018 -7.0747037438255496E-019  5.6986779499905931E-018  3.1331456663769133E-018  3.8454210851003042E-019  1.1116628245920680E-018 -3.0708842437883975E-018 -1.1628425610518844E-017  2.1745593297071559E-018  6.6378474898030862E-018 -2.3566319353049798E-019 -1.2547306765217619E-017  1.9490823905172558E-015  1.9735910284459656E-016 -1.6334167179610572E-017 -4.5343800772094998E-019  4.0139146851054513E-017  1.0260262056446405E-018  9.3583421843292522E-017  2.1723053897877542E-017 -7.2218424614827689E-018 -1.2400076231713089E-017  6.6704926365455302E-018 -1.5606039091414490E-015  4.2291085910720267E-016
-2.2193680185118315E-017 -3.0410980249987252E-005  2.3104798815123793E-017 -6.4702349694373498E-017  4.8001049290890772E-016  6.1465536665540894E-017  2.1710740655638932E-004 -8.1240560616565006E-017 -5.9440137771881414E-017 -9.5931165728424398E-017  2.0906404562061159E-016 -1.4009074064799583E-016  2.5263066464752611E-017 -1.7428505245277851E-016  5.0856399750143103E-017 -1.5223989343588230E-016  3.3758388235672994E-016 -9.7283053171583055E-017  6.8298227898463991E-017 -2.5442061235486699E-016  2.7423325568237250E-016  3.6221018384441760E-003 -2.4616767512194847E-016 -7.5460547122651949E-018 -3.0251493214608368E-016 -3.6851942411730605E-018 -5.1168105515570490E-018  4.2984462747124687E-018  2.3370409759246585E-018 -7.1949429911420051E-016 -1.5110529109488710E-017 -2.8361072643826960E-016 -1.1765177187139613E-017 -3.0554664996564623E-015  1.3449671342194361E-015  1.7982287611541827E-002 -1.8811307885555512E-015  2.4364938120397183E-016 -2.8003704263928542E-016  5.7998267530098950E-016  3.3587290376643906E-018  9.3682758901868528E-017 -1.7124503967242260E-016 -4.4524923647277591E-017  1.4650782953795752E-019 -4.6991552068046773E-018 -2.2175564539735790E-017  2.3861240603962812E-018 -2.3830227918838717E-017 -1.4855034312883639E-018 -2.0738950886343181E-018 -8.8095774821418280E-019 -2.5644584141485427E-018 -4.7577553251004682E-017  1.6831395073898543E-018 -2.3667235104255262E-017  6.2185514774920342E-019 -4.8570295933580405E-017 -6.8120759845883353E-015  3.1256200670724467E-018  7.8101460317912730E-017  5.4953866548415540E-018 -1.1023021565091067E-017  3.3616913156554071E-018 -2.7699835179514669E-018  1.4028558258025522E-016  3.3067417697582539E-018  9.8397252858996567E-017  2.7433354428127800E-018  5.1615427704504058E-015 -1.3926815066552646E-015
 1.3007798941497222E-018  1.2754328532377926E-017 -3.0410980249985467E-005  1.2046880497708367E-016 -5.4423693286916492E-016 -4.2767738636428185E-017 -8.1240560616565006E-017  2.1710740655644717E-004  4.5556355263939882E-016 -2.2281829308222762E-018  8.2192195127355144E-017 -8.0501155670487683E-017 -1.5304654687462097E-016 -5.8433280147767991E-017  6.8796763306714400E-016  7.8484904516749947E-017  1.7282314451120913E-016 -2.5317147089791788E-016 -3.3681229201961396E-016 -2.0651598714578430E-016 -6.1124118715033615E-016 -1.0091559918747188E-015  3.6221018384447975E-003 -1.7223025795551607E-017  4.6366756459350941E-018 -2.8749272294143721E-016  1.4439116537766652E-017 -4.7998176205234190E-019  9.6704855321425286E-018  2.3794495196276567E-017 -3.3287463662497751E-016  7.1715964776493417E-018 -7.8108241021743799E-016 -1.2373980534491501E-015 -3.1065186474857122E-015 -4.8983699888823781E-015  1.7982287611544336E-002  9.7811090740173403E-016  7.1833502426096871E-017  2.6870917371622037E-016 -5.2098608322484743E-016 -5.0979073746156533E-016 -4.5146082333578599E-016  2.3126281430630853E-017  5.3080831209107508E-019 -1.3232804220184757E-019  1.5342095000380264E-017 -2.0668568982066298E-018  1.5777346972023957E-017  2.8523138468003152E-018 -1.2869808915292081E-018 -6.8862631691572501E-018  5.2920301490367947E-019  2.4620526119761435E-017 -1.9862797313963255E-018  1.8704997863146014E-017  1.0506142239873168E-018  2.5133944535398718E-017 -2.0015703357627861E-015  8.6552806108825523E-018  5.2922565987247124E-018  2.6406214447218337E-017 -5.3247680283503644E-019 -5.1625867057703175E-018  1.1532179524717374E-017  5.1077308151653760E-018 -3.0051792265619928E-017  3.4646418874662385E-018  1.1964550701500235E-016  1.6872975893892227E-015 -4.5474675235484894E-016
-3.5326293116649208E-016  1.9179528048165926E-016 -2.9805443957694629E-016 -5.4843188856363632E-015  1.8123489304173383E-014  3.5658983928721755E-016 -5.9440137771881414E-017  4.5556355263939882E-016  9.5640148347671941E-002  4.4075637856367483E-015 -4.7648628850637819E-015 -4.7820074173851791E-002  1.2540133851585131E-015 -4.7820074173844207E-002  1.6396960479958475E-001  7.7861904881193465E-015 -7.3839425052998099E-015 -8.1984802399800508E-002  2.1479014821041230E-015 -8.1984802399794901E-002 -1.7550478375579608E-015 -3.8168798019572947E-015  7.5198942570548553E-016  4.4438705019067473E-016  2.7488432051320140E-016  3.1577159483911498E-016  2.1207628724177256E-016  1.9669266135670072E-017  1.7403559961350753E-016  8.7508414888927710E-016  3.5145571254729056E-016  3.5355559668105468E-016  6.9584441279458933E-016  1.4681153370540114E-013 -5.0002348624831506E-015 -1.1529339250798810E-014  7.7680917690591501E-015  2.7088540913933606E-001  1.2621265498173475E-014 -1.1928395035076100E-014 -1.3544270456967183E-001  3.5830766515481471E-015 -1.3544270456966048E-001  3.6651976542656463E-015 -4.3446143529321640E-016  3.6468363578500020E-016 -3.0054211463296320E-016 -6.9564740374487642E-017  4.0118334748004540E-016  1.6855255966998705E-016 -4.8167410945560402E-017  7.6198256998914028E-017 -1.3179872160208228E-016  9.8032825184503839E-016  6.7590312333432585E-017  1.5500550411261932E-016  6.4829041252717796E-017 -1.5056751040546320E-015  3.2928061382949708E-013  1.9611168863543251E-016  6.7475181102321227E-017  3.2133513026094405E-016  9.1715080318023691E-017 -8.5684154305312269E-018  9.0911408958547903E-017  1.4340707097949487E-016  3.3295281723418114E-016  7.2056833528533264E-017  7.4396260672469161E-016 -2.5240503523245363E-013  6.8108066673120641E-014
 6.5272266482499949E-017  1.0712548751537935E-016  5.7209330198091768E-017  3.4364333819002562E-015 -8.6244937376534993E-015 -2.6378793213849953E-016 -9.5931165728424398E-017 -2.2281829308222762E-018  4.4075637856367483E-015  9.5640148347711687E-002  4.0977186320467792E-016  5.9339078189284277E-015 -1.4495453663292575E-015  3.6918493062666420E-015  4.3571297670127746E-015  1.6396960479961470E-001  5.6493806080312964E-016  5.2954772160241745E-015 -1.3583462323764095E-015  3.1170740913755869E-015 -1.2840074187784285E-016 -2.0422728318099878E-016  5.9982699894112165E-016 -1.2186510185817590E-016  4.7709314728611458E-017 -3.0849134747183250E-016 -6.6906123069335652E-017 -1.7456808157417745E-017 -4.6222524557001462E-017  1.3360104196050661E-016 -2.8792490834760659E-016  9.2108685586116254E-017 -6.2460588856462189E-016 -1.6340829558037783E-014 -3.7170325970137125E-015 -2.0512775252388198E-016 -2.8091183990266976E-015  1.8784757098440419E-015  2.7088540913938702E-001  5.9995317131917476E-016  3.6457410625000364E-015 -2.2978172442082026E-015  4.1856219847715060E-016  1.2982776960269996E-015  2.7067077233776336E-015  4.9899308330898134E-017  3.5128969527240411E-016  1.7673822743866203E-016  7.8442744151448591E-016  9.0017307315762387E-016 -1.0043948932222828E-016  1.6338477186192090E-015  6.6673241119216294E-017  1.5354657164060790E-015 -7.0169018069144919E-017  8.1522033519040677E-016 -6.6223876315830121E-017  1.2131047388650122E-015  3.0153432079797304E-015  4.1315445346909970E-017  2.0226421344914854E-018 -1.0880964536558313E-016  5.6614394189557437E-018 -7.5928248986435520E-018  1.1491140625513132E-017  2.5679904688717842E-017 -7.3980510034220025E-017  3.4351956375541782E-017 -1.7586370521450726E-016  3.9942137778456556E-015 -1.0426284835101114E-015
-5.5583048775524249E-017 -2.5606804443900713E-016  1.1991750964229811E-016 -1.7172919715988006E-015  7.3469991081555681E-015  9.2673166850314959E-017  2.0906404562061159E-016  8.2192195127355144E-017 -4.7648628850637819E-015  4.0977186320467792E-016  9.5640148347700502E-002 -1.6568569503276635E-015  8.7976439359468613E-016 -4.2355825723519987E-015 -3.1978864009482978E-015  3.1089400862428094E-016  1.6396960479960587E-001 -2.0728433213058170E-015 -1.9513406593772010E-016 -3.8372176426778279E-015  2.2571507955415760E-016 -3.4667174372914267E-016 -9.4879903399049404E-016 -9.4410838200170382E-017  3.7417146474957648E-017  1.3505448733049953E-016 -6.7768701653028730E-017 -1.5028818950784277E-017 -2.8969925912497319E-017  1.8606415339948391E-016  2.1051268803160346E-016  9.2229274481298296E-017  3.6855667095639877E-016  9.2971140546628820E-015  1.2206780611558468E-015  1.1570226716051376E-015 -8.6845696097035943E-016 -3.1908370335384775E-015  6.0431774506489460E-016  2.7088540913937353E-001 -1.9826620854519604E-016  2.4598468306761170E-016 -3.4579384994134178E-015 -9.9440004829044685E-016  5.3923654333475895E-017  1.7320125772535270E-015 -3.4311487344270962E-016 -2.0883629992787487E-016  9.1435288264814959E-019 -1.9706301883637387E-017 -2.9455480418273068E-016 -9.5643980407564023E-017  2.8143725170124977E-015 -1.7665047661407633E-016  1.8744191080983686E-016 -1.8244250734432131E-016  2.1118007359270032E-016 -3.9197601993126841E-016 -2.3647343183024483E-015 -8.2610360932245099E-017 -1.0432521138548288E-016  1.8249660545759871E-017 -2.5813015157804903E-017  4.5893593531868789E-018 -3.3973414541822186E-017 -2.6585983366709893E-016 -7.4358824657919735E-018 -1.3160136633891674E-016  2.6244917752728768E-017 -1.7372569265405847E-015  3.8515747518386035E-016
 4.4056604333065091E-016 -2.2242307694365181E-016  2.6261071710010132E-016  5.1566782115999333E-015 -3.0277508298607183E-014 -6.7292118624892279E-016 -1.4009074064799583E-016 -8.0501155670487683E-017 -4.7820074173851791E-002  5.9339078189284277E-015 -1.6568569503276635E-015  9.5640148347709522E-002  2.2162766561905966E-015 -4.7820074173844235E-002 -8.1984802399816786E-002  8.5984019400889061E-015 -4.9865697725725252E-015  1.6396960479962480E-001  3.3692681864623110E-015 -8.1984802399797108E-002  7.2794608253378944E-017 -2.5779290589681627E-015  2.6480112899545699E-015 -1.6654928603795145E-016  1.4235567321918849E-016 -2.3841688808381131E-016 -5.4090250233879262E-017 -3.4839593607693001E-017 -6.5191972533949906E-017  2.1437093536692724E-016 -2.8710515818431759E-016  1.0426996269604510E-016 -6.5505233991958780E-016  1.5580217421333157E-013 -2.2661541829601007E-015 -1.1238354084255812E-014  9.3519833426266910E-015 -1.3544270456968707E-001  1.4679507817015244E-014 -7.6462082718517046E-015  2.7088540913940778E-001  5.6992723170077413E-015 -1.3544270456966170E-001 -4.5485344072861463E-015  2.2415694325194999E-016 -2.5460272792286988E-017 -1.9889898983809210E-015  2.7183045678794572E-017 -2.3322841373602791E-015 -3.4410138397233685E-016  1.7415899707498912E-016  6.8757500874310739E-017 -4.6303797530553269E-017 -5.1610712632599817E-015 -2.0493020728478240E-016 -1.4109187839250164E-015  8.6202370459419482E-017 -4.8280856007793006E-015  2.6659415418125901E-013 -3.3004674442053217E-017  2.5365897939502879E-017 -2.2202346380994978E-016 -2.4108784267020555E-017  9.3229639868786892E-019 -3.5052058610825322E-017  7.6014558650445255E-017 -2.0892492948232744E-016  2.5423792236976000E-017 -4.6747569723778978E-016 -2.1608614472293725E-013  5.8906272982902336E-014
-4.4082101415005947E-016  7.4535702960960426E-017  5.3077860024677361E-016  1.6404366011583406E-015 -3.1234055302622312E-015  2.8538437202954038E-016  2.5263066464752611E-017 -1.5304654687462097E-016  1.2540133851585131E-015 -1.4495453663292575E-015  8.7976439359468613E-016  2.2162766561905966E-015  9.5640148347706747E-002  1.6574277809067179E-015  1.5321531608064374E-015 -1.6879451770007731E-016  1.3492877322597079E-015  1.7315649254666505E-015  1.6396960479961034E-001  1.2231134222391433E-015 -5.6851140427865285E-016 -2.4036452868597299E-016  5.6135276568413167E-016 -9.1292945935794064E-017  1.8032260949946500E-018 -7.3920931389356513E-017 -3.5290575706523065E-017  1.0631924083789709E-017 -5.1185820876866709E-017 -3.5522321777585653E-017 -1.0554182129237343E-016  8.5752764095138586E-018 -6.0233880466913050E-017 -3.6684469898947396E-015 -3.2587420307709484E-015 -3.2622130048556017E-016  2.5354483202791161E-015  6.9849414930501875E-016 -1.2584660725029557E-015  1.8267693652080380E-015  1.1683561119902665E-015  2.7088540913938153E-001  4.1708060547625449E-017  2.3873072097295343E-016 -1.8703661704664846E-016 -4.3846403181689314E-017  2.5651405873521927E-016  1.0165618637478065E-015  1.4732942068879028E-016 -2.1907392510091014E-016 -3.2228673951914003E-016  1.1075040171852723E-016  3.0172859010842364E-017  4.6327829859700883E-016  6.3319657426235474E-016 -9.9139424732312294E-018  3.6694141057471024E-015  3.2680558597165613E-016  2.0595420585983874E-015 -6.4418190169584769E-017 -9.7610683861205498E-017 -5.8099764938235163E-018 -2.9852011600560322E-017  5.3117047375352223E-018 -2.3503552924670333E-017 -2.1335767600816703E-016  2.0730014209103165E-017 -8.3025765695992712E-017 -3.1002208092607345E-017  1.8465091333851335E-016 -7.3373006609765579E-018
-7.2562387139960830E-017  8.2989478044056746E-017 -8.9076056059376269E-018 -3.8663633093125757E-015  2.7352930306195841E-014  2.1109565397892883E-016 -1.7428505245277851E-016 -5.8433280147767991E-017 -4.7820074173844207E-002  3.6918493062666420E-015 -4.2355825723519987E-015 -4.7820074173844235E-002  1.6574277809067179E-015  9.5640148347698975E-002 -8.1984802399809237E-002  7.6695558510091612E-015 -5.9052347852680374E-015 -8.1984802399801146E-002  3.2716043671801837E-015  1.6396960479961009E-001 -7.3441811561170262E-017  1.5826727114910070E-016  1.8824671850834229E-015 -2.7783776415487976E-016 -4.1723999373200397E-016 -7.7354706755833888E-017 -1.5798603700833978E-016  1.5170327471943895E-017 -1.0884362707996416E-016 -1.0894550842559388E-015 -6.4350554363702192E-017 -4.5782555937661499E-016 -4.0792072877048934E-017  1.5870452206104307E-013 -1.4499349540494482E-015 -8.1942424610381969E-015  9.1052662306493260E-015 -1.3544270456971716E-001  1.2425907518694447E-014 -1.0603733220638214E-014 -1.3544270456969770E-001  5.2300392974438187E-015  2.7088540913935205E-001  8.8333675304545370E-016  2.1030449204151241E-016 -3.3922336299307071E-016  2.2895320130289707E-015  4.2381694695299536E-017  1.9311007898980543E-015  1.7554882430203971E-016 -1.2599158612964370E-016 -1.4495575787277912E-016  1.7810251913262548E-016  4.1807430114375629E-015  1.3733989495145367E-016  1.2559132798288203E-015 -1.5103141171172663E-016  6.3337607048611807E-015  3.4355112887837128E-013 -1.6310701419438625E-016 -9.2841079042148337E-017 -9.9311666451306408E-017 -6.7606296051520776E-017  7.6361190318165126E-018 -5.5859350348098165E-017 -2.1942162963035923E-016 -1.2402788775228948E-016 -9.7480625765836071E-017 -2.7648690948730948E-016 -2.6334314994948843E-013  7.0128316236755018E-014
-6.1704487160305635E-016  3.0742406205644701E-016 -4.9796075116476405E-016 -7.8022108722694219E-015  2.5272112995909845E-014  6.9270772669039154E-016  5.0856399750143103E-017  6.8796763306714400E-016  1.6396960479958475E-001  4.3571297670127746E-015 -3.1978864009482978E-015 -8.1984802399816786E-002  1.5321531608064374E-015 -8.1984802399809237E-002  2.8111657878651203E-001  7.8606532901629911E-015 -4.1272193618640146E-015 -1.4055828939326526E-001  2.6291884145470545E-015 -1.4055828939326501E-001 -1.6516524840913390E-015 -3.9952066027158275E-015 -2.6348965191939047E-016  7.6187636946145711E-016  4.7127356218945565E-016  5.4137247282904957E-016  3.6359275479158073E-016  3.3721840154847526E-017  2.9837415544314596E-016  1.5002820942741819E-015  6.0255086683328695E-016  6.0615099896867098E-016  1.1929857422765237E-015  7.5670838102466918E-014 -1.8342791247175666E-015 -7.1135324279551185E-015  5.6092545709010710E-015  4.6441765565948084E-001  1.2595733737459110E-014 -6.3740725637402800E-015 -2.3220882782973917E-001  4.4013231127882128E-015 -2.3220882782973523E-001  6.2837733029925606E-015 -7.4485946620159592E-016  6.2522939026798198E-016 -5.1526239360704852E-016 -1.1926479814427874E-016  6.8780607385389391E-016  2.8897379473511968E-016 -8.2580291576335350E-017  1.3063758580859922E-016 -2.2596142590264203E-016  1.6807171340189603E-015  1.1587975335735606E-016  2.6574813704918785E-016  1.1114571084824958E-016 -2.5813944879292314E-015  2.0606802403801045E-013  3.3622235680014710E-016  1.1568236739784092E-016  5.5091083846484784E-016  1.5724029849116553E-016 -1.4690061822097329E-017  1.5586244957015579E-016  2.4586328189819672E-016  5.7082870323818378E-016  1.2353735037971954E-016  1.2754816540735200E-015 -1.5348172518482767E-013  4.1541979111515425E-014
 9.7722543709147543E-017  1.8194765858059296E-016  8.6553405062016102E-017  5.8907337277378115E-015 -1.4783174476071896E-014 -3.5099503431531507E-016 -1.5223989343588230E-016  7.8484904516749947E-017  7.7861904881193465E-015  1.6396960479961470E-001  3.1089400862428094E-016  8.5984019400889061E-015 -1.6879451770007731E-016  7.6695558510091612E-015  7.8606532901629911E-015  2.8111657878649776E-001  3.0669734091020765E-016  6.3945555234129518E-015  1.6301520141103731E-015  7.6551549252484025E-015  1.4691375316853249E-015 -1.4612003791361012E-016  2.4015011342671083E-015 -2.0893079878896340E-016  8.1794911618784495E-017 -5.2889090202124804E-016 -1.1470674970601261E-016 -2.9928706553530200E-017 -7.9245894275587089E-017  2.2905140183841627E-016 -4.9363090971056716E-016  1.5791511237787415E-016 -1.0708513367329126E-015 -2.7923445117593246E-014  2.0139253107936158E-015  6.6117821699057478E-016  2.0009764123552135E-015  3.8717995287782402E-015  4.6441765565945975E-001 -7.0184439762789800E-017  1.7897042696737077E-015  2.6064650164455265E-015  4.5084361725968317E-015  2.2258234059169807E-015  4.6404967304812195E-015  8.5549531322809140E-017  6.0226623964011555E-016  3.0300765741961068E-016  1.3448563161099090E-015  1.5432956306204019E-015 -1.7219780243927146E-016  2.8011391591610130E-015  1.1430748682321482E-016  2.6324688015657696E-015 -1.2030079794672575E-016  1.3976489841881607E-015 -1.1353707637841416E-016  2.0797992061772780E-015  5.3569412568176898E-015  7.0832985547370419E-017  3.4677051131022115E-018 -1.8654795979733167E-016  9.7062164808631532E-018 -1.3017467239982110E-017  1.9700908244270806E-017  4.4026738726852293E-017 -1.2683538454043411E-016  5.8894479026870063E-017 -3.0150833871331732E-016  6.7019366996765284E-015 -1.7482202496633818E-015
-8.9129053682116982E-017 -4.3609435662028658E-016  2.0112211834576582E-016 -2.9642573488000478E-015  1.2668701421256154E-014  1.1487076971366343E-016  3.3758388235672994E-016  1.7282314451120913E-016 -7.3839425052998099E-015  5.6493806080312964E-016  1.6396960479960587E-001 -4.9865697725725252E-015  1.3492877322597079E-015 -5.9052347852680374E-015 -4.1272193618640146E-015  3.0669734091020765E-016  2.8111657878650043E-001 -7.2279335925456786E-015 -6.0198664022994276E-016 -4.2511641298738780E-015 -3.4729846792263980E-016 -9.4210824059007620E-016 -1.0943048137045555E-015 -1.6186202234012899E-016  6.4149573439864051E-017  2.3154325141240986E-016 -1.1618559171850757E-016 -2.5766056897004146E-017 -4.9667293338685596E-017  3.1899642804167169E-016  3.6091205271191600E-016  1.5812185519282406E-016  6.3186948919472560E-016  1.8145621093094198E-014 -1.5525944138923033E-015  2.5716419925281827E-016  1.1540208483352546E-015 -3.2415125472179519E-015  6.5154095643409406E-016  4.6441765565946608E-001 -6.4041965784001396E-015 -1.3216171298741559E-017 -2.0787193515782824E-015 -1.7048424301695699E-015  9.2449044079952577E-017  2.9694372364180438E-015 -5.8825097170197822E-016 -3.5803798047757217E-016  1.5676061091390493E-018 -3.3785335842162306E-017 -5.0499748973705272E-016 -1.6397617464869845E-016  4.8250819069804065E-015 -3.0285721361227713E-016  3.2135851490564132E-016 -3.1278732148271371E-016  3.6205624736861516E-016 -6.7202063348297799E-016  4.3858616157559829E-016 -1.4163077398387202E-016 -1.7885965232220123E-016  3.1288006962692965E-017 -4.4254949069348195E-017  7.8681960706451795E-018 -5.8245490543004080E-017 -4.5580159181688683E-016 -1.2748398348564654E-017 -2.2562307150791787E-016  4.4995421549016872E-017 -6.4784140233441206E-015  1.6031621354141563E-015
 7.5283495411031009E-016 -4.0134747144836200E-016  4.6636157582547604E-016  1.0260608476490760E-014 -5.7054285022761539E-014 -1.1359050979705723E-015 -9.7283053171583055E-017 -2.5317147089791788E-016 -8.1984802399800508E-002  5.2954772160241745E-015 -2.0728433213058170E-015  1.6396960479962480E-001  1.7315649254666505E-015 -8.1984802399801146E-002 -1.4055828939326526E-001  6.3945555234129518E-015 -7.2279335925456786E-015  2.8111657878653873E-001  2.2150757445692808E-015 -1.4055828939325482E-001  4.2143529932198165E-016 -2.0357377898047315E-015  2.6186514754763945E-015 -2.8553929581897378E-016  2.4406072012622754E-016 -4.0875221956489364E-016 -9.2734663293288206E-017 -5.9730505377945966E-017 -1.1176793592604706E-016  3.6752679873347865E-016 -4.9222549459293726E-016  1.7876493158047873E-016 -1.1230500491187406E-015  1.1094609343937601E-013 -2.4125280589689775E-015 -7.4320360937429153E-015  6.4953872856473421E-015 -2.3220882782971916E-001  1.1389792650085016E-014 -1.0930752394483111E-014  4.6441765565953458E-001  3.8800295306406735E-015 -2.3220882782971417E-001 -7.7982040185625807E-015  3.8430435369548055E-016 -4.3650192308960489E-017 -3.4100102647558751E-015  4.6603788620345500E-017 -3.9985687484888392E-015 -5.8994228800033874E-016  2.9858571338547726E-016  1.1788083184865402E-016 -7.9385232174794904E-017 -8.8483636840831450E-015 -3.5134120639202019E-016 -2.4189401564288912E-015  1.4778907039771214E-016 -8.2774786695362618E-015  1.3904111503084071E-013 -5.6584640637500428E-017  4.3488391981767854E-017 -3.8064662431092783E-016 -4.1333141957020037E-017  1.5983692485929511E-018 -6.0094764563971518E-017  1.3032264541908461E-016 -3.5818993081699328E-016  4.3587648468098122E-017 -8.0146054406798659E-016 -1.2272299635681388E-013  3.4253685408702560E-014
-7.7106548759597415E-016  1.2428733758225616E-016  9.2041441741468518E-016  2.8265884551739315E-015 -5.4061915114262512E-015  5.9852431695645435E-016  6.8298227898463991E-017 -3.3681229201961396E-016  2.1479014821041230E-015 -1.3583462323764095E-015 -1.9513406593772010E-016  3.3692681864623110E-015  1.6396960479961034E-001  3.2716043671801837E-015  2.6291884145470545E-015  1.6301520141103731E-015 -6.0198664022994276E-016  2.2150757445692808E-015  2.8111657878649732E-001  2.8369975133911385E-015  8.4797055260543575E-016  4.7637361033740691E-018 -2.7921998198829776E-016 -1.5651657305774258E-016  3.0915287697132229E-018 -1.2673324033602309E-016 -6.0503688584077849E-017  1.8227830261620094E-017 -8.7755184047017483E-017 -6.0901004066491506E-017 -1.8094546093984986E-016  1.4701824581028644E-017 -1.0326756855055614E-016 -7.8461025659377661E-015  3.4618057580854071E-015  1.5102308998624888E-015 -1.8173016174834334E-015  1.1959568951895189E-015  1.0585813927751802E-015 -1.6825639865746633E-015  7.6427168086761544E-016  4.6441765565946203E-001  1.3103618498107124E-015  4.0929026823696302E-016 -3.2066366175735106E-016 -7.5172169071202813E-017  4.3977879126076853E-016  1.7428376046332295E-015  2.5258792780063278E-016 -3.7558980764123439E-016 -5.5254231851445104E-016  1.8987527638671416E-016  5.1729653844643814E-017  7.9426434238696414E-016  1.0855795796635732E-015 -1.6996891550561710E-017  6.2910021696959678E-015  5.6028962421990092E-016  3.6079360109236230E-016 -1.1044132999043538E-016 -1.6734797606914451E-016 -9.9608748631868800E-018 -5.1179579174425245E-017  9.1066162241790132E-018 -4.0295507179993407E-017 -3.6578962308623838E-016  3.5540432507486576E-017 -1.4234296186851055E-016 -5.3151525762827258E-017  2.7862120601284569E-015 -6.7785441194589291E-016
-1.2550544882819448E-016  1.3606411938934973E-016 -3.7681296845284111E-019 -5.1246220352857906E-015  4.1444468206322482E-014  3.6977421532890621E-016 -2.5442061235486699E-016 -2.0651598714578430E-016 -8.1984802399794901E-002  3.1170740913755869E-015 -3.8372176426778279E-015 -8.1984802399797108E-002  1.2231134222391433E-015  1.6396960479961009E-001 -1.4055828939326501E-001  7.6551549252484025E-015 -4.2511641298738780E-015 -1.4055828939325482E-001  2.8369975133911385E-015  2.8111657878651930E-001  5.2652018967979971E-018  1.0117723074541071E-015  1.4533404046755823E-015 -4.7633707364381143E-016 -7.1533428231531647E-016 -1.3262025326453438E-016 -2.7085809149855151E-016  2.6008665223046276E-017 -1.8660621951734032E-016 -1.8678088930071942E-015 -1.1032537224085840E-016 -7.8491593054872088E-016 -6.9935693159199112E-017  1.0665363762091503E-013 -1.8345897092911404E-015 -1.0372614354222306E-014  6.8030491725606505E-015 -2.3220882782979177E-001  1.2216105856387884E-014 -8.5020441441674461E-015 -2.3220882782976449E-001  4.4111859030607122E-015  4.6441765565944854E-001  1.5144307155859806E-015  3.6055511250635632E-016 -5.8157919795926054E-016  3.9252726583723941E-015  7.2661009523703409E-017  3.3107626746461972E-015  3.0096849326504792E-016 -2.1600542180927171E-016 -2.4851841765689012E-016  3.0534665807735219E-016  7.1676465500783988E-015  2.3546145303472223E-016  2.1531920193901113E-015 -2.5893478124565054E-016  1.0858873157482461E-014  2.5210542901571737E-013 -2.7963771616327595E-016 -1.5917075937982797E-016 -1.7026421415410991E-016 -1.1590715653446626E-016  1.3091692573484673E-017 -9.5767685006417518E-017 -3.7618592731756719E-016 -2.1263877242146100E-016 -1.6712499884804223E-016 -4.7402111000575657E-016 -1.8903913078446135E-013  4.9532439037422767E-014
-5.0736024725720461E-004 -8.9698809497471802E-017 -3.6372687939842115E-017 -1.3019899231132373E-016  1.9684460003259989E-015  3.6221018384420154E-003  2.7423325568237250E-016 -6.1124118715033615E-016 -1.7550478375579608E-015 -1.2840074187784285E-016  2.2571507955415760E-016  7.2794608253378944E-017 -5.6851140427865285E-016 -7.3441811561170262E-017 -1.6516524840913390E-015  1.4691375316853249E-015 -3.4729846792263980E-016  4.2143529932198165E-016  8.4797055260543575E-016  5.2652018967979971E-018  6.0429176213539056E-002  1.8065627208286220E-016  3.5612912486380202E-016 -1.1811949069979561E-014 -1.4550356959051482E-016  8.2076531661893568E-017 -5.2010905733269461E-015 -1.3822410613237799E-016 -4.6583541615584110E-015  2.5960349550089461E-016 -1.5196279091074542E-018 -9.5578941841860678E-017  6.3556329793640023E-018  2.3458807092225879E-015  3.0000670198361046E-001 -1.2970019033838638E-017  8.2802818276878917E-016 -2.6369631506402466E-015  9.6827299347721062E-016  1.8459755343806860E-016  1.5473066939823713E-015 -1.6783834453895629E-016  8.0881578610503445E-016 -2.2739584482171558E-016  2.4725342402281976E-017  8.3856834273779641E-017  1.5669953762176847E-016 -1.1803050777261738E-017  9.5073642150747557E-017  5.2271697489800194E-017  6.4154913012768651E-018  1.8546377687284543E-017 -5.1232961793041850E-017 -1.9400232562489873E-016  3.6279164634951094E-017  1.1074223573196117E-016 -3.9316764919559079E-018 -2.0933243882805788E-016  1.9735782591606653E-015  3.2926318847710932E-015 -2.7251035747343299E-016 -7.5649129960412744E-018  6.6965968553965321E-016  1.7117662933305953E-017  1.5612948893968252E-015  3.6241561127779628E-016 -1.2048529007656558E-016 -2.0687612471740831E-016  1.1128686959785833E-016 -2.2419050402120769E-015  6.4585303034493385E-016
-3.3337127074417756E-016 -5.0736024725972972E-004  3.3697204274036247E-016 -1.6074695907404565E-015  9.9217249656369576E-015  7.6205278163818112E-016  3.6221018384441760E-003 -1.0091559918747188E-015 -3.8168798019572947E-015 -2.0422728318099878E-016 -3.4667174372914267E-016 -2.5779290589681627E-015 -2.4036452868597299E-016  1.5826727114910070E-016 -3.9952066027158275E-015 -1.4612003791361012E-016 -9.4210824059007620E-016 -2.0357377898047315E-015  4.7637361033740691E-018  1.0117723074541071E-015  1.8065627208286220E-016  6.0429176213539819E-002  1.6691737829789080E-015 -1.2589427085751530E-016 -5.0469945234159945E-015 -6.1481775531290243E-017 -8.5366083081469149E-017  7.1712938775517529E-017  3.8989920011225351E-017 -1.2003651394982695E-014 -2.5209584571795903E-016 -4.7316070415484923E-015 -1.9628381452010392E-016  7.1026508988422490E-015  6.2175347009411284E-016  3.0000670198361201E-001 -2.7077285378244938E-015 -3.9370495090619715E-015 -7.1737045082595638E-016 -1.1847257480416883E-015 -6.2579785406764315E-016 -3.1160305765830049E-016  5.8268372082742764E-015 -7.4282959921402756E-016  2.4442569101498006E-018 -7.8398148564787135E-017 -3.6996505260462453E-016  3.9808795485101917E-017 -3.9757055608533738E-016 -2.4783330955105511E-017 -3.4599737210422026E-017 -1.4697419724192694E-017 -4.2784028807895529E-017 -7.9375801052521439E-016  2.8080583710953417E-017 -3.9485127265470974E-016  1.0374692921046514E-017 -8.1032038926927129E-016  4.6215465723041911E-015  5.2146144485434183E-017  1.3030022673556845E-015  9.1682040798058748E-017 -1.8390209394252410E-016  5.6084628745967105E-017 -4.6212897809436069E-017  2.3404483275386139E-015  5.5167880421306208E-017  1.6416062267588251E-015  4.5768315823556836E-017 -6.0230745119703736E-015  1.5848473840779798E-015
