  0.14942446021913144       -6.4899817427200509E-009   2.5296913285567762E-008  -4.5410222637721374E-015  -9.5501812032746635E-017  -8.6367588893842822E-017  -2.5801761126885583E-017  -2.0190206233174532E-016  -2.7915347333475400E-017  -1.3564899594087404E-016  0.24326778906995225        8.7875403754545814E-009   1.0091122978922001E-008  -9.6058942770131516E-010  -8.1972945124894693E-010   3.4621985490987700E-009   1.9731055040792567E-009  -1.6394651615719910E-010  -6.8438257110216403E-010   8.9966839463291683E-010  -1.7240996643042860E-009  -3.8730149959781632E-010  -1.2955038676686456E-009  -8.5412356835542419E-015  -2.0839240016569011E-016  -9.4942143497789069E-017   1.5859484537072185E-016   9.4765412098082836E-017  -1.4440141073518191E-016   5.4951766054989554E-017  0.14272065174679446        1.7237298784532699E-009   1.0201157267606448E-008  -1.2842336727023816E-015  -8.6255159443192055E-016   7.4259796620623671E-016   1.0466983391820062E-015  -1.2445589693716177E-015   7.5804122777345791E-016 -0.22365643278680525       -3.7551685466478765E-009  -1.5389596459351610E-008   8.9749612331153454E-016   5.8396011777021362E-010  -7.9800730299099605E-010   1.8863197906359574E-009   4.6347067816208547E-011   3.1499626691849830E-010  -8.2982067977696446E-010   6.1689391878420778E-010  -7.3752166263795032E-010  -2.9642671365953755E-011  -8.5626431632577075E-010   4.1991487605097089E-015  -5.9509357044374489E-002  -9.9799035924492279E-010  -4.1113858683498646E-009  -1.1059342798217859E-015   1.6202286957969988E-016
  -6.4899817427200509E-009  0.14942447402819148       -1.4017439751620190E-008   1.2840469628600734E-015  -3.4139455230080531E-016   3.5480930272505469E-016  -9.9997599831781697E-017  -4.8961065705356385E-016  -1.2240005258242085E-016  -5.1519920224572697E-016  -1.3442305394946519E-008  0.24326779706165658       -8.4063862539816202E-010  -1.9784771986437851E-010   5.1633406858025870E-009  -1.0962769864169351E-009   1.2533486698881355E-009   2.6952843018824583E-009  -9.8791285097579708E-010  -3.7735033465550890E-009   1.0020379580501026E-009  -1.0065621173242372E-010   7.0243151628615801E-011  -1.8764709389073974E-015   5.7417486958550017E-016  -2.8469122445954969E-016   5.1126647810130328E-017   6.5706305432850295E-017  -1.2901405121633749E-016  -4.1938235446927104E-016  -8.0780896662652801E-009  0.14272065412663446       -1.7235800790520834E-009   3.2364481117169087E-015  -9.0950678109649324E-016  -4.1476292784514846E-016  -5.3526321893661842E-016  -9.8728040020469330E-016  -4.6893944456182424E-015   1.2364744202371990E-008 -0.22365643862774165        3.3379957646540597E-009   5.0458896596141142E-015  -1.7693462367205485E-010   2.8922518573819186E-009  -1.1144254973165433E-010   6.8170525867204641E-010   7.7070706071985140E-010  -4.4432367436422676E-010  -2.3715219775525176E-009  -4.1479249373973196E-011   2.8947982879633122E-010   1.1398185334712263E-010   4.0423194236447724E-015   3.2894312933233396E-009  -5.9509358595894554E-002   8.9478845283266645E-010  -5.1061619220196004E-015   1.5599674563811567E-015
   2.5296913285567762E-008  -1.4017439751620190E-008  0.14942442974682502       -6.7062275022365660E-016  -3.6524125779124095E-016   6.6822346724481682E-017  -1.9545206492894836E-016  -1.7262085715219029E-016  -1.3964311986028361E-016  -2.3587329685448126E-016   1.0811012459765284E-008  -1.2634526819318820E-008  0.24326777723785892        1.3084296147167626E-009   1.0985808149569909E-009   6.0365934974934707E-010   7.0964547863977753E-010  -2.6527612126050350E-009  -2.4650840071046311E-009  -1.8274878344272505E-010   1.8292798890398208E-009  -8.5339582189153175E-010  -1.8133552494193944E-009  -1.7082825262634459E-015  -4.2561338915342328E-016   9.4032321052005056E-017   1.2814335574141436E-016  -5.7353860310126180E-016  -2.9355802931943613E-016   2.1921871817174452E-017   1.0567783085540844E-008  -7.0549367255384808E-009  0.14272063815017655       -2.4237739932806256E-015   1.3138837668920806E-015  -6.3549519557918232E-016  -3.5540983911791469E-015  -2.8097906619330687E-015   6.6035824300273382E-016  -1.5944408084940505E-008   1.1988813261671426E-008 -0.22365641298647790        6.4762408798003081E-015   4.1807388216165781E-010   6.6933019760453072E-010   9.0277189064238062E-010  -6.5498732137812083E-012  -1.2925447358778478E-009  -5.5435456552486111E-010  -3.3383990536127780E-010   8.8571535210321195E-010  -2.2143663941180798E-010  -1.3330414449170341E-009   7.1021084079687376E-016  -4.2583605259303511E-009   3.1946825954278969E-009  -5.9509351753996777E-002  -3.1211745573967623E-015   9.8379983134172772E-016
  -4.5410222637721374E-015   1.2840469628600734E-015  -6.7062275022365660E-016  0.44676873652972249        1.0691331113948306E-008  -9.6650968316504700E-011   1.8859320600898417E-009  -1.0343850447635704E-008   4.5296745330090993E-009  -3.4774746558099630E-010   7.7250832241553271E-015   4.1662184937589391E-015   3.6737321346810835E-015  -5.4658363892067364E-016   2.7139927988373953E-017   5.4612157676504945E-016  -3.2101359514178814E-016   3.7455884588973514E-016   4.7608086419087166E-016   2.4051926664076535E-016   2.9001364435591907E-016   4.8452967436685685E-016   6.3811961253171632E-016  0.80058038926595732       -4.5353451938288933E-009   2.6381109496099827E-009  -5.7929421453264013E-009  -1.8341549165528633E-009   4.2465680442489676E-009   6.3694928428389764E-009  -4.3418830943458581E-015  -1.3788079829510178E-015  -9.6916881743014414E-016  -6.3883888299130038E-010   1.8911069965520113E-010  -4.1329271543858907E-009  -8.0741018893071895E-009   1.3527588656700701E-008   8.7129928746420167E-009   1.5775169781719772E-014  -2.4187229462432020E-014  -5.3785350320738934E-016 -0.30862055341097200       -6.3286326806838280E-019  -1.0087117456727676E-016   3.5068154630623176E-016   1.5325082904399382E-016  -4.8409631476941960E-016  -5.0656365176869186E-017   3.6733755563685043E-016  -1.3351192322842538E-016   2.5671626895863723E-016   1.9876378627154138E-016 -0.70388930105410097        4.9225374358373192E-015  -7.6119065302876748E-015  -1.5069501140588804E-016  0.43852262524866137      -0.11751143711861023     
  -9.5501812032746635E-017  -3.4139455230080531E-016  -3.6524125779124095E-016   1.0691331113948306E-008   2.9859544423786966E-004  -3.3344934829965358E-011   6.7305461858835698E-011  -1.4929766336044424E-004  -1.4511017677950788E-011  -1.4929778087641155E-004  -8.8040072278857891E-017  -7.0244733539750395E-016  -5.7619272561225270E-016  -6.2626508952054107E-018  -6.5543071212836189E-018  -1.5522781420014922E-017   8.0494867788679628E-018   2.0019332921904383E-018   5.9896580518121026E-018  -1.9769062087469486E-017   7.0258012563329969E-019   4.9250261581795591E-018   1.5547917953626708E-017   1.9173742695845217E-008   2.9011294652251823E-003  -1.5310268723800124E-010   4.5850188698175191E-010  -1.4505644459664243E-003   1.4041094814880998E-011  -1.4505650192588753E-003  -1.9638522371590866E-016  -2.3815913355795400E-016  -2.6447741015874483E-016   2.2600766590769050E-002  -6.0269466421903967E-010   2.7028370470194272E-009  -1.1300381658949168E-002  -4.2126133686279260E-010  -1.1300384931823422E-002  -3.0241897876248782E-015   3.5219424712810621E-015   3.0120272229386073E-015  -7.1799667357672985E-009  -4.5794657280672135E-018   9.5922658534009357E-018   7.3486579038425061E-018   7.3730054191618751E-018  -1.4487179662061960E-018   8.8033277330387293E-019   1.8151852801917387E-017   3.7264810316530063E-018   3.4107647413947030E-018  -2.2241765408012688E-018  -1.6438358306684061E-008  -9.6469436600619179E-016   1.0845555638307713E-015   9.2507856935761232E-016   1.0090056175266753E-008  -2.6886226852554983E-009
  -8.6367588893842822E-017   3.5480930272505469E-016   6.6822346724481682E-017  -9.6650968316504700E-011  -3.3344934829965358E-011   2.9859549695664068E-004   5.7019790361903896E-011   4.8637016146070166E-011   3.0028635356544546E-012  -1.5292007225250414E-011  -1.2716426933593608E-016   6.1291661293797629E-016   8.6741026057903796E-017  -2.2808333746262154E-018  -6.7625811106131253E-018  -1.8283110450783442E-017  -1.3295011433418524E-018   7.6185082864757875E-018   6.9378670197312653E-018  -1.7710787719189522E-017  -5.0765590024863613E-018  -1.1950127773860894E-017   1.3658184291603808E-017  -2.3676448013671602E-010  -3.0689381977180912E-010   2.9011298507678174E-003   3.6355396975506640E-010   3.8438882340652562E-010  -4.3359540006303464E-011  -7.7495060915856502E-011  -8.9338588214064808E-018   4.1745219442719958E-016   1.5552898885967699E-017  -1.8225483752254119E-009   2.2600768493688445E-002   2.0248079624744572E-009   1.7342878546175610E-009   2.2118119259123230E-010   8.8260513993900176E-011   2.2088448291611428E-015   1.4356017821433901E-015  -8.6241140804434340E-016   2.8360221294154923E-011   7.0304194331525336E-018  -2.0733636816778190E-017   2.0776371161444076E-017   4.1297421399971634E-018   2.4593968830609593E-018  -1.2882991434458198E-017   1.5949788463387941E-018  -1.3778721220609334E-017  -8.8095691459215930E-018  -2.0957734672012233E-017   1.4476439962086588E-010   6.9247770559814509E-016   4.8258309622290093E-016  -2.7019844673500422E-016  -5.6148711980712411E-011   1.2250791042688084E-011
  -2.5801761126885583E-017  -9.9997599831781697E-017  -1.9545206492894836E-016   1.8859320600898417E-009   6.7305461858835698E-011   5.7019790361903896E-011   2.9859547429936820E-004  -2.1929802466911171E-011  -4.8132925189109044E-011  -4.5375657832437038E-011  -8.6796049358463106E-017  -1.6911514114044727E-016  -2.8517921996955241E-016   6.3975494115922010E-019  -4.2243175224393908E-019   1.0342631312699369E-017   9.1229665297209660E-019   1.9402888287705849E-018  -9.2735589880972507E-019   8.0842590469198961E-018  -9.1105121010926618E-018   7.2550887733320278E-018   4.0180282981131281E-019   3.6210142267582615E-009   4.1768664638976665E-010   3.6193663734815906E-010   2.9011296407305868E-003  -9.6437014128341053E-011  -2.0852228363350305E-010  -3.2124954097261103E-010  -1.6212789373529985E-017  -8.3640483965680279E-017  -2.9112488245827497E-016   2.2264579013956621E-009   2.1621256444439955E-009   2.2600767704724297E-002  -2.3315625744379672E-010  -1.1141721074922378E-009  -1.9933016740607913E-009   1.4884156459406404E-016  -2.0419462887081245E-016  -3.0642226488973174E-015  -1.2684776669321309E-009   1.4408488360203422E-018  -9.2842783634450370E-018  -2.7237740266245444E-018  -1.3687569586199047E-018   1.1014305987882426E-018   8.2906681021741037E-021  -3.2311048405680641E-020  -5.6488885785184385E-018  -3.8975715487756534E-018   5.9476313072325039E-018  -3.2232746520605317E-009   4.4616037422992061E-017  -7.1116787971888097E-017  -9.8323870064542609E-016   1.9651220353855845E-009  -5.2495495058139016E-010
  -2.0190206233174532E-016  -4.8961065705356385E-016  -1.7262085715219029E-016  -1.0343850447635704E-008  -1.4929766336044424E-004   4.8637016146070166E-011  -2.1929802466911171E-011   2.9859526351912853E-004   6.3741031565256473E-013  -1.4929760015932515E-004  -4.0351294321394716E-016  -8.2637690444250894E-016  -2.0780416167868561E-016   1.3812085042064332E-017   1.0406962502332046E-017   8.0869425564787397E-018  -6.2063609470634197E-018   1.2987510252283439E-017  -9.8301544872246166E-018   5.8103067241748525E-018   1.4498801421175293E-018  -8.2252436104220928E-018  -1.2302673753778578E-017  -1.8119561729649042E-008  -1.4505643487975437E-003   3.4292260556703672E-010  -1.9517944721146114E-010   2.9011284492290743E-003  -4.4869053785414472E-011  -1.4505641004311058E-003  -7.7738874247924357E-017  -2.7746556332757584E-016  -2.2157932413529630E-017  -1.1300380566988441E-002   1.7664944497739021E-009  -1.3689374735315076E-009   2.2600759868709075E-002   3.4674563651581836E-010  -1.1300379301721357E-002   2.6438621300967600E-015   6.0508098671493188E-015   4.8549809184935554E-015   6.9139267286780058E-009   4.5535197665718257E-018  -2.1138247045841284E-018  -7.1386621918008553E-018  -6.1423387207689417E-018   1.7401765996042559E-019   9.6469764822279505E-019   6.7727854499603829E-019   3.5038370597051089E-018   3.0264692029515822E-018   6.9996498290659933E-018   1.5407300858834647E-008   8.2221022861431056E-016   1.8772821301942464E-015   1.5236703399965768E-015  -9.4779166883060108E-009   2.5241341621878381E-009
  -2.7915347333475400E-017  -1.2240005258242085E-016  -1.3964311986028361E-016   4.5296745330090993E-009  -1.4511017677950788E-011   3.0028635356544546E-012  -4.8132925189109044E-011   6.3741031565256473E-013   2.9859542265638702E-004   1.3873408805652488E-011   4.2156782438121705E-018  -1.5679848608205879E-016  -5.8741778348683661E-017   8.5099432814035101E-018   3.8716021176334892E-018  -1.9895757802071274E-017  -1.4853845477600526E-018  -4.0448102005009799E-018   2.6883336703897200E-018   2.2179940391566698E-018  -2.9346286762685980E-017  -5.5819854913972193E-018  -4.0414744362876424E-017   7.5142675498448362E-009  -1.5739188886555991E-011  -5.3081510553718920E-011  -3.5274749004485013E-010  -1.1713730085812253E-010   2.9011295773621495E-003   1.3287643337651247E-010   2.3792630882761738E-017  -4.2775069622295077E-017  -1.2182595877748536E-016  -7.6335418640178616E-010   8.6960187176433851E-011  -2.4534979129815744E-009  -1.8920425488519024E-010   2.2600765636064758E-002   9.5255861367770485E-010   1.8154998200770158E-015   2.0811311540553341E-015  -6.9580501742332732E-016  -2.9491458589819239E-009   4.0136093527390592E-018  -2.4853355375605814E-018  -1.4003880531776067E-017   2.6271884124918119E-018  -1.9211512562633589E-018   4.9740513470539553E-018  -3.8616663842126613E-018  -6.3980005420029227E-018  -4.5439341471113050E-018  -6.4715027587419643E-018  -6.2494694070529697E-009   5.7301401199880993E-016   6.5025520251890625E-016  -2.2624996962511701E-016   3.8409888792850037E-009  -1.0198381268892488E-009
  -1.3564899594087404E-016  -5.1519920224572697E-016  -2.3587329685448126E-016  -3.4774746558099630E-010  -1.4929778087641155E-004  -1.5292007225250414E-011  -4.5375657832437038E-011  -1.4929760015932515E-004   1.3873408805652488E-011   2.9859538103536371E-004  -2.0368658109242694E-016  -7.1696224164292817E-016  -5.0137531586645635E-016  -7.5494360869818436E-018  -3.8527040010508158E-018   7.4358380063827908E-018  -1.8431422093719651E-018  -1.4989458041566992E-017   3.8405154168495253E-018   1.3958779942265989E-017  -2.1524750512215080E-018   3.3002330958396725E-018  -3.2452325424051192E-018  -1.0546678167586182E-009  -1.4505651164177882E-003  -1.8981919846998302E-010  -2.6332242460472753E-010  -1.4505640032688768E-003   3.0826029834966993E-011   2.9011291196863569E-003  -2.3442610916446826E-016  -2.4508151332724535E-016  -2.0298646024124616E-016  -1.1300386023703866E-002  -1.1637941775982296E-009  -1.3338994553704430E-009  -1.1300378209808414E-002   7.4500671746681354E-011   2.2600764233516545E-002  -1.7373747390285020E-015   7.7422882673234124E-015   5.5797933924061179E-016   2.6600846468371145E-010   2.5945434807546084E-020  -7.4784943596308620E-018  -2.1000931517507771E-019  -1.2306825299690301E-018   1.2747083223563611E-018  -1.8450138833770012E-018  -1.8829079975262205E-017  -7.2303200105602624E-018  -6.4372496560490273E-018  -4.7754617190094332E-018   1.0309914640212797E-009  -5.5975185030249930E-016   2.4128851914455593E-015   1.5751774011152482E-016  -6.1193546448456372E-010   1.6441725937513901E-010
  0.24326778906995225       -1.3442305394946519E-008   1.0811012459765284E-008   7.7250832241553271E-015  -8.8040072278857891E-017  -1.2716426933593608E-016  -8.6796049358463106E-017  -4.0351294321394716E-016   4.2156782438121705E-018  -2.0368658109242694E-016  0.39608293620040880        9.6256489455027425E-009  -3.3016289662546695E-008  -1.5608455763546196E-009  -1.3331381563999390E-009   5.6344064025576671E-009   3.2083834635130904E-009  -2.6926293540395371E-010  -1.1143592217617658E-009   1.4616754054616790E-009  -2.8055388832489944E-009  -6.2790378201821364E-010  -2.1085157116913769E-009   1.3544348505996051E-014   2.0284882244673044E-016   5.0204767740583279E-017  -1.7268362399664946E-016  -4.8451101165456778E-016   3.0796812770899341E-016   1.9251067400744991E-016  0.23201213254103711        5.4421073315368202E-011  -1.2423922828060413E-008   2.1801800960701816E-015   1.8112672282966728E-016  -2.1541154662258469E-015  -3.3237811314018393E-015   2.2197806071849016E-015   1.9947180126766908E-015 -0.37407435571635955       -1.9192097538725010E-009   1.9914218628838165E-008  -2.9991004272529920E-015   9.5543334701387852E-010  -1.3036664444872865E-009   3.0775519268260308E-009   7.2361135990174586E-011   5.1825190194908664E-010  -1.3542238342945729E-009   1.0087854722234378E-009  -1.2030420004757939E-009  -4.9761177745493030E-011  -1.3971784227294405E-009  -3.5708703031224782E-015 -0.10003122050840849       -5.1429768546259631E-010   5.2465330048437337E-009   1.4642511414132415E-016   2.0351566798942098E-016
   8.7875403754545814E-009  0.24326779706165658       -1.2634526819318820E-008   4.1662184937589391E-015  -7.0244733539750395E-016   6.1291661293797629E-016  -1.6911514114044727E-016  -8.2637690444250894E-016  -1.5679848608205879E-016  -7.1696224164292817E-016   9.6256489455027425E-009  0.39608292567015213        1.5194753620470324E-008  -3.2010675460812315E-010   8.4064632271846768E-009  -1.7876850461829125E-009   2.0362053236878141E-009   4.3903552828746985E-009  -1.6067447833055620E-009  -6.1397353220663232E-009   1.6343499369998209E-009  -1.6914648559384329E-010   1.1429171934397374E-010   2.4352077916801436E-016  -4.0243917945384126E-016  -4.7751542633956303E-017   8.5164628623716969E-018   8.6896037883012890E-019   2.7165661166334860E-016   7.3862925176577133E-016   5.3158001943650400E-009  0.23201212231819590        7.0360485735487830E-009  -5.0614623865648085E-015   1.7110358658614509E-015  -1.2427232380995728E-015  -1.6856198153249162E-015   2.1190694812358690E-015   3.4388493917490643E-015  -9.3307663324277143E-009 -0.37407435045670234       -6.8463870464075669E-009   5.3893116190348670E-016  -2.9069810074996537E-010   4.7229982921901443E-009  -1.7929405018708949E-010   1.1162067469087787E-009   1.2521506079882214E-009  -7.2619614725764765E-010  -3.8777126244771365E-009  -6.9418356513773781E-011   4.7950075850165964E-010   1.8538037618355887E-010  -1.0932995712729329E-014  -2.5082698362843719E-009 -0.10003121945282865       -1.6613957784024631E-009   7.3683271134788917E-015  -2.1494655700962629E-015
   1.0091122978922001E-008  -8.4063862539816202E-010  0.24326777723785892        3.6737321346810835E-015  -5.7619272561225270E-016   8.6741026057903796E-017  -2.8517921996955241E-016  -2.0780416167868561E-016  -5.8741778348683661E-017  -5.0137531586645635E-016  -3.3016289662546695E-008   1.5194753620470324E-008  0.39608297845116314        2.1267478838032557E-009   1.7866025043082833E-009   9.8475973895761005E-010   1.1569677330956498E-009  -4.3185540512018072E-009  -4.0102929122868712E-009  -2.9572460204630738E-010   2.9740779318233412E-009  -1.3898434413927228E-009  -2.9506611825500916E-009   5.7634907664950208E-015  -4.2049015912247549E-016  -8.8759217028563539E-017   4.0455989592048726E-016  -4.6206832592690756E-017   1.1276207640171866E-015  -1.0961926056110991E-015  -1.2514928457427802E-008   9.6140883368910370E-009  0.23201214643891591       -1.8881037744636237E-015   2.5690972276400647E-016   5.7777870088164094E-016   9.8441973702595098E-016   7.9649996287307566E-015  -7.7720558721721288E-015   2.0079681265610837E-008  -1.0617733914083447E-008 -0.37407438148618827        7.1717557064771401E-015   6.8562335417938763E-010   1.0934508730657511E-009   1.4738559969976759E-009  -1.2114176461063841E-011  -2.1093706846618760E-009  -9.0774521258672380E-010  -5.4761876471018176E-010   1.4448482166415466E-009  -3.5874266864072475E-010  -2.1754438731289262E-009  -6.3825571451204660E-015   5.2911699575411042E-009  -2.6780689415554725E-009 -0.10003122740221815       -3.5018928610419070E-016   3.3443442423096636E-016
  -9.6058942770131516E-010  -1.9784771986437851E-010   1.3084296147167626E-009  -5.4658363892067364E-016  -6.2626508952054107E-018  -2.2808333746262154E-018   6.3975494115922010E-019   1.3812085042064332E-017   8.5099432814035101E-018  -7.5494360869818436E-018  -1.5608455763546196E-009  -3.2010675460812315E-010   2.1267478838032557E-009   1.8599099323133075E-017   8.3819709833237787E-018  -1.6063002686026382E-017  -8.8667560561657328E-018  -2.5834683118729604E-017  -1.6086219200325481E-017  -2.6140209657911484E-018   2.6453877734813426E-017  -4.8748869605881020E-018  -7.7444347823381585E-018  -9.9522098661567376E-016  -6.0847282828997844E-017  -2.2160398540852607E-017   6.2158677944230110E-018   1.3419701341979393E-016   8.2682006604560341E-017  -7.3349742481999164E-017  -9.4684145543832009E-010  -2.0833342403593707E-010   1.2828876593789809E-009  -4.7402069642485953E-016  -1.7263689320137845E-016   4.8423634334369779E-017   1.0454396129552559E-015   6.4412041187199131E-016  -5.7141896572162246E-016   5.8267515095603747E-010  -2.6802121814993159E-010  -9.9226088412428824E-010  -1.1048582122176720E-017  -8.6500533732652531E-020   7.2229561723771910E-018  -3.7881616586983884E-018  -1.0218845982570810E-018  -1.3552084966325748E-017   1.1380126513703786E-018  -3.9182088879152852E-018   1.1965386274987935E-017  -1.9661332178364405E-018  -6.0947905015540315E-018  -1.4474227494354570E-017   1.1213254932580100E-010  -9.9618259466894805E-011  -2.1554114833862042E-010   3.0234090325203331E-016  -1.1089129933531338E-016
  -8.1972945124894693E-010   5.1633406858025870E-009   1.0985808149569909E-009   2.7139927988373953E-017  -6.5543071212836189E-018  -6.7625811106131253E-018  -4.2243175224393908E-019   1.0406962502332046E-017   3.8716021176334892E-018  -3.8527040010508158E-018  -1.3331381563999390E-009   8.4064632271846768E-009   1.7866025043082833E-009   8.3819709833237787E-018   1.9115775136939577E-016  -5.2663141695299005E-017   3.7410639595092170E-017   7.4450133766604174E-017  -4.8656124464288891E-017  -1.3685117230101504E-016   5.7840129324235095E-017  -7.5526819549715986E-018  -3.8582569652794242E-018   3.2311728845059377E-017  -6.3680987902391724E-017  -6.5704832623565883E-017  -4.1042518760425744E-018   1.0111340395687321E-016   3.7616227595135408E-017  -3.7432416813134528E-017  -7.9661233355813130E-010   4.9280008086936482E-009   1.0679546516324321E-009  -4.9609620500942966E-016  -5.1186252197219352E-016  -3.1973499202408466E-017   7.8770721325531730E-016   2.9304294550669762E-016  -2.9161111850214736E-016   8.2896659541499487E-010  -7.8359427999445026E-009  -1.1006332352111926E-009  -4.2072347630365164E-016  -6.3556363491091137E-018   1.0901016080770835E-016  -7.5010519375682056E-018   2.3278178702572025E-017   1.5866526355854348E-017  -1.4751178209523497E-017  -8.7564471671552928E-017   8.8538177067732867E-018   8.4699435334244012E-018  -1.0081365639364888E-018  -9.4847581569892874E-016   2.0059930203595416E-010  -2.0903422961178635E-009  -2.6557224960099960E-010   8.9430430299324117E-016  -2.7054711230396768E-016
   3.4621985490987700E-009  -1.0962769864169351E-009   6.0365934974934707E-010   5.4612157676504945E-016  -1.5522781420014922E-017  -1.8283110450783442E-017   1.0342631312699369E-017   8.0869425564787397E-018  -1.9895757802071274E-017   7.4358380063827908E-018   5.6344064025576671E-009  -1.7876850461829125E-009   9.8475973895761005E-010  -1.6063002686026382E-017  -5.2663141695299005E-017   9.1187064058392408E-017   4.0075036805286608E-017  -3.4326696278902888E-017  -1.8525215088371577E-017   4.7776864580642295E-017  -4.0468478131788257E-017  -1.1436202009889807E-017  -3.7803251142524924E-017   9.6198053209159173E-016  -1.5081824565560043E-016  -1.7763720773100554E-016   1.0048816366609735E-016   7.8572245174545548E-017  -1.9330566692255766E-016   7.2245996558465799E-017   3.3278572881394394E-009  -1.0188433887237174E-009   5.5732952861422479E-010  -1.1749244403903816E-015  -1.3838531725082773E-015   7.8283643360479907E-016   6.1210411029135629E-016  -1.5059155430167730E-015   5.6282033988550540E-016  -4.5706493146379526E-009   2.4640128170155152E-009  -1.4643480378296127E-009  -7.8692752964227682E-016   1.6726563880628678E-017  -3.7702285471168096E-017   4.7823029247407557E-017  -4.3723668362636968E-018  -3.9827262175879829E-018  -1.8068877899328597E-017   3.1227040772411387E-017  -1.2744563225057604E-017  -4.1931813729096363E-018  -2.6145887012665982E-017  -1.7834863224687903E-015  -1.1854540780330845E-009   6.9690905515113319E-010  -4.1776233420781882E-010   1.4203270873600199E-015  -4.1209794585391270E-016
   1.9731055040792567E-009   1.2533486698881355E-009   7.0964547863977753E-010  -3.2101359514178814E-016   8.0494867788679628E-018  -1.3295011433418524E-018   9.1229665297209660E-019  -6.2063609470634197E-018  -1.4853845477600526E-018  -1.8431422093719651E-018   3.2083834635130904E-009   2.0362053236878141E-009   1.1569677330956498E-009  -8.8667560561657328E-018   3.7410639595092170E-017   4.0075036805286608E-017   4.0966634094421083E-017   7.8294439985122155E-018  -2.9071243079386363E-017  -2.0666526179285080E-017  -6.3771711615877916E-018  -9.6835657889782575E-018  -2.5116679161966937E-017  -5.5871817902201420E-016   7.8208309195656776E-017  -1.2917365998412494E-017   8.8638328790864957E-018  -6.0300537627262064E-017  -1.4431848293244184E-017  -1.7907771862248820E-017   1.9223739724380052E-009   1.2387059125037278E-009   6.6187414375380254E-010   6.0926878244413855E-016  -1.0063053638974983E-016   6.9052149313615580E-017  -4.6976134068052942E-016  -1.1242890860512302E-016  -1.3950746941494664E-016  -1.8522069332253291E-009  -6.6424107665423023E-010  -1.5264511980786935E-009   6.2855756205565797E-016   8.2437394681611027E-018   1.5829301432930270E-017   2.7466663583882865E-017   5.7981539089134543E-018   3.9634595384285588E-018  -1.6858430830232241E-017  -1.1972117748285896E-017  -5.2581750456770033E-018   2.3300555726292406E-019  -1.6553142133159838E-017   1.4223616353745070E-015  -4.3758150560605382E-010  -1.1594246662285581E-010  -4.2944308165900914E-010  -1.1931811157261705E-015   3.5100882664171822E-016
  -1.6394651615719910E-010   2.6952843018824583E-009  -2.6527612126050350E-009   3.7455884588973514E-016   2.0019332921904383E-018   7.6185082864757875E-018   1.9402888287705849E-018   1.2987510252283439E-017  -4.0448102005009799E-018  -1.4989458041566992E-017  -2.6926293540395371E-010   4.3903552828746985E-009  -4.3185540512018072E-009  -2.5834683118729604E-017   7.4450133766604174E-017  -3.4326696278902888E-017   7.8294439985122155E-018   9.6206911252040441E-017   2.6831297611790764E-017  -6.5352239922205158E-017  -1.2425679817206096E-017   1.3229029967993722E-017   3.4846292720407550E-017   6.4935410832926285E-016   1.9450549456600050E-017   7.4020756321697391E-017   1.8851637700294346E-017   1.2618579852960794E-016  -3.9299084913194816E-017  -1.4563632830206422E-016  -1.3375949086087118E-010   2.5515924623940647E-009  -2.5359407768466088E-009   1.5152626030674664E-016   5.7664631292291542E-016   1.4686054908597966E-016   9.8302946661046863E-016  -3.0615293171223400E-016  -1.1345556740732496E-015   9.1064103009821520E-010  -4.6977130071562228E-009   3.9067025748160455E-009  -7.9641485253588249E-016  -1.1714450445634442E-017   4.2440854416450289E-017  -2.0376624327651140E-017   1.2983754230081009E-017   3.5935489968097543E-017   2.7328010315263177E-018  -3.8971375512719234E-017  -1.5614785575022045E-017   9.8447383142375012E-018   2.6826102621008162E-017  -1.8015920430554853E-015   2.7567515482302796E-010  -1.2832296054114606E-009   1.0362687747113032E-009   1.5282192166148189E-015  -4.5084911461050819E-016
  -6.8438257110216403E-010  -9.8791285097579708E-010  -2.4650840071046311E-009   4.7608086419087166E-016   5.9896580518121026E-018   6.9378670197312653E-018  -9.2735589880972507E-019  -9.8301544872246166E-018   2.6883336703897200E-018   3.8405154168495253E-018  -1.1143592217617658E-009  -1.6067447833055620E-009  -4.0102929122868712E-009  -1.6086219200325481E-017  -4.8656124464288891E-017  -1.8525215088371577E-017  -2.9071243079386363E-017   2.6831297611790764E-017   5.0653331993721741E-017   2.4173442226001845E-017  -2.9113908901019432E-017   1.6224019826757297E-017   3.5507254138258853E-017   8.3220011463267626E-016   5.8194865945134708E-017   6.7407797347086287E-017  -9.0101989317618975E-018  -9.5508957778944742E-017   2.6119572634579402E-017   3.7314108081530648E-017  -6.5209585875362216E-010  -9.5920181343999535E-010  -2.3830447006059027E-009   4.5335746712924612E-016   5.2512920534175294E-016  -7.0192394698337335E-017  -7.4404672507165621E-016   2.0348014406472173E-016   2.9068935158978913E-016   1.0704749535500361E-009   1.0238369282066057E-009   2.8577035237575495E-009  -8.4375971539819774E-016  -8.1278118793694006E-018  -2.5519784372099326E-017  -2.2384790451740954E-017  -4.4272045877298229E-018   1.4218451318697232E-017   1.5331847159238622E-017   1.7228861562243796E-017  -1.0794850900932563E-017   2.4048233919140102E-018   2.4730351534502117E-017  -1.9102028946682675E-015   2.8713944602665440E-010   2.4959645021372724E-010   7.1862048742437780E-010   1.5786860273924987E-015  -4.6262131816277310E-016
   8.9966839463291683E-010  -3.7735033465550890E-009  -1.8274878344272505E-010   2.4051926664076535E-016  -1.9769062087469486E-017  -1.7710787719189522E-017   8.0842590469198961E-018   5.8103067241748525E-018   2.2179940391566698E-018   1.3958779942265989E-017   1.4616754054616790E-009  -6.1397353220663232E-009  -2.9572460204630738E-010  -2.6140209657911484E-018  -1.3685117230101504E-016   4.7776864580642295E-017  -2.0666526179285080E-017  -6.5352239922205158E-017   2.4173442226001845E-017   1.0166233071302827E-016  -3.7934312696812027E-017   4.5687327769564857E-019  -7.3363239495743738E-018   4.3255151911038580E-016  -1.9207476271065117E-016  -1.7207650522845399E-016   7.8545991028797778E-017   5.6452453571690207E-017   2.1549807154887539E-017   1.3562230302876745E-016   8.8854325804673164E-010  -3.6396015059812237E-009  -1.9198526249166785E-010  -1.4963265023450372E-015  -1.3405334209068203E-015   6.1189963357362185E-016   4.3978359653174765E-016   1.6788016967679252E-016   1.0565429569971450E-015  -4.9470272382119390E-010   4.6168494745651657E-009  -2.3447169433509741E-010  -1.2780836076255042E-016   7.0489079987077922E-018  -7.6603817978114400E-017   1.2937297142582539E-017  -1.6077943471302260E-017  -1.6976593487343437E-017   6.6208031912851658E-018   6.1679621347857227E-017  -4.3255829602414976E-018  -6.1481166020164106E-018  -6.4188314899243351E-018  -2.9255800122893759E-016  -8.8886518516657743E-011   1.1766870228897335E-009  -8.7874510937404415E-011   1.5332623473429292E-016  -3.8139989345307945E-017
  -1.7240996643042860E-009   1.0020379580501026E-009   1.8292798890398208E-009   2.9001364435591907E-016   7.0258012563329969E-019  -5.0765590024863613E-018  -9.1105121010926618E-018   1.4498801421175293E-018  -2.9346286762685980E-017  -2.1524750512215080E-018  -2.8055388832489944E-009   1.6343499369998209E-009   2.9740779318233412E-009   2.6453877734813426E-017   5.7840129324235095E-017  -4.0468478131788257E-017  -6.3771711615877916E-018  -1.2425679817206096E-017  -2.9113908901019432E-017  -3.7934312696812027E-017   4.9780195373764294E-017  -6.9459145680493873E-018  -6.9398795008336268E-018   5.0484061988408815E-016   6.8261855549377958E-018  -4.9323451542918877E-017  -8.8516988009898816E-017   1.4087015935680683E-017  -2.8512620744419786E-016  -2.0913216149459099E-017  -1.6598547793474784E-009   9.2797257633630485E-010   1.7864953801878509E-009   5.3178381501359389E-017  -3.8424615958025410E-016  -6.8957688739308225E-016   1.0974251777021788E-016  -2.2212281659601730E-015  -1.6292098750139965E-016   2.1987555156812378E-009  -2.3480139386030961E-009  -1.5934035825075938E-009  -5.6595458447710662E-016  -3.4234163882046084E-018   3.7412943562100488E-017  -1.1499541144379056E-017   4.5473852508595765E-018  -1.3719212535231252E-017   4.5716953866460019E-020  -2.7895120885131800E-017   1.8493637181153026E-017   1.2288447267356396E-020  -5.2128678211501616E-018  -1.2807163988317415E-015   5.6587549507444026E-010  -6.6730178631949075E-010  -3.6653657447944020E-010   1.0738477302212533E-015  -3.1586480632673673E-016
  -3.8730149959781632E-010  -1.0065621173242372E-010  -8.5339582189153175E-010   4.8452967436685685E-016   4.9250261581795591E-018  -1.1950127773860894E-017   7.2550887733320278E-018  -8.2252436104220928E-018  -5.5819854913972193E-018   3.3002330958396725E-018  -6.2790378201821364E-010  -1.6914648559384329E-010  -1.3898434413927228E-009  -4.8748869605881020E-018  -7.5526819549715986E-018  -1.1436202009889807E-017  -9.6835657889782575E-018   1.3229029967993722E-017   1.6224019826757297E-017   4.5687327769564857E-019  -6.9459145680493873E-018   6.9397264889509063E-018   1.3700938509695755E-017   8.6981330940568070E-016   4.7850993479543972E-017  -1.1610647753511673E-016   7.0489828545780262E-017  -7.9915750953956243E-017  -5.4234175494825824E-017   3.2064766430853002E-017  -3.9549271186251189E-010  -4.4963425649797539E-011  -8.1037761521438688E-010   3.7277520142279263E-016  -9.0450817835245050E-016   5.4913935100488031E-016  -6.2257035234414762E-016  -4.2250233280111110E-016   2.4979519250766020E-016  -1.6525432725079283E-010   1.6418209874004870E-009   1.4152098724376367E-009  -2.9609311642633726E-016  -3.1014495205914795E-018  -6.2354236069446411E-018  -9.8561383560130708E-018  -1.7073791644104799E-018   6.9099513283339639E-018   5.8684415211954238E-018   4.8126504276343403E-018  -3.0504275941560303E-018  -2.2141002753841714E-019   9.6198827113670389E-018  -6.7638275390260382E-016  -8.1345801304392987E-011   5.1166091892371656E-010   3.8346836279385303E-010   3.9224230599862791E-016  -1.0214158573532348E-016
  -1.2955038676686456E-009   7.0243151628615801E-011  -1.8133552494193944E-009   6.3811961253171632E-016   1.5547917953626708E-017   1.3658184291603808E-017   4.0180282981131281E-019  -1.2302673753778578E-017  -4.0414744362876424E-017  -3.2452325424051192E-018  -2.1085157116913769E-009   1.1429171934397374E-010  -2.9506611825500916E-009  -7.7444347823381585E-018  -3.8582569652794242E-018  -3.7803251142524924E-017  -2.5116679161966937E-017   3.4846292720407550E-017   3.5507254138258853E-017  -7.3363239495743738E-018  -6.9398795008336268E-018   1.3700938509695755E-017   3.3348952687449904E-017   1.1365074555362577E-015   1.5106212095615047E-016   1.3270184493279044E-016   3.9037837827721792E-018  -1.1953168897717523E-016  -3.9266653435366389E-016  -3.1530418129527805E-017  -1.2432570851808141E-009   6.7732653674170728E-011  -1.7469340082468107E-009   1.1768244777183128E-015   1.0337915423289587E-015   3.0411747351275003E-017  -9.3119195819302603E-016  -3.0590031111608298E-015  -2.4563246105933184E-016   1.7679063641152513E-009  -8.6460107381802681E-011   2.2790847105353637E-009  -6.1225353957299718E-016  -9.9154689280391382E-018   2.1590464007876488E-019  -2.7073662562012209E-017  -1.3044189930085194E-019   1.3193838480214027E-017   1.3433511928652824E-017  -2.4835853644309903E-018  -4.2848134227147649E-018   3.1161712163813087E-018   2.3373018240882407E-017  -1.3916713753459543E-015   4.6180685110831920E-010  -2.2067729320844178E-011   5.8457658812276568E-010   9.9641864636420692E-016  -2.8019069152719468E-016
  -8.5412356835542419E-015  -1.8764709389073974E-015  -1.7082825262634459E-015  0.80058038926595732        1.9173742695845217E-008  -2.3676448013671602E-010   3.6210142267582615E-009  -1.8119561729649042E-008   7.5142675498448362E-009  -1.0546678167586182E-009   1.3544348505996051E-014   2.4352077916801436E-016   5.7634907664950208E-015  -9.9522098661567376E-016   3.2311728845059377E-017   9.6198053209159173E-016  -5.5871817902201420E-016   6.4935410832926285E-016   8.3220011463267626E-016   4.3255151911038580E-016   5.0484061988408815E-016   8.6981330940568070E-016   1.1365074555362577E-015   1.4352065242713259       -8.0622449297862080E-009   4.1269067801745830E-009  -8.0397462065679924E-009   8.5113311777028790E-010   1.6879883618564367E-009   7.2110960885098360E-009  -9.3040914560163193E-015  -4.8781672253668391E-015  -2.3085622704974626E-015  -5.4945623255615171E-010  -4.3705128685841487E-009   1.0844921203720232E-008   1.7663053644963045E-008  -2.1797204671753632E-008  -1.7113491364776575E-008  -3.9857812727958363E-015   9.0300883446213036E-015  -2.1002959001300660E-015 -0.53778813026112782       -1.9597895836009427E-017  -1.7121059655271353E-016   6.1420163687350659E-016   2.8521766984789717E-016  -8.4614230982426975E-016  -7.2248570029767298E-017   6.5927652006763089E-016  -2.2847226835629622E-016   4.5644890497193544E-016   3.6224488694917709E-016  -1.2269860453382400       -1.4214154533059935E-015   2.6029341922617706E-015  -6.6763303306746543E-016  0.75290889815888129      -0.20058644896608843     
  -2.0839240016569011E-016   5.7417486958550017E-016  -4.2561338915342328E-016  -4.5353451938288933E-009   2.9011294652251823E-003  -3.0689381977180912E-010   4.1768664638976665E-010  -1.4505643487975437E-003  -1.5739188886555991E-011  -1.4505651164177882E-003   2.0284882244673044E-016  -4.0243917945384126E-016  -4.2049015912247549E-016  -6.0847282828997844E-017  -6.3680987902391724E-017  -1.5081824565560043E-016   7.8208309195656776E-017   1.9450549456600050E-017   5.8194865945134708E-017  -1.9207476271065117E-016   6.8261855549377958E-018   4.7850993479543972E-017   1.5106212095615047E-016  -8.0622449297862080E-009   2.8187141955524495E-002  -1.3215580894777489E-009   2.1594085982760597E-009  -1.4093570010374709E-002   1.3533380612392603E-009  -1.4093571945150922E-002  -1.2336754243732492E-016   5.5284495465139233E-016  -4.9231267212749645E-016  0.21958724139469354       -4.5627234595725431E-009   8.3789260736526859E-009 -0.10979361895792890        5.3872427373597118E-009 -0.10979362243679906        1.5179131108945808E-015   3.6342632560448465E-015  -1.7966926456159275E-015   2.9976020057964817E-009  -4.4493722724630089E-017   9.3197859658617528E-017   7.1398910154130329E-017   7.1635536797170324E-017  -1.4075557256186715E-017   8.5532150975900138E-018   1.7636171896028764E-016   3.6206243495464599E-017   3.3138685190907042E-017  -2.1610017236845066E-017   6.2876073396814276E-009   4.5336907321494057E-016   1.1573820799979250E-015  -6.0050641645442731E-016  -3.7759278634825985E-009   9.9590530470745744E-010
  -9.4942143497789069E-017  -2.8469122445954969E-016   9.4032321052005056E-017   2.6381109496099827E-009  -1.5310268723800124E-010   2.9011298507678174E-003   3.6193663734815906E-010   3.4292260556703672E-010  -5.3081510553718920E-011  -1.8981919846998302E-010   5.0204767740583279E-017  -4.7751542633956303E-017  -8.8759217028563539E-017  -2.2160398540852607E-017  -6.5704832623565883E-017  -1.7763720773100554E-016  -1.2917365998412494E-017   7.4020756321697391E-017   6.7407797347086287E-017  -1.7207650522845399E-016  -4.9323451542918877E-017  -1.1610647753511673E-016   1.3270184493279044E-016   4.1269067801745830E-009  -1.3215580894777489E-009   2.8187144470696281E-002   1.6661915379855051E-009   2.4752095340485304E-009  -1.2204816214195200E-009  -1.1536520011098730E-009  -9.5334003078604164E-017  -2.1685668187274314E-016  -1.1111681424890976E-016  -4.7742390947942682E-009  0.21958725029552043        5.1355664344261118E-009   7.0384201813282446E-009  -4.0770860789172788E-009  -2.2641811507932988E-009  -6.1270683742616551E-016  -1.1017958907986087E-015   2.6281414319183956E-016  -1.7707130368606183E-009   6.8306990906257133E-017  -2.0144639931050710E-016   2.0186158919608255E-016   4.0124240171421928E-017   2.3895295443980424E-017  -1.2517010998848394E-016   1.5496740145729628E-017  -1.3387295931591849E-016  -8.5593053141417755E-017  -2.0362367354290170E-016  -3.2722280383813502E-009  -1.9677079977806685E-016  -3.5102102546795125E-016   6.6059276985319870E-017   2.0486978884271000E-009  -5.4349954584995866E-010
