   4.3267259756542402E-015   1.2027998607693277E-016   8.9217217406621752E-016  -2.4497562174492211E-015  -1.6848057194298258E-015  -1.8769715498325326E-015   4.6372569941351151E-008  -1.1028640812723059E-018  -8.6424901888888943E-019   4.4923280733241050E-019   2.6178028904418983E-008   8.1242085749709245E-018   6.3663064429041548E-018  -3.3093121763101243E-018  -1.9654699790220483E-015   5.0576059118264622E-017  -4.3295476652463418E-016   9.9300420778936601E-016  -8.6528045522312686E-017   9.7245949726331187E-016   1.9056098979871122E-016   1.4932757221649517E-016  -7.7623264769791106E-017  -1.4647569143365777E-008  -8.0352353259729578E-016   1.7643114488249440E-017  -1.7620277376135967E-016   4.0941489737045113E-016  -1.0814466736951574E-017   3.9410669613042876E-016   6.6515437472208467E-016   5.2122883599329766E-016  -2.7094450549769599E-016  -1.2425804391352634E-008  -5.5904293736402482E-025  -1.3705630569681523E-024  -5.6515394010161659E-025   1.1373762672572730E-024   4.3901937195146712E-025   1.0875807230211415E-024   3.1080650496484660E-024   2.1376646338861018E-025   8.9187807311442416E-025   1.6159288691090194E-024   7.1820284126717173E-009   2.0086585237720184E-009
   1.2027998607693277E-016   3.3437712243669094E-018   2.4801750007529551E-017  -6.8101607226336590E-017  -4.6837006416984040E-017  -5.2178428595846574E-017   1.2891851351942463E-009   4.3725256024853639E-020  -2.5631342918577272E-020  -1.1137078861676701E-018   7.2766234727142261E-010  -3.2208577503615402E-019   1.8880668865401719E-019   8.2038732266596052E-018  -5.4629091365031768E-017   1.4059872792629402E-018  -1.2033792303860773E-017   2.7599682183770290E-017  -2.4070629051703766E-018   2.7029235249239609E-017  -7.5547644170561573E-018   4.4286168285405652E-018   1.9242888806561816E-016  -4.1239352386492115E-010  -2.2370572855538426E-017   4.9113674885600223E-019  -4.9055748101162438E-018   1.1398420943455378E-017  -3.0061112507445358E-019   1.0972099251904684E-017  -2.6369953597542784E-017   1.5458109835308893E-017   6.7167429251615759E-016  -3.5488840400083063E-010   1.0281814831605926E-025  -1.2848367306569283E-025  -4.5154846259880297E-025   1.7704569313590048E-026  -2.0249715085584381E-026  -1.1417793480841088E-025  -1.7639195965854166E-026   1.6206659315482388E-025   2.5551059432838155E-025   2.5329294865016115E-025   2.0625047124728694E-010   5.7783345069829319E-011
   8.9217217406621752E-016   2.4801750007529551E-017   1.8396617069668646E-016  -5.0514043433862294E-016  -3.4740728597600041E-016  -3.8703210917769402E-016   9.5620218906632173E-009  -3.4865588105731677E-018   3.7122724384668790E-019  -3.5806426754074494E-019   5.3979353668516616E-009   2.5683014379443754E-017  -2.7345592279319535E-018   2.6375740578875185E-018  -4.0528301831511183E-016   1.0428796261306426E-017  -8.9275939966803473E-017   2.0475911458886101E-016  -1.7841676407845527E-017   2.0052260990568101E-016   6.0241807973564579E-016  -6.4141366080517641E-017   6.1866565682273776E-017  -3.0189652048980330E-009  -1.6567806501239428E-016   3.6378391138483560E-018  -3.6331154754465076E-017   8.4417009728259563E-017  -2.2299524316949048E-018   8.1260655114355970E-017   2.1027443048204205E-015  -2.2388586429853367E-016   2.1594566355203507E-016  -2.5597167370422597E-009  -4.1520879147064883E-025  -1.2552061753433085E-025  -1.7510269099187144E-025   4.9280842727656907E-025   4.4387474712502500E-025   3.6819779461170204E-025   4.9566534467448058E-025  -3.2447768402808947E-026   2.2143675125607616E-025   4.3392730947872162E-025   1.4792019422763171E-009   4.1367471942546900E-010
  -2.4497562174492211E-015  -6.8101607226336590E-017  -5.0514043433862294E-016   1.3870316623484976E-015   9.5392362200971256E-016   1.0627255694361351E-015  -2.6255831025230156E-008   1.5018879699054225E-018  -1.4714085622417811E-019  -6.5714236049721661E-019  -1.4821703726267547E-008  -1.1063442950651601E-017   1.0838725629175891E-018   4.8407685440727209E-018   1.1128217907652052E-015  -2.8635752455802480E-017   2.4513304911149013E-016  -5.6222485342644180E-016   4.8993329531883678E-017  -5.5059338561600198E-016  -2.5950314720022009E-016   2.5422938972852383E-017   1.1354463985411131E-016   8.2992531939439246E-009   4.5498610214695559E-016  -9.9901477222832749E-018   9.9772808255446364E-017  -2.3182662593437249E-016   6.1230341865184088E-018  -2.2315837973015633E-016  -9.0579744340926841E-016   8.8738949231318692E-017   3.9632829864867050E-016   7.0461566036653375E-009   4.5430832606005633E-025   4.8147689730232772E-025   9.4536382077419658E-026  -7.2363793869377730E-025  -3.8960029574595037E-025  -7.2148692274764395E-025  -1.6408816481310773E-024   7.4062485894437769E-026  -3.7078395111946158E-025  -8.9217145769356089E-025  -4.0739130269444160E-009  -1.1394989702129337E-009
  -1.6848057194298258E-015  -4.6837006416984040E-017  -3.4740728597600041E-016   9.5392362200971256E-016   6.5605967173590914E-016   7.3088279457909986E-016  -1.8057733843534671E-008   2.1840260183118372E-018   3.4398980239258645E-019  -2.9985978275204137E-020  -1.0193038636193893E-008  -1.6088229192097516E-017  -2.5339275508003532E-018   2.2093796801700360E-019   7.6526646419704960E-016  -1.9694131176614326E-017   1.6857384530653201E-016  -3.8662925672101156E-016   3.3706897844433140E-017  -3.7863476830970792E-016  -3.7736392148986008E-016  -5.9435593165252937E-017   5.1824361331950166E-018   5.7458047798339360E-009   3.1315670747024949E-016  -6.8755696130276940E-018   6.8671270428213342E-017  -1.5956154440903707E-016   4.2109091444002514E-018  -1.5359441807013693E-016  -1.3171912653811269E-015  -2.0746031462903721E-016   1.8089320050458918E-017   4.9151402214248444E-009   3.8171984491454806E-025   5.7020414545321589E-025   2.3942353527050670E-025  -5.7844285328333114E-025  -3.3829132109005534E-025  -5.1178926790569722E-025  -1.2239544551043152E-024  -9.3337052745669818E-026  -3.7150859232559929E-025  -6.3520632932592479E-025  -2.8500455798247724E-009  -7.9790222578618574E-010
  -1.8769715498325326E-015  -5.2178428595846574E-017  -3.8703210917769402E-016   1.0627255694361351E-015   7.3088279457909986E-016   8.1424675768929394E-016  -2.0116758067010943E-008  -1.3162641170680476E-018   9.0370194569426913E-019   2.3815468042001645E-019  -1.1356336076945696E-008   9.6958837497877679E-018  -6.6569202201570346E-018  -1.7542495143495705E-018   8.5264901036374696E-016  -2.1940327598460335E-017   1.8782189844973377E-016  -4.3077976996060287E-016   3.7534750412274448E-017  -4.2186651815352622E-016   2.2742538495866627E-016  -1.5614394513237272E-016  -4.1147155706304708E-017   6.3483175577855624E-009   3.4853773474870915E-016  -7.6529734972427839E-018   7.6430032247779251E-017  -1.7758842642630475E-016   4.6914370487194910E-018  -1.7094846570654719E-016   7.9382982731722148E-016  -5.4502144442069286E-016  -1.4362441308021922E-016   5.3796448270194330E-009   8.2902392380089289E-027   8.3333615049915487E-025   4.9350397198800341E-025  -3.4336698906850111E-025   3.4647381366034370E-026  -3.0708755147093932E-025  -1.4244944756827105E-024  -2.7597236235026171E-025  -5.2261680331750736E-025  -7.4965474636277155E-025  -3.1081127083716336E-009  -8.6915871946914755E-010
   4.6372569941351151E-008   1.2891851351942463E-009   9.5620218906632173E-009  -2.6255831025230156E-008  -1.8057733843534671E-008  -2.0116758067010943E-008  0.49705793681820443        3.3151668222719259E-016   3.8742789963597544E-017  -2.4573899561140088E-016  0.28051040396843407       -1.8811954385515336E-016  -1.5472583838540455E-016   3.0279553868078961E-016  -2.1057217874019481E-008   5.4206587768133635E-010  -4.6385517417176196E-009   1.0638384049595820E-008  -9.2876796567487931E-010   1.0418766986725555E-008   6.1674223421578650E-016   3.4295315493675555E-016   1.4887896343862173E-015 -0.16137541052877422       -8.6399098504662471E-009   1.8965913356711824E-010  -1.8946125902078098E-009   4.4023017778293962E-009  -1.1588638390562656E-010   4.2375883403981445E-009   1.9106125676607793E-015   8.7727534926685395E-016   5.3265478250673736E-015 -0.14115502763417143       -4.0908332475572400E-018  -1.0817864320408063E-017  -7.5262170293080826E-018   1.1332789352657750E-017   3.7495334052489866E-018   1.0359988174258796E-017   3.0591924263487855E-017   1.2135004953392136E-018   9.9680083629531079E-018   1.9120593015528895E-017   8.2537589258362701E-002   2.3167938757389678E-002
  -1.1028640812723059E-018   4.3725256024853639E-020  -3.4865588105731677E-018   1.5018879699054225E-018   2.1840260183118372E-018  -1.3162641170680476E-018   3.3151668222719259E-016   3.6568939279864573E-006  -3.9921144195294335E-015  -2.1328987864203985E-012   1.7047458925798905E-016  -2.6937708783773755E-005  -9.8054546899980482E-014   1.2326353622000535E-011   2.0106550465617346E-018  -4.8454088539536420E-019   2.5819145300397597E-018  -1.2897944725133742E-018  -1.2016678345469961E-018   1.0173320231193123E-018  -6.3184795007629807E-004   6.5993366982791317E-013   1.8581033793396677E-010  -1.2406447980347088E-015   1.3980603177082591E-018   6.4118881054656337E-020  -7.2968832912771655E-019   3.2271814836525655E-018   7.7613785546056071E-019   3.4126219486305784E-018  -2.2054694673671028E-003   9.7699763243414421E-013   6.4052171298818515E-010  -2.0977468924593851E-015   3.7813671775385242E-013   4.7635610910862391E-014  -7.9401331436919865E-014  -2.8532900917975260E-013  -3.6325793866095928E-013  -2.2192950257864598E-013  -4.6075896048666475E-014   2.6172269672369966E-014   1.4184156155681172E-014   3.9676895955188811E-014   1.4604455853208754E-015   4.2927471264011098E-016
  -8.6424901888888943E-019  -2.5631342918577272E-020   3.7122724384668790E-019  -1.4714085622417811E-019   3.4398980239258645E-019   9.0370194569426913E-019   3.8742789963597544E-017  -3.9921144195294335E-015   3.6569116427237331E-006   1.6745626263558060E-012   2.4959871188309217E-017  -9.8038534160666029E-014  -2.6937810736453476E-005  -8.6724801562626550E-012   1.1642407901990666E-018  -1.8309210205757761E-019  -1.4773678438937281E-019   9.3275798013085046E-019   1.2839187358086191E-019  -2.2287244470713259E-018   6.6033860463537393E-013  -6.3184949441481939E-004  -1.4847433212385246E-010  -6.7401079656258099E-017  -5.1651002121589379E-019   1.4335513422581670E-019  -7.6218625164782946E-019   4.2715955590302287E-019   3.3860699995179770E-019   3.8611581564100365E-020   9.7843114278844571E-013  -2.2054747864401381E-003  -5.0104644484000572E-010  -1.0143803206415660E-016  -4.6265606391292348E-014   1.5702791935435568E-012   2.9489852426893646E-013   4.7961614769005211E-014   2.6169844859600020E-013   1.4096938393611025E-014  -9.6246999245948014E-013  -7.6701491209710255E-013  -2.7905724157323787E-013   3.5190180120839044E-013   7.0478108924607406E-017   2.0590476921236345E-017
   4.4923280733241050E-019  -1.1137078861676701E-018  -3.5806426754074494E-019  -6.5714236049721661E-019  -2.9985978275204137E-020   2.3815468042001645E-019  -2.4573899561140088E-016  -2.1328987864203985E-012   1.6745626263558060E-012   3.6569108351591733E-006  -1.2187653176570333E-016   1.2326377670709441E-011  -8.6724779147304257E-012  -2.6937806399897659E-005   1.1115100725109812E-018   8.8207030213030771E-019   5.6440893803015182E-019  -2.4511995568564694E-019  -5.6620115000575676E-019   3.8568376744246014E-020   1.8581100964543395E-010  -1.4847427449969979E-010  -6.3184942321042490E-004   1.0908201612319699E-016   6.9350592579301181E-019  -5.6260983095683119E-019  -8.5651507653338993E-019  -4.8907008785118210E-019   3.0380767376711831E-020   3.8125323059489071E-019   6.4052405143354725E-010  -5.0104624286381161E-010  -2.2054745445268496E-003   1.5158964883673499E-016  -3.5803824739568561E-013   2.9488744516679944E-013   1.4091584052498824E-012   2.6181029753786237E-014   7.9710366277505646E-014   4.5418239837538907E-013   3.3736434947356328E-013  -5.0368168287215257E-013  -7.4750392268969055E-013  -6.7490123624015828E-013  -9.5052152152242965E-017  -2.7661816960823483E-017
   2.6178028904418983E-008   7.2766234727142261E-010   5.3979353668516616E-009  -1.4821703726267547E-008  -1.0193038636193893E-008  -1.1356336076945696E-008  0.28051040396843407        1.7047458925798905E-016   2.4959871188309217E-017  -1.2187653176570333E-016  0.15845178815257138       -1.3444251503465561E-016  -1.2374576440553201E-016   4.9817777695821020E-017  -1.1901019421531084E-008   3.0599316653139486E-010  -2.6214977441164519E-009   6.0129718828024750E-009  -5.2192854799984743E-010   5.8880091139849655E-009  -5.6328970581459452E-016  -5.0377102252806384E-016  -1.9112150965977763E-015  -8.3580280098692547E-002  -4.8294060333392666E-009   1.0609643032807035E-010  -1.0590437218969802E-009   2.4606357691099961E-009  -6.5453705430673826E-011   2.3687573248570152E-009  -2.1557197191521117E-015  -1.9878330428782091E-015  -6.6452142580113233E-015  -6.6009861305834666E-002  -2.8651379646931468E-018  -6.3266762747707355E-018  -4.0704893481866452E-018   6.4352251595571857E-018   2.6984635709332575E-018   5.8770161291709122E-018   1.6735530770756753E-017   4.8375970378261921E-019   5.4798918010522607E-018   1.0976709666144556E-017   3.7060305384776622E-002   1.0268480760694910E-002
   8.1242085749709245E-018  -3.2208577503615402E-019   2.5683014379443754E-017  -1.1063442950651601E-017  -1.6088229192097516E-017   9.6958837497877679E-018  -1.8811954385515336E-016  -2.6937708783773755E-005  -9.8038534160666029E-014   1.2326377670709441E-011  -1.3444251503465561E-016   1.9843073625024774E-004   1.6610928834526313E-012  -6.5863411986242330E-011  -1.4811129051041747E-017   3.5692659506591412E-018  -1.9019126031550686E-017   9.5010276866527719E-018   8.8518171664473926E-018  -7.4939148197791027E-018   4.6543696399069809E-003   1.7158947761453683E-011  -7.8383646214598320E-010   7.8887256685363466E-016  -1.0298592402654834E-017  -4.7231537655746737E-019   5.3750712693082880E-018  -2.3772281536959385E-017  -5.7172501593440929E-018  -2.5138290770817373E-017   1.6246108148986985E-002   6.9664813173942125E-011  -2.6766841486474100E-009   9.2995631616676265E-016  -2.7854610404325656E-012  -3.5089763008719408E-013   5.8489121577828776E-013   2.1018136739724167E-012   2.6758600207059211E-012   1.6347946890044222E-012   3.3940772545985175E-013  -1.9279180357565860E-013  -1.0448378033957280E-013  -2.9227055800516310E-013  -7.0236080832756438E-016  -2.0309702671557832E-016
   6.3663064429041548E-018   1.8880668865401719E-019  -2.7345592279319535E-018   1.0838725629175891E-018  -2.5339275508003532E-018  -6.6569202201570346E-018  -1.5472583838540455E-016  -9.8054546899980482E-014  -2.6937810736453476E-005  -8.6724779147304257E-012  -1.2374576440553201E-016   1.6610928834526313E-012   1.9843127703586725E-004   3.6902612104034795E-011  -8.5761187702991197E-018   1.3487075051987580E-018   1.0882691387651165E-018  -6.8709484990995033E-018  -9.4577060826078923E-019   1.6417395455906717E-017   1.7158731622785982E-011   4.6543760848959037E-003   4.6083415204103097E-010  -2.3481665320448301E-016   3.8047481010117992E-018  -1.0559935330456608E-018   5.6144699994404562E-018  -3.1465713075057691E-018  -2.4942717382048260E-018  -2.8442000026458470E-019   6.9663910805602976E-011   1.6246130118937281E-002   1.4818139107434002E-009  -5.4522541689570752E-016   3.4080473107212464E-013  -1.1567105464303575E-011  -2.1723017228005527E-012  -3.5329832799454554E-013  -1.9277422122202636E-012  -1.0384143879868969E-013   7.0898173844457679E-012   5.6500409921022013E-012   2.0556111694200777E-012  -2.5922055335196038E-012   3.7798470487736321E-016   1.1249040354667796E-016
  -3.3093121763101243E-018   8.2038732266596052E-018   2.6375740578875185E-018   4.8407685440727209E-018   2.2093796801700360E-019  -1.7542495143495705E-018   3.0279553868078961E-016   1.2326353622000535E-011  -8.6724801562626550E-012  -2.6937806399897659E-005   4.9817777695821020E-017  -6.5863411986242330E-011   3.6902612104034795E-011   1.9843125696741447E-004  -8.1876246623891827E-018  -6.4975727156790176E-018  -4.1575793016458721E-018   1.8055907392663754E-018   4.1707967835935876E-018  -2.8413984059884600E-019  -7.8383725496041768E-010   4.6083411486079106E-010   4.6543758389421359E-003  -1.7650767398195058E-016  -5.1085292737487918E-018   4.1443375378739599E-018   6.3093303946710251E-018   3.6026078179156939E-018  -2.2379307900595661E-019  -2.8084320642045342E-018  -2.6766868705365405E-009   1.4818137747865388E-009   1.6246129309243833E-002  -4.3778220889636381E-016   2.6374073575581046E-012  -2.1722201265939006E-012  -1.0380246243225411E-011  -1.9285632083593417E-013  -5.8716778269811834E-013  -3.3456316728163364E-012  -2.4851190831174506E-012   3.7102563814005300E-012   5.5063182533289307E-012   4.9715075961743255E-012   2.7497268405526330E-016   8.1945152764394451E-017
  -1.9654699790220483E-015  -5.4629091365031768E-017  -4.0528301831511183E-016   1.1128217907652052E-015   7.6526646419704960E-016   8.5264901036374696E-016  -2.1057217874019481E-008   2.0106550465617346E-018   1.1642407901990666E-018   1.1115100725109812E-018  -1.1901019421531084E-008  -1.4811129051041747E-017  -8.5761187702991197E-018  -8.1876246623891827E-018   8.9414299656142397E-016  -2.2973748969017462E-017   1.9695318556159734E-016  -4.5178260912488636E-016   3.9083667674358053E-017  -4.4235747232712386E-016  -3.4740843670830565E-016  -2.0116040249268144E-016  -1.9204759207826495E-016   5.9486210594113252E-009   3.6051261018921207E-016  -7.9237124284199460E-018   7.9058013495182024E-017  -1.8368093773694242E-016   4.9158029162460173E-018  -1.7683062273836353E-016  -1.2126314426479470E-015  -7.0215167469595030E-016  -6.7034337512909388E-016   4.3619713487009654E-009   3.2362200183559588E-025   1.1003106042656271E-024   7.7641137846243246E-025  -6.1845531167304816E-025  -3.2006625365141732E-025  -4.2198470744927544E-025  -1.4625272273221022E-024  -4.1047041374736092E-025  -7.1328423686830219E-025  -9.0336879024482916E-025  -2.3683219057923870E-009  -6.4887298609808910E-010
   5.0576059118264622E-017   1.4059872792629402E-018   1.0428796261306426E-017  -2.8635752455802480E-017  -1.9694131176614326E-017  -2.1940327598460335E-017   5.4206587768133635E-010  -4.8454088539536420E-019  -1.8309210205757761E-019   8.8207030213030771E-019   3.0599316653139486E-010   3.5692659506591412E-018   1.3487075051987580E-018  -6.4975727156790176E-018  -2.2973748969017462E-017   5.9119563795874915E-019  -5.0606770171117204E-018   1.1606875901334075E-017  -1.0116276044514390E-018   1.1366799783057204E-017   8.3720291915705621E-017   3.1635110556028129E-017  -1.5240615292308895E-016  -1.7179509572434044E-010  -9.3962412336302206E-018   2.0630856979925816E-019  -2.0604778211829663E-018   4.7876221820482560E-018  -1.2641008798036079E-019   4.6085965230665129E-018   2.9222623295100953E-016   1.1042256393287013E-016  -5.3197467331819499E-016  -1.4629632000028225E-010  -1.3892081438599791E-025  -2.5724514247581920E-026   3.2754522519774147E-025   5.4101142428246408E-026   5.8671016974345441E-026   1.4956681999882406E-025   1.6873405336929322E-025  -8.5345712446306591E-026  -1.5742126866692905E-025  -1.6471043923342002E-025   8.4683200055351977E-011   2.3695096148492661E-011
  -4.3295476652463418E-016  -1.2033792303860773E-017  -8.9275939966803473E-017   2.4513304911149013E-016   1.6857384530653201E-016   1.8782189844973377E-016  -4.6385517417176196E-009   2.5819145300397597E-018  -1.4773678438937281E-019   5.6440893803015182E-019  -2.6214977441164519E-009  -1.9019126031550686E-017   1.0882691387651165E-018  -4.1575793016458721E-018   1.9695318556159734E-016  -5.0606770171117204E-018   4.3383009496213472E-017  -9.9514036059325788E-017   8.6109275802957871E-018  -9.7438507815123600E-017  -4.4611059606802848E-016   2.5526257137270186E-017  -9.7519624233585798E-017   1.3152926323870623E-009   7.9445335814158384E-017  -1.7460746314404000E-018   1.7421818291473052E-017  -4.0477410403479561E-017   1.0828333459058081E-018  -3.8967695358892513E-017  -1.5571519968542246E-015   8.9099573181325518E-017  -3.4039289262954316E-016   9.6981866108436936E-010   2.6593062812193583E-025   1.2230336463644987E-025   2.1524839274955344E-025  -3.0611815980410460E-025  -3.0456127580546843E-025  -1.8461673611564144E-025  -2.1360464704701617E-025  -3.4479207228837349E-026  -1.8340048556383009E-025  -2.7353983618574375E-025  -5.2794282445912873E-010  -1.4477570075217241E-010
   9.9300420778936601E-016   2.7599682183770290E-017   2.0475911458886101E-016  -5.6222485342644180E-016  -3.8662925672101156E-016  -4.3077976996060287E-016   1.0638384049595820E-008  -1.2897944725133742E-018   9.3275798013085046E-019  -2.4511995568564694E-019   6.0129718828024750E-009   9.5010276866527719E-018  -6.8709484990995033E-018   1.8055907392663754E-018  -4.5178260912488636E-016   1.1606875901334075E-017  -9.9514036059325788E-017   2.2827287011887230E-016  -1.9739307839514711E-017   2.2350826425421788E-016   2.2285516570904580E-016  -1.6116391007147378E-016   4.2351619948526861E-017  -2.9840848187921913E-009  -1.8200402013468359E-016   4.0005100217064540E-018  -3.9912331915791914E-017   9.2730651494364554E-017  -2.4836821393165672E-018   8.9272833197366305E-017   7.7787742812666765E-016  -5.6254369115710008E-016   1.4782861347847719E-016  -2.1650260729389392E-009  -2.4362999462208151E-025   1.1852277478381625E-025  -1.4121847106357190E-025   3.5615503096094146E-025   3.0630969481642185E-025   2.7506913098302870E-025   3.6973154362836950E-025  -1.5774843717229520E-025   1.7814190793519274E-025   5.4191005027921513E-025   1.1695192934994106E-009   3.1986329595773635E-010
  -8.6528045522312686E-017  -2.4070629051703766E-018  -1.7841676407845527E-017   4.8993329531883678E-017   3.3706897844433140E-017   3.7534750412274448E-017  -9.2876796567487931E-010  -1.2016678345469961E-018   1.2839187358086191E-019  -5.6620115000575676E-019  -5.2192854799984743E-010   8.8518171664473926E-018  -9.4577060826078923E-019   4.1707967835935876E-018   3.9083667674358053E-017  -1.0116276044514390E-018   8.6109275802957871E-018  -1.9739307839514711E-017   1.7685130101877092E-018  -1.9344245488854826E-017   2.0762725800768986E-016  -2.2183876728621404E-017   9.7829674305324897E-017   4.1347282347723633E-010   1.6838128961981652E-017  -3.6837260091346700E-019   3.6920419439910779E-018  -8.5809867088122771E-018   2.1572708987257804E-019  -8.2571323364284950E-018   7.2472432429076108E-016  -7.7432968950871353E-017   3.4147512034664172E-016   4.6773301335245194E-010  -7.1118540810919687E-026   1.0721097941032855E-026  -1.6502988903268670E-025   7.0807363368217028E-026   1.1791209948063738E-025  -1.5802737176719385E-026  -1.3594919095592894E-025   3.7183486592115077E-026   8.0478768813081628E-026   7.0867285953611895E-026  -2.9647594098955348E-010  -8.5224725993611547E-011
   9.7245949726331187E-016   2.7029235249239609E-017   2.0052260990568101E-016  -5.5059338561600198E-016  -3.7863476830970792E-016  -4.2186651815352622E-016   1.0418766986725555E-008   1.0173320231193123E-018  -2.2287244470713259E-018   3.8568376744246014E-020   5.8880091139849655E-009  -7.4939148197791027E-018   1.6417395455906717E-017  -2.8413984059884600E-019  -4.4235747232712386E-016   1.1366799783057204E-017  -9.7438507815123600E-017   2.2350826425421788E-016  -1.9344245488854826E-017   2.1884776772763657E-016  -1.7577635744920641E-016   3.8508420883801668E-016  -6.6649193718627382E-018  -2.9645502128405055E-009  -1.7850764949709661E-016   3.9231813617434225E-018  -3.9145475224099396E-017   9.0949807457765781E-017  -2.4321049359000450E-018   8.7557327779624185E-017  -6.1354855073548524E-016   1.3441389360537844E-015  -2.3263957309612334E-017  -2.1969912986288570E-009   1.2811358494708404E-026  -1.1797774696730389E-024  -3.3483811497937279E-025   1.3142738792553432E-025  -1.4861141556152456E-025   1.5331333408029504E-025   1.1890486363085654E-024   4.8364469938242598E-025   3.6695415179403600E-025   2.0062375845956748E-025   1.1988368458847190E-009   3.2901993837649045E-010
   1.9056098979871122E-016  -7.5547644170561573E-018   6.0241807973564579E-016  -2.5950314720022009E-016  -3.7736392148986008E-016   2.2742538495866627E-016   6.1674223421578650E-016  -6.3184795007629807E-004   6.6033860463537393E-013   1.8581100964543395E-010  -5.6328970581459452E-016   4.6543696399069809E-003   1.7158731622785982E-011  -7.8383725496041768E-010  -3.4740843670830565E-016   8.3720291915705621E-017  -4.4611059606802848E-016   2.2285516570904580E-016   2.0762725800768986E-016  -1.7577635744920641E-016  0.10917238505615519       -1.0894722885618994E-010  -5.3455301563169288E-010   4.3288301327658557E-015  -2.4156284187614893E-016  -1.1078558300996093E-017   1.2607707101803743E-016  -5.5759993639439324E-016  -1.3410319590023221E-016  -5.8964092790512088E-016  0.38106693531556196       -1.5108475218518838E-010  -4.7487605517928253E-010  -2.4702389377692665E-015  -6.5335459339458858E-011  -8.2306234810618129E-012   1.3719104793603709E-011   4.9299910884131668E-011   6.2764677849498867E-011   3.8345552548236744E-011   7.9611001647651474E-012  -4.5220898428316775E-012  -2.4507392278279650E-012  -6.8554468801542679E-012   2.9922544236139691E-016   1.6916493697167793E-016
   1.4932757221649517E-016   4.4286168285405652E-018  -6.4141366080517641E-017   2.5422938972852383E-017  -5.9435593165252937E-017  -1.5614394513237272E-016   3.4295315493675555E-016   6.5993366982791317E-013  -6.3184949441481939E-004  -1.4847427449969979E-010  -5.0377102252806384E-016   1.7158947761453683E-011   4.6543760848959037E-003   4.6083411486079106E-010  -2.0116040249268144E-016   3.1635110556028129E-017   2.5526257137270186E-017  -1.6116391007147378E-016  -2.2183876728621404E-017   3.8508420883801668E-016  -1.0894722885618994E-010  0.10917238987347429        1.3155399694802736E-009   1.1476853796354441E-015   8.9243627333733867E-017  -2.4769243452029552E-017   1.3169219968376304E-016  -7.3805528154626585E-017  -5.8505286469399621E-017  -6.6712971768902074E-018  -1.5108822212003131E-010  0.38106693978500938        1.6193231502111452E-009   5.6136483564464533E-016   7.9938626957556700E-012  -2.7131639206222170E-010  -5.0953182130246041E-011  -8.2869156565633045E-012  -4.5216848901641824E-011  -2.4356835176935661E-012   1.6629776299291351E-010   1.3252655814966246E-010   4.8216114834906190E-011  -6.0802417987790646E-011  -5.7120470628993819E-016  -1.5273772822568644E-016
  -7.7623264769791106E-017   1.9242888806561816E-016   6.1866565682273776E-017   1.1354463985411131E-016   5.1824361331950166E-018  -4.1147155706304708E-017   1.4887896343862173E-015   1.8581033793396677E-010  -1.4847433212385246E-010  -6.3184942321042490E-004  -1.9112150965977763E-015  -7.8383646214598320E-010   4.6083415204103097E-010   4.6543758389421359E-003  -1.9204759207826495E-016  -1.5240615292308895E-016  -9.7519624233585798E-017   4.2351619948526861E-017   9.7829674305324897E-017  -6.6649193718627382E-018  -5.3455301563169288E-010   1.3155399694802736E-009  0.10917238937657132        2.1432222944693993E-015  -1.1982487090947742E-016   9.7208999891504904E-017   1.4799080882161786E-016   8.4502116999670277E-017  -5.2492747565358311E-018  -6.5874347311554718E-017  -4.7487498945598082E-010   1.6193230052795728E-009  0.38106693919544216       -5.4554815991928937E-016   6.1862647106409189E-011  -5.0951269542313108E-011  -2.4347759889617284E-010  -4.5236021341859613E-012  -1.3772511277971502E-011  -7.8474662589706886E-011  -5.8290619156548081E-011   8.7027243027241384E-011   1.2915542702281139E-010   1.1661099173156632E-010  -1.5133220109588225E-016  -1.0703447172333280E-017
  -1.4647569143365777E-008  -4.1239352386492115E-010  -3.0189652048980330E-009   8.2992531939439246E-009   5.7458047798339360E-009   6.3483175577855624E-009 -0.16137541052877422       -1.2406447980347088E-015  -6.7401079656258099E-017   1.0908201612319699E-016  -8.3580280098692547E-002   7.8887256685363466E-016  -2.3481665320448301E-016  -1.7650767398195058E-016   5.9486210594113252E-009  -1.7179509572434044E-010   1.3152926323870623E-009  -2.9840848187921913E-009   4.1347282347723633E-010  -2.9645502128405055E-009   4.3288301327658557E-015   1.1476853796354441E-015   2.1432222944693993E-015  0.43115524902851837        5.1539750921801684E-009  -1.0890835839142224E-010   1.1290903457994362E-009  -2.6309766634331961E-009   3.4882464857455185E-011  -2.5230832248259125E-009   1.2513053207528695E-014   1.6352660951602452E-015   5.0407634930525340E-015  0.73603380431085064       -2.6812020166709619E-017  -7.6987171346362819E-018   1.1386493530116928E-017  -1.6737664462310320E-018   2.8234302482898790E-017  -1.8240955314096013E-018  -3.6669015118396101E-017  -1.0560952498585406E-017  -1.0591722110489937E-017   3.2059820912040442E-018 -0.50813275436706029      -0.14941570836315368     
  -8.0352353259729578E-016  -2.2370572855538426E-017  -1.6567806501239428E-016   4.5498610214695559E-016   3.1315670747024949E-016   3.4853773474870915E-016  -8.6399098504662471E-009   1.3980603177082591E-018  -5.1651002121589379E-019   6.9350592579301181E-019  -4.8294060333392666E-009  -1.0298592402654834E-017   3.8047481010117992E-018  -5.1085292737487918E-018   3.6051261018921207E-016  -9.3962412336302206E-018   7.9445335814158384E-017  -1.8200402013468359E-016   1.6838128961981652E-017  -1.7850764949709661E-016  -2.4156284187614893E-016   8.9243627333733867E-017  -1.1982487090947742E-016   5.1539750921801684E-009   1.6474687059255880E-016  -3.5902159740003227E-018   3.6119854512828018E-017  -8.3973816282218129E-017   1.9973478130205230E-018  -8.0773276922223759E-017  -8.4317671809215393E-016   3.1150545696679776E-016  -4.1824951829930481E-016   6.7339458565345724E-009  -2.0204605210326948E-026  -2.9142652177157094E-026   3.8150938520362221E-025  -2.9544387059579298E-025  -4.3252030397912149E-026  -1.7123711128738594E-025  -5.1525963703238442E-025  -6.1322956801921562E-026  -3.1580116954080597E-025  -4.3649987411129240E-025  -4.4197244317960045E-009  -1.2826754865526838E-009
   1.7643114488249440E-017   4.9113674885600223E-019   3.6378391138483560E-018  -9.9901477222832749E-018  -6.8755696130276940E-018  -7.6529734972427839E-018   1.8965913356711824E-010   6.4118881054656337E-020   1.4335513422581670E-019  -5.6260983095683119E-019   1.0609643032807035E-010  -4.7231537655746737E-019  -1.0559935330456608E-018   4.1443375378739599E-018  -7.9237124284199460E-018   2.0630856979925816E-019  -1.7460746314404000E-018   4.0005100217064540E-018  -3.6837260091346700E-019   3.9231813617434225E-018  -1.1078558300996093E-017  -2.4769243452029552E-017   9.7208999891504904E-017  -1.0890835839142224E-010  -3.5902159740003227E-018   7.8282170787182153E-020  -7.8714655509458118E-019   1.8299344606285099E-018  -4.3875425253324980E-020   1.7602853816869711E-018  -3.8669779920539111E-017  -8.6457208503500172E-017   3.3930865083000260E-016  -1.4011357938089436E-010   6.1855724322824284E-026   1.4297418701936913E-026  -2.1061785121587385E-025  -3.0770343758577615E-027  -1.0623448520780004E-026  -6.9453195069622750E-026  -7.5426777576231965E-026   4.9615160843861563E-026   1.0903420665891504E-025   1.2444241139942648E-025   9.1645124528048158E-011   2.6572304133523692E-011
  -1.7620277376135967E-016  -4.9055748101162438E-018  -3.6331154754465076E-017   9.9772808255446364E-017   6.8671270428213342E-017   7.6430032247779251E-017  -1.8946125902078098E-009  -7.2968832912771655E-019  -7.6218625164782946E-019  -8.5651507653338993E-019  -1.0590437218969802E-009   5.3750712693082880E-018   5.6144699994404562E-018   6.3093303946710251E-018   7.9058013495182024E-017  -2.0604778211829663E-018   1.7421818291473052E-017  -3.9912331915791914E-017   3.6920419439910779E-018  -3.9145475224099396E-017   1.2607707101803743E-016   1.3169219968376304E-016   1.4799080882161786E-016   1.1290903457994362E-009   3.6119854512828018E-017  -7.8714655509458118E-019   7.9190844080546704E-018  -1.8410789132459343E-017   4.3799871512914318E-019  -1.7709113929995864E-017   4.4007285342477133E-016   4.5967247708573047E-016   5.1656288044385124E-016   1.4746474347836849E-009  -4.5437925538061966E-027  -3.7983519592076948E-025  -3.3484810882131235E-025   3.3020105781288232E-028   2.4943828811354924E-026  -1.0243259904326360E-025  -2.2109998357673725E-026   2.5419093092290769E-025   1.8243496842709587E-025   1.6706155204583357E-026  -9.6778009128477334E-010  -2.8085900354185415E-010
   4.0941489737045113E-016   1.1398420943455378E-017   8.4417009728259563E-017  -2.3182662593437249E-016  -1.5956154440903707E-016  -1.7758842642630475E-016   4.4023017778293962E-009   3.2271814836525655E-018   4.2715955590302287E-019  -4.8907008785118210E-019   2.4606357691099961E-009  -2.3772281536959385E-017  -3.1465713075057691E-018   3.6026078179156939E-018  -1.8368093773694242E-016   4.7876221820482560E-018  -4.0477410403479561E-017   9.2730651494364554E-017  -8.5809867088122771E-018   9.0949807457765781E-017  -5.5759993639439324E-016  -7.3805528154626585E-017   8.4502116999670277E-017  -2.6309766634331961E-009  -8.3973816282218129E-017   1.8299344606285099E-018  -1.8410789132459343E-017   4.2802702027052164E-017  -1.0176753758416424E-018   4.1171228854669688E-017  -1.9463062750848200E-015  -2.5761867645083627E-016   2.9495519576413913E-016  -3.4400224033089588E-009   4.2923136328897224E-025   1.2578129858602077E-025  -3.1911309383772970E-025  -1.5569102512790760E-025  -3.6089744405203795E-025  -1.6807389598769355E-025   1.5756915235802337E-025   4.3868772958456724E-026   1.9151135924690575E-025   3.0585768931391879E-025   2.2581711443612287E-009   6.5538607473017631E-010
  -1.0814466736951574E-017  -3.0061112507445358E-019  -2.2299524316949048E-018   6.1230341865184088E-018   4.2109091444002514E-018   4.6914370487194910E-018  -1.1588638390562656E-010   7.7613785546056071E-019   3.3860699995179770E-019   3.0380767376711831E-020  -6.5453705430673826E-011  -5.7172501593440929E-018  -2.4942717382048260E-018  -2.2379307900595661E-019   4.9158029162460173E-018  -1.2641008798036079E-019   1.0828333459058081E-018  -2.4836821393165672E-018   2.1572708987257804E-019  -2.4321049359000450E-018  -1.3410319590023221E-016  -5.8505286469399621E-017  -5.2492747565358311E-018   3.4882464857455185E-011   1.9973478130205230E-018  -4.3875425253324980E-020   4.3799871512914318E-019  -1.0176753758416424E-018   2.7038127783473206E-020  -9.7966717662332586E-019  -4.6808809630633367E-016  -2.0421308452635747E-016  -1.8322628000796568E-017   2.7914081374890575E-011   7.4154607812434989E-026   1.6056127629382870E-025   2.3850659559686849E-026  -5.8556376419811652E-026  -5.3291237380612958E-026  -4.4450200657643443E-026  -1.0303385784450563E-025  -6.9859798390984705E-026  -3.1309392824793976E-026   3.0871938864882584E-026  -1.5759465447020472E-011  -4.3745048908553095E-012
   3.9410669613042876E-016   1.0972099251904684E-017   8.1260655114355970E-017  -2.2315837973015633E-016  -1.5359441807013693E-016  -1.7094846570654719E-016   4.2375883403981445E-009   3.4126219486305784E-018   3.8611581564100365E-020   3.8125323059489071E-019   2.3687573248570152E-009  -2.5138290770817373E-017  -2.8442000026458470E-019  -2.8084320642045342E-018  -1.7683062273836353E-016   4.6085965230665129E-018  -3.8967695358892513E-017   8.9272833197366305E-017  -8.2571323364284950E-018   8.7557327779624185E-017  -5.8964092790512088E-016  -6.6712971768902074E-018  -6.5874347311554718E-017  -2.5230832248259125E-009  -8.0773276922223759E-017   1.7602853816869711E-018  -1.7709113929995864E-017   4.1171228854669688E-017  -9.7966717662332586E-019   3.9602156102695164E-017  -2.0581455708936719E-015  -2.3286201036737850E-017  -2.2993483912275215E-016  -3.2940840444924904E-009   3.6542408310800478E-025   3.3509705411093322E-026  -1.5322249418485735E-026  -1.7249236206363424E-025  -3.8516438493838574E-025  -7.5944878257276359E-026   3.2380743063009802E-025   4.9554754088340046E-027   3.9619055830179466E-026   1.0487378475887400E-025   2.1616659118085322E-009   6.2732265876885831E-010
   6.6515437472208467E-016  -2.6369953597542784E-017   2.1027443048204205E-015  -9.0579744340926841E-016  -1.3171912653811269E-015   7.9382982731722148E-016   1.9106125676607793E-015  -2.2054694673671028E-003   9.7843114278844571E-013   6.4052405143354725E-010  -2.1557197191521117E-015   1.6246108148986985E-002   6.9663910805602976E-011  -2.6766868705365405E-009  -1.2126314426479470E-015   2.9222623295100953E-016  -1.5571519968542246E-015   7.7787742812666765E-016   7.2472432429076108E-016  -6.1354855073548524E-016  0.38106693531556196       -1.5108822212003131E-010  -4.7487498945598082E-010   1.2513053207528695E-014  -8.4317671809215393E-016  -3.8669779920539111E-017   4.4007285342477133E-016  -1.9463062750848200E-015  -4.6808809630633367E-016  -2.0581455708936719E-015   1.3301166693033384        2.7263660990275995E-010   3.1976872208477501E-009  -1.3428852357856781E-014  -2.2805385406972186E-010  -2.8729047158835017E-011   4.7886623214565964E-011   1.7208166638561139E-010   2.1908052473483859E-010   1.3384540490992221E-010   2.7788272620403382E-011  -1.5784383251454421E-011  -8.5543198091853461E-012  -2.3928981520615511E-011   4.4041279489336845E-015   1.5814445786239581E-015
   5.2122883599329766E-016   1.5458109835308893E-017  -2.2388586429853367E-016   8.8738949231318692E-017  -2.0746031462903721E-016  -5.4502144442069286E-016   8.7727534926685395E-016   9.7699763243414421E-013  -2.2054747864401381E-003  -5.0104624286381161E-010  -1.9878330428782091E-015   6.9664813173942125E-011   1.6246130118937281E-002   1.4818137747865388E-009  -7.0215167469595030E-016   1.1042256393287013E-016   8.9099573181325518E-017  -5.6254369115710008E-016  -7.7432968950871353E-017   1.3441389360537844E-015  -1.5108475218518838E-010  0.38106693978500938        1.6193230052795728E-009   1.6352660951602452E-015   3.1150545696679776E-016  -8.6457208503500172E-017   4.5967247708573047E-016  -2.5761867645083627E-016  -2.0421308452635747E-016  -2.3286201036737850E-017   2.7263660990275995E-010   1.3301166418121464       -4.7235443919509405E-009  -2.4590466696331002E-015   2.7902628120510884E-011  -9.4703163690851074E-010  -1.7785240830839651E-010  -2.8925532988851577E-011  -1.5782970586532035E-010  -8.5017670070909367E-012   5.8046342930977285E-010   4.6258481428435473E-010   1.6829866017651663E-010  -2.1223124023570058E-010   1.0978063135112442E-015   3.7899534512941184E-016
  -2.7094450549769599E-016   6.7167429251615759E-016   2.1594566355203507E-016   3.9632829864867050E-016   1.8089320050458918E-017  -1.4362441308021922E-016   5.3265478250673736E-015   6.4052171298818515E-010  -5.0104644484000572E-010  -2.2054745445268496E-003  -6.6452142580113233E-015  -2.6766841486474100E-009   1.4818139107434002E-009   1.6246129309243833E-002  -6.7034337512909388E-016  -5.3197467331819499E-016  -3.4039289262954316E-016   1.4782861347847719E-016   3.4147512034664172E-016  -2.3263957309612334E-017  -4.7487605517928253E-010   1.6193231502111452E-009  0.38106693919544216        5.0407634930525340E-015  -4.1824951829930481E-016   3.3930865083000260E-016   5.1656288044385124E-016   2.9495519576413913E-016  -1.8322628000796568E-017  -2.2993483912275215E-016   3.1976872208477501E-009  -4.7235443919509405E-009   1.3301166437504544       -6.3109034850606841E-015   2.1593197330700836E-010  -1.7784573231771292E-010  -8.4986014992711985E-010  -1.5789661983648203E-011  -4.8073038668349292E-011  -2.7391632250281989E-010  -2.0346379186072047E-010   3.0376915734968815E-010   4.5081786146094937E-010   4.0703143093828172E-010   2.5407370197409599E-015   8.6704104361315708E-016
