  0.22282931517512425        1.7521150657007978E-008  -2.0792851731639818E-007   8.4477120576293379E-008   3.7466552793600537E-008  -8.5654526911112249E-010  -1.9390499444070913E-008   3.0117640074842736E-008   1.0866827807207104E-008  -6.7584193021199187E-008  0.28391227480810577        4.6745014101458768E-009  -5.5685810426538057E-008   2.9109957534374032E-008  -1.3884708765853102E-010  -1.1065190797633877E-010  -9.4167591750105906E-010   6.3357012735737950E-010   1.3799825254520742E-010  -4.4735004089286877E-010   5.0592754060184043E-011   2.9062923649983521E-010   4.2774493738717039E-011   4.8526286821551065E-010   1.4562815182258869E-008  -7.3759394100527592E-010  -6.1360042119668376E-009   1.1540565177706870E-008   4.1878026172442598E-009  -2.6103379272180406E-008  0.13201441491863164        3.4226407396056756E-009  -3.9951002506921186E-008  -3.7040038737480206E-008  -5.1463548176834913E-002  -1.6526551872560254E-009   1.9516504114009502E-008   4.6666188531761856E-009   4.1664961622481169E-011  -1.6556836060810778E-009   2.7384923739007192E-009   1.1281409134529095E-009  -7.4051113084246739E-009  -9.9357900511985120E-002  -2.7758770779408058E-009   3.2514754642955292E-008   6.8581299540542258E-009   6.6977623398985557E-009
   1.7521150657007978E-008  0.22282945305592011        3.0678000281647599E-008  -1.1737339001099892E-008   4.2534461047572506E-009   2.6333007197961927E-008   1.0874219762185360E-008  -1.6203008145909640E-008   5.3063235582077497E-008   1.1949560855077781E-008   4.6200092425995739E-009  0.28391231176231208        8.1802968829158862E-009  -8.9640212824364793E-010   5.2629383867811203E-011  -3.5263455468561861E-010  -3.7437125921706112E-011  -1.1356635882890647E-010  -6.5765800792597883E-010   4.2956186914062328E-011   7.2048885455782722E-010   1.5952245923426689E-010  -6.1403486004922721E-010  -9.0997424466552479E-011   1.8757757798693693E-009   1.0252650509665844E-008   4.1907454533845824E-009  -6.7161741825072415E-009   2.1777690964447998E-008   4.8403983201029285E-009   3.4034224110577953E-009  0.13201444126210096        5.8689659227459541E-009   3.7045314878433231E-009  -1.6450953490323122E-009  -5.1463561095565283E-002  -2.8724169250292774E-009   3.6648205011292509E-010   3.4058328177709143E-009   1.1289997627534836E-009  -1.5322488091208849E-009   5.8668600985288276E-009   1.1657669282199294E-009  -2.7602675533560571E-009  -9.9357921976428940E-002  -4.7791894160584850E-009  -6.2516945334936871E-010  -7.1521807941929219E-010
  -2.0792851731639818E-007   3.0678000281647599E-008  0.22282913598114934        1.2824047719451916E-007  -2.3519460803184137E-008   1.0960327696015394E-008  -8.6513438315784050E-008   3.9035235879069220E-008   7.9473018136460997E-009  -1.5515775735960355E-008  -5.5488572051414341E-008   8.2375549041149997E-009  0.28391222697184254        3.4800368425057655E-008   5.8110092662840665E-010  -3.6784710605183269E-011  -2.8286014822463489E-011   2.9047392298320922E-010  -5.5317909114456733E-011  -1.0701048166784554E-009  -1.1536505453495276E-010   7.9103761380891298E-010   1.9156257858623134E-010  -5.6858460249089842E-010  -9.8288195992958760E-009   4.2245230700171413E-009  -3.3226726958959135E-008   1.4269842449637794E-008   2.6531014869655000E-009  -4.4410226299903517E-009  -3.9881321867031373E-008   5.8891462718966455E-009  0.13201438042620395       -5.1925967016694123E-008   1.9489113241135136E-008  -2.8803577710042390E-009  -5.1463531358854821E-002  -2.6469821549221764E-009   1.1388822177896978E-009  -8.3104699197078930E-009   3.8456955124679923E-009   9.5507756557186634E-010  -1.1987129110512500E-009   3.2458214973867853E-008  -4.7955876178692962E-009  -9.9357872455298049E-002   9.4346871596953461E-009   9.5244193658769463E-009
   8.4477120576293379E-008  -1.1737339001099892E-008   1.2824047719451916E-007  0.44660448792325613        3.5949346910148548E-009   3.5825522010679105E-009  -2.0934690491896202E-008   1.1598912191146360E-008   2.7764489515949874E-009  -1.5193875940926609E-008  -4.8676944086086038E-009  -5.8027651819365678E-009   1.1854919742599919E-008  0.68238832641886848        6.7141635162269607E-009   4.6777755651642025E-010  -4.3413204757121444E-009   5.6606881048762355E-009   2.2651489095043754E-009  -1.4668686657250555E-008  -1.8872000681707128E-009   8.7039028875417767E-009   2.0641660358661447E-009  -3.2516737267004324E-009   1.1687608272177898E-009   7.0172373348356486E-010   4.7233733998623632E-009  -3.9721529477417149E-009  -8.9139775660308551E-010   2.8031870222510762E-009  -8.2393135173829202E-009  -2.6888250046345918E-009  -1.1316298187506270E-009 -0.46473456134673669       -5.4712487183045355E-010   1.9427060959317572E-009  -6.3716070643404005E-009   5.8757787664158149E-010   5.1606039632953141E-010  -1.6758149224473721E-009   7.2202340059723361E-010   1.8154050537163550E-010  -1.3096405895301566E-009  -1.7357511027541093E-009   2.6230446872591160E-009  -9.7071320964150848E-009   7.8345311496676021E-002   7.8897716382308178E-002
   3.7466552793600537E-008   4.2534461047572506E-009  -2.3519460803184137E-008   3.5949346910148548E-009   8.8922811657066545E-015  -7.6937352314677746E-016   5.9101668471702906E-015   7.2791488493422324E-016   2.0236170718377762E-015  -9.6201962650783444E-015   4.7735387685181995E-008   5.4205787489438913E-009  -2.9969147101923632E-008   5.4934540895214149E-009  -2.9600263201473333E-017  -1.7684518155663922E-017  -1.9103011165388680E-016   1.1929446652022494E-016   3.4742013918855417E-017  -7.9591907736516934E-017   1.9226957418719528E-017   3.8519431225500968E-017  -8.1117290670110648E-018   1.1368165040641303E-016   3.5310594354747108E-015  -3.6855395906314166E-016   2.5934908312626647E-015   2.7400316697255191E-016   8.3252285558329395E-016  -3.8050641001233065E-015   2.2207598596202265E-008   2.5123671427401935E-009  -1.3918096904192316E-008  -3.7111127349205016E-009  -8.5877041992363375E-009  -1.0286764095010529E-009   5.5293221129170807E-009   1.0752363633301917E-015  -4.4170599331003250E-017   6.0782640565797578E-016   3.0497992773542604E-017   2.0180043243144719E-016  -1.1057347274699137E-015  -1.6572565393514209E-008  -1.9911480899885693E-009   1.0685966059650154E-008   6.2108967015626833E-010   6.3646080618511600E-010
  -8.5654526911112249E-010   2.6333007197961927E-008   1.0960327696015394E-008   3.5825522010679105E-009  -7.6937352314677746E-016   3.6830960343691023E-015  -3.0637231933914927E-015  -1.7492470407734802E-017   6.6421404373348478E-015   7.8686558795737062E-016  -1.0932876354785769E-009   3.3550029031524097E-008   1.3964946703865856E-008   5.4742528175364344E-009   8.9197279054854036E-017  -3.9306843451333902E-017  -3.7056423974686434E-017   4.3858868529877152E-017  -6.2813035507998221E-017  -1.6352951587641619E-016   6.4150546004618152E-017   1.2647875058093908E-016  -4.6763986578653423E-017  -6.6654598258212100E-017  -3.0851806159509315E-016   1.4277123980957707E-015  -1.0775128612252924E-015  -1.6803835785924444E-016   2.6808376513845554E-015   4.7655476857376123E-016  -4.9474558748509215E-010   1.5610541017278052E-008   6.4926108151714849E-009  -3.7132573407856266E-009   2.7558306992112225E-010  -6.0226676850288411E-009  -2.5362164731658832E-009  -1.0025321139990946E-016   4.6215729091508959E-016  -2.8185991230274836E-016   3.1602617676081780E-018   7.3762295646319992E-016   9.7092677280244678E-017   5.4067832318778192E-010  -1.1621087670202622E-008  -4.8970771748999386E-009   6.2357126135944464E-010   6.3913893924989976E-010
  -1.9390499444070913E-008   1.0874219762185360E-008  -8.6513438315784050E-008  -2.0934690491896202E-008   5.9101668471702906E-015  -3.0637231933914927E-015   3.6788364390931373E-014  -1.9110652531621514E-014  -1.5717628823660585E-015   1.3200487249228938E-014  -2.4702359180829805E-008   1.3855221819687675E-008  -1.1023160323523596E-007  -3.1983613402047215E-008  -5.2561901695324103E-016  -1.5226505543470637E-017   2.9463836814204708E-016  -4.3877571298140004E-016  -1.2879277520970394E-016   1.1439740540172974E-015   1.6399480823435187E-016  -7.3254855631536827E-016  -2.0479690075802617E-016   3.2642320649654201E-016   2.5857979021325394E-015  -1.1084565551946008E-015   1.3417194499542331E-014  -6.6862420218909666E-015  -2.9000955284578222E-016   4.1004535221748350E-015  -1.1511501530905619E-008   6.4417006330140004E-009  -5.1237426983868388E-008   2.1983201366310449E-008   4.3336922621469856E-009  -2.5157008417304680E-009   2.0085818190405020E-008   6.1206815322791089E-016  -3.0345277465361184E-016   3.5031445176452683E-015  -1.8402051028363424E-015  -1.9137086082196423E-016   1.2281386478798927E-015   8.3507836973522779E-009  -4.8573990040859181E-009   3.8790266378365254E-008  -3.7319825163377503E-009  -3.8277578112489608E-009
   3.0117640074842736E-008  -1.6203008145909640E-008   3.9035235879069220E-008   1.1598912191146360E-008   7.2791488493422324E-016  -1.7492470407734802E-017  -1.9110652531621514E-014   1.2388438441912095E-014  -9.2544593661948768E-016  -1.3116354125133994E-014   3.8374973074137491E-008  -2.0647055386713521E-008   4.9733981120674267E-008   1.7719789248789357E-008   2.5355829308355639E-016   1.6378877985873880E-017  -2.4220991843548191E-016   2.9176081054223590E-016   1.1556938315868706E-016  -6.3195387876445749E-016  -1.1474111820401651E-016   3.9228140541149280E-016   1.3756467944388171E-016  -1.1186745127178799E-016   1.4059725893575974E-016  -8.7058942777647185E-017  -6.8321475414993414E-015   4.4446652768968316E-015  -5.7596490142791801E-016  -4.5852676506823537E-015   1.7834515307360346E-008  -9.5837070058364119E-009   2.3138200872065152E-008  -1.2223549128844391E-008  -7.0083491626709580E-009   3.8382596447044512E-009  -8.9426092789049230E-009   1.5573482811654182E-016  -2.9240178287630264E-017  -1.8050828583986207E-015   1.1731824751544732E-015  -1.0195878415415560E-016  -1.3289182796781024E-015  -1.3536469158719396E-008   7.4209797289684681E-009  -1.7256942586478262E-008   2.0812420870356148E-009   2.1350433488028119E-009
   1.0866827807207104E-008   5.3063235582077497E-008   7.9473018136460997E-009   2.7764489515949874E-009   2.0236170718377762E-015   6.6421404373348478E-015  -1.5717628823660585E-015  -9.2544593661948768E-016   1.3466953057096232E-014  -1.0981716286200546E-015   1.3845798446948845E-008   6.7613509769184708E-008   1.0123994785627658E-008   4.2416504595050285E-009   6.8238094524166151E-017  -8.7763169897984894E-017  -8.2819778546658281E-017   4.9400777035912181E-017  -1.3772159664860067E-016  -1.4095505281643171E-016   1.5814675366880601E-016   1.3448208093072288E-016  -1.2442065746190299E-016  -3.8509068080178172E-017   8.1352513913080211E-016   2.5608430050663462E-015  -4.5691399349352991E-016  -5.5228227673853008E-016   5.4792319754431853E-015  -2.6124409111170448E-016   6.4373285138007488E-009   3.1408557586676177E-008   4.7205096742547344E-009  -2.9240998017287568E-009  -2.5139395672091154E-009  -1.2429896811727851E-008  -1.7610886249160895E-009   2.2368350320696016E-016   8.5724089276073020E-016  -1.1819924580403656E-016  -8.9853731779175564E-017   1.4863604201329918E-015  -1.3382996474698897E-016  -4.8539926472279764E-009  -2.4017106888396812E-008  -3.3917887990780191E-009   4.9761091373621851E-010   5.1046535005198744E-010
  -6.7584193021199187E-008   1.1949560855077781E-008  -1.5515775735960355E-008  -1.5193875940926609E-008  -9.6201962650783444E-015   7.8686558795737062E-016   1.3200487249228938E-014  -1.3116354125133994E-014  -1.0981716286200546E-015   2.2736551402942103E-014  -8.6110360963863742E-008   1.5226475109873169E-008  -1.9764834832997220E-008  -2.3213288842476105E-008  -2.2395848266134150E-016   1.3056108038339119E-018   4.3324032210335813E-016  -4.1105565766965066E-016  -1.5031154573314286E-016   7.1154677457544875E-016   9.5514284126409668E-017  -4.3080142438283143E-016  -1.2945308649020045E-016  -1.8139787091295946E-018  -3.6716567576745682E-015   4.5561279162351589E-016   4.2386564789514468E-015  -4.7186681986599700E-015  -2.5655802168848408E-016   8.3903315688822028E-015  -4.0042113929389777E-008   7.0713392692022451E-009  -9.2201045333712976E-009   1.5934634491625476E-008   1.5596053792874044E-008  -2.8095822956131163E-009   3.4132862510665439E-009  -1.2309712225645824E-015   7.3410717408980157E-017   1.1972566958538840E-015  -1.2036805943741775E-015  -9.9841707478760561E-017   2.4346531647107607E-015   3.0109035428167548E-008  -5.4298297511291147E-009   6.5709746420477337E-009  -2.7023185658579149E-009  -2.7715054714213630E-009
  0.28391227480810577        4.6200092425995739E-009  -5.5488572051414341E-008  -4.8676944086086038E-009   4.7735387685181995E-008  -1.0932876354785769E-009  -2.4702359180829805E-008   3.8374973074137491E-008   1.3845798446948845E-008  -8.6110360963863742E-008  0.36189372511778789       -1.6606368441880417E-008   1.9594533183384979E-007  -1.3486307246443283E-007  -1.7693140965012879E-010  -1.4111340834810329E-010  -1.1972788914074704E-009   8.0605577091568168E-010   1.7554886897249481E-010  -5.6875763095664833E-010   6.4530314667067148E-011   3.6967970466380876E-010   5.4536765167662628E-011   6.1685777502938651E-010   1.8567273385155130E-008  -9.3503521836156895E-010  -7.8264271215655140E-009   1.4703132808205877E-008   5.3369334963739599E-009  -3.3270404809003996E-008  0.16719793050200671       -6.1164310752545364E-009   7.3085087590145318E-008   6.9100957629488742E-008  -7.1719385342132361E-002   2.0795622121538885E-009  -2.4358982199845917E-008   5.9639288086448316E-009   6.9129980112264629E-011  -2.1616647162236683E-009   3.4985974881241220E-009   1.4415026016650662E-009  -9.4625264043718196E-009 -0.13914673224399787        4.5671457308958210E-009  -5.3887339953915618E-008  -1.0765260366530123E-008  -1.1494504810395889E-008
   4.6745014101458768E-009  0.28391231176231208        8.2375549041149997E-009  -5.8027651819365678E-009   5.4205787489438913E-009   3.3550029031524097E-008   1.3855221819687675E-008  -2.0647055386713521E-008   6.7613509769184708E-008   1.5226475109873169E-008  -1.6606368441880417E-008  0.36189359542431565       -2.8890586050491562E-008   1.2861312364349312E-008   6.7127956449354133E-011  -4.4884221535791006E-010  -4.7600433973088003E-011  -1.4483066315782178E-010  -8.3610391711140985E-010   5.4768504122107437E-011   9.1636492081750169E-010   2.0285766715769179E-010  -7.8063121517463650E-010  -1.1572240256523189E-010   2.3876246680442683E-009   1.3073272588280697E-008   5.3406879557368279E-009  -8.5533888339783334E-009   2.7746890615072761E-008   6.1657640866905081E-009  -6.1086916020910419E-009  0.16719788193359597       -1.0786106565473154E-008  -4.7271253981304281E-009   2.0762809820316160E-009  -7.1719369258960650E-002   3.5867242114310594E-009   4.5910437486024075E-010   4.3527944251956973E-009   1.4425990088274038E-009  -1.9394978367882418E-009   7.4503493716054830E-009   1.4803937061905308E-009   4.5620676751802156E-009 -0.13914669657905776        7.9422195903158092E-009   7.9077149848859411E-010   7.5463433621485544E-010
  -5.5685810426538057E-008   8.1802968829158862E-009  0.28391222697184254        1.1854919742599919E-008  -2.9969147101923632E-008   1.3964946703865856E-008  -1.1023160323523596E-007   4.9733981120674267E-008   1.0123994785627658E-008  -1.9764834832997220E-008   1.9594533183384979E-007  -2.8890586050491562E-008  0.36189389416297091       -1.8732377501223785E-007   7.3899408398242490E-010  -4.6769118475154728E-011  -3.6577644006437476E-011   3.6948209245805131E-010  -7.0569645472620038E-011  -1.3609495626619756E-009  -1.4677660564431655E-010   1.0061976777938244E-009   2.4368981457360780E-010  -7.2279238582062843E-010  -1.2522008289417072E-008   5.3837609894855984E-009  -4.2336970022755938E-008   1.8189357640150566E-008   3.3860674708234175E-009  -5.6673490351503626E-009   7.3057226205958274E-008  -1.0794255870957931E-008  0.16719799339121508        9.0447504494345572E-008  -2.4347132630748863E-008   3.5901762956559809E-009  -7.1719406380737441E-002  -3.3556085237872967E-009   1.4552121138316932E-009  -1.0617861947173804E-008   4.9405147558280493E-009   1.2362598705075631E-009  -1.5849056898522125E-009  -5.3868994357483528E-008   7.9475617424610539E-009 -0.13914677872500691       -1.4251924112727866E-008  -1.4951092612020674E-008
   2.9109957534374032E-008  -8.9640212824364793E-010   3.4800368425057655E-008  0.68238832641886848        5.4934540895214149E-009   5.4742528175364344E-009  -3.1983613402047215E-008   1.7719789248789357E-008   4.2416504595050285E-009  -2.3213288842476105E-008  -1.3486307246443283E-007   1.2861312364349312E-008  -1.8732377501223785E-007   1.0431029730244192        1.0264511229068853E-008   7.1513485188960424E-010  -6.6369376951818294E-009   8.6539662503739064E-009   3.4629266383677465E-009  -2.2425257618397089E-008  -2.8851229051417077E-009   1.3306385710666462E-008   3.1556622119835245E-009  -4.9711081261252308E-009   1.7841741415758278E-009   1.0708775751168264E-009   7.2188885418898647E-009  -6.0693445705458796E-009  -1.3620702496367723E-009   4.2848535847637910E-009  -7.1557241463730274E-008   5.8698191038336513E-009  -9.6570853576015393E-008 -0.68653352201355089        2.3869852467424849E-008  -1.6976331981241267E-009   3.1441714467652825E-008   8.9705609175719555E-010   7.8987910603900142E-010  -2.6081885064808106E-009   1.1356815585093594E-009   2.8488151219965151E-010  -2.0327961577878309E-009   4.5139623306678411E-008  -5.0273679581692646E-009   6.4849958634173192E-008  0.11224906344219444       0.11834261246569949     
  -1.3884708765853102E-010   5.2629383867811203E-011   5.8110092662840665E-010   6.7141635162269607E-009  -2.9600263201473333E-017   8.9197279054854036E-017  -5.2561901695324103E-016   2.5355829308355639E-016   6.8238094524166151E-017  -2.2395848266134150E-016  -1.7693140965012879E-010   6.7127956449354133E-011   7.3899408398242490E-010   1.0264511229068853E-008   1.0263889388999326E-016   6.9266270392219551E-018  -6.4804541886051038E-017   8.5504207656084774E-017   3.3694346985233745E-017  -2.2320874377323256E-016  -2.8557042333844118E-017   1.3288112324191064E-016   3.1386642167257457E-017  -5.0741406352422864E-017  -1.6726626073573175E-017   2.4423405599375204E-017  -1.0781821781053647E-017  -3.1351245701567213E-017  -4.0010886181831885E-018   4.8074744419938405E-017  -8.2118056874138776E-011   3.0713806252851913E-011   3.5338833575807586E-010  -6.6807327446903074E-009   3.2936830944224766E-011  -1.5008179934149626E-011  -7.8416298499245732E-011  -1.0603298230334045E-018   1.1490959254365068E-017  -4.5911477604307684E-017   1.8873139731263970E-017   5.8121665061454059E-018  -1.7813379162778009E-017   6.3685752070164360E-011  -2.9291968944176911E-011  -1.4520573852181685E-010   1.0829554577118381E-009   1.0914660611690740E-009
  -1.1065190797633877E-010  -3.5263455468561861E-010  -3.6784710605183269E-011   4.6777755651642025E-010  -1.7684518155663922E-017  -3.9306843451333902E-017  -1.5226505543470637E-017   1.6378877985873880E-017  -8.7763169897984894E-017   1.3056108038339119E-018  -1.4111340834810329E-010  -4.4884221535791006E-010  -4.6769118475154728E-011   7.1513485188960424E-010   6.9266270392219551E-018   1.1109190345204370E-018  -4.0210655953077818E-018   5.7506980297858524E-018   3.3612477637690972E-018  -1.5043714017137999E-017  -3.1291287874198000E-018   8.5940466024099600E-018   3.0872981805468280E-018  -3.4084850018301107E-018  -7.3714744366812757E-018  -1.5795609653586535E-017   6.8583303381559790E-018  -1.6012249005110826E-018  -3.7914172730993261E-017   8.9724811104774451E-018  -6.4714618268075904E-011  -2.1190133936822004E-010  -2.2441159068537642E-011  -4.6525281318875337E-010   3.0700002718052273E-011   6.3182218345314233E-011   4.5302750385825067E-012  -1.8730344629288061E-018  -5.0278922895994165E-018  -1.3544342329350639E-018   1.2722769782032330E-018  -9.8698405149256635E-018   6.0071750238575587E-019   5.9841450243644221E-011   1.1995706272781646E-010   8.3065265683066910E-012   7.5389521905751163E-011   7.5969672900212235E-011
  -9.4167591750105906E-010  -3.7437125921706112E-011  -2.8286014822463489E-011  -4.3413204757121444E-009  -1.9103011165388680E-016  -3.7056423974686434E-017   2.9463836814204708E-016  -2.4220991843548191E-016  -8.2819778546658281E-017   4.3324032210335813E-016  -1.1972788914074704E-009  -4.7600433973088003E-011  -3.6577644006437476E-011  -6.6369376951818294E-009  -6.4804541886051038E-017  -4.0210655953077818E-018   4.6263882433529122E-017  -5.7778072784236656E-017  -2.2503409780581219E-017   1.4472278049236971E-016   1.8037220890989341E-017  -8.6028688218001084E-017  -2.0178389933438489E-017   2.9638908196228919E-017  -7.1758242609298468E-017  -5.8714443416780754E-018  -1.6615963544488014E-017  -1.0881011148625858E-017  -1.3028900543599371E-017   8.2641270806739763E-017  -5.7439851421735407E-010  -2.2825523158563674E-011  -1.3248647118917165E-011   4.3200851995349945E-009   1.1648596750084688E-010   4.6934165928339712E-012   2.8002570472440162E-011  -2.4919556978917568E-017  -5.6631098141730849E-018   2.3800441947022261E-017  -1.9073304179569387E-017  -7.7180201325921858E-018   4.3993230541206164E-017   2.1369050498199829E-010   8.6228858172016621E-012   5.6444472742684498E-011  -7.0034700482178814E-010  -7.0587563225463381E-010
   6.3357012735737950E-010  -1.1356635882890647E-010   2.9047392298320922E-010   5.6606881048762355E-009   1.1929446652022494E-016   4.3858868529877152E-017  -4.3877571298140004E-016   2.9176081054223590E-016   4.9400777035912181E-017  -4.1105565766965066E-016   8.0605577091568168E-010  -1.4483066315782178E-010   3.6948209245805131E-010   8.6539662503739064E-009   8.5504207656084774E-017   5.7506980297858524E-018  -5.7778072784236656E-017   7.4049947783896926E-017   2.9387562428178686E-017  -1.8876609657312923E-016  -2.4311002181845225E-017   1.1218845116155488E-016   2.6865936916758726E-017  -4.0555140276818521E-017   4.2335225924069314E-017   7.0139764155161553E-018  -2.9349482905325404E-018   4.4627068602392250E-018  -7.0638074662830105E-018  -4.6800565755336536E-017   3.8311423108330428E-010  -6.6414422011773843E-011   1.7610979143255556E-010  -5.6329192953315173E-009  -9.8853943945555129E-011   3.1536705673341213E-011  -4.2487815912714163E-011   1.6870059500003816E-017   6.2713219470039022E-018  -3.7361951151181414E-017   2.2840764773163900E-017   3.7576854140732178E-018  -3.9711305134189253E-017  -1.8558643877877369E-010   6.1474963657698062E-011  -7.9300490070385508E-011   9.1316432934501651E-010   9.2036806518980017E-010
   1.3799825254520742E-010  -6.5765800792597883E-010  -5.5317909114456733E-011   2.2651489095043754E-009   3.4742013918855417E-017  -6.2813035507998221E-017  -1.2879277520970394E-016   1.1556938315868706E-016  -1.3772159664860067E-016  -1.5031154573314286E-016   1.7554886897249481E-010  -8.3610391711140985E-010  -7.0569645472620038E-011   3.4629266383677465E-009   3.3694346985233745E-017   3.3612477637690972E-018  -2.2503409780581219E-017   2.9387562428178686E-017   1.3559506730868874E-017  -7.4593323931488459E-017  -1.1664700956404641E-017   4.3687449732480119E-017   1.2288682387329850E-017  -1.5789617333820507E-017   1.1792320387458627E-017  -2.8100694277446534E-017   1.6074980166607659E-017   3.3226609586884520E-018  -6.6873389818164303E-017  -1.5116035130522132E-017   8.3565143130398351E-011  -4.0158002176328221E-010  -3.2205120965514187E-011  -2.2537966701243394E-009  -2.0803352433309253E-011   7.8752078415627623E-011   1.6252025499719310E-011   5.3070790397329989E-018  -7.5579863067442551E-018  -1.0843598808744421E-017   9.1800242089909162E-018  -1.6213073695157675E-017  -1.4487296099804121E-017  -3.8936268499951149E-011   1.4393005360702943E-010   3.1762471903652717E-011   3.6533264550758952E-010   3.6819746909293233E-010
  -4.4735004089286877E-010   4.2956186914062328E-011  -1.0701048166784554E-009  -1.4668686657250555E-008  -7.9591907736516934E-017  -1.6352951587641619E-016   1.1439740540172974E-015  -6.3195387876445749E-016  -1.4095505281643171E-016   7.1154677457544875E-016  -5.6875763095664833E-010   5.4768504122107437E-011  -1.3609495626619756E-009  -2.2425257618397089E-008  -2.2320874377323256E-016  -1.5043714017137999E-017   1.4472278049236971E-016  -1.8876609657312923E-016  -7.4593323931488459E-017   4.8823228066007150E-016   6.2624292367836030E-017  -2.9046733112990189E-016  -6.8975562138448209E-017   1.0863177186195742E-016  -1.9898140313867715E-017  -3.9781278239112705E-017   1.7402309414530880E-017   3.7596046104506076E-017   1.2430582375739619E-017  -1.7691077031510966E-017  -2.7297719564123583E-010   2.5207192819591951E-011  -6.5023079499381482E-010   1.4596066614775481E-008   5.4687160658807672E-011  -1.1401451241097270E-011   1.4769787507056033E-010  -1.5448804966327580E-017  -2.1688116874621021E-017   9.8959301306427529E-017  -4.8162581056440337E-017  -1.1555881951177197E-017   6.3612630619254486E-017   1.0018759162730001E-010  -2.2176352370724549E-011   2.7412163250270464E-010  -2.3661024372119034E-009  -2.3847191522381561E-009
   5.0592754060184043E-011   7.2048885455782722E-010  -1.1536505453495276E-010  -1.8872000681707128E-009   1.9226957418719528E-017   6.4150546004618152E-017   1.6399480823435187E-016  -1.1474111820401651E-016   1.5814675366880601E-016   9.5514284126409668E-017   6.4530314667067148E-011   9.1636492081750169E-010  -1.4677660564431655E-010  -2.8851229051417077E-009  -2.8557042333844118E-017  -3.1291287874198000E-018   1.8037220890989341E-017  -2.4311002181845225E-017  -1.1664700956404641E-017   6.2624292367836030E-017   1.0398705552386579E-017  -3.6632305819438344E-017  -1.0822299693726470E-017   1.3859976304444751E-017   9.5592429238014967E-018   2.7732432858394691E-017   9.3744895244933024E-018  -9.7283203762601667E-018   7.3773969968202621E-017   1.6995600232464960E-019   2.9526901246672692E-011   4.3745651563250044E-010  -6.9731405692190971E-011   1.8777971059526888E-009  -1.4418362568304779E-011  -1.0150750254906789E-010   1.8175392950652597E-011   1.2488511922028372E-018   8.1184550139055385E-018   1.4725537105687085E-017  -9.5678740177006784E-018   1.8226667711714051E-017   8.3191832108757413E-018  -2.8139963963727634E-011  -1.8877717960030537E-010   3.4150907465342221E-011  -3.0439243200392965E-010  -3.0678402389123340E-010
   2.9062923649983521E-010   1.5952245923426689E-010   7.9103761380891298E-010   8.7039028875417767E-009   3.8519431225500968E-017   1.2647875058093908E-016  -7.3254855631536827E-016   3.9228140541149280E-016   1.3448208093072288E-016  -4.3080142438283143E-016   3.6967970466380876E-010   2.0285766715769179E-010   1.0061976777938244E-009   1.3306385710666462E-008   1.3288112324191064E-016   8.5940466024099600E-018  -8.6028688218001084E-017   1.1218845116155488E-016   4.3687449732480119E-017  -2.9046733112990189E-016  -3.6632305819438344E-017   1.7307549633442305E-016   4.0553304537674961E-017  -6.4881021886998286E-017   8.1389240015375728E-018   3.4970343738631058E-017  -3.0818669879446394E-017  -1.6605343705871614E-017   1.3032158900635488E-017   8.4623678812114043E-018   1.7620088250776068E-010   9.7075037035113610E-011   4.7960099293995618E-010  -8.6610398044619033E-009  -4.2527999384970137E-011  -2.1138620906377510E-011  -1.1566491628912046E-010   8.1538655917796662E-018   1.6472741828205186E-017  -6.3797046426211667E-017   3.0231407688875086E-017   1.2561688807933221E-017  -3.8386011390163360E-017  -7.9378600588207340E-011  -3.9069351613309350E-011  -2.1587321013784668E-010   1.4040351348038058E-009   1.4150994623938906E-009
   4.2774493738717039E-011  -6.1403486004922721E-010   1.9156257858623134E-010   2.0641660358661447E-009  -8.1117290670110648E-018  -4.6763986578653423E-017  -2.0479690075802617E-016   1.3756467944388171E-016  -1.2442065746190299E-016  -1.2945308649020045E-016   5.4536765167662628E-011  -7.8063121517463650E-010   2.4368981457360780E-010   3.1556622119835245E-009   3.1386642167257457E-017   3.0872981805468280E-018  -2.0178389933438489E-017   2.6865936916758726E-017   1.2288682387329850E-017  -6.8975562138448209E-017  -1.0822299693726470E-017   4.0553304537674961E-017   1.1432425575333158E-017  -1.5186603073665692E-017  -5.4538523649447512E-018  -2.1412838485833954E-017  -1.9436050601259962E-017   1.4654072978812739E-017  -6.1067148176585409E-017  -9.2011810851179684E-018   2.5100047185218067E-011  -3.7502804763568226E-010   1.1599548114647649E-010  -2.0540747500756448E-009  -1.1355773445785040E-011   7.3006816627745699E-011  -2.8913907375311076E-011   1.9746605473569318E-019  -5.8646438375468451E-018  -1.8402076499432811E-017   1.1564585273311025E-017  -1.4584674419250863E-017  -1.1762226525142452E-017  -2.2087799187584660E-011   1.3331823640083286E-010  -5.4122309286796538E-011   3.3299538388984975E-010   3.3562520274066302E-010
   4.8526286821551065E-010  -9.0997424466552479E-011  -5.6858460249089842E-010  -3.2516737267004324E-009   1.1368165040641303E-016  -6.6654598258212100E-017   3.2642320649654201E-016  -1.1186745127178799E-016  -3.8509068080178172E-017  -1.8139787091295946E-018   6.1685777502938651E-010  -1.1572240256523189E-010  -7.2279238582062843E-010  -4.9711081261252308E-009  -5.0741406352422864E-017  -3.4084850018301107E-018   2.9638908196228919E-017  -4.0555140276818521E-017  -1.5789617333820507E-017   1.0863177186195742E-016   1.3859976304444751E-017  -6.4881021886998286E-017  -1.5186603073665692E-017   2.6268062200349309E-017   4.7421923631858891E-017  -2.1690249419189238E-017   3.5365085686213806E-017   2.0483135421076733E-017  -3.1938493176508286E-021  -6.7903542423242239E-017   2.9679927930181236E-010  -5.5342570964044873E-011  -3.4763688656134469E-010   3.2355534113709420E-009  -5.5128352441151706E-011   1.2257499259177770E-011   6.5348290862965487E-011   1.2497214893295571E-017  -8.0573364479327946E-018   2.9813984916632127E-017  -8.3177801837777060E-018  -3.6105099660980985E-018  -4.1791598772181785E-018  -1.0011696306732025E-010   2.2693379757637671E-011   1.1884717878393884E-010  -5.2449766806092348E-010  -5.2862385697794920E-010
   1.4562815182258869E-008   1.8757757798693693E-009  -9.8288195992958760E-009   1.1687608272177898E-009   3.5310594354747108E-015  -3.0851806159509315E-016   2.5857979021325394E-015   1.4059725893575974E-016   8.1352513913080211E-016  -3.6716567576745682E-015   1.8567273385155130E-008   2.3876246680442683E-009  -1.2522008289417072E-008   1.7841741415758278E-009  -1.6726626073573175E-017  -7.3714744366812757E-018  -7.1758242609298468E-017   4.2335225924069314E-017   1.1792320387458627E-017  -1.9898140313867715E-017   9.5592429238014967E-018   8.1389240015375728E-018  -5.4538523649447512E-018   4.7421923631858891E-017   1.4051842492166890E-015  -1.4615875936265015E-016   1.1115144813880138E-015   5.7778789626231018E-017   3.3779910898079156E-016  -1.4629635025110125E-015   8.5465657907658876E-009   1.1265891369790765E-009  -5.8303850022489670E-009  -1.3071859970686922E-009  -3.8596830455178112E-009  -3.3964683694808476E-010   2.2251115971330210E-009   4.2806695941573582E-016  -1.6374444125637647E-017   2.5918140787701851E-016  -9.3096191048102856E-019   8.2284297184556507E-017  -4.2713613094113288E-016  -7.5067343667122838E-009  -6.4535880847302563E-010   4.2909223705243547E-009   2.3287210146318918E-010   2.4658148382544632E-010
  -7.3759394100527592E-010   1.0252650509665844E-008   4.2245230700171413E-009   7.0172373348356486E-010  -3.6855395906314166E-016   1.4277123980957707E-015  -1.1084565551946008E-015  -8.7058942777647185E-017   2.5608430050663462E-015   4.5561279162351589E-016  -9.3503521836156895E-010   1.3073272588280697E-008   5.3837609894855984E-009   1.0708775751168264E-009   2.4423405599375204E-017  -1.5795609653586535E-017  -5.8714443416780754E-018   7.0139764155161553E-018  -2.8100694277446534E-017  -3.9781278239112705E-017   2.7732432858394691E-017   3.4970343738631058E-017  -2.1412838485833954E-017  -2.1690249419189238E-017  -1.4615875936265015E-016   5.5619666181676555E-016  -4.0958041052373015E-016  -8.2642290703919486E-017   1.0370952578846627E-015   2.2880073674212324E-016  -4.6793447708227885E-010   6.0081316047749354E-009   2.4950347327535258E-009  -8.0391693933650268E-010  -1.9027389398165478E-011  -2.7718004189181058E-009  -1.0232106211660508E-009  -4.7669142313827742E-017   1.8036923913997354E-016  -1.0417284241551088E-016  -4.1802153729239711E-018   2.8322574068463226E-016   5.1849309116830849E-017  -5.7740892893601481E-011  -5.3961658888636351E-009  -1.9807302850661310E-009   1.4561412311066142E-010   1.5785271784868554E-010
  -6.1360042119668376E-009   4.1907454533845824E-009  -3.3226726958959135E-008   4.7233733998623632E-009   2.5934908312626647E-015  -1.0775128612252924E-015   1.3417194499542331E-014  -6.8321475414993414E-015  -4.5691399349352991E-016   4.2386564789514468E-015  -7.8264271215655140E-009   5.3406879557368279E-009  -4.2336970022755938E-008   7.2188885418898647E-009  -1.0781821781053647E-017   6.8583303381559790E-018  -1.6615963544488014E-017  -2.9349482905325404E-018   1.6074980166607659E-017   1.7402309414530880E-017   9.3744895244933024E-018  -3.0818669879446394E-017  -1.9436050601259962E-017   3.5365085686213806E-017   1.1115144813880138E-015  -4.0958041052373015E-016   5.2527729626607172E-015  -2.6139497870352685E-015  -1.1092537390666978E-016   1.5024330579374739E-015  -3.5807634894348235E-009   2.4752693638466809E-009  -1.9672353033390230E-008  -4.8089420768083520E-009   1.7506317252194352E-009  -1.0139080317872114E-009   7.7516779941850961E-009   2.7804469847666948E-016  -1.0227452848459161E-016   1.2913144088533876E-015  -6.7081633043092709E-016  -6.1841719081022352E-017   3.9277116280833290E-016   3.4168411813588686E-009  -1.9626037517725477E-009   1.4974376873984371E-008   7.9713842223391539E-010   7.5350611926644682E-010
   1.1540565177706870E-008  -6.7161741825072415E-009   1.4269842449637794E-008  -3.9721529477417149E-009   2.7400316697255191E-016  -1.6803835785924444E-016  -6.6862420218909666E-015   4.4446652768968316E-015  -5.5228227673853008E-016  -4.7186681986599700E-015   1.4703132808205877E-008  -8.5533888339783334E-009   1.8189357640150566E-008  -6.0693445705458796E-009  -3.1351245701567213E-017  -1.6012249005110826E-018  -1.0881011148625858E-017   4.4627068602392250E-018   3.3226609586884520E-018   3.7596046104506076E-017  -9.7283203762601667E-018  -1.6605343705871614E-017   1.4654072978812739E-017   2.0483135421076733E-017   5.7778789626231018E-017  -8.2642290703919486E-017  -2.6139497870352685E-015   1.7497844661214780E-015  -2.6140197018151725E-016  -1.8075613554894739E-015   6.8436784190142882E-009  -4.0040783072720938E-009   8.4034260933484813E-009   4.1244386899698224E-009  -2.6255416226450905E-009   1.3975190600891176E-009  -3.6059118814277635E-009   5.6449988589770998E-017  -3.1714414570101389E-017  -6.3809034577186008E-016   4.3016181665873284E-016  -5.8524675671962772E-017  -4.8661143751468698E-016  -5.0645762387149924E-009   2.6810759154953109E-009  -6.9961494465569044E-009  -6.9476463741502406E-010  -6.7490627874198244E-010
   4.1878026172442598E-009   2.1777690964447998E-008   2.6531014869655000E-009  -8.9139775660308551E-010   8.3252285558329395E-016   2.6808376513845554E-015  -2.9000955284578222E-016  -5.7596490142791801E-016   5.4792319754431853E-015  -2.5655802168848408E-016   5.3369334963739599E-009   2.7746890615072761E-008   3.3860674708234175E-009  -1.3620702496367723E-009  -4.0010886181831885E-018  -3.7914172730993261E-017  -1.3028900543599371E-017  -7.0638074662830105E-018  -6.6873389818164303E-017   1.2430582375739619E-017   7.3773969968202621E-017   1.3032158900635488E-017  -6.1067148176585409E-017  -3.1938493176508286E-021   3.3779910898079156E-016   1.0370952578846627E-015  -1.1092537390666978E-016  -2.6140197018151725E-016   2.2406823366112483E-015  -7.6396712789626948E-017   2.4735470281618266E-009   1.2905909746000964E-008   1.5347800254424099E-009   9.2333776024807021E-010  -1.0130951665620191E-009  -5.0064026041404811E-009  -8.3939345247274270E-010   9.1622142001963213E-017   3.4639520730107047E-016  -1.7855212620490372E-017  -5.2423302044210221E-017   6.0643151622059846E-016  -3.9198742570453376E-017  -1.9610195988031559E-009  -9.6630112413495864E-009  -1.6457111942555326E-009  -1.5523464403882551E-010  -1.5030438899864855E-010
  -2.6103379272180406E-008   4.8403983201029285E-009  -4.4410226299903517E-009   2.8031870222510762E-009  -3.8050641001233065E-015   4.7655476857376123E-016   4.1004535221748350E-015  -4.5852676506823537E-015  -2.6124409111170448E-016   8.3903315688822028E-015  -3.3270404809003996E-008   6.1657640866905081E-009  -5.6673490351503626E-009   4.2848535847637910E-009   4.8074744419938405E-017   8.9724811104774451E-018   8.2641270806739763E-017  -4.6800565755336536E-017  -1.5116035130522132E-017  -1.7691077031510966E-017   1.6995600232464960E-019   8.4623678812114043E-018  -9.2011810851179684E-018  -6.7903542423242239E-017  -1.4629635025110125E-015   2.2880073674212324E-016   1.5024330579374739E-015  -1.8075613554894739E-015  -7.6396712789626948E-017   3.2705234215312858E-015  -1.5390243554420729E-008   2.8774889524347266E-009  -2.5730411870740345E-009  -2.8172218942602600E-009   6.4852244834841325E-009  -1.0578732378829842E-009   1.3807988471629197E-009  -4.8451718982807116E-016   4.8088614178076688E-017   3.7891005473507775E-016  -4.2923140911998451E-016  -2.3759758570459803E-017   9.1374836465607953E-016   1.2571310256261580E-008  -2.0357191807985177E-009   2.7052241476808014E-009   4.6191420969441901E-010   4.2831125850583933E-010
  0.13201441491863164        3.4034224110577953E-009  -3.9881321867031373E-008  -8.2393135173829202E-009   2.2207598596202265E-008  -4.9474558748509215E-010  -1.1511501530905619E-008   1.7834515307360346E-008   6.4373285138007488E-009  -4.0042113929389777E-008  0.16719793050200671       -6.1086916020910419E-009   7.3057226205958274E-008  -7.1557241463730274E-008  -8.2118056874138776E-011  -6.4714618268075904E-011  -5.7439851421735407E-010   3.8311423108330428E-010   8.3565143130398351E-011  -2.7297719564123583E-010   2.9526901246672692E-011   1.7620088250776068E-010   2.5100047185218067E-011   2.9679927930181236E-010   8.5465657907658876E-009  -4.6793447708227885E-010  -3.5807634894348235E-009   6.8436784190142882E-009   2.4735470281618266E-009  -1.5390243554420729E-008   8.4761485437675102E-002  -2.0422671653879567E-009   2.4971724029098349E-008   3.8587679081652853E-008   9.5881150474182997E-003   8.4871175743050471E-010  -1.0195237085008619E-008   2.6468792525978662E-009  -7.9889005726857585E-011  -6.4123394288330588E-010   1.5610483005966189E-009   6.4157071479188546E-010  -4.2079275755320467E-009   2.2956622129908316E-002   1.8234067793132560E-009  -2.1826466146727020E-008  -5.9891199760991399E-009  -6.4653547345860510E-009
   3.4226407396056756E-009  0.13201444126210096        5.8891462718966455E-009  -2.6888250046345918E-009   2.5123671427401935E-009   1.5610541017278052E-008   6.4417006330140004E-009  -9.5837070058364119E-009   3.1408557586676177E-008   7.0713392692022451E-009  -6.1164310752545364E-009  0.16719788193359597       -1.0794255870957931E-008   5.8698191038336513E-009   3.0713806252851913E-011  -2.1190133936822004E-010  -2.2825523158563674E-011  -6.6414422011773843E-011  -4.0158002176328221E-010   2.5207192819591951E-011   4.3745651563250044E-010   9.7075037035113610E-011  -3.7502804763568226E-010  -5.5342570964044873E-011   1.1265891369790765E-009   6.0081316047749354E-009   2.4752693638466809E-009  -4.0040783072720938E-009   1.2905909746000964E-008   2.8774889524347266E-009  -2.0422671653879567E-009   8.4761468721141930E-002  -3.6969953900435605E-009  -2.1824159338132537E-009   8.4859871413678948E-010   9.5881218342420069E-003   1.5065645821081589E-009   2.6821905787222690E-010   1.9308053287227789E-009   6.4206675621629377E-010  -9.9106382691239470E-010   3.6371699950592901E-009   7.2284468243144697E-010   1.8237631646524667E-009   2.2956636643269926E-002   3.2245185173651944E-009   3.0960698264927108E-010   2.7347981537594674E-010
