  0.15656742471003049       -3.1558090355217512E-009  -7.7310965879809657E-009   6.6798986511781939E-016   7.2010992747776321E-017   1.6668449109419989E-017   5.6338324668782919E-017   9.2508536195605394E-017  -3.2402133004189476E-017  -1.4141461602833493E-017  0.13818421853587262        3.2195479964393898E-009  -1.7271905912714296E-009   9.2933924155679724E-016   2.1090350557666857E-010  -4.1501787280522753E-011   1.6266602867417779E-010   9.5058822999443480E-011  -5.5514093210156072E-010  -3.7795941547756971E-010   3.5167331061689072E-011  -1.3773339483319995E-011  -5.6830336285641176E-012  -1.1097817772238695E-010   8.4762092359444485E-002   6.6493347230253762E-010  -2.1513816323161033E-009  -2.1354027892971683E-017   1.6951836065838845E-016   7.0350335348012721E-016   7.3543205729291792E-016  -1.0389458951464406E-016  -4.4742886631519439E-016  -9.9861302682076908E-002  -9.6548144382617321E-010   2.4699039930250054E-009  -5.3088918325089361E-016   9.7760927596908294E-016   4.0176663940707845E-015   3.8266339716783770E-015  -5.0476418334536167E-016  -2.9171793905944985E-015  -4.4316033225367212E-011   5.3820092119614332E-011   1.4295595938718257E-011   1.4219416122089472E-010  -5.8214281397763454E-011  -8.2716472865896871E-011  -2.5088032122774120E-011   9.2119185856922656E-012  -2.0162642919941116E-011  -1.7521537307167155E-011  -1.7351742292975150E-015  -2.2962332391861551E-015   3.8495423647608507E-015  -1.4091751397981458E-002  -1.3528216888253418E-010   3.5124542037849796E-010  -2.4579738913538195E-015
  -3.1558090355217512E-009  0.15656743592862046        7.2031295557565798E-009   2.7555616486168076E-015  -4.4276903731444544E-016   1.0508448412526154E-017   8.7215641859117467E-017  -3.4118834325739056E-016   1.8317825364581634E-017  -4.1659405117926964E-016  -3.3260840791517425E-009  0.13818421900775713       -5.3667973284050366E-009   2.2034568006347296E-015  -1.2644042557458253E-009  -1.2245723453723194E-009   7.3710548043041493E-010   1.8809489753582839E-010  -4.1478980903354549E-010   1.5082802782971572E-009   1.9338974316411553E-009   1.3147414421209779E-009  -1.3700258683421595E-009  -1.5293577216410107E-009  -1.9087711163456751E-009   8.4762094158621473E-002  -2.2661027967093268E-010  -5.7928959596532817E-016  -1.5415422392170044E-016   1.4232724115746897E-016  -6.5974401834373354E-017   5.4062589683373499E-017  -1.1811695910100757E-016   2.2397001881773127E-009  -9.9861304525033279E-002   6.3225716363407648E-010  -1.7630629279982479E-015  -7.0005918999796556E-016   8.4980725845834639E-016   1.1454709399446132E-015   2.9773619502089572E-016   7.2192730213098622E-016  -1.1828486389632624E-010  -1.8141509348772201E-010   8.0953892655746074E-011   3.3440468119776349E-011  -3.4305003236256638E-011   1.2525500720358764E-010   2.8784113540332556E-010   9.0030810618565598E-011  -2.0476795706795796E-010  -1.2744495138589831E-010  -2.2135234531981962E-015  -2.3954138005010049E-015   3.7591712067689035E-015   3.1566890270604245E-010  -1.4091751648450345E-002   8.1317026079757749E-011  -2.3955876970266392E-015
  -7.7310965879809657E-009   7.2031295557565798E-009  0.15656743201833420        4.0803132030870751E-015   3.5758789652052189E-016   4.0362786109205796E-017  -7.3002634439881711E-017   4.0438641388135343E-016   3.4611642524945085E-017   3.5595365410610476E-016   1.4754790711820063E-009   5.1455222379155920E-009  0.13818421849553050        8.7395786392232885E-015   5.1521461849490365E-010   8.2129954261873436E-010   1.7889066997584405E-010  -2.7056250260396112E-010   3.8058155656293800E-011  -4.2067097517790376E-010  -4.7432666845958664E-010  -6.9639367148748087E-010  -1.8492261152924862E-010   3.8574002158826395E-010  -9.0556820025792014E-010   3.7388827515240715E-009   8.4762094031599775E-002   1.2687264218842210E-016  -4.5796341989811894E-016  -1.6422233781010717E-015  -1.7155464537666614E-016  -5.8615390320716130E-017   2.9091817696017433E-016   9.0861138243805920E-010  -4.4331006855638816E-009  -9.9861304850610844E-002   6.8847063240836307E-016  -2.5561928916824168E-015  -9.1427498098913042E-015  -1.0248155498598365E-015  -3.0166313771086280E-016   1.4499639429825952E-015   5.3703816694650554E-011   9.0689312322434669E-011  -2.0288679414324027E-011  -1.5294771726647599E-011   9.8194339596230147E-012  -5.6756746383966612E-011  -3.6199608028765194E-011   7.2696322075337078E-011  -4.2122514436804092E-011  -3.9057465652425366E-011  -7.6293645012863266E-015  -9.3396550665108620E-015   1.4569831004448191E-014   1.3153195565419492E-010  -6.3210259128595822E-010  -1.4091751720152187E-002  -9.2694819495239979E-015
   6.6798986511781939E-016   2.7555616486168076E-015   4.0803132030870751E-015  0.47120886606277090       -3.6346566879456389E-010   7.1114792366261452E-010  -5.0453533350617294E-009  -2.4754025858151372E-008   2.2486052058775537E-008   2.5117368471829960E-008  -8.7044269556186530E-016   5.9676905353302578E-017  -9.6951565736812038E-015  0.72630548666980288       -3.6138320899891138E-016   8.8084654106928275E-016   2.4059827057312098E-016   4.4798370980884801E-016   5.7740912137439716E-016  -3.8700296001736523E-016   2.8933359941946839E-016   2.6359039751582587E-016   3.7112712313226748E-016  -7.1451301173856650E-016   3.9893020509229122E-016   1.0173570680006515E-016   5.6518352467468063E-015  -1.3932921845483738E-009   1.2458285636301704E-010  -6.4016782517943905E-010  -3.1395265050907573E-009   2.4755162025431897E-010   4.5326543997822470E-009   7.8917631592149805E-015   1.1163276650065146E-014  -2.7473371272304379E-015  -8.3576850796512957E-011  -1.1203377388980256E-009  -1.9417275370544581E-009  -1.3287841963930282E-008   4.2374309352828400E-009   1.3371461968172713E-008  -1.0970561440546992E-018   3.2165390708300107E-016  -3.0678341605015427E-017   1.8032600823279157E-016  -1.2471206235024500E-016   8.2976131679377595E-017   8.4634428040554115E-017  -4.0879735044359758E-016   4.6738500001661913E-016  -4.7398291457464741E-016 -0.35181510796224569      -0.44450855504213466       0.56781890656625622        1.3529220014359625E-015   1.8791671234477799E-015  -4.0160122684578842E-016 -0.35849943221617475     
   7.2010992747776321E-017  -4.4276903731444544E-016   3.5758789652052189E-016  -3.6346566879456389E-010   2.6510525078292575E-004   1.7424972881239464E-011  -2.1090608301384847E-012  -1.3255262026170978E-004   8.4818710208995989E-012  -1.3255263052092332E-004   1.0795222720409876E-016  -3.5654964406792861E-016   3.7530806098013939E-016  -5.3376613273212652E-010  -2.0836924113910002E-018  -1.1662751176810915E-017  -7.8810601989599862E-018  -2.1431644405043130E-018  -1.6489029984068627E-018   9.7740018218601109E-018   2.3038447325860574E-018  -1.8751165607997742E-017  -5.5149484998636504E-018  -3.6108146475731023E-017  -5.7968013423467036E-017  -2.2699341327372951E-016   2.0715897526741767E-016   3.7313440630037369E-003   1.3270522897812304E-010  -1.7741830157058158E-011  -1.8656720477540948E-003   1.2990842863741229E-010  -1.8656720152490007E-003  -3.8955298394675430E-015  -1.6984987195947278E-015   5.3563911424030074E-016   2.0851639486317124E-002   6.7149251285435280E-010  -1.4217621023050191E-010  -1.0425819602681368E-002   5.4794788869692011E-010  -1.0425819883632797E-002   6.2900287940020641E-018  -6.4531510885032977E-018  -8.3490652678321300E-018  -3.4941045944835800E-018  -3.1435356760416479E-018  -7.0621292581102808E-018  -6.2653243835145682E-018  -1.1323076047011243E-017   5.9584631555316180E-018  -4.0964928221002048E-018   2.6458041435139467E-010   2.7781688185390483E-010  -3.5709004338632422E-010  -6.5694280427528253E-016  -2.9317002420622684E-016   9.6718644621502782E-017   2.2485438756007488E-010
   1.6668449109419989E-017   1.0508448412526154E-017   4.0362786109205796E-017   7.1114792366261452E-010   1.7424972881239464E-011   2.6510528162250534E-004  -7.2470969741764774E-012  -1.9257315477228774E-012   1.1438822633919874E-011  -1.5499441380729961E-011  -1.5268136581650772E-017   3.7563759939945487E-017   8.2020373503170840E-017   1.1249987562863482E-009   1.1172997151390557E-017  -7.7711244225259025E-018  -9.9753595379399577E-018  -4.0873020411056178E-018  -5.1179045672853136E-018   1.3658595822003482E-018  -7.5169105939767338E-018   4.5331777977896585E-018  -9.7775583550005776E-018   2.0700196927527629E-018  -7.1837958061359125E-018   2.3761400643494934E-017   2.0594731165395510E-017   1.2896506763732224E-010   3.7313443300781945E-003  -1.0106602461437447E-010   8.6698643696840697E-012   7.3121560536944530E-011  -1.3763508387283937E-010  -1.0611702485657335E-015  -5.6195601256605270E-016  -2.0917008229529141E-015   6.8473536470533819E-010   2.0851640663943332E-002  -4.4017658567744465E-010   3.2087894550148528E-011   3.5831430716826075E-010  -7.1682323209949506E-010  -2.2245366241667776E-018   1.9644146831814389E-018  -2.8522855742836153E-019   4.4313990596874246E-018  -4.8644871657315973E-019  -2.3319257175674099E-018  -1.7930740969565470E-018  -5.2930545218193085E-018  -4.5775414833613769E-018  -1.4134228388774023E-017  -5.2609700199157665E-010  -6.4976927429332109E-010   8.1784502893844108E-010  -1.7839163890769756E-016  -9.3269372515006538E-017  -3.5150419581536626E-016  -5.1566374525954393E-010
   5.6338324668782919E-017   8.7215641859117467E-017  -7.3002634439881711E-017  -5.0453533350617294E-009  -2.1090608301384847E-012  -7.2470969741764774E-012   2.6510525836569208E-004  -2.3060444551899156E-012  -3.2460922749688116E-012   4.4153910637347375E-012  -7.7611745637516017E-017   2.7962225859535523E-017   2.4618765460114309E-016  -7.6753667179796957E-009   2.9466933784132038E-018   1.8614928304251907E-017  -4.0330890382016093E-017  -5.7575996837637862E-018  -1.2777987286416918E-017  -3.8387216045672506E-018   4.4390498241425955E-017  -2.9559377134229438E-017   9.2777657015728561E-018  -5.8075697207811045E-017   3.9109859398054290E-017  -2.2557442203020673E-017   1.3239591246418752E-017   3.1864502956521693E-012  -4.2240030449209788E-011   3.7313440680051186E-003  -2.3116739851470101E-011   2.1242918697974956E-011   1.9930560655324353E-011  -1.5433760125604315E-015  -5.7475145666994769E-016  -1.1020260728835674E-015  -3.2836548934067596E-011  -1.0200877691238617E-010   2.0851639814354780E-002  -1.0399364195056553E-010   1.1365184297049676E-010   1.3683001263750602E-010  -4.3269627295759990E-019   7.0687991632444623E-018  -5.9249464826887059E-018   3.2759943046090081E-018   9.3504429052731724E-019  -4.0188447525544524E-018   2.2943919020714139E-017  -8.4699125857692801E-018  -2.5644031476057274E-018  -3.0130408461160813E-017   3.7120694297156283E-009   4.6322858598850754E-009  -5.9038436212621094E-009  -2.6046882141844886E-016  -9.6919978057801657E-017  -1.8415316607390800E-016   3.7262513586418781E-009
   9.2508536195605394E-017  -3.4118834325739056E-016   4.0438641388135343E-016  -2.4754025858151372E-008  -1.3255262026170978E-004  -1.9257315477228774E-012  -2.3060444551899156E-012   2.6510525009352241E-004  -1.6657251688897666E-011  -1.3255262983164799E-004  -5.7251308101399850E-017  -3.2907869152035294E-016   3.5350461017401964E-016  -3.7549590743009854E-008   7.8943057758381570E-018   5.1401441053814471E-018  -3.7072719238834192E-018   1.5236557926239478E-018   1.5250967734451404E-018  -5.3019026796982901E-018   5.6361628513487247E-018   3.1665968994731080E-018   1.6951604586955746E-017   2.6118342613981119E-018   5.7131569328886931E-017  -3.0397500059047676E-016   2.4466757754843644E-016  -1.8656720214579642E-003  -3.3575249773394550E-011  -1.8350922270825575E-011   3.7313441229479194E-003  -1.8868252513814083E-010  -1.8656721014905563E-003  -2.8341328099143171E-015  -5.9724533479423585E-015  -5.6696971600099179E-016  -1.0425819431561309E-002  -1.8451510390620050E-010  -7.1176080168088819E-011   2.0851639418118122E-002  -9.9021852681212449E-010  -1.0425819986551493E-002  -1.3791389465347009E-018   4.7752208015410655E-018   1.1208530264085838E-017   5.2416297688575069E-018   8.8256497651606498E-020   3.2393206856181954E-018   7.3621344051009094E-018   6.8786744186278594E-018  -8.1102744231799285E-018  -1.9177358669825809E-019   1.8095419078608124E-008   2.2504119303148082E-008  -2.8621817664565696E-008  -4.7563004360824770E-016  -1.0134960132490267E-015  -8.8665218703820321E-017   1.8061702888880998E-008
  -3.2402133004189476E-017   1.8317825364581634E-017   3.4611642524945085E-017   2.2486052058775537E-008   8.4818710208995989E-012   1.1438822633919874E-011  -3.2460922749688116E-012  -1.6657251688897666E-011   2.6510530398310850E-004   8.1753578601460423E-012  -2.5737342551339047E-018   3.5819536813538885E-018   4.7296719511099446E-017   3.4387710609212926E-008   7.3903567241623029E-019  -1.4008529082321423E-017  -6.8241215261483956E-018  -1.2243907705112035E-018   3.8561645474540248E-018   3.8085646438348488E-018  -7.7178418893883245E-018  -1.5465629393221799E-018  -4.0027831072021416E-018  -2.7909057909148567E-017  -2.8822465669623623E-017   3.4053534861376849E-017   3.6389695186062080E-017   5.1969559858703296E-011   1.0173153320604497E-010  -6.0511439564091828E-011  -6.5319072604923380E-011   3.7313444664096979E-003   1.3349499497834903E-011   3.7358211974487951E-017  -4.2762630229504633E-016  -5.7706617341753006E-016   7.7637693244444081E-011   5.3004201912869144E-010  -3.7229531429368476E-010  -3.0370448343026728E-010   2.0851641554111261E-002   2.2606663457742946E-010   1.2283159452145734E-018   2.3413694397233447E-018  -6.9333344705377545E-019   2.6417998385011095E-018   8.2677826975348164E-019   6.6474457280735791E-019  -2.9536395465119259E-018  -6.9556067488416159E-018  -3.2296686506019175E-018   8.4417425497230763E-019  -1.6532835301738163E-008  -2.0702024117458019E-008   2.6324662886364119E-008   5.7599572248273451E-018  -7.1530609944968289E-017  -9.6242637632990602E-017  -1.6613414102411085E-008
  -1.4141461602833493E-017  -4.1659405117926964E-016   3.5595365410610476E-016   2.5117368471829960E-008  -1.3255263052092332E-004  -1.5499441380729961E-011   4.4153910637347375E-012  -1.3255262983164799E-004   8.1753578601460423E-012   2.6510526035211402E-004   8.4188502071464297E-017  -3.7153776362034374E-016   2.5809359541170445E-016   3.8083164904197854E-008  -5.8105994996899977E-018   6.5226215288941043E-018   1.1588328497303853E-017   6.1950518409141323E-019   1.2380834755060607E-019  -4.4721142804078506E-018  -7.9400243613926944E-018   1.5584552156638016E-017  -1.1436648035015999E-017   3.3496327253524944E-017  -7.8663648826030600E-017  -2.9889224889268714E-016   1.3568029788751043E-016  -1.8656720415416541E-003  -9.9132794857331341E-011   3.6096774727246547E-011  -1.8656720751915072E-003   5.8773775564360396E-011   3.7313441167331207E-003  -4.3186215164980245E-015  -3.8087523189267514E-015  -1.8874191621121541E-015  -1.0425820054732797E-002  -4.8699314348487989E-010   2.1337476796510910E-010  -1.0425819815423804E-002   4.4226884464576920E-010   2.0851639870148320E-002  -4.9108895960843209E-018   1.6779356184500135E-018  -2.8594685831620772E-018  -1.7475269179041659E-018   3.0552833409613503E-018   3.8228099782165998E-018  -1.0968198599163144E-018   4.4444069466158247E-018   2.1518191363399326E-018   4.2882651184231680E-018  -1.8359964855091469E-008  -2.2781912955201844E-008   2.8978922777487382E-008  -7.2722820001436409E-016  -6.4952049228470966E-016  -3.1192227363198136E-016  -1.8286568769060724E-008
  0.13818421853587262       -3.3260840791517425E-009   1.4754790711820063E-009  -8.7044269556186530E-016   1.0795222720409876E-016  -1.5268136581650772E-017  -7.7611745637516017E-017  -5.7251308101399850E-017  -2.5737342551339047E-018   8.4188502071464297E-017  0.12195954770136201        2.3641796764568287E-009   5.8001090749486348E-009  -1.3736749514529540E-015   1.8615693128032874E-010  -3.6655645958672551E-011   1.4357961509620204E-010   8.3897047398508513E-011  -4.8999876134012960E-010  -3.3360325034793002E-010   3.1048758816530286E-011  -1.2165443510684755E-011  -5.0031904026296884E-012  -9.7950445956439862E-011   7.4803175696069910E-002   2.9562459731053781E-010   2.5914127904761120E-009   5.9636907011907297E-016  -2.7553179600970985E-016  -1.1757055573652100E-015  -1.3133109920900393E-015   2.7466635347055692E-016   9.5386263657638943E-016  -8.8589575386005759E-002  -4.0146602493246446E-010  -3.2896362141383926E-009   2.9638780911866924E-015  -1.5114624971828468E-015  -6.4934911601193542E-015  -7.5904319602419123E-015   1.6017062519360035E-015   4.9619135956102016E-015  -3.9149806453888309E-011   4.7577743459491471E-011   1.2576967167134503E-011   1.2538812066866186E-010  -5.1205307188429173E-011  -7.2844197303084679E-011  -2.2180145111211559E-011   8.1469833405207663E-012  -1.7821437065612808E-011  -1.5446782981810941E-011   9.2203088059925203E-016   1.5595528452993232E-015  -2.2500561405177981E-015  -1.2513611084247249E-002  -5.2900859566562695E-011  -4.6666536401884585E-010   1.4435091054585268E-015
   3.2195479964393898E-009  0.13818421900775713        5.1455222379155920E-009   5.9676905353302578E-017  -3.5654964406792861E-016   3.7563759939945487E-017   2.7962225859535523E-017  -3.2907869152035294E-016   3.5819536813538885E-018  -3.7153776362034374E-016   2.3641796764568287E-009  0.12195953979666332       -5.8067227708498223E-009  -1.6385988328029976E-015  -1.1159483936391264E-009  -1.0807950985309613E-009   6.5056563419706462E-010   1.6600452618648876E-010  -3.6608242716237744E-010   1.3311963443532720E-009   1.7068702213113661E-009   1.1603237566193194E-009  -1.2092138523900410E-009  -1.3497584268529419E-009   1.5673299692612397E-009   7.4803172135401080E-002  -8.3808917646285919E-010  -3.4455067240338049E-017   2.6058680049582387E-016  -5.6578681347545240E-016  -4.6931896281790433E-016  -1.3058599478833210E-016  -1.6966933681253072E-016  -1.7774110750223017E-009  -8.8589573914980527E-002   2.5378442556519139E-009   1.1057851406838082E-015   1.5988244621068165E-015  -3.1133255711836815E-015  -1.2839094236273379E-015  -7.3336862511367128E-016   2.6986789349082071E-016  -1.0440140689854051E-010  -1.6005679765464089E-010   7.1388338834815692E-011   2.9555231541698740E-011  -3.0291342821504711E-011   1.1051366946421892E-010   2.5381974514720611E-010   7.9664768320940377E-011  -1.8048131733978296E-010  -1.1258876081527950E-010   1.5296353556065656E-015   2.9024885788104433E-015  -4.4302505069363747E-015  -2.4907028378296175E-010  -1.2513610948304915E-002   3.8429702317334506E-010   2.8367917543893915E-015
  -1.7271905912714296E-009  -5.3667973284050366E-009  0.13818421849553050       -9.6951565736812038E-015   3.7530806098013939E-016   8.2020373503170840E-017   2.4618765460114309E-016   3.5350461017401964E-016   4.7296719511099446E-017   2.5809359541170445E-016   5.8001090749486348E-009  -5.8067227708498223E-009  0.12195954193618100       -1.2633465524332381E-014   4.5471060042491902E-010   7.2487456541787776E-010   1.5792477233854817E-010  -2.3880315593996771E-010   3.3592379020328061E-011  -3.7125560118206535E-010  -4.1860371661446939E-010  -6.1460840241661335E-010  -1.6325792609537296E-010   3.4040604725961205E-010   1.9573497335433037E-009  -3.0281642207250430E-009   7.4803173699772463E-002   9.5506214327366191E-016   2.4295245572173420E-016   2.9194012333387266E-015  -2.0006189418910660E-016   1.8259491235828277E-016  -5.3720235893238494E-016  -2.6076480537913302E-009   4.8519483629205391E-009  -8.8589570358825212E-002   5.3140529688755607E-015   1.3614878260521351E-015   1.6345779336440313E-014  -1.1765647170249526E-015   1.0426984700911902E-015  -3.1575528323287443E-015   4.7409699277903226E-011   7.9976460634663660E-011  -1.7994365177007391E-011  -1.3482863713222133E-011   8.6932256741415025E-012  -5.0124176033550488E-011  -3.2086230358656541E-011   6.3989842504457534E-011  -3.6928328542884588E-011  -3.4278697542197525E-011   6.8744710219326205E-015   1.0268420553428825E-014  -1.3664595428262414E-014  -3.6941971545623470E-010   7.1424726499126901E-010  -1.2513610312168785E-002   8.6921290387154146E-015
   9.2933924155679724E-016   2.2034568006347296E-015   8.7395786392232885E-015  0.72630548666980288       -5.3376613273212652E-010   1.1249987562863482E-009  -7.6753667179796957E-009  -3.7549590743009854E-008   3.4387710609212926E-008   3.8083164904197854E-008  -1.3736749514529540E-015  -1.6385988328029976E-015  -1.2633465524332381E-014   1.1203550709798904       -5.5064011833732338E-016   1.3133695214764391E-015   4.0813989039509204E-016   6.5419822605533475E-016   8.8218795076785484E-016  -5.9110670642465485E-016   3.4722190906172006E-016   4.1423239789105358E-016   5.6375488150513867E-016  -1.0855458641557256E-015   4.7278997223477988E-016  -1.0814518114493394E-015   1.0099886677610782E-014  -1.7650214188982511E-009   5.8841485256417628E-010   4.6050472424892462E-010   3.8499162483205176E-009  -3.5571407681431275E-009  -2.0851528214512327E-009   3.4209168739478755E-015  -4.2223942021354634E-015  -5.7405889781769967E-015   2.0065110076667589E-009   4.8553246837646833E-010   5.0952234841773687E-009   2.7990797478440003E-008  -1.5464037718054937E-008  -2.9997232919555744E-008  -3.0434519725293742E-017   4.7466576015922443E-016  -5.9256704744311940E-017   2.9706945699769480E-016  -1.6959927107488601E-016   1.4245069018237032E-016   1.1656768789870634E-016  -6.1328316248655002E-016   6.7672886045688532E-016  -6.9410384286718939E-016 -0.52105357574814337      -0.65072305818636911       0.81464923412424539        6.1654011650237094E-016  -7.4625600008757722E-016  -8.3583253616829447E-016 -0.51360528828636920     
   2.1090350557666857E-010  -1.2644042557458253E-009   5.1521461849490365E-010  -3.6138320899891138E-016  -2.0836924113910002E-018   1.1172997151390557E-017   2.9466933784132038E-018   7.8943057758381570E-018   7.3903567241623029E-019  -5.8105994996899977E-018   1.8615693128032874E-010  -1.1159483936391264E-009   4.5471060042491902E-010  -5.5064011833732338E-016   1.2194934764838083E-017   1.2530531881405907E-017  -5.1473604236377629E-018  -2.2802090089912150E-018   2.7195237156638769E-018  -1.4080935335453544E-017  -1.7134222723621166E-017  -1.2930078278535105E-017   1.0457459661506162E-017   1.3474191330433351E-017   1.1295987961470113E-010  -6.8429976787590319E-010   2.7971945694667739E-010  -2.9327948446676554E-017   1.5725941359091042E-016   4.1474524014191278E-017   1.1111166740871360E-016   1.0402132642370213E-017  -8.1783711405087815E-017  -2.1745860820487068E-010   8.2145273539776259E-010  -2.7458355973888646E-010  -1.6389157493092211E-016   8.7880305252405143E-016   2.3176952769180286E-016   6.2091843694101092E-016   5.8129591178281667E-017  -4.5702685809015456E-016   1.0642776980411020E-018   1.8558617315543621E-018  -6.9614478059903996E-019  -1.5232990467959120E-019   2.6001494070264618E-019  -1.2755217198953873E-018  -2.4606187520672369E-018  -4.5879802473870286E-019   1.4454307974486837E-018   8.6086387501477554E-019   4.2878440944993112E-016   5.9878702056054558E-016  -8.8916229895402646E-016  -3.2963765939535525E-011   1.1632959429541773E-010  -3.7263790294490638E-011   5.6687784538529184E-016
  -4.1501787280522753E-011  -1.2245723453723194E-009   8.2129954261873436E-010   8.8084654106928275E-016  -1.1662751176810915E-017  -7.7711244225259025E-018   1.8614928304251907E-017   5.1401441053814471E-018  -1.4008529082321423E-017   6.5226215288941043E-018  -3.6655645958672551E-011  -1.0807950985309613E-009   7.2487456541787776E-010   1.3133695214764391E-015   1.2530531881405907E-017   1.3905899722466885E-017  -4.8710782672298227E-018  -2.9158585450055275E-018   3.6026474179421759E-018  -1.3895613650134363E-017  -1.7626079982786226E-017  -1.3925663127109054E-017   9.7419937650899483E-018   1.4010358055069899E-017  -2.0479018441572190E-011  -6.6260375052203681E-010   4.4411182539748421E-010  -1.6415273024195914E-016  -1.0937821747460886E-016   2.6200437921235923E-016   7.2347855605335706E-017  -1.9716995630906117E-016   9.1804881377328120E-017   1.6185775752856719E-010   8.0502633865335895E-010  -5.5932379753348603E-010  -9.1732454797747468E-016  -6.1123151580059284E-016   1.4641429081943962E-015   4.0429704182443088E-016  -1.1018326611231933E-015   5.1302751049534098E-016   1.2308401877383712E-018   1.8493096891990061E-018  -7.3508676144403179E-019  -3.4740619438316995E-019   2.8619735804011584E-019  -1.3039375726815291E-018  -2.4220989708967046E-018  -3.5445145010655496E-019   1.4003044943547194E-018   8.1212292057418652E-019  -1.7617546136565754E-015  -2.6220236918619812E-015   4.2124782896623041E-015   2.6557880035091529E-011   1.1425816871199220E-010  -7.9902383171575459E-011  -2.6977601348770713E-015
   1.6266602867417779E-010   7.3710548043041493E-010   1.7889066997584405E-010   2.4059827057312098E-016  -7.8810601989599862E-018  -9.9753595379399577E-018  -4.0330890382016093E-017  -3.7072719238834192E-018  -6.8241215261483956E-018   1.1588328497303853E-017   1.4357961509620204E-010   6.5056563419706462E-010   1.5792477233854817E-010   4.0813989039509204E-016  -5.1473604236377629E-018  -4.8710782672298227E-018   3.8624187597931188E-018   6.7104939142725750E-019  -2.4900992931797013E-018   6.2349071571471200E-018   8.6167162452326438E-018   5.3828732809551797E-018  -6.6894728130707023E-018  -6.8910244211905978E-018   8.7110121074247120E-011   3.9855580454768280E-010   9.3994960420761339E-011  -1.1092553021971609E-016  -1.4040272785428024E-016  -5.6765536102194395E-016  -5.2179489276633123E-017  -9.6049361538541290E-017   1.6310501691209701E-016  -1.6865895259306072E-010  -5.0393580067012913E-010  -3.0824798034325430E-010  -6.1987827508951810E-016  -7.8460389306055633E-016  -3.1721934281749649E-015  -2.9159141150639489E-016  -5.3674669699763750E-016   9.1146968765114501E-016  -5.4232226548716980E-019  -7.0694173580700247E-019   3.2492387489786702E-019   2.8183378427604105E-019  -1.7549935876474890E-019   4.4578533892917187E-019   1.2068941725617678E-018   4.6096033537993056E-019  -9.1229357989489267E-019  -5.8576206883968618E-019   7.4895295412645165E-016   1.2794141025990528E-015  -2.3602227956141265E-015  -2.5582319798518796E-011  -7.2040064431994806E-011  -4.8829009064967952E-011   1.5222499853149425E-015
   9.5058822999443480E-011   1.8809489753582839E-010  -2.7056250260396112E-010   4.4798370980884801E-016  -2.1431644405043130E-018  -4.0873020411056178E-018  -5.7575996837637862E-018   1.5236557926239478E-018  -1.2243907705112035E-018   6.1950518409141323E-019   8.3897047398508513E-011   1.6600452618648876E-010  -2.3880315593996771E-010   6.5419822605533475E-016  -2.2802090089912150E-018  -2.9158585450055275E-018   6.7104939142725750E-019   7.5236935822390561E-019  -9.0148101904911636E-019   2.3068858866012417E-018   3.1590335936020470E-018   2.7757350988765531E-018  -1.3224363241378148E-018  -2.5691102869197416E-018   5.1501666619006512E-011   1.0223068343815318E-010  -1.4584724639365892E-010  -3.0164920625657406E-017  -5.7528590572285198E-017  -8.1037879143574064E-017   2.1445721354447109E-017  -1.7233536126258517E-017   8.7191980181942294E-018  -5.7978450862059200E-011  -9.2721899520409278E-011   2.1539715572347118E-010  -1.6856874932781029E-016  -3.2148346720949642E-016  -4.5285897954993081E-016   1.1984380580882944E-016  -9.6305099922618145E-017   4.8724942239319346E-017  -2.6238870143549702E-019  -3.3979209012876861E-019   1.5316100511700792E-019   1.4959134829529582E-019  -9.6212643299578788E-020   2.0245331749067495E-019   4.1979388587508802E-019  -8.1367721552525219E-021  -2.2342724906119215E-019  -1.0810333224804124E-019  -1.2386330317615164E-015  -1.8893466309044799E-015   3.1202579322318898E-015  -8.1087152228263623E-012  -1.2336078328780689E-011   3.1571403708067893E-011  -2.0012631072377325E-015
  -5.5514093210156072E-010  -4.1478980903354549E-010   3.8058155656293800E-011   5.7740912137439716E-016  -1.6489029984068627E-018  -5.1179045672853136E-018  -1.2777987286416918E-017   1.5250967734451404E-018   3.8561645474540248E-018   1.2380834755060607E-019  -4.8999876134012960E-010  -3.6608242716237744E-010   3.3592379020328061E-011   8.8218795076785484E-016   2.7195237156638769E-018   3.6026474179421759E-018  -2.4900992931797013E-018  -9.0148101904911636E-019   3.0939735628520355E-018  -2.7473257018560456E-018  -5.3647807283620375E-018  -3.6017738488172026E-018   3.5949784154033094E-018   4.5406218101847924E-018  -2.9763516627769175E-010  -2.2494771614328113E-010   2.0398077935594390E-011  -2.3208237501426608E-017  -7.2034278686791265E-017  -1.7984948071306799E-016   2.1466079806801571E-017   5.4274942613721827E-017   1.7421581746082896E-018   5.5185220457760106E-010   2.3802695494662373E-010  -3.8278907502829942E-011  -1.2969314965540036E-016  -4.0254471292693746E-016  -1.0050417567199252E-015   1.1995756877506771E-016   3.0330131111123575E-016   9.7355788795893641E-018   4.9980775646276540E-019   2.7967158266759454E-019  -2.5883594209113494E-019  -5.4540165257737679E-019   2.2385840448871276E-019  -1.2522701631468639E-019  -6.8331257039090061E-019  -2.5407110956087052E-019   6.3710539200165391E-019   3.8230093972382518E-019  -6.2561633227301431E-016  -8.6022945921523898E-016   1.2509147100473709E-015   8.3304342879910079E-011   3.2860185478432626E-011  -5.7862186885597286E-012  -7.9650309264560633E-016
  -3.7795941547756971E-010   1.5082802782971572E-009  -4.2067097517790376E-010  -3.8700296001736523E-016   9.7740018218601109E-018   1.3658595822003482E-018  -3.8387216045672506E-018  -5.3019026796982901E-018   3.8085646438348488E-018  -4.4721142804078506E-018  -3.3360325034793002E-010   1.3311963443532720E-009  -3.7125560118206535E-010  -5.9110670642465485E-016  -1.4080935335453544E-017  -1.3895613650134363E-017   6.2349071571471200E-018   2.3068858866012417E-018  -2.7473257018560456E-018   1.6584533455205339E-017   1.9828934830482796E-017   1.4571776271997984E-017  -1.2707713669473912E-017  -1.5508443317624045E-017  -2.0302056454410917E-010   8.1585317991404242E-010  -2.2943606084381044E-010   1.3756868833844298E-016   1.9224410604901459E-017  -5.4029892377606900E-017  -7.4624254252376740E-017   5.3605621094747684E-017  -6.2944442971945695E-017   3.4984943586105139E-010  -1.0093715872721112E-009   1.5299656373677148E-010   7.6876660701644265E-016   1.0743058226047197E-016  -3.0193191603815654E-016  -4.1701808786229943E-016   2.9956096833744276E-016  -3.5174852313381776E-016  -1.1654921765717120E-018  -2.1501136534442168E-018   7.8083379541059380E-019   5.4869287939032889E-020  -2.5271430551173725E-019   1.5087534055562225E-018   2.8814749757415183E-018   6.2367580339048826E-019  -1.7158189112588429E-018  -1.0468782758503331E-018   4.2358138680973292E-016   5.8348425246212116E-016  -8.5059433401418793E-016   5.2355400679115859E-011  -1.4373630031013930E-010   1.8423412950032180E-011   5.4168653546910636E-016
   3.5167331061689072E-011   1.9338974316411553E-009  -4.7432666845958664E-010   2.8933359941946839E-016   2.3038447325860574E-018  -7.5169105939767338E-018   4.4390498241425955E-017   5.6361628513487247E-018  -7.7178418893883245E-018  -7.9400243613926944E-018   3.1048758816530286E-011   1.7068702213113661E-009  -4.1860371661446939E-010   3.4722190906172006E-016  -1.7134222723621166E-017  -1.7626079982786226E-017   8.6167162452326438E-018   3.1590335936020470E-018  -5.3647807283620375E-018   1.9828934830482796E-017   2.5361110866864548E-017   1.8330113295545138E-017  -1.6399455263344606E-017  -2.0085048202188993E-017   1.8252245445394159E-011   1.0440354015982916E-009  -2.5905302426712210E-010   3.2426599161204982E-017  -1.0580016193905598E-016   6.2479420736107141E-016   7.9328985265389138E-017  -1.0862842211815553E-016  -1.1175559405929789E-016  -7.5966254965560452E-011  -1.4331218588102787E-009   1.4849238760549089E-010   1.8120758772708082E-016  -5.9123647547915230E-016   3.4914989158947626E-015   4.4330929415233940E-016  -6.0704149629198172E-016  -6.2451688487887959E-016  -1.6363105524053517E-018  -2.4909939339284814E-018   1.0034084432650076E-018   5.0186450215396814E-019  -4.4321458279268864E-019   1.6934756827416285E-018   3.5094240753042928E-018   9.2798325905003290E-019  -2.2174272550389985E-018  -1.4395966136601720E-018  -2.6750173970483837E-015  -4.2619783585105921E-015   7.3665104680536164E-015  -1.2189891822109540E-011  -2.0771466527404155E-010   1.6724415507668886E-011  -4.7359257783127342E-015
  -1.3773339483319995E-011   1.3147414421209779E-009  -6.9639367148748087E-010   2.6359039751582587E-016  -1.8751165607997742E-017   4.5331777977896585E-018  -2.9559377134229438E-017   3.1665968994731080E-018  -1.5465629393221799E-018   1.5584552156638016E-017  -1.2165443510684755E-011   1.1603237566193194E-009  -6.1460840241661335E-010   4.1423239789105358E-016  -1.2930078278535105E-017  -1.3925663127109054E-017   5.3828732809551797E-018   2.7757350988765531E-018  -3.6017738488172026E-018   1.4571776271997984E-017   1.8330113295545138E-017   1.4170204916960533E-017  -1.0666788893633313E-017  -1.4574087395375217E-017  -6.7703233904606177E-012   7.1537686786046827E-010  -3.7842071908957227E-010  -2.6392171047356528E-016   6.3804263534318149E-017  -4.1604681326875028E-016   4.4569978765106914E-017  -2.1767987643848582E-017   2.1935172395096810E-016   5.5495568930452654E-011  -5.9316570625581467E-010   3.4828352230037096E-010  -1.4748573721549816E-015   3.5655340991049365E-016  -2.3249687283375473E-015   2.4906766119228422E-016  -1.2164468491289266E-016   1.2257897062891439E-015  -1.2193735426574663E-018  -1.9842852853068832E-018   7.8703792809817893E-019   3.2884493867574244E-019  -3.3117619424093405E-019   1.3071152057305649E-018   2.6769057639274755E-018   2.8312675218460487E-019  -1.6072030503778808E-018  -7.9768017587979195E-019   9.9578248835271872E-019   7.2218639613775196E-017  -2.4687384838919687E-016   9.1137912757259302E-012  -7.6965125046303907E-011   4.6514419950439760E-011   1.6270323768809360E-016
  -5.6830336285641176E-012  -1.3700258683421595E-009  -1.8492261152924862E-010   3.7112712313226748E-016  -5.5149484998636504E-018  -9.7775583550005776E-018   9.2777657015728561E-018   1.6951604586955746E-017  -4.0027831072021416E-018  -1.1436648035015999E-017  -5.0031904026296884E-012  -1.2092138523900410E-009  -1.6325792609537296E-010   5.6375488150513867E-016   1.0457459661506162E-017   9.7419937650899483E-018  -6.6894728130707023E-018  -1.3224363241378148E-018   3.5949784154033094E-018  -1.2707713669473912E-017  -1.6399455263344606E-017  -1.0666788893633313E-017   1.2260204924627115E-017   1.2936589779206645E-017  -4.0105136097018674E-012  -7.3811804705389712E-010  -9.6555366311276105E-011  -7.7622682290811704E-017  -1.3761867196596700E-016   1.3058418549249925E-016   2.3859329019840591E-016  -5.6339215791457614E-017  -1.6097060172414916E-016  -5.9937010170571772E-011   1.1177138473983264E-009   3.6008984208990961E-010  -4.3377402196144753E-016  -7.6904590902777152E-016   7.2973554369550274E-016   1.3333161069944923E-015  -3.1483695001596552E-016  -8.9954208535245165E-016   9.6450409550385082E-019   1.4927100467386240E-018  -6.1113008948628583E-019  -3.2591907719716509E-019   3.0844000142569651E-019  -9.6809952493014694E-019  -2.2862930732833676E-018  -8.9057539076513654E-019   1.5746931465528207E-018   1.1193059237431431E-018  -4.8347993102291755E-016  -6.8490550162362557E-016   1.0362398707229759E-015  -1.0203251955364637E-011   1.6442117206817412E-010   5.7462469434252023E-011  -6.6137604510778042E-016
  -1.1097817772238695E-010  -1.5293577216410107E-009   3.8574002158826395E-010  -7.1451301173856650E-016  -3.6108146475731023E-017   2.0700196927527629E-018  -5.8075697207811045E-017   2.6118342613981119E-018  -2.7909057909148567E-017   3.3496327253524944E-017  -9.7950445956439862E-011  -1.3497584268529419E-009   3.4040604725961205E-010  -1.0855458641557256E-015   1.3474191330433351E-017   1.4010358055069899E-017  -6.8910244211905978E-018  -2.5691102869197416E-018   4.5406218101847924E-018  -1.5508443317624045E-017  -2.0085048202188993E-017  -1.4574087395375217E-017   1.2936589779206645E-017   1.5999204869401602E-017  -5.9881805913136277E-011  -8.3027705824558423E-010   2.1200757547268756E-010  -5.0822055162264429E-016   2.9135460501692722E-017  -8.1741280995713526E-016   3.6760849820812932E-017  -3.9281819713930027E-016   4.7145970950973974E-016   8.4347659078552338E-011   8.1773544262016662E-010  -2.9821144860503165E-011  -2.8400575191792907E-015   1.6281587861834728E-016  -4.5678975615336059E-015   2.0542834271651808E-016  -2.1951616179416628E-015   2.6346291791590996E-015   1.3130963983958461E-018   2.0059367025066462E-018  -8.2880388222820113E-019  -4.5517623316044908E-019   3.7765312853818472E-019  -1.3065396142683746E-018  -2.8948089291433233E-018  -5.5459340187291832E-019   1.8779011880616050E-018   1.0311421513651255E-018   9.2643524501797853E-016   1.3115015273035539E-015  -1.9825071949654633E-015   1.2275024394170647E-011   1.1106260586081552E-010   1.7287758083150338E-012   1.2652620542390662E-015
   8.4762092359444485E-002  -1.9087711163456751E-009  -9.0556820025792014E-010   3.9893020509229122E-016  -5.7968013423467036E-017  -7.1837958061359125E-018   3.9109859398054290E-017   5.7131569328886931E-017  -2.8822465669623623E-017  -7.8663648826030600E-017   7.4803175696069910E-002   1.5673299692612397E-009   1.9573497335433037E-009   4.7278997223477988E-016   1.1295987961470113E-010  -2.0479018441572190E-011   8.7110121074247120E-011   5.1501666619006512E-011  -2.9763516627769175E-010  -2.0302056454410917E-010   1.8252245445394159E-011  -6.7703233904606177E-012  -4.0105136097018674E-012  -5.9881805913136277E-011   4.6382742350360946E-002   2.5237591673691355E-010   6.1396029591970137E-010  -6.5910673938003813E-016   1.0018541330213026E-016   8.2649929275515307E-016   1.0472596361107906E-015  -2.2064269083021147E-016  -3.6106727260418640E-016  -2.0408369581018750E-002  -3.7161389244951892E-010  -6.5117077159995658E-010  -3.4948998036799755E-015   4.6252935902151080E-016   4.6323692119775861E-015   5.8063863282585919E-015  -1.1833799762268050E-015  -2.1988167109142826E-015  -2.1237909777221088E-011   2.3430459555954956E-011   1.0717697450865124E-011   8.5179707954764087E-011  -4.4417031807944009E-011  -5.6672858690695713E-011  -1.0776548400827366E-011   3.7497762737134628E-012  -8.9731108449536781E-012  -1.0783451087604604E-011   7.9537624837524719E-017   6.3054447762366082E-016  -1.0674896910015131E-015  -1.9557751699229159E-003  -5.1362946791638366E-011  -8.7467781250146669E-011   6.8983124787637804E-016
   6.6493347230253762E-010   8.4762094158621473E-002   3.7388827515240715E-009   1.0173570680006515E-016  -2.2699341327372951E-016   2.3761400643494934E-017  -2.2557442203020673E-017  -3.0397500059047676E-016   3.4053534861376849E-017  -2.9889224889268714E-016   2.9562459731053781E-010   7.4803172135401080E-002  -3.0281642207250430E-009  -1.0814518114493394E-015  -6.8429976787590319E-010  -6.6260375052203681E-010   3.9855580454768280E-010   1.0223068343815318E-010  -2.2494771614328113E-010   8.1585317991404242E-010   1.0440354015982916E-009   7.1537686786046827E-010  -7.3811804705389712E-010  -8.3027705824558423E-010   2.5237591673691355E-010   4.6382741133392073E-002  -2.4731429525160968E-010   2.3623693560351575E-016   2.8428557594061293E-016  -7.9027340496372522E-016  -4.0161641605455804E-016   4.5567204744837792E-016  -2.7060664832915699E-016  -2.6959580440384536E-010  -2.0408363689899740E-002  -8.2465921212455066E-010   2.3209828644388722E-015   1.6640280817020781E-015  -4.4142449090132348E-015  -1.6018426754803616E-015   2.5261154175448138E-015  -6.3732241400448143E-016  -6.3677066387569343E-011  -1.0249058617795263E-010   4.8312250887764619E-011   1.5050268379918105E-011  -1.7515945846402726E-011   7.0381307871961604E-011   1.7251694291229330E-010   3.3535778543600384E-011  -1.2896886114268742E-010  -6.1006164662119642E-011   4.9885562226405658E-015   8.2592589587224952E-015  -1.4090552063849273E-014  -3.7462582375250275E-011  -1.9557742176958340E-003  -1.5615619587368842E-010   9.0539737603827261E-015
