  0.52166956547461085        1.9071305890013807E-016   2.8971725210159177E-016   1.7297842242770014E-015   1.8238856686156915E-008  -8.6356011379341230E-009  -3.5586294636341007E-011  -6.5151346144189767E-008  -6.3866020375031319E-011   4.6912592600702611E-008  0.69772321649834257       -3.7204392120836876E-016  -8.7451039035454438E-016  -1.6748412101111055E-015   1.4118109006260104E-007  -2.5067495492025092E-008   1.9100211859567629E-010  -1.0088331437549109E-007  -5.4168468420255081E-011  -4.0297852494695313E-008   8.1741255469291567E-019   3.8091854903387761E-016   7.7193244699369335E-016 -0.32895867464214773        1.3740922524810691E-007  -2.5885003130135254E-008   1.6929436871426517E-010  -1.1254957071212684E-007  -6.8391219775902273E-011  -2.4859718228168794E-008   8.2349387350141508E-017  -1.5695013812220180E-016  -6.0949040824956892E-016 -0.33186427449710748       -2.1607207961041951E-016   3.4777241299366021E-017   3.6723234245034661E-019  -6.9020878164107114E-017   2.0708195522768323E-017  -5.7369384479321476E-017   1.1534680435251931E-016   2.5872760366340971E-018   4.8355730619841968E-017   4.3367922971665735E-017  0.17651437041817772       -3.9582204968195096E-002
   1.9071305890013807E-016   1.2773882204378283E-007  -8.5082050449431550E-014   9.5785217540625052E-016  -1.6502968900426637E-019  -4.7693957688459373E-020   5.5696070764159552E-019   2.0508883593585601E-020   5.8367687724707130E-019  -2.6713441461834156E-020   2.5866860293006495E-016  -8.0167912209827149E-006   3.7859678720456989E-012  -3.6322967914812021E-014   1.1925823079755052E-019   1.3484755072439103E-019  -3.1299183785931083E-019  -1.7672519053373041E-019  -2.8947295067147914E-019   5.9719679887054431E-020  -1.0820103853003775E-004   3.6003084313260460E-011  -4.0344922784383707E-013   1.4148877450833641E-017  -3.0319908263501341E-019  -3.8084302402323546E-020  -2.7345493403425914E-019   2.6223039713911277E-019  -9.1929926217063839E-020   5.0005209649180017E-021  -4.1539832519080428E-004   1.3786660368128937E-010  -1.5576641009919685E-012   1.3896628193632449E-016   1.1570076514884830E-012  -2.2785048389297661E-013   1.3959324097557686E-015  -1.0707006854026531E-012  -4.5009941267688703E-016  -4.8159757051036010E-013   1.2745346653867105E-013  -4.0372555029810863E-016   5.6853134223487901E-014  -7.3946306687687170E-016  -1.1136381931654753E-016   2.7317825554349380E-017
   2.8971725210159177E-016  -8.5082050449431550E-014   1.2773787335132896E-007  -4.6358641438827368E-017  -2.0398538175664043E-021   2.6777219127357852E-020   6.2516831943124829E-020   2.3833372582229798E-019   8.4756115191343845E-020  -1.4632316752443552E-019   3.8638326161179965E-016   3.7858673102365890E-012  -8.0167490066977840E-006   4.8506800825623111E-015  -7.2596269489453649E-020  -8.5630446171532082E-020   7.1113902123625521E-020  -2.0715365102721709E-019  -1.2391711005485649E-019   4.3714691831836626E-019   3.6001689052959429E-011  -1.0820063709175456E-004   2.0262542831460571E-014  -2.1707301874671592E-016   1.8657297417380799E-019  -7.5023336978116950E-021  -4.9785287949767896E-020   1.0522314320045763E-019   2.8496262957565426E-021  -2.4538901803474266E-019   1.3786125417707077E-010  -4.1539678796333320E-004   7.1912634821310237E-014  -2.5092552158242040E-016   1.2747020429775475E-013   1.1530754106099355E-012   1.3634872760550117E-016  -2.2787302997901008E-013   1.0421210049394130E-015   5.6853093194264568E-014  -9.7299837531852478E-013  -6.4195392651058944E-016   1.5234108726058390E-013   3.7687582576874232E-016   1.4306340912075509E-016  -3.2682997930226173E-017
   1.7297842242770014E-015   9.5785217540625052E-016  -4.6358641438827368E-017   1.2773778882402859E-007  -1.8950833410931884E-019   1.9412745069406396E-020  -1.6861015370293315E-019  -5.6912815891835131E-020  -1.6170810908070061E-019   2.6075051519317738E-019   2.3154617917717027E-015  -3.6288888189586917E-014   4.8931480184910540E-015  -8.0167518108502800E-006   1.4031359808037663E-019  -7.4304956165138388E-020   1.7408358530345474E-019   1.8617404010185479E-019   2.4982771963081694E-019  -3.0011261909330526E-019  -4.0297671635410638E-013   2.0845070742250407E-014  -1.0820060350663957E-004  -1.0234340210300871E-015  -8.3075481470643687E-020   1.0920634809817981E-019  -2.6305106217876343E-020  -1.5799945531187185E-020  -1.1218320777942100E-019   9.7565234587182172E-020  -1.5558544002241435E-012   7.4148293397004780E-014  -4.1539664612477560E-004  -9.6982379925616585E-016  -9.0667591982843036E-016   1.3610195627239280E-016   9.6403804229658013E-013  -4.0362527077171292E-016  -1.6463776035991451E-013   1.6204950739711835E-015   3.0518409565490810E-016  -6.2578700521235694E-013  -5.4685025862067153E-016  -2.5210335055798333E-013   4.9706943443816263E-016  -1.1028936840546990E-016
   1.8238856686156915E-008  -1.6502968900426637E-019  -2.0398538175664043E-021  -1.8950833410931884E-019   6.3774433462345716E-016  -3.0194076244727904E-016  -1.2441652571555326E-018  -2.2779648338841988E-015  -2.2330096661991507E-018   1.6402241003326898E-015   2.4398748697236674E-008   1.0357546887161212E-017   1.2862608490929280E-019   1.1897175081749659E-017   4.9365707923169684E-015  -8.7654072709183006E-016   6.6783469785107929E-018  -3.5277494342995364E-015  -1.8943291231902501E-018  -1.4088240768324039E-015   1.3979392685542817E-016   1.7364898986310134E-018   1.6057477304824597E-016  -1.1344717766537230E-008   4.8002356304953629E-015  -9.0426496870920694E-016   5.9140880599039051E-018  -3.9318082426118607E-015  -2.3891877394457669E-018  -8.6842969604524775E-016   5.3668767323332064E-016   6.6665606030067781E-018   6.1646798962610222E-016  -1.1299526511528171E-008  -9.2243368246191882E-024   1.5350796381326178E-024  -1.4237629507038189E-024  -1.0969458296012438E-024   9.6919691068089861E-025  -1.4580384550657651E-024   3.9623877991457436E-024   1.0156804546930403E-024   1.6592983289863284E-024   1.8777588787156252E-024   5.9664373455628592E-009  -1.3352034294303832E-009
  -8.6356011379341230E-009  -4.7693957688459373E-020   2.6777219127357852E-020   1.9412745069406396E-020  -3.0194076244727904E-016   1.4295694821272621E-016   5.8908221848769352E-019   1.0785316232477341E-015   1.0572499818536792E-018  -7.7659256682095888E-016  -1.1551216729389469E-008   2.9930431404687043E-018  -1.6808071771445108E-018  -1.2201027776774331E-018  -2.3372252797314485E-015   4.1499426796194747E-016  -3.1619268207614627E-018   1.6701690914491931E-015   8.9681994043373240E-019   6.6705746887363975E-016   4.0396422831158660E-017  -2.2685752174987365E-017  -1.6467887509106053E-017   5.4027448908434235E-009  -2.2735675147567717E-015   4.2829268701907515E-016  -2.8011326408666060E-018   1.8622451748114854E-015   1.1316032765772053E-018   4.1132341651494882E-016   1.5508729311040638E-016  -8.7093624258338740E-017  -6.3222371963011781E-017   5.4107341454240998E-009   3.2190869138446508E-024  -2.6073881123456235E-025   1.4127825918801637E-025   1.5139678894217850E-024  -3.6754965072833425E-025   1.1610951098872568E-024  -2.1825760355888778E-024  -1.3696161021849293E-025  -8.0179381496918609E-025  -7.5220820813167142E-025  -2.8659760562448514E-009   6.4193014803845473E-010
  -3.5586294636341007E-011   5.5696070764159552E-019   6.2516831943124829E-020  -1.6861015370293315E-019  -1.2441652571555326E-018   5.8908221848769352E-019   2.4275659072729825E-021   4.4443426882203704E-018   4.3566675213084791E-021  -3.2001844684937737E-018  -4.7594688971381153E-011  -3.4954431566607423E-017  -3.9235252144155804E-018   1.0581871265538070E-017  -9.6306813326024846E-018   1.7099745175647496E-018  -1.3029306115027775E-020   6.8816967513851556E-018   3.6950329499429968E-021   2.7489898112612929E-018  -4.7177302681046607E-016  -5.2955189357125637E-017   1.4282154097513558E-016   2.2484646895875174E-011  -9.3746435719883776E-018   1.7659848625442530E-018  -1.1549989458513303E-020   7.6786072101489457E-018   4.6659357020653835E-021   1.6960406836282246E-018  -1.8112000391833451E-015  -2.0330209054664231E-016   5.4831107419551347E-016   2.2724452661517883E-011   5.1230031700465888E-024  -4.3166664629297853E-025  -1.2663742335114667E-024  -4.7747227278025323E-024   2.1445187258128888E-025  -2.0702596457348888E-024   7.1264651596152089E-026   8.2376790971239560E-025   3.1988240596426759E-025   3.2676687951932166E-025  -1.2099212810257334E-011   2.7139442661619844E-012
  -6.5151346144189767E-008   2.0508883593585601E-020   2.3833372582229798E-019  -5.6912815891835131E-020  -2.2779648338841988E-015   1.0785316232477341E-015   4.4443426882203704E-018   8.1369407840312093E-015   7.9763884992962702E-018  -5.8589888233649584E-015  -8.7146271731433684E-008  -1.2885794002477878E-018  -1.4959835716450028E-017   3.5584647367741628E-018  -1.7632985970260807E-014   3.1308764299878578E-015  -2.3854989918804377E-017   1.2600339043192355E-014   6.7658666726070622E-018   5.0326565743608119E-015  -1.7392352993443974E-017  -2.0191177049997882E-016   4.8025009426137014E-017   4.0827216452923441E-008  -1.7154606161516912E-014   3.2315691875602823E-015  -2.1135218182474666E-017   1.4051074572584292E-014   8.5382075310486315E-018   3.1035396767293649E-015  -6.6771593934265502E-017  -7.7516621949434906E-016   1.8437490838362583E-016   4.0949558840285699E-008   2.7695293849287502E-023  -2.2995830748362405E-024  -4.6652512470651177E-025   8.1398553262185503E-024  -2.5117797335094491E-024   7.3094457365536473E-024  -1.6330618212990674E-023  -4.0065591235255301E-026  -5.8171829823870757E-024  -5.2814978694154048E-024  -2.1709036535971355E-008   4.8636345330727793E-009
  -6.3866020375031319E-011   5.8367687724707130E-019   8.4756115191343845E-020  -1.6170810908070061E-019  -2.2330096661991507E-018   1.0572499818536792E-018   4.3566675213084791E-021   7.9763884992962702E-018   7.8190072919099985E-021  -5.7433914534330571E-018  -8.5426031371910316E-011  -3.6631118935684963E-017  -5.3192499775298483E-018   1.0148697033782513E-017  -1.7285003007174376E-017   3.0690839616823606E-018  -2.3384276679062838E-020   1.2351622704684960E-017   6.6322876276336214E-021   4.9333897522813197E-018  -4.9440294604077276E-016  -7.1793042342773746E-017   1.3697506792368256E-016   4.0055353306208118E-011  -1.6817018418814457E-017   3.1679743476778538E-018  -2.0719299521954448E-020   1.3774558095528233E-017   8.3701791720241007E-021   3.0424682340687609E-018  -1.8980793398142595E-015  -2.7562313995073732E-016   5.2586567927497095E-016   4.0206786259017361E-011   5.3991370180523976E-024  -2.8051989804695811E-025  -1.2139810584173532E-024  -5.0344901529721360E-024   2.0452011022854558E-025  -2.1577693849817648E-024  -7.7847963464150336E-026   7.8962460911515104E-025   3.5557163200270598E-025   3.1072753635787483E-025  -2.1324742130845075E-011   4.7781336005043173E-012
   4.6912592600702611E-008  -2.6713441461834156E-020  -1.4632316752443552E-019   2.6075051519317738E-019   1.6402241003326898E-015  -7.7659256682095888E-016  -3.2001844684937737E-018  -5.8589888233649584E-015  -5.7433914534330571E-018   4.2187739951990326E-015   6.2747660646558895E-008   1.6775623925342686E-018   9.1847065989891530E-018  -1.6354942731342456E-017   1.2696443052810278E-014  -2.2543406504117402E-015   1.7176680672204191E-017  -9.0726095097381848E-015  -4.8715482252563799E-018  -3.6238404715622129E-015   2.2642194442375151E-017   1.2396545255868085E-016  -2.2073750624967972E-016  -2.9482575206547347E-008   1.2354397987405747E-014  -2.3273093909302513E-015   1.5221163951465209E-017  -1.0119288817822882E-014  -6.1490334558577165E-018  -2.2351149492244898E-015   8.6926435564267081E-017   4.7591988690667954E-016  -8.4744124943925676E-016  -2.9650120190578753E-008  -1.9932278040296821E-023   1.8821108869740107E-024   1.9966570681429848E-024  -5.7681859819975080E-024   1.5254555299130795E-024  -5.1656051879076449E-024   1.1512110620990867E-023  -1.0457245327969371E-024   4.1889174616752122E-024   3.3767248179863572E-024   1.5742649124024753E-008  -3.5284425013083870E-009
  0.69772321649834257        2.5866860293006495E-016   3.8638326161179965E-016   2.3154617917717027E-015   2.4398748697236674E-008  -1.1551216729389469E-008  -4.7594688971381153E-011  -8.7146271731433684E-008  -8.5426031371910316E-011   6.2747660646558895E-008  0.93350187027073250       -4.6818200062778634E-016  -1.1670836367119847E-015  -2.2504970532675766E-015   1.8886269967104759E-007  -3.3535301548742806E-008   2.5549134267362386E-010  -1.3497111943913921E-007  -7.2480562784799115E-011  -5.3891685204704980E-008   2.9078484545928244E-016   6.0630327167193686E-016   1.1212451861116444E-015 -0.42947176316271635        1.8351843045975356E-007  -3.4571120501358514E-008   2.2610171983135541E-010  -1.5031794669552284E-007  -9.1341864667442208E-011  -3.3200574410238012E-008   1.3593111002153182E-015   7.1086963667729479E-017  -5.6172355590915927E-016 -0.42350558546740108       -3.0069801640324007E-016   4.9434488457538610E-017   2.1467157430622921E-019  -9.7106041376277833E-017   2.7716443526014877E-017  -8.1507139070624776E-017   1.5958258985595003E-016   3.1915247997452091E-018   6.7611507587966881E-017   5.7092683683235908E-017  0.22232814812876744       -4.9672296832702710E-002
  -3.7204392120836876E-016  -8.0167912209827149E-006   3.7858673102365890E-012  -3.6288888189586917E-014   1.0357546887161212E-017   2.9930431404687043E-018  -3.4954431566607423E-017  -1.2885794002477878E-018  -3.6631118935684963E-017   1.6775623925342686E-018  -4.6818200062778634E-016   5.0312771366248861E-004  -1.4008785342916224E-010   7.8434656689048488E-013  -7.4813870384101870E-018  -8.4634924291871885E-018   1.9643132894045855E-017   1.1088864105201900E-017   1.8167102325829326E-017  -3.7488579816398747E-018   6.7906148022217000E-003  -9.4336182977986203E-010   5.1389858495804277E-012   4.3191522803485533E-016   1.9031379165203397E-017   2.3896072494649935E-018   1.7161827568510137E-017  -1.6459706714787783E-017   5.7694507119963761E-018  -3.1433839848429245E-019   2.6070082636736359E-002  -3.5994713239402788E-009   2.0279551146527044E-011   6.3091363814531097E-016  -7.2612920901785002E-011   1.4299708875233960E-011  -8.7607477130747206E-014   6.7196362638770212E-011   2.8247853084528296E-014   3.0224696182730275E-011  -7.9988706910154912E-012   2.5337399260519866E-014  -3.5680612734714902E-012   4.6408087501310672E-014  -3.9249182248994085E-016   9.1514989645199191E-017
  -8.7451039035454438E-016   3.7859678720456989E-012  -8.0167490066977840E-006   4.8931480184910540E-015   1.2862608490929280E-019  -1.6808071771445108E-018  -3.9235252144155804E-018  -1.4959835716450028E-017  -5.3192499775298483E-018   9.1847065989891530E-018  -1.1670836367119847E-015  -1.4008785342916224E-010   5.0312615162794773E-004  -4.2892237833194279E-013   4.5607714128463264E-018   5.3732816191350099E-018  -4.4630538613280619E-018   1.2997497547261824E-017   7.7769620272202522E-018  -2.7436406088828222E-017  -9.4335944515860469E-010   6.7906042833804723E-003  -2.9519747219044465E-012   4.4090268756001613E-016  -1.1704583499771420E-017   4.6997271343169909E-019   3.1245025343945244E-018  -6.6075224150459709E-018  -1.7884194407602942E-019   1.5399625833453663E-017  -3.5994626138691420E-009   2.6070042501267859E-002  -1.0964128397027086E-011   3.4156645825207000E-016  -7.9999643374457315E-012  -7.2366288526005555E-011  -8.5571628399529112E-015   1.4301181805948376E-011  -6.5402859303117935E-014  -3.5680586983771339E-012   6.1064767685418825E-011   4.0288621953440300E-014  -9.5608320090899258E-012  -2.3652485937018963E-014  -1.5162712225802351E-016   3.2187254655631758E-017
  -1.6748412101111055E-015  -3.6322967914812021E-014   4.8506800825623111E-015  -8.0167518108502800E-006   1.1897175081749659E-017  -1.2201027776774331E-018   1.0581871265538070E-017   3.5584647367741628E-018   1.0148697033782513E-017  -1.6354942731342456E-017  -2.2504970532675766E-015   7.8434656689048488E-013  -4.2892237833194279E-013   5.0312683653313574E-004  -8.7770631983258597E-018   4.6581983725939760E-018  -1.0925348853874956E-017  -1.1704862870195021E-017  -1.5679058393281607E-017   1.8826644685141469E-017   5.1381985919600194E-012  -2.9525612494452563E-012   6.7906090443752634E-003   5.3102527193079153E-016   5.2418314158701016E-018  -6.8590151504555137E-018   1.6509281974139484E-018   9.6861110303573749E-019   7.0405410654832317E-018  -6.1282156005360865E-018   2.0276800777607751E-011  -1.0966333438088124E-011   2.6070059969720571E-002   4.3004678487574245E-017   5.6902688413484736E-014  -8.5417071710429146E-015  -6.0502485540303976E-011   2.5331092190034462E-014   1.0332573278759594E-011  -1.0170144861362159E-013  -1.9153173313741962E-014   3.9274040621941512E-011   3.4320027689158903E-014   1.5821864545302805E-011   1.2279301356370879E-016  -3.6681760879880930E-017
   1.4118109006260104E-007   1.1925823079755052E-019  -7.2596269489453649E-020   1.4031359808037663E-019   4.9365707923169684E-015  -2.3372252797314485E-015  -9.6306813326024846E-018  -1.7632985970260807E-014  -1.7285003007174376E-017   1.2696443052810278E-014   1.8886269967104759E-007  -7.4813870384101870E-018   4.5607714128463264E-018  -8.7770631983258597E-018   3.8212383701575127E-014  -6.7850150974730230E-015   5.1694912139986647E-017  -2.7307150933091400E-014  -1.4663376712951727E-017  -1.0905253813068661E-014  -1.0097343911688047E-016   6.1559211922290266E-017  -1.1845603138549143E-016  -8.7819920733453733E-008   3.7157175058957281E-014  -6.9996421242787128E-015   4.5779170997597571E-017  -3.0434940349795368E-014  -1.8493980637876195E-017  -6.7222525737490554E-015  -3.8765056254342674E-016   2.3633363911408482E-016  -4.5476958789845687E-016  -8.7473983598031013E-008  -5.8815347796000889E-023   8.8790191764683164E-024   1.1242471102762501E-024  -2.0100030671192123E-023   5.4253240993818480E-024  -1.6555019621801450E-023   3.2499590444730495E-023  -1.5814611563269863E-026   1.3389943415146176E-023   1.1355187212147250E-023   4.6189670366329811E-008  -1.0336662835845753E-008
  -2.5067495492025092E-008   1.3484755072439103E-019  -8.5630446171532082E-020  -7.4304956165138388E-020  -8.7654072709183006E-016   4.1499426796194747E-016   1.7099745175647496E-018   3.1308764299878578E-015   3.0690839616823606E-018  -2.2543406504117402E-015  -3.3535301548742806E-008  -8.4634924291871885E-018   5.3732816191350099E-018   4.6581983725939760E-018  -6.7850150974730230E-015   1.2047605589075458E-015  -9.1788812389949082E-018   4.8487616940555963E-015   2.6037330061324448E-018   1.9362571520714803E-015  -1.1423030449146822E-016   7.2521624409514239E-017   6.2869705238968947E-017   1.5536423351725713E-008  -6.5960461820140907E-015   1.2425590896757630E-015  -8.1265938901077588E-018   5.4027383155331132E-015   3.2830103782273782E-018   1.1933110677992834E-015  -4.3854549442667327E-016   2.7842034279911558E-016   2.4136541454935448E-016   1.5422009694638112E-008   1.1821180480028923E-023  -2.7599122165863924E-024  -5.6928728111516540E-025   2.4627809968113481E-024  -9.0109648282882892E-025   2.3324204006002778E-024  -4.8930367958102234E-024   2.4622498301824080E-025  -2.4410972447205692E-024  -1.9149917901029590E-024  -8.1272465798295595E-009   1.8177548809380330E-009
   1.9100211859567629E-010  -3.1299183785931083E-019   7.1113902123625521E-020   1.7408358530345474E-019   6.6783469785107929E-018  -3.1619268207614627E-018  -1.3029306115027775E-020  -2.3854989918804377E-017  -2.3384276679062838E-020   1.7176680672204191E-017   2.5549134267362386E-010   1.9643132894045855E-017  -4.4630538613280619E-018  -1.0925348853874956E-017   5.1694912139986647E-017  -9.1788812389949082E-018   6.9935617942222560E-020  -3.6941003704956086E-017  -1.9836021029859742E-020  -1.4753936771249512E-017   2.6511945599783066E-016  -6.0237003669438606E-017  -1.4745738679652755E-016  -1.1944113708614797E-010   5.0285313792695604E-017  -9.4727046496057687E-018   6.1953655344506301E-020  -4.1187955032251520E-017  -2.5028084838534956E-020  -9.0973826014682500E-018   1.0178292137958914E-015  -2.3125795268363943E-016  -5.6610870990498129E-016  -1.1956465538928689E-010  -2.8454563893103548E-024   1.2134221052722240E-024   1.3105689436971922E-024   2.4703440010822238E-024  -2.1510387010028215E-025   1.1924322437091632E-024  -8.1082024645530966E-025  -8.5127834404153261E-025  -3.7253938041496885E-026  -3.2575689609344494E-025   6.3315358397452584E-011  -1.4180559905601274E-011
  -1.0088331437549109E-007  -1.7672519053373041E-019  -2.0715365102721709E-019   1.8617404010185479E-019  -3.5277494342995364E-015   1.6701690914491931E-015   6.8816967513851556E-018   1.2600339043192355E-014   1.2351622704684960E-017  -9.0726095097381848E-015  -1.3497111943913921E-007   1.1088864105201900E-017   1.2997497547261824E-017  -1.1704862870195021E-017  -2.7307150933091400E-014   4.8487616940555963E-015  -3.6941003704956086E-017   1.9514942346952481E-014   1.0479585016704102E-017   7.7922237404529793E-015   1.4966326373571617E-016   1.7542257151237329E-016  -1.5798290196735219E-016   6.2207629603264860E-008  -2.6537580090767424E-014   4.9991363548846939E-015  -3.2695326260945812E-017   2.1736631020901038E-014   1.3208426596497572E-017   4.8009621188291744E-015   5.7457734564255871E-016   6.7347115463843671E-016  -6.0651687200127101E-016   6.1448726007200464E-008   4.1546102922005943E-023  -8.6710340861241710E-024   1.3714808799065028E-024   1.5839882766318398E-023  -4.2487477886816702E-024   1.2311099979686018E-023  -2.1616392173709677E-023  -1.3763986981858538E-024  -1.0071403119125194E-023  -8.6322669888211995E-024  -3.2291123270094333E-008   7.2164953658833672E-009
  -5.4168468420255081E-011  -2.8947295067147914E-019  -1.2391711005485649E-019   2.4982771963081694E-019  -1.8943291231902501E-018   8.9681994043373240E-019   3.6950329499429968E-021   6.7658666726070622E-018   6.6322876276336214E-021  -4.8715482252563799E-018  -7.2480562784799115E-011   1.8167102325829326E-017   7.7769620272202522E-018  -1.5679058393281607E-017  -1.4663376712951727E-017   2.6037330061324448E-018  -1.9836021029859742E-020   1.0479585016704102E-017   5.6278267166849187E-021   4.1837998978104545E-018   2.4519778540017033E-016   1.0496430767864139E-016  -2.1161732849746254E-016   3.3099596005730203E-011  -1.4241544099873947E-017   2.6828184104890627E-018  -1.7546097160289816E-020   1.1665119210679589E-017   7.0884123756365037E-021   2.5764320528185080E-018   9.4134724409667805E-016   4.0297208535182120E-016  -8.1242733983893527E-016   3.2408588140549114E-011  -2.7237471050859803E-024  -6.0588728207174798E-025   1.8821471208613531E-024   2.6542666854725892E-024  -3.2413960022674880E-025   1.0458186518211792E-024   6.4315469855206378E-025  -1.2226099746941480E-024  -2.8300782761860880E-025  -4.9616171067812502E-025  -1.6942584034072391E-011   3.7807904807469710E-012
  -4.0297852494695313E-008   5.9719679887054431E-020   4.3714691831836626E-019  -3.0011261909330526E-019  -1.4088240768324039E-015   6.6705746887363975E-016   2.7489898112612929E-018   5.0326565743608119E-015   4.9333897522813197E-018  -3.6238404715622129E-015  -5.3891685204704980E-008  -3.7488579816398747E-018  -2.7436406088828222E-017   1.8826644685141469E-017  -1.0905253813068661E-014   1.9362571520714803E-015  -1.4753936771249512E-017   7.7922237404529793E-015   4.1837998978104545E-018   3.1130359629141012E-015  -5.0598033322859807E-017  -3.7030524559386693E-016   2.5409790928774307E-016   2.5612263575464674E-008  -1.0619613291030461E-014   2.0005092218596701E-015  -1.3083867302022233E-017   8.6983243448267722E-015   5.2855631697249000E-018   1.9212937618769109E-015  -1.9425265314663835E-016  -1.4216514836646149E-015   9.7551626853715192E-016   2.6025159191155339E-008   1.7446646534505218E-023   1.2088033553840450E-024  -2.2964809504102116E-024   3.9604440439877562E-024  -1.2092973961100225E-024   4.3058573641926080E-024  -1.2079859197657781E-023   1.2622056135469629E-024  -3.1299661300052367E-024  -2.7745224259984014E-024  -1.3898473569617865E-008   3.1201496557173542E-009
   8.1741255469291567E-019  -1.0820103853003775E-004   3.6001689052959429E-011  -4.0297671635410638E-013   1.3979392685542817E-016   4.0396422831158660E-017  -4.7177302681046607E-016  -1.7392352993443974E-017  -4.9440294604077276E-016   2.2642194442375151E-017   2.9078484545928244E-016   6.7906148022217000E-003  -9.4335944515860469E-010   5.1381985919600194E-012  -1.0097343911688047E-016  -1.1423030449146822E-016   2.6511945599783066E-016   1.4966326373571617E-016   2.4519778540017033E-016  -5.0598033322859807E-017   9.1651578992698476E-002   5.4231866473940791E-011  -4.1703744814046081E-012  -9.7355994722666344E-016   2.5686413599782907E-016   3.2251788932841076E-017   2.3162978500927599E-016  -2.2215456212630208E-016   7.7869129010332732E-017  -4.2427900881711179E-018  0.35186272638307897        5.0812297902255721E-010  -8.5834127078101424E-012  -1.7261133253688198E-015  -9.8004218352069725E-010   1.9300019370894226E-010  -1.1824200761062163E-012   9.0693598453800378E-010   3.8125542645492539E-013   4.0793671335909497E-010  -1.0795905371290218E-010   3.4197349500056022E-013  -4.8157432196362288E-011   6.2636052192404253E-013   1.1638054825489371E-015  -2.7718785154368401E-016
   3.8091854903387761E-016   3.6003084313260460E-011  -1.0820063709175456E-004   2.0845070742250407E-014   1.7364898986310134E-018  -2.2685752174987365E-017  -5.2955189357125637E-017  -2.0191177049997882E-016  -7.1793042342773746E-017   1.2396545255868085E-016   6.0630327167193686E-016  -9.4336182977986203E-010   6.7906042833804723E-003  -2.9525612494452563E-012   6.1559211922290266E-017   7.2521624409514239E-017  -6.0237003669438606E-017   1.7542257151237329E-016   1.0496430767864139E-016  -3.7030524559386693E-016   5.4231866473940791E-011   9.1651579597407398E-002  -1.5582009322428775E-012   3.7770349601563403E-016  -1.5797149188714595E-016   6.3425480729993512E-018   4.2170891822295860E-017  -8.9183172639808139E-017  -2.4137886139744395E-018   2.0784544254694208E-016   5.0811697551391322E-010  0.35186273204883073       -1.0031779348732874E-012   9.4819116087334743E-016  -1.0797423412112454E-010  -9.7671491275069006E-010  -1.1549501265327861E-013   1.9302063662354250E-010  -8.8273066113169231E-013  -4.8157397440561695E-011   8.2418030565204968E-010   5.4376864197788230E-013  -1.2904085777242257E-010  -3.1923322401715781E-013  -6.8715231478796081E-016   1.6643456625778220E-016
   7.7193244699369335E-016  -4.0344922784383707E-013   2.0262542831460571E-014  -1.0820060350663957E-004   1.6057477304824597E-016  -1.6467887509106053E-017   1.4282154097513558E-016   4.8025009426137014E-017   1.3697506792368256E-016  -2.2073750624967972E-016   1.1212451861116444E-015   5.1389858495804277E-012  -2.9519747219044465E-012   6.7906090443752634E-003  -1.1845603138549143E-016   6.2869705238968947E-017  -1.4745738679652755E-016  -1.5798290196735219E-016  -2.1161732849746254E-016   2.5409790928774307E-016  -4.1703744814046081E-012  -1.5582009322428775E-012   9.1651583348832527E-002   1.9888973118810682E-016   7.0753982712774547E-017  -9.2575971085910723E-017   2.2282277043759804E-017   1.3068279020465104E-017   9.5024866176008360E-017  -8.2712460404825623E-017  -8.5797413214272998E-012  -1.0025473899948241E-012  0.35186273552341268        7.7253477416171743E-016   7.6800571023307924E-013  -1.1528639095111295E-013  -8.1659075939524158E-010   3.4188837840176920E-013   1.3945681379580841E-010  -1.3726458248638509E-012  -2.5850637586743226E-013   5.3007439892133329E-010   4.6321099535422236E-013   2.1354475388397950E-010  -6.1232210990312835E-016   1.4954105804501746E-016
 -0.32895867464214773        1.4148877450833641E-017  -2.1707301874671592E-016  -1.0234340210300871E-015  -1.1344717766537230E-008   5.4027448908434235E-009   2.2484646895875174E-011   4.0827216452923441E-008   4.0055353306208118E-011  -2.9482575206547347E-008 -0.42947176316271635        4.3191522803485533E-016   4.4090268756001613E-016   5.3102527193079153E-016  -8.7819920733453733E-008   1.5536423351725713E-008  -1.1944113708614797E-010   6.2207629603264860E-008   3.3099596005730203E-011   2.5612263575464674E-008  -9.7355994722666344E-016   3.7770349601563403E-016   1.9888973118810682E-016  0.56312842569529287       -9.5581987753651212E-008   1.8001754705438872E-008  -1.1780437072183722E-010   7.8252123795085635E-008   4.7532202195977693E-011   1.7329719275030096E-008   8.5164331879845367E-016  -6.0159972408584807E-016   5.5250128254108217E-017  0.89857712230041586       -2.6012007693461669E-016   7.6965421914257448E-017  -9.5940980915309005E-018  -1.1873818995330660E-016  -1.2393911625984935E-017  -1.2556906377099687E-016   1.0701481141130456E-016  -1.0737171378439848E-017   6.8946314866549376E-017  -5.8198456776807903E-017 -0.57712445256272482       0.13562498295456044     
   1.3740922524810691E-007  -3.0319908263501341E-019   1.8657297417380799E-019  -8.3075481470643687E-020   4.8002356304953629E-015  -2.2735675147567717E-015  -9.3746435719883776E-018  -1.7154606161516912E-014  -1.6817018418814457E-017   1.2354397987405747E-014   1.8351843045975356E-007   1.9031379165203397E-017  -1.1704583499771420E-017   5.2418314158701016E-018   3.7157175058957281E-014  -6.5960461820140907E-015   5.0285313792695604E-017  -2.6537580090767424E-014  -1.4241544099873947E-017  -1.0619613291030461E-014   2.5686413599782907E-016  -1.5797149188714595E-016   7.0753982712774547E-017  -9.5581987753651212E-008   3.6418340393036485E-014  -6.8603506766053684E-015   4.4870120578066701E-017  -2.9828705283425768E-014  -1.8125085331811089E-017  -6.5896472437876610E-015   9.8613583510589397E-016  -6.0647413724840624E-016   2.7163317377580187E-016  -1.0472627009077364E-007  -4.9518884355097286E-023   8.9009051980522745E-024  -3.0163754332468653E-025  -1.1895641095023080E-023   5.5481579780904939E-024  -9.8237048577256611E-024   2.4144801609988278E-023   1.3194204881146324E-024   1.0327386480711435E-023   1.2365233550333341E-023   5.8193588908690294E-008  -1.3205466621132674E-008
  -2.5885003130135254E-008  -3.8084302402323546E-020  -7.5023336978116950E-021   1.0920634809817981E-019  -9.0426496870920694E-016   4.2829268701907515E-016   1.7659848625442530E-018   3.2315691875602823E-015   3.1679743476778538E-018  -2.3273093909302513E-015  -3.4571120501358514E-008   2.3896072494649935E-018   4.6997271343169909E-019  -6.8590151504555137E-018  -6.9996421242787128E-015   1.2425590896757630E-015  -9.4727046496057687E-018   4.9991363548846939E-015   2.6828184104890627E-018   2.0005092218596701E-015   3.2251788932841076E-017   6.3425480729993512E-018  -9.2575971085910723E-017   1.8001754705438872E-008  -6.8603506766053684E-015   1.2923272293148403E-015  -8.4524649327164684E-018   5.6190202806961661E-015   3.4143361882057820E-018   1.2413326837478798E-015   1.2381896915899048E-016   2.4349960438047930E-017  -3.5541142085681051E-016   1.9720707438167312E-008   8.4972688818419164E-024  -1.2583707669820733E-024   7.6198634378425822E-025   2.9910140955044140E-024  -1.1651850024375192E-024   2.2247559303034651E-024  -4.8556647934575841E-024  -7.0662364526229183E-025  -1.9563495260724592E-024  -2.5130239584169113E-024  -1.0957367357339199E-008   2.4864251255307192E-009
   1.6929436871426517E-010  -2.7345493403425914E-019  -4.9785287949767896E-020  -2.6305106217876343E-020   5.9140880599039051E-018  -2.8011326408666060E-018  -1.1549989458513303E-020  -2.1135218182474666E-017  -2.0719299521954448E-020   1.5221163951465209E-017   2.2610171983135541E-010   1.7161827568510137E-017   3.1245025343945244E-018   1.6509281974139484E-018   4.5779170997597571E-017  -8.1265938901077588E-018   6.1953655344506301E-020  -3.2695326260945812E-017  -1.7546097160289816E-020  -1.3083867302022233E-017   2.3162978500927599E-016   4.2170891822295860E-017   2.2282277043759804E-017  -1.1780437072183722E-010   4.4870120578066701E-017  -8.4524649327164684E-018   5.5283351397746055E-020  -3.6751192509151027E-017  -2.2331456536594869E-020  -8.1189429963986079E-018   8.8925786726864876E-016   1.6189972180374496E-016   8.5544652606331936E-017  -1.2911091469571900E-010  -2.5841493375979439E-024   4.6544805050789013E-026  -2.0116048399910024E-025   2.3636246984839834E-024   4.1161702376101620E-026   9.9488768581879927E-025   1.3816600592391930E-025   1.3110832396006138E-025  -1.6836593014407630E-025   6.8385287798833751E-026   7.1753503232273696E-011  -1.6283124044869321E-011
  -1.1254957071212684E-007   2.6223039713911277E-019   1.0522314320045763E-019  -1.5799945531187185E-020  -3.9318082426118607E-015   1.8622451748114854E-015   7.6786072101489457E-018   1.4051074572584292E-014   1.3774558095528233E-017  -1.0119288817822882E-014  -1.5031794669552284E-007  -1.6459706714787783E-017  -6.6075224150459709E-018   9.6861110303573749E-019  -3.0434940349795368E-014   5.4027383155331132E-015  -4.1187955032251520E-017   2.1736631020901038E-014   1.1665119210679589E-017   8.6983243448267722E-015  -2.2215456212630208E-016  -8.9183172639808139E-017   1.3068279020465104E-017   7.8252123795085635E-008  -2.9828705283425768E-014   5.6190202806961661E-015  -3.6751192509151027E-017   2.4431420874995150E-014   1.4845486595157867E-017   5.3972943667993576E-015  -8.5288113590772100E-016  -3.4238590022752916E-016   5.0171588225489189E-017   8.5706911153913770E-008   4.0985693940065610E-023  -4.9965389811948412E-024  -3.8430428476344806E-025   9.1841639418602070E-024  -4.4343496397922119E-024   8.1249013756496871E-024  -2.1747420995142124E-023  -6.7033698053506618E-025  -8.1551797358211807E-024  -9.9587452217974321E-024  -4.7616319674793959E-008   1.0804717963548469E-008
  -6.8391219775902273E-011  -9.1929926217063839E-020   2.8496262957565426E-021  -1.1218320777942100E-019  -2.3891877394457669E-018   1.1316032765772053E-018   4.6659357020653835E-021   8.5382075310486315E-018   8.3701791720241007E-021  -6.1490334558577165E-018  -9.1341864667442208E-011   5.7694507119963761E-018  -1.7884194407602942E-019   7.0405410654832317E-018  -1.8493980637876195E-017   3.2830103782273782E-018  -2.5028084838534956E-020   1.3208426596497572E-017   7.0884123756365037E-021   5.2855631697249000E-018   7.7869129010332732E-017  -2.4137886139744395E-018   9.5024866176008360E-017   4.7532202195977693E-011  -1.8125085331811089E-017   3.4143361882057820E-018  -2.2331456536594869E-020   1.4845486595157867E-017   9.0206990240506544E-021   3.2796047972676756E-018   2.9895004908896248E-016  -9.2668584680730310E-018   3.6481322170195978E-016   5.2045224235379936E-011  -8.0560690860116453E-025   1.8624643896946880E-025  -8.4781146963834238E-025   7.7286199686316412E-025   1.4223013482371618E-025   3.5195465528628495E-025  -1.2659409780154081E-025   5.4940830823284926E-025  -4.2144664919495443E-026   2.1587727517390353E-025  -2.8910644829068184E-011   6.5599227467724812E-012
  -2.4859718228168794E-008   5.0005209649180017E-021  -2.4538901803474266E-019   9.7565234587182172E-020  -8.6842969604524775E-016   4.1132341651494882E-016   1.6960406836282246E-018   3.1035396767293649E-015   3.0424682340687609E-018  -2.2351149492244898E-015  -3.3200574410238012E-008  -3.1433839848429245E-019   1.5399625833453663E-017  -6.1282156005360865E-018  -6.7222525737490554E-015   1.1933110677992834E-015  -9.0973826014682500E-018   4.8009621188291744E-015   2.5764320528185080E-018   1.9212937618769109E-015  -4.2427900881711179E-018   2.0784544254694208E-016  -8.2712460404825623E-017   1.7329719275030096E-008  -6.5896472437876610E-015   1.2413326837478798E-015  -8.1189429963986079E-018   5.3972943667993576E-015   3.2796047972676756E-018   1.1923550529003412E-015  -1.6288622760074560E-017   7.9794665123589457E-016  -3.1754408567419902E-016   1.9019041232777786E-008   8.2539568096201044E-024  -3.4213546718808958E-024   6.7571509584165181E-025   2.9302711125873068E-024  -1.1116172024517402E-024   1.8551387263575484E-024  -2.7868686202009756E-024  -6.4278000782719982E-025  -2.1329217662487859E-024  -2.4035466619151099E-024  -1.0577048707412410E-008   2.4006959794552011E-009
   8.2349387350141508E-017  -4.1539832519080428E-004   1.3786125417707077E-010  -1.5558544002241435E-012   5.3668767323332064E-016   1.5508729311040638E-016  -1.8112000391833451E-015  -6.6771593934265502E-017  -1.8980793398142595E-015   8.6926435564267081E-017   1.3593111002153182E-015   2.6070082636736359E-002  -3.5994626138691420E-009   2.0276800777607751E-011  -3.8765056254342674E-016  -4.3854549442667327E-016   1.0178292137958914E-015   5.7457734564255871E-016   9.4134724409667805E-016  -1.9425265314663835E-016  0.35186272638307897        5.0811697551391322E-010  -8.5797413214272998E-012   8.5164331879845367E-016   9.8613583510589397E-016   1.2381896915899048E-016   8.8925786726864876E-016  -8.5288113590772100E-016   2.9895004908896248E-016  -1.6288622760074560E-017   1.3508482841042677        3.1021608292954635E-009  -4.4247029271863442E-012   2.3133547719467256E-015  -3.7625136248211027E-009   7.4095367264070795E-010  -4.5394696128977511E-012   3.4818491043976317E-009   1.4636908174053992E-012   1.5661238542465872E-009  -4.1446931026692254E-010   1.3128822408312197E-012  -1.8488285322687008E-010   2.4046822199491418E-012  -1.5807632559755790E-015   3.7321311967092799E-016
  -1.5695013812220180E-016   1.3786660368128937E-010  -4.1539678796333320E-004   7.4148293397004780E-014   6.6665606030067781E-018  -8.7093624258338740E-017  -2.0330209054664231E-016  -7.7516621949434906E-016  -2.7562313995073732E-016   4.7591988690667954E-016   7.1086963667729479E-017  -3.5994713239402788E-009   2.6070042501267859E-002  -1.0966333438088124E-011   2.3633363911408482E-016   2.7842034279911558E-016  -2.3125795268363943E-016   6.7347115463843671E-016   4.0297208535182120E-016  -1.4216514836646149E-015   5.0812297902255721E-010  0.35186273204883073       -1.0025473899948241E-012  -6.0159972408584807E-016  -6.0647413724840624E-016   2.4349960438047930E-017   1.6189972180374496E-016  -3.4238590022752916E-016  -9.2668584680730310E-018   7.9794665123589457E-016   3.1021608292954635E-009   1.3508483186946565        1.5266000540515440E-011  -1.2844966704128905E-015  -4.1452759973755712E-010  -3.7497398199248357E-009  -4.4340092434444840E-013   7.4103216894359991E-010  -3.3889216382809568E-012  -1.8488271979477559E-010   3.1641389628967573E-009   2.0876009289899128E-012  -4.9540519624011625E-010  -1.2255792383024763E-012   8.3816555324613332E-016  -1.9419410100173505E-016
  -6.0949040824956892E-016  -1.5576641009919685E-012   7.1912634821310237E-014  -4.1539664612477560E-004   6.1646798962610222E-016  -6.3222371963011781E-017   5.4831107419551347E-016   1.8437490838362583E-016   5.2586567927497095E-016  -8.4744124943925676E-016  -5.6172355590915927E-016   2.0279551146527044E-011  -1.0964128397027086E-011   2.6070059969720571E-002  -4.5476958789845687E-016   2.4136541454935448E-016  -5.6610870990498129E-016  -6.0651687200127101E-016  -8.1242733983893527E-016   9.7551626853715192E-016  -8.5834127078101424E-012  -1.0031779348732874E-012  0.35186273552341268        5.5250128254108217E-017   2.7163317377580187E-016  -3.5541142085681051E-016   8.5544652606331936E-017   5.0171588225489189E-017   3.6481322170195978E-016  -3.1754408567419902E-016  -4.4247029271863442E-012   1.5266000540515440E-011   1.3508482900813534       -5.0019198508005310E-016   2.9484769647143333E-012  -4.4259997302896778E-013  -3.1350015777727422E-009   1.3125554777084418E-012   5.3539343453356541E-010  -5.2697716111794621E-012  -9.9244065337128963E-013   2.0350267962694187E-009   1.7783292005917117E-012   8.1982698511941330E-010   3.1854614558234587E-016  -7.6164030298950651E-017
