  0.13842233328470294        5.1855561862910173E-010  -2.6429776082312858E-009  -6.6173478487244787E-015   7.1019662473171777E-016  -3.4388978476727047E-017  -1.3870013923357059E-016   7.8665280602125396E-016  -5.0108956470703750E-017   8.3222224861778172E-016  0.22967186918906329        3.9991047937060599E-009  -6.1487402784635424E-010  -4.6724551630042934E-015   2.0853185280894760E-010   6.3752898280702032E-010  -1.6610361841250805E-009  -1.1154815986685054E-009  -2.5684827717557888E-009   8.3573299680745423E-010  -1.7482294234417157E-009  -2.3749612602648401E-009   1.7079664939860299E-009   3.0082516574029455E-009  0.14347364772680038        4.1365733947952205E-009   5.9850296053025551E-009   8.2643225582024691E-017   4.1394638970358670E-017  -2.7304147104655798E-016   1.0182188103644549E-015  -9.6874693761089094E-017   8.3596853358023193E-017 -0.17915059475704084       -3.9939930974219232E-009  -3.5345409500668833E-009  -2.3538785247228083E-015  -9.5730603452846100E-017  -2.0732850814983268E-015   3.9857005688537172E-015  -4.6825137994844667E-016  -2.1611238235086092E-015   5.4427636705897527E-015   2.4732462390786507E-010   1.1827575976263500E-010  -1.8336479572716810E-010  -7.3593171563982974E-010  -7.9123903512043604E-010   4.0411217559212947E-010  -5.5073030979934269E-010  -7.7653235884200098E-010   6.2060609778044166E-010   7.1546519260077288E-010   6.2606125339626622E-015  -9.3552826078685794E-015  -2.8818264752624202E-002  -6.3577318461365722E-010  -5.4752032444135436E-010   5.6409729212795214E-015
   5.1855561862910173E-010  0.13842233848781096       -9.0920186629735654E-010  -9.7293540539929184E-016  -2.4415407739904487E-016  -1.1981837802033454E-016  -6.2767657902202912E-017  -1.2447808834081292E-016  -3.1137230221739998E-017   3.9960957852284881E-017  -5.3723494490369705E-009  0.22967187436272568       -8.2883535801341754E-009  -2.6879058987064747E-015   2.4440745576676136E-009   1.4226039586901825E-009   1.5714056213532418E-010  -3.0999383415220450E-009   1.8163579743767218E-009  -1.7913043876316452E-010   1.0715135087483777E-010  -2.6495128117538406E-009  -1.5663751445233133E-009   1.8577036497009860E-009  -1.1081859724137274E-009  0.14347364602716273       -2.8777832404203243E-009   2.9358783800419695E-016  -2.0846311402192457E-016   1.6611811416556381E-016   1.6448658366556798E-016   6.4202229557918952E-017  -6.1639472507656004E-017   2.2671007814166100E-009 -0.17915059575892375        4.6041551350082663E-009   2.0485727394299320E-015  -7.0651127182784750E-016   1.1582058298484994E-015   8.2249225719874908E-016   2.7480429819028673E-016   7.4298043890519203E-018  -7.2673062082279688E-016   7.2501886488342632E-010   6.8180628131061579E-010   7.2157905583924422E-011  -9.7155371247903321E-010   1.0280273348854773E-009  -1.1614288348354505E-012  -5.3614334137316279E-010  -8.4820556378891194E-010   3.7498446981269375E-011   5.7843207875260988E-010   1.8016261351802385E-015  -1.2445972970668953E-015   3.6642224422982644E-010  -2.8818264935630118E-002   7.4844016377279160E-010   8.2282265663267144E-016
  -2.6429776082312858E-009  -9.0920186629735654E-010  0.13842233327778361        1.1521224188298108E-014  -5.5614983670217813E-016  -3.2587525207343971E-017  -1.9613521576123183E-016  -7.0542031691845270E-016  -1.1828383531629794E-016  -5.7207971393018803E-016  -8.7710533811816742E-009   5.8383822994154639E-009  0.22967187001871570        1.1366504469730400E-014  -2.9153175090957250E-009  -7.7934242988344662E-010  -4.4457792652443916E-010   3.6930782923632395E-010   2.7775577674363318E-009   3.5419948250369278E-009  -2.8032943694000012E-009  -1.2327702692538478E-009   4.5403544979686133E-009   1.2501811440456205E-009   1.5239675696667854E-009   4.3747734864499693E-009  0.14347364655728917        4.6118376924602257E-016   4.4115660892983373E-016   1.0485592974021490E-016   1.4792831033095952E-016  -3.9198576310538978E-017   9.0200841358200253E-016   1.8457609893266432E-009  -4.4253771939297419E-009 -0.17915059422589488       -8.6758096507034254E-016   3.5175494869436154E-015   4.8279846111210500E-016  -3.4388467745430476E-015  -4.4359703044700073E-016   2.0188267149307458E-015  -9.5045402824486372E-015  -1.1988824181012060E-009  -2.3694151642861830E-010  -3.4619084603188099E-010   4.3930899595163584E-011   1.0106106232512844E-009   1.5645370995015209E-009  -8.8845262692093494E-010  -7.6204287306704607E-010   1.4289241783110852E-009   8.2601794986655051E-010  -1.7135599897861521E-014   2.3516331757306423E-014   3.1390801770879787E-010  -6.9920288182762034E-010  -2.8818264668844382E-002  -1.4275472238651128E-014
  -6.6173478487244787E-015  -9.7293540539929184E-016   1.1521224188298108E-014  0.49344552040441797       -5.3270513715222760E-009  -1.3014132898773898E-009  -1.2180594235102775E-008   6.5174355610869925E-009  -3.5368449112507340E-009  -1.1900648939273712E-009   3.9122137642064760E-015   1.8167537827024370E-015  -9.3298646076296912E-015  0.78007526036633146       -8.4043147632027209E-016   1.6216531729526832E-016   2.2455792021254134E-016  -6.9044368907454907E-016  -7.8603603531659539E-016  -2.6247070696185238E-016   8.4717628104596396E-016  -2.1389253654161439E-016   3.3671980593971863E-016   2.3774608061970559E-018  -9.5196797174081101E-015  -5.5612501727481525E-016   1.1036132789703560E-014  -3.9326855276420866E-010   9.1100634840877438E-010  -1.5491820266690388E-009   2.9021838086538022E-009  -9.6437552802325803E-010  -2.5086100801456496E-009   2.9661305705169827E-014   6.7128849499150265E-015   1.6524186044258729E-015  -8.3642242507744007E-011   1.7624828034057619E-012   1.0877537959990734E-009   9.9207648100079104E-009  -8.3151840152460747E-009  -9.8372308231243285E-009 -0.43095607443847483        4.3253674010121680E-017  -1.8196278543341751E-016  -2.4153532433084270E-016  -1.3454911940042415E-016  -3.4399655107393675E-016  -2.9166506031348762E-016   3.1141097260775849E-016   2.1380873493772335E-016   3.6608193195236394E-017   3.1895942406948237E-016 -0.51169233822114557       0.64235466149672882        5.6122666829704058E-015   1.3072088830365006E-015   4.6145817683770408E-016 -0.38344779719169586     
   7.1019662473171777E-016  -2.4415407739904487E-016  -5.5614983670217813E-016  -5.3270513715222760E-009   1.7556414540587857E-004   4.9124960231416237E-012  -5.9760751913645191E-011  -8.7782037834333954E-005  -1.5138188300387453E-011  -8.7782107569858288E-005   1.2512634932962428E-015  -4.2705488819238777E-016  -9.3751032779467373E-016  -8.3821306382216674E-009  -6.0260306199627892E-019   1.5925874659941441E-017  -5.3927159824018495E-019  -5.5060942325770883E-018   4.2992688076010434E-018   7.9924733587757983E-019   2.4511363279051139E-018   1.2355967708239457E-017  -3.9709101887156691E-018   1.2715804485596714E-018   6.4606531954903279E-016  -2.9604121834784700E-016  -6.3810747522522007E-016   2.6350439582616745E-003  -2.9366711519995802E-011  -5.5519218845494310E-010  -1.3175217369497672E-003  -1.4374036942857777E-010  -1.3175222213089913E-003  -5.7828404404443328E-015  -1.0787123650060724E-015  -3.5561031458191040E-015   1.7178172855115314E-002  -2.4848215572540058E-010  -3.1103974024210190E-009  -8.5890853527259767E-003  -6.9477311635035445E-010  -8.5890875023945795E-003   4.6082060064198374E-009  -1.8331482179448319E-018  -8.0786195858631385E-018   1.4340254839947570E-017  -7.6054120504230453E-019  -3.3783622187192531E-018   1.9266477911173571E-018   1.8589188062575171E-018  -2.0497022117368811E-018   3.0842635775009062E-018   3.9644979759803859E-018   5.4656769716317710E-009  -6.8408464491686890E-009  -1.0958577639917607E-015  -2.2168026928600267E-016  -7.1891514093536100E-016   4.0825210399765740E-009
  -3.4388978476727047E-017  -1.1981837802033454E-016  -3.2587525207343971E-017  -1.3014132898773898E-009   4.9124960231416237E-012   1.7556409983452399E-004  -1.8112987596707913E-011  -3.1277444924092956E-011   2.6742250826306124E-011   2.6364846213281786E-011  -7.6135789935447694E-017  -1.2864305155336006E-016  -1.7979505433288793E-016  -2.0613827497496751E-009   8.5953831068242700E-018   1.4461351505017091E-017  -1.7148125822986727E-017  -8.1752263586229474E-018   8.7922310021911640E-019   8.7990672814006613E-018  -1.4368706200305703E-018   1.3178241197805960E-017  -1.6222706350678430E-017  -6.4462194131451865E-018   1.7113617556963286E-017  -1.5275164793454195E-016   1.3285774541871974E-018   8.3801066238370142E-011   2.6350435443767898E-003  -1.2970931614855836E-010  -2.0977294369993815E-010   2.3212920715955750E-010   1.2597186608075220E-010   1.5624522204854533E-015   8.0981423549977392E-016  -4.7903162370202554E-016   7.4026478996343058E-010   1.7178170676350839E-002  -8.4105717166169563E-010  -1.0569557927819036E-009   1.4161801953890203E-009   3.1669098182319312E-010   1.1430654792748289E-009  -1.1892509679272565E-018  -5.4348184865833950E-018   1.2025603403689039E-017  -1.2326510812888122E-018  -3.5272791738069321E-018   2.0989578859822239E-018  -6.3680763954832408E-018  -9.3041888080673077E-018   1.1151243237647112E-017  -3.0536457096263292E-020   1.3870138124459213E-009  -1.7436097587537884E-009   3.0308284704264080E-016   1.5253369290770788E-016  -9.5828897743556956E-017   1.0412768952459289E-009
  -1.3870013923357059E-016  -6.2767657902202912E-017  -1.9613521576123183E-016  -1.2180594235102775E-008  -5.9760751913645191E-011  -1.8112987596707913E-011   1.7556406727991370E-004   1.2953758012654295E-011   3.5040266962964980E-011   4.6807089639236677E-011  -1.7193315834262830E-016  -8.7640580569456130E-017  -3.6312110761824775E-016  -1.9181336591423182E-008  -3.3425245328327962E-018   1.1004073574904384E-017  -1.0545507592209988E-017   9.3071933072115639E-018   5.3755818491281754E-019   1.6770157645162633E-018  -8.8207740277170659E-018   2.0232996085180780E-017  -1.9741431482327378E-017   4.6908793710730536E-018  -1.4144566260301114E-016  -1.1471086162303848E-016  -1.2461375938380490E-016  -5.0122051107724088E-010  -1.3511193962371641E-010   2.6350432991156174E-003   5.0277217199555193E-011   3.8134404832901337E-010   4.5094344216352529E-010   7.7598289029384574E-017   9.4258436333112388E-017   3.1862811659888079E-015  -2.6223837429359886E-009  -9.3158753559447378E-010   1.7178169087956410E-002  -1.1889029162481634E-010   2.2089275261212547E-009   2.7412741066968138E-009   1.0604543005230971E-008   7.2097024530538826E-019  -6.4905501635446319E-018   9.8780855202699520E-018   1.1813199656977624E-018   6.0736331316762893E-018   1.6891676139285917E-018  -9.4948128560667746E-018   9.1814338815898044E-019   7.2270895785155543E-018  -4.3974797210605970E-018   1.2641871902228129E-008  -1.5866523570490586E-008   9.4873067267391017E-018   1.5095890718082183E-017   6.1305882180288447E-016   9.4717602704596483E-009
   7.8665280602125396E-016  -1.2447808834081292E-016  -7.0542031691845270E-016   6.5174355610869925E-009  -8.7782037834333954E-005  -3.1277444924092956E-011   1.2953758012654295E-011   1.7556409174095485E-004  -3.6267108880098082E-011  -8.7782053907413656E-005   1.1882654761217272E-015  -2.3377014581495073E-016  -1.0231896733844744E-015   9.9765468052844103E-009  -3.3110690881838068E-018  -6.5833066323270717E-019  -1.8630300238901353E-017   2.6704898965570258E-018  -1.9476865377727834E-018  -3.5085151641905974E-018   1.8020150484335678E-017  -2.1116592276869619E-017   1.7943256652265106E-017  -5.1484646701159371E-017   7.4722612378515660E-016  -1.3560295857312820E-016  -7.3411248666482217E-016  -1.3175215876709489E-003  -3.3102121343534584E-010   2.3127730691227714E-010   2.6350434642151005E-003  -3.4390094461805881E-010  -1.3175218765453527E-003  -3.6952508052879682E-015   8.7560567364561971E-017  -1.7780101478933358E-016  -8.5890841684257337E-003  -1.9511180310109254E-009   1.3282332763338807E-009   1.7178170293608588E-002  -2.0079365001518932E-009  -8.5890861251851514E-003  -5.5941916928013617E-009  -1.1143647943993255E-018   2.5208965971388997E-018  -1.4695368009587150E-017   2.7566153474360125E-018  -2.0544651008709470E-018  -3.3951390692724152E-018   1.1494350704888934E-017  -7.5378911212766394E-018   9.9212023635588354E-018  -1.8271069299853237E-017  -6.4850994815409114E-009   8.1755066525737152E-009  -6.8728122881661888E-016   1.0742250398800556E-017  -6.3115868848923411E-017  -4.8798561683091939E-009
  -5.0108956470703750E-017  -3.1137230221739998E-017  -1.1828383531629794E-016  -3.5368449112507340E-009  -1.5138188300387453E-011   2.6742250826306124E-011   3.5040266962964980E-011  -3.6267108880098082E-011   1.7556411098127665E-004   5.1405305712971602E-011  -6.4705422173882997E-017  -7.2972980479697860E-017  -1.7701295037557762E-016  -5.3564545583859532E-009  -7.6836547575317114E-018   1.0345597224178772E-017  -1.0148860873666563E-017   1.0932820461594583E-018   9.1335651330616145E-018   6.8354577653005109E-018  -2.0234414471258380E-018   2.7419321273448153E-017  -3.0173965340328704E-018  -8.4817525592389996E-018  -9.7496253194122572E-017  -3.2130953847714442E-017  -8.7619835735385589E-017  -1.5380643130201052E-010   1.9504045288728876E-010   2.4255906811866158E-010  -2.6609996903603506E-010   2.6350436802266373E-003   4.1990637211291093E-010  -3.0195078688770991E-015  -4.1432954630075492E-016   2.4175991241040223E-015  -7.3844099875607245E-010   1.1780393635273223E-009   1.1495869601163178E-009  -1.4908244693069505E-009   1.7178171187342179E-002   2.2292655543870731E-009   2.9722070507851829E-009  -5.4503213355827741E-018  -2.6530364931212722E-019   2.9439116481051790E-018  -1.2659622632554127E-018   2.8211986006623042E-018   3.3820358637712142E-018   1.3702896950918884E-018  -8.9149995935949916E-019  -3.4451002501275136E-018  -4.7221597522729126E-018   3.3681808137536095E-009  -4.2198937002574665E-009  -5.8946750552715654E-016  -8.2302292748510766E-017   4.6569421501593046E-016   2.5165389031894200E-009
   8.3222224861778172E-016   3.9960957852284881E-017  -5.7207971393018803E-016  -1.1900648939273712E-009  -8.7782107569858288E-005   2.6364846213281786E-011   4.6807089639236677E-011  -8.7782053907413656E-005   5.1405305712971602E-011   1.7556416147637837E-004   1.4263493316617058E-015   1.1608469089840952E-016  -1.0794484414971526E-015  -1.5939105149769178E-009   3.9137099447794392E-018  -1.5267524987342272E-017   1.9169557871904556E-017   2.8355840045563846E-018  -2.3516676820576231E-018   2.7092374522267889E-018  -2.0471275541982427E-017   8.7606037815063514E-018  -1.3972380592348775E-017   5.0213092156113084E-017   8.5225367057747155E-016   2.2192758083988064E-017  -7.9021607906994824E-016  -1.3175223705654154E-003   3.6038638372730602E-010   3.2391631859967607E-010  -1.3175217272772320E-003   4.8764144214546682E-010   2.6350440978409324E-003  -2.7061662412275846E-015  -2.3264511892788497E-015  -8.1426227590774399E-015  -8.5890886865245802E-003   2.1995901392780472E-009   1.7821734944500178E-009  -8.5890849409601816E-003   2.7027104515949335E-009   1.7178173627492299E-002   9.8572692847484505E-010   2.9475268043239602E-018   5.5577245147836822E-018   3.5510200489608570E-019  -1.9960874802757599E-018   5.4328072128077575E-018   1.4684861121632815E-018  -1.3353273764986436E-017   9.5875897104344715E-018  -1.3005461760095474E-017   1.4306582345797406E-017   1.0191225774528094E-009  -1.3342986227518474E-009  -4.9046537076140993E-016  -4.5075452681041936E-016  -1.6158158294047785E-015   7.9712006362551163E-010
  0.22967186918906329       -5.3723494490369705E-009  -8.7710533811816742E-009   3.9122137642064760E-015   1.2512634932962428E-015  -7.6135789935447694E-017  -1.7193315834262830E-016   1.1882654761217272E-015  -6.4705422173882997E-017   1.4263493316617058E-015  0.38107416982533748       -3.7062155320255918E-009  -8.2977474848078419E-009   1.5524137133839018E-014   3.4594099155080417E-010   1.0577977230681798E-009  -2.7558107815380890E-009  -1.8508745259526706E-009  -4.2616603322894043E-009   1.3867895207284238E-009  -2.9006251540911069E-009  -3.9406672940635549E-009   2.8337985901358528E-009   4.9912547138989098E-009  0.23804617542567572        4.1141870023672075E-010   5.4185240109790980E-009   1.2194718366783794E-015  -2.1384212256230944E-016   4.2013099802391941E-016  -7.2050031320868455E-017   1.0786900310416246E-016   8.1864150241235208E-016 -0.29762360420468298        1.8795679673409876E-009   1.6418077244905217E-009   3.1518086345704590E-015  -2.0016488937036466E-015   2.2535853658816211E-015  -4.8732958263446273E-015   9.8023801573262922E-016   8.4277316072632702E-016  -1.0172571824259163E-014   4.1051626333772607E-010   1.9623085387519780E-010  -3.0438706209296217E-010  -1.2211694648161658E-009  -1.3129091438692420E-009   6.7040620716958309E-010  -9.1386261409804242E-010  -1.2884315784156725E-009   1.0298438579611938E-009   1.1872170783360732E-009  -1.4656043634122696E-014   2.0519150127329924E-014  -4.7888723722710573E-002   3.2851692956123734E-010   3.6163275577060579E-010  -1.2394347977951612E-014
   3.9991047937060599E-009  0.22967187436272568        5.8383822994154639E-009   1.8167537827024370E-015  -4.2705488819238777E-016  -1.2864305155336006E-016  -8.7640580569456130E-017  -2.3377014581495073E-016  -7.2972980479697860E-017   1.1608469089840952E-016  -3.7062155320255918E-009  0.38107417266951243       -1.5616175216311958E-009   9.7224820859197351E-016   4.0552950274235961E-009   2.3604348611658925E-009   2.6077358894802400E-010  -5.1433981112130276E-009   3.0137619259231600E-009  -2.9734888972448013E-010   1.7779044351585585E-010  -4.3960589060225969E-009  -2.5989866202561197E-009   3.0822581289131850E-009   1.4225741804649154E-009  0.23804616902955181        2.8174382245639881E-009   1.5434777549326246E-016   7.0864567579525598E-016   5.2317563206570136E-016  -1.3551790302323799E-016  -2.1449623356412386E-016   6.3936945325840188E-016   1.3278238894454530E-010 -0.29762360088248396       -3.0942010155307762E-009   1.2301638175740874E-015   5.7030187516917796E-015   3.5362564096274496E-015  -1.3004300696820596E-015  -1.6361407800507741E-015   4.8487825741721790E-015  -4.0823125762035329E-015   1.2030155674734130E-009   1.1313471505053235E-009   1.1969169728508017E-010  -1.6121343902142902E-009   1.7059390054567694E-009  -1.8807953575252316E-012  -8.8970242043399826E-010  -1.4075078983993565E-009   6.2302186799452603E-011   9.5988203088156706E-010  -3.7816802499025155E-016   2.0720884360071111E-015   3.9065694691743568E-011  -4.7888723207183799E-002  -5.2667052729175059E-010  -1.0996254261254934E-015
  -6.1487402784635424E-010  -8.2883535801341754E-009  0.22967187001871570       -9.3298646076296912E-015  -9.3751032779467373E-016  -1.7979505433288793E-016  -3.6312110761824775E-016  -1.0231896733844744E-015  -1.7701295037557762E-016  -1.0794484414971526E-015  -8.2977474848078419E-009  -1.5616175216311958E-009  0.38107417259802323       -2.5339875447041527E-014  -4.8370672979609846E-009  -1.2930692782728742E-009  -7.3756548979085569E-010   6.1267510316981720E-010   4.6085184510803041E-009   5.8769213481940861E-009  -4.6511943518341486E-009  -2.0454599901833680E-009   7.5332980186107641E-009   2.0742777129177753E-009   6.4704653273198554E-009   2.0910403872260451E-010  0.23804617432772654        5.3405236782786513E-016  -1.1565355373004954E-015  -3.8434611598441719E-016   2.4537384467697777E-015   2.2970493682419801E-016  -4.8002645153269489E-016   1.1231377226238947E-011   2.2816356646642995E-010 -0.29762360598578474       -2.9480162133027188E-015  -6.4733036256502279E-015  -2.8413305487305349E-015   8.6847888306080050E-015   1.1815126464088617E-015  -9.5327336574663380E-015   2.6538126745413674E-014  -1.9894311368107236E-009  -3.9320223960280627E-010  -5.7462959841855866E-010   7.2918686405380199E-011   1.6770442325483078E-009   2.5961806948872366E-009  -1.4742536667767586E-009  -1.2644188264529220E-009   2.3711184020021980E-009   1.3707280125394113E-009   2.8140361167193211E-014  -4.4979710793569827E-014   9.2561110202917456E-011   1.6536657538333386E-011  -4.7888724065818025E-002   2.7131530191462940E-014
  -4.6724551630042934E-015  -2.6879058987064747E-015   1.1366504469730400E-014  0.78007526036633146       -8.3821306382216674E-009  -2.0613827497496751E-009  -1.9181336591423182E-008   9.9765468052844103E-009  -5.3564545583859532E-009  -1.5939105149769178E-009   1.5524137133839018E-014   9.7224820859197351E-016  -2.5339875447041527E-014   1.2343418346046855       -1.3508404176843394E-015   2.1108151147550143E-016   3.5524106264852267E-016  -1.0822163166336565E-015  -1.2413034617900049E-015  -4.4134483157083324E-016   1.3248720460499685E-015  -3.3976098078853288E-016   5.0675841926737173E-016  -1.1426245047805254E-018  -9.8106048831237184E-015  -2.3664372857746180E-015   1.0167271778135607E-014  -1.4292332841616244E-011   1.3666776149908567E-009  -1.3511694752239714E-009  -3.3875537515187031E-010   2.0629539784856165E-009   3.5352802175038944E-010  -8.1218231439618544E-015  -3.8585945470631760E-015   6.8892418515700024E-015   3.8241787351887107E-009  -4.4983991257514475E-010   8.9701041305592368E-009  -1.6390071400389982E-008   1.0149317855962877E-008   1.2565731889431167E-008 -0.65539466885932318        4.2995038927921977E-017  -2.9867432777957387E-016  -4.0382917740118975E-016  -2.2556695452284056E-016  -5.4981999454276195E-016  -4.3314631461859874E-016   4.8618956811020185E-016   3.0899686945547729E-016   4.5877535511748681E-017   5.0067549222399000E-016 -0.76877287985340126       0.94583763670222454       -1.6117204629271498E-015  -8.0152514384223107E-016   1.2773928418122236E-015 -0.56360764954088949     
   2.0853185280894760E-010   2.4440745576676136E-009  -2.9153175090957250E-009  -8.4043147632027209E-016  -6.0260306199627892E-019   8.5953831068242700E-018  -3.3425245328327962E-018  -3.3110690881838068E-018  -7.6836547575317114E-018   3.9137099447794392E-018   3.4594099155080417E-010   4.0552950274235961E-009  -4.8370672979609846E-009  -1.3508404176843394E-015   1.0504320946154962E-016   4.2549346116224829E-017   9.5721266265324035E-018  -6.4171080384275292E-017  -3.0287538927979211E-017  -7.6758985221610712E-017   5.8311358855966595E-017  -2.4286407861839616E-017  -1.2078242644269263E-016   1.0968208676978435E-017   2.2277618937012542E-010   2.5263629301551158E-009  -3.0286384776523045E-009  -9.0447511920343691E-018   1.2900817697425865E-016  -5.0168322948851825E-017  -4.9695908437871266E-017  -1.1532417518897447E-016   5.8740636751510730E-017   9.1136024113086020E-011  -3.5386967332614970E-009   3.3957281832831427E-009  -5.8963769159474523E-017   8.4102007190188684E-016  -3.2705342804250283E-016  -3.2397358931247869E-016  -7.5181237816035758E-016   3.8293745929040540E-016   2.2968268309030686E-016   3.8099652528540550E-017   1.7240020057763714E-017   8.1688288160968713E-018  -1.9182367245600524E-017  -3.7969350846438692E-018  -3.1933659595311517E-017   8.2456410983802535E-018  -2.8143454076455263E-019  -2.8302826453663389E-017  -5.8786940429573505E-018   8.9531043867754260E-017   2.6242561509508545E-016   2.7008306871157744E-011  -5.8207987821397106E-010   5.3333159794453316E-010  -1.7616023664835520E-016
   6.3752898280702032E-010   1.4226039586901825E-009  -7.7934242988344662E-010   1.6216531729526832E-016   1.5925874659941441E-017   1.4461351505017091E-017   1.1004073574904384E-017  -6.5833066323270717E-019   1.0345597224178772E-017  -1.5267524987342272E-017   1.0577977230681798E-009   2.3604348611658925E-009  -1.2930692782728742E-009   2.1108151147550143E-016   4.2549346116224829E-017   2.1974849159508430E-017  -3.4636344125785588E-018  -3.9081439138911167E-017  -8.7918820547442903E-018  -1.8004329244166565E-017   8.8629389570299918E-018  -3.1221329672924685E-017  -3.3865851013166673E-017   2.5852849526918872E-017   6.6049172868665103E-010   1.4705065578729269E-009  -8.1060189960722865E-010   2.3903159092328554E-016   2.1705060022151351E-016   1.6516038248741662E-016  -9.8809989005595244E-018   1.5527719569288981E-016  -2.2915059051229700E-016  -8.4154086212609982E-010  -2.0594387579195460E-009   8.5521727166299886E-010   1.5582761526609214E-015   1.4149793661211602E-015   1.0767007298869728E-015  -6.4415446359219346E-017   1.0122709989351474E-015  -1.4938606649947403E-015  -1.1691705230480565E-015   1.5284716956210975E-017   8.9086133385266477E-018   1.7278529566856274E-018  -1.3685642484682903E-017   1.4519001535985660E-018  -6.8209449299595232E-018  -3.1727351979860735E-018  -8.1057820647988975E-018  -4.6520232372268530E-018   4.7538881163438875E-018  -1.7614350577988789E-015   2.9749127569227135E-015  -1.3593270799012137E-010  -3.3874759401123289E-010   1.3232287769023628E-010  -1.8155938649685636E-015
  -1.6610361841250805E-009   1.5714056213532418E-010  -4.4457792652443916E-010   2.2455792021254134E-016  -5.3927159824018495E-019  -1.7148125822986727E-017  -1.0545507592209988E-017  -1.8630300238901353E-017  -1.0148860873666563E-017   1.9169557871904556E-017  -2.7558107815380890E-009   2.6077358894802400E-010  -7.3756548979085569E-010   3.5524106264852267E-016   9.5721266265324035E-018  -3.4636344125785588E-018   2.2351309167462828E-017   8.4177094032690471E-018   2.3925244499734589E-017  -2.1260338743681945E-017   3.0382366425586533E-017   2.9082548092851416E-017  -3.7298591141038086E-017  -3.8336363684666718E-017  -1.7446552995586983E-009   1.5775090957571005E-010  -4.7042524811777568E-010  -8.0938589613055157E-018  -2.5737640817951469E-016  -1.5827762351147789E-016  -2.7962238157103682E-016  -1.5232438350454512E-016   2.8771622558667251E-016   8.9798620534401146E-010  -4.8219472403350576E-010   5.1719519802007843E-011  -5.2764833065023064E-017  -1.6778682545886732E-015  -1.0318311353995372E-015  -1.8228924525659404E-015  -9.9302125004527498E-016   1.8756573023229799E-015  -1.9060026726220151E-016   1.9325624548620522E-018   4.2345681457923813E-020   2.5657510707659361E-018   7.1902443118060263E-018   7.6459545419914980E-018  -9.7830280987116978E-018   8.3034190538404532E-018   1.0644812416185504E-017  -1.1182569466148279E-017  -9.8465507719861853E-018  -2.2430275765430278E-016   2.7747672491911215E-016   1.0163595952342544E-010  -8.7102536294426207E-011  -9.5913599417207565E-012  -1.6542370026117664E-016
  -1.1154815986685054E-009  -3.0999383415220450E-009   3.6930782923632395E-010  -6.9044368907454907E-016  -5.5060942325770883E-018  -8.1752263586229474E-018   9.3071933072115639E-018   2.6704898965570258E-018   1.0932820461594583E-018   2.8355840045563846E-018  -1.8508745259526706E-009  -5.1433981112130276E-009   6.1267510316981720E-010  -1.0822163166336565E-015  -6.4171080384275292E-017  -3.9081439138911167E-017   8.4177094032690471E-018   7.9617153710937291E-017  -1.2475614908913463E-017   6.4771214137260024E-018   4.0714168949253428E-018   7.5369106441002422E-017   3.3619334480590747E-017  -6.2451068158384792E-017  -1.1497989805020421E-009  -3.2192924269600126E-009   3.9257887322363460E-010  -8.2641069676870250E-017  -1.2270212140232060E-016   1.3969146704274039E-016   4.0081610605630441E-017   1.6408992835445379E-017   4.2559443624317913E-017   1.7913345147408983E-009   3.6729744397252047E-009   5.4981465674075542E-011  -5.3874717469851841E-016  -7.9991011868203509E-016   9.1066570381485033E-016   2.6129692231031178E-016   1.0697221199266286E-016   2.7745018928496752E-016   8.1377940395671172E-016  -2.1188867191786962E-017  -1.6669132751817883E-017  -6.3559446335118086E-019   2.7751493612566551E-017  -1.3999874130482764E-017   6.7633754574435293E-019   1.4213126972876572E-017   2.3120633239746922E-017  -2.3996462266346873E-018  -1.6759382784144645E-017   1.0427926727866145E-015  -1.4657237527737669E-015   3.0004549022810817E-010   5.7923970550583603E-010   2.7072878658937851E-011   8.8310347953685696E-016
  -2.5684827717557888E-009   1.8163579743767218E-009   2.7775577674363318E-009  -7.8603603531659539E-016   4.2992688076010434E-018   8.7922310021911640E-019   5.3755818491281754E-019  -1.9476865377727834E-018   9.1335651330616145E-018  -2.3516676820576231E-018  -4.2616603322894043E-009   3.0137619259231600E-009   4.6085184510803041E-009  -1.2413034617900049E-015  -3.0287538927979211E-017  -8.7918820547442903E-018   2.3925244499734589E-017  -1.2475614908913463E-017   1.2727711880174925E-016   5.3110017535575271E-017  -2.2445397787418737E-017  -1.5376412650701752E-017   3.8905342905477082E-017  -6.3726868016306064E-018  -2.6616233681320530E-009   1.8779431541066399E-009   2.8830846607397849E-009   6.4528075010041915E-017   1.3196254859948032E-017   8.0679610516671872E-018  -2.9232242100229562E-017   1.3708572407450930E-016  -3.5295819439723248E-017   3.3562372363934893E-009  -2.6063948907976418E-009  -3.3679855017160828E-009   4.2066638014404260E-016   8.6028028098740447E-017   5.2596000244361788E-017  -1.9056857546731525E-016   8.9367855955108354E-016  -2.3009780103954042E-016   7.1646570304870213E-016  -1.8966406527771320E-017   2.0977632109146010E-018  -2.4710320904297556E-018   1.6973441220522123E-018   4.8471904451495686E-017   2.3748701583842019E-017  -1.4648761790659419E-017  -1.2100870399510094E-017   1.7555476759751893E-017   1.0861047498660197E-017   8.6157667335221097E-016  -1.1038591871105762E-015   5.4098154692580663E-010  -4.2800864481488185E-010  -5.3401817422420035E-010   6.6009811379113295E-016
   8.3573299680745423E-010  -1.7913043876316452E-010   3.5419948250369278E-009  -2.6247070696185238E-016   7.9924733587757983E-019   8.7990672814006613E-018   1.6770157645162633E-018  -3.5085151641905974E-018   6.8354577653005109E-018   2.7092374522267889E-018   1.3867895207284238E-009  -2.9734888972448013E-010   5.8769213481940861E-009  -4.4134483157083324E-016  -7.6758985221610712E-017  -1.8004329244166565E-017  -2.1260338743681945E-017   6.4771214137260024E-018   5.3110017535575271E-017   9.6505874558582556E-017  -8.2304512908612017E-017  -4.2785901795502240E-017   1.2842739184728113E-016   4.7736197179982193E-017   8.5093988343695586E-010  -1.7017772501944040E-010   3.6707595642230614E-009   1.1996015537248794E-017   1.3206530985949803E-016   2.5170335184907365E-017  -5.2659077286613274E-017   1.0259344949420995E-016   4.0663107889811277E-017  -1.9136767226197495E-009   1.0746846031577683E-009  -4.6108221050967315E-009   7.8203404821179121E-017   8.6094988748164443E-016   1.6408845913383494E-016  -3.4329106286828944E-016   6.6881920864508577E-016   2.6508758588867235E-016  -3.7010764967153029E-016  -2.9927058946878869E-017  -6.4607434407069019E-018  -1.0324072842688476E-017  -2.0158078152892017E-018   1.9093804389204342E-017   4.2167159907763970E-017  -2.5275893348968474E-017  -2.2743170053923801E-017   4.0371939297646437E-017   2.4646593463530180E-017  -6.5714008660160048E-016   1.2703839721769648E-015  -3.3629350750273403E-010   2.0170229802135212E-010  -7.4261125389294592E-010  -7.8152743324568652E-016
  -1.7482294234417157E-009   1.0715135087483777E-010  -2.8032943694000012E-009   8.4717628104596396E-016   2.4511363279051139E-018  -1.4368706200305703E-018  -8.8207740277170659E-018   1.8020150484335678E-017  -2.0234414471258380E-018  -2.0471275541982427E-017  -2.9006251540911069E-009   1.7779044351585585E-010  -4.6511943518341486E-009   1.3248720460499685E-015   5.8311358855966595E-017   8.8629389570299918E-018   3.0382366425586533E-017   4.0714168949253428E-018  -2.2445397787418737E-017  -8.2304512908612017E-017   7.9053991842825316E-017   5.2776964279505382E-017  -1.1492496163835412E-016  -6.1982445775485240E-017  -1.8185498328034108E-009   1.1060720491731327E-010  -2.9128572175131136E-009   3.6789161609954093E-017  -2.1565987748004137E-017  -1.3239083612890984E-016   2.7046438616661574E-016  -3.0369765671502167E-017  -3.0725359172578110E-016   1.9076216528407845E-009  -1.6339143070590779E-010   3.2328015012186508E-009   2.3983306945620685E-016  -1.4059129648410983E-016  -8.6307198235186669E-016   1.7631904782867350E-015  -1.9798413606755561E-016  -2.0030234931704349E-015  -1.0668197944830810E-015   2.1620449863197005E-017   3.7555194962994276E-018   9.0039042754737963E-018   7.5764122448726289E-018  -9.4950354082001543E-018  -3.6583265418595091E-017   2.4314607454065579E-017   2.4542251664249839E-017  -3.6376957975377182E-017  -2.5003621497417574E-017  -1.3854290941050324E-015   1.9821831736059720E-015   2.9471927786388991E-010  -2.7128492023499958E-011   5.0650942295217043E-010  -1.1958923278704394E-015
  -2.3749612602648401E-009  -2.6495128117538406E-009  -1.2327702692538478E-009  -2.1389253654161439E-016   1.2355967708239457E-017   1.3178241197805960E-017   2.0232996085180780E-017  -2.1116592276869619E-017   2.7419321273448153E-017   8.7606037815063514E-018  -3.9406672940635549E-009  -4.3960589060225969E-009  -2.0454599901833680E-009  -3.3976098078853288E-016  -2.4286407861839616E-017  -3.1221329672924685E-017   2.9082548092851416E-017   7.5369106441002422E-017  -1.5376412650701752E-017  -4.2785901795502240E-017   5.2776964279505382E-017   1.0267646668459105E-016  -3.9586136146876798E-017  -9.8206939087530452E-017  -2.4494336665055245E-009  -2.7510765250581360E-009  -1.2738282752075696E-009   1.8545092864346943E-016   1.9779227447113088E-016   3.0367709858546715E-016  -3.1693902700640969E-016   4.1153679535900760E-016   1.3148805560737867E-016   3.7373255794802027E-009   3.1636717873797404E-009   1.8092533645764508E-009   1.2089774585710953E-015   1.2894319402490438E-015   1.9797080544034322E-015  -2.0661641330505816E-015   2.6828585023851456E-015   8.5718665166390126E-016   1.4995636365925278E-016  -7.5414912196703562E-018  -1.2846336804116314E-017   5.2118017574676953E-018   3.0912653432212219E-017  -1.4937613371531557E-017  -2.0794700721167434E-017   2.7753929002173803E-017   3.6252360233694007E-017  -2.4389329696806366E-017  -3.0905469095250678E-017   1.6466496286166977E-016  -1.7932577365603234E-016   6.2388452800147957E-010   4.9983212474903482E-010   2.9834883028852935E-010   1.0562152647558904E-016
   1.7079664939860299E-009  -1.5663751445233133E-009   4.5403544979686133E-009   3.3671980593971863E-016  -3.9709101887156691E-018  -1.6222706350678430E-017  -1.9741431482327378E-017   1.7943256652265106E-017  -3.0173965340328704E-018  -1.3972380592348775E-017   2.8337985901358528E-009  -2.5989866202561197E-009   7.5332980186107641E-009   5.0675841926737173E-016  -1.2078242644269263E-016  -3.3865851013166673E-017  -3.7298591141038086E-017   3.3619334480590747E-017   3.8905342905477082E-017   1.2842739184728113E-016  -1.1492496163835412E-016  -3.9586136146876798E-017   1.8805393860707366E-016   5.7305135114609338E-017   1.7793484534003647E-009  -1.6189142926424488E-009   4.7186077393672688E-009  -5.9599288880763213E-017  -2.4348675024394467E-016  -2.9629916374718540E-016   2.6931067014146787E-016  -4.5287984678978605E-017  -2.0971132380564491E-016  -1.7178020764142388E-009   2.2786907108082582E-009  -5.1924807254808311E-009  -3.8853532345331780E-016  -1.5873198288005772E-015  -1.9316104342645199E-015   1.7556690081926920E-015  -2.9523782201187909E-016  -1.3671337992668961E-015  -8.7393453384515709E-016  -4.4291651631251563E-017  -1.3947237005182703E-017  -1.3807861925553115E-017   3.5209165281850633E-018   1.1286911911300252E-017   5.5902525090011527E-017  -2.9448665518604095E-017  -2.4821004431461114E-017   5.3456807580878235E-017   2.8791919058174504E-017  -1.2482784529624876E-015   1.9979915432870292E-015  -2.5947469958549740E-010   3.7515140408892998E-010  -8.1187766238138610E-010  -1.2151125700664074E-015
   3.0082516574029455E-009   1.8577036497009860E-009   1.2501811440456205E-009   2.3774608061970559E-018   1.2715804485596714E-018  -6.4462194131451865E-018   4.6908793710730536E-018  -5.1484646701159371E-017  -8.4817525592389996E-018   5.0213092156113084E-017   4.9912547138989098E-009   3.0822581289131850E-009   2.0742777129177753E-009  -1.1426245047805254E-018   1.0968208676978435E-017   2.5852849526918872E-017  -3.8336363684666718E-017  -6.2451068158384792E-017  -6.3726868016306064E-018   4.7736197179982193E-017  -6.1982445775485240E-017  -9.8206939087530452E-017   5.7305135114609338E-017   1.0177292012718426E-016   3.1260859970678336E-009   1.9329497805814892E-009   1.3000477617912814E-009   1.9085147413718839E-017  -9.6751363300538236E-017   7.0405477068015967E-017  -7.7273375838786172E-016  -1.2730276422219669E-016   7.5364865398169335E-016  -3.4549535566281332E-009  -1.9986554626897426E-009  -1.3870456524574005E-009   1.2441841619717395E-016  -6.3073401361444605E-016   4.5898189085278306E-016  -5.0375458778073587E-015  -8.2990239336006990E-016   4.9131274661775759E-015  -1.1329677687956058E-016   4.1809815508182794E-018   9.5435917457117209E-018  -5.7969475021129827E-018  -2.8400212070432353E-017   5.4346055910552622E-018   2.2790835707313941E-017  -2.6875288900329900E-017  -3.4954843999448489E-017   2.6513303653219350E-017   3.0374506730376556E-017  -1.7492022622626110E-016   3.0224785198916782E-016  -5.4077043294300567E-010  -3.0763060440033444E-010  -2.1522077640602581E-010  -1.8472626522398394E-016
  0.14347364772680038       -1.1081859724137274E-009   1.5239675696667854E-009  -9.5196797174081101E-015   6.4606531954903279E-016   1.7113617556963286E-017  -1.4144566260301114E-016   7.4722612378515660E-016  -9.7496253194122572E-017   8.5225367057747155E-016  0.23804617542567572        1.4225741804649154E-009   6.4704653273198554E-009  -9.8106048831237184E-015   2.2277618937012542E-010   6.6049172868665103E-010  -1.7446552995586983E-009  -1.1497989805020421E-009  -2.6616233681320530E-009   8.5093988343695586E-010  -1.8185498328034108E-009  -2.4494336665055245E-009   1.7793484534003647E-009   3.1260859970678336E-009  0.14950644328101553        2.5646404666481130E-009   1.0552064837143250E-008   9.5801734444408057E-017   3.9454575567897879E-016  -2.0658773902102390E-016   7.3486070273385431E-016   1.5303172429141565E-016   3.0492700575172080E-016 -0.14231166957782881       -2.4694197661477566E-009  -1.1083735803861685E-008  -2.5382094033518613E-015   2.3087402913629131E-015  -1.8054306169491993E-015   2.3940254829265497E-015   4.6117876147893627E-016  -3.4767855733946210E-016   1.1124854448347924E-014   2.3870788857668315E-010   1.2416221907772849E-010  -1.7314642301600160E-010  -7.5081970370511413E-010  -8.1126420716911289E-010   4.3055969014868884E-010  -5.6101347457257787E-010  -8.0480636760623743E-010   6.2851593552480588E-010   7.2892307808230125E-010   1.3202775959884969E-014  -2.0105337093048768E-014  -2.1408729030868927E-002  -4.0643163414662765E-010  -1.8275908486774471E-009   1.2126971511719204E-014
   4.1365733947952205E-009  0.14347364602716273        4.3747734864499693E-009  -5.5612501727481525E-016  -2.9604121834784700E-016  -1.5275164793454195E-016  -1.1471086162303848E-016  -1.3560295857312820E-016  -3.2130953847714442E-017   2.2192758083988064E-017   4.1141870023672075E-010  0.23804616902955181        2.0910403872260451E-010  -2.3664372857746180E-015   2.5263629301551158E-009   1.4705065578729269E-009   1.5775090957571005E-010  -3.2192924269600126E-009   1.8779431541066399E-009  -1.7017772501944040E-010   1.1060720491731327E-010  -2.7510765250581360E-009  -1.6189142926424488E-009   1.9329497805814892E-009   2.5646404666481130E-009  0.14950643411219025        2.5846077470046251E-009   4.1397436865426012E-017  -8.1637557491861812E-016  -5.5422722146069966E-016   3.3437650090141273E-017   2.0559119798734260E-016   2.8632563643328040E-016  -2.7770130176606963E-009 -0.14231166293797420       -6.1177082937498938E-010   3.4471695899017488E-016  -4.7221539028341008E-015  -3.6201819787627829E-015   2.4534616102321958E-016   1.1128526032164410E-015   2.1058725845024804E-015  -7.9391982763646142E-016   7.4496192672983946E-010   6.9666365390264958E-010   7.8663567443213816E-011  -9.9292697723963046E-010   1.0395534358790294E-009  -6.5445916302744358E-012  -5.4096986818265492E-010  -8.6113551924976578E-010   2.9119423831972820E-011   5.8322047337839981E-010   1.4436244243032116E-015  -9.0801956433328769E-016  -4.6135775821855002E-010  -2.1408728037546863E-002  -3.8299512501764854E-011   6.2442426451613226E-016
