  0.12674110972965710       -1.9586162870805965E-009  -1.8544626350200906E-009  -2.3237821825339506E-009  -7.1993060078247783E-009   1.1406435153596860E-008   6.0588466415694064E-009   2.8887766899616225E-008  -2.0712350847792765E-008  -2.1688463111478364E-008  0.29378297803391024       -3.2360010793151795E-009   4.7190753574165485E-011   4.3305583273420224E-009   3.2479951646496030E-010   1.7494567655942117E-010  -3.0120229007891238E-010  -2.4773548380410664E-010  -4.0253556422174025E-011  -1.8802827573559914E-010  -1.8641570617315483E-010   1.4387169206109919E-010   7.5156840205785747E-011   1.1726543107779647E-010  0.18679144296617120       -2.0702392041600185E-009  -1.2637209500444297E-010  -2.6966408579384157E-009   4.1905442513219558E-009   5.1388613883254204E-009   8.3345588628439418E-009  -5.7191767062592491E-009  -5.6379131576652861E-009 -0.24831704090717241        2.8234255133137762E-009   2.9933112073271913E-010   3.0310336197717672E-009  -4.3928001209396231E-009  -4.6831406830074204E-009  -1.0815138402166723E-008   7.6199786955803173E-009   7.7841144547416306E-009  -1.4150794012859468E-009   1.4996549433305773E-010   6.1441180243100594E-011  -7.3843845662624704E-011  -9.7195097160374803E-011   1.6905653695358785E-011  -1.0400634497091417E-010  -7.2566059805826784E-011   5.1605630039668501E-011   3.5915890080524161E-011   1.6575070109484909E-011  -1.2943434697253089E-009   1.1492698835313610E-009  -3.3506989332315773E-002   3.8255027287890974E-010   4.3685504660872508E-011  -4.4398685164432966E-010
  -1.9586162870805965E-009  0.12674111639826088       -6.7026839923408856E-009   2.7613588029962215E-008   9.2636285801950116E-009   3.2020228889569775E-008  -2.0638010435245136E-008  -3.6459609934145410E-008   1.4031725986556126E-008   2.7195982408070201E-008  -9.8348632026918487E-012  0.29378298363349248       -6.5045398725662389E-009  -2.5097980973243250E-008   6.9584760957308222E-011  -4.4476690731847184E-010  -2.9205018642486497E-010  -3.4640092103686333E-010   6.6936190767858925E-010   2.5304356624470969E-010   7.7501471109420701E-010  -5.9763315852738829E-010  -5.9504329468735059E-010   6.6313055502478125E-010  -2.9275638906531732E-010  0.18679144688537874       -4.3100784632737470E-009   1.9590490722652746E-009   8.2282751242675660E-009  -5.7077979850828125E-009  -8.8711147269252259E-009   7.3396337165706980E-009   6.9120650571341401E-009   4.6833880654854085E-010 -0.24831704645235006        6.1143175836286064E-009  -3.2849026909256696E-009  -1.1424495125055315E-008   7.6034209249714334E-009   1.3171583742589553E-008  -7.6054060913712089E-009  -9.8866788084821264E-009   5.5161381247282275E-009   3.6196508518534312E-011  -1.7743005369842757E-010  -1.2801547117990273E-010  -1.5651615999584833E-010   3.1671092688976532E-010   1.0795332190378568E-010   3.3924716616141905E-010  -2.0070475641293287E-010  -2.7771636251767026E-010   2.4501403450332509E-010   1.7576994479471289E-009  -1.8826388384743690E-009   6.6084318357765713E-011  -3.3506990088610467E-002   8.3276748802481553E-010   6.9831850870499861E-010
  -1.8544626350200906E-009  -6.7026839923408856E-009  0.12674111435595428       -2.2545092323845985E-008  -3.1977102862802316E-009  -2.0691188605306516E-008  -2.6408885622670521E-008   3.5772221459552663E-009   3.2153369799941772E-008  -3.7951290365175028E-010  -3.2451598976230965E-009  -4.8671711048648740E-009  0.29378298196376207        1.7520083914923853E-009  -1.0900503878867023E-012   6.4211320100817906E-010  -2.0205290104649526E-010   8.8822340050913164E-011  -1.7208401611345253E-010  -8.7359312953199485E-011  -8.0819508129654622E-010  -3.8511390708578053E-010   4.4219464461197569E-010   4.3765819925360630E-010  -1.9370131982815657E-009  -3.4075399292373046E-009  0.18679144562226813       -2.8898138798821122E-009  -5.7142537596046436E-009  -7.9094145565846742E-009  -1.0065659417085944E-009   9.9163989464052814E-009   3.8963787343452758E-009   2.7004926679041954E-009   4.9187997975149294E-009 -0.24831704470469290        2.5912994783726856E-009   7.6061591615282763E-009   1.0047649799990257E-008   1.0529561515516135E-010  -1.2026253318133036E-008  -2.6965933408648096E-009   3.5610090783198104E-009  -3.4094074198832766E-011   2.4739208773955730E-010  -6.0415203933730975E-011   2.9452167555290329E-011  -7.5529887375258656E-011   1.6289850005601170E-011  -3.5646078233696622E-010  -1.4291278979829420E-010   2.3085049647707235E-010   1.5155747399164123E-010   8.1997324818279832E-009  -6.8103992201779669E-009   3.6635922860299250E-010   6.7212273473682653E-010  -3.3506989850519718E-002   2.6760418852214344E-009
  -2.3237821825339506E-009   2.7613588029962215E-008  -2.2545092323845985E-008  0.51527917488107799       -3.5894130871229924E-010   1.4019156274643364E-010  -5.5519434348531219E-010   2.9543061827511496E-012  -7.5638111100906120E-010   3.5627808181070484E-010  -6.1584353843184732E-009   5.6343611204946937E-008  -3.3801420691096790E-008  0.82378865008502000       -1.0107485139482317E-009   2.0703012315667004E-009   5.7504076849782000E-011   6.2661554808012732E-009  -4.6365542993320879E-009  -4.9100912723281631E-009  -6.1175309175679025E-009   1.5015522395777897E-009   6.1372242183379698E-009  -1.1620543295639763E-009  -5.1973014527338397E-009   3.0517705268646794E-008  -3.0544013008928845E-009   2.7942118738386179E-010   3.0973296163360796E-010  -4.6173416725835079E-011  -3.6835628610148617E-010   5.5350882712452130E-010   8.8418622184995567E-011   6.2532464426283581E-009  -4.5444430202441766E-008   1.6775433001590435E-008  -1.3093321636449277E-010  -1.1794655860117303E-010   8.8740480544692140E-011   1.8071203306767089E-010  -2.1517172583634032E-010  -5.0528383095862875E-011 -0.50276366878077583        1.0536896110003763E-010  -2.0782426994198285E-010   1.4911973910652477E-012  -5.8440540202136744E-010   3.9374139341267622E-010   4.4303885419382101E-010   5.4974665474512299E-010  -1.6302212156570158E-010  -5.2973588483040258E-010   1.2039721760713295E-010 -0.57638982301178388       0.52407690164830456        8.4725406930482054E-010  -6.2165157416407897E-009   2.3627597132334841E-009 -0.20616838878796018     
  -7.1993060078247783E-009   9.2636285801950116E-009  -3.1977102862802316E-009  -3.5894130871229924E-010   8.0932001888592978E-005   6.6621925954989038E-013  -6.2753076083595907E-013  -4.0466001224791239E-005  -2.4100347814559689E-013  -4.0466000664169730E-005  -1.6692617591121669E-008   2.1500213549303866E-008  -7.4058539709917512E-009  -5.7228933890409555E-010  -4.7092269934719839E-012   1.0463084862143841E-011   2.3988692944254464E-011   3.0998772641815442E-012   2.8642309733871001E-014   3.2182218666042350E-012  -1.2214745488207482E-011  -3.9801056301708829E-012   5.9246932427794594E-012  -1.4913532147636585E-011  -1.0605796673120702E-008   1.3630872685312103E-008  -4.7308345339662880E-009   1.4578561498366574E-003   5.7305667726587283E-012  -6.0643810812136566E-012  -7.2892807768135820E-004  -3.0841012348395356E-012  -7.2892807215439574E-004   1.3981471512751281E-008  -1.7900431750621483E-008   6.2140739305485409E-009   1.1885366188381213E-002   3.4907368230914995E-011  -3.5934472094099254E-011  -5.9426831143084306E-003  -2.6265559480994177E-011  -5.9426830740696174E-003   3.4899228505297905E-010  -1.4395101198659713E-011   3.1363238467827916E-011   7.0840460175305129E-011   9.5914663115239063E-012   3.2325096736683536E-014   9.7215878955069314E-012  -3.3172535157495179E-011  -1.2754028704258749E-011   1.3142423185240539E-011  -4.3295059530399569E-011   4.0856117700526949E-010  -3.7090271221421765E-010   1.8816912079200508E-009  -2.4063770111246400E-009   8.3540757419009140E-010   1.4600114043143200E-010
   1.1406435153596860E-008   3.2020228889569775E-008  -2.0691188605306516E-008   1.4019156274643364E-010   6.6621925954989038E-013   8.0931999274414315E-005   6.9698335609872242E-013  -6.7704815872574407E-013   1.4554448273554867E-012   1.0768739258507492E-014   2.6438453280256306E-008   7.4282072708622575E-008  -4.7996447029579729E-008   2.2315288041595026E-010  -8.4920696998190724E-012  -1.0660640908944018E-011   3.5847520549161012E-012   1.8093720749948957E-011   1.8743153146394327E-011  -6.7004104684652009E-012   1.3780124677283654E-012   3.5365451040794285E-012   8.8118267678369990E-012  -5.3078978658788551E-012   1.6801087757460349E-008   4.7129062827203427E-008  -3.0458947972948062E-008   9.4544010869033233E-012   1.4578561205217920E-003   3.2764114956877526E-012  -1.0611455567150452E-011   1.7604011340153135E-011   1.1570953437552272E-012  -2.2212784149411396E-008  -6.2051732441212421E-008   4.0111176924047841E-008   6.0511806341993496E-011   1.1885365999299862E-002   1.2494273190617922E-011  -7.2963894724252084E-011   1.2023164724952044E-010   1.2452024915583300E-011  -1.3581626034935264E-010  -2.4522276506456525E-011  -2.8998853164294381E-011   8.7389972614679398E-012   5.1089721603103603E-011   5.5840405180115178E-011  -1.8189634874182711E-011   4.8575281040212177E-012   8.7080524413632425E-012   2.2481800483552653E-011  -1.3004268749225984E-011  -1.4889903400753848E-010   1.3537275019966544E-010  -2.9920648568211737E-009  -8.3481248972609401E-009   5.3966682593799399E-009  -5.3147144491582502E-011
   6.0588466415694064E-009  -2.0638010435245136E-008  -2.6408885622670521E-008  -5.5519434348531219E-010  -6.2753076083595907E-013   6.9698335609872242E-013   8.0931999843999195E-005   6.1036904280723958E-013   2.2846412308247213E-013   1.7275900781303532E-014   1.4034282493983929E-008  -4.7873311247359036E-008  -6.1253275807886675E-008  -8.8606716557800414E-010  -1.5525323412299438E-011   3.5663367323315030E-012  -5.4288515102895467E-013  -8.1007537613572661E-012   3.0482115271597161E-012   2.8930163963468594E-011  -5.2940115860345135E-012  -6.1802803841953591E-012   3.5363424014230068E-012   5.0111462702910821E-012   8.9600299244031897E-009  -3.0380847759335934E-008  -3.8882755921234353E-008  -8.9348312322196159E-012   1.1073998791273033E-011   1.4578561277886213E-003   5.4511935630354346E-012   8.6654566937702754E-013   3.4836034161793973E-012  -1.1771629575691182E-008   4.0006750686273348E-008   5.1217609776688105E-008  -5.3662253231355826E-011   8.8688726065879347E-011   1.1885366040030699E-002   1.9329119717423211E-011  -1.2053159623514533E-012   3.4332776414240741E-011   5.4109864481844645E-010  -4.5846973143998289E-011   8.7387681972267543E-012  -4.2582272011617729E-012  -2.3257720775808284E-011   1.2203438520789107E-011   8.4767891436436556E-011  -1.3005916644889010E-011  -1.4389912635339144E-011   8.7104927848007129E-012   1.3899500335638669E-011   6.2581113449898634E-010  -5.6884268378734634E-010  -1.5826527055088142E-009   5.3825555579443260E-009   6.8914821266182967E-009   2.2384628922715815E-010
   2.8887766899616225E-008  -3.6459609934145410E-008   3.5772221459552663E-009   2.9543061827511496E-012  -4.0466001224791239E-005  -6.7704815872574407E-013   6.1036904280723958E-013   8.0932002471023132E-005  -1.6765063312741197E-012  -4.0466001246346839E-005   6.7006074243416214E-008  -8.4597490997568096E-008   8.3095254260583935E-009   4.6062720536112984E-012   8.8236971674194673E-012  -1.3318643703776307E-011  -5.1601562332191302E-012  -9.9430988829323063E-012  -5.4459826672314793E-014  -1.8951377821800685E-012   1.9781366309875773E-011   2.2863218232418690E-011  -1.3220836353410435E-011  -1.3195093743207582E-011   4.2528900137053416E-008  -5.3659632469955969E-008   5.2421298819757385E-009  -7.2892807773956478E-004  -4.6548433558347930E-012   9.9743325663100959E-012   1.4578561562353374E-003  -1.8445592025147796E-011  -7.2892807849652850E-004  -5.6013382957565707E-008   7.0562892666491501E-008  -6.9183346626904654E-009  -5.9426831142813412E-003  -2.3325492594422018E-011   6.6451274846166979E-011   1.1885366229122977E-002  -1.1318521828605425E-010  -5.9426831148406715E-003  -2.1847638096528902E-012   2.3051181593807236E-011  -3.6941018691064014E-011  -1.5632458741424048E-011  -2.7050090520623794E-011  -4.9455508128866449E-014  -3.8763163278760134E-012   5.4972107110807654E-011   6.7989338060161087E-011  -3.6811799960204100E-011  -3.9024499803642888E-011  -1.0188131364094125E-011   8.6691041056388553E-012  -7.5364869251552789E-009   9.4896870906109364E-009  -9.3142332410254285E-010  -3.4956050492718438E-012
  -2.0712350847792765E-008   1.4031725986556126E-008   3.2153369799941772E-008  -7.5638111100906120E-010  -2.4100347814559689E-013   1.4554448273554867E-012   2.2846412308247213E-013  -1.6765063312741197E-012   8.0931998378997342E-005   1.9174844545314418E-012  -4.8045602297685843E-008   3.2528411252802794E-008   7.4564340717200949E-008  -1.2065076559818950E-009  -5.3172255276416193E-012  -6.0300205426329377E-012  -1.3979172280393931E-012   3.5582085209601707E-012  -5.5480916804683680E-012   3.5756033552536330E-012  -1.6039060088546140E-011   1.4652180791462744E-011   2.7548660349619945E-011  -9.8791665903336605E-012  -3.0490251878308310E-008   2.0696636388433424E-008   4.7342271394080628E-008  -1.4739046681514089E-012   1.3956926972097275E-011   4.9647814321687153E-012  -1.9186043707998466E-011   1.4578561107273283E-003   2.0659909789544323E-011   4.0152686876184402E-008  -2.7229989441754783E-008  -6.2431804167554992E-008  -9.1678873093654464E-012   9.0534457204772015E-011   3.5243429827036090E-011  -1.2692578409680600E-010   1.1885365934644657E-002   1.3609389053595956E-010   7.3867457552272976E-010  -1.3005392218276198E-011  -1.8248651046587967E-011  -5.0993644661910915E-012   8.7228918141880446E-012  -1.5712603298969285E-011   8.7256841539045041E-012  -4.7071694479667116E-011   4.2490263177474828E-011   8.1401948361719553E-011  -2.7869544110123600E-011   8.6545917738113180E-010  -7.8715649427432024E-010   5.4022663514709206E-009  -3.6625651933377234E-009  -8.4032260638507185E-009   3.0995300843334020E-010
  -2.1688463111478364E-008   2.7195982408070201E-008  -3.7951290365175028E-010   3.5627808181070484E-010  -4.0466000664169730E-005   1.0768739258507492E-014   1.7275900781303532E-014  -4.0466001246346839E-005   1.9174844545314418E-012   8.0932001910999506E-005  -5.0313461798052407E-008   6.3097279888590745E-008  -9.0367387346980276E-010   5.6815987403922206E-010  -4.1144701745373480E-012   2.8555588427757076E-012  -1.8828536711144181E-011   6.8432216222289483E-012   2.5817514364990091E-014  -1.3230840871109632E-012  -7.5666208250614630E-012  -1.8883112601520536E-011   7.2961431140401499E-012   2.8108625890383220E-011  -3.1923106668236046E-008   4.0028761699786798E-008  -5.1129706190366055E-010  -7.2892807210372132E-004  -1.0768071038399712E-012  -3.9078946650374792E-012  -7.2892807855604979E-004   2.1529236537705656E-011   1.4578561506596237E-003   4.2031918383340148E-008  -5.2662449022025013E-008   7.0425601017980944E-010  -5.9426830741539137E-003  -1.1590710540881110E-011  -3.0500034251940569E-011  -5.9426831148314263E-003   1.3944705427429241E-010   1.1885366188981212E-002  -3.4685495371602373E-010  -8.6560803951090683E-012   5.5777802230412773E-012  -5.5208001434310611E-011   1.7458624208539345E-011   1.7130411760206515E-014  -5.8452715671219620E-012  -2.1799571952824749E-011  -5.5235309356337311E-011   2.3669376774504025E-011   8.2319559334686818E-011  -3.9835649601122464E-010   3.6209983397931766E-010   5.6547967606045859E-009  -7.0833078972046326E-009   9.6014832840514516E-011  -1.4244432234434978E-010
  0.29378297803391024       -9.8348632026918487E-012  -3.2451598976230965E-009  -6.1584353843184732E-009  -1.6692617591121669E-008   2.6438453280256306E-008   1.4034282493983929E-008   6.7006074243416214E-008  -4.8045602297685843E-008  -5.0313461798052407E-008  0.68098230264739679        2.9998840631850743E-009   2.5511773310408188E-009   8.8037546229339549E-009   7.5287363298722945E-010   4.0551602908300397E-010  -6.9816880483529028E-010  -5.7423844301913433E-010  -9.3303656234734581E-011  -4.3584632052040243E-010  -4.3210365056208919E-010   3.3347988734013229E-010   1.7421093038421484E-010   2.7181872862233087E-010  0.43296484403612001        1.8790441185716298E-009   1.2635015153102219E-009  -6.3377805283847207E-009   9.6892090161583367E-009   1.1732936735132334E-008   2.0130827119818228E-008  -1.3886673213322193E-008  -1.3793035356292747E-008 -0.57611149379686388       -2.2854547855459019E-009  -1.2218135086614093E-009   6.3183376168250315E-009  -1.0384448511755131E-008  -1.2318202804104401E-008  -1.8458076676560450E-008   1.2531887188799365E-008   1.2139761480387941E-008  -2.5321186173212287E-009   3.4766592726131559E-010   1.4244960479157978E-010  -1.7115857591823029E-010  -2.2533689531429319E-010   3.9232369571604952E-011  -2.4110963562261506E-010  -1.6822839188169045E-010   1.1962850231887844E-010   8.3251272943669441E-011   3.8407513946727099E-011  -2.1451002401500028E-009   1.8889886141295990E-009  -7.7759806460329928E-002  -3.0286605657146751E-010  -1.5109362956089653E-010  -7.2446442906672591E-010
  -3.2360010793151795E-009  0.29378298363349248       -4.8671711048648740E-009   5.6343611204946937E-008   2.1500213549303866E-008   7.4282072708622575E-008  -4.7873311247359036E-008  -8.4597490997568096E-008   3.2528411252802794E-008   6.3097279888590745E-008   2.9998840631850743E-009  0.68098229277637534        9.6541242972000531E-009  -7.0469714242976102E-008   1.6129107561033852E-010  -1.0309512529585070E-009  -6.7697408056964296E-010  -8.0294547167723948E-010   1.5515665305895156E-009   5.8655171047319392E-010   1.7964556600460300E-009  -1.3852784582918366E-009  -1.3792906345781205E-009   1.5371116900357253E-009   1.2446754312240974E-009  0.43296483858625751        5.7426992866090500E-009   5.0344659477406581E-009   2.0155417547267314E-008  -1.3860785793084048E-008  -2.2097149985979167E-008   1.7072365509858393E-008   1.7062682654805487E-008  -1.4160005420198944E-009 -0.57611148755063657       -6.4007960793913195E-009  -3.5920024797210841E-009  -1.7660792093795798E-008   1.2489529027747410E-008   1.8028020220506712E-008  -1.7152093648963134E-008  -1.4436012531791519E-008   1.9432361745321387E-008   8.3898716291625069E-011  -4.1127285731509812E-010  -2.9675794543359289E-010  -3.6279996421724253E-010   7.3417896402117307E-010   2.5023773267706379E-010   7.8638821685507714E-010  -4.6520246801703243E-010  -6.4377434085598391E-010   5.6793278702316489E-010   1.1447779942171056E-008  -1.0650485550042462E-008  -1.8216747592136135E-010  -7.7759805645026617E-002  -8.3211848831890958E-010   4.0616107403220044E-009
   4.7190753574165485E-011  -6.5045398725662389E-009  0.29378298196376207       -3.3801420691096790E-008  -7.4058539709917512E-009  -4.7996447029579729E-008  -6.1253275807886675E-008   8.3095254260583935E-009   7.4564340717200949E-008  -9.0367387346980276E-010   2.5511773310408188E-009   9.6541242972000531E-009  0.68098229600894455        3.3632586004494596E-008  -2.5234172894450868E-012   1.4884081160588313E-009  -4.6834834842857204E-010   2.0587696448986801E-010  -3.9889150592309731E-010  -2.0249012118764895E-010  -1.8733789127960714E-009  -8.9267265762708832E-010   1.0249942779052092E-009   1.0144681126804353E-009   1.9185438395451384E-009   5.4216960708103823E-009  0.43296484017377074       -6.5844356648750156E-009  -1.3873483667669359E-008  -1.9022450941642409E-008  -2.0159093420907733E-009   2.3593571532225428E-008   8.6003424859118875E-009  -2.1144851363234685E-009  -5.9604673046524279E-009 -0.57611148953423597        6.9394591119710100E-009   1.2514343504942832E-008   1.7680981817524306E-008   2.8325570696811893E-009  -2.2929554605805022E-008  -9.7720121207543027E-009  -8.4574302053664789E-009  -7.9051170869275451E-011   5.7345291069138977E-010  -1.4002511075510869E-010   6.8276445500619897E-011  -1.7506589640544271E-010   3.7781869082297625E-011  -8.2633841267054848E-010  -3.3130705293485636E-010   5.3519700939242301E-010   3.5132355135442887E-010   2.3813205544874304E-010   6.2787306131781349E-010  -2.7496119110528223E-010  -7.7099479090389094E-010  -7.7759805908705487E-002  -2.0717122179121771E-010
   4.3305583273420224E-009  -2.5097980973243250E-008   1.7520083914923853E-009  0.82378865008502000       -5.7228933890409555E-010   2.2315288041595026E-010  -8.8606716557800414E-010   4.6062720536112984E-012  -1.2065076559818950E-009   5.6815987403922206E-010   8.8037546229339549E-009  -7.0469714242976102E-008   3.3632586004494596E-008   1.3186029127931700       -1.6144624212499165E-009   3.3068937884570468E-009   9.1883352388531225E-011   1.0009051332334811E-008  -7.4061730368556393E-009  -7.8430181142285127E-009  -9.7717171231363664E-009   2.3983917737603418E-009   9.8032348269274410E-009  -1.8561451913649056E-009   3.5480866999060712E-009  -5.3222093523060810E-008   5.0763075449681742E-008   4.7304042748926314E-010   4.7574302020309028E-010  -4.7881366061719222E-011  -5.8984469067500348E-010   9.2710839910506712E-010   1.1596324617492978E-010  -5.9537470518998895E-009   6.4266190158116410E-008  -4.7566911636060029E-008   2.6594863147656888E-012  -3.4870385152347254E-010   3.5265840075249634E-010   2.8356110009833041E-010  -1.7025069785804530E-013  -2.8747908951081387E-010 -0.77086994784949447        1.7352032767412017E-010  -3.4258485429949841E-010   2.1955677061030593E-012  -9.6536743957390140E-010   6.5221852863275452E-010   7.3256672426603228E-010   9.0907367026417611E-010  -2.6823562417957600E-010  -8.7706167828607133E-010   1.9829324076266544E-010 -0.87389162483125271       0.77806166981281877       -8.0674553154056069E-010   8.5928717360922625E-009  -6.2708165511143221E-009 -0.30488976706839416     
   3.2479951646496030E-010   6.9584760957308222E-011  -1.0900503878867023E-012  -1.0107485139482317E-009  -4.7092269934719839E-012  -8.4920696998190724E-012  -1.5525323412299438E-011   8.8236971674194673E-012  -5.3172255276416193E-012  -4.1144701745373480E-012   7.5287363298722945E-010   1.6129107561033852E-010  -2.5234172894450868E-012  -1.6144624212499165E-009   8.0370894265103574E-018  -4.5052369381291586E-018  -1.8908667635543792E-018  -1.4779181938334745E-017   7.1733372120825125E-018   3.9962891445387189E-018   1.6055452861416255E-017  -5.9557545266469138E-019  -1.7035417560978006E-017   1.8532853964068677E-018   4.7918025447695043E-010   1.0311564870983085E-010  -1.9926544361803587E-012  -8.4828714066306824E-011  -1.5297141645591916E-010  -2.7966311306604647E-010   1.5894335452460640E-010  -9.5780237914672455E-011  -7.4114640457368523E-011  -6.1745626064822437E-010  -1.1466123908256783E-010  -1.2768738348775608E-011  -6.9157731926414412E-010  -1.2471199598188218E-009  -2.2799908274490725E-009   1.2958066797963510E-009  -7.8086101473024389E-010  -6.0422936053061748E-010   1.0160383000503093E-009   1.4949795999106947E-017  -1.0703625421906989E-018  -2.0393248535851497E-018  -3.6176232364428519E-018  -7.7107230977542086E-018  -1.6439640021357927E-017   1.0049328560631540E-017   6.6972853472856314E-018  -1.2412231125478805E-017  -3.4718342358914848E-018   1.1737760971538109E-009  -1.0822197010055715E-009  -8.2535301282055756E-011  -1.4575560875924872E-011  -2.3394378968897871E-012   4.2682118455027771E-010
   1.7494567655942117E-010  -4.4476690731847184E-010   6.4211320100817906E-010   2.0703012315667004E-009   1.0463084862143841E-011  -1.0660640908944018E-011   3.5663367323315030E-012  -1.3318643703776307E-011  -6.0300205426329377E-012   2.8555588427757076E-012   4.0551602908300397E-010  -1.0309512529585070E-009   1.4884081160588313E-009   3.3068937884570468E-009  -4.5052369381291586E-018   1.7820761807571529E-017   1.6146219916616531E-018   2.5029438932292205E-017  -2.3829370308191343E-017  -1.8985015936098649E-017  -3.4288261249766038E-017   1.2586229230832433E-018   2.8181823117411258E-017  -2.1415499072613956E-018   2.5830393435845436E-010  -6.5645099052951254E-010   9.4582633496198623E-010   1.8847622580125441E-010  -1.9203024784446618E-010   6.4242641319281308E-011  -2.3991665144904275E-010  -1.0862230701209917E-010   5.1440425645898235E-011  -3.2467672979834668E-010   8.3464980234308540E-010  -1.2782174173309252E-009   1.5365777296705781E-009  -1.5655516612185373E-009   5.2374681127438220E-010  -1.9559527718849872E-009  -8.8555799298654546E-010   4.1937504221156992E-010  -2.0808496581546010E-009  -1.4761277783549035E-018   1.3596195722993207E-017   5.6095862222823274E-018  -5.9238717135227151E-018  -5.5666419331373280E-018   7.9043052109518626E-018  -8.0528414360965811E-018  -1.5394150596823236E-017  -2.7921671151513529E-018   7.2930080287954587E-018  -2.4038136905532803E-009   2.2161737940328284E-009  -4.3062666078841750E-011   1.1110421045294108E-010  -1.7331178875326711E-010  -8.7403622634436769E-010
  -3.0120229007891238E-010  -2.9205018642486497E-010  -2.0205290104649526E-010   5.7504076849782000E-011   2.3988692944254464E-011   3.5847520549161012E-012  -5.4288515102895467E-013  -5.1601562332191302E-012  -1.3979172280393931E-012  -1.8828536711144181E-011  -6.9816880483529028E-010  -6.7697408056964296E-010  -4.6834834842857204E-010   9.1883352388531225E-011  -1.8908667635543792E-018   1.6146219916616531E-018   9.7857349856409151E-018   2.7128983139240605E-018  -7.8047978981836141E-019  -1.7603415348660294E-019  -2.4436818482472894E-018   2.9301719503567793E-018   1.6639567133504511E-018  -9.4778930226958778E-018  -4.4522002502950786E-010  -4.2943487384645599E-010  -2.9844598476970929E-010   4.3211661695441429E-010   6.4574581543299675E-011  -9.7805177133780913E-012  -9.2951850452708008E-011  -2.5180564302697378E-011  -3.3916476650153586E-010   5.3966680089595383E-010   6.1040240720078851E-010   3.7040053935190653E-010   3.5228881434514525E-009   5.2645305194412240E-010  -7.9737102630975654E-011  -7.5780234899267127E-010  -2.0528772389933923E-010  -2.7650857944576739E-009  -5.7136519320177119E-011  -3.4056247518317470E-018   5.7229849644849496E-018   2.4299416639598638E-017   3.0824207323920393E-018   2.0636629768157081E-018   1.4867087576513739E-018  -4.3829283098849124E-018   3.4516269114155069E-018   1.5734000161336867E-019  -2.0684410719739701E-017  -6.5812288213888905E-011   6.0355650438536479E-011   7.0733444952250006E-011   8.3945640121064146E-011   4.8926975261261628E-011  -2.3780868059348536E-011
  -2.4773548380410664E-010  -3.4640092103686333E-010   8.8822340050913164E-011   6.2661554808012732E-009   3.0998772641815442E-012   1.8093720749948957E-011  -8.1007537613572661E-012  -9.9430988829323063E-012   3.5582085209601707E-012   6.8432216222289483E-012  -5.7423844301913433E-010  -8.0294547167723948E-010   2.0587696448986801E-010   1.0009051332334811E-008  -1.4779181938334745E-017   2.5029438932292205E-017   2.7128983139240605E-018   8.4036094452154572E-017  -5.4641832958547910E-017  -6.4207708513974955E-017  -7.8986698494124170E-017   1.8367889688002518E-017   8.0942340379217886E-017  -1.5712707443919459E-017  -3.6590095019904932E-010  -5.1098627594161264E-010   1.3223429001038838E-010   5.5839483582001200E-011   3.2593063251709586E-010  -1.4592203170621973E-010  -1.7910929926182118E-010   6.4094964762767714E-011   1.2326981567370287E-010   4.5496925186148037E-010   6.6095025776248988E-010  -1.2278420840646713E-010   4.5523880448563244E-010   2.6571931413076108E-009  -1.1896487789107922E-009  -1.4602124148775514E-009   5.2254267597581014E-010   1.0049736103829129E-009  -6.2956565831582631E-009  -3.3663745456711982E-018  -5.9496737088201458E-018   2.6023339005522584E-018   1.1278204480773461E-017   1.4292055161252087E-017  -6.7617255315548282E-018  -7.7028047422520034E-019  -5.3404492902628882E-018   6.9831405644380773E-018   2.0408597769326366E-018  -7.2720856667317517E-009   6.7032595831234307E-009   6.0134259472367796E-011   8.8452671286530504E-011  -1.4448647577973675E-011  -2.6436132282920526E-009
  -4.0253556422174025E-011   6.6936190767858925E-010  -1.7208401611345253E-010  -4.6365542993320879E-009   2.8642309733871001E-014   1.8743153146394327E-011   3.0482115271597161E-012  -5.4459826672314793E-014  -5.5480916804683680E-012   2.5817514364990091E-014  -9.3303656234734581E-011   1.5515665305895156E-009  -3.9889150592309731E-010  -7.4061730368556393E-009   7.1733372120825125E-018  -2.3829370308191343E-017  -7.8047978981836141E-019  -5.4641832958547910E-017   5.0363713708401278E-017   4.5017768607224814E-017   6.1536171601777283E-017  -1.6632982101046537E-017  -5.8730137194500470E-017   1.2979237580467974E-017  -5.9691651030337385E-011   9.8639016664860772E-010  -2.5308164732704162E-010   5.1489689190359815E-013   3.3762349000268870E-010   5.4909728826721177E-011  -9.7732727426480433E-013  -9.9940466356747427E-011   4.6243038695522553E-013   6.4742494378777279E-011  -1.3159823216716890E-009   3.5786828141556247E-010   4.1976385475969275E-012   2.7525199742388138E-009   4.4765906175135873E-010  -7.9673539840546432E-012  -8.1477816093679975E-010   3.7697154429238407E-012   4.6560094436952891E-009  -7.2656595848283489E-018  -4.5737591210312350E-018   1.6397041953764399E-018   1.4672663676621873E-017   1.2788214558017714E-017  -4.9247655860093297E-018   1.3005155158964920E-018  -9.2719918035103402E-019   2.8289218950073113E-018  -5.3106842125273232E-019   5.3774451526709939E-009  -4.9556704706098103E-009   8.1519203571480951E-012  -1.7776149829588102E-010   4.9146156494884250E-011   1.9543218772921023E-009
  -1.8802827573559914E-010   2.5304356624470969E-010  -8.7359312953199485E-011  -4.9100912723281631E-009   3.2182218666042350E-012  -6.7004104684652009E-012   2.8930163963468594E-011  -1.8951377821800685E-012   3.5756033552536330E-012  -1.3230840871109632E-012  -4.3584632052040243E-010   5.8655171047319392E-010  -2.0249012118764895E-010  -7.8430181142285127E-009   3.9962891445387189E-018  -1.8985015936098649E-017  -1.7603415348660294E-019  -6.4207708513974955E-017   4.5017768607224814E-017   5.8846099145661492E-017   5.7446011543197984E-017  -1.7568836784476823E-017  -5.8086893699529422E-017   1.3226260609215383E-017  -2.7698677062055263E-010   3.7264266542752742E-010  -1.2956003273390226E-010   5.7970325406592864E-011  -1.2069788320192772E-010   5.2112952631354895E-010  -3.4135671810300939E-011   6.4407803303869288E-011  -2.3834653591423967E-011   3.7340672750550283E-010  -5.0711830987984366E-010   1.3991373335569093E-010   4.7261072703977922E-010  -9.8400566609631088E-010   4.2485779194615572E-009  -2.7829536215258950E-010   5.2509307909022712E-010  -1.9431536488031587E-010   4.9324984531780428E-009  -1.6690882486914475E-017   7.3857174876514139E-018   1.3371375479020456E-019  -6.4246596161750216E-018  -3.9470254075863522E-018   2.8817824421475201E-017  -1.2712311938283389E-017  -3.6449034072536784E-018   9.6696177083922695E-018   2.6170911063741139E-018   5.6973010182189463E-009  -5.2513121250938279E-009   5.0593480443851891E-011  -6.8897868184621723E-011   1.7587108498875492E-011   2.0709736633123018E-009
  -1.8641570617315483E-010   7.7501471109420701E-010  -8.0819508129654622E-010  -6.1175309175679025E-009  -1.2214745488207482E-011   1.3780124677283654E-012  -5.2940115860345135E-012   1.9781366309875773E-011  -1.6039060088546140E-011  -7.5666208250614630E-012  -4.3210365056208919E-010   1.7964556600460300E-009  -1.8733789127960714E-009  -9.7717171231363664E-009   1.6055452861416255E-017  -3.4288261249766038E-017  -2.4436818482472894E-018  -7.8986698494124170E-017   6.1536171601777283E-017   5.7446011543197984E-017   9.1315044651581908E-017  -1.6387591981446658E-017  -8.8223797539509865E-017   1.4035972177637073E-017  -2.7516327515461543E-010   1.1434534324699783E-009  -1.1909839476180865E-009  -2.2003006093970737E-010   2.4817125170148159E-011  -9.5363573582144973E-011   3.5633373001380339E-010  -2.8891572013554753E-010  -1.3630366906824450E-010   3.4889514797938890E-010  -1.4707948940911850E-009   1.5887340270147160E-009  -1.7938246347219519E-009   2.0232418615984253E-010  -7.7746430590903475E-010   2.9050586748681837E-009  -2.3554236880118886E-009  -1.1112340401375921E-009   6.1449650059696278E-009   9.8994922484146668E-018  -7.3121075077409380E-018  -5.1016593088352792E-018  -2.9993415521396896E-020   1.0909761274161651E-018  -1.3251578706618227E-017   2.2003280355460238E-017   9.9748275907268480E-018  -2.2208411919889745E-017  -3.6322632505486498E-018   7.0976242684802938E-009  -6.5417831504208574E-009   4.6402819692893477E-011  -1.9649279397186372E-010   2.1459634637800581E-010   2.5798833997107799E-009
   1.4387169206109919E-010  -5.9763315852738829E-010  -3.8511390708578053E-010   1.5015522395777897E-009  -3.9801056301708829E-012   3.5365451040794285E-012  -6.1802803841953591E-012   2.2863218232418690E-011   1.4652180791462744E-011  -1.8883112601520536E-011   3.3347988734013229E-010  -1.3852784582918366E-009  -8.9267265762708832E-010   2.3983917737603418E-009  -5.9557545266469138E-019   1.2586229230832433E-018   2.9301719503567793E-018   1.8367889688002518E-017  -1.6632982101046537E-017  -1.7568836784476823E-017  -1.6387591981446658E-017   1.9189406634554927E-017   2.0727711142458394E-017  -1.6487006813777566E-017   2.1336706125531900E-010  -8.8330459072311283E-010  -5.6903952200184704E-010  -7.1694243348736968E-011   6.3706342098830429E-011  -1.1133076716211072E-010   4.1183962173922945E-010   2.6393815644340703E-010  -3.4014537839211635E-010  -2.3059085272373628E-010   1.0739728753387346E-009   6.9826557947511106E-010  -5.8449682374633666E-010   5.1937458393154051E-010  -9.0763942782513571E-010   3.3575767969674137E-009   2.1517915998978132E-009  -2.7730799732223985E-009  -1.5100022285443602E-009   6.6299076729942204E-018  -1.4529745846800152E-017   3.8094570006986679E-018  -3.6539807657431250E-018  -1.4717916777419149E-018  -5.2409723992936251E-018   8.4751241914188115E-018   3.1960960926251915E-017   3.1591805744029886E-018  -2.6661713702306851E-017  -1.7445989995646677E-009   1.6088034300355115E-009  -2.8993686054658802E-011   1.4090847053372052E-010   9.1894091382861046E-011  -6.3452315207203167E-010
   7.5156840205785747E-011  -5.9504329468735059E-010   4.4219464461197569E-010   6.1372242183379698E-009   5.9246932427794594E-012   8.8118267678369990E-012   3.5363424014230068E-012  -1.3220836353410435E-011   2.7548660349619945E-011   7.2961431140401499E-012   1.7421093038421484E-010  -1.3792906345781205E-009   1.0249942779052092E-009   9.8032348269274410E-009  -1.7035417560978006E-017   2.8181823117411258E-017   1.6639567133504511E-018   8.0942340379217886E-017  -5.8730137194500470E-017  -5.8086893699529422E-017  -8.8223797539509865E-017   2.0727711142458394E-017   9.0182861407259664E-017  -1.6689763148202435E-017   1.1086573378999252E-010  -8.7768098783117015E-010   6.5204695913076029E-010   1.0672467043577359E-010   1.5873428499815804E-010   6.3701329505530535E-011  -2.3815507399107004E-010   4.9624310787985672E-010   1.3143040354933590E-010  -1.4341515970701380E-010   1.1386490874416367E-009  -8.5328896117048401E-010   8.7008723965754469E-010   1.2941028717627406E-009   5.1933354672120515E-010  -1.9415912892671588E-009   4.0456879295105973E-009   1.0715040496008621E-009  -6.1634819260651213E-009  -1.1805440134332567E-017  -3.7859416018103589E-018   1.2350037272300724E-018   5.9641205119904682E-018   4.1028904323873550E-018   9.8745520316973018E-018  -2.1467696689024241E-017   2.0115325559373348E-018   3.2587899245374221E-017  -2.4198253694912462E-018  -7.1186436225836806E-009   6.5605445253424883E-009  -1.9193269114271432E-011   1.5252061724125609E-010  -1.1459868930653670E-010  -2.5872386666161587E-009
   1.1726543107779647E-010   6.6313055502478125E-010   4.3765819925360630E-010  -1.1620543295639763E-009  -1.4913532147636585E-011  -5.3078978658788551E-012   5.0111462702910821E-012  -1.3195093743207582E-011  -9.8791665903336605E-012   2.8108625890383220E-011   2.7181872862233087E-010   1.5371116900357253E-009   1.0144681126804353E-009  -1.8561451913649056E-009   1.8532853964068677E-018  -2.1415499072613956E-018  -9.4778930226958778E-018  -1.5712707443919459E-017   1.2979237580467974E-017   1.3226260609215383E-017   1.4035972177637073E-017  -1.6487006813777566E-017  -1.6689763148202435E-017   1.9353139864787375E-017   1.7281023048689411E-010   9.7845794380850609E-010   6.4659994495425772E-010  -2.6864318660066468E-010  -9.5614889451542017E-011   9.0270923806613683E-011  -2.3768509853805528E-010  -1.7795979510648158E-010   5.0632828513980330E-010  -2.3036813622127470E-010  -1.2554549650868938E-009  -7.9656253556495982E-010  -2.1901492954161382E-009  -7.7951335981925267E-010   7.3594621377950402E-010  -1.9377589907264548E-009  -1.4508415327964990E-009   4.1279082861427531E-009   1.1680800527653979E-009  -2.4032407041914448E-018   6.5641954582066831E-018  -2.0951133912931229E-017   4.2602717336760999E-019  -4.4115666464521042E-019   2.7982542526683867E-018  -3.0501640682183118E-018  -2.6395021077302889E-017  -2.4719833078732447E-018   3.5289757082834382E-017   1.3494057013672655E-009  -1.2441228353216117E-009  -3.1110518760786087E-011  -1.6759563123704208E-010  -1.0496557912698652E-010   4.9067291156967836E-010
  0.18679144296617120       -2.9275638906531732E-010  -1.9370131982815657E-009  -5.1973014527338397E-009  -1.0605796673120702E-008   1.6801087757460349E-008   8.9600299244031897E-009   4.2528900137053416E-008  -3.0490251878308310E-008  -3.1923106668236046E-008  0.43296484403612001        1.2446754312240974E-009   1.9185438395451384E-009   3.5480866999060712E-009   4.7918025447695043E-010   2.5830393435845436E-010  -4.4522002502950786E-010  -3.6590095019904932E-010  -5.9691651030337385E-011  -2.7698677062055263E-010  -2.7516327515461543E-010   2.1336706125531900E-010   1.1086573378999252E-010   1.7281023048689411E-010  0.27686267804544085        7.6767585076138408E-010   9.8231798859649196E-010  -3.8094988410304329E-009   5.8975318829373871E-009   8.0041526072396790E-009   1.1130063595052475E-008  -7.5541071387570219E-009  -7.3205575340492912E-009 -0.30540357105430432       -1.0046441039343113E-009  -1.2027380142785040E-009   5.5785945007973869E-009  -8.3583149007230590E-009  -2.8208195661605024E-009  -2.4782982862247199E-008   1.8000168910245563E-008   1.9204402573050076E-008  -3.0179871039867807E-010   2.1525445520437583E-010   8.7002687547855656E-011  -1.0997102882132556E-010  -1.3847021570419216E-010   1.9605813131295881E-011  -1.5032731806386675E-010  -1.0437814038751595E-010   7.5142755832445403E-011   5.3034520569221251E-011   2.5958996572802310E-011   2.4973243063070288E-010  -2.8765707472803471E-010  -3.8704900820281593E-002  -1.3695986915673977E-010  -1.6117891749587882E-010   1.2722455154537491E-010
  -2.0702392041600185E-009  0.18679144688537874       -3.4075399292373046E-009   3.0517705268646794E-008   1.3630872685312103E-008   4.7129062827203427E-008  -3.0380847759335934E-008  -5.3659632469955969E-008   2.0696636388433424E-008   4.0028761699786798E-008   1.8790441185716298E-009  0.43296483858625751        5.4216960708103823E-009  -5.3222093523060810E-008   1.0311564870983085E-010  -6.5645099052951254E-010  -4.2943487384645599E-010  -5.1098627594161264E-010   9.8639016664860772E-010   3.7264266542752742E-010   1.1434534324699783E-009  -8.8330459072311283E-010  -8.7768098783117015E-010   9.7845794380850609E-010   7.6767585076138408E-010  0.27686267512605484        3.1694124652174201E-009   2.3745870817290680E-009   1.0644309155376278E-008  -7.5400322078257146E-009  -1.1291151399585891E-008   1.0909877829634785E-008   8.9165632491747321E-009  -9.7952986404670076E-010 -0.30540356739756225       -3.9619338180513588E-009  -8.9654797806104682E-009  -2.8453727547025617E-008   1.7954066364824983E-008   3.3524725443242983E-008  -9.7417568857357922E-009  -2.4559243447975916E-008   1.8382827963759349E-008   5.3805774301350391E-011  -2.6218395497449415E-010  -1.8621098560109684E-010  -2.3076695721657061E-010   4.6088931421719948E-010   1.5857874028005614E-010   4.9750600343565418E-010  -2.9890735080566672E-010  -4.0529055277005041E-010   3.6158652135766244E-010   1.4031453739674754E-008  -1.3366275419490851E-008  -1.3108444024950689E-010  -3.8704900327518658E-002  -5.3619345104948897E-010   5.2049983031082970E-009
