 1.3784512815814215E-003 -2.8081377144405680E-003  3.4967640835190959E-002  7.6178560822248186E-017  1.8440057419411855E-017  9.7141865759458256E-018 -2.7314527854729501E-017  8.4951781619053199E-018  8.4736853824462790E-018 -7.5126248357346738E-018  5.3810170829736688E-017  8.9783095551180679E-004 -1.8363882907523410E-003  2.2867139387997917E-002  5.1055892457665282E-016  1.6717929346938629E-016 -3.1874401846116508E-017 -6.5782257326869825E-018 -4.7449050286584352E-017 -3.9036738179252434E-016 -1.9422836801928324E-004  9.2385297743412435E-005 -1.1504024577668008E-003  1.6011275535955914E-015  6.8105421734035933E-016  3.1668020183828524E-016 -1.0423129330010201E-016 -1.8638520048231541E-016 -3.4198593681717112E-017 -1.0143903669180057E-015  1.9024124823618090E-006 -2.0465302770013894E-006  2.5483565920809668E-005  8.2489866028455642E-007  3.9217374995025290E-007 -3.3772528395731186E-006 -4.5514716944452526E-006  2.4799483334328074E-005  8.1529703405800669E-006 -3.7478772083681456E-005 -8.3129455889803939E-004  6.3246726081458992E-004 -7.8756335222085801E-003  7.4783369872435935E-016  2.1802427893914701E-018  3.7164019745394098E-018  7.7252962930813495E-018 -1.4671295035960613E-017 -5.3777656318374635E-018 -1.2713204024775921E-017  3.8818406486339731E-018  3.2017649348181351E-018  1.6956407555803880E-018  8.4623462815970002E-018 -5.1852091521961825E-017 -1.1862432932469673E-017 -2.7029939032014378E-017 -1.1903544004640625E-017 -3.9054698918116581E-017  1.3627529402117989E-015  5.0371620726349646E-016 -1.3921146385023334E-016 -8.9650231890268546E-017 -8.9918022600683822E-017 -1.3671732353188699E-015 -2.5753802497091490E-007  1.7074980056342269E-007 -2.1262812002555810E-006 -1.1193101242814044E-007 -5.3146166334924489E-008  4.5745453082572761E-007  3.8282675067049583E-007 -2.0860147456018546E-006 -6.8436578351715558E-007  3.1396600252478617E-006 -3.5934556316554970E-015 -4.5718512449503595E-004 -2.2682181224885614E-004  2.8244392637276601E-003 -1.1303280193851186E-015
-2.8081377144405680E-003  5.7231378084130922E-003 -7.1259945675668304E-002 -2.1889694678030275E-016  1.2168716071238276E-017 -8.0589629083741999E-018  6.8687404715122210E-017 -1.4770337038964806E-017 -1.0116554557620556E-017 -3.5003968765682360E-017  2.8421119395575733E-017 -1.8363931585657473E-003  3.7390465848808046E-003 -4.6600544715290876E-002 -5.8019443899218568E-018  3.5015812401015665E-017  3.0933793355126966E-016 -1.8927666134975368E-016  1.7766494148513294E-016 -2.9875662700455666E-017  9.2385597635015481E-005 -3.3716454210000387E-004  2.3443854558904240E-003 -7.5106528094226897E-016  6.9289606687807468E-016  9.6257603177793540E-017  7.1072750457479911E-016 -1.2944001209453475E-017  2.3940738304137055E-016  3.6110399608752873E-016 -4.5888158321543369E-006  4.0042835050026009E-006 -5.1807079388929608E-005 -1.9965786615047754E-006 -9.1125017914354516E-007  8.1531211442099655E-006  8.9345710305811130E-006 -5.0663868160140246E-005 -1.5991268408740048E-005  7.6377334813245099E-005  6.3246822781682038E-004 -1.8098326525646327E-003  1.6049617403319016E-002  1.5012310128693813E-015 -5.2810648402538699E-018 -7.3003990027939487E-018 -1.5034460077858983E-017  3.0169021973643749E-017  9.9498222146393511E-018  2.1513990750922788E-017 -7.7828455898045634E-018 -6.3456353622536554E-018 -4.6679315683757374E-018 -1.7159190801006271E-017  1.0298910910668184E-016  2.5335464975963678E-017  5.3510244012552962E-017  2.4349191117848941E-017  8.0628222704095674E-017  4.8203420744432229E-016  1.3231236759840013E-016  1.0633051713259606E-015 -4.1522119458394239E-016  4.4763356197791537E-016  1.3108656364913541E-016  3.8594281430937404E-007 -3.8041248250965211E-007  4.3575831836388671E-006  1.6654484373743938E-007  8.6446168435493419E-008 -6.8434146467283354E-007 -8.4664165232726312E-007  4.2265823112545955E-006  1.5163014550348798E-006 -6.3982591918614207E-006 -4.8578988559843814E-016 -2.2682215964882577E-004 -1.0625191005136833E-004 -5.7558760260028891E-003  1.5081416936702688E-015
 3.4967640835190959E-002 -7.1259945675668304E-002  8.8734734401346038E-001  2.6836120468335004E-015 -6.8999976059604172E-017  1.0951504492048376E-016 -6.2549208233057265E-016  9.8832007991803946E-017  2.4161237869338805E-016  4.5336061077870563E-016 -1.8904062550008880E-016  2.2867231943078634E-002 -4.6600609804928708E-002  5.8027846825658258E-001  1.9608337610803198E-015 -1.2728988666172955E-016  2.0145606441246255E-016  3.8787741658857809E-016 -4.7507592386417318E-016  4.9240785838429142E-016 -1.1504081227972983E-003  2.3443893904392297E-003 -2.9341776741962748E-002  1.8466275627373856E-014 -4.9457059622911743E-015 -6.3149689812400266E-016 -5.8505102657227169E-016 -3.8982567891309145E-015  5.9415095205607112E-016 -4.3407085762893834E-015  5.7141096811822780E-005 -5.1807784438697227E-005  6.4495861341136982E-004  2.4800350547597724E-005  1.1786774897298695E-005 -1.0146317662251291E-004 -1.1549918923643536E-004  6.2916493938198266E-004  2.0676620751863294E-004 -9.4967562526475282E-004 -7.8756519973717885E-003  1.6049630514660216E-002 -2.0037483969287134E-001 -7.5548035776731630E-015  5.1244173995116730E-017  9.1247129888438517E-017  2.0019631999666332E-016 -3.8218943723896327E-016 -1.3405643597241982E-016 -2.8743648187531065E-016  9.7222177636755726E-017  8.0722881871631534E-017  5.3339285049688420E-017  2.0361709467713979E-016 -1.3056795376360075E-015 -3.0564845729630362E-016 -6.7380230931031311E-016 -3.0099659145327194E-016 -1.0198191610782074E-015 -1.1511021686769877E-016 -7.4221860300082838E-016 -3.1247507141688254E-016 -1.0292251722290737E-015  9.0314872694626966E-018 -1.2459925673938070E-015 -4.8058566773921689E-006  4.3574556197141024E-006 -5.4292210309646340E-005 -2.0858665881683014E-006 -9.9067252925428403E-007  8.5335999206634797E-006  9.7146995202811593E-006 -5.2964928413933802E-005 -1.7391092727018843E-005  7.9944751081447666E-005 -5.7926362877000635E-015  2.8244459003861351E-003 -5.7558807350709847E-003  7.1105138518657768E-002  2.6872562113434657E-015
 7.6178560822248186E-017 -2.1889694678030275E-016  2.6836120468335004E-015  2.8044174855161314E-004 -1.3549537176022012E-004 -1.4804555756630700E-006  1.8434926511947181E-005 -1.3351172886587947E-004 -3.7568039001938659E-005  2.6900710062475466E-004 -5.2599017372106493E-004  1.3611299124057278E-016 -1.6454401064449201E-016  1.7755934740321040E-015 -2.1950593993058779E-003 -2.3982614693764505E-005  2.9865267460281626E-004 -2.1629233820445438E-003 -6.0861313957385295E-004  4.3579827813489489E-003  3.3531400327221202E-015 -1.3269011333933961E-015  1.2720511557331458E-015 -3.8705305636537748E-003 -4.4990273781149474E-003 -4.9155023682076861E-005  6.1212348446260502E-004 -4.4331608619612092E-003 -1.2474230672121051E-003  8.9321882400676626E-003 -6.8554497923307582E-018 -2.8857667451783898E-018  2.0336469470853058E-017 -6.2535280006396423E-018  6.0308737340259019E-018 -2.2493308173555626E-017  1.1460703554629068E-017  1.4519066662069202E-017  1.0212591945155094E-017  3.6236567164787688E-018  1.0732783545931495E-014 -4.3324638743630535E-015  3.8888354349503431E-015 -5.0081156120523676E-003 -4.7562233521857097E-006 -1.1422836031429313E-007  1.4224099218657139E-006 -2.7171619620003302E-006 -1.2869801586526596E-006  1.1072039649617687E-005 -1.1292931296627119E-007  6.0982455374709650E-007  3.0476399942146579E-007 -1.8769463073591040E-006 -4.5237584784686398E-006 -2.8657162852857898E-006  1.0663687172676867E-005  3.8249746588089893E-006 -1.2373606812102734E-005 -7.0411404315958359E-003 -7.6929347251133550E-005  9.5799548433824367E-004 -6.9380569366476351E-003 -1.9522622502536034E-003  1.3979197368245461E-002 -8.1268358023212100E-018  1.3908037401918011E-017  4.2770209213903114E-018 -2.1012156879101333E-018 -1.1905667669067066E-018 -5.5097617133743618E-018  2.1625343945066391E-017  7.2070239905726785E-018  1.2456361416192798E-017  1.1406445854613405E-017  2.2559526536140395E-003 -1.1427704064667712E-014  1.8109504881027582E-015 -5.1817920007989968E-015 -1.3619788448583555E-004
 1.8440057419411855E-017  1.2168716071238276E-017 -6.8999976059604172E-017 -1.3549537176022012E-004  1.7470375319583322E-004 -2.2790325884293472E-007  2.8385619167602829E-006 -2.3757386862410531E-005  1.1870710018924261E-005 -1.5094636633268852E-004  2.2777693848532229E-004 -1.4630451057971912E-017 -4.8497882116460991E-019 -6.5761014540310361E-017  3.6951899409222578E-003 -2.4670206984729126E-006  3.0726747805401929E-005 -1.2557867982426261E-003  1.1046864495203437E-004 -2.4394031426789370E-003  8.3868428635310951E-016 -2.2408451458306720E-016 -5.1895420051050178E-016 -7.4880079002041333E-005  7.4619400872047202E-003 -5.1985332033589477E-006  6.4745544086040928E-005 -2.4679472407139885E-003  2.3575986707651924E-004 -4.9939928464873664E-003  8.2692169485054482E-018 -1.0123695944841000E-017 -1.9307403538295681E-017  4.7623154315605847E-018 -2.5638832858369933E-018  8.8956409393551623E-020 -2.5198872675474732E-017 -1.4571574795663725E-017 -1.2710958728155728E-017 -2.4751802579989855E-017  2.7438438056934645E-015 -8.9546477717792455E-016 -1.7366998793203733E-015 -1.9181523423389624E-004  5.5991905774912356E-006  6.0639239249816735E-008 -7.5508296469508436E-007  1.4962994021571091E-006  1.1972881306886588E-006 -1.1331950288944532E-005 -3.7168221852565409E-008  2.0778057329979544E-007 -3.1489674256469991E-008  6.0021246925481166E-007 -2.8779714270842980E-007  1.8817333850248068E-007 -9.9074914686527452E-007 -1.0805792214612213E-006  7.0150052456278505E-006  1.1655259891415450E-002 -8.1777605337148354E-006  1.0184990003037162E-004 -3.8315742094985512E-003  3.7259021631394821E-004 -7.8236856819204198E-003  1.8791616265916791E-018 -7.0615154363868712E-018 -3.1654977035181085E-018  1.7292506808375965E-018  1.0773609699804184E-018 -2.7950793922512821E-019 -1.1194227331455016E-017 -4.7435352264800262E-018 -4.4972960565504396E-018 -8.1011530488704256E-018  9.0175699993151682E-005 -2.3849270467975269E-015 -2.7451667645877636E-016  4.6319677121881320E-015 -2.7602325959317129E-005
 9.7141865759458256E-018 -8.0589629083741999E-018  1.0951504492048376E-016 -1.4804555756630700E-006 -2.2790325884293472E-007  1.3251106393977164E-004 -1.0193878231597043E-005 -2.2799174258395307E-007  5.0030932500692910E-006  4.5589500142930014E-007  2.4885388020450409E-006  1.9333347737038092E-017 -1.7787875100542857E-017  7.8333177758642546E-017 -2.4669185727048111E-006  3.3028527462767303E-003 -9.9904654106276248E-005 -2.4644849498082653E-006  4.8983662874628968E-005  4.9314035225334323E-006  1.2260730871656544E-015  7.7330991622571657E-017 -6.2276055358191276E-016 -8.1811659018610276E-007 -5.1982481952563258E-006  6.6245644682774189E-003 -2.1224289008145111E-004 -5.1936040976704491E-006  1.0407237233209487E-004  1.0391852292779757E-005  2.5064333429018149E-018  5.1748797191950013E-018  4.8551634134343519E-018  4.2999188201584125E-019  4.9923018544679970E-019 -4.4449035105955837E-018  7.9114486689818617E-018  5.8128475788252661E-018  4.9177799802045839E-018  1.1364354140447605E-017  4.0267597981888038E-015  2.7459817393546406E-016 -2.0015377377062132E-015 -2.0957431311347358E-006 -4.9986432711757829E-008  2.6025243888915378E-006 -6.5563345770662034E-007  5.8353278827152894E-008 -4.8781337626823251E-007  2.9453895116275214E-008  2.5150349164389084E-006  9.9232608037488552E-007 -6.8659262907612345E-006 -8.4002732818820101E-008 -4.9926364453100439E-008  3.1977411894044948E-007  2.9348378023852687E-008  4.3820504276367759E-008 -3.3474666564222602E-008 -8.1772950851839894E-006  1.0331854777616362E-002 -3.3487176696627981E-004 -8.1702937345185314E-006  1.6420796657767720E-004  1.6347588819678668E-005  1.4798092983611973E-018  2.0735398828261232E-018  7.7268972857462548E-019  1.2908250615613581E-018 -8.5987312704979465E-019 -3.7857002028790368E-019  2.4239925443436404E-018  1.2810253237065848E-018  1.3526053425704419E-018  3.8013122114275218E-018  9.8525988266393287E-007 -1.5384263708839566E-015 -6.3764566483629688E-016  1.4927688630968135E-015 -3.0158172968317813E-007
-2.7314527854729501E-017  6.8687404715122210E-017 -6.2549208233057265E-016  1.8434926511947181E-005  2.8385619167602829E-006 -1.0193878231597043E-005  2.5862750934524349E-004 -5.8242477747267686E-006 -4.1539208849723075E-007  2.9856858579666788E-006 -3.0992784786119449E-005 -1.4065530622552251E-017  1.0787267795985031E-017 -4.0148668459722359E-016  3.0726414289845936E-005 -9.9905387816589077E-005  4.5388528401083530E-003 -5.4242189950456541E-005 -3.2686474015160326E-006  2.3515775660577862E-005 -9.8179128111354540E-017  4.9522465870392869E-016  2.6134025172777447E-016  1.0188199072803319E-005  6.4744859495818744E-005 -2.1224429135598458E-004  9.2503945736363558E-003 -1.1575447354230913E-004 -7.0907978561273724E-006  5.1009614046481928E-005 -1.2073720350327663E-017 -8.7684370521513101E-018 -7.3725877490253837E-018 -6.2732920019791631E-018 -7.8124672255738747E-019 -5.2288990793308013E-018 -1.0181374424696352E-017 -4.7308799587245739E-018 -8.6156706213959043E-018 -1.2974987135167568E-017 -3.6490036547100736E-016  1.4850958516336000E-015  8.1140151814433927E-016  2.6098266355824664E-005  6.2245120740210931E-007 -6.5563217336715749E-007  1.0713951999531255E-005  1.1208647196653395E-007  8.3582311608447116E-008 -1.2054967936273141E-006 -6.5460523490077187E-007  4.7053620936593503E-006  1.7578679468987144E-006 -1.4221121832808939E-005 -2.2632881657356982E-007 -6.1664649454553098E-008  2.8548728352204736E-007 -6.3392735943761472E-010  5.2373845303331233E-007  1.0184882233228352E-004 -3.3487391664678481E-004  1.4474828265865972E-002 -1.8293147660184209E-004 -1.1271576881911579E-005  8.1082654269521055E-005 -4.3156867890790391E-018  1.4621532134782312E-018  2.5320032322530339E-019 -1.1026856166522926E-018 -7.3679142601899903E-019 -2.4288252657894471E-018  5.3903037743449418E-020  1.9736359701064823E-020  9.5327381780940785E-020  1.4726010694702196E-019 -1.2269049237565128E-005  1.0188600158358472E-015 -1.3533708376327743E-015 -2.0686175937261949E-015  3.7555168753887307E-006
 8.4951781619053199E-018 -1.4770337038964806E-017  9.8832007991803946E-017 -1.3351172886587947E-004 -2.3757386862410531E-005 -2.2799174258395307E-007 -5.8242477747267686E-006  1.7531469383641501E-004 -5.7858589469820745E-006 -1.5155730697334751E-004  2.2444199810609628E-004 -6.7272313517936957E-018  3.8158400627680936E-018  7.1576607430741652E-017 -1.2557867309117526E-003 -2.4645878936178835E-006 -5.4242543816486553E-005  3.7017985606370386E-003 -6.2542769883621601E-005 -2.4460118297243471E-003 -9.7781188879888735E-016  8.3185574700519173E-017  1.5479907529188360E-016 -7.3783795768735786E-005 -2.4679470742791959E-003 -5.1938695371073727E-006 -1.1575535867647084E-004  7.4758661682052712E-003 -1.3180155846929920E-004 -5.0079190939224501E-003  2.9237963277148529E-018  1.0859449465223183E-017  1.9700551919435740E-018 -3.5144539614107471E-019 -3.7038080093137759E-018  5.6278177276938390E-018  1.8505712469189465E-017  5.5970704694867853E-018  8.4591252886950313E-018  9.4229169304717415E-018 -3.2002368966473935E-015  4.1214419300703257E-016  5.5900087851411437E-016 -1.8900698447488976E-004 -2.9703299437034897E-007 -3.7266277081737419E-008 -9.3509524143217881E-008  1.5941832098923775E-006 -4.2330593306270486E-007 -1.0724090714398681E-006  6.0816484162742335E-008 -5.8896508001283187E-007 -3.1595918321839546E-008  5.3249817589816561E-007  5.5418357547090402E-006  1.5432747898365397E-006 -1.1329083460249694E-005 -1.2277611759729076E-006  7.0598601888024248E-006 -3.8315739431635182E-003 -8.1707221465069247E-006 -1.8293289169754763E-004  1.1677167175414276E-002 -2.0734295658574346E-004 -7.8455932322443050E-003  3.7035392256368106E-018 -7.6064548158549994E-018  4.6775859119287480E-019  1.2486491733061798E-018  2.0016742596812455E-018  2.1980075520197930E-018 -1.1876880196297133E-017 -1.2903615715877784E-018 -6.2239695853848889E-018 -1.0329060754722931E-018  8.8855518249486120E-005  1.4635823089693380E-015 -8.6349932822830780E-016 -4.7741206131072693E-016 -2.7198222301675463E-005
 8.4736853824462790E-018 -1.0116554557620556E-017  2.4161237869338805E-016 -3.7568039001938659E-005  1.1870710018924261E-005  5.0030932500692910E-006 -4.1539208849723075E-007 -5.7858589469820745E-006  2.5927016609589846E-004 -6.0848510719410892E-006  6.3155995610808519E-005  1.2935248472085321E-017 -1.2511617762441467E-017  1.5317853943356866E-016  1.1046803208121406E-004  4.8984070571253747E-005 -3.2686475827228617E-006 -6.2542173907783152E-005  4.5439097960110007E-003 -4.7925858173441041E-005  3.6233175912750987E-016 -1.0333602280327371E-016 -2.8614075116244582E-016 -2.0761793852813814E-005  2.3575852296267347E-004  1.0407306878385225E-004 -7.0908251098691704E-006 -1.3180034954373245E-004  9.2613649496150006E-003 -1.0395817341869664E-004 -3.9153940856974112E-018  1.8301727281228906E-018 -1.1205067352733320E-017  1.8862672315862816E-018  2.3716819334203482E-019 -3.5848783176801630E-018 -6.5588457992689670E-018 -9.7189095706380405E-018 -4.9308721410004247E-019 -1.2608534139928367E-017  1.1512071092905503E-015 -4.1324432750267685E-016 -1.0525573969041430E-015 -5.3183984115129363E-005  4.6713631959009850E-007  3.2478712869263281E-007 -6.1742860064408088E-008 -2.3495437724441116E-007  4.8341001933306768E-006 -5.8562668578437927E-007  3.1977235590891000E-007  8.3686415736499008E-008 -8.6476729385471099E-007 -6.3331140451442069E-010 -1.2669363018266355E-006  1.0617017259090429E-005  2.4604801901594208E-006 -1.4220142806813417E-005 -1.0673073084514645E-006  3.7258810491303689E-004  1.6420900789022343E-004 -1.1271625350242924E-005 -2.0734107152540842E-004  1.4492266869226533E-002 -1.6524703338773690E-004  1.4704046367710014E-018 -2.4553146727985906E-018 -6.5122311327530116E-018  2.1944828336571227E-019 -4.2962022985803241E-019  3.5367894188640018E-019 -5.0481011791945945E-018 -8.3163625819142476E-018 -1.2377933041338645E-018 -1.5663842238661216E-017  2.5002590940396388E-005 -1.2229897200985790E-015 -2.1885890183058669E-015  1.0553821030518272E-015 -7.6531815385485398E-006
-7.5126248357346738E-018 -3.5003968765682360E-017  4.5336061077870563E-016  2.6900710062475466E-004 -1.5094636633268852E-004  4.5589500142930014E-007  2.9856858579666788E-006 -1.5155730697334751E-004 -6.0848510719410892E-006  3.0250367330464492E-004 -4.5221893658899473E-004  2.9317918100998587E-017 -3.5702406893810583E-017  3.0666567684323543E-016 -2.4394032099982420E-003  4.9316085921974817E-006  2.3515796011205729E-005 -2.4460117623841386E-003 -4.7925875068684383E-005  4.8854149723807465E-003 -1.2744328323975834E-016 -1.2840001208649676E-016 -2.3305259880918087E-017  1.4866387478173416E-004 -4.9939930129004485E-003  1.0392402740677089E-005  5.1009814590660847E-005 -5.0079189274701910E-003 -1.0395830860773802E-004  1.0001911940363650E-002 -1.1842744985009576E-017 -9.9943612917901813E-019  1.6673167523775650E-017 -4.7041694335277423E-018  6.2046301932540191E-018 -4.5517681779101384E-018  6.1388796284685758E-018  7.9727947395875725E-018  5.2591614788705348E-018  1.6570567048778194E-017 -4.3586253761719163E-016 -4.8200394912400203E-016 -1.3989280191293581E-016  3.8082221872300852E-004 -5.3021575830952283E-006 -2.3372962167910122E-008  8.4859248883473792E-007 -3.0904826120352064E-006 -7.7398219762262875E-007  1.2404359360325048E-005 -2.3648262310049659E-008  3.8118450671169632E-007  6.3085592577912066E-008 -1.1327106451484135E-006 -5.2540386119774222E-006 -1.7314481283325339E-006  1.2319832607059956E-005  2.3083403974251651E-006 -1.4074865434365171E-005 -7.8236859482126823E-003  1.6348482680548972E-005  8.1082991667535097E-005 -7.8455929658826900E-003 -1.6524725972900858E-004  1.5669278914092442E-002 -5.7012123255739285E-018  1.4617830605678313E-017  2.5153968548549102E-018 -3.0316043896132774E-018 -3.0889728940131839E-018 -1.7057952508886616E-018  2.2965616011401026E-017  5.7868495947839778E-018  1.0912937009247533E-017  9.4541071319394463E-018 -1.7903121823839194E-004  1.0886345356169280E-015 -6.9095732671745114E-016 -2.4762864394341723E-015  5.4800548266367477E-005
 5.3810170829736688E-017  2.8421119395575733E-017 -1.8904062550008880E-016 -5.2599017372106493E-004  2.2777693848532229E-004  2.4885388020450409E-006 -3.0992784786119449E-005  2.2444199810609628E-004  6.3155995610808519E-005 -4.5221893658899473E-004  1.0589246821286389E-003 -1.2253281705017216E-016  4.1029719316960520E-017 -1.4106743707641050E-016  3.7064034617862772E-003  4.0488023519416648E-005 -5.0432384871049955E-004  3.6521340059886059E-003  1.0276831926365228E-003 -7.3585374677723634E-003 -5.3612982107457064E-015  2.0432626314860458E-015 -8.1970756990860209E-016  1.2658363774644167E-002  7.6038141924277287E-003  8.3062868542200033E-005 -1.0346377508338870E-003  7.4924787667647909E-003  2.1083274796443456E-003 -1.5096292959174969E-002  2.0497890742916831E-017  3.9144067655616525E-018 -2.8043599316453068E-017  1.8820076758722440E-017 -8.4531437813232105E-018  4.1485084916811728E-017 -3.7280996694573125E-017 -1.9298514961955873E-017 -1.4179287271206276E-017 -1.0736339524841318E-017 -1.7140593949448718E-014  6.7414758368622971E-015 -2.6598419490089760E-015  1.6579203755191858E-002  8.0336113896767524E-006  1.9294170165241639E-007 -2.4026570259950716E-006  4.5894832935007152E-006  2.1738363417124410E-006 -1.8701486783994098E-005  1.9074776192208860E-007 -1.0300855423443362E-006 -5.1477343365056218E-007  3.1704374577482350E-006  7.6409502410047667E-006  4.8404701966786457E-006 -1.8011730305476257E-005 -6.4607521407639370E-006  2.0899918222123036E-005  1.1888967864736616E-002  1.2987324605144264E-004 -1.6177114293530349E-003  1.1714889023856220E-002  3.2964823295347739E-003 -2.3603856888602885E-002  1.9182817739633691E-017 -2.5663164272194742E-017 -7.5698240414651348E-018  3.6362798373040444E-018  6.8556244892183835E-019  1.1008196565376443E-017 -3.7483519188214731E-017 -1.2897899982682740E-017 -2.3128801524167276E-017 -2.3215208578679667E-017 -8.9116565158601641E-003  1.6342820914202374E-014  1.6740594204313319E-015  3.3509530210588237E-015  1.3060472459009858E-003
 8.9783095551180679E-004 -1.8363931585657473E-003  2.2867231943078634E-002  1.3611299124057278E-016 -1.4630451057971912E-017  1.9333347737038092E-017 -1.4065530622552251E-017 -6.7272313517936957E-018  1.2935248472085321E-017  2.9317918100998587E-017 -1.2253281705017216E-016  6.2788600351302161E-004 -1.2008647140531637E-003  1.4953450076258042E-002 -5.2563911944572223E-016 -1.1827377455970839E-016  7.0381907482995510E-017  2.6493894554341553E-016  2.5833482993603874E-017  3.1198931092795798E-016  2.2167031220645442E-003  6.2114968737080037E-005 -7.7347270987035606E-004 -7.5426829222338853E-017 -1.2122916517339543E-015 -1.7512160723499333E-016  8.7909672757355361E-017  3.8994126857839322E-016  1.0817355398362407E-016  5.3810774377351268E-016  6.6843483861844673E-006 -1.2717624108296214E-006  1.5836093904421703E-005  2.9130529607187893E-006  1.3807495030978923E-006 -1.1881047387881656E-005 -2.9993951535569806E-006  1.6346843878693990E-005  5.2958732834742564E-006 -2.3987745533025471E-005  7.2986095215436635E-003  4.1889739494787919E-004 -5.2162207274537038E-003 -8.8691534950353756E-016  7.4629191121276773E-018  1.5547474369314159E-018  7.0158432052305660E-018 -6.6687295489503045E-018 -3.0176028506604236E-018 -4.3138609265222170E-018  3.2486205877690270E-018  2.2503558684796022E-018  2.0636412773261886E-018  3.6730182955292577E-018 -2.7811509798859077E-017 -6.9950170814956728E-018 -1.6494408145751574E-017 -8.1880371438502039E-018 -2.0098090843099990E-017 -1.7431695442502975E-015 -2.9522027834887369E-016  1.6701522905971914E-016  7.1934081015327648E-016  1.4033567752575581E-016  9.6162383484183155E-016  7.7567666167344856E-007  1.2313653794336374E-007 -1.5333804132024051E-006  3.3871479929820593E-007  1.6035579859680731E-007 -1.3793942461040702E-006  2.4619806577482269E-007 -1.3408151439515370E-006 -4.5344590460375936E-007  2.1422988820246323E-006  1.6737297573380594E-015 -1.1094271726426184E-003 -1.5056307311712947E-004  1.8748516673949196E-003  7.2526471778123652E-016
-1.8363882907523410E-003  3.7390465848808046E-003 -4.6600609804928708E-002 -1.6454401064449201E-016 -4.8497882116460991E-019 -1.7787875100542857E-017  1.0787267795985031E-017  3.8158400627680936E-018 -1.2511617762441467E-017 -3.5702406893810583E-017  4.1029719316960520E-017 -1.2008647140531637E-003  2.4858283962253709E-003 -3.0473294488862872E-002 -1.2004947835150676E-016 -3.3844398764472906E-016 -5.2718814195220969E-016  1.1558989253066484E-016  1.1434066773592002E-016 -1.6412038128985880E-016  6.2114999995173820E-005  2.1206002946425320E-003  1.5762410788953188E-003 -1.8550043433900130E-015  2.7633863151766486E-016 -6.3595087890282528E-016 -1.0097179111807320E-015  5.3592429302569893E-016  1.3973962302451105E-016 -1.5175303611181030E-017 -3.0237154387678644E-006  5.0674298936486399E-006 -3.4139320070533784E-005 -1.2392184103250038E-006 -1.1458043291076007E-006  5.2959583700891080E-006  1.1185702209478450E-005 -3.1445556234496479E-005 -2.0074624205691301E-005  4.8884080571564396E-005  4.1889691265285388E-004  6.6505023308803387E-003  1.0630012834248616E-002 -5.5411781505420817E-016  7.5896534966641115E-018 -5.5607384284978005E-018 -1.3364508856488418E-017  2.3831781278703206E-017  1.0369621065930497E-017  2.0833051732026877E-017 -6.0159013095763505E-018 -3.7002550808702828E-018 -8.0001281805471821E-019 -1.0654457847797068E-017  7.7259838140712582E-017  1.2847574004132025E-017  4.0841905190177383E-017  1.1976903926941999E-017  5.9739844137455716E-017 -2.6102882858539100E-017 -1.0132910097296950E-015 -1.6141223372919382E-015  5.1020407728450839E-016  2.6897973881877736E-016 -3.6625886050240378E-016  2.4824922260538763E-007  1.7631282507185020E-007  2.8025833108516187E-006  1.2036741644793663E-007 -3.8926758487939183E-008 -4.5342869872530017E-007  3.7380619057911207E-007  3.0546655481659368E-006 -6.7782645687828829E-007 -4.3657355364010046E-006 -8.4626722037175026E-016 -1.5056289923455100E-004 -8.7647979816115880E-004 -3.8207155663542388E-003 -1.1138681351709809E-015
 2.2867139387997917E-002 -4.6600544715290876E-002  5.8027846825658258E-001  1.7755934740321040E-015 -6.5761014540310361E-017  7.8333177758642546E-017 -4.0148668459722359E-016  7.1576607430741652E-017  1.5317853943356866E-016  3.0666567684323543E-016 -1.4106743707641050E-016  1.4953450076258042E-002 -3.0473294488862872E-002  3.7949925174478266E-001  8.8413535894809604E-016  2.7851532675079088E-016  2.6169915477394249E-016  4.3233389883481828E-016 -3.2437960031891766E-016  5.3579078666517476E-016 -7.7347328193033975E-004  1.5762414514808192E-003 -1.7380534037376397E-002  1.1883830966314725E-014 -4.0000518452867159E-015  2.9061074778013207E-016 -1.1844759231320032E-016 -2.1740978030376359E-015  3.4368277520967646E-016 -2.3803494055012906E-015  3.7652003968515930E-005 -3.4139735415050051E-005  4.2743665888924981E-004  1.6347348030691141E-005  7.7227800990020938E-006 -6.6862812252779601E-005 -7.6113016314205813E-005  4.1708853071518136E-004  1.3625606248085907E-004 -6.2947191089241092E-004 -5.2162116232459428E-003  1.0630006519799512E-002 -1.2486323237509199E-001 -4.7036422512824106E-015  3.6169958805773747E-017  5.9697172757412172E-017  1.3222236015810927E-016 -2.4534555553788949E-016 -8.8240962267030828E-017 -1.8324011299315114E-016  6.3488684875515271E-017  5.1185601282817337E-017  3.3797738281213641E-017  1.3299863801243864E-016 -8.4678447452955462E-016 -1.9817240250568656E-016 -4.3654037370973242E-016 -1.9473188490052365E-016 -6.6176808960045640E-016 -1.3012313045879367E-015  6.1991383691813013E-016  2.0642773451613490E-016 -1.1359531926071601E-016 -5.8625514157467313E-017 -1.2549751860515333E-016 -3.0912663433265773E-006  2.8024950456751128E-006 -3.4497022216711867E-005 -1.3407118872211063E-006 -6.4483659745682693E-007  5.4880808953715517E-006  6.2475503430374550E-006 -3.3633083508887178E-005 -1.1184463403128412E-005  5.0781182569317703E-005  2.5587806579323885E-015  1.8748483851934777E-003 -3.8207132900309384E-003  4.6393129596549551E-002 -3.2446984070076458E-015
 5.1055892457665282E-016 -5.8019443899218568E-018  1.9608337610803198E-015 -2.1950593993058779E-003  3.6951899409222578E-003 -2.4669185727048111E-006  3.0726414289845936E-005 -1.2557867309117526E-003  1.1046803208121406E-004 -2.4394032099982420E-003  3.7064034617862772E-003 -5.2563911944572223E-016 -1.2004947835150676E-016  8.8413535894809604E-016  8.1567175686513810E-002  5.3496704468984982E-006 -6.6592253939451798E-005 -4.2097898861760297E-002 -2.4533847906104030E-004 -3.9469276824743313E-002 -1.7527124057189039E-015  8.1862471253718367E-016  9.9789594065730558E-016  9.6469241862377132E-006  1.6440821292672736E-001  5.5557162650012731E-006 -6.9161214396845638E-005 -8.3607895404222796E-002 -2.6203962076224926E-004 -8.0800317522450732E-002  1.1302665295055053E-016 -2.5230588882173260E-016 -3.5120049657260548E-016  7.9275277533566491E-017 -4.8394702301533646E-017  7.1925474373620806E-017 -5.8894584523361188E-016 -2.7600997407547053E-016 -3.1171255094616364E-016 -6.0588901397851264E-016 -5.5375317780919635E-015 -8.2074965328631095E-016 -1.2027686139344728E-016 -1.4828744104206663E-003  1.1623029358222597E-004  1.3918397228663773E-006 -1.7331345420049426E-005  2.3935246634072188E-005  2.3523729079731861E-005 -2.2810772019854302E-004 -1.0528520154815592E-006  5.8622230119627005E-006 -4.5479973478871172E-007  1.2961902368593066E-005 -2.9472709488960832E-005 -9.4284078407485085E-006  2.7837108189116280E-005 -8.1051445946006000E-006  1.1400906117215756E-004  2.5669186097027169E-001  7.1380580298034679E-006 -8.8862655061514029E-005 -1.3011460930006796E-001 -3.3015179625338689E-004 -1.2657725167030587E-001  1.5080223606785319E-017 -1.1056204450453122E-016 -5.7550379770659115E-017  2.6649273236253365E-017  1.1571843421102602E-017  5.9136946350520829E-020 -1.7356108058198544E-016 -8.2014256079416149E-017 -6.8037266516412038E-017 -1.6157303361786661E-016  3.3753160532711826E-004  3.5399271621729004E-015 -2.4946482272486010E-015 -3.6377102268684278E-015 -1.6107271292705819E-004
 1.6717929346938629E-016  3.5015812401015665E-017 -1.2728988666172955E-016 -2.3982614693764505E-005 -2.4670206984729126E-006  3.3028527462767303E-003 -9.9905387816589077E-005 -2.4645878936178835E-006  4.8984070571253747E-005  4.9316085921974817E-006  4.0488023519416648E-005 -1.1827377455970839E-016 -3.3844398764472906E-016  2.7851532675079088E-016  5.3496704468984982E-006  8.2438608042554068E-002  2.1994840193931449E-004  5.3431913510770118E-006 -1.0785522943009083E-004 -1.0692861797433409E-005 -1.6426098188583046E-015 -6.3084295794076111E-016  7.8094736554067201E-017  1.0634435628572339E-007  5.5563513332457931E-006  1.6533911193415354E-001  2.3262611322456481E-004  5.5510107750435245E-006 -1.1409313521194148E-004 -1.1107362111791724E-005 -1.4731228626225205E-017  1.1728769823920980E-016  1.7641925292922171E-016 -2.4727890005525251E-017 -2.7062432550737792E-018  1.4548707890518802E-017  1.8178205076323128E-016  1.8599631244486539E-016  1.3928113398146593E-016  2.0637549367494041E-016 -6.2550671798765241E-015 -1.3939314966443513E-015  2.2542209850556021E-015 -1.6199475817941741E-005 -8.3730972392668901E-007  6.4530431534010166E-005 -9.9790892125309551E-006  1.6961784382383372E-006 -1.3527241461714218E-005 -2.2534332225046300E-007  6.2346832312526790E-005  2.7568693859380953E-005 -1.7022371204100111E-004 -1.0569401960985865E-005 -8.3736850580597749E-007  4.8987651074218607E-006 -2.2524006433654529E-007  5.1838453779898258E-006  2.5650587607377036E-007  7.1390973216452908E-006  2.5786460786431276E-001  2.9510959327697789E-004  7.1310452328457452E-006 -1.4471991541299342E-004 -1.4270142555020127E-005  2.2099467054725676E-017  5.1882535951423417E-017  3.1124020298551446E-017  2.6355142132873639E-017 -2.4136424212316879E-017  1.0491419948924895E-017  5.9436880507462491E-017  4.1476360648957299E-017  3.7374346879056401E-017  8.6601297627393744E-017  3.6873332949273225E-006  3.3517389053217232E-015 -1.6650803849459123E-015 -1.2689316083296093E-015 -1.7596304894287334E-006
-3.1874401846116508E-017  3.0933793355126966E-016  2.0145606441246255E-016  2.9865267460281626E-004  3.0726747805401929E-005 -9.9904654106276248E-005  4.5388528401083530E-003 -5.4242543816486553E-005 -3.2686475827228617E-006  2.3515796011205729E-005 -5.0432384871049955E-004  7.0381907482995510E-017 -5.2718814195220969E-016  2.6169915477394249E-016 -6.6592253939451798E-005  2.1994840193931449E-004  7.9717353992613815E-002  1.2045237853620851E-004  7.4854273625322987E-006 -5.3860124597123610E-005  1.0699390334190908E-015  2.0534143460673360E-016 -5.3910641121541895E-018 -1.3066286184082535E-006 -6.9161752687531969E-005  2.3262512773054508E-004  1.6246101476150054E-001  1.2863438690399742E-004  8.2672598261598895E-006 -5.9472634216073406E-005 -2.0530481961400755E-016 -1.5629555860298567E-016 -1.2805565524276201E-016 -1.0851900206718579E-016 -1.1052892309217628E-017 -1.0289443978159308E-016 -1.8669539090530284E-016 -8.6647108281991656E-017 -1.1015376189308445E-016 -2.0788279904309706E-016  2.1572638310491562E-015 -1.3081045391957368E-015 -1.1661385902503867E-015  2.0176740763207875E-004  1.0426283347115222E-005 -9.9790861292574521E-006  1.8799110719994739E-004  2.3152156918826597E-006  1.0408323979428310E-006 -2.0630234913678906E-005 -9.9801561630380835E-006  8.3144116549958841E-005  2.6778133526793528E-005 -2.4996307270958327E-004 -2.5320066707531177E-006 -3.5548932512301666E-007  2.1325581986920343E-006 -4.2030133969834638E-007  1.0530265699395356E-005 -8.8863606165487385E-005  2.9510788045931588E-004  2.5421346111331716E-001  1.6208809543873104E-004  1.0177418329485738E-005 -7.3224489271744853E-005 -7.3680974536334757E-017  2.4198063994214651E-017  3.1641433633522567E-018 -1.8202039604647065E-017 -1.2545600339349590E-017 -4.3347208917888319E-017 -2.7959398853490699E-018 -1.9687287169165553E-018  6.2653494760783791E-018  8.8404943730671455E-018 -4.5926400615730348E-005 -2.3413923562184721E-015  1.7164656977702482E-015  3.5258564546418007E-015  2.1916337915963764E-005
-6.5782257326869825E-018 -1.8927666134975368E-016  3.8787741658857809E-016 -2.1629233820445438E-003 -1.2557867982426261E-003 -2.4644849498082653E-006 -5.4242189950456541E-005  3.7017985606370386E-003 -6.2542173907783152E-005 -2.4460117623841386E-003  3.6521340059886059E-003  2.6493894554341553E-016  1.1558989253066484E-016  4.3233389883481828E-016 -4.2097898861760297E-002  5.3431913510770118E-006  1.2045237853620851E-004  8.1552851077341726E-002  1.3558809782381401E-004 -3.9454952215565227E-002  7.2415331011268961E-016 -1.4446020796798486E-015 -7.5483751774466601E-016  9.5066996669749513E-006 -8.3607895015754913E-002  5.5505173281213127E-006  1.2863218786773878E-004  1.6439333382056859E-001  1.4085396578132278E-004 -8.0785438804753418E-002  7.4932715566551541E-017  2.6341152093638780E-016  9.0891939629229167E-017 -3.9766271045685173E-018 -5.2133597143631219E-017  1.5241887695687771E-017  4.7520265977349932E-016  1.5240874408185798E-016  2.3988497416200879E-016  3.3190938174388418E-016  2.9108767811506908E-015 -9.9279273155783720E-016 -6.9101603726603042E-016 -1.4611628708733977E-003 -3.0505542265864604E-005 -1.0527516775349465E-006  4.6277861414468298E-006  2.6056984080281404E-005 -1.1946679910756547E-005  2.7529665595652243E-005  1.3916636885456384E-006 -1.1541794223592702E-005 -4.5469817634509924E-007  3.9749593472486610E-006  1.1450373518920831E-004  3.5314722975792509E-005 -2.2719655041069804E-004 -2.6410193514053936E-005  1.1366537435204124E-004 -1.3011460866549687E-001  7.1302347032370372E-006  1.6208450814285402E-004  2.5667274499919701E-001  1.8094532004713990E-004 -1.2655813633355339E-001  7.7320325638721849E-017 -1.2645291375464706E-016  1.6884065164855626E-017  2.1795985291151279E-017  3.7780104958035170E-017  2.9756944653687823E-017 -1.9780755872508279E-016 -1.2073274885854557E-017 -1.0673896579271057E-016  1.2564156455147577E-017  3.3258960440435967E-004 -1.7515362783281152E-015 -1.5068337243890105E-015  1.7530646848366820E-015 -1.5871436850391733E-004
-4.7449050286584352E-017  1.7766494148513294E-016 -4.7507592386417318E-016 -6.0861313957385295E-004  1.1046864495203437E-004  4.8983662874628968E-005 -3.2686474015160326E-006 -6.2542769883621601E-005  4.5439097960110007E-003 -4.7925875068684383E-005  1.0276831926365228E-003  2.5833482993603874E-017  1.1434066773592002E-016 -3.2437960031891766E-016 -2.4533847906104030E-004 -1.0785522943009083E-004  7.4854273625322987E-006  1.3558809782381401E-004  7.9705771449770535E-002  1.0975038123680128E-004 -3.8281785153376280E-016  1.9431520895444765E-016  9.2745172743807323E-016  2.6709864014273489E-006 -2.6204183356476167E-004 -1.1409311687023485E-004  8.2670238431541837E-006  1.4085513544767267E-004  1.6244822284817631E-001  1.2118669812033120E-004 -8.5918155297262484E-017  3.8967422737833148E-017 -1.7309373484612241E-016  2.5252726855442791E-017  1.7116492489190476E-018 -3.8132019090010424E-017 -9.8795976381582044E-017 -1.4997811076454564E-016 -7.9640063441505095E-018 -2.3092219629915872E-016 -1.5697692431923759E-015  9.5289489186389066E-016  1.7182334410728363E-015 -4.1115706759686094E-004  5.1537185813196913E-006  4.8935878514946386E-006 -3.5540291105899933E-007 -4.7113820242339932E-006  8.4318134066742613E-005 -4.3417437864900718E-006  4.8987610942536255E-006  1.0407148544687158E-006 -1.3137814741207232E-005 -4.2030014235343457E-007 -2.1248987563470444E-005  1.8646577539566250E-004  4.2037781348662126E-005 -2.4931280190361753E-004 -2.1459413386634161E-005 -3.3015545738932471E-004 -1.4471981855264902E-004  1.0177041618892463E-005  1.8094732713326914E-004  2.5419771346541586E-001  1.4920813025666446E-004  2.3243805191917824E-017 -4.0763025201823437E-017 -1.0967760201739916E-016  1.9068091772730475E-018 -8.1876767863867348E-018  1.0237163647683255E-017 -8.4187592174617133E-017 -1.4088640385022270E-016 -2.2389093575359423E-017 -2.7688009457969240E-016  9.3587588945008346E-005  1.0395762289141285E-015  1.1850645371838117E-015 -1.1736788214476700E-015 -4.4660663439450840E-005
-3.9036738179252434E-016 -2.9875662700455666E-017  4.9240785838429142E-016  4.3579827813489489E-003 -2.4394031426789370E-003  4.9314035225334323E-006  2.3515775660577862E-005 -2.4460118297243471E-003 -4.7925858173441041E-005  4.8854149723807465E-003 -7.3585374677723634E-003  3.1198931092795798E-016 -1.6412038128985880E-016  5.3579078666517476E-016 -3.9469276824743313E-002 -1.0692861797433409E-005 -5.3860124597123610E-005 -3.9454952215565227E-002  1.0975038123680128E-004  7.8924229040282137E-002 -3.0756149882635758E-016 -1.4300360135028098E-016 -1.0156639993076790E-015 -1.9153623850316550E-005 -8.0800317910951436E-002 -1.1106233592041853E-005 -5.9470973471684174E-005 -8.0785438416312721E-002  1.2118565498009035E-004  1.6158575632715008E-001 -1.9097577576272882E-016 -1.2024933144555919E-017  2.6084649976237372E-016 -7.6642291872084499E-017  1.0010164440045622E-016 -8.1776785636115020E-017  1.1183095602278088E-016  1.2290489755218349E-016  7.5312402821257203E-017  2.7409768888883615E-016 -1.8215320649365818E-015 -9.1246275592142083E-016 -2.0204936647571886E-015  2.9440372812964948E-003 -8.5724751316336315E-005 -3.3908804533092858E-007  1.2703559278597870E-005 -4.9992230714336794E-005 -1.1577049168972807E-005  2.0057805460282999E-004 -3.3881167306346853E-007  5.6795712116274478E-006  9.0949791113232188E-007 -1.6936861715835110E-005 -8.5031025700215427E-005 -2.5886315135035135E-005  1.9935944222150868E-004  3.4515338108643795E-005 -2.2767443552412260E-004 -1.2657725230474182E-001 -1.4268292731350884E-005 -7.3221853082575117E-005 -1.2655813569907737E-001  1.4920647620492861E-004  2.5313538800377455E-001 -9.2955790589753699E-017  2.3686850055443246E-016  4.0278151881201228E-017 -4.8693005049180427E-017 -4.9426792680552778E-017 -2.8823400644170242E-017  3.7106683706226750E-016  9.3478360350202391E-017  1.7532760021478757E-016  1.4975224554382908E-016 -6.7012120974301785E-004 -3.1283884548192088E-016 -7.2118247268823500E-016  5.6028761169923297E-015  3.1978708143766106E-004
