   1.0023952786496881E-003  -6.3304287528382437E-016   3.1723638694350141E-018  -7.6780749082950313E-018  -7.2311854122320651E-016   1.2238616760176621E-017  -6.4392248128198867E-016   1.0955591931927137E-002  -1.7877240231749302E-017   1.4974344344691508E-017   1.5502035774211329E-017   2.8906071896780832E-002  -5.8435795998741003E-018   4.2634038646814161E-018   4.6112279516444196E-018  -3.3278721360997457E-016  -8.7167810953552996E-018   3.6110509938343156E-018  -3.4500781525274542E-016  -3.4806936119047662E-018  -3.5933234735143139E-016  -8.4581905147306565E-003  -1.7980364188188867E-017  -3.6268361423131581E-018  -6.0721527067499154E-018  -1.6437988977504009E-002
  -6.3304287528382437E-016   5.4995598258414121E-028  -4.8539205803596786E-030   2.6812763205246774E-030   6.1508649037596599E-028  -3.0125712167581971E-030   5.5199868530338628E-028  -1.0487420099878123E-014   5.4931158163304156E-018   5.2846946325550016E-020  -4.4131611138224585E-018  -2.5630592754763252E-014   4.1388222107688457E-018  -7.3160158016392020E-017   1.5468086086305179E-017   2.5092925588251314E-028   6.3695293709407489E-030  -9.6163905631120643E-031   2.6413481244978668E-028  -3.4818229342226199E-031   2.7400350713821848E-028  -1.1594274571172746E-014   6.0844451222380987E-017  -1.7948628509705482E-015   4.1207730102711487E-016  -4.0411889543790767E-017
   3.1723638694350141E-018  -4.8539205803596786E-030   2.9556699091200129E-031  -3.0678095074729359E-031  -6.1514391535571961E-030  -4.2412958523917666E-031  -5.2372908277006881E-030   1.1062306766732105E-016   9.7083814920975131E-019   1.8333107078400626E-018  -4.1722446364016892E-019   2.4488047069196848E-016   1.3177178219719093E-018  -1.5504480745067933E-017   4.4284595732549800E-018  -1.8084212703194577E-030  -8.9577887279497379E-032   2.6179656490695651E-031  -1.9504548657281182E-030   2.9349095016931636E-031  -2.0468851477627180E-030   5.8379967201296743E-016   2.5132616661268826E-017  -3.9386806944423234E-016   1.1171045236431525E-016  -2.0988222296746925E-016
  -7.6780749082950313E-018   2.6812763205246774E-030  -3.0678095074729359E-031   7.4664236609127212E-031   4.8568875571196084E-030   7.7577182856129543E-031   3.7592866570440174E-030  -5.0488586726737818E-017  -7.0004226603911013E-018  -8.1687445208492742E-018   4.4179847418333815E-018  -1.4900308217918878E-016   9.6564836357351781E-018   2.9751442392167640E-017  -2.4355900543391694E-017   2.1671681822841639E-030   2.3371541375066460E-031  -6.9322601160128054E-031   2.0861465325532586E-030  -7.5430511010961420E-031   2.1073027255361509E-030  -8.9907487723381141E-018   2.8868717301185514E-016   7.9022667738338469E-016  -6.3011323253405622E-016   5.7632101065459351E-016
  -7.2311854122320651E-016   6.1508649037596599E-028  -6.1514391535571961E-030   4.8568875571196084E-030   6.9489427346424996E-028  -1.4328648483835358E-030   6.2150364892058347E-028  -1.1744042750285176E-014   5.8422185220352342E-019  -1.0967009272501723E-017  -4.6514941459680140E-018  -2.8788458199181146E-014   1.0534506648441483E-017   5.7334513187464940E-017  -4.7601244245818031E-018   2.8399991750585626E-028   7.6217756120059798E-030  -3.0645652966320133E-030   2.9886873470064165E-028  -2.1537141968791369E-030   3.0938328889297738E-028  -1.2273728710509800E-014   2.5406452545750423E-016   1.4875030559821910E-015  -8.2315342626234446E-017   8.6654229125364124E-016
   1.2238616760176621E-017  -3.0125712167581971E-030  -4.2412958523917666E-031   7.7577182856129543E-031  -1.4328648483835358E-030   2.3118948248600300E-030  -2.1061181333136793E-030  -4.6958442339254619E-018  -1.4335254586798781E-017  -3.1751500242389743E-018   5.8064735471745891E-018   6.9482611439001503E-017   5.4866317017056108E-017   4.5296261166149496E-017  -1.8175653533947040E-017  -2.5971645644546451E-030   5.6854763327738985E-031  -1.2150738087304522E-030  -2.2625984048197335E-030  -1.7965067809289512E-030  -2.9195089212803946E-030  -9.5039467650636145E-016   1.4519025785658958E-015   1.1345358806141730E-015  -4.8880495291836742E-016  -3.1656857394083270E-016
  -6.4392248128198867E-016   5.5199868530338628E-028  -5.2372908277006881E-030   3.7592866570440174E-030   6.2150364892058347E-028  -2.1061181333136793E-030   5.5670413851553544E-028  -1.0540559671726012E-014   7.9841704096954321E-018  -2.3284456784811018E-019  -2.3222408521628043E-018  -2.5809828578260248E-014  -5.4411715922270959E-018   1.1372929321425344E-017  -1.1091058678976424E-017   2.5406099666323632E-028   6.5353722518816540E-030  -2.0127603886842211E-030   2.6713515071447434E-028  -1.3213683603100295E-030   2.7677036188778095E-028  -1.1090410484036100E-014  -1.9257798311232863E-016   2.8067913131289713E-016  -2.5484685863665628E-016   1.7836078415843812E-016
   1.0955591931927137E-002  -1.0487420099878123E-014   1.1062306766732105E-016  -5.0488586726737818E-017  -1.1744042750285176E-014  -4.6958442339254619E-018  -1.0540559671726012E-014  0.20556634049519512        5.9011357519908962E-018  -5.0770290286654825E-018  -5.0328459332869559E-018  0.49336563362221231       -5.9069666558260678E-018   2.2014979211138814E-019  -6.0458864063228299E-018  -4.6228181678265273E-015  -1.1934406649775694E-016   2.9174016084741356E-017  -4.8876699365688992E-015   4.6124827043973499E-017  -5.0539837068929438E-015  0.31121108526269409       -1.5213716157752303E-016   3.9436542779744578E-017  -9.2321763707112164E-017   7.6550964962621801E-002
  -1.7877240231749302E-017   5.4931158163304156E-018   9.7083814920975131E-019  -7.0004226603911013E-018   5.8422185220352342E-019  -1.4335254586798781E-017   7.9841704096954321E-018   5.9011357519908962E-018  0.23608791930508516        4.1926165949115433E-016   1.6622288294252616E-017  -7.5254114767891728E-018   6.8909832912165014E-002   1.8198466696393186E-016   2.0802699050647089E-018   5.4366062853939706E-018  -4.1454701783027815E-018   4.4729000677750959E-018   2.6743287560716393E-018   9.1368264117723180E-018   4.6134163617920864E-018  -1.1083311763674341E-018  -5.7840021042221704E-002   1.4420542521148174E-015  -6.6395702833324901E-016   3.8665564282413914E-018
   1.4974344344691508E-017   5.2846946325550016E-020   1.8333107078400626E-018  -8.1687445208492742E-018  -1.0967009272501723E-017  -3.1751500242389743E-018  -2.3284456784811018E-019  -5.0770290286654825E-018   4.1926165949115433E-016  0.23608791930508558       -2.6538683884585985E-016   1.8421039265591220E-018   1.2634210210021147E-016   6.8909832912165403E-002  -1.2746072822106898E-016  -2.2695653655316080E-018  -1.6423858397329301E-018   5.9147769133758557E-018  -2.6656463471839669E-018   5.9328583189467407E-018   8.8479666422552651E-019   2.6268288481984439E-018   2.4702445357250788E-017  -5.7840021042224452E-002  -2.7057115776626966E-016   1.7472640163960492E-018
   1.5502035774211329E-017  -4.4131611138224585E-018  -4.1722446364016892E-019   4.4179847418333815E-018  -4.6514941459680140E-018   5.8064735471745891E-018  -2.3222408521628043E-018  -5.0328459332869559E-018   1.6622288294252616E-017  -2.6538683884585985E-016  0.23608791930508669       -2.1620953275492516E-018   8.1727307330978604E-017  -1.4453837709885365E-016   6.8909832912165597E-002   2.9564556590632623E-018  -2.2458697341998838E-019  -1.3980062435952485E-018  -2.2495946111923050E-018  -5.3455292941724071E-018   5.3299912372760127E-020   9.7314658965197493E-018   1.3710448861080885E-015  -1.4392363499644996E-015  -5.7840021042223147E-002   1.5266579799689165E-017
   2.8906071896780832E-002  -2.5630592754763252E-014   2.4488047069196848E-016  -1.4900308217918878E-016  -2.8788458199181146E-014   6.9482611439001503E-017  -2.5809828578260248E-014  0.49336563362221231       -7.5254114767891728E-018   1.8421039265591220E-018  -2.1620953275492516E-018   1.2004975767888928        3.5306335866655411E-018  -2.1124298409682909E-019   8.3334966486087891E-019  -1.1638446332219645E-014  -3.0075629469583038E-016   8.1268519430583862E-017  -1.2262125659655470E-014   7.3163003146425626E-017  -1.2692258055387915E-014  0.58365313884612036        1.7603078774764435E-016  -1.0053489580658455E-017   4.9014042547187582E-017   6.6197472487533562E-002
  -5.8435795998741003E-018   4.1388222107688457E-018   1.3177178219719093E-018   9.6564836357351781E-018   1.0534506648441483E-017   5.4866317017056108E-017  -5.4411715922270959E-018  -5.9069666558260678E-018   6.8909832912165014E-002   1.2634210210021147E-016   8.1727307330978604E-017   3.5306335866655411E-018   2.3350902307369678E-002   8.4674425019144442E-017  -4.9314377303153573E-017  -6.1701757840264894E-018   2.7667758544067347E-017  -3.1186539227056565E-017   1.3562745991519568E-017  -4.5500251527138654E-017  -6.6500594337547533E-018  -1.6923561928718496E-017   6.2523390446101876E-002   4.5304855967748714E-016  -1.1141250230688413E-016  -2.6406495530604451E-017
   4.2634038646814161E-018  -7.3160158016392020E-017  -1.5504480745067933E-017   2.9751442392167640E-017   5.7334513187464940E-017   4.5296261166149496E-017   1.1372929321425344E-017   2.2014979211138814E-019   1.8198466696393186E-016   6.8909832912165403E-002  -1.4453837709885365E-016  -2.1124298409682909E-019   8.4674425019144442E-017   2.3350902307370112E-002   7.2265824681602452E-017   2.1205818690891872E-020   7.5027930693489781E-018  -3.7369970521647367E-017   7.5162616362140255E-018  -3.5092766583702648E-017  -9.4916315871096485E-018   6.4195274076206510E-018   7.9882547878290056E-016   6.2523390446103930E-002   3.2673590079545255E-017   8.8428857839765132E-018
   4.6112279516444196E-018   1.5468086086305179E-017   4.4284595732549800E-018  -2.4355900543391694E-017  -4.7601244245818031E-018  -1.8175653533947040E-017  -1.1091058678976424E-017  -6.0458864063228299E-018   2.0802699050647089E-018  -1.2746072822106898E-016   6.8909832912165597E-002   8.3334966486087891E-019  -4.9314377303153573E-017   7.2265824681602452E-017   2.3350902307370077E-002  -1.9510874854980943E-017   2.4756607181927987E-018   1.2589597431154500E-017   1.4085511418791618E-017   3.1003656357504522E-017   6.4168528466060431E-018  -7.6390277116628521E-018  -1.4920896176863919E-015   2.5925682341141772E-015   6.2523390446103735E-002  -1.2384672604283945E-017
  -3.3278721360997457E-016   2.5092925588251314E-028  -1.8084212703194577E-030   2.1671681822841639E-030   2.8399991750585626E-028  -2.5971645644546451E-030   2.5406099666323632E-028  -4.6228181678265273E-015   5.4366062853939706E-018  -2.2695653655316080E-018   2.9564556590632623E-018  -1.1638446332219645E-014  -6.1701757840264894E-018   2.1205818690891872E-020  -1.9510874854980943E-017   1.2212275617874643E-028   3.0708422745857287E-030  -1.0265035901755365E-030   1.2741270002700052E-028   1.1139545784832807E-031   1.3224866095177753E-028  -1.5369365939623246E-015  -1.9159612707708349E-016   1.7324619996868842E-017  -5.0045293346531434E-016   2.0739310738118401E-015
  -8.7167810953552996E-018   6.3695293709407489E-030  -8.9577887279497379E-032   2.3371541375066460E-031   7.6217756120059798E-030   5.6854763327738985E-031   6.5353722518816540E-030  -1.1934406649775694E-016  -4.1454701783027815E-018  -1.6423858397329301E-018  -2.2458697341998838E-019  -3.0075629469583038E-016   2.7667758544067347E-017   7.5027930693489781E-018   2.4756607181927987E-018   3.0708422745857287E-030   3.6337249124756526E-031  -4.1074983663751011E-031   3.4441042507010476E-030  -4.9023126974784058E-031   3.3469099006319717E-030  -6.6347475808912215E-017   7.0932867693750468E-016   1.9618910138359959E-016   6.2385882584005863E-017   1.1156681820364032E-016
   3.6110509938343156E-018  -9.6163905631120643E-031   2.6179656490695651E-031  -6.9322601160128054E-031  -3.0645652966320133E-030  -1.2150738087304522E-030  -2.0127603886842211E-030   2.9174016084741356E-017   4.4729000677750959E-018   5.9147769133758557E-018  -1.3980062435952485E-018   8.1268519430583862E-017  -3.1186539227056565E-017  -3.7369970521647367E-017   1.2589597431154500E-017  -1.0265035901755365E-030  -4.1074983663751011E-031   8.9023722894996893E-031  -1.2142399402056308E-030   1.0440984186129359E-030  -9.2127732659403307E-031   3.2015122989891100E-017  -7.9806167177133381E-016  -9.6040485839788986E-016   3.1914872977795148E-016  -2.5826363317378391E-016
  -3.4500781525274542E-016   2.6413481244978668E-028  -1.9504548657281182E-030   2.0861465325532586E-030   2.9886873470064165E-028  -2.2625984048197335E-030   2.6713515071447434E-028  -4.8876699365688992E-015   2.6743287560716393E-018  -2.6656463471839669E-018  -2.2495946111923050E-018  -1.2262125659655470E-014   1.3562745991519568E-017   7.5162616362140255E-018   1.4085511418791618E-017   1.2741270002700052E-028   3.4441042507010476E-030  -1.2142399402056308E-030   1.3358193027210018E-028  -1.4551697316296683E-032   1.3834727507238697E-028  -2.0616018937853020E-015   3.1286542274922101E-016   2.0409595945137366E-016   3.6214588538622135E-016   1.8981006270847595E-015
  -3.4806936119047662E-018  -3.4818229342226199E-031   2.9349095016931636E-031  -7.5430511010961420E-031  -2.1537141968791369E-030  -1.7965067809289512E-030  -1.3213683603100295E-030   4.6124827043973499E-017   9.1368264117723180E-018   5.9328583189467407E-018  -5.3455292941724071E-018   7.3163003146425626E-017  -4.5500251527138654E-017  -3.5092766583702648E-017   3.1003656357504522E-017   1.1139545784832807E-031  -4.9023126974784058E-031   1.0440984186129359E-030  -1.4551697316296683E-032   1.5605452077304489E-030   4.4154374087161641E-031   4.5801579116738720E-016  -1.1836812396460822E-015  -9.0468350473252991E-016   8.0003710866550443E-016   2.5853314685263817E-016
  -3.5933234735143139E-016   2.7400350713821848E-028  -2.0468851477627180E-030   2.1073027255361509E-030   3.0938328889297738E-028  -2.9195089212803946E-030   2.7677036188778095E-028  -5.0539837068929438E-015   4.6134163617920864E-018   8.8479666422552651E-019   5.3299912372760127E-020  -1.2692258055387915E-014  -6.6500594337547533E-018  -9.4916315871096485E-018   6.4168528466060431E-018   1.3224866095177753E-028   3.3469099006319717E-030  -9.2127732659403307E-031   1.3834727507238697E-028   4.4154374087161641E-031   1.4367152765066715E-028  -2.2043618258338811E-015  -1.9727158422498963E-016  -2.3936191298873814E-016   1.5699784946075394E-016   2.4344079195804578E-015
  -8.4581905147306565E-003  -1.1594274571172746E-014   5.8379967201296743E-016  -8.9907487723381141E-018  -1.2273728710509800E-014  -9.5039467650636145E-016  -1.1090410484036100E-014  0.31121108526269409       -1.1083311763674341E-018   2.6268288481984439E-018   9.7314658965197493E-018  0.58365313884612036       -1.6923561928718496E-017   6.4195274076206510E-018  -7.6390277116628521E-018  -1.5369365939623246E-015  -6.6347475808912215E-017   3.2015122989891100E-017  -2.0616018937853020E-015   4.5801579116738720E-016  -2.2043618258338811E-015   2.4557200053887165        3.2536580207326889E-017   1.6453959204833812E-018  -1.0179949417266672E-018  0.60605398108351394     
  -1.7980364188188867E-017   6.0844451222380987E-017   2.5132616661268826E-017   2.8868717301185514E-016   2.5406452545750423E-016   1.4519025785658958E-015  -1.9257798311232863E-016  -1.5213716157752303E-016  -5.7840021042221704E-002   2.4702445357250788E-017   1.3710448861080885E-015   1.7603078774764435E-016   6.2523390446101876E-002   7.9882547878290056E-016  -1.4920896176863919E-015  -1.9159612707708349E-016   7.0932867693750468E-016  -7.9806167177133381E-016   3.1286542274922101E-016  -1.1836812396460822E-015  -1.9727158422498963E-016   3.2536580207326889E-017   1.9618364047764802        1.9146191567578330E-015  -5.8800575447488324E-016   6.9740868119629538E-018
  -3.6268361423131581E-018  -1.7948628509705482E-015  -3.9386806944423234E-016   7.9022667738338469E-016   1.4875030559821910E-015   1.1345358806141730E-015   2.8067913131289713E-016   3.9436542779744578E-017   1.4420542521148174E-015  -5.7840021042224452E-002  -1.4392363499644996E-015  -1.0053489580658455E-017   4.5304855967748714E-016   6.2523390446103930E-002   2.5925682341141772E-015   1.7324619996868842E-017   1.9618910138359959E-016  -9.6040485839788986E-016   2.0409595945137366E-016  -9.0468350473252991E-016  -2.3936191298873814E-016   1.6453959204833812E-018   1.9146191567578330E-015   1.9618364047764776       -1.2744257259924019E-015   9.0155938380332628E-019
  -6.0721527067499154E-018   4.1207730102711487E-016   1.1171045236431525E-016  -6.3011323253405622E-016  -8.2315342626234446E-017  -4.8880495291836742E-016  -2.5484685863665628E-016  -9.2321763707112164E-017  -6.6395702833324901E-016  -2.7057115776626966E-016  -5.7840021042223147E-002   4.9014042547187582E-017  -1.1141250230688413E-016   3.2673590079545255E-017   6.2523390446103735E-002  -5.0045293346531434E-016   6.2385882584005863E-017   3.1914872977795148E-016   3.6214588538622135E-016   8.0003710866550443E-016   1.5699784946075394E-016  -1.0179949417266672E-018  -5.8800575447488324E-016  -1.2744257259924019E-015   1.9618364047764774       -4.9963567444530149E-018
  -1.6437988977504009E-002  -4.0411889543790767E-017  -2.0988222296746925E-016   5.7632101065459351E-016   8.6654229125364124E-016  -3.1656857394083270E-016   1.7836078415843812E-016   7.6550964962621801E-002   3.8665564282413914E-018   1.7472640163960492E-018   1.5266579799689165E-017   6.6197472487533562E-002  -2.6406495530604451E-017   8.8428857839765132E-018  -1.2384672604283945E-017   2.0739310738118401E-015   1.1156681820364032E-016  -2.5826363317378391E-016   1.8981006270847595E-015   2.5853314685263817E-016   2.4344079195804578E-015  0.60605398108351394        6.9740868119629538E-018   9.0155938380332628E-019  -4.9963567444530149E-018   2.1539933052897187     
