   6.6183961187315631E-003   7.0037185803902833E-017  -4.3304559428376105E-018   5.4828301544413659E-018  -2.5198839785328238E-017   2.6384422031566005E-018  -1.7417530477975133E-017   8.6448436327506887E-018   9.7610131514646762E-018   2.4439470350150343E-017   9.9361487107616730E-016   7.1477826593545776E-002   4.8784769785017639E-016   5.9884975260994858E-016   1.7929402004204032E-015  -1.2241154827393121E-017   8.2203474026273686E-018  -1.0630059220991676E-017  -2.0102813113348159E-017  -1.2322241084436540E-017  -2.8328749115729512E-018   5.7818065007934356E-002   3.9018370310576697E-016   4.4994644268032610E-016  -2.0899003619666762E-015   3.0174974930429289E-002   3.8520894624032062E-016   2.6533010611209419E-016   1.4362787029627217E-015
   7.0037185803902833E-017   6.6183961187313055E-003   2.7511292310634794E-016   2.8302093773284589E-017  -2.8022349701306816E-017   1.6385109907521145E-017   1.2401036867310925E-017  -1.0258126400805452E-017  -8.6610957406305136E-018   9.2175702451207940E-018   7.1069100318119898E-016   2.5487399542524337E-016   7.1477826593544597E-002   1.5981254011431587E-015   9.8925451371904789E-016  -1.1756968500206734E-018   1.2884388795971900E-019  -1.5894057295852949E-017  -7.4285894104315653E-018   9.2442414097111229E-019  -3.4375242458707770E-018   2.3389692010602318E-016   5.7818065007933094E-002   1.2636026173225800E-015  -4.0542359921966283E-015  -6.9984870118741607E-016   3.0174974930428419E-002   2.7216679860610557E-015   2.2827197312038785E-015
  -4.3304559428376105E-018   2.7511292310634794E-016   6.6183961187315718E-003   2.2994561758585633E-017  -1.1164591970192472E-017   1.3341532052839795E-017   1.1589206942669590E-017  -6.1249635494112429E-018   2.7472218148382849E-017   3.9314508556204861E-017  -4.7848377718332604E-016  -5.9881333019321664E-016   1.3574120588777471E-015   7.1477826593546026E-002  -6.7137563793549320E-016  -7.3680934975529683E-018  -7.6245969984360218E-018  -2.0742870602897553E-017   2.4502504046911415E-018   1.6362688628718286E-017  -5.0248664571650226E-017  -5.2787177976182723E-016   1.0117270622105797E-015   5.7818065007934336E-002   1.9229723063633624E-015   7.8214810591225280E-017   3.9839547289243372E-015   3.0174974930434313E-002  -2.7334655295838114E-015
   5.4828301544413659E-018   2.8302093773284589E-017   2.2994561758585633E-017   2.6271639757720756E-004  -1.4866946548303015E-017  -2.3389140947270165E-018   1.4497873332119269E-017  -2.6966920157693243E-017   1.7959828527026431E-018  -7.4175011836796400E-018   8.8721084049763390E-003  -2.3365411973459791E-016   1.7921099493030185E-016   3.0864922973462772E-016   1.6609868701265011E-002  -2.6438629727698051E-016   3.9534514353188157E-018   1.5157081639555614E-018  -2.4106188274324011E-016  -1.1973506904667564E-018  -2.5439990777481416E-016  -8.0243438255407898E-017   3.0254348905070007E-016   1.6985953134347560E-016  -6.4725225945684462E-003  -2.2904084109550459E-015  -2.9542336070537312E-015   1.6811998023236719E-015  -4.5174571562120363E-003
  -2.5198839785328238E-017  -2.8022349701306816E-017  -1.1164591970192472E-017  -1.4866946548303015E-017   7.2016188627520920E-030   1.0098329862828238E-030  -5.1100977377442485E-030   8.5420475792593169E-030   1.6621342497401600E-030   1.1599119445966865E-029  -8.5149392753629938E-016  -2.6116376251104322E-016  -2.8465289172589491E-016  -8.1700869709703950E-017  -1.4263759082659615E-015   3.1425953186397587E-029   2.4629087576169318E-031   3.9293142933576947E-030   2.4922881186359920E-029  -1.2989542247227732E-030   2.3258457032811027E-029  -2.3358681523237885E-016  -2.6683305184989887E-016  -1.4515430375763747E-016   3.7513137417783022E-015   3.4256241997184033E-016   6.2149593343704279E-016   1.5686572527899088E-015  -7.2355165479262197E-016
   2.6384422031566005E-018   1.6385109907521145E-017   1.3341532052839795E-017  -2.3389140947270165E-018   1.0098329862828238E-030   1.6214765975927594E-030  -3.6625377304249621E-030   2.2283219012747285E-030   9.7138712449646313E-031   4.0162342270078148E-030  -3.0584889054317844E-016   2.7580812125201508E-017   1.7258678903723083E-016   1.4189732819135443E-016  -4.9052760030632025E-016   1.1116524653009808E-029  -8.7380734991622934E-032   3.5091879883737210E-030   7.5747073669745255E-030  -1.0133614264111928E-030   6.8017466787987924E-030   2.4168981062106110E-017   1.4849316652417358E-016   1.1923319439909682E-016   9.8364129073392336E-016  -2.6049264195363870E-017  -1.0736402786136188E-016  -3.0387995130717164E-017  -1.7324669618231673E-015
  -1.7417530477975133E-017   1.2401036867310925E-017   1.1589206942669590E-017   1.4497873332119269E-017  -5.1100977377442485E-030  -3.6625377304249621E-030   1.2716707127750531E-029  -1.1153796045898223E-029  -4.1497783901121053E-030  -1.4104443672738795E-029   1.1629744684737325E-015  -1.9144669229224132E-016   1.5423627148724439E-016   1.5723403497566981E-016   1.8976383068462178E-015  -4.2358257082642119E-029   2.1993918283488675E-031  -1.0743023258823659E-029  -3.2062500943923088E-029   3.3257222819739004E-030  -2.8565520326074861E-029  -1.4806800982064046E-016   8.3460057505757027E-017   6.1955718921297442E-017  -4.8129132345284353E-015  -2.1854020786440383E-016   9.0252320438675880E-016   1.3889739050615346E-015   3.4861204454209364E-015
   8.6448436327506887E-018  -1.0258126400805452E-017  -6.1249635494112429E-018  -2.6966920157693243E-017   8.5420475792593169E-030   2.2283219012747285E-030  -1.1153796045898223E-029   1.4753425829298830E-029   4.0024458562403363E-030   1.6919621075249505E-029  -1.4969973723793324E-015   8.4198484886266787E-017  -1.1988663089510114E-016  -6.5377884086382185E-017  -2.5239266555231025E-015   5.3865335152282388E-029   1.4085600663591943E-031   8.2679292041264563E-030   4.3396524119086045E-029  -2.3259911167785778E-030   4.0256936253517118E-029   8.6747483607700218E-017  -7.8467212439537551E-017  -5.4451823159902098E-017   6.2119843183949738E-015  -3.4239146582969872E-016  -4.2588669431907835E-016   4.1921302160257689E-018  -1.2974651085661929E-015
   9.7610131514646762E-018  -8.6610957406305136E-018   2.7472218148382849E-017   1.7959828527026431E-018   1.6621342497401600E-030   9.7138712449646313E-031  -4.1497783901121053E-030   4.0024458562403363E-030   2.0100191911404871E-030   5.5703201406266527E-030  -1.6873939114167980E-016   1.0333525329053750E-016  -9.5019738016845357E-017   2.7698465578453486E-016  -2.1133683933808047E-016   8.0977437942480216E-030   1.5924510220859337E-032   3.5607316575561345E-030   5.4250536604700018E-030  -1.1542237863556244E-030   3.1393194829659969E-030   8.7822757809122282E-017  -7.3848819195001648E-017   2.6414249648130312E-016   1.9148888123193158E-015  -4.2251985701056221E-017  -1.0118796524080405E-016  -6.9594686184725455E-016  -9.0889174976803855E-016
   2.4439470350150343E-017   9.2175702451207940E-018   3.9314508556204861E-017  -7.4175011836796400E-018   1.1599119445966865E-029   4.0162342270078148E-030  -1.4104443672738795E-029   1.6919621075249505E-029   5.5703201406266527E-030   2.6230850695193131E-029  -1.2007592945662968E-015   2.5844235829000789E-016   1.2981582446619942E-016   4.5525417685676409E-016  -1.8240057737261074E-015   4.9495742703178111E-029   6.0193913611905756E-031   1.2428485200800021E-029   3.5037595183549754E-029  -3.9861941681008533E-030   2.9110663851253092E-029   2.2024056961829486E-016   4.3448051694031883E-017   3.0588958048257669E-016   7.8632269290409821E-015  -1.1773865937059277E-016   1.3029706980965729E-015   1.4566583680261479E-015  -3.8988897992317005E-015
   9.9361487107616730E-016   7.1069100318119898E-016  -4.7848377718332604E-016   8.8721084049763390E-003  -8.5149392753629938E-016  -3.0584889054317844E-016   1.1629744684737325E-015  -1.4969973723793324E-015  -1.6873939114167980E-016  -1.2007592945662968E-015  0.34274676142224064        1.4248083782771907E-016  -1.2105692739559098E-016   8.6032724939049246E-016  0.62398174909531734       -1.0726235618809579E-014   1.2304828543059426E-016  -5.8742497336866935E-016  -9.3222075974933520E-015   1.5748415033693296E-016  -9.5372391737050332E-015  -5.7489329935725138E-016   7.0783215222850722E-016  -1.8436113138549977E-015 -0.49355220330329652        5.0165132007476186E-016   3.1201400823836074E-015  -1.8482510295061977E-015   9.6013817242792482E-002
   7.1477826593545776E-002   2.5487399542524337E-016  -5.9881333019321664E-016  -2.3365411973459791E-016  -2.6116376251104322E-016   2.7580812125201508E-017  -1.9144669229224132E-016   8.4198484886266787E-017   1.0333525329053750E-016   2.5844235829000789E-016   1.4248083782771907E-016  0.77308303299692038        3.9089955970507927E-018   3.4709377299407818E-016   5.8671640586586463E-016  -1.4349844371725066E-016   8.2420622842046837E-017  -1.2003363599406107E-016  -2.1273087106266915E-016  -1.4685559292145211E-016  -4.2400621810655230E-017  0.62304136925995013        8.4836412010855203E-017   1.8702487475374951E-017  -3.5518451406475822E-015  0.37303298014512937       -6.0202437564273583E-016  -1.1656240615732713E-015   2.8493982225504986E-015
   4.8784769785017639E-016   7.1477826593544597E-002   1.3574120588777471E-015   1.7921099493030185E-016  -2.8465289172589491E-016   1.7258678903723083E-016   1.5423627148724439E-016  -1.1988663089510114E-016  -9.5019738016845357E-017   1.2981582446619942E-016  -1.2105692739559098E-016   3.9089955970507927E-018  0.77308303299692505       -1.6732682922012444E-015  -1.4518162815913637E-015  -9.0654687426494906E-018  -3.2368176280199946E-019  -1.9060209915932843E-016  -7.8944851253172462E-017   3.0745028493020075E-018  -3.9971501394695702E-017  -1.1176975197754606E-016  0.62304136925995046       -4.8608544429068202E-016   4.1454204394003459E-015   8.5508430011760925E-017  0.37303298014513092       -1.9148664281196421E-015  -2.4176709521030794E-015
   5.9884975260994858E-016   1.5981254011431587E-015   7.1477826593546026E-002   3.0864922973462772E-016  -8.1700869709703950E-017   1.4189732819135443E-016   1.5723403497566981E-016  -6.5377884086382185E-017   2.7698465578453486E-016   4.5525417685676409E-016   8.6032724939049246E-016   3.4709377299407818E-016  -1.6732682922012444E-015  0.77308303299692194        2.0120130812889021E-015  -6.6037966141112894E-017  -7.3866671120696922E-017  -2.4292458738566001E-016   2.1897770525866028E-017   1.8840050636102371E-016  -5.2695969378423444E-016   8.9866807571892249E-017  -3.7280758715309514E-016  0.62304136925995190       -7.1647819377197393E-015  -1.3471720212900745E-015  -2.5503891946524604E-015  0.37303298014512626        6.1803574383580095E-015
   1.7929402004204032E-015   9.8925451371904789E-016  -6.7137563793549320E-016   1.6609868701265011E-002  -1.4263759082659615E-015  -4.9052760030632025E-016   1.8976383068462178E-015  -2.5239266555231025E-015  -2.1133683933808047E-016  -1.8240057737261074E-015  0.62398174909531734        5.8671640586586463E-016  -1.4518162815913637E-015   2.0120130812889021E-015   1.1427022123362014       -1.9321562275947646E-014   2.3780096235935918E-016  -8.4249478380937543E-016  -1.6941491030538189E-014   2.1464444923346343E-016  -1.7456069980682835E-014  -6.9241588865290204E-016   4.4742162615617888E-016  -2.1322430628112076E-015 -0.79319524204443215        4.2272365404566166E-015  -2.9722245771095844E-015  -2.2975256371162212E-015   9.3916319078503452E-002
  -1.2241154827393121E-017  -1.1756968500206734E-018  -7.3680934975529683E-018  -2.6438629727698051E-016   3.1425953186397587E-029   1.1116524653009808E-029  -4.2358257082642119E-029   5.3865335152282388E-029   8.0977437942480216E-030   4.9495742703178111E-029  -1.0726235618809579E-014  -1.4349844371725066E-016  -9.0654687426494906E-018  -6.6037966141112894E-017  -1.9321562275947646E-014   3.4260779246528116E-028  -3.2066621382636422E-030   2.4631698422837696E-029   2.9332057803761699E-028  -6.7276446528470636E-030   2.9644796299952419E-028  -9.3101637036424201E-017  -1.4719799600576909E-017  -8.0949117726933453E-017   1.9024839629043016E-014  -5.2638741870072107E-016   1.4594630324533608E-016   5.3034260984222957E-016  -4.8761669239481134E-015
   8.2203474026273686E-018   1.2884388795971900E-019  -7.6245969984360218E-018   3.9534514353188157E-018   2.4629087576169318E-031  -8.7380734991622934E-032   2.1993918283488675E-031   1.4085600663591943E-031   1.5924510220859337E-032   6.0193913611905756E-031   1.2304828543059426E-016   8.2420622842046837E-017  -3.2368176280199946E-019  -7.3866671120696922E-017   2.3780096235935918E-016  -3.2066621382636422E-030   2.0886684631244652E-031   6.5917650030309702E-032  -3.2107263366517597E-030   8.3417667323925688E-032  -3.2649822337678872E-030   7.9601063130434051E-017   3.2266087279600050E-018  -7.6993440742588732E-017   1.1834045208340895E-016  -2.2740103572614964E-016  -7.0867595662090460E-017   3.1843406971795865E-016   4.9699252683867126E-018
  -1.0630059220991676E-017  -1.5894057295852949E-017  -2.0742870602897553E-017   1.5157081639555614E-018   3.9293142933576947E-030   3.5091879883737210E-030  -1.0743023258823659E-029   8.2679292041264563E-030   3.5607316575561345E-030   1.2428485200800021E-029  -5.8742497336866935E-016  -1.2003363599406107E-016  -1.9060209915932843E-016  -2.4292458738566001E-016  -8.4249478380937543E-016   2.4631698422837696E-029   6.5917650030309702E-032   1.0299481888864195E-029   1.5853145914717300E-029  -2.9991600900134504E-030   1.2413643848490058E-029  -8.6456797076688944E-017  -1.1563887783786676E-016  -1.5805191872269925E-016   3.8124622148022113E-015  -2.6636417051299560E-016  -8.6185966703168358E-016  -8.8213061482898155E-016  -3.9047402270928413E-015
  -2.0102813113348159E-017  -7.4285894104315653E-018   2.4502504046911415E-018  -2.4106188274324011E-016   2.4922881186359920E-029   7.5747073669745255E-030  -3.2062500943923088E-029   4.3396524119086045E-029   5.4250536604700018E-030   3.5037595183549754E-029  -9.3222075974933520E-015  -2.1273087106266915E-016  -7.8944851253172462E-017   2.1897770525866028E-017  -1.6941491030538189E-014   2.9332057803761699E-028  -3.2107263366517597E-030   1.5853145914717300E-029   2.5550244964048356E-028  -4.3196616113543922E-030   2.5999159565820821E-028  -1.8097901173533946E-016  -6.6467462351461053E-017   2.6996792240322079E-017   1.4725555861065814E-014   9.0690447436324337E-017   1.9579698905492990E-017  -1.7899245393063192E-016  -1.5418803853453135E-015
  -1.2322241084436540E-017   9.2442414097111229E-019   1.6362688628718286E-017  -1.1973506904667564E-018  -1.2989542247227732E-030  -1.0133614264111928E-030   3.3257222819739004E-030  -2.3259911167785778E-030  -1.1542237863556244E-030  -3.9861941681008533E-030   1.5748415033693296E-016  -1.4685559292145211E-016   3.0745028493020075E-018   1.8840050636102371E-016   2.1464444923346343E-016  -6.7276446528470636E-030   8.3417667323925688E-032  -2.9991600900134504E-030  -4.3196616113543922E-030   1.3103469056277666E-030  -2.9489999537399275E-030  -9.0770342803487467E-017   1.6539208347735802E-017   1.2862943451105803E-016  -1.1855002513116489E-015  -6.3013436502907638E-016  -2.8362354692480248E-016   5.6142726525243266E-016   1.2031290531278756E-015
  -2.8328749115729512E-018  -3.4375242458707770E-018  -5.0248664571650226E-017  -2.5439990777481416E-016   2.3258457032811027E-029   6.8017466787987924E-030  -2.8565520326074861E-029   4.0256936253517118E-029   3.1393194829659969E-030   2.9110663851253092E-029  -9.5372391737050332E-015  -4.2400621810655230E-017  -3.9971501394695702E-017  -5.2695969378423444E-016  -1.7456069980682835E-014   2.9644796299952419E-028  -3.2649822337678872E-030   1.2413643848490058E-029   2.5999159565820821E-028  -2.9489999537399275E-030   2.6814792776580221E-028  -1.0286039349422632E-017  -2.6543001771405372E-017  -4.5822621203927135E-016   1.2820965146997503E-014  -5.0475572066768489E-016  -1.3426642469852629E-016   4.2578045018566005E-016  -6.1063545578321141E-016
   5.7818065007934356E-002   2.3389692010602318E-016  -5.2787177976182723E-016  -8.0243438255407898E-017  -2.3358681523237885E-016   2.4168981062106110E-017  -1.4806800982064046E-016   8.6747483607700218E-017   8.7822757809122282E-017   2.2024056961829486E-016  -5.7489329935725138E-016  0.62304136925995013       -1.1176975197754606E-016   8.9866807571892249E-017  -6.9241588865290204E-016  -9.3101637036424201E-017   7.9601063130434051E-017  -8.6456797076688944E-017  -1.8097901173533946E-016  -9.0770342803487467E-017  -1.0286039349422632E-017  0.50679464980073663       -7.1893839006729107E-017  -2.7508919621388461E-016   1.6793801795273276E-015  0.20585391594206617        2.5109543330533702E-016   1.3311969799048584E-016  -1.9308277755254183E-015
   3.9018370310576697E-016   5.7818065007933094E-002   1.0117270622105797E-015   3.0254348905070007E-016  -2.6683305184989887E-016   1.4849316652417358E-016   8.3460057505757027E-017  -7.8467212439537551E-017  -7.3848819195001648E-017   4.3448051694031883E-017   7.0783215222850722E-016   8.4836412010855203E-017  0.62304136925995046       -3.7280758715309514E-016   4.4742162615617888E-016  -1.4719799600576909E-017   3.2266087279600050E-018  -1.1563887783786676E-016  -6.6467462351461053E-017   1.6539208347735802E-017  -2.6543001771405372E-017  -7.1893839006729107E-017  0.50679464980073385        3.2931183831131912E-016  -1.8258619828334607E-015   2.5120188420125805E-016  0.20585391594206887       -1.0153939814692254E-015   1.1678671363322880E-015
   4.4994644268032610E-016   1.2636026173225800E-015   5.7818065007934336E-002   1.6985953134347560E-016  -1.4515430375763747E-016   1.1923319439909682E-016   6.1955718921297442E-017  -5.4451823159902098E-017   2.6414249648130312E-016   3.0588958048257669E-016  -1.8436113138549977E-015   1.8702487475374951E-017  -4.8608544429068202E-016  0.62304136925995190       -2.1322430628112076E-015  -8.0949117726933453E-017  -7.6993440742588732E-017  -1.5805191872269925E-016   2.6996792240322079E-017   1.2862943451105803E-016  -4.5822621203927135E-016  -2.7508919621388461E-016   3.2931183831131912E-016  0.50679464980073796        1.0231594017936182E-014   3.6328734887968589E-016  -4.5619486735623842E-016  0.20585391594206950       -9.0323838643134665E-015
  -2.0899003619666762E-015  -4.0542359921966283E-015   1.9229723063633624E-015  -6.4725225945684462E-003   3.7513137417783022E-015   9.8364129073392336E-016  -4.8129132345284353E-015   6.2119843183949738E-015   1.9148888123193158E-015   7.8632269290409821E-015 -0.49355220330329652       -3.5518451406475822E-015   4.1454204394003459E-015  -7.1647819377197393E-015 -0.79319524204443215        1.9024839629043016E-014   1.1834045208340895E-016   3.8124622148022113E-015   1.4725555861065814E-014  -1.1855002513116489E-015   1.2820965146997503E-014   1.6793801795273276E-015  -1.8258619828334607E-015   1.0231594017936182E-014   2.7665988350903370       -7.4795453628895879E-015   3.4380422849559227E-016   4.6368409311545213E-015 -0.70986360507933965     
   3.0174974930429289E-002  -6.9984870118741607E-016   7.8214810591225280E-017  -2.2904084109550459E-015   3.4256241997184033E-016  -2.6049264195363870E-017  -2.1854020786440383E-016  -3.4239146582969872E-016  -4.2251985701056221E-017  -1.1773865937059277E-016   5.0165132007476186E-016  0.37303298014512937        8.5508430011760925E-017  -1.3471720212900745E-015   4.2272365404566166E-015  -5.2638741870072107E-016  -2.2740103572614964E-016  -2.6636417051299560E-016   9.0690447436324337E-017  -6.3013436502907638E-016  -5.0475572066768489E-016  0.20585391594206617        2.5120188420125805E-016   3.6328734887968589E-016  -7.4795453628895879E-015   2.1017433001312296        3.8892062633169676E-016  -4.4794913899070046E-016   3.7942734760252425E-015
   3.8520894624032062E-016   3.0174974930428419E-002   3.9839547289243372E-015  -2.9542336070537312E-015   6.2149593343704279E-016  -1.0736402786136188E-016   9.0252320438675880E-016  -4.2588669431907835E-016  -1.0118796524080405E-016   1.3029706980965729E-015   3.1201400823836074E-015  -6.0202437564273583E-016  0.37303298014513092       -2.5503891946524604E-015  -2.9722245771095844E-015   1.4594630324533608E-016  -7.0867595662090460E-017  -8.6185966703168358E-016   1.9579698905492990E-017  -2.8362354692480248E-016  -1.3426642469852629E-016   2.5109543330533702E-016  0.20585391594206887       -4.5619486735623842E-016   3.4380422849559227E-016   3.8892062633169676E-016   2.1017433001312411       -6.9722088517424301E-017   9.8765862797394843E-016
   2.6533010611209419E-016   2.7216679860610557E-015   3.0174974930434313E-002   1.6811998023236719E-015   1.5686572527899088E-015  -3.0387995130717164E-017   1.3889739050615346E-015   4.1921302160257689E-018  -6.9594686184725455E-016   1.4566583680261479E-015  -1.8482510295061977E-015  -1.1656240615732713E-015  -1.9148664281196421E-015  0.37303298014512626       -2.2975256371162212E-015   5.3034260984222957E-016   3.1843406971795865E-016  -8.8213061482898155E-016  -1.7899245393063192E-016   5.6142726525243266E-016   4.2578045018566005E-016   1.3311969799048584E-016  -1.0153939814692254E-015  0.20585391594206950        4.6368409311545213E-015  -4.4794913899070046E-016  -6.9722088517424301E-017   2.1017433001312402       -5.4135543494184791E-015
   1.4362787029627217E-015   2.2827197312038785E-015  -2.7334655295838114E-015  -4.5174571562120363E-003  -7.2355165479262197E-016  -1.7324669618231673E-015   3.4861204454209364E-015  -1.2974651085661929E-015  -9.0889174976803855E-016  -3.8988897992317005E-015   9.6013817242792482E-002   2.8493982225504986E-015  -2.4176709521030794E-015   6.1803574383580095E-015   9.3916319078503452E-002  -4.8761669239481134E-015   4.9699252683867126E-018  -3.9047402270928413E-015  -1.5418803853453135E-015   1.2031290531278756E-015  -6.1063545578321141E-016  -1.9308277755254183E-015   1.1678671363322880E-015  -9.0323838643134665E-015 -0.70986360507933965        3.7942734760252425E-015   9.8765862797394843E-016  -5.4135543494184791E-015   2.1929711989021050     
