   9.5588986662446156E-005   1.8954708756644620E-016   6.1594036591867870E-018   5.4361917335170998E-018   2.4109319347414166E-016  -2.5011829873485150E-018   4.5846405627342514E-016  -8.7251343505778123E-017  -3.7974014790808845E-016  -1.8534505756309705E-017   5.2630285109458719E-003  -4.0087369883796274E-016  -7.5626576650329057E-017  -1.1034994206311460E-016  -5.0282888576460084E-017   2.5585637903061321E-017   5.9634598362214433E-016  -6.6736113925661621E-017  -2.9839401422800886E-016  -1.4326827458343421E-017   1.1370701848251074E-002  -1.0121476094978785E-014  -1.3830298271964149E-015  -2.1054743142598022E-015  -2.8853567593977574E-015   3.8406997307977613E-016   1.2696156364624613E-014   1.2088664127439660E-016  -2.9943154781101259E-016  -4.3336333739108006E-017  -2.8438463211783067E-003  -3.2407032537373980E-003   4.4547590016876650E-017  -7.8937624430227945E-017  -1.3298079986723559E-017
   1.8954708756644620E-016   2.6982812140982206E-007   1.8983520651781299E-019   1.4665699552492316E-018  -1.3491406070183556E-007  -2.5385207327657808E-019  -1.3491406070455869E-007   1.9067844647813809E-016   3.2636848860573806E-017  -3.9793869483201996E-016   9.6042267064881830E-015   3.7016412459780590E-005   5.6380885530030741E-017   1.2320168415914177E-016  -1.8508206229846429E-005  -4.2032729499586403E-017  -1.8508206229928550E-005   1.6444591777714230E-016   8.2175905997960946E-017  -2.1561003983704161E-016   2.1039905055307104E-014   7.1888169495794719E-004   1.0916540474093610E-015   2.3906614691390102E-015  -3.5944084747814489E-004  -8.1920938752527418E-016  -3.5944084747979548E-004   8.6105348236457736E-016   2.7727637863793413E-015   4.3791656391351636E-015   7.7108444699456685E-015  -1.0347334389810912E-014   2.7438230219030806E-016   9.1415025442972538E-016   1.4675112505543841E-015
   6.1594036591867870E-018   1.8983520651781299E-019   2.6982812141754424E-007  -1.1257934276080279E-018   1.1138468609723814E-018  -7.2731871268196986E-019  -8.2307373106157732E-019  -1.7455127812700305E-016  -4.0245521377375237E-016  -4.6018793377696530E-016   3.1218548999831191E-016  -3.0198117955351687E-017   3.7016412460301244E-005  -1.4196071852837696E-016   9.3746665768238322E-017  -9.2938814453739872E-017  -6.3493203432840987E-017  -1.2461268158089301E-016  -3.0420314669351783E-016  -2.8775337975832509E-016   6.9029428291297779E-016  -5.8565171866848044E-016   7.1888169496823909E-004  -2.7521293449258870E-015   1.8245684460839180E-015  -1.8113127633406214E-015  -1.2388395215824080E-015   4.5799568952806972E-016   3.0556332617003669E-016   3.3220630573226377E-015   5.2269206816911659E-016  -4.2991383208626195E-016   1.6050464278807351E-016   1.2223918425632644E-016   1.1217156984860615E-015
   5.4361917335170998E-018   1.4665699552492316E-018  -1.1257934276080279E-018   2.6982812141962847E-007  -1.4005327678100133E-018   1.1283135213957191E-019   8.4553656625085229E-019   5.9149599822216841E-017   1.9104347397466764E-016   4.5496389250613723E-016   4.3650293741364607E-016   7.8327261452811906E-017  -1.2527869579977912E-017   3.7016412460444609E-005  -6.6396395159365384E-017   5.0867651008647580E-017  -1.1747337611280451E-017   4.7888473996423110E-017   9.0159185726726911E-017   2.7681306388892235E-016   9.1610066386143401E-016   1.5156279883112004E-015  -2.4683622696976061E-016   7.1888169497101389E-004  -1.2974504275208623E-015   9.8607892697668293E-016  -2.1801244354597727E-016   9.8605045159560436E-017  -2.8029194315227890E-015  -3.5728075058138688E-015  -1.3973256828744821E-015   1.3074268211299013E-016   2.9421950300457883E-017  -9.3593971157908322E-016  -1.2042005430216899E-015
   2.4109319347414166E-016  -1.3491406070183556E-007   1.1138468609723814E-018  -1.4005327678100133E-018   2.6982812140899562E-007   5.4531363067490530E-019  -1.3491406071199386E-007   1.6934802869048776E-016   2.1529674528916309E-016   2.3744888805894044E-016   1.2851789566418928E-014  -1.8508206229513521E-005   5.8487555557040445E-017  -1.2507457642083411E-016   3.7016412459720904E-005   8.4310615221528026E-017  -1.8508206230212476E-005   1.2612000511428252E-016   1.4972890184374639E-016   1.2808024404591751E-016   2.7884685915633237E-014  -3.5944084747160395E-004   1.1428875793763932E-015  -2.4332616900660779E-015   7.1888169495684076E-004   1.6476363292760495E-015  -3.5944084748524169E-004  -1.9277733015957018E-016  -7.9848770337927098E-016  -2.6290937223245151E-015  -8.6740913165409251E-016  -9.9969158771236600E-015  -7.2639042779585970E-017  -2.7512878031473678E-016  -8.8096733047161771E-016
  -2.5011829873485150E-018  -2.5385207327657808E-019  -7.2731871268196986E-019   1.1283135213957191E-019   5.4531363067490530E-019   2.6982812141554461E-007  -2.7188612529570334E-019  -9.0594680642887561E-017   1.7796861395539260E-016   2.0987411418829809E-016   3.2913998013866837E-017   8.0281380459557819E-018  -5.9851604737470484E-018  -3.5542704308521835E-017  -1.1049224522535923E-017   3.7016412460165414E-005   3.1619461781526074E-018  -7.0553944977762553E-017   1.6060665880253170E-016   1.5913438152543711E-016   2.0863147096250621E-017   1.4220422933377536E-016  -1.2651236620023069E-016  -6.8537506731730120E-016  -1.9420197673126355E-016   7.1888169496557520E-004   5.1809406527496220E-017  -4.1083889479169190E-018   1.1409900665523130E-015  -1.1005464627725148E-016  -2.2395958860597868E-015   7.4349546249035201E-016   3.4684935558267208E-018   3.6747144098022078E-016  -4.7466995852790442E-017
   4.5846405627342514E-016  -1.3491406070455869E-007  -8.2307373106157732E-019   8.4553656625085229E-019  -1.3491406071199386E-007  -2.7188612529570334E-019   2.6982812141795855E-007   2.3998348641985725E-016   1.1945743469424322E-016   1.7177872311288772E-016   2.5664848723254233E-014  -1.8508206229796823E-005  -4.8936114226496321E-017   1.2692727834111115E-016  -1.8508206230537604E-005  -3.9592426602719876E-017   3.7016412460333906E-005   1.6876221520737704E-016   5.5723510913952680E-017   9.7292203693848570E-017   5.5278172554101062E-014  -3.5944084747721079E-004  -9.5409491739344934E-016   2.4712339694691276E-015  -3.5944084749157425E-004  -7.7627367713440795E-016   7.1888169496878303E-004  -8.0035533086354178E-016  -1.7424725608881927E-015  -1.6976316498368786E-015  -2.2513869217385583E-014  -1.2838987813886459E-014  -2.7707550150282172E-016  -5.8186413287708882E-016  -5.6981825186943851E-016
  -8.7251343505778123E-017   1.9067844647813809E-016  -1.7455127812700305E-016   5.9149599822216841E-017   1.6934802869048776E-016  -9.0594680642887561E-017   2.3998348641985725E-016  0.42158594698670177        3.5939667715798444E-017   6.1761118714711762E-017  -1.7334858939114509E-015   6.2380209777474065E-016   2.5341199154599599E-017  -3.0815626425985759E-017   6.1671332510277458E-016   1.0402592957691873E-016   4.8015317770292889E-016  0.32100447229277213        5.7123080903354083E-016   1.2520865345423094E-016   8.6431935128262266E-017   3.4316453508188476E-016  -7.3349695922537295E-016  -2.7736677669603916E-016   1.1606144282689790E-015   7.0629770772164485E-016  -4.5481345897789231E-016 -0.17781120056492955        2.2158355430392683E-016  -7.6122526714944087E-016  -5.3312385143970228E-016   3.9922314121834635E-016  -8.1010864048219042E-002   6.0913209731489795E-017  -2.7407838812279055E-016
  -3.7974014790808845E-016   3.2636848860573806E-017  -4.0245521377375237E-016   1.9104347397466764E-016   2.1529674528916309E-016   1.7796861395539260E-016   1.1945743469424322E-016   3.5939667715798444E-017  0.42158594698668833       -3.6938863822190409E-016   5.1868980323162741E-017   1.1139883604285344E-016   3.1103770546170869E-016  -1.4846255843216179E-016  -5.4486706383816066E-017  -8.9879667793836368E-017  -3.4835239486725270E-017  -2.8129909584395169E-017  0.32100447229277040        1.5917389088549824E-016   6.9826204772724056E-017  -9.4609834639426553E-016   4.4755903101551099E-016  -2.4122398881037342E-016  -1.0478600971963038E-015   6.9083447224167479E-016   1.9387078642862914E-015   4.6975679631114998E-016 -0.17781120056493205        1.0392785889878454E-016   2.4697688452249154E-016  -7.9928083690253733E-017   1.6342661625258339E-016  -8.1010864048219569E-002   2.3092632771216136E-017
  -1.8534505756309705E-017  -3.9793869483201996E-016  -4.6018793377696530E-016   4.5496389250613723E-016   2.3744888805894044E-016   2.0987411418829809E-016   1.7177872311288772E-016   6.1761118714711762E-017  -3.6938863822190409E-016  0.42158594698668916        1.5339008098138180E-017   1.3918487473976030E-016   2.6296483320889990E-016  -1.2964113370320770E-016  -6.5668545003646552E-017  -1.5504890416133951E-017  -8.2462583608510688E-017   1.2247454442423773E-016  -3.7704131436724717E-017  0.32100447229277446       -1.7884968751652755E-018  -2.6944942600978126E-015   1.8648441324293210E-015   1.9421031458948278E-015   1.0842349491342618E-015   1.6652483190931548E-015   1.6040381887536513E-015  -2.0916655819346032E-015   6.7737760804964309E-016 -0.17781120056493269       -2.1206925877132515E-016   7.1352780775461174E-017  -6.9424416484672458E-016   2.5742366235440944E-016  -8.1010864048219985E-002
   5.2630285109458719E-003   9.6042267064881830E-015   3.1218548999831191E-016   4.3650293741364607E-016   1.2851789566418928E-014   3.2913998013866837E-017   2.5664848723254233E-014  -1.7334858939114509E-015   5.1868980323162741E-017   1.5339008098138180E-017  0.31936942978600091        5.6866971522536009E-015  -1.5411243167678613E-016  -1.9235879354837241E-016   5.5299128025856204E-015   1.0623722650016926E-016  -6.2035348919247385E-015  -1.4261984155230036E-015   7.9690419953317879E-017   2.5773976022396878E-017  0.68152079389812303       -5.4014850510570123E-015   3.8517760231401171E-016   3.1587493391155713E-016   1.7196022985180035E-014  -1.0339303029696254E-015  -3.0843346570675082E-014   3.3769730933601354E-016   1.8487575176783150E-016  -3.5700213269120849E-017 -0.53991375733850178       -7.0324796405302648E-002   2.0687687467637296E-016   5.4624020216758175E-017  -1.2335001680480898E-017
  -4.0087369883796274E-016   3.7016412459780590E-005  -3.0198117955351687E-017   7.8327261452811906E-017  -1.8508206229513521E-005   8.0281380459557819E-018  -1.8508206229796823E-005   6.2380209777474065E-016   1.1139883604285344E-016   1.3918487473976030E-016   5.6866971522536009E-015   5.0781022535137518E-003   1.9232756570131721E-017   4.6275262793070885E-017  -2.5390511267570502E-003   1.1251163371079665E-016  -2.5390511267559322E-003   4.7437500140977366E-016   8.9724094993561585E-017   2.2226504675861789E-016   1.1456782444982393E-014   9.8619896218796771E-002  -7.8883331344851110E-017   6.2546945704330533E-016  -4.9309948109404950E-002   1.7861539930451129E-015  -4.9309948109390885E-002  -6.6416632565792693E-016  -3.0777142322926512E-015  -4.3582553363419163E-015   5.2020954687819387E-015  -5.9627919881482086E-015  -2.4784639010578702E-016  -1.0265389898822575E-015  -1.4536511821058686E-015
  -7.5626576650329057E-017   5.6380885530030741E-017   3.7016412460301244E-005  -1.2527869579977912E-017   5.8487555557040445E-017  -5.9851604737470484E-018  -4.8936114226496321E-017   2.5341199154599599E-017   3.1103770546170869E-016   2.6296483320889990E-016  -1.5411243167678613E-016   1.9232756570131721E-017   5.0781022535112746E-003  -6.3713818292468972E-018  -7.8062670569884217E-017   1.1706754351984480E-016   6.6422417899553943E-017   4.8749438691179603E-017   1.6376786698751310E-016  -1.6852031476029650E-017  -3.6878254594773743E-016   4.8523891746062861E-016   9.8619896218773415E-002   5.3967518388181610E-016  -9.7414100095521166E-016   1.3978268149973680E-015   4.9948601163344506E-016  -1.6196033564020657E-015  -1.1043706326648187E-016  -2.9492212708338926E-015  -7.2993973205119695E-016   3.8462607260295864E-016  -5.3691823506314257E-016  -4.7446126209503240E-017  -9.8114789915922294E-016
  -1.1034994206311460E-016   1.2320168415914177E-016  -1.4196071852837696E-016   3.7016412460444609E-005  -1.2507457642083411E-016  -3.5542704308521835E-017   1.2692727834111115E-016  -3.0815626425985759E-017  -1.4846255843216179E-016  -1.2964113370320770E-016  -1.9235879354837241E-016   4.6275262793070885E-017  -6.3713818292468972E-018   5.0781022535113848E-003   9.0724974370188826E-017  -2.1104507477665686E-017  -1.1182290741634601E-016   3.0781163985674320E-017  -4.0302939938460638E-017  -1.0832575393548424E-016  -4.0980710503429704E-016   1.3923273477082400E-016  -6.0899297215331863E-016   9.8619896218774261E-002   6.6565455294562915E-016  -6.5712731344693905E-016  -7.8224170305292124E-016   4.4947468476523256E-016   2.1185254356230374E-015   3.9056583371294574E-015   1.3639020537790876E-015  -3.0092124227267000E-016   1.4679897118331143E-016   7.1035855425988166E-016   1.2990146159465155E-015
  -5.0282888576460084E-017  -1.8508206229846429E-005   9.3746665768238322E-017  -6.6396395159365384E-017   3.7016412459720904E-005  -1.1049224522535923E-017  -1.8508206230537604E-005   6.1671332510277458E-016  -5.4486706383816066E-017  -6.5668545003646552E-017   5.5299128025856204E-015  -2.5390511267570502E-003  -7.8062670569884217E-017   9.0724974370188826E-017   5.0781022535129295E-003  -2.1230004885188862E-016  -2.5390511267565780E-003   4.3786762595075985E-016   1.7482765648179927E-017  -1.6166225927340725E-016   9.2409528231744779E-015  -4.9309948109394569E-002  -5.5257979700768841E-016   1.1808442113140235E-015   9.8619896218788028E-002  -2.7138499929183697E-015  -4.9309948109394125E-002   5.3822361349277932E-016   1.3497167122802912E-015   2.1759793903677741E-015   8.1044821683948817E-015  -6.3447200654791765E-015   1.4349770556988121E-016   4.4940335046193846E-016   7.2578133127363929E-016
   2.5585637903061321E-017  -4.2032729499586403E-017  -9.2938814453739872E-017   5.0867651008647580E-017   8.4310615221528026E-017   3.7016412460165414E-005  -3.9592426602719876E-017   1.0402592957691873E-016  -8.9879667793836368E-017  -1.5504890416133951E-017   1.0623722650016926E-016   1.1251163371079665E-016   1.1706754351984480E-016  -2.1104507477665686E-017  -2.1230004885188862E-016   5.0781022535116398E-003   1.1911228353605553E-016  -1.1499469213419697E-017  -5.0300732756871165E-017  -3.2783467652834729E-017   4.1094731821794940E-016   3.0462245575777866E-016   8.6369652054651559E-016   2.6046517237953897E-016  -1.3270527396887043E-015   9.8619896218776940E-002   9.9659220479222812E-016   2.8455296746264474E-016  -1.0420460971316672E-015   5.1767973583251510E-016   1.8761911475015900E-015  -7.7141401054740420E-016   9.3806064151776617E-017  -3.4203099911510112E-016   1.6851032056141376E-016
   5.9634598362214433E-016  -1.8508206229928550E-005  -6.3493203432840987E-017  -1.1747337611280451E-017  -1.8508206230212476E-005   3.1619461781526074E-018   3.7016412460333906E-005   4.8015317770292889E-016  -3.4835239486725270E-017  -8.2462583608510688E-017  -6.2035348919247385E-015  -2.5390511267559322E-003   6.6422417899553943E-017  -1.1182290741634601E-016  -2.5390511267565780E-003   1.1911228353605553E-016   5.0781022535124386E-003   4.0149171221423467E-016  -8.8798094471147680E-017  -6.6489428807520928E-017  -9.0136067028437583E-015  -4.9309948109387255E-002   7.7891879280084962E-016  -1.3173513793490367E-015  -4.9309948109396644E-002   1.3029787654813477E-015   9.8619896218783629E-002  -4.2423056833043298E-016   1.7970746529612475E-015   2.2314082189846844E-015   2.0987636713852934E-014  -3.5042921458998895E-015  -1.6830302596413100E-016   5.9878680498676695E-016   7.4457201287413042E-016
  -6.6736113925661621E-017   1.6444591777714230E-016  -1.2461268158089301E-016   4.7888473996423110E-017   1.2612000511428252E-016  -7.0553944977762553E-017   1.6876221520737704E-016  0.32100447229277213       -2.8129909584395169E-017   1.2247454442423773E-016  -1.4261984155230036E-015   4.7437500140977366E-016   4.8749438691179603E-017   3.0781163985674320E-017   4.3786762595075985E-016  -1.1499469213419697E-017   4.0149171221423467E-016  0.24495958371664106        3.3453742275842840E-016   2.4147132542264260E-016  -1.4497344902784745E-016   4.2247755379797873E-016   6.4942947604195290E-016   6.5808402845910587E-016  -5.6737091464473917E-017  -1.3425117967276267E-015   4.3555439260405139E-016 -0.10891692499197075       -1.1322975502635495E-015  -5.7127607731974183E-016  -5.1191102156479848E-016   4.1880912456923945E-016  -5.2939016577113931E-002  -3.9200600095634240E-016  -2.1689178586952786E-016
  -2.9839401422800886E-016   8.2175905997960946E-017  -3.0420314669351783E-016   9.0159185726726911E-017   1.4972890184374639E-016   1.6060665880253170E-016   5.5723510913952680E-017   5.7123080903354083E-016  0.32100447229277040       -3.7704131436724717E-017   7.9690419953317879E-017   8.9724094993561585E-017   1.6376786698751310E-016  -4.0302939938460638E-017   1.7482765648179927E-017  -5.0300732756871165E-017  -8.8798094471147680E-017   3.3453742275842840E-016  0.24495958371664628        1.7925033983398582E-016   1.2192535736372658E-016   6.0202670902549049E-016  -1.0673974330894974E-015   3.9500236397318031E-016  -1.9114683336503540E-016   1.2986935468487811E-015  -4.5008192043849865E-016  -1.3630293250956209E-015 -0.10891692499197515       -3.2324551801248611E-015  -1.9312541966550252E-016   4.1705470914034864E-017  -4.7112777207584027E-016  -5.2939016577115618E-002  -1.0959784186116224E-015
  -1.4326827458343421E-017  -2.1561003983704161E-016  -2.8775337975832509E-016   2.7681306388892235E-016   1.2808024404591751E-016   1.5913438152543711E-016   9.7292203693848570E-017   1.2520865345423094E-016   1.5917389088549824E-016  0.32100447229277446        2.5773976022396878E-017   2.2226504675861789E-016  -1.6852031476029650E-017  -1.0832575393548424E-016  -1.6166225927340725E-016  -3.2783467652834729E-017  -6.6489428807520928E-017   2.4147132542264260E-016   1.7925033983398582E-016  0.24495958371665191        3.8848632199091102E-017   1.9205304674639210E-015  -1.6499780068583687E-015  -2.5781362393114877E-016  -2.1803404121468303E-015   6.4514136044874276E-016   2.5503040156729248E-016   2.6531691357394067E-015  -2.6528311695934569E-015 -0.10891692499197624        2.1104997064187576E-016  -8.5333217355611138E-017   8.7356508965673882E-016  -8.8531184844838144E-016  -5.2939016577116332E-002
   1.1370701848251074E-002   2.1039905055307104E-014   6.9029428291297779E-016   9.1610066386143401E-016   2.7884685915633237E-014   2.0863147096250621E-017   5.5278172554101062E-014   8.6431935128262266E-017   6.9826204772724056E-017  -1.7884968751652755E-018  0.68152079389812303        1.1456782444982393E-014  -3.6878254594773743E-016  -4.0980710503429704E-016   9.2409528231744779E-015   4.1094731821794940E-016  -9.0136067028437583E-015  -1.4497344902784745E-016   1.2192535736372658E-016   3.8848632199091102E-017   1.4565373835142479       -3.1436611057874680E-014   5.1996752285304977E-016   2.2728430995473746E-016  -1.9673136865177313E-014   3.9784059922208613E-016   1.0511429151522542E-014   2.1637838237757354E-016  -5.9362320924027753E-017  -1.8529437276320853E-017  -1.0567255856213096      -0.18288679092242227        7.3997192490439087E-017  -3.1718161549904892E-017  -4.9324288865489703E-018
  -1.0121476094978785E-014   7.1888169495794719E-004  -5.8565171866848044E-016   1.5156279883112004E-015  -3.5944084747160395E-004   1.4220422933377536E-016  -3.5944084747721079E-004   3.4316453508188476E-016  -9.4609834639426553E-016  -2.6944942600978126E-015  -5.4014850510570123E-015   9.8619896218796771E-002   4.8523891746062861E-016   1.3923273477082400E-016  -4.9309948109394569E-002   3.0462245575777866E-016  -4.9309948109387255E-002   4.2247755379797873E-016   6.0202670902549049E-016   1.9205304674639210E-015  -3.1436611057874680E-014   1.9152595683705460        6.3783613807322817E-016  -2.6022342917639227E-015 -0.95762978418526057       -1.8307350840645608E-015 -0.95762978418526712        5.4068534278078692E-016   1.7033120240552226E-015   1.6559596745597768E-015   4.8381225693114571E-015   1.0131934376134738E-014   2.4791726055419894E-016   5.3461718034684125E-016   5.5982530590927128E-016
  -1.3830298271964149E-015   1.0916540474093610E-015   7.1888169496823909E-004  -2.4683622696976061E-016   1.1428875793763932E-015  -1.2651236620023069E-016  -9.5409491739344934E-016  -7.3349695922537295E-016   4.4755903101551099E-016   1.8648441324293210E-015   3.8517760231401171E-016  -7.8883331344851110E-017   9.8619896218773415E-002  -6.0899297215331863E-016  -5.5257979700768841E-016   8.6369652054651559E-016   7.7891879280084962E-016   6.4942947604195290E-016  -1.0673974330894974E-015  -1.6499780068583687E-015   5.1996752285304977E-016   6.3783613807322817E-016   1.9152595683705735        1.0568802777388699E-015  -2.0768422009551317E-016  -2.3307466796417700E-016  -2.2450438860385292E-016   2.3872672436878978E-016   7.4106061520061092E-016   2.6922303609122933E-016   6.2771284987041754E-016  -3.2895810164741360E-016   1.0617227816243297E-016   3.2733969138445219E-016   1.2514501883986463E-016
  -2.1054743142598022E-015   2.3906614691390102E-015  -2.7521293449258870E-015   7.1888169497101389E-004  -2.4332616900660779E-015  -6.8537506731730120E-016   2.4712339694691276E-015  -2.7736677669603916E-016  -2.4122398881037342E-016   1.9421031458948278E-015   3.1587493391155713E-016   6.2546945704330533E-016   5.3967518388181610E-016   9.8619896218774261E-002   1.1808442113140235E-015   2.6046517237953897E-016  -1.3173513793490367E-015   6.5808402845910587E-016   3.9500236397318031E-016  -2.5781362393114877E-016   2.2728430995473746E-016  -2.6022342917639227E-015   1.0568802777388699E-015   1.9152595683705647        1.6422744884652144E-015   2.5636299181598639E-016   1.3997998723688825E-015  -4.3629806067587143E-016  -8.5659746299767274E-016  -2.0121796344601280E-015  -3.0392406915894586E-016   1.2173561002388265E-016  -1.9356116613991290E-016  -2.1739991681800508E-016  -7.2764860007767110E-016
  -2.8853567593977574E-015  -3.5944084747814489E-004   1.8245684460839180E-015  -1.2974504275208623E-015   7.1888169495684076E-004  -1.9420197673126355E-016  -3.5944084749157425E-004   1.1606144282689790E-015  -1.0478600971963038E-015   1.0842349491342618E-015   1.7196022985180035E-014  -4.9309948109404950E-002  -9.7414100095521166E-016   6.6565455294562915E-016   9.8619896218788028E-002  -1.3270527396887043E-015  -4.9309948109396644E-002  -5.6737091464473917E-017  -1.9114683336503540E-016  -2.1803404121468303E-015  -1.9673136865177313E-014 -0.95762978418526057       -2.0768422009551317E-016   1.6422744884652144E-015   1.9152595683705167        1.5943524480388807E-015 -0.95762978418526890       -8.9917727183688041E-016  -1.9284962057618927E-016   2.1142113190348021E-016   2.1173657280349151E-014  -4.0732685317341177E-015  -3.9141663178415544E-016   4.9418468149535505E-018   8.1263920416434468E-017
   3.8406997307977613E-016  -8.1920938752527418E-016  -1.8113127633406214E-015   9.8607892697668293E-016   1.6476363292760495E-015   7.1888169496557520E-004  -7.7627367713440795E-016   7.0629770772164485E-016   6.9083447224167479E-016   1.6652483190931548E-015  -1.0339303029696254E-015   1.7861539930451129E-015   1.3978268149973680E-015  -6.5712731344693905E-016  -2.7138499929183697E-015   9.8619896218776940E-002   1.3029787654813477E-015  -1.3425117967276267E-015   1.2986935468487811E-015   6.4514136044874276E-016   3.9784059922208613E-016  -1.8307350840645608E-015  -2.3307466796417700E-016   2.5636299181598639E-016   1.5943524480388807E-015   1.9152595683705722       -2.6534619973809626E-016   2.6037978377377739E-016  -6.5109859445638375E-016  -1.3363060973602696E-015  -5.5200480017973705E-016   2.2134390200472285E-016   1.5178609313422192E-016  -3.0147938976506828E-016  -5.9367807828471028E-016
   1.2696156364624613E-014  -3.5944084747979548E-004  -1.2388395215824080E-015  -2.1801244354597727E-016  -3.5944084748524169E-004   5.1809406527496220E-017   7.1888169496878303E-004  -4.5481345897789231E-016   1.9387078642862914E-015   1.6040381887536513E-015  -3.0843346570675082E-014  -4.9309948109390885E-002   4.9948601163344506E-016  -7.8224170305292124E-016  -4.9309948109394125E-002   9.9659220479222812E-016   9.8619896218783629E-002   4.3555439260405139E-016  -4.5008192043849865E-016   2.5503040156729248E-016   1.0511429151522542E-014 -0.95762978418526712       -2.2450438860385292E-016   1.3997998723688825E-015 -0.95762978418526890       -2.6534619973809626E-016   1.9152595683705307        4.3061253006752166E-017  -1.3466094238048508E-015  -1.8668477925819938E-015   8.4038990969707151E-015  -2.6249954942704810E-015  -1.6119983427956022E-017  -4.8251547650136542E-016  -6.4058444553175756E-016
   1.2088664127439660E-016   8.6105348236457736E-016   4.5799568952806972E-016   9.8605045159560436E-017  -1.9277733015957018E-016  -4.1083889479169190E-018  -8.0035533086354178E-016 -0.17781120056492955        4.6975679631114998E-016  -2.0916655819346032E-015   3.3769730933601354E-016  -6.6416632565792693E-016  -1.6196033564020657E-015   4.4947468476523256E-016   5.3822361349277932E-016   2.8455296746264474E-016  -4.2423056833043298E-016 -0.10891692499197075       -1.3630293250956209E-015   2.6531691357394067E-015   2.1637838237757354E-016   5.4068534278078692E-016   2.3872672436878978E-016  -4.3629806067587143E-016  -8.9917727183688041E-016   2.6037978377377739E-016   4.3061253006752166E-017   1.3727942565552143        1.4379604007085761E-015  -2.3803828103508997E-016   1.8788763719395413E-016  -1.7408032161643755E-016  0.46285899484125309       -1.1241905979253920E-016  -3.0161742108894313E-016
  -2.9943154781101259E-016   2.7727637863793413E-015   3.0556332617003669E-016  -2.8029194315227890E-015  -7.9848770337927098E-016   1.1409900665523130E-015  -1.7424725608881927E-015   2.2158355430392683E-016 -0.17781120056493205        6.7737760804964309E-016   1.8487575176783150E-016  -3.0777142322926512E-015  -1.1043706326648187E-016   2.1185254356230374E-015   1.3497167122802912E-015  -1.0420460971316672E-015   1.7970746529612475E-015  -1.1322975502635495E-015 -0.10891692499197515       -2.6528311695934569E-015  -5.9362320924027753E-017   1.7033120240552226E-015   7.4106061520061092E-016  -8.5659746299767274E-016  -1.9284962057618927E-016  -6.5109859445638375E-016  -1.3466094238048508E-015   1.4379604007085761E-015   1.3727942565552207        2.3782499813897015E-015  -6.0531148153047417E-017   3.4389680940908666E-017   5.3560603760320496E-016  0.46285899484125531        4.2916364228650036E-016
  -4.3336333739108006E-017   4.3791656391351636E-015   3.3220630573226377E-015  -3.5728075058138688E-015  -2.6290937223245151E-015  -1.1005464627725148E-016  -1.6976316498368786E-015  -7.6122526714944087E-016   1.0392785889878454E-016 -0.17781120056493269       -3.5700213269120849E-017  -4.3582553363419163E-015  -2.9492212708338926E-015   3.9056583371294574E-015   2.1759793903677741E-015   5.1767973583251510E-016   2.2314082189846844E-015  -5.7127607731974183E-016  -3.2324551801248611E-015 -0.10891692499197624       -1.8529437276320853E-017   1.6559596745597768E-015   2.6922303609122933E-016  -2.0121796344601280E-015   2.1142113190348021E-016  -1.3363060973602696E-015  -1.8668477925819938E-015  -2.3803828103508997E-016   2.3782499813897015E-015   1.3727942565552251       -1.0074258070892033E-016   4.6128119957669579E-017   1.4904730553065467E-016   2.1563807122847937E-016  0.46285899484125598     
  -2.8438463211783067E-003   7.7108444699456685E-015   5.2269206816911659E-016  -1.3973256828744821E-015  -8.6740913165409251E-016  -2.2395958860597868E-015  -2.2513869217385583E-014  -5.3312385143970228E-016   2.4697688452249154E-016  -2.1206925877132515E-016 -0.53991375733850178        5.2020954687819387E-015  -7.2993973205119695E-016   1.3639020537790876E-015   8.1044821683948817E-015   1.8761911475015900E-015   2.0987636713852934E-014  -5.1191102156479848E-016  -1.9312541966550252E-016   2.1104997064187576E-016  -1.0567255856213096        4.8381225693114571E-015   6.2771284987041754E-016  -3.0392406915894586E-016   2.1173657280349151E-014  -5.5200480017973705E-016   8.4038990969707151E-015   1.8788763719395413E-016  -6.0531148153047417E-017  -1.0074258070892033E-016   5.0502120882924038       -1.3039461715389957        4.5891394090438138E-017  -4.9168298628147045E-017   9.6451114134819519E-020
  -3.2407032537373980E-003  -1.0347334389810912E-014  -4.2991383208626195E-016   1.3074268211299013E-016  -9.9969158771236600E-015   7.4349546249035201E-016  -1.2838987813886459E-014   3.9922314121834635E-016  -7.9928083690253733E-017   7.1352780775461174E-017  -7.0324796405302648E-002  -5.9627919881482086E-015   3.8462607260295864E-016  -3.0092124227267000E-016  -6.3447200654791765E-015  -7.7141401054740420E-016  -3.5042921458998895E-015   4.1880912456923945E-016   4.1705470914034864E-017  -8.5333217355611138E-017 -0.18288679092242227        1.0131934376134738E-014  -3.2895810164741360E-016   1.2173561002388265E-016  -4.0732685317341177E-015   2.2134390200472285E-016  -2.6249954942704810E-015  -1.7408032161643755E-016   3.4389680940908666E-017   4.6128119957669579E-017  -1.3039461715389957       0.50478586893630673       -6.6340751624287836E-017   2.4096549781677224E-017   3.6285392611447789E-018
   4.4547590016876650E-017   2.7438230219030806E-016   1.6050464278807351E-016   2.9421950300457883E-017  -7.2639042779585970E-017   3.4684935558267208E-018  -2.7707550150282172E-016  -8.1010864048219042E-002   1.6342661625258339E-016  -6.9424416484672458E-016   2.0687687467637296E-016  -2.4784639010578702E-016  -5.3691823506314257E-016   1.4679897118331143E-016   1.4349770556988121E-016   9.3806064151776617E-017  -1.6830302596413100E-016  -5.2939016577113931E-002  -4.7112777207584027E-016   8.7356508965673882E-016   7.3997192490439087E-017   2.4791726055419894E-016   1.0617227816243297E-016  -1.9356116613991290E-016  -3.9141663178415544E-016   1.5178609313422192E-016  -1.6119983427956022E-017  0.46285899484125309        5.3560603760320496E-016   1.4904730553065467E-016   4.5891394090438138E-017  -6.6340751624287836E-017  0.15717285750746723       -1.6999739493157475E-017  -2.3225643413713297E-017
  -7.8937624430227945E-017   9.1415025442972538E-016   1.2223918425632644E-016  -9.3593971157908322E-016  -2.7512878031473678E-016   3.6747144098022078E-016  -5.8186413287708882E-016   6.0913209731489795E-017  -8.1010864048219569E-002   2.5742366235440944E-016   5.4624020216758175E-017  -1.0265389898822575E-015  -4.7446126209503240E-017   7.1035855425988166E-016   4.4940335046193846E-016  -3.4203099911510112E-016   5.9878680498676695E-016  -3.9200600095634240E-016  -5.2939016577115618E-002  -8.8531184844838144E-016  -3.1718161549904892E-017   5.3461718034684125E-016   3.2733969138445219E-016  -2.1739991681800508E-016   4.9418468149535505E-018  -3.0147938976506828E-016  -4.8251547650136542E-016  -1.1241905979253920E-016  0.46285899484125531        2.1563807122847937E-016  -4.9168298628147045E-017   2.4096549781677224E-017  -1.6999739493157475E-017  0.15717285750746798       -4.6661562756579745E-017
  -1.3298079986723559E-017   1.4675112505543841E-015   1.1217156984860615E-015  -1.2042005430216899E-015  -8.8096733047161771E-016  -4.7466995852790442E-017  -5.6981825186943851E-016  -2.7407838812279055E-016   2.3092632771216136E-017  -8.1010864048219985E-002  -1.2335001680480898E-017  -1.4536511821058686E-015  -9.8114789915922294E-016   1.2990146159465155E-015   7.2578133127363929E-016   1.6851032056141376E-016   7.4457201287413042E-016  -2.1689178586952786E-016  -1.0959784186116224E-015  -5.2939016577116332E-002  -4.9324288865489703E-018   5.5982530590927128E-016   1.2514501883986463E-016  -7.2764860007767110E-016   8.1263920416434468E-017  -5.9367807828471028E-016  -6.4058444553175756E-016  -3.0161742108894313E-016   4.2916364228650036E-016  0.46285899484125598        9.6451114134819519E-020   3.6285392611447789E-018  -2.3225643413713297E-017  -4.6661562756579745E-017  0.15717285750746796     
