   4.9516092040390123E-003  -2.5528811492725638E-010  -1.3626354001279088E-010  -1.7094463619582370E-009  -3.4435626778154065E-010  -6.4229058836703060E-010   4.3737718722841838E-010  -8.7672730198623428E-011  -2.6325758934034817E-010   4.3202900657634643E-010   9.0074824625437282E-011   5.3517925247379243E-002  -7.7886215361774609E-011  -5.4023549101324725E-011  -9.7242325118891811E-010  -6.2893447280618177E-010   1.3674717105944696E-010   2.1999734945840362E-010  -2.0421795613875870E-010   7.5242566545767053E-010   4.5647324527475575E-010   4.9012759355541294E-002  -2.1615211109502583E-011  -3.4235946430849794E-011  -1.0516540611620735E-010  -4.6551254514984487E-011  -3.2843448429047578E-011   4.1788243365119628E-011  -1.0143078585199968E-011   6.3377083832508090E-011  -3.1580992862071194E-002   2.9520120312034522E-011   2.9769917365944252E-011  -7.9293852535946157E-011   2.1670303443989177E-010   2.2526183988629336E-010  -1.6658443909493060E-010  -8.0575598427037833E-012   6.5685785471322561E-011  -2.0864539676146835E-010   2.4180774796866778E-011   8.7029900973961075E-003  -9.7518672165300645E-012  -9.8099282221515011E-012  -7.8457879860337685E-012
  -2.5528811492725638E-010   4.9516092311509318E-003  -3.4804939962079545E-010  -1.1510986537348547E-009  -8.7280544783138039E-010  -1.7333947058491103E-010   2.3205141387344172E-010  -1.1119093332639821E-010   3.3799016983847072E-010   9.8399701205520512E-010  -4.6308016875630815E-011  -2.6249973774220695E-009   5.3517925435469967E-002  -3.7153318284906178E-009  -6.3551657863502901E-010  -2.6856447466296560E-010   1.1072699886636196E-010   9.7953281708874006E-011  -3.7990442346905275E-012   5.3756373583960998E-010  -2.0850457918115539E-010  -2.4158055654540958E-009   4.9012759432890574E-002  -3.4457161403782603E-009  -2.8639327417682999E-012  -8.2500610252368814E-011   3.4532816540610926E-012  -3.5704118234157017E-011  -3.5809359011695832E-011   3.8568283485278618E-011   1.5745155202661980E-009  -3.1580992924813742E-002   2.2420011476965575E-009   3.1668028807855108E-010   2.9851317528610251E-010  -5.8243566143355080E-011  -5.1201665473900200E-011  -1.1172840603083310E-010  -1.1662533461050122E-010  -1.8678501550195722E-010  -6.5864412735492379E-011  -5.0896071304779342E-010   8.7029901177942456E-003  -7.2466059912474824E-010   2.3507058205994380E-011
  -1.3626354001279088E-010  -3.4804939962079545E-010   4.9516089025209379E-003  -3.5429694974294154E-010  -5.1857718224383124E-013   3.6768290142039516E-010   2.3807616036585545E-010   1.0707174186643118E-009   8.3227035164875942E-010  -1.0701990235955009E-009  -3.8366398568370015E-010  -1.3763310693294203E-009   5.3162648331353384E-011   5.3517923638433378E-002   2.4518981343243361E-010   3.3153054595549482E-010  -2.1294821124137117E-011   7.8175950730376104E-010   1.8020549235367767E-010  -1.0269494046186490E-009   1.7692027899733431E-010  -1.2811897409626336E-009   9.5954058181188257E-011   4.9012757931049866E-002   2.6802469244228637E-011   1.2742105235123491E-011  -7.5383623420248768E-011   4.7750352110023551E-011  -1.9591822262925185E-011  -7.4552945968817486E-011   8.3412286426236536E-010  -4.4000021495280714E-011  -3.1580991922692640E-002   3.3655195659306131E-011  -5.2106164286125726E-011  -1.1976647904655704E-010  -1.8169787323311248E-010  -2.6489041703588473E-010  -1.4238301580654932E-010   3.1699535612657598E-010   1.4134213271468582E-012  -2.6972261695944549E-010   1.4016338395322153E-011   8.7029897938493972E-003   4.8744706253719630E-013
  -1.7094463619582370E-009  -1.1510986537348547E-009  -3.5429694974294154E-010   1.0459040580197774E-004   1.1009177483180036E-012  -1.3825118328241305E-012  -1.4132348008340711E-013   4.9314407372059432E-013  -2.8759885521267182E-012  -1.5937711138411383E-012   4.4374579105493058E-003  -1.8430515074814670E-008  -1.2373559670798968E-008  -3.8055289914828040E-009   4.8452446089693164E-013   9.0972368616724421E-013   1.1461942715591535E-012  -1.2336749028409295E-012   8.1790366358104284E-013   7.4570014324756596E-013   1.1974727270696187E-002  -1.6902613422830388E-008  -1.1324740706529809E-008  -3.4926130000714470E-009   4.3711146852835491E-013  -9.9454461748010510E-012   9.9954237432168843E-013   1.1212911697961373E-011   1.9381686499110090E-013  -1.1652268662841689E-011   1.0458672130930114E-008   7.1749592525585565E-009   1.9442574784194283E-009  -4.8000494286705468E-003   6.3512433682074315E-013  -3.2095928367154958E-011   2.6877365018707033E-012   3.8012656679265831E-011   1.7960970161439298E-012  -3.8648449561104579E-011  -2.4184906182249627E-003  -3.3275461847355487E-009  -2.3007835961321815E-009  -5.9399464947757151E-010   2.1150181552177295E-003
  -3.4435626778154065E-010  -8.7280544783138039E-010  -5.1857718224383124E-013   1.1009177483180036E-012   1.5388669355546463E-006  -3.2452113705897705E-014  -6.6471914678702193E-016  -7.6943347667479058E-007   3.4028626372388886E-014  -7.6943345889862278E-007   5.2139790018927355E-011  -3.7214119730783053E-009  -9.4381563385226780E-009  -6.1560086087277678E-012   2.8229989208990051E-005  -1.2852774611543802E-013   5.4647062810914192E-014  -1.4114994706048250E-005   2.8537856281255757E-013  -1.4114994503010881E-005   1.3867040914121087E-010  -3.4086255772783580E-009  -8.6385192061811942E-009  -4.7465601370101144E-012   4.6373502438458930E-004  -2.1411047127803614E-012   1.0894557456948392E-012  -2.3186751398776768E-004   4.7563121279591146E-012  -2.3186751039686292E-004   2.1638681502019310E-009   5.6815810279231050E-009   3.4081791102175385E-011  -1.0235740124645959E-010   1.4900714439689002E-003  -6.8654926857084875E-012   3.5869553151095129E-012  -7.4503572763935265E-004   1.5202745288966591E-011  -7.4503571632961380E-004   2.1344874232742474E-011  -6.8871638905957104E-010  -1.8425019544856263E-009  -1.5691281317389591E-011  -7.6601203229434788E-012
  -6.4229058836703060E-010  -1.7333947058491103E-010   3.6768290142039516E-010  -1.3825118328241305E-012  -3.2452113705897705E-014   1.5388669753262199E-006  -7.7091167285906013E-015   2.5775504961137294E-014  -5.1835016034312639E-014   6.6770415131997420E-015  -6.3627342142156101E-011  -6.9445018739945081E-009  -1.8710639139712877E-009   3.9756890541082914E-009  -4.5727919555823710E-013   2.8229989567306085E-005  -1.9396843951346498E-013   3.9748867917441437E-013  -4.2874088270717922E-013   5.9794743729869976E-014  -1.6966680039475484E-010  -6.3573302141739595E-009  -1.7164532035291392E-009   3.6387775805821342E-009  -7.6680157703126004E-012   4.6373503040164627E-004  -3.2879068714740527E-012   6.6064014275185176E-012  -6.9913130219116462E-012   1.0616177839489031E-012   4.1206436764272922E-009   1.0076519996589548E-009  -2.4016175169028339E-009   1.2194125364314928E-010  -2.4626925249149268E-011   1.4900714632443913E-003  -1.0494566728692358E-011   2.1307326408938271E-011  -2.2454224326394147E-011   3.3196000872503835E-012  -2.4386443691280316E-011  -1.3283595894083814E-009  -3.1031215039726812E-010   7.7929399320228550E-010   8.8931137278301657E-012
   4.3737718722841838E-010   2.3205141387344172E-010   2.3807616036585545E-010  -1.4132348008340711E-013  -6.6471914678702193E-016  -7.7091167285906013E-015   1.5388669021399917E-006  -2.4638714935346687E-016  -1.5285788790580163E-014   9.1091309875909426E-016  -6.7492422485150918E-012   4.7311273337889826E-009   2.5090101702777113E-009   2.5774983217658555E-009  -8.5213715425512864E-014   5.6169195663581074E-014   2.8229988922155933E-005  -1.0247639285903176E-015  -4.7578174814319199E-014   8.6241609935462880E-014  -1.7957585323801961E-011   4.3284269031172628E-009   2.2968788955250696E-009   2.3560236182716308E-009  -1.3116094895492895E-012   9.4266831784937449E-013   4.6373501935595857E-004  -1.8583264263263897E-013  -8.1406181780603203E-013   1.4974446670211426E-012  -2.8878227121374322E-009  -1.4943189081298267E-009  -1.6296433740321875E-009   1.2200389017001961E-011  -4.1273203732739540E-012   3.0997109551205308E-012   1.4900714278517761E-003  -6.9817062351559945E-013  -2.5538536835269584E-012   4.8254904121494621E-012  -2.1121368941809340E-012   9.4299370473922338E-010   4.8278075247676404E-010   5.4057929780297871E-010   8.0596779973744325E-013
  -8.7672730198623428E-011  -1.1119093332639821E-010   1.0707174186643118E-009   4.9314407372059432E-013  -7.6943347667479058E-007   2.5775504961137294E-014  -2.4638714935346687E-016   1.5388669341024475E-006  -2.0376408588136529E-014  -7.6943345743563320E-007   2.1150065018820060E-011  -9.4909926153422872E-010  -1.2004650734877056E-009   1.1576115092749607E-008  -1.4114994655094265E-005   6.9103148958059558E-014   1.9748726721988920E-014   2.8229989192736451E-005  -4.0508759124472061E-013  -1.4114994537663924E-005   5.6782581866659132E-011  -8.6735179493394068E-010  -1.1007293266649266E-009   1.0597934414313269E-008  -2.3186751317132997E-004   1.0911295629947216E-012   1.5078690447277038E-013   4.6373502418125227E-004  -6.7434910388013701E-012  -2.3186751100997532E-004   6.1295994368215558E-010   6.5635178643468181E-010  -6.8906667515823667E-009  -3.8550272582393151E-011  -7.4503572501922349E-004   3.5869617215848815E-012   3.8201044404849276E-013   1.4900714432221234E-003  -2.1585647412841421E-011  -7.4503571820316438E-004   6.9620609434281495E-012  -2.0540033557771328E-010  -2.0438397119523765E-010   2.2241278820470755E-009  -2.6479132230648881E-012
  -2.6325758934034817E-010   3.3799016983847072E-010   8.3227035164875942E-010  -2.8759885521267182E-012   3.4028626372388886E-014  -5.1835016034312639E-014  -1.5285788790580163E-014  -2.0376408588136529E-014   1.5388669498292856E-006  -1.3651679919484207E-014  -1.3603250015148716E-010  -2.8463555106598119E-009   3.6563845320752934E-009   8.9992500429226753E-009   3.3485653574543544E-013  -5.2641711452335440E-013  -2.2648233434185575E-013   2.3096136122232447E-014   2.8229989345368833E-005  -3.5795227966944441E-013  -3.6205066940334510E-010  -2.6053264709715496E-009   3.3449700507414445E-009   8.2379274866263233E-009   5.5515448932088847E-012  -8.6593193172389839E-012  -3.8345189654645470E-012   5.0797807296232389E-013   4.6373502653614471E-004  -6.0595247841390209E-012   1.7177468777266069E-009  -2.2248945409843310E-009  -5.3790663533546370E-009   2.6277199719873676E-010   1.7759171079626756E-011  -2.7812539835793392E-011  -1.2258103896390383E-011   1.7141120577357220E-012   1.4900714508782041E-003  -1.9473288998164971E-011  -5.3435624009087102E-011  -5.5722289994562193E-010   7.2653458907124248E-010   1.7411677027297959E-009   1.9364209279591824E-011
   4.3202900657634643E-010   9.8399701205520512E-010  -1.0701990235955009E-009  -1.5937711138411383E-012  -7.6943345889862278E-007   6.6770415131997420E-015   9.1091309875909426E-016  -7.6943345743563320E-007  -1.3651679919484207E-014   1.5388669163609994E-006  -7.3275779932264685E-011   4.6705112820174085E-009   1.0638628250425518E-008  -1.1569961003171092E-008  -1.4114994554240061E-005   5.9432536850159477E-014  -7.4399334047648622E-014  -1.4114994486834524E-005   1.1971889531377279E-013   2.8229989041165400E-005  -1.9541569854260075E-010   4.2759774243476105E-009   9.7392548967808188E-009  -1.0593189690528326E-008  -2.3186751121891474E-004   1.0501055760765430E-012  -1.2403008763225747E-012  -2.3186751019588827E-004   1.9873409945113659E-012   4.6373502141489731E-004  -2.7768306239126459E-009  -6.3379258325725326E-009   6.8565822253885377E-009   1.4087150836423677E-010  -7.4503571896784859E-004   3.2789500492780328E-012  -3.9691528512508303E-012  -7.4503571559049432E-004   6.3834229304606166E-012   1.4900714345586733E-003  -2.8311336320207269E-011   8.9411276899958384E-010   2.0468872689645583E-009  -2.2084316461220417E-009   1.0299964125202862E-011
   9.0074824625437282E-011  -4.6308016875630815E-011  -3.8366398568370015E-010   4.4374579105493058E-003   5.2139790018927355E-011  -6.3627342142156101E-011  -6.7492422485150918E-012   2.1150065018820060E-011  -1.3603250015148716E-010  -7.3275779932264685E-011  0.21166578920826834        3.2164673723328688E-009   2.8205736960825618E-009  -3.0833560314834672E-009   2.3027623906775832E-011   7.2042997772427817E-011   5.1271297233953541E-011  -9.3445231853410424E-011   3.5720750143438489E-011   7.0264499607041321E-011  0.56288236243552658        1.9816720467966898E-009   2.8983317619086351E-009  -2.9741847689959538E-009   1.4188619609152612E-011   1.9248913270409573E-011  -6.2519111445581042E-013  -5.3347649432156635E-011  -2.4431788176493199E-011   3.9055479353603607E-011   4.0350935459893621E-010  -1.1267209168130867E-009   2.9995022733820258E-009 -0.42583607606824936        1.0847546239725083E-011   5.2821817637399272E-011  -2.5060474917966274E-011  -7.4484430212343721E-011  -2.3679137332127555E-011   6.3527162282464940E-011   9.7958936382788533E-002  -3.0618515661046790E-010   2.9827268145819606E-010  -1.0790668070958337E-009  -3.8539481383510883E-002
   5.3517925247379243E-002  -2.6249973774220695E-009  -1.3763310693294203E-009  -1.8430515074814670E-008  -3.7214119730783053E-009  -6.9445018739945081E-009   4.7311273337889826E-009  -9.4909926153422872E-010  -2.8463555106598119E-009   4.6705112820174085E-009   3.2164673723328688E-009  0.57866722317628638        6.1794286111156930E-010   4.6343183135488850E-010  -1.0489277210884216E-008  -6.8082198863633844E-009   1.5179770713321102E-009   2.3596393313931968E-009  -2.2095922423287277E-009   8.1296353029117008E-009   1.0960373070318630E-008  0.52971120631202917        1.1035021840442835E-009   5.8889350160013747E-010  -7.1877495008197289E-010  -6.3872541626720676E-010   3.0899666159074295E-010   1.3079883988217811E-010  -1.3575844454765042E-010   5.8797525749837509E-010 -0.34732690482709228       -5.2318839032180499E-010  -3.0598039326544435E-010  -4.0529857109849440E-009   3.6806099785497333E-009   2.0009440402619955E-009   3.2549369943204882E-010  -1.1143917956800772E-009   6.2676654195697284E-010  -2.5662173435616060E-009   5.8792239691089205E-010  0.11738855083671174        1.6303778856683668E-010   9.6555845492223025E-011  -2.5469519500751220E-010
  -7.7886215361774609E-011   5.3517925435469967E-002   5.3162648331353384E-011  -1.2373559670798968E-008  -9.4381563385226780E-009  -1.8710639139712877E-009   2.5090101702777113E-009  -1.2004650734877056E-009   3.6563845320752934E-009   1.0638628250425518E-008   2.8205736960825618E-009   6.1794286111156930E-010  0.57866722407458782        1.0894019676499539E-009  -6.9009677334527073E-009  -2.8563549709014655E-009   1.2005984256769254E-009   1.0857789442398108E-009  -4.5137452666955593E-012   5.8151935005268511E-009   6.6068223766265871E-009   4.2984524455109873E-010  0.52971120610814093        5.1856949306490414E-010  -5.3031041657103859E-010  -9.5804895929994325E-011   9.4879902241990571E-011   6.2076622783868203E-011   2.2966574004788873E-010   4.6823630102392551E-010  -2.7702518473277680E-010 -0.34732690489014945       -3.9603795828618142E-010  -2.6144062334117427E-009   1.6272531233606303E-009   1.9197634610132165E-009  -3.6912918373593907E-010   2.2796068631046627E-010   7.1419130972162812E-010  -1.8552163835672500E-009   4.2004538793333717E-010   8.7475407701026014E-011  0.11738855086110642        1.2657884458160999E-010  -1.7298799011926340E-010
  -5.4023549101324725E-011  -3.7153318284906178E-009   5.3517923638433378E-002  -3.8055289914828040E-009  -6.1560086087277678E-012   3.9756890541082914E-009   2.5774983217658555E-009   1.1576115092749607E-008   8.9992500429226753E-009  -1.1569961003171092E-008  -3.0833560314834672E-009   4.6343183135488850E-010   1.0894019676499539E-009  0.57866722362973022        2.6430653700465540E-009   3.5916780752676458E-009  -1.7241235112085400E-010   8.4543251043318193E-009   1.9680394416691303E-009  -1.1097391334044897E-008   4.7826113595534446E-009   1.9551710766975372E-010   1.5090954582593493E-009  0.52971120725268117        1.5542469365045366E-010   2.5707050565872616E-010   1.5765091686000855E-010   5.4750818142177216E-010   1.2208673714795822E-010  -7.0293419676760468E-010  -1.5668437280621852E-010  -7.5737391020845002E-010 -0.34732690526596444       -9.2896652572553757E-010  -9.9278526446547996E-010  -9.1272209497527769E-010   1.1509086580683760E-009  -2.7627839527656265E-009  -4.6960999933966874E-010   3.7555559975103615E-009   4.4524824873753890E-011   5.0471493314861922E-011   2.3746832177644251E-010  0.11738855097185744       -4.0574522095498475E-011
  -9.7242325118891811E-010  -6.3551657863502901E-010   2.4518981343243361E-010   4.8452446089693164E-013   2.8229989208990051E-005  -4.5727919555823710E-013  -8.5213715425512864E-014  -1.4114994655094265E-005   3.3485653574543544E-013  -1.4114994554240061E-005   2.3027623906775832E-011  -1.0489277210884216E-008  -6.9009677334527073E-009   2.6430653700465540E-009   5.1786952621401291E-004   1.9531336881978554E-013  -3.5865816027845375E-013  -2.5893476286954184E-004  -8.8599575010289665E-014  -2.5893476334573829E-004   5.9444865991409505E-011  -9.6136181303220010E-009  -6.2899537984228500E-009   2.4273331044235579E-009   8.5070608986207077E-003   2.6864901049602878E-012  -2.3818796458232983E-012  -4.2535304477289157E-003  -1.9731700630139506E-013  -4.2535304508925509E-003   6.6607816663788436E-009   4.0322673915382511E-009  -1.6815121892458298E-009  -4.9575242102009766E-011   2.7334852557151595E-002   8.8955104928321030E-012  -6.0701790441804659E-012  -1.3667426271396849E-002  -2.1054768554849295E-012  -1.3667426285755959E-002   1.1851928960201625E-011  -2.2048543437979785E-009  -1.2915837662473697E-009   5.5786002132344593E-010  -4.0091916555314403E-012
  -6.2893447280618177E-010  -2.6856447466296560E-010   3.3153054595549482E-010   9.0972368616724421E-013  -1.2852774611543802E-013   2.8229989567306085E-005   5.6169195663581074E-014   6.9103148958059558E-014  -5.2641711452335440E-013   5.9432536850159477E-014   7.2042997772427817E-011  -6.8082198863633844E-009  -2.8563549709014655E-009   3.5916780752676458E-009   1.9531336881978554E-013   5.1786952595780922E-004   5.1922469135458327E-014  -8.4863772862976236E-014  -5.1855293411104664E-014  -1.1037204778489554E-013   1.8781816945386723E-010  -6.2182286278246608E-009  -2.6479661730574295E-009   3.2761219065084860E-009   3.8869485895950760E-013   8.5070608967983598E-003  -1.0170928470699317E-012   2.3127452392155109E-014   1.0668107687770703E-013  -4.1175918488523886E-013   4.1343215551884572E-009   2.0524682886475408E-009  -2.1718693452190103E-009  -1.2865795237934558E-010   1.4690632191073760E-012   2.7334852550222652E-002  -1.9820078737909749E-012   1.5359638850073444E-012   5.3084275816508474E-013  -3.0050042259066823E-012   2.3641154942090116E-011  -1.3466990019186177E-009  -7.0949417304571920E-010   7.0437184220917581E-010  -8.9440598800191337E-012
   1.3674717105944696E-010   1.1072699886636196E-010  -2.1294821124137117E-011   1.1461942715591535E-012   5.4647062810914192E-014  -1.9396843951346498E-013   2.8229988922155933E-005   1.9748726721988920E-014  -2.2648233434185575E-013  -7.4399334047648622E-014   5.1271297233953541E-011   1.5179770713321102E-009   1.2005984256769254E-009  -1.7241235112085400E-010  -3.5865816027845375E-013   5.1922469135458327E-014   5.1786952690156905E-004   4.3841731451209208E-013   1.2773319809924003E-013  -7.9701724815786277E-014   1.3721690313393307E-010   1.3540016037277446E-009   1.0958504814877232E-009  -1.9850558632754392E-010  -4.3041865997171508E-012   1.2041689720566734E-012   8.5070609040592479E-003   4.1200895930155416E-012   1.4994822577013107E-012   1.8414350738443799E-013  -6.5354473653468639E-010  -7.0737893300041205E-010   5.0084738190478498E-010  -9.9441114890929592E-011  -1.2232700053836645E-011   5.1661769313062278E-012   2.7334852575374644E-002   1.1385448818764082E-011   5.9533304913859822E-012   8.4724051221875397E-013   2.0017026079650505E-011   1.7840857496920140E-010   2.2770222146737931E-010  -2.1329551884261005E-010  -7.2595417647628675E-012
   2.1999734945840362E-010   9.7953281708874006E-011   7.8175950730376104E-010  -1.2336749028409295E-012  -1.4114994706048250E-005   3.9748867917441437E-013  -1.0247639285903176E-015   2.8229989192736451E-005   2.3096136122232447E-014  -1.4114994486834524E-005  -9.3445231853410424E-011   2.3596393313931968E-009   1.0857789442398108E-009   8.4543251043318193E-009  -2.5893476286954184E-004  -8.4863772862976236E-014   4.3841731451209208E-013   5.1786952612629033E-004  -9.3796643653829937E-014  -2.5893476325714721E-004  -2.4172771810854382E-010   2.1750669141266131E-009   9.7930358840534135E-010   7.7315828578241752E-009  -4.2535304480713007E-003  -2.1754122475287188E-012   4.0141133209006912E-012   8.5070608983449040E-003  -3.1627668687408088E-012  -4.2535304502745747E-003  -1.6006325514535136E-009  -5.0187324747269506E-010  -5.1719770488799206E-009   1.7257458098010908E-010  -1.3667426272555504E-002  -5.5042065663559025E-012   1.1017573146430456E-011   2.7334852554551703E-002  -8.6486349324203853E-012  -1.3667426282001051E-002  -3.3962832572383133E-011   5.4301437584650533E-010   1.4264500329299074E-010   1.6877586349480630E-009   1.2474295441625744E-011
  -2.0421795613875870E-010  -3.7990442346905275E-012   1.8020549235367767E-010   8.1790366358104284E-013   2.8537856281255757E-013  -4.2874088270717922E-013  -4.7578174814319199E-014  -4.0508759124472061E-013   2.8229989345368833E-005   1.1971889531377279E-013   3.5720750143438489E-011  -2.2095922423287277E-009  -4.5137452666955593E-012   1.9680394416691303E-009  -8.8599575010289665E-014  -5.1855293411104664E-014   1.2773319809924003E-013  -9.3796643653829937E-014   5.1786952641842817E-004   1.8240341105427947E-013   9.7556905935823096E-011  -2.0169426240713776E-009  -3.5607210585425691E-011   1.7880918411101482E-009  -5.0875733292085952E-013  -1.0484306880904749E-012   4.7096200080719303E-015   8.5563470050656436E-013   8.5070609003134942E-003  -3.4691071921152169E-013   1.3547694252268732E-009   2.9057872622257021E-010  -1.0002564746282763E-009  -6.0193317224593789E-011  -3.0839601129107063E-012  -3.1563708932162776E-012   1.1698852719346899E-012   4.2525051923648847E-012   2.7334852562515066E-002  -1.1686525910383589E-012   9.0357821610305441E-012  -4.4113984855758110E-010  -1.3000325831071592E-010   3.0206535140456239E-010  -3.7589103228203189E-012
   7.5242566545767053E-010   5.3756373583960998E-010  -1.0269494046186490E-009   7.4570014324756596E-013  -1.4114994503010881E-005   5.9794743729869976E-014   8.6241609935462880E-014  -1.4114994537663924E-005  -3.5795227966944441E-013   2.8229989041165400E-005   7.0264499607041321E-011   8.1296353029117008E-009   5.8151935005268511E-009  -1.1097391334044897E-008  -2.5893476334573829E-004  -1.1037204778489554E-013  -7.9701724815786277E-014  -2.5893476325714721E-004   1.8240341105427947E-013   5.1786952660455153E-004   1.8187124576102532E-010   7.4385488589257228E-009   5.3106546231379501E-009  -1.0158916838152915E-008  -4.2535304505702254E-003  -5.0980397020082075E-013  -1.6312902797148796E-012  -4.2535304506225386E-003   3.3602020249031542E-012   8.5070609011944943E-003  -5.0601490407412680E-009  -3.5303899805859497E-009   6.8534847843924229E-009  -1.2284388667858968E-010  -1.3667426284662984E-002  -3.3872106781488153E-012  -4.9443627877393676E-012  -1.3667426283175901E-002   1.0754491427622630E-011   2.7334852567844948E-002   2.2078303030348878E-011   1.6618375824784723E-009   1.1489354015584355E-009  -2.2456135897926768E-009  -8.4571573612409253E-012
   4.5647324527475575E-010  -2.0850457918115539E-010   1.7692027899733431E-010   1.1974727270696187E-002   1.3867040914121087E-010  -1.6966680039475484E-010  -1.7957585323801961E-011   5.6782581866659132E-011  -3.6205066940334510E-010  -1.9541569854260075E-010  0.56288236243552658        1.0960373070318630E-008   6.6068223766265871E-009   4.7826113595534446E-009   5.9444865991409505E-011   1.8781816945386723E-010   1.3721690313393307E-010  -2.4172771810854382E-010   9.7556905935823096E-011   1.8187124576102532E-010   1.4996371026701556        7.3644849242938228E-009   6.8507147256220465E-009   3.9119578750209127E-009   1.0496125616308680E-011  -1.8621338325306317E-011   1.0167115792711957E-011  -2.3932120925306216E-011  -3.0085061799897768E-011   1.3159446075289158E-011  -6.7762781991603736E-009  -4.8865093862157168E-009  -3.5151529658674338E-009  -1.0590446621518896       -5.9369292041552697E-011  -8.2976829538832720E-011  -2.9352690002240014E-011   1.7999748611100470E-010   4.9510543682492444E-011  -1.2088777423500685E-010  0.19914220427205936        2.3469623102728030E-009   1.6309449798990062E-009   1.2275120441431310E-009  -6.8798260433301103E-002
   4.9012759355541294E-002  -2.4158055654540958E-009  -1.2811897409626336E-009  -1.6902613422830388E-008  -3.4086255772783580E-009  -6.3573302141739595E-009   4.3284269031172628E-009  -8.6735179493394068E-010  -2.6053264709715496E-009   4.2759774243476105E-009   1.9816720467966898E-009  0.52971120631202917        4.2984524455109873E-010   1.9551710766975372E-010  -9.6136181303220010E-009  -6.2182286278246608E-009   1.3540016037277446E-009   2.1750669141266131E-009  -2.0169426240713776E-009   7.4385488589257228E-009   7.3644849242938228E-009  0.48539218742443069        8.8453086960300365E-010   3.2925218765196936E-010  -9.2028996188163092E-010  -3.5706231377483930E-010  -3.6122203791105453E-010   4.0574680781316310E-010  -3.4029079934701454E-011   5.1454235045774788E-010 -0.28882282753706362       -4.4693635707340028E-010  -1.5900096030692002E-010  -2.5505642396724731E-009   2.5429877710884406E-009   2.5567209110172989E-009  -1.7453869611894316E-009  -1.1396313417938854E-010   8.6240783743640920E-010  -2.4290238600789513E-009   5.2857538816965981E-010   7.9962187786799796E-002   1.4424226034656293E-010   5.1115537898264898E-011  -1.9547814147533186E-010
  -2.1615211109502583E-011   4.9012759432890574E-002   9.5954058181188257E-011  -1.1324740706529809E-008  -8.6385192061811942E-009  -1.7164532035291392E-009   2.2968788955250696E-009  -1.1007293266649266E-009   3.3449700507414445E-009   9.7392548967808188E-009   2.8983317619086351E-009   1.1035021840442835E-009  0.52971120610814093        1.5090954582593493E-009  -6.2899537984228500E-009  -2.6479661730574295E-009   1.0958504814877232E-009   9.7930358840534135E-010  -3.5607210585425691E-011   5.3106546231379501E-009   6.8507147256220465E-009   8.8453086960300365E-010  0.48539218629882563        9.4180358614835803E-010  -5.8047465904891439E-012  -7.0764700554974189E-010   3.0328064150907956E-011  -2.1875375122168006E-010  -3.7149888726623795E-010   2.2456081399392665E-010  -6.2848185512488533E-010 -0.28882282695613037       -7.2750836637073832E-010  -3.2536199537061258E-009   3.0134259085824591E-009  -2.0504292513199181E-010  -5.1750476292247835E-010  -6.6287843635892369E-010  -1.1905908924494255E-009  -2.3505499985302455E-009   6.3549939932875559E-010   2.0699515289825776E-010   7.9962187602111448E-002   2.4114137162371378E-010  -2.3714104534544554E-010
  -3.4235946430849794E-011  -3.4457161403782603E-009   4.9012757931049866E-002  -3.4926130000714470E-009  -4.7465601370101144E-012   3.6387775805821342E-009   2.3560236182716308E-009   1.0597934414313269E-008   8.2379274866263233E-009  -1.0593189690528326E-008  -2.9741847689959538E-009   5.8889350160013747E-010   5.1856949306490414E-010  0.52971120725268117        2.4273331044235579E-009   3.2761219065084860E-009  -1.9850558632754392E-010   7.7315828578241752E-009   1.7880918411101482E-009  -1.0158916838152915E-008   3.9119578750209127E-009   3.2925218765196936E-010   9.4180358614835803E-010  0.48539218876473567        2.8989034351100201E-010   4.2321769158610715E-011  -6.1383845290453620E-010   3.9009212648452243E-010  -1.5143639694642675E-010  -6.7998374634959066E-010  -2.6122896247364485E-010  -4.5926609359011674E-010 -0.28882282832933304       -1.0162811832854593E-009  -4.4049924355683052E-010  -1.4508385154143178E-009  -1.3468812761924239E-009  -2.8860114162136566E-009  -1.2643928776479852E-009   3.3264983801703263E-009   2.3114559688418808E-010   8.6504749214806494E-011   1.4838802878438918E-010   7.9962188045341887E-002  -8.3597476725385819E-011
  -1.0516540611620735E-010  -2.8639327417682999E-012   2.6802469244228637E-011   4.3711146852835491E-013   4.6373502438458930E-004  -7.6680157703126004E-012  -1.3116094895492895E-012  -2.3186751317132997E-004   5.5515448932088847E-012  -2.3186751121891474E-004   1.4188619609152612E-011  -7.1877495008197289E-010  -5.3031041657103859E-010   1.5542469365045366E-010   8.5070608986207077E-003   3.8869485895950760E-013  -4.3041865997171508E-012  -4.2535304480713007E-003  -5.0875733292085952E-013  -4.2535304505702254E-003   1.0496125616308680E-011  -9.2028996188163092E-010  -5.8047465904891439E-012   2.8989034351100201E-010  0.13974578821417930       -2.1421541205397889E-012  -1.3060588330346903E-011  -6.9872894124803048E-002   1.2322850288596087E-011  -6.9872894089388682E-002   2.5506330042861032E-010   4.3968011575545968E-010  -5.7247358091211134E-011  -5.6062912527393817E-012  0.44903058316379157       -2.5562885028464849E-012  -1.5958230983716425E-011 -0.22451529160435596        1.5424405121436179E-011 -0.22451529155945549       -3.0235738081050071E-013   2.3010506557014714E-011  -1.9013763748225687E-010  -2.0507697872822207E-011  -9.9466804126804619E-014
  -4.6551254514984487E-011  -8.2500610252368814E-011   1.2742105235123491E-011  -9.9454461748010510E-012  -2.1411047127803614E-012   4.6373503040164627E-004   9.4266831784937449E-013   1.0911295629947216E-012  -8.6593193172389839E-012   1.0501055760765430E-012   1.9248913270409573E-011  -6.3872541626720676E-010  -9.5804895929994325E-011   2.5707050565872616E-010   2.6864901049602878E-012   8.5070608967983598E-003   1.2041689720566734E-012  -2.1754122475287188E-012  -1.0484306880904749E-012  -5.0980397020082075E-013  -1.8621338325306317E-011  -3.5706231377483930E-010  -7.0764700554974189E-010   4.2321769158610715E-011  -2.1421541205397889E-012  0.13974578822339859       -1.0944659975444584E-011  -1.2450203686938363E-011  -1.4668746490114617E-012   1.4593394785975075E-011   4.1974660505978277E-010  -2.1716072844892111E-010  -1.5714133773516846E-010  -1.2115179327598050E-012  -3.2658218940491231E-012  0.44903058317578115       -1.4040600272744759E-011  -1.5994189019339469E-011  -1.6238750972408548E-012   1.9260386744761121E-011   3.2051864296042019E-012  -1.2626913712792367E-010   1.9192111800428390E-010   6.3946464532413312E-011  -7.3167344692807519E-013
  -3.2843448429047578E-011   3.4532816540610926E-012  -7.5383623420248768E-011   9.9954237432168843E-013   1.0894557456948392E-012  -3.2879068714740527E-012   4.6373501935595857E-004   1.5078690447277038E-013  -3.8345189654645470E-012  -1.2403008763225747E-012  -6.2519111445581042E-013   3.0899666159074295E-010   9.4879902241990571E-011   1.5765091686000855E-010  -2.3818796458232983E-012  -1.0170928470699317E-012   8.5070609040592479E-003   4.0141133209006912E-012   4.7096200080719303E-015  -1.6312902797148796E-012   1.0167115792711957E-011  -3.6122203791105453E-010   3.0328064150907956E-011  -6.1383845290453620E-010  -1.3060588330346903E-011  -1.0944659975444584E-011  0.13974578820724778        1.5316544203439182E-011  -9.7607718532536132E-012  -2.2551920021573365E-012  -3.9270737853665328E-010  -7.2371084110891197E-011  -4.3276276432460468E-010  -4.9025165448436017E-013  -1.5724508342430381E-011  -1.3862611943264097E-011  0.44903058315380345        1.8772420226597141E-011  -1.2715346777112571E-011  -3.0480880337738097E-012  -1.0934150933162441E-012   2.2176136506215507E-010   2.7567724366833683E-011   2.7162255990882093E-010   1.4730450829919443E-013
   4.1788243365119628E-011  -3.5704118234157017E-011   4.7750352110023551E-011   1.1212911697961373E-011  -2.3186751398776768E-004   6.6064014275185176E-012  -1.8583264263263897E-013   4.6373502418125227E-004   5.0797807296232389E-013  -2.3186751019588827E-004  -5.3347649432156635E-011   1.3079883988217811E-010   6.2076622783868203E-011   5.4750818142177216E-010  -4.2535304477289157E-003   2.3127452392155109E-014   4.1200895930155416E-012   8.5070608983449040E-003   8.5563470050656436E-013  -4.2535304506225386E-003  -2.3932120925306216E-011   4.0574680781316310E-010  -2.1875375122168006E-010   3.9009212648452243E-010  -6.9872894124803048E-002  -1.2450203686938363E-011   1.5316544203439182E-011  0.13974578822874975       -1.2583278504953738E-011  -6.9872894103962663E-002   2.7615972344182258E-011  -1.7923290103454541E-010  -2.8999866651300307E-010   3.9992191933660601E-011 -0.22451529160531702       -1.5597268261792172E-011   1.8322962055149335E-011  0.44903058318245737       -1.5562621944763852E-011 -0.22451529157722000       -1.1792787918329771E-011  -7.2281287952045524E-011   1.0863327300905964E-010   7.2648705069742413E-011   3.6898971376895001E-012
  -1.0143078585199968E-011  -3.5809359011695832E-011  -1.9591822262925185E-011   1.9381686499110090E-013   4.7563121279591146E-012  -6.9913130219116462E-012  -8.1406181780603203E-013  -6.7434910388013701E-012   4.6373502653614471E-004   1.9873409945113659E-012  -2.4431788176493199E-011  -1.3575844454765042E-010   2.2966574004788873E-010   1.2208673714795822E-010  -1.9731700630139506E-013   1.0668107687770703E-013   1.4994822577013107E-012  -3.1627668687408088E-012   8.5070609003134942E-003   3.3602020249031542E-012  -3.0085061799897768E-011  -3.4029079934701454E-011  -3.7149888726623795E-010  -1.5143639694642675E-010   1.2322850288596087E-011  -1.4668746490114617E-012  -9.7607718532536132E-012  -1.2583278504953738E-011  0.13974578821456118        2.5988035481258472E-013   6.1047987030359874E-011  -3.5188802184679102E-010  -1.7311489233456976E-010   2.3898676489138406E-011   1.5789753554210798E-011  -1.2232134886345012E-012  -1.2394196219138099E-011  -1.5739538945921795E-011  0.44903058316377131       -5.1980705019453426E-014  -3.7589605957195337E-012  -2.6385280398500297E-011   2.0252143287806661E-010   9.6976376336041012E-011   1.4418736497896583E-012
   6.3377083832508090E-011   3.8568283485278618E-011  -7.4552945968817486E-011  -1.1652268662841689E-011  -2.3186751039686292E-004   1.0616177839489031E-012   1.4974446670211426E-012  -2.3186751100997532E-004  -6.0595247841390209E-012   4.6373502141489731E-004   3.9055479353603607E-011   5.8797525749837509E-010   4.6823630102392551E-010  -7.0293419676760468E-010  -4.2535304508925509E-003  -4.1175918488523886E-013   1.8414350738443799E-013  -4.2535304502745747E-003  -3.4691071921152169E-013   8.5070609011944943E-003   1.3159446075289158E-011   5.1454235045774788E-010   2.2456081399392665E-010  -6.7998374634959066E-010  -6.9872894089388682E-002   1.4593394785975075E-011  -2.2551920021573365E-012  -6.9872894103962663E-002   2.5988035481258472E-013  0.13974578819337977       -2.8268089998659846E-010  -2.6044722052111767E-010   3.4724239927385730E-010  -3.4208327231861835E-011 -0.22451529155851452        1.8156888797970831E-011  -2.3622766109357824E-012 -0.22451529157815270        1.3645643729639252E-013  0.44903058313676680        1.2076086369609085E-011   4.9270983575851522E-011   8.1504004786613130E-011  -5.2138173312246476E-011  -3.5841760123206972E-012
  -3.1580992862071194E-002   1.5745155202661980E-009   8.3412286426236536E-010   1.0458672130930114E-008   2.1638681502019310E-009   4.1206436764272922E-009  -2.8878227121374322E-009   6.1295994368215558E-010   1.7177468777266069E-009  -2.7768306239126459E-009   4.0350935459893621E-010 -0.34732690482709228       -2.7702518473277680E-010  -1.5668437280621852E-010   6.6607816663788436E-009   4.1343215551884572E-009  -6.5354473653468639E-010  -1.6006325514535136E-009   1.3547694252268732E-009  -5.0601490407412680E-009  -6.7762781991603736E-009 -0.28882282753706362       -6.2848185512488533E-010  -2.6122896247364485E-010   2.5506330042861032E-010   4.1974660505978277E-010  -3.9270737853665328E-010   2.7615972344182258E-011   6.1047987030359874E-011  -2.8268089998659846E-010   2.5394558357432815        3.0751437566203851E-010   1.2794384944123847E-010   2.2540312360747013E-009  -1.6872772376938266E-009  -1.6634733704451218E-009   1.0918126209095400E-009   1.0472705345053843E-010  -5.3984724799964784E-010   1.5825503206068597E-009  -4.1000943172097269E-010 -0.97298855837218656       -9.8189826208852689E-011  -4.0796317970448395E-011   1.6023669573454664E-010
   2.9520120312034522E-011  -3.1580992924813742E-002  -4.4000021495280714E-011   7.1749592525585565E-009   5.6815810279231050E-009   1.0076519996589548E-009  -1.4943189081298267E-009   6.5635178643468181E-010  -2.2248945409843310E-009  -6.3379258325725326E-009  -1.1267209168130867E-009  -5.2318839032180499E-010 -0.34732690489014945       -7.5737391020845002E-010   4.0322673915382511E-009   2.0524682886475408E-009  -7.0737893300041205E-010  -5.0187324747269506E-010   2.9057872622257021E-010  -3.5303899805859497E-009  -4.8865093862157168E-009  -4.4693635707340028E-010 -0.28882282695613037       -4.5926609359011674E-010   4.3968011575545968E-010  -2.1716072844892111E-010  -7.2371084110891197E-011  -1.7923290103454541E-010  -3.5188802184679102E-010  -2.6044722052111767E-010   3.0751437566203851E-010   2.5394558354727486        3.5429589065665805E-010   2.1103604872371688E-009  -1.9339308106398724E-009   1.1738498420679649E-010   3.3445483701672584E-010   4.4235532889689245E-010   7.3725641034694150E-010   1.4915673868165193E-009  -3.9292018346524839E-010  -1.0078602563546167E-010 -0.97298855828694686       -1.1702832718221758E-010   1.5016803259086632E-010
   2.9769917365944252E-011   2.2420011476965575E-009  -3.1580991922692640E-002   1.9442574784194283E-009   3.4081791102175385E-011  -2.4016175169028339E-009  -1.6296433740321875E-009  -6.8906667515823667E-009  -5.3790663533546370E-009   6.8565822253885377E-009   2.9995022733820258E-009  -3.0598039326544435E-010  -3.9603795828618142E-010 -0.34732690526596444       -1.6815121892458298E-009  -2.1718693452190103E-009   5.0084738190478498E-010  -5.1719770488799206E-009  -1.0002564746282763E-009   6.8534847843924229E-009  -3.5151529658674338E-009  -1.5900096030692002E-010  -7.2750836637073832E-010 -0.28882282832933304       -5.7247358091211134E-011  -1.5714133773516846E-010  -4.3276276432460468E-010  -2.8999866651300307E-010  -1.7311489233456976E-010   3.4724239927385730E-010   1.2794384944123847E-010   3.5429589065665805E-010   2.5394558361803976        8.6403004814569266E-010   3.1707833293363317E-010   9.1756283240373958E-010   8.6522606141085439E-010   1.8641785454874891E-009   7.9778784872312402E-010  -2.1812638024399780E-009  -1.5565000720259699E-010  -4.2275556021510420E-011  -1.1317797183022713E-010 -0.97298855851341870        6.2020735073104284E-011
  -7.9293852535946157E-011   3.1668028807855108E-010   3.3655195659306131E-011  -4.8000494286705468E-003  -1.0235740124645959E-010   1.2194125364314928E-010   1.2200389017001961E-011  -3.8550272582393151E-011   2.6277199719873676E-010   1.4087150836423677E-010 -0.42583607606824936       -4.0529857109849440E-009  -2.6144062334117427E-009  -9.2896652572553757E-010  -4.9575242102009766E-011  -1.2865795237934558E-010  -9.9441114890929592E-011   1.7257458098010908E-010  -6.0193317224593789E-011  -1.2284388667858968E-010  -1.0590446621518896       -2.5505642396724731E-009  -3.2536199537061258E-009  -1.0162811832854593E-009  -5.6062912527393817E-012  -1.2115179327598050E-012  -4.9025165448436017E-013   3.9992191933660601E-011   2.3898676489138406E-011  -3.4208327231861835E-011   2.2540312360747013E-009   2.1103604872371688E-009   8.6403004814569266E-010   3.2246741075280791        3.0277168746993631E-011   4.1002529439872645E-011   2.1725113392541457E-011  -9.4995538199593309E-011  -2.3192420231663454E-011   6.6138464281982300E-011  -1.2687734907084929       -7.7100446186795160E-010  -6.9346781555790362E-010  -3.0212220109666268E-010  0.34132966153254479     
