   3.5677558229210281E-004  -9.1850996654317477E-017   1.2233062780498039E-018  -3.7356156866756106E-018  -9.2119965777852931E-017  -1.0696830080279532E-017  -9.6155929427644558E-017   6.2904696454756538E-003  -1.4728573597619035E-018   1.8498009045536173E-020   1.0031560788701745E-020   1.2822244044992400E-002  -1.4237971686736342E-018   1.7963347489252249E-020   1.0290495113978347E-020   2.7805578394195804E-017   3.5735252368588350E-019   2.0259287906575001E-018   1.8249246601169041E-017   3.5981846125492009E-018   2.3034238261557175E-017   1.4782262868782236E-002
  -9.1850996654317477E-017   4.8695320330805998E-029  -4.0764769493672420E-031   1.0458427707344585E-031   4.8409145608069289E-029   7.0272903234318157E-031   5.0600865295062572E-029  -3.7808553047942916E-015  -2.1664836302791627E-017  -1.5855002279257047E-017   3.3277469788458491E-018  -6.9136585116807122E-015  -2.0928574977925477E-017  -1.5316183299933497E-017   3.2146562836187243E-018  -7.2716050694507738E-030   9.8902857703550122E-032  -1.8827617949802584E-031  -3.2763654709025015E-030  -6.9574715765853638E-031  -4.4719035396261496E-030   2.4060718825197193E-015
   1.2233062780498039E-018  -4.0764769493672420E-031   1.3922671995350488E-032  -4.3495160225809083E-033  -3.9914224692312173E-031  -2.3102911993310220E-032  -4.2374196736136606E-031   2.9291854898304510E-017   1.0281139062374296E-017   3.6975554843881781E-017   2.5407239078314856E-017   5.6873453677908018E-017   9.9317431582740952E-018   3.5718971566882349E-017   2.4543795328103802E-017   9.5112801511820024E-032  -9.5304966866209852E-034   5.5050877587558121E-033   5.7717213627532328E-032   1.0774775785205221E-032   7.4153932400924253E-032   2.8489088328588612E-017
  -3.7356156866756106E-018   1.0458427707344585E-031  -4.3495160225809083E-033   7.2150549915472192E-032   1.2273380521819142E-031   1.8655157054309212E-031   1.2093792446232606E-031   8.0462128197301972E-018  -5.3182513322196641E-018   2.1189949375279595E-017   1.9158860038940247E-017  -1.0719197513086181E-017  -5.1375150129091566E-018   2.0469826685089678E-017   1.8507762219503794E-017  -2.8735483358557291E-031  -1.0938213342513917E-032  -3.2862355647591031E-032  -2.3958298978000967E-031  -4.5944560930436877E-032  -2.9106240753147991E-031  -3.6719284322091142E-016
  -9.2119965777852931E-017   4.8409145608069289E-029  -3.9914224692312173E-031   1.2273380521819142E-031   4.8138791016010444E-029   7.4214219581304375E-031   5.0312581298674288E-029  -3.7553973985421171E-015   5.6801317084973212E-018   2.4931462817523757E-017   5.3728953387309619E-018  -6.8728476105121554E-015   5.4870971875499536E-018   2.4084187925235905E-017   5.1903019886048232E-018  -7.2921296262344427E-030   9.4520155663614100E-032  -1.9436666174801725E-031  -3.3094240493547664E-030  -7.0256826994297698E-031  -4.5091241270425654E-030   2.3081337162530665E-015
  -1.0696830080279532E-017   7.0272903234318157E-031  -2.3102911993310220E-032   1.8655157054309212E-031   7.4214219581304375E-031   4.9502832764891405E-031   7.6429098768704803E-031  -1.1612588410402352E-017  -2.6168662631072038E-018   1.4878782310385536E-017   3.4757948376747926E-017  -8.8613544386924436E-017  -2.5279342538852013E-018   1.4373139349454035E-017   3.3576728599047773E-017  -8.2434411261117694E-031  -2.7274920823077697E-032  -8.8457062689305036E-032  -6.6385996840428285E-031  -1.2697294733067957E-031  -8.0978477828846539E-031  -9.5185617214763649E-016
  -9.6155929427644558E-017   5.0600865295062572E-029  -4.2374196736136606E-031   1.2093792446232606E-031   5.0312581298674288E-029   7.6429098768704803E-031   5.2591599921377375E-029  -3.9259396146768014E-015   1.7289589251655095E-017  -9.0927282986533629E-018  -8.7093643291354370E-018  -7.1840073526053570E-015   1.6702017035050127E-017  -8.7837195394710000E-018  -8.4133838735210516E-018  -7.6117188777225263E-030   9.9890131442002916E-032  -2.0173149438960292E-031  -3.4509659376942790E-030  -7.3202193017232079E-031  -4.7023538248817836E-030   2.4265319221000732E-015
   6.2904696454756538E-003  -3.7808553047942916E-015   2.9291854898304510E-017   8.0462128197301972E-018  -3.7553973985421171E-015  -1.1612588410402352E-017  -3.9259396146768014E-015  0.29743657423512859        4.6246891138697888E-019  -2.6840152331246465E-020  -1.6738690796714979E-020  0.53784002456156821        4.6573640877512531E-019   4.4431956814349680E-021  -8.5269809295496739E-021   5.0007544905864593E-016  -1.0110444233478301E-017   6.9452727068246937E-018   1.9903623604984985E-016   4.3572999001901000E-017   2.8024770871168092E-016 -0.27543549955877039     
  -1.4728573597619035E-018  -2.1664836302791627E-017   1.0281139062374296E-017  -5.3182513322196641E-018   5.6801317084973212E-018  -2.6168662631072038E-018   1.7289589251655095E-017   4.6246891138697888E-019  0.22516185132524461        1.8408849386993460E-017   1.7025362239811437E-017   5.7206611740098446E-019  0.21750991430393063        2.3177080191403667E-017   7.1603647851826520E-017  -4.6621475187456747E-018  -5.3785512024690284E-018   1.0477744648943526E-018  -1.3955861269050607E-018  -3.6620638321921688E-019   5.5734397780626530E-018   5.6390507407850702E-021
   1.8498009045536173E-020  -1.5855002279257047E-017   3.6975554843881781E-017   2.1189949375279595E-017   2.4931462817523757E-017   1.4878782310385536E-017  -9.0927282986533629E-018  -2.6840152331246465E-020   1.8408849386993460E-017  0.22516185132524438       -9.6186802735672331E-017  -4.2126469290499126E-020  -4.0334579570986774E-017  0.21750991430393010       -5.7209734634818447E-017  -3.2908573694155895E-018  -4.1811860803804015E-018  -4.4976830805799593E-020   4.2615300910468197E-018  -4.6983032815731464E-018  -9.6425334534406327E-019   5.2284517939561425E-020
   1.0031560788701745E-020   3.3277469788458491E-018   2.5407239078314856E-017   1.9158860038940247E-017   5.3728953387309619E-018   3.4757948376747926E-017  -8.7093643291354370E-018  -1.6738690796714979E-020   1.7025362239811437E-017  -9.6186802735672331E-017  0.22516185132524461       -2.5604117429438532E-020   1.0772565023180192E-016  -7.6002572291233861E-017  0.21750991430393052        1.0640331525618377E-018  -5.0213809529529089E-018  -2.5736484370025867E-018  -3.6348186716455076E-018   4.2799559215024838E-019   2.5739608790312783E-018  -9.6467176233863192E-021
   1.2822244044992400E-002  -6.9136585116807122E-015   5.6873453677908018E-017  -1.0719197513086181E-017  -6.8728476105121554E-015  -8.8613544386924436E-017  -7.1840073526053570E-015  0.53784002456156821        5.7206611740098446E-019  -4.2126469290499126E-020  -2.5604117429438532E-020  0.98191451783073369        5.7792709674060245E-019   1.0676399664284602E-020  -8.0787398897760221E-021   1.0157296312798161E-015  -1.4586944349982936E-017   2.4715413040703952E-017   4.5073931706411060E-016   9.6107791730457695E-017   6.1743518713529739E-016 -0.36473519832571266     
  -1.4237971686736342E-018  -2.0928574977925477E-017   9.9317431582740952E-018  -5.1375150129091566E-018   5.4870971875499536E-018  -2.5279342538852013E-018   1.6702017035050127E-017   4.6573640877512531E-019  0.21750991430393063       -4.0334579570986774E-017   1.0772565023180192E-016   5.7792709674060245E-019  0.21011802195640811       -3.3757086391241379E-017   1.5734371090469582E-016  -4.5037083382737306E-018  -5.1957656425485989E-018   1.0121667268573636E-018  -1.3481583007078477E-018  -3.5376116585799879E-019   5.3840310930531429E-018  -1.4063049273408944E-019
   1.7963347489252249E-020  -1.5316183299933497E-017   3.5718971566882349E-017   2.0469826685089678E-017   2.4084187925235905E-017   1.4373139349454035E-017  -8.7837195394710000E-018   4.4431956814349680E-021   2.3177080191403667E-017  0.21750991430393010       -7.6002572291233861E-017   1.0676399664284602E-020  -3.3757086391241379E-017  0.21011802195640733       -3.8931893010333653E-017  -3.1790203366825368E-018  -4.0390919717507327E-018  -4.3448330863564212E-020   4.1167055584752578E-018  -4.5386353777695806E-018  -9.3148400263464301E-019  -2.8121906230856660E-020
   1.0290495113978347E-020   3.2146562836187243E-018   2.4543795328103802E-017   1.8507762219503794E-017   5.1903019886048232E-018   3.3576728599047773E-017  -8.4133838735210516E-018  -8.5269809295496739E-021   7.1603647851826520E-017  -5.7209734634818447E-017  0.21750991430393052       -8.0787398897760221E-021   1.5734371090469582E-016  -3.8931893010333653E-017  0.21011802195640794        1.0278728766355535E-018  -4.8507335249544636E-018  -2.4861851494206230E-018  -3.5112924020060218E-018   4.1345052025082081E-019   2.4864869733685343E-018   2.3964880015094227E-020
   2.7805578394195804E-017  -7.2716050694507738E-030   9.5112801511820024E-032  -2.8735483358557291E-031  -7.2921296262344427E-030  -8.2434411261117694E-031  -7.6117188777225263E-030   5.0007544905864593E-016  -4.6621475187456747E-018  -3.2908573694155895E-018   1.0640331525618377E-018   1.0157296312798161E-015  -4.5037083382737306E-018  -3.1790203366825368E-018   1.0278728766355535E-018   2.1677160113491138E-030   2.7135048470862294E-032   1.5634377248190394E-031   1.4157555294284201E-030   2.7945924705232089E-031   1.7884727989300665E-030   1.1238365075978414E-015
   3.5735252368588350E-019   9.8902857703550122E-032  -9.5304966866209852E-034  -1.0938213342513917E-032   9.4520155663614100E-032  -2.7274920823077697E-032   9.9890131442002916E-032  -1.0110444233478301E-017  -5.3785512024690284E-018  -4.1811860803804015E-018  -5.0213809529529089E-018  -1.4586944349982936E-017  -5.1957656425485989E-018  -4.0390919717507327E-018  -4.8507335249544636E-018   2.7135048470862294E-032   2.1199267227238122E-033   4.5940871226283910E-033   2.9111630392389652E-032   5.4385082188597280E-033   3.3974037371274266E-032   6.1970840123291597E-017
   2.0259287906575001E-018  -1.8827617949802584E-031   5.5050877587558121E-033  -3.2862355647591031E-032  -1.9436666174801725E-031  -8.8457062689305036E-032  -2.0173149438960292E-031   6.9452727068246937E-018   1.0477744648943526E-018  -4.4976830805799593E-020  -2.5736484370025867E-018   2.4715413040703952E-017   1.0121667268573636E-018  -4.3448330863564212E-020  -2.4861851494206230E-018   1.5634377248190394E-031   4.5940871226283910E-033   1.5977401439253813E-032   1.2259371224353019E-031   2.3491415388578665E-032   1.5021419498394286E-031   1.6663753727281701E-016
   1.8249246601169041E-017  -3.2763654709025015E-030   5.7717213627532328E-032  -2.3958298978000967E-031  -3.3094240493547664E-030  -6.6385996840428285E-031  -3.4509659376942790E-030   1.9903623604984985E-016  -1.3955861269050607E-018   4.2615300910468197E-018  -3.6348186716455076E-018   4.5073931706411060E-016  -1.3481583007078477E-018   4.1167055584752578E-018  -3.5112924020060218E-018   1.4157555294284201E-030   2.9111630392389652E-032   1.2259371224353019E-031   1.0143519572834410E-030   1.9702755729293654E-031   1.2609400282147536E-030   1.1088239942949921E-015
   3.5981846125492009E-018  -6.9574715765853638E-031   1.0774775785205221E-032  -4.5944560930436877E-032  -7.0256826994297698E-031  -1.2697294733067957E-031  -7.3202193017232079E-031   4.3572999001901000E-017  -3.6620638321921688E-019  -4.6983032815731464E-018   4.2799559215024838E-019   9.6107791730457695E-017  -3.5376116585799879E-019  -4.5386353777695806E-018   4.1345052025082081E-019   2.7945924705232089E-031   5.4385082188597280E-033   2.3491415388578665E-032   1.9702755729293654E-031   3.8504471521467192E-032   2.4573113282390483E-031   2.0618363779665407E-016
   2.3034238261557175E-017  -4.4719035396261496E-030   7.4153932400924253E-032  -2.9106240753147991E-031  -4.5091241270425654E-030  -8.0978477828846539E-031  -4.7023538248817836E-030   2.8024770871168092E-016   5.5734397780626530E-018  -9.6425334534406327E-019   2.5739608790312783E-018   6.1743518713529739E-016   5.3840310930531429E-018  -9.3148400263464301E-019   2.4864869733685343E-018   1.7884727989300665E-030   3.3974037371274266E-032   1.5021419498394286E-031   1.2609400282147536E-030   2.4573113282390483E-031   1.5722648520636871E-030   1.3161471822778978E-015
   1.4782262868782236E-002   2.4060718825197193E-015   2.8489088328588612E-017  -3.6719284322091142E-016   2.3081337162530665E-015  -9.5185617214763649E-016   2.4265319221000732E-015 -0.27543549955877039        5.6390507407850702E-021   5.2284517939561425E-020  -9.6467176233863192E-021 -0.36473519832571266       -1.4063049273408944E-019  -2.8121906230856660E-020   2.3964880015094227E-020   1.1238365075978414E-015   6.1970840123291597E-017   1.6663753727281701E-016   1.1088239942949921E-015   2.0618363779665407E-016   1.3161471822778978E-015   2.1531068539628677     
