 4.1710092895842505E-004 -4.8163053325423831E-008 -1.2851379210398764E-007 -1.1125441073933864E-007 -7.1282891626668464E-009 -1.9020745145834622E-008 -1.6466276300053823E-008 -7.9995266699610195E-004 -1.5265762914371634E-003  1.3495480443006483E-003  1.1683042713441043E-003  1.1539875164632953E-003  3.1174020233136583E-003  3.7258877497387054E-004 -1.4016907273902176E-008 -3.7401431929549521E-008 -3.2378437610698060E-008 -1.0423969063911706E-002  9.2151615241310436E-003  7.9775689395980044E-003  7.8798093447548997E-003  2.1286654456130569E-002  2.5441597191563324E-003  1.4491220377497112E-008  3.8667138770032030E-008  3.3474084976543702E-008 -1.4557410221581345E-003 -3.4710242804478149E-011 -2.9686464451822753E-011 -2.5704460056570079E-011  2.9149415906059537E-011  4.6860267947146900E-011  1.7419251676623227E-011 -1.2502362459342637E-011  6.7317619464203700E-011  4.6460128502834134E-011 -3.1016631600524317E-011 -2.3456169930847616E-003  1.5257759408662992E-003
-4.8163053325423831E-008  8.8838149372087102E-002  2.3704139303420876E-001  2.0520678228828554E-001  1.3134350659722380E-002  3.5066112431086163E-002  3.0356775391120350E-002 -4.0326018331578160E-008 -1.3045749967595159E-010  1.7508823921102043E-010  1.5175454881734619E-010  1.0320527199139469E-010  3.0537083493813242E-010  2.7244928687072104E-011  2.5899453875319556E-002  6.9016169719876744E-002  5.9747318608636635E-002  5.9822962261903588E-010 -1.2525530304030419E-010 -1.0874235911079371E-010 -4.1999417674805897E-010 -9.6472032631954421E-010 -1.7824495030941420E-010 -2.4938016273828176E-002 -7.2215524550224466E-002 -6.2517006621872609E-002  1.6467252270154983E-008  6.0119105458258071E-005  4.8533673204614847E-005  4.2015600870274045E-005 -5.0536015455179818E-005 -8.1441587063963965E-005 -3.0122228475052829E-005  2.1875292676337552E-005 -1.1312225572108532E-004 -7.7882458074740138E-005  5.2999771300673970E-005  2.7466430551511676E-008 -1.2110193589718298E-008
-1.2851379210398764E-007  2.3704139303420876E-001  6.3250164045098423E-001  5.4755481505961201E-001  3.5065630650806180E-002  9.3559999775597300E-002  8.1001214243837563E-002 -1.0760231201149002E-007 -4.2252714199583076E-010  3.6900369915349687E-010  3.0610307221599275E-010  3.4975567828143863E-010  8.5229253879100885E-010  7.2752057019191287E-011  6.9016077039880511E-002  1.8419071054418348E-001  1.5942422374932927E-001  1.0887517304593597E-009 -1.0037025359350582E-009 -9.6402638641142320E-010 -6.1354450610438997E-010 -2.3186714833988312E-009 -4.7523251332949320E-010 -7.2215356164923930E-002 -1.9056715083948614E-001 -1.6681460964806963E-001  4.3939665258167295E-008  1.5685114764479993E-004  1.3513146124714373E-004  1.1646603353349959E-004 -1.3255590832929884E-004 -2.1154374993330975E-004 -7.7881988759100957E-005  5.4871112182685921E-005 -3.0620045989085144E-004 -2.0874878334921286E-004  1.4141969167164785E-004  7.3288924527922130E-008 -3.2313726635423093E-008
-1.1125441073933864E-007  2.0520678228828554E-001  5.4755481505961201E-001  4.7402060691626319E-001  3.0356323606200136E-002  8.1001121633195464E-002  7.0115593440910576E-002 -9.3151353425965135E-008 -3.6579156177247192E-010  3.0558304781088939E-010  2.8104555914465114E-010  2.3856357239321015E-010  7.4860930790734419E-010  1.2721121432301949E-010  5.9747231961810005E-002  1.5942420663551038E-001  1.3804792403715710E-001  9.4246222952264676E-010 -9.6344270592056567E-010 -7.2509664128232851E-010 -9.6904385430740592E-010 -1.9337778983136361E-009  2.6559774128728634E-011 -6.2516848900984412E-002 -1.6681457776267303E-001 -1.4228535273875106E-001  3.8038595722491695E-008  1.3578606994396671E-004  1.1646605936117859E-004  1.0142218988758917E-004 -1.1312137101377258E-004 -1.8340623270459818E-004 -6.9054758660563658E-005  5.0530933395363963E-005 -2.6287199573417184E-004 -1.8426042058182487E-004  1.2033758027797981E-004  6.3446285755150174E-008 -2.7974026813085135E-008
-7.1282891626668464E-009  1.3134350659722380E-002  3.5065630650806180E-002  3.0356323606200136E-002  1.9657555099933444E-003  5.1853876886220479E-003  4.4889963105870815E-003 -5.9580035242790370E-009 -7.2849410471699610E-011 -7.8684106530868205E-011 -6.8183375459831261E-011  4.3552132400139991E-011  5.7306269906763283E-011  2.9296279176087542E-011  3.7303351830598446E-003  1.0240533934358888E-002  8.8652332804430405E-003 -2.7651706055252478E-010 -7.3173349052725263E-010 -6.3415933877045813E-010  1.3062890232915467E-010 -6.0257256078496726E-011  1.4588684796893923E-010 -9.7388641447451359E-003 -8.2278278370231210E-003 -7.1228330551669555E-003  2.4824666289370234E-009  5.8957768903178383E-006  1.4194493675234300E-005  1.2288175473393223E-005 -4.8409068549802164E-006 -7.0686882342255827E-006 -3.0691078891436129E-006  1.3416243380141835E-006 -2.2497004401379622E-005 -1.5994471607147983E-005  7.6092118180010861E-006  4.1561067765807420E-009 -1.8475198395422024E-009
-1.9020745145834622E-008  3.5066112431086163E-002  9.3559999775597300E-002  8.1001121633195464E-002  5.1853876886220479E-003  1.3858857156949348E-002  1.1978187543304611E-002 -1.5897981420798370E-008 -1.4984990010471836E-011  2.7374751958578331E-011  5.7353353208685860E-011 -6.3104624724175418E-011  6.3118661445034576E-011  7.8086732481330711E-011  1.0240660517742412E-002  2.7217770713163378E-002  2.3655493577947245E-002  4.8543483850774994E-010 -3.3434936385118820E-010 -6.0561057980794494E-011 -8.7410085448860323E-010 -7.7304772232078943E-010  3.8866229503973902E-010 -8.2279477961757948E-003 -2.8610078317831932E-002 -1.9006226747439861E-002  6.6236961938208709E-009  2.6892023348915736E-005  2.0255943955127468E-005  1.9154804515886107E-005 -2.0084868868953923E-005 -3.6915842326436182E-005 -1.5994566487275460E-005  1.4532647059349043E-005 -4.6395486040252342E-005 -3.9753535985338053E-005  2.0304005214296962E-005  1.1089047367221752E-008 -4.9293119574235911E-009
-1.6466276300053823E-008  3.0356775391120350E-002  8.1001214243837563E-002  7.0115593440910576E-002  4.4889963105870815E-003  1.1978187543304611E-002  1.0391988944402778E-002 -1.3762910112484371E-008 -1.2907495188157306E-011  5.7261498651293616E-011  1.0863077725908620E-011  1.0054727526081057E-010  2.8808819328366785E-011 -8.7642354514166766E-011  8.8653520222367090E-003  2.3655518015733030E-002  2.0371090590326796E-002  4.2069364194266397E-010 -6.0582863575861498E-011 -3.1691559961891042E-010  3.0134636199673254E-010 -8.4535101486472914E-010 -7.2204335668090543E-010 -7.1229455719213578E-003 -1.9006249876425546E-002 -2.3109055052820612E-002  5.7342113966395811E-009  2.3280454818811344E-005  1.9154827812424322E-005  1.4711904187013297E-005 -2.2497132477051476E-005 -3.1104240988822965E-005 -8.7368752359587822E-006  3.0991861993106810E-006 -4.7069499257884511E-005 -2.3312822422109476E-005  2.4117927389315522E-005  9.5999761626285099E-009 -4.2674104477296394E-009
-7.9995266699610195E-004 -4.0326018331578160E-008 -1.0760231201149002E-007 -9.3151353425965135E-008 -5.9580035242790370E-009 -1.5897981420798370E-008 -1.3762910112484371E-008  1.5807506295858283E-003  2.8692441250384990E-003 -2.5365217560048667E-003 -2.1958711965341122E-003 -2.1689565314173265E-003 -5.8592830911629009E-003 -7.0028759362136047E-004 -1.1757680666063260E-008 -3.1373203713876563E-008 -2.7159785093131928E-008  1.9598882577049573E-002 -1.7326162952517828E-002 -1.4999288578919570E-002 -1.4815443287810603E-002 -4.0022873899387516E-002 -4.7834392892373949E-003  1.2206190409078388E-008  3.2570479409550433E-008  2.8196178239471570E-008  6.6967680063432632E-003 -2.1965530625538996E-011 -1.8841694237093362E-011 -1.6302158417424724E-011  1.8464896099512505E-011  2.9645443012641596E-011  1.1004973062314145E-011 -7.8712455498924030E-012  4.2684353750162854E-011  2.9402102793395068E-011 -1.9664103686330902E-011  1.3111288598179215E-002 -7.9737136493470938E-003
-1.5265762914371634E-003 -1.3045749967595159E-010 -4.2252714199583076E-010 -3.6579156177247192E-010 -7.2849410471699610E-011 -1.4984990010471836E-011 -1.2907495188157306E-011  2.8692441250384990E-003  3.7775712006481797E-002 -4.0089652361474541E-005 -3.4705604345604174E-005 -1.8867643602926025E-002  1.6127432743517919E-004 -1.8908068403560834E-002  5.7694055395441548E-011 -2.3147188201534024E-010 -2.0043993293966344E-010  2.5690868182814086E-001 -1.2064172268048426E-004 -1.0443945077759313E-004 -1.2838948746611320E-001  5.1746402003923907E-004 -1.2851919436202949E-001  1.2192336131346371E-011  1.7205550495172489E-010  1.4942653701506007E-010  4.1506845288306849E-004  1.9301769886374488E-011  4.4601238022669541E-011  3.8908325723599758E-011 -1.2932986223574086E-011  1.1596479486336696E-013 -1.2963205258995235E-011 -2.5484196402372604E-011 -8.5651349008031183E-012 -1.0410825081586789E-011 -2.2616557032319696E-011 -2.2512361138603693E-003  7.6621556774048960E-004
 1.3495480443006483E-003  1.7508823921102043E-010  3.6900369915349687E-010  3.0558304781088939E-010 -7.8684106530868205E-011  2.7374751958578331E-011  5.7261498651293616E-011 -2.5365217560048667E-003 -4.0089652361474541E-005  3.7712205312673157E-002 -1.4393360784205407E-004 -3.4024991307210199E-005 -4.7880004048575686E-005  7.4114643667824378E-005  2.5669426168990215E-010  1.7516548147756753E-010  7.9556339993726664E-011 -1.2064335608892951E-004  2.5671078495304500E-001 -4.5524605606837463E-004 -1.1053461679564156E-004 -1.6050997710427095E-004  2.3117797288329649E-004 -1.2100542151544544E-010 -1.4278995542693013E-010 -9.7190815343506861E-011 -3.6693304978979778E-004 -2.8441526188497478E-011  1.9721787580495704E-011 -4.0991737726117200E-013  5.1679504213962745E-011  3.1701051112195874E-011 -1.3521396621706076E-011 -1.1025222461162325E-011 -6.0900541974709941E-013 -4.9299914405931810E-012  7.5933902052908194E-013  1.9901746680228145E-003 -6.7736264696589821E-004
 1.1683042713441043E-003  1.5175454881734619E-010  3.0610307221599275E-010  2.8104555914465114E-010 -6.8183375459831261E-011  5.7353353208685860E-011  1.0863077725908620E-011 -2.1958711965341122E-003 -3.4705604345604174E-005 -1.4393360784205407E-004  3.7753864782477546E-002  6.5691509459713787E-005 -5.7349294983802612E-005 -3.0985905113213873E-005  2.2233554499159751E-010  7.9772308359915681E-011  1.5233994169105403E-010 -1.0444097439594293E-004 -4.5524627380113804E-004  2.5684254925166478E-001  2.0268136738804603E-004 -1.8881299370868940E-004 -9.8240392990292917E-005 -1.0564318394674055E-010 -9.7385403971258675E-011 -1.1479843356455616E-010 -3.1765397835950359E-004 -2.4814812347684654E-011 -4.0885948649794212E-013  1.9842899760362112E-011 -1.2072559789435058E-011  3.6712412061249007E-011  4.5365010154136120E-011  7.1572354029854752E-013 -5.1595646383630751E-012 -5.5126541672496252E-013 -1.0944454952270471E-011  1.7228968118218929E-003 -5.8639371874278680E-004
 1.1539875164632953E-003  1.0320527199139469E-010  3.4975567828143863E-010  2.3856357239321015E-010  4.3552132400139991E-011 -6.3104624724175418E-011  1.0054727526081057E-010 -2.1689565314173265E-003 -1.8867643602926025E-002 -3.4024991307210199E-005  6.5691509459713787E-005  3.7628502743485302E-002 -7.8595214112631761E-005 -1.8760859140574102E-002 -1.8943005945593783E-011  3.3464757580584311E-010 -4.3493917567334156E-011 -1.2838948758885915E-001 -1.1053625283702658E-004  2.0268136932897793E-004  2.5644950756285206E-001 -2.5532870965577217E-004 -1.2806001997402766E-001 -1.8225429847417925E-011 -1.8678146010633770E-010 -4.2694768081722584E-011 -3.1376287646912241E-004 -9.5412853569371233E-012 -3.3336383335764874E-011 -9.6107078163041736E-012  1.6584558664979245E-011 -8.6806734914730358E-014 -3.7836748551637337E-012  4.9803236112715029E-011  3.7920427099025556E-011 -3.3481546651296318E-011 -2.1100850323612672E-011  1.7017823599849227E-003 -5.7920721461275767E-004
 3.1174020233136583E-003  3.0537083493813242E-010  8.5229253879100885E-010  7.4860930790734419E-010  5.7306269906763283E-011  6.3118661445034576E-011  2.8808819328366785E-011 -5.8592830911629009E-003  1.6127432743517919E-004 -4.7880004048575686E-005 -5.7349294983802612E-005 -7.8595214112631761E-005  3.7622334036773793E-002 -8.2679113322811610E-005  7.9512882560039882E-011  4.0485659843102433E-010  4.0606647953750632E-010  5.1746384456426392E-004 -1.6051116983406482E-004 -1.8881421035939463E-004 -2.5532898171781200E-004  2.5640950436311916E-001 -2.6213486284441795E-004 -9.7152719148352485E-011 -3.2852237866287357E-010 -3.0351370249297767E-010 -8.4760274036162664E-004  8.6674417769303389E-013 -1.0264151567615626E-011 -1.2040633862945929E-011 -6.0948510853239645E-013  1.3361259711966520E-011 -5.5341193895289859E-013 -2.5217800634631795E-011  5.0535877554627391E-011  4.4097062518934044E-011 -2.8692757354306874E-011  4.5972377648486867E-003 -1.5646849949004079E-003
 3.7258877497387054E-004  2.7244928687072104E-011  7.2752057019191287E-011  1.2721121432301949E-010  2.9296279176087542E-011  7.8086732481330711E-011 -8.7642354514166766E-011 -7.0028759362136047E-004 -1.8908068403560834E-002  7.4114643667824378E-005 -3.0985905113213873E-005 -1.8760859140574102E-002 -8.2679113322811610E-005  3.7668927544154830E-002 -3.8753629619361277E-011 -1.0318154046987617E-010  2.4392916848360478E-010 -1.2851919423931610E-001  2.3117797551156465E-004 -9.8241918545189248E-005 -1.2806002009684000E-001 -2.6213531038511635E-004  2.5657921433619268E-001  6.0044864079545762E-012  1.4713886626308487E-011 -1.0671872461076983E-010 -1.0130557642936264E-004 -9.7605176831363032E-012 -1.1264847235903741E-011 -2.9297604854713078E-011 -3.6515338056856123E-012 -2.9111222846414767E-014  1.6746885958794146E-011 -2.4319035835381425E-011 -2.9355261186326401E-011  4.3892359083076458E-011  4.3717374512209230E-011  5.4945375384144823E-004 -1.8700835310780627E-004
-1.4016907273902176E-008  2.5899453875319556E-002  6.9016077039880511E-002  5.9747231961810005E-002  3.7303351830598446E-003  1.0240660517742412E-002  8.8653520222367090E-003 -1.1757680666063260E-008  5.7694055395441548E-011  2.5669426168990215E-010  2.2233554499159751E-010 -1.8943005945593783E-011  7.9512882560039882E-011 -3.8753629619361277E-011  8.0190741666983523E-003  2.0024370830125572E-002  1.7335103729830506E-002  8.2605250626792110E-010  1.3660433545063598E-009  1.1830117291503896E-009 -4.5597426330545796E-010 -3.4417735225809340E-010 -3.7008151212550550E-010  2.2897874723401036E-002 -2.3906153512699684E-002 -2.0695567137311341E-002  4.8086413633488059E-009  3.8947134064484589E-005 -1.0455159496902196E-005 -9.0510386263195232E-006 -3.3249893773074966E-005 -5.6837668947635740E-005 -1.9003169804793579E-005  1.7740202420421871E-005 -2.2646332777436205E-005 -1.3345819630793302E-005  2.3625825722610972E-005  8.0382031115653357E-009 -3.5477650416716554E-009
-3.7401431929549521E-008  6.9016169719876744E-002  1.8419071054418348E-001  1.5942420663551038E-001  1.0240533934358888E-002  2.7217770713163378E-002  2.3655518015733030E-002 -3.1373203713876563E-008 -2.3147188201534024E-010  1.7516548147756753E-010  7.9772308359915681E-011  3.3464757580584311E-010  4.0485659843102433E-010 -1.0318154046987617E-010  2.0024370830125572E-002  5.3945815290495185E-002  4.6255450611371325E-002 -4.2323823724793474E-010  1.7038664537482078E-010 -3.4367910010616503E-010  1.4090475580541644E-009  3.9516145229403566E-010 -9.8581696824176243E-010 -2.3906132807559575E-002 -3.1931918264791533E-002 -5.5222228040710350E-002  1.2831770355293174E-008  5.0503590868438108E-005  5.6442469411251717E-005  4.1111455882910022E-005 -5.4411967897792017E-005 -6.5241420927612706E-005 -1.3345709475638988E-005 -5.0908608873368412E-006 -1.2568993813339774E-004 -4.9612362805972113E-005  6.3041078582776837E-005  2.1450346020325824E-008 -9.4676476555463752E-009
-3.2378437610698060E-008  5.9747318608636635E-002  1.5942422374932927E-001  1.3804792403715710E-001  8.8652332804430405E-003  2.3655493577947245E-002  2.0371090590326796E-002 -2.7159785093131928E-008 -2.0043993293966344E-010  7.9556339993726664E-011  1.5233994169105403E-010 -4.3493917567334156E-011  4.0606647953750632E-010  2.4392916848360478E-010  1.7335103729830506E-002  4.6255450611371325E-002  4.0557920686431492E-002 -3.6682244819493933E-010 -3.4393967408954014E-010  2.7024878276737443E-010 -1.0514309336043313E-009  7.2087794783189227E-010  1.4182473909513186E-009 -2.0695547704151909E-002 -5.5222224015141090E-002 -1.5948741542059840E-002  1.1108274517854195E-008  4.3720971281876740E-005  4.1111467719083312E-005  4.4543409521963016E-005 -2.2646114979274131E-005 -6.0566619620996665E-005 -3.6011723317640366E-005  4.0979154174709358E-005 -7.5758213214154017E-005 -9.6090772355308680E-005  2.3266140987058891E-005  1.8569085550744184E-008 -8.1958689339704803E-009
-1.0423969063911706E-002  5.9822962261903588E-010  1.0887517304593597E-009  9.4246222952264676E-010 -2.7651706055252478E-010  4.8543483850774994E-010  4.2069364194266397E-010  1.9598882577049573E-002  2.5690868182814086E-001 -1.2064335608892951E-004 -1.0444097439594293E-004 -1.2838948758885915E-001  5.1746384456426392E-004 -1.2851919423931610E-001  8.2605250626792110E-010 -4.2323823724793474E-010 -3.6682244819493933E-010  1.7472203125572197E+000  2.1215716700811785E-004  1.8366456576012551E-004 -8.7366402780147745E-001 -4.2983857012132373E-004 -8.7355628475575431E-001 -4.0473912839807359E-010 -6.0004306560981992E-011 -5.2082959288136474E-011  3.3991484221255015E-003  1.3199444073599153E-010  3.0443364937182878E-010  2.6556605301339196E-010 -8.8596740607128160E-011 -4.2431652641130408E-013 -8.8493403501401347E-011 -1.7273458064047986E-010 -6.0999594492682480E-011 -7.2687412334163172E-011 -1.5247536531409597E-010 -1.4126164650563577E-002  4.5017429778080788E-003
 9.2151615241310436E-003 -1.2525530304030419E-010 -1.0037025359350582E-009 -9.6344270592056567E-010 -7.3173349052725263E-010 -3.3434936385118820E-010 -6.0582863575861498E-011 -1.7326162952517828E-002 -1.2064172268048426E-004  2.5671078495304500E-001 -4.5524627380113804E-004 -1.1053625283702658E-004 -1.6051116983406482E-004  2.3117797551156465E-004  1.3660433545063598E-009  1.7038664537482078E-010 -3.4393967408954014E-010  2.1215716700811785E-004  1.7474669562574991E+000  4.7033624501926683E-004  7.2718431910677258E-005  3.6882162765484105E-005 -2.8487559892781568E-004 -4.5641706498493789E-010  1.3297500893058822E-010  3.0564795032403761E-010 -3.0049507676258073E-003 -1.9473857967810103E-010  1.3362134526527994E-010 -2.9283328506565749E-012  3.5237517929635371E-010  2.1754324356286756E-010 -9.1107349949461686E-011 -7.5305949269253833E-011 -2.1811447037317704E-012 -3.2588438506567518E-011  3.8075518184724299E-012  1.2488049492632906E-002 -3.9797093813830932E-003
 7.9775689395980044E-003 -1.0874235911079371E-010 -9.6402638641142320E-010 -7.2509664128232851E-010 -6.3415933877045813E-010 -6.0561057980794494E-011 -3.1691559961891042E-010 -1.4999288578919570E-002 -1.0443945077759313E-004 -4.5524605606837463E-004  2.5684254925166478E-001  2.0268136932897793E-004 -1.8881421035939463E-004 -9.8241918545189248E-005  1.1830117291503896E-009 -3.4367910010616503E-010  2.7024878276737443E-010  1.8366456576012551E-004  4.7033624501926683E-004  1.7473308240588901E+000 -2.8180531429183468E-004  8.9539490729327234E-005  9.8140748544055223E-005 -3.9466915217969627E-010  3.0558679963792303E-010  4.4396707335892471E-011 -2.6013853841422795E-003 -1.6989219498393605E-010 -2.9285976275934157E-012  1.3448250448832060E-010 -8.0900849769563779E-011  2.5128974707316212E-010  3.0883437000889000E-010  3.9751063676389411E-012 -3.3693180377360153E-011 -2.4037610539803253E-012 -7.5124902207350470E-011  1.0810923802861696E-002 -3.4452413380842203E-003
 7.8798093447548997E-003 -4.1999417674805897E-010 -6.1354450610438997E-010 -9.6904385430740592E-010  1.3062890232915467E-010 -8.7410085448860323E-010  3.0134636199673254E-010 -1.4815443287810603E-002 -1.2838948746611320E-001 -1.1053461679564156E-004  2.0268136738804603E-004  2.5644950756285206E-001 -2.5532898171781200E-004 -1.2806002009684000E-001 -4.5597426330545796E-010  1.4090475580541644E-009 -1.0514309336043313E-009 -8.7366402780147745E-001  7.2718431910677258E-005 -2.8180531429183468E-004  1.7477861435017319E+000  1.6797198328219316E-004 -8.7412211570049148E-001  2.4062018182972131E-010 -3.7783167362959142E-010  5.5518245082521802E-010 -2.5695192856135503E-003 -6.5562361608197435E-011 -2.2765494117184903E-010 -6.6015962456047268E-011  1.1386580668862893E-010  3.2718772043218066E-013 -2.5905308891926042E-011  3.3899770116494519E-010  2.6037118253945982E-010 -2.2715736786462403E-010 -1.4486404261730517E-010  1.0678429175072059E-002 -3.4030156505951551E-003
 2.1286654456130569E-002 -9.6472032631954421E-010 -2.3186714833988312E-009 -1.9337778983136361E-009 -6.0257256078496726E-011 -7.7304772232078943E-010 -8.4535101486472914E-010 -4.0022873899387516E-002  5.1746402003923907E-004 -1.6050997710427095E-004 -1.8881299370868940E-004 -2.5532870965577217E-004  2.5640950436311916E-001 -2.6213531038511635E-004 -3.4417735225809340E-010  3.9516145229403566E-010  7.2087794783189227E-010 -4.2983857012132373E-004  3.6882162765484105E-005  8.9539490729327234E-005  1.6797198328219316E-004  1.7475361771969780E+000  2.6186658685284006E-004  3.0583878821072028E-010  3.0587237884140529E-010  1.1710800601969793E-010 -6.9413247722702656E-003  3.4129268607417447E-012 -7.2233586585511403E-011 -8.4020268781342952E-011 -2.1747298485295603E-012  9.4013887482854748E-011 -2.4044478189172727E-012 -1.7224586260417538E-010  3.4829460824065121E-010  3.0332349249735891E-010 -1.9697912160348417E-010  2.8847000845169064E-002 -9.1930061068281037E-003
 2.5441597191563324E-003 -1.7824495030941420E-010 -4.7523251332949320E-010  2.6559774128728634E-011  1.4588684796893923E-010  3.8866229503973902E-010 -7.2204335668090543E-010 -4.7834392892373949E-003 -1.2851919436202949E-001  2.3117797288329649E-004 -9.8240392990292917E-005 -1.2806001997402766E-001 -2.6213486284441795E-004  2.5657921433619268E-001 -3.7008151212550550E-010 -9.8581696824176243E-010  1.4182473909513186E-009 -8.7355628475575431E-001 -2.8487559892781568E-004  9.8140748544055223E-005 -8.7412211570049148E-001  2.6186658685284006E-004  1.7476784004564951E+000  1.6408850013086086E-010  4.3782133792028086E-010 -5.0307319194711290E-010 -8.2962913645427086E-004 -6.6432113390423532E-011 -7.6778698702246552E-011 -1.9955007138143888E-010 -2.5269019656522883E-011  9.7176505698805441E-014  1.1439871193649068E-010 -1.6626310487793366E-010 -1.9937155192425608E-010  2.9984474970902892E-010  2.9733936671438718E-010  3.4477354756177539E-003 -1.0987273272870766E-003
 1.4491220377497112E-008 -2.4938016273828176E-002 -7.2215356164923930E-002 -6.2516848900984412E-002 -9.7388641447451359E-003 -8.2279477961757948E-003 -7.1229455719213578E-003  1.2206190409078388E-008  1.2192336131346371E-011 -1.2100542151544544E-010 -1.0564318394674055E-010 -1.8225429847417925E-011 -9.7152719148352485E-011  6.0044864079545762E-012  2.2897874723401036E-002 -2.3906132807559575E-002 -2.0695547704151909E-002 -4.0473912839807359E-010 -4.5641706498493789E-010 -3.9466915217969627E-010  2.4062018182972131E-010  3.0583878821072028E-010  1.6408850013086086E-010  1.9811230365234145E+000  2.3515654306840810E-002  2.0357511572373373E-002 -4.7596233472925692E-009  1.5168200391978625E-003 -1.4128430935379543E-003 -1.2230986268326814E-003 -1.3072032545376397E-003 -2.3114415448125970E-003 -7.2782437581811032E-004  7.7656179194271480E-004  3.3350206671702487E-004  3.7097612022619192E-004  6.6306612698943679E-004 -8.6151313248540959E-009  3.7505005369973407E-009
 3.8667138770032030E-008 -7.2215524550224466E-002 -1.9056715083948614E-001 -1.6681457776267303E-001 -8.2278278370231210E-003 -2.8610078317831932E-002 -1.9006249876425546E-002  3.2570479409550433E-008  1.7205550495172489E-010 -1.4278995542693013E-010 -9.7385403971258675E-011 -1.8678146010633770E-010 -3.2852237866287357E-010  1.4713886626308487E-011 -2.3906153512699684E-002 -3.1931918264791533E-002 -5.5222224015141090E-002 -6.0004306560981992E-011  1.3297500893058822E-010  3.0558679963792303E-010 -3.7783167362959142E-010  3.0587237884140529E-010  4.3782133792028086E-010  2.3515654306840810E-002  2.0350572564914442E+000  5.4320235644267023E-002 -1.2701226130322226E-008  7.4009127560806503E-004  1.4516807030996561E-003  7.7686060984570279E-004 -1.3639126717900454E-003 -8.1734324323521604E-004  3.7097603070424255E-004 -1.1737174994605479E-003 -3.1505835870924391E-003  1.2302656597074513E-004  1.7692686456227669E-003 -2.2988136042133163E-008  1.0007922650438591E-008
 3.3474084976543702E-008 -6.2517006621872609E-002 -1.6681460964806963E-001 -1.4228535273875106E-001 -7.1228330551669555E-003 -1.9006226747439861E-002 -2.3109055052820612E-002  2.8196178239471570E-008  1.4942653701506007E-010 -9.7190815343506861E-011 -1.1479843356455616E-010 -4.2694768081722584E-011 -3.0351370249297767E-010 -1.0671872461076983E-010 -2.0695567137311341E-002 -5.5222228040710350E-002 -1.5948741542059840E-002 -5.2082959288136474E-011  3.0564795032403761E-010  4.4396707335892471E-011  5.5518245082521802E-010  1.1710800601969793E-010 -5.0307319194711290E-010  2.0357511572373373E-002  5.4320235644267023E-002  2.0193351500403485E+000 -1.0994486543642562E-008  6.4069721024458993E-004  7.7686059547626182E-004  1.2268310906021014E-003  3.3350188424521567E-004 -9.6061123545255372E-004 -1.1930873933085188E-003  1.7938267543038183E-003 -6.8120183458255735E-004 -3.1835317329664960E-003 -4.0668803568099868E-004 -1.9901673825015831E-008  8.6639855522049693E-009
-1.4557410221581345E-003  1.6467252270154983E-008  4.3939665258167295E-008  3.8038595722491695E-008  2.4824666289370234E-009  6.6236961938208709E-009  5.7342113966395811E-009  6.6967680063432632E-003  4.1506845288306849E-004 -3.6693304978979778E-004 -3.1765397835950359E-004 -3.1376287646912241E-004 -8.4760274036162664E-004 -1.0130557642936264E-004  4.8086413633488059E-009  1.2831770355293174E-008  1.1108274517854195E-008  3.3991484221255015E-003 -3.0049507676258073E-003 -2.6013853841422795E-003 -2.5695192856135503E-003 -6.9413247722702656E-003 -8.2962913645427086E-004 -4.7596233472925692E-009 -1.2701226130322226E-008 -1.0994486543642562E-008  3.3276539547188977E-001  1.3884162445111361E-011  1.1881463883471694E-011  1.0285459323465159E-011 -1.1662908974127098E-011 -1.8753517062011001E-011 -6.9647458860717679E-012  5.0024126868891136E-012 -2.6957402282414469E-011 -1.8593267097717433E-011  1.2426337811107806E-011  7.3094350130818508E-001 -4.2889674135344147E-001
-3.4710242804478149E-011  6.0119105458258071E-005  1.5685114764479993E-004  1.3578606994396671E-004  5.8957768903178383E-006  2.6892023348915736E-005  2.3280454818811344E-005 -2.1965530625538996E-011  1.9301769886374488E-011 -2.8441526188497478E-011 -2.4814812347684654E-011 -9.5412853569371233E-012  8.6674417769303389E-013 -9.7605176831363032E-012  3.8947134064484589E-005  5.0503590868438108E-005  4.3720971281876740E-005  1.3199444073599153E-010 -1.9473857967810103E-010 -1.6989219498393605E-010 -6.5562361608197435E-011  3.4129268607417447E-012 -6.6432113390423532E-011  1.5168200391978625E-003  7.4009127560806503E-004  6.4069721024458993E-004  1.3884162445111361E-011  1.7788547540829440E-006 -1.8120242677171935E-007 -1.5686691486278758E-007 -1.5150277979806764E-006 -2.5671399432781924E-006 -8.7155629334567203E-007  7.8501388237345393E-007 -1.3924750632958979E-006 -8.7200421580489392E-007  1.1548113278444171E-006  1.7397089916433180E-011 -8.7106525619109970E-012
-2.9686464451822753E-011  4.8533673204614847E-005  1.3513146124714373E-004  1.1646605936117859E-004  1.4194493675234300E-005  2.0255943955127468E-005  1.9154827812424322E-005 -1.8841694237093362E-011  4.4601238022669541E-011  1.9721787580495704E-011 -4.0885948649794212E-013 -3.3336383335764874E-011 -1.0264151567615626E-011 -1.1264847235903741E-011 -1.0455159496902196E-005  5.6442469411251717E-005  4.1111467719083312E-005  3.0443364937182878E-010  1.3362134526527994E-010 -2.9285976275934157E-012 -2.2765494117184903E-010 -7.2233586585511403E-011 -7.6778698702246552E-011 -1.4128430935379543E-003  1.4516807030996561E-003  7.7686059547626182E-004  1.1881463883471694E-011 -1.8120242677171935E-007  2.4792137114497031E-006  2.0113951794153709E-006 -2.7063084858481665E-008  5.2966605526389649E-007  2.7017165122092382E-007 -6.7466923323205999E-007 -3.0362173706407812E-006 -1.5740499507714927E-006  7.6385736146625661E-007  1.4932397294242462E-011 -7.4720751612927653E-012
-2.5704460056570079E-011  4.2015600870274045E-005  1.1646603353349959E-004  1.0142218988758917E-004  1.2288175473393223E-005  1.9154804515886107E-005  1.4711904187013297E-005 -1.6302158417424724E-011  3.8908325723599758E-011 -4.0991737726117200E-013  1.9842899760362112E-011 -9.6107078163041736E-012 -1.2040633862945929E-011 -2.9297604854713078E-011 -9.0510386263195232E-006  4.1111455882910022E-005  4.4543409521963016E-005  2.6556605301339196E-010 -2.9283328506565749E-012  1.3448250448832060E-010 -6.6015962456047268E-011 -8.4020268781342952E-011 -1.9955007138143888E-010 -1.2230986268326814E-003  7.7686060984570279E-004  1.2268310906021014E-003  1.0285459323465159E-011 -1.5686691486278758E-007  2.0113951794153709E-006  1.8970479243655303E-006  4.0213731484420155E-007  3.8741785475350416E-007 -1.9167826381951351E-007  2.0564346523817077E-007 -2.0533689858486378E-006 -2.2872948398676003E-006  1.1651483991536137E-007  1.2915328434092854E-011 -6.4636157650098209E-012
 2.9149415906059537E-011 -5.0536015455179818E-005 -1.3255590832929884E-004 -1.1312137101377258E-004 -4.8409068549802164E-006 -2.0084868868953923E-005 -2.2497132477051476E-005  1.8464896099512505E-011 -1.2932986223574086E-011  5.1679504213962745E-011 -1.2072559789435058E-011  1.6584558664979245E-011 -6.0948510853239645E-013 -3.6515338056856123E-012 -3.3249893773074966E-005 -5.4411967897792017E-005 -2.2646114979274131E-005 -8.8596740607128160E-011  3.5237517929635371E-010 -8.0900849769563779E-011  1.1386580668862893E-010 -2.1747298485295603E-012 -2.5269019656522883E-011 -1.3072032545376397E-003 -1.3639126717900454E-003  3.3350188424521567E-004 -1.1662908974127098E-011 -1.5150277979806764E-006 -2.7063084858481665E-008  4.0213731484420155E-007  1.9552191937151126E-006  2.0781949380972960E-006  7.7403892725689470E-008  5.6207322737091050E-007  2.0486755672741926E-006 -7.2703728195632605E-007 -1.8267280681857031E-006 -1.4630487297138371E-011  7.3240418887027475E-012
 4.6860267947146900E-011 -8.1441587063963965E-005 -2.1154374993330975E-004 -1.8340623270459818E-004 -7.0686882342255827E-006 -3.6915842326436182E-005 -3.1104240988822965E-005  2.9645443012641596E-011  1.1596479486336696E-013  3.1701051112195874E-011  3.6712412061249007E-011 -8.6806734914730358E-014  1.3361259711966520E-011 -2.9111222846414767E-014 -5.6837668947635740E-005 -6.5241420927612706E-005 -6.0566619620996665E-005 -4.2431652641130408E-013  2.1754324356286756E-010  2.5128974707316212E-010  3.2718772043218066E-013  9.4013887482854748E-011  9.7176505698805441E-014 -2.3114415448125970E-003 -8.1734324323521604E-004 -9.6061123545255372E-004 -1.8753517062011001E-011 -2.5671399432781924E-006  5.2966605526389649E-007  3.8741785475350416E-007  2.0781949380972960E-006  3.7459758192580103E-006  1.3659847144421884E-006 -1.3587959515931654E-006  1.5778969019879329E-006  1.2933500139431229E-006 -1.4648591310742783E-006 -2.3501155276019217E-011  1.1769615412818499E-011
 1.7419251676623227E-011 -3.0122228475052829E-005 -7.7881988759100957E-005 -6.9054758660563658E-005 -3.0691078891436129E-006 -1.5994566487275460E-005 -8.7368752359587822E-006  1.1004973062314145E-011 -1.2963205258995235E-011 -1.3521396621706076E-011  4.5365010154136120E-011 -3.7836748551637337E-012 -5.5341193895289859E-013  1.6746885958794146E-011 -1.9003169804793579E-005 -1.3345709475638988E-005 -3.6011723317640366E-005 -8.8493403501401347E-011 -9.1107349949461686E-011  3.0883437000889000E-010 -2.5905308891926042E-011 -2.4044478189172727E-012  1.1439871193649068E-010 -7.2782437581811032E-004  3.7097603070424255E-004 -1.1930873933085188E-003 -6.9647458860717679E-012 -8.7155629334567203E-007  2.7017165122092382E-007 -1.9167826381951351E-007  7.7403892725689470E-008  1.3659847144421884E-006  1.0919115781545472E-006 -1.6152798699304370E-006 -1.8047422817524157E-007  1.8969537038855004E-006  2.7738609004534345E-007 -8.7103908474212314E-012  4.3626576890806329E-012
-1.2502362459342637E-011  2.1875292676337552E-005  5.4871112182685921E-005  5.0530933395363963E-005  1.3416243380141835E-006  1.4532647059349043E-005  3.0991861993106810E-006 -7.8712455498924030E-012 -2.5484196402372604E-011 -1.1025222461162325E-011  7.1572354029854752E-013  4.9803236112715029E-011 -2.5217800634631795E-011 -2.4319035835381425E-011  1.7740202420421871E-005 -5.0908608873368412E-006  4.0979154174709358E-005 -1.7273458064047986E-010 -7.5305949269253833E-011  3.9751063676389411E-012  3.3899770116494519E-010 -1.7224586260417538E-010 -1.6626310487793366E-010  7.7656179194271480E-004 -1.1737174994605479E-003  1.7938267543038183E-003  5.0024126868891136E-012  7.8501388237345393E-007 -6.7466923323205999E-007  2.0564346523817077E-007  5.6207322737091050E-007 -1.3587959515931654E-006 -1.6152798699304370E-006  2.6520974836225170E-006  1.2983672200438861E-006 -2.8834929205517566E-006 -1.1210233770783225E-006  6.2397052377444351E-012 -3.1287749029365285E-012
 6.7317619464203700E-011 -1.1312225572108532E-004 -3.0620045989085144E-004 -2.6287199573417184E-004 -2.2497004401379622E-005 -4.6395486040252342E-005 -4.7069499257884511E-005  4.2684353750162854E-011 -8.5651349008031183E-012 -6.0900541974709941E-013 -5.1595646383630751E-012  3.7920427099025556E-011  5.0535877554627391E-011 -2.9355261186326401E-011 -2.2646332777436205E-005 -1.2568993813339774E-004 -7.5758213214154017E-005 -6.0999594492682480E-011 -2.1811447037317704E-012 -3.3693180377360153E-011  2.6037118253945982E-010  3.4829460824065121E-010 -1.9937155192425608E-010  3.3350206671702487E-004 -3.1505835870924391E-003 -6.8120183458255735E-004 -2.6957402282414469E-011 -1.3924750632958979E-006 -3.0362173706407812E-006 -2.0533689858486378E-006  2.0486755672741926E-006  1.5778969019879329E-006 -1.8047422817524157E-007  1.2983672200438861E-006  5.8006909102023872E-006  1.2942749524289934E-006 -2.7930888521325727E-006 -3.3866105936402228E-011  1.6953443376047141E-011
 4.6460128502834134E-011 -7.7882458074740138E-005 -2.0874878334921286E-004 -1.8426042058182487E-004 -1.5994471607147983E-005 -3.9753535985338053E-005 -2.3312822422109476E-005  2.9402102793395068E-011 -1.0410825081586789E-011 -4.9299914405931810E-012 -5.5126541672496252E-013 -3.3481546651296318E-011  4.4097062518934044E-011  4.3892359083076458E-011 -1.3345819630793302E-005 -4.9612362805972113E-005 -9.6090772355308680E-005 -7.2687412334163172E-011 -3.2588438506567518E-011 -2.4037610539803253E-012 -2.2715736786462403E-010  3.0332349249735891E-010  2.9984474970902892E-010  3.7097612022619192E-004  1.2302656597074513E-004 -3.1835317329664960E-003 -1.8593267097717433E-011 -8.7200421580489392E-007 -1.5740499507714927E-006 -2.2872948398676003E-006 -7.2703728195632605E-007  1.2933500139431229E-006  1.8969537038855004E-006 -2.8834929205517566E-006  1.2942749524289934E-006  5.4426616605659610E-006  7.4015332381053187E-007 -2.3304671338294325E-011  1.1670248628775915E-011
-3.1016631600524317E-011  5.2999771300673970E-005  1.4141969167164785E-004  1.2033758027797981E-004  7.6092118180010861E-006  2.0304005214296962E-005  2.4117927389315522E-005 -1.9664103686330902E-011 -2.2616557032319696E-011  7.5933902052908194E-013 -1.0944454952270471E-011 -2.1100850323612672E-011 -2.8692757354306874E-011  4.3717374512209230E-011  2.3625825722610972E-005  6.3041078582776837E-005  2.3266140987058891E-005 -1.5247536531409597E-010  3.8075518184724299E-012 -7.5124902207350470E-011 -1.4486404261730517E-010 -1.9697912160348417E-010  2.9733936671438718E-010  6.6306612698943679E-004  1.7692686456227669E-003 -4.0668803568099868E-004  1.2426337811107806E-011  1.1548113278444171E-006  7.6385736146625661E-007  1.1651483991536137E-007 -1.8267280681857031E-006 -1.4648591310742783E-006  2.7738609004534345E-007 -1.1210233770783225E-006 -2.7930888521325727E-006  7.4015332381053187E-007  1.9950004793787797E-006  1.5615329173636560E-011 -7.8183922585671640E-012
-2.3456169930847616E-003  2.7466430551511676E-008  7.3288924527922130E-008  6.3446285755150174E-008  4.1561067765807420E-009  1.1089047367221752E-008  9.5999761626285099E-009  1.3111288598179215E-002 -2.2512361138603693E-003  1.9901746680228145E-003  1.7228968118218929E-003  1.7017823599849227E-003  4.5972377648486867E-003  5.4945375384144823E-004  8.0382031115653357E-009  2.1450346020325824E-008  1.8569085550744184E-008 -1.4126164650563577E-002  1.2488049492632906E-002  1.0810923802861696E-002  1.0678429175072059E-002  2.8847000845169064E-002  3.4477354756177539E-003 -8.6151313248540959E-009 -2.2988136042133163E-008 -1.9901673825015831E-008  7.3094350130818508E-001  1.7397089916433180E-011  1.4932397294242462E-011  1.2915328434092854E-011 -1.4630487297138371E-011 -2.3501155276019217E-011 -8.7103908474212314E-012  6.2397052377444351E-012 -3.3866105936402228E-011 -2.3304671338294325E-011  1.5615329173636560E-011  1.6073382412603678E+000 -9.4283012133643163E-001
 1.5257759408662992E-003 -1.2110193589718298E-008 -3.2313726635423093E-008 -2.7974026813085135E-008 -1.8475198395422024E-009 -4.9293119574235911E-009 -4.2674104477296394E-009 -7.9737136493470938E-003  7.6621556774048960E-004 -6.7736264696589821E-004 -5.8639371874278680E-004 -5.7920721461275767E-004 -1.5646849949004079E-003 -1.8700835310780627E-004 -3.5477650416716554E-009 -9.4676476555463752E-009 -8.1958689339704803E-009  4.5017429778080788E-003 -3.9797093813830932E-003 -3.4452413380842203E-003 -3.4030156505951551E-003 -9.1930061068281037E-003 -1.0987273272870766E-003  3.7505005369973407E-009  1.0007922650438591E-008  8.6639855522049693E-009 -4.2889674135344147E-001 -8.7106525619109970E-012 -7.4720751612927653E-012 -6.4636157650098209E-012  7.3240418887027475E-012  1.1769615412818499E-011  4.3626576890806329E-012 -3.1287749029365285E-012  1.6953443376047141E-011  1.1670248628775915E-011 -7.8183922585671640E-012 -9.4283012133643163E-001  5.5309822597585645E-001
