   5.0903257461125881E-003   4.8085641310782926E-017   5.4851603732922759E-017  -1.1668308428070545E-016   1.1845687036982017E-017  -1.8827119345343458E-018   3.8054694657590708E-018   1.4231642506405503E-017  -2.2176472631085409E-017  -1.1939137642964354E-017   4.0984597710701183E-002   1.0729772212824113E-016   1.5102491570425761E-016   2.9262073810219036E-016   2.3160316377427052E-016  -6.4237968979443548E-018   1.2726824672924925E-019   4.5997506167305682E-019  -5.6956099811310993E-018  -2.3988505939182962E-019  -3.8118953044547764E-018  -6.2784309250157155E-002  -1.9737314685643415E-016  -2.6731159852003769E-016  -5.6767165292231896E-016
   4.8085641310782926E-017   5.0903257461121787E-003   2.7484072604712440E-017  -1.2354336159482078E-016   3.2862877999414095E-017  -9.3026350150287678E-018   3.5683113713960252E-018   1.7968595946361280E-017  -4.4646883241636978E-018   2.0291320098484365E-017   2.7358528921603485E-016   4.0984597710699643E-002   1.0999591911194021E-016  -1.0080888578752172E-017  -1.4436702018465159E-016  -7.8033075470243045E-018  -1.2498144163166918E-018  -5.3876469794169639E-019  -8.3674608387744449E-018  -1.0236053051999088E-018  -9.9538305141752757E-018  -3.9147992291001915E-016  -6.2784309250154907E-002  -1.3916709412903771E-016  -1.4258551740243054E-016
   5.4851603732922759E-017   2.7484072604712440E-017   5.0903257461124710E-003   3.5990831230890162E-016  -5.4773361046975651E-017  -8.6502725235035156E-018  -1.4720063281708396E-017  -5.0797118344807656E-017  -8.2036595987525026E-018  -5.3009941233970059E-017   2.8011203100502290E-016   1.1015097687503186E-016   4.0984597710700774E-002  -7.8852375488147430E-017   5.0345379326324515E-016   2.5243748901434184E-017  -1.0431971470198013E-018   3.2949488464797916E-018   2.5751797297503041E-017  -6.1462081013718754E-018   2.5528028072301028E-017  -4.3462884003433673E-016  -1.4604738394090676E-016  -6.2784309250156684E-002  -6.9223827286011293E-016
  -1.1668308428070545E-016  -1.2354336159482078E-016   3.5990831230890162E-016   2.6012971675862419E-004   5.9891337768433703E-017   5.2514984186956488E-018  -1.4429881003403427E-018   5.0574316890814246E-017  -2.8736443101009318E-018   5.3876279149800295E-017  -1.0175752529367936E-015  -9.7941660931555555E-016   2.8083930628253382E-015   9.0071292538735619E-003   1.4199251552660191E-002  -3.0939198089252786E-017  -1.8919905389309386E-018   1.5159910671061462E-019  -2.4372599807399369E-017   1.0945638347626138E-018  -2.1722168686666597E-017   1.5318814970072208E-015   1.5040609058711565E-015  -4.3200424398165293E-015  -2.0059603203581603E-003
   1.1845687036982017E-017   3.2862877999414095E-017  -5.4773361046975651E-017   5.9891337768433703E-017   1.5069584659265569E-029   1.4599254427633453E-030  -9.6920635669093786E-033   1.2638821839443495E-029  -4.4521969185156257E-031   1.3754556339226158E-029   9.5375176763149288E-017   2.6459442904032386E-016  -4.4100599445679676E-016   2.2458436985288994E-015   3.4841636593162299E-015  -7.0269024208131246E-030  -4.8029771957419240E-031  -1.1009820173786307E-031  -4.9769295581309838E-030   1.6449758882828554E-031  -4.8474169020179639E-030  -1.4610524263173954E-016  -4.0533223178128033E-016   6.7557712613387489E-016   5.2359246949947293E-016
  -1.8827119345343458E-018  -9.3026350150287678E-018  -8.6502725235035156E-018   5.2514984186956488E-018   1.4599254427633453E-030   2.4781085659212458E-031   5.3067509273246450E-032   1.2164523266518883E-030   7.4968752557952468E-032   1.4782135278048140E-030  -1.5158595950554880E-017  -7.4899873359109701E-017  -6.9647397268137234E-017   2.6655468295519449E-016   3.9249663499821563E-016  -4.3749029910360263E-031  -5.7889421686967707E-032  -5.4473141926181113E-032  -3.6446732460241402E-032  -3.7616287640341880E-032  -2.1533190635889464E-031   2.3221454622434560E-017   1.1473912334018390E-016   1.0669285470159725E-016   4.4467207485402573E-016
   3.8054694657590708E-018   3.5683113713960252E-018  -1.4720063281708396E-017  -1.4429881003403427E-018  -9.6920635669093786E-033   5.3067509273246450E-032   9.4672688141867393E-032  -2.2780946843667634E-032   8.1069623164556240E-032   5.8015377444727703E-032   3.0639617763874532E-017   2.8730146823094720E-017  -1.1851812673041895E-016   4.6010822129717788E-019  -1.5768988447490213E-017   2.1535203533776391E-031  -1.3774030391161596E-033  -4.1798910982367346E-032   3.3746285586727000E-031  -3.2119184474901158E-032   1.8384750994659596E-031  -4.6936833455642927E-017  -4.4011714734304410E-017   1.8155792995496621E-016   2.9989809228682183E-016
   1.4231642506405503E-017   1.7968595946361280E-017  -5.0797118344807656E-017   5.0574316890814246E-017   1.2638821839443495E-029   1.2164523266518883E-030  -2.2780946843667634E-032   1.0640935135450289E-029  -4.1639230029431665E-031   1.1490225136041204E-029   1.1458562221345474E-016   1.4467358534966239E-016  -4.0899140134889280E-016   1.8651857101931213E-015   2.9030661046796483E-015  -6.0254253451769179E-030  -3.9338861334170162E-031  -7.5017498967849552E-032  -4.3922945209423917E-030   1.7279178281149871E-031  -4.1913520628499013E-030  -1.7553372589998662E-016  -2.2162547957743045E-016   6.2653396781394467E-016   2.6299130720919212E-016
  -2.2176472631085409E-017  -4.4646883241636978E-018  -8.2036595987525026E-018  -2.8736443101009318E-018  -4.4521969185156257E-031   7.4968752557952468E-032   8.1069623164556240E-032  -4.1639230029431665E-031   2.4187069188036791E-031  -1.6283359988933298E-031  -1.7855317218578988E-016  -3.5947297677217587E-017  -6.6051507345509377E-017  -1.9984636224279600E-017  -5.7515475084346312E-017   5.3620127766129226E-031   8.7554225517608231E-034  -5.8026182664734309E-032   7.1225126115392586E-031  -6.7932516268605553E-032   4.5597079424439107E-031   2.7352562197242558E-016   5.5067668835129340E-017   1.0118431057667068E-016   4.7753760349171570E-016
  -1.1939137642964354E-017   2.0291320098484365E-017  -5.3009941233970059E-017   5.3876279149800295E-017   1.3754556339226158E-029   1.4782135278048140E-030   5.8015377444727703E-032   1.1490225136041204E-029  -1.6283359988933298E-031   1.2833925980831439E-029  -9.6127591379261723E-017   1.6337492583664579E-016  -4.2680787527231574E-016   2.1234869081861578E-015   3.2631701992339826E-015  -6.0370618887943891E-030  -4.5845718477001065E-031  -1.6677625940408146E-031  -3.8683836870132380E-030   6.7569329613474336E-032  -4.0434195407093838E-030   1.4725786665589792E-016  -2.5027406490246512E-016   6.5382702596352966E-016   1.0620119351889205E-015
   4.0984597710701183E-002   2.7358528921603485E-016   2.8011203100502290E-016  -1.0175752529367936E-015   9.5375176763149288E-017  -1.5158595950554880E-017   3.0639617763874532E-017   1.1458562221345474E-016  -1.7855317218578988E-016  -9.6127591379261723E-017  0.32998619995798989       -5.0538926658717143E-017  -8.4533888135978434E-017   2.8847641835075450E-016  -1.6029652066463730E-015  -5.1720998766829045E-017   1.0246962873702637E-018   3.7034747479607591E-018  -4.5858024699485878E-017  -1.9314270139771256E-018  -3.0691355202102751E-017 -0.50550589205947283       -1.8830954139041905E-016  -1.6000452373633627E-016  -3.2100573827979200E-016
   1.0729772212824113E-016   4.0984597710699643E-002   1.1015097687503186E-016  -9.7941660931555555E-016   2.6459442904032386E-016  -7.4899873359109701E-017   2.8730146823094720E-017   1.4467358534966239E-016  -3.5947297677217587E-017   1.6337492583664579E-016  -5.0538926658717143E-017  0.32998619995799167       -9.1761902619215690E-018   6.8019197098228453E-016  -3.8007516532448267E-017  -6.2828085387645228E-017  -1.0062841480212902E-017  -4.3378470273209906E-018  -6.7370347879824715E-017  -8.2415259338162587E-018  -8.0142953447634760E-017   2.9984683988486477E-016 -0.50550589205947649        2.5025853124424320E-016   6.2540167035431748E-017
   1.5102491570425761E-016   1.0999591911194021E-016   4.0984597710700774E-002   2.8083930628253382E-015  -4.4100599445679676E-016  -6.9647397268137234E-017  -1.1851812673041895E-016  -4.0899140134889280E-016  -6.6051507345509377E-017  -4.2680787527231574E-016  -8.4533888135978434E-017  -9.1761902619215690E-018  0.32998619995799089       -2.9370903989400377E-015   1.6475801146267049E-016   2.0324925064479988E-016  -8.3992690322829425E-018   2.6529177047940771E-017   2.0733978633327758E-016  -4.9486001298317641E-017   2.0553811545161353E-016   8.5002579700126340E-017   1.9677934146736938E-016 -0.50550589205947571       -3.4153963282538357E-016
   2.9262073810219036E-016  -1.0080888578752172E-017  -7.8852375488147430E-017   9.0071292538735619E-003   2.2458436985288994E-015   2.6655468295519449E-016   4.6010822129717788E-019   1.8651857101931213E-015  -1.9984636224279600E-017   2.1234869081861578E-015   2.8847641835075450E-016   6.8019197098228453E-016  -2.9370903989400377E-015  0.37748435668794761       0.57362267670789435       -9.0604721796756112E-016  -8.3867715860425651E-017  -3.5600424246186791E-017  -4.7068305113884835E-016  -1.7949085566791503E-017  -5.6087912240845202E-016  -1.5752454543481553E-015  -8.9188270528182047E-016   3.5474414806707357E-015  0.30626567730174875     
   2.3160316377427052E-016  -1.4436702018465159E-016   5.0345379326324515E-016   1.4199251552660191E-002   3.4841636593162299E-015   3.9249663499821563E-016  -1.5768988447490213E-017   2.9030661046796483E-015  -5.7515475084346312E-017   3.2631701992339826E-015  -1.6029652066463730E-015  -3.8007516532448267E-017   1.6475801146267049E-016  0.57362267670789435       0.87747313649100411       -1.4823857420583333E-015  -1.2620829746514795E-016  -4.2759804789559929E-017  -8.6409412423950846E-016  -1.0026993484151424E-017  -9.4675950948967337E-016   7.3451861746421205E-016   2.8757596296470462E-016  -1.6439634376491118E-015  0.35990832130782202     
  -6.4237968979443548E-018  -7.8033075470243045E-018   2.5243748901434184E-017  -3.0939198089252786E-017  -7.0269024208131246E-030  -4.3749029910360263E-031   2.1535203533776391E-031  -6.0254253451769179E-030   5.3620127766129226E-031  -6.0370618887943891E-030  -5.1720998766829045E-017  -6.2828085387645228E-017   2.0324925064479988E-016  -9.0604721796756112E-016  -1.4823857420583333E-015   4.2412587474728651E-030   1.7537812487155156E-031  -1.0432861328322199E-031   3.9865557278754742E-030  -2.9945344156417789E-031   3.2119606285989543E-030   7.9231403080377899E-017   9.6246350163472394E-017  -3.1135754698438586E-016   1.1848760998676244E-015
   1.2726824672924925E-019  -1.2498144163166918E-018  -1.0431971470198013E-018  -1.8919905389309386E-018  -4.8029771957419240E-031  -5.7889421686967707E-032  -1.3774030391161596E-033  -3.9338861334170162E-031   8.7554225517608231E-034  -4.5845718477001065E-031   1.0246962873702637E-018  -1.0062841480212902E-017  -8.3992690322829425E-018  -8.3867715860425651E-017  -1.2620829746514795E-016   1.7537812487155156E-031   1.9420790306189986E-032   9.7953162602853501E-033   6.9475535454170945E-032   9.1699718574045590E-033   1.0159415260388626E-031  -1.5697323430585836E-018   1.5415267849854580E-017   1.2866841053814715E-017  -9.0534580410625289E-017
   4.5997506167305682E-019  -5.3876469794169639E-019   3.2949488464797916E-018   1.5159910671061462E-019  -1.1009820173786307E-031  -5.4473141926181113E-032  -4.1798910982367346E-032  -7.5017498967849552E-032  -5.8026182664734309E-032  -1.6677625940408146E-031   3.7034747479607591E-018  -4.3378470273209906E-018   2.6529177047940771E-017  -3.5600424246186791E-017  -4.2759804789559929E-017  -1.0432861328322199E-031   9.7953162602853501E-033   2.7754120750657223E-032  -2.2955042886129273E-031   3.1519600701295713E-032  -1.1451260946386613E-031  -5.6733533293996508E-018   6.6451482863301471E-018  -4.0640048920016230E-017  -2.3510712577616267E-016
  -5.6956099811310993E-018  -8.3674608387744449E-018   2.5751797297503041E-017  -2.4372599807399369E-017  -4.9769295581309838E-030  -3.6446732460241402E-032   3.3746285586727000E-031  -4.3922945209423917E-030   7.1225126115392586E-031  -3.8683836870132380E-030  -4.5858024699485878E-017  -6.7370347879824715E-017   2.0733978633327758E-016  -4.7068305113884835E-016  -8.6409412423950846E-016   3.9865557278754742E-030   6.9475535454170945E-032  -2.2955042886129273E-031   4.5572195112233882E-030  -4.4941156795385789E-031   3.2730694762168992E-030   7.0249912531950086E-017   1.0320464252045537E-016  -3.1762383900650312E-016   2.3253707470171816E-015
  -2.3988505939182962E-019  -1.0236053051999088E-018  -6.1462081013718754E-018   1.0945638347626138E-018   1.6449758882828554E-031  -3.7616287640341880E-032  -3.2119184474901158E-032   1.7279178281149871E-031  -6.7932516268605553E-032   6.7569329613474336E-032  -1.9314270139771256E-018  -8.2415259338162587E-018  -4.9486001298317641E-017  -1.7949085566791503E-017  -1.0026993484151424E-017  -2.9945344156417789E-031   9.1699718574045590E-033   3.1519600701295713E-032  -4.4941156795385789E-031   5.9785625076814407E-032  -2.8285697263914345E-031   2.9587532320217865E-018   1.2625194385812048E-017   7.5807610239298224E-017  -3.2827693405579916E-016
  -3.8118953044547764E-018  -9.9538305141752757E-018   2.5528028072301028E-017  -2.1722168686666597E-017  -4.8474169020179639E-030  -2.1533190635889464E-031   1.8384750994659596E-031  -4.1913520628499013E-030   4.5597079424439107E-031  -4.0434195407093838E-030  -3.0691355202102751E-017  -8.0142953447634760E-017   2.0553811545161353E-016  -5.6087912240845202E-016  -9.4675950948967337E-016   3.2119606285989543E-030   1.0159415260388626E-031  -1.1451260946386613E-031   3.2730694762168992E-030  -2.8285697263914345E-031   2.5218312701055104E-030   4.7016090042337424E-017   1.2277099824169944E-016  -3.1486385920628923E-016   1.2628321125504631E-015
  -6.2784309250157155E-002  -3.9147992291001915E-016  -4.3462884003433673E-016   1.5318814970072208E-015  -1.4610524263173954E-016   2.3221454622434560E-017  -4.6936833455642927E-017  -1.7553372589998662E-016   2.7352562197242558E-016   1.4725786665589792E-016 -0.50550589205947283        2.9984683988486477E-016   8.5002579700126340E-017  -1.5752454543481553E-015   7.3451861746421205E-016   7.9231403080377899E-017  -1.5697323430585836E-018  -5.6733533293996508E-018   7.0249912531950086E-017   2.9587532320217865E-018   4.7016090042337424E-017  0.77438452559341997       -5.2264756288747662E-017   3.1326101832621529E-016  -4.4838812251582151E-016
  -1.9737314685643415E-016  -6.2784309250154907E-002  -1.4604738394090676E-016   1.5040609058711565E-015  -4.0533223178128033E-016   1.1473912334018390E-016  -4.4011714734304410E-017  -2.2162547957743045E-016   5.5067668835129340E-017  -2.5027406490246512E-016  -1.8830954139041905E-016 -0.50550589205947649        1.9677934146736938E-016  -8.9188270528182047E-016   2.8757596296470462E-016   9.6246350163472394E-017   1.5415267849854580E-017   6.6451482863301471E-018   1.0320464252045537E-016   1.2625194385812048E-017   1.2277099824169944E-016  -5.2264756288747662E-017  0.77438452559342708       -6.6326985520826949E-016   3.1331274553079655E-018
  -2.6731159852003769E-016  -1.3916709412903771E-016  -6.2784309250156684E-002  -4.3200424398165293E-015   6.7557712613387489E-016   1.0669285470159725E-016   1.8155792995496621E-016   6.2653396781394467E-016   1.0118431057667068E-016   6.5382702596352966E-016  -1.6000452373633627E-016   2.5025853124424320E-016 -0.50550589205947571        3.5474414806707357E-015  -1.6439634376491118E-015  -3.1135754698438586E-016   1.2866841053814715E-017  -4.0640048920016230E-017  -3.1762383900650312E-016   7.5807610239298224E-017  -3.1486385920628923E-016   3.1326101832621529E-016  -6.6326985520826949E-016  0.77438452559342652       -1.2478267317215783E-015
  -5.6767165292231896E-016  -1.4258551740243054E-016  -6.9223827286011293E-016  -2.0059603203581603E-003   5.2359246949947293E-016   4.4467207485402573E-016   2.9989809228682183E-016   2.6299130720919212E-016   4.7753760349171570E-016   1.0620119351889205E-015  -3.2100573827979200E-016   6.2540167035431748E-017  -3.4153963282538357E-016  0.30626567730174875       0.35990832130782202        1.1848760998676244E-015  -9.0534580410625289E-017  -2.3510712577616267E-016   2.3253707470171816E-015  -3.2827693405579916E-016   1.2628321125504631E-015  -4.4838812251582151E-016   3.1331274553079655E-018  -1.2478267317215783E-015   2.1671641236915060     
