   2.6016115066849463E-004   1.8559252609772565E-010   1.8632993909408272E-011  -1.1957907559017810E-011  -1.0380097983482900E-010   1.8164203500987163E-012  -8.1787709174318722E-011   6.5437042603220296E-003   5.2231173572776434E-009  -3.0279801684872337E-008  -1.3627267344474838E-007   1.7003890697347469E-002   2.6495059852440068E-011   2.0033345051666059E-013  -1.8675432671546758E-011  -1.5488545377261745E-011   4.5537000602284428E-012  -1.1001989604838936E-011   3.4170173976583500E-009  -1.0331305856373331E-008  -4.8527435695320351E-008  -4.5856210331315946E-010   2.9688414171222314E-011  -1.2902722404880616E-010   1.9851493235728671E-010  -2.7722244378611053E-011   2.6005076781644095E-010  -4.3067285776043972E-009   7.6113888412490695E-009   2.9942250150943228E-008  -1.4674818372053659E-003  -1.3662716098470736E-009   8.7736222620407796E-011  -3.7998734949109898E-010   5.9225392655616900E-010  -8.1466517824195592E-011   7.7401976999413652E-010  -5.6678189811394074E-003   1.5892878290955529E-009  -2.5543847501374980E-009  -9.7052860146899618E-009   3.8443980935976389E-003
   1.8559252609772565E-010   1.0915687399746551E-005  -3.7078587818077511E-014   1.2047857163061472E-013  -5.4578437748948652E-006  -3.0465775557077588E-015  -5.4578436250331163E-006   5.6900188319922038E-009   1.5156113509649011E-008  -1.0505273124498214E-008  -2.3983850981273066E-009   1.4438413772120893E-008   1.2258675450486971E-004  -9.1183517039366636E-013   1.2743605830290787E-013  -6.1293378898202172E-005  -6.5669281274916232E-013  -6.1293375607171394E-005   5.4007901821753861E-009  -3.7400672802896093E-009  -8.3560740945236416E-010   1.3380582302731925E-003  -6.5189349453758928E-012   5.6709347964723242E-012  -6.6902912362761565E-004   1.1673059126174932E-012  -6.6902910664586208E-004  -3.6089401711272043E-009   2.2944496254408442E-009   4.9614405969637973E-010  -8.2998390040663866E-009   3.9512696668426977E-003  -1.8212345313361462E-011   2.0210414754669809E-011  -1.9756348547888829E-003   6.0977515106879914E-012  -1.9756348120546397E-003   1.7501705961081898E-009   1.1921894600233727E-009  -7.4206139707453116E-010  -1.6388008702507460E-010  -6.2385351655288841E-010
   1.8632993909408272E-011  -3.7078587818077511E-014   1.0915687555932528E-005   3.6269000348954556E-014  -5.3130213874835841E-014   2.0220982677526023E-013   9.0210046602908321E-014   5.5025934619502297E-010   7.9641698506008340E-009   7.8207518643477642E-009  -1.1519857698068871E-009   1.4037048823815517E-009  -3.3146446362688438E-013   1.2258675397692516E-004   2.0544528655824405E-013  -7.5136819570830923E-013   2.2265146695816482E-012   1.0828272950913343E-012   2.8373252274428396E-009   2.7918532517650010E-009  -4.0999700543722273E-010   1.4092482157799752E-012   1.3380582370850964E-003   2.7301350155136293E-012  -5.7177894589938412E-012   1.2822998948777991E-011   4.3085376266356842E-012  -1.6901770848573273E-009  -1.9336021621356481E-009   2.5218591560078292E-010  -8.0341259965122159E-010   5.3008032913053177E-012   3.9512696975715989E-003   9.3906211857829682E-012  -1.6353675087878423E-011   3.4879564837927893E-011   1.1052870938538176E-011   1.6864281805792612E-010   5.4397399495907301E-010   6.4509871336959583E-010  -8.1506356579393324E-011  -6.0228352519634771E-011
  -1.1957907559017810E-011   1.2047857163061472E-013   3.6269000348954556E-014   1.0915687592939330E-005  -3.5358717186061703E-013   8.4741021446829257E-014   2.3309775289165303E-013  -3.2532601776542235E-010   7.5592622214071107E-010  -8.1079696328558165E-009   4.2940434380470251E-009  -8.3207689587758880E-010   1.8884799506749361E-013   4.3855764768529544E-014   1.2258675517980210E-004  -2.1697387278961319E-012   3.9732611593017458E-013   1.9808815282170173E-012   2.4165801847283883E-010  -2.8837243442771912E-009   1.5414275014187919E-009   7.1828334243941011E-012   1.0225674526878886E-012   1.3380582408772778E-003  -2.0895454441904660E-011   3.7006768173712999E-012   1.3712617155969235E-011  -8.9545036195345520E-011   1.8103569244165008E-009  -1.1440153451796948E-009   4.7605634045615613E-010   2.4769581472202902E-011   4.3634101502017513E-012   3.9512697030330704E-003  -6.3270012149265296E-011   9.3969228018216394E-012   3.8500428795523956E-011  -1.0004517105556220E-010   3.3098337456694569E-011  -5.8770758805176513E-010   3.8839394281336841E-010   3.5730958045007097E-011
  -1.0380097983482900E-010  -5.4578437748948652E-006  -5.3130213874835841E-014  -3.5358717186061703E-013   1.0915688222870222E-005  -1.9268107872593380E-013  -5.4578444478863154E-006  -3.1669591356705883E-009  -7.1365380600343936E-009   3.4608045255171472E-009  -7.5898485360857345E-009  -8.0406687722096937E-009  -6.1293378398130074E-005  -4.4993691088074375E-013  -2.2468341345761262E-012   1.2258676281323564E-004  -8.9874460981686571E-013  -6.1293384414871785E-005  -2.5443447690521973E-009   1.2382844222008493E-009  -2.6894173385445353E-009  -6.6902911777427321E-004  -1.0538965853225721E-012  -2.1521303270147569E-011   1.3380582819729695E-003  -1.4215099975144983E-011  -6.6902916419854172E-004   1.7085746992630812E-009  -6.6620111150709745E-010   1.6374495125150429E-009   4.6211356476068621E-009  -1.9756348374884354E-003  -2.4922194710169688E-012  -6.5059637505835611E-011   3.9512698142163457E-003  -4.3546687506785064E-011  -1.9756349767275625E-003  -9.7435838088966000E-010  -5.6507964106729804E-010   2.1042257681109797E-010  -5.3279315117566555E-010   3.4733973702051771E-010
   1.8164203500987163E-012  -3.0465775557077588E-015   2.0220982677526023E-013   8.4741021446829257E-014  -1.9268107872593380E-013   1.0915688420046991E-005   1.9573035415714694E-013   6.2139087711750506E-011  -1.2231765297231778E-009  -3.1186234931135891E-009   1.5112705717488158E-008   1.5617468630810239E-010  -9.6822943880300907E-013   2.2528804787449514E-012   7.0244118060396877E-013  -5.1449060941496913E-013   1.2258676374636186E-004   1.4827245915625703E-012  -4.3467793490731146E-010  -1.1397980903745065E-009   5.3877661674419088E-009  -2.8534119846495243E-012   1.3468306289832050E-011   7.4711119714514315E-012  -8.5735168352640393E-012   1.3380582929688697E-003   1.1426931279529923E-011   2.6823235230296154E-010   7.6785343456471046E-010  -3.2636898116721556E-009  -9.1571184161703029E-011  -5.8543589300727589E-012   3.6812640897224495E-011   2.0534798714169316E-011  -2.6706259816493946E-011   3.9512698505537788E-003   3.2560622716703972E-011   1.9568253558618694E-011  -8.6764010722740188E-011  -2.4451770571549775E-010   1.0528112282126764E-009  -6.9166536321478972E-012
  -8.1787709174318722E-011  -5.4578436250331163E-006   9.0210046602908321E-014   2.3309775289165303E-013  -5.4578444478863154E-006   1.9573035415714694E-013   1.0915688073011819E-005  -2.5229476481299940E-009  -8.0195760741875516E-009   7.0444676670233127E-009   9.9882335682052186E-009  -6.3974587352914656E-009  -6.1293376108777190E-005   1.3617860590908817E-012   2.1192762587279115E-012  -6.1293383914033469E-005   1.5554677201897585E-012   1.2258676002308073E-004  -2.8564456290921004E-009   2.5017825218912261E-009   3.5250247327730209E-009  -6.6902911252115951E-004   7.5729841019465206E-012   1.5849038812743182E-011  -6.6902915833443868E-004   1.3048124765570304E-011   1.3380582708557289E-003   1.9003662022250420E-009  -1.6282485652553589E-009  -2.1335929236677838E-009   3.6785576729815803E-009  -1.9756348294199377E-003   2.0705015325527986E-011   4.4845296278591106E-011  -1.9756349593952312E-003   3.7449912558052862E-011   3.9512697888156451E-003  -7.7579319277640816E-010  -6.2710973599914203E-010   5.3163896451333674E-010   6.9667308505990838E-010   2.7651687341955427E-010
   6.5437042603220296E-003   5.6900188319922038E-009   5.5025934619502297E-010  -3.2532601776542235E-010  -3.1669591356705883E-009   6.2139087711750506E-011  -2.5229476481299940E-009  0.19877296237357547       -3.0054648505720810E-008   3.8686486780577074E-008   1.2791708025239829E-007  0.50575580690782518        2.2401663294805994E-009  -7.9943653723637665E-011  -1.9313527078542579E-010  -1.0982615567771689E-009   2.1735267072129680E-010  -1.1417711872360074E-009   3.7029245738845282E-008   2.7100428384444454E-008   4.7076297155318581E-008   2.0471691258157769E-009  -6.4862517234979066E-011   1.5011298479978703E-010  -9.7265673411528491E-010   6.0343032396468560E-011  -1.0744110774020282E-009  -7.6920178297227412E-009  -1.5501024627337590E-008  -2.7322769902174810E-008 -0.30892368090500227        5.6151313600004720E-009  -1.8522373957515401E-010   4.7161713219627465E-010  -2.6616818834441315E-009   1.8208926144139375E-010  -2.9533646413615205E-009   7.7292482899964474E-002   2.1636060976257891E-009   5.1780184140794315E-009   8.7990817929388913E-009  -3.0996893688320745E-002
   5.2231173572776434E-009   1.5156113509649011E-008   7.9641698506008340E-009   7.5592622214071107E-010  -7.1365380600343936E-009  -1.2231765297231778E-009  -8.0195760741875516E-009  -3.0054648505720810E-008  0.21936082678443408        3.4431998927104658E-010   1.2982861672299678E-010  -7.3176875343437811E-008   3.3543215402304210E-009   4.7219654885288096E-009   1.2342407325651990E-009  -1.6120469270647608E-009  -1.7302718464972287E-010  -1.7422748593604547E-009   7.8122940943972430E-002  -3.5480755560351206E-010  -1.8461734817553685E-010  -2.3227207004452820E-010  -6.1997746150616388E-010   3.0866753472857899E-010   1.7318990119850113E-010  -1.1200243142889868E-010   5.9082052282291372E-011  -5.2671066649619278E-002   7.5956112362299454E-011   7.7074059099767632E-011   4.1375005797872085E-008  -8.2605567294389701E-010  -1.6903812581825381E-009   1.1562569936085001E-009   5.5814742742390884E-010  -2.6840922900285010E-010   2.6790810894500425E-010  -8.7066378358525920E-009   1.9948554740890884E-002  -2.2145635153783034E-011  -2.6006186569092062E-011   3.1064426250992913E-009
  -3.0279801684872337E-008  -1.0505273124498214E-008   7.8207518643477642E-009  -8.1079696328558165E-009   3.4608045255171472E-009  -3.1186234931135891E-009   7.0444676670233127E-009   3.8686486780577074E-008   3.4431998927104658E-010  0.21936082794522441        2.2823579940188645E-011   6.5353085326605310E-009  -3.1393800183023028E-009   2.9495782488567251E-009  -3.6820158054002532E-010   5.2944983535522727E-009   8.9470919780669375E-010  -2.1551190188013339E-009   1.7286136589888145E-011   7.8122940374048794E-002  -3.4086173347835195E-011   2.1723249460304151E-010  -2.1608129699746946E-010  -1.2935967308179696E-010  -8.2126675778531804E-010   1.6427090609841540E-010   6.0403382593257336E-010  -5.7370828248332788E-011  -5.2671066619094847E-002   1.4172204696350524E-011  -7.9514975078593087E-009   8.9194285086371925E-010  -5.0943178439728556E-010   6.8405728814966091E-011  -1.9443672640845180E-009   9.4616527264383061E-010   1.0524253020332993E-009   1.7766264229431871E-009   2.0139270045242058E-011   1.9948554734597800E-002  -4.8248128909458106E-012  -6.1665766885463556E-010
  -1.3627267344474838E-007  -2.3983850981273066E-009  -1.1519857698068871E-009   4.2940434380470251E-009  -7.5898485360857345E-009   1.5112705717488158E-008   9.9882335682052186E-009   1.2791708025239829E-007   1.2982861672299678E-010   2.2823579940188645E-011  0.21936082760777750        3.9626321465429212E-008  -7.9819098433129029E-010  -1.7071999711359674E-010   2.6889521518970066E-009  -1.1233566778982116E-009   5.4868102686336971E-009   1.9215474068959933E-009   5.7990610620429877E-011   1.1816439295040982E-011   7.8122940539408839E-002  -2.2956244306837814E-010  -1.0401436424573326E-010  -3.8428121495721912E-010  -2.7938269285427321E-010  -3.4800729620808898E-010   5.0894496042204592E-010  -9.5270348624404838E-012  -2.8051162512794476E-012  -5.2671066635649494E-002  -2.8295864602346497E-008  -7.2183940181391348E-010  -2.5220966991949054E-010  -8.0612653389609641E-010  -5.9164790548236664E-010  -1.2473830421403735E-009   1.3134873048206185E-009   5.9460669015575312E-009   1.4407905785042783E-012   5.8595448899359507E-013   1.9948554738709417E-002  -2.1215971127465109E-009
   1.7003890697347469E-002   1.4438413772120893E-008   1.4037048823815517E-009  -8.3207689587758880E-010  -8.0406687722096937E-009   1.5617468630810239E-010  -6.3974587352914656E-009  0.50575580690782518       -7.3176875343437811E-008   6.5353085326605310E-009   3.9626321465429212E-008   1.2896829234182174        5.0377183003790809E-009  -1.8649854048074818E-010  -5.2644729572433148E-010  -2.4759800358163927E-009   5.3057404555473636E-010  -2.5613975408026635E-009   9.5451802432353909E-008   3.6354507675702358E-008   1.7830446155552312E-008  -2.0993623328502728E-009   2.7059159317354030E-011   2.8939719913104386E-012   1.0401179219275907E-009  -1.0242521099488659E-010   1.0595042569580576E-009  -2.7687517656396272E-008  -1.2362561008022132E-008  -1.1530617147697988E-008 -0.71211829871903520       -7.2768741492105264E-009   9.4768920231103364E-011   8.1473875076280255E-011   3.5997582683210284E-009  -2.9025588070349332E-010   3.6773249750450063E-009  0.13618501246361220        8.7088110060147741E-009   3.8063742925065118E-009   3.7833928772523324E-009  -4.6124965286217366E-002
   2.6495059852440068E-011   1.2258675450486971E-004  -3.3146446362688438E-013   1.8884799506749361E-013  -6.1293378398130074E-005  -9.6822943880300907E-013  -6.1293376108777190E-005   2.2401663294805994E-009   3.3543215402304210E-009  -3.1393800183023028E-009  -7.9819098433129029E-010   5.0377183003790809E-009   1.3766895140905893E-003  -9.2628312484511915E-012  -1.1596319420783854E-011  -6.8834477890593587E-004  -1.7875109374200991E-011  -6.8834473519031186E-004   1.2268946059036622E-009  -1.0610575365750087E-009  -6.3807811719719944E-011   1.5026833382665040E-002  -6.2518858786206190E-011  -7.8503082140794550E-011  -7.5134168235816068E-003  -1.0151569037804524E-010  -7.5134165590866357E-003  -7.1824137963922118E-011   8.8325309673800703E-010   1.0397012133237083E-010  -2.9685377938926140E-009   4.4374056068921197E-002  -1.7296049579970433E-010  -1.9291431530070892E-010  -2.2187028383366735E-002  -2.7000607449358651E-010  -2.2187027685563725E-002   6.2530684460822968E-010  -4.0377209220510071E-011  -2.9751734243643512E-010  -1.8446432658302307E-011  -2.2225309354826842E-010
   2.0033345051666059E-013  -9.1183517039366636E-013   1.2258675397692516E-004   4.3855764768529544E-014  -4.4993691088074375E-013   2.2528804787449514E-012   1.3617860590908817E-012  -7.9943653723637665E-011   4.7219654885288096E-009   2.9495782488567251E-009  -1.7071999711359674E-010  -1.8649854048074818E-010  -9.2628312484511915E-012   1.3766894823915973E-003  -1.8095697663516631E-012  -6.8037854832012303E-012   2.4773638491985585E-011   1.6066556485593795E-011   1.6499780418472106E-009   1.1381630458692574E-009  -5.3318728702940055E-011  -4.4645871304751183E-011   1.5026833177859101E-002  -1.4273449460668018E-011  -4.6357501869755463E-011   1.4148628902489859E-010   9.1003332556095489E-011  -1.4337849613855794E-009  -4.2862948371852030E-011   4.3417266953575312E-011   9.5986913136094492E-011  -1.1904391275461699E-010   4.4374055583323600E-002  -2.7229343242005580E-011  -1.3093129741214047E-010   3.8426663117618801E-010   2.4997520052795497E-010  -1.7494828164091738E-011   4.8696147481442937E-010  -4.3818386568398834E-011  -1.4456543844903672E-011   6.7079906419830612E-012
  -1.8675432671546758E-011   1.2743605830290787E-013   2.0544528655824405E-013   1.2258675517980210E-004  -2.2468341345761262E-012   7.0244118060396877E-013   2.1192762587279115E-012  -1.9313527078542579E-010   1.2342407325651990E-009  -3.6820158054002532E-010   2.6889521518970066E-009  -5.2644729572433148E-010  -1.1596319420783854E-011  -1.8095697663516631E-012   1.3766895047224348E-003  -5.0383881089092389E-012   1.7116674895093985E-012   1.6634604161014852E-011   1.1817129740520800E-010  -6.2776967192292094E-011   1.1186371706954655E-009  -6.9046391126478036E-011  -1.3655961438178960E-011   1.5026833316717352E-002  -2.3715708445677670E-011   1.1546719706497639E-011   9.2762056206713711E-011  -1.4104029266228859E-010   5.8752623551593397E-011   1.2616469364714428E-011   3.1446825460135057E-010  -1.6392697666003216E-010  -2.5234750956897566E-011   4.4374055928944459E-002  -8.7618625325341953E-011   1.6902453031036332E-011   2.5154558085751139E-010  -6.8753553547020573E-011   1.8086641497449106E-011  -1.8692131835970342E-011  -6.2757381368629659E-011   2.4010721581642105E-011
  -1.5488545377261745E-011  -6.1293378898202172E-005  -7.5136819570830923E-013  -2.1697387278961319E-012   1.2258676281323564E-004  -5.1449060941496913E-013  -6.1293383914033469E-005  -1.0982615567771689E-009  -1.6120469270647608E-009   5.2944983535522727E-009  -1.1233566778982116E-009  -2.4759800358163927E-009  -6.8834477890593587E-004  -6.8037854832012303E-012  -5.0383881089092389E-012   1.3766895967515550E-003   8.3661907802982243E-012  -6.8834481784299355E-004  -6.0551762498240676E-010   1.9181150622810303E-009  -2.1602884632269127E-010  -7.5134168191190115E-003  -3.0959326904398182E-011  -2.1282954290339515E-011   1.5026833847049207E-002   4.1826164758370781E-011  -7.5134170279284613E-003   1.5132800087687289E-011  -1.6381776435964840E-009   1.6266167426008400E-010   1.4595256936666158E-009  -2.2187028370013920E-002  -8.4460507288382743E-011  -7.9777774998244008E-011   4.4374057380775267E-002   1.0588410986087222E-010  -2.2187029010757437E-002  -3.0715493249960401E-010   2.7512873077452528E-011   5.5668144391146000E-010  -3.6065123427741150E-011   1.0916271578680896E-010
   4.5537000602284428E-012  -6.5669281274916232E-013   2.2265146695816482E-012   3.9732611593017458E-013  -8.9874460981686571E-013   1.2258676374636186E-004   1.5554677201897585E-012   2.1735267072129680E-010  -1.7302718464972287E-010   8.9470919780669375E-010   5.4868102686336971E-009   5.3057404555473636E-010  -1.7875109374200991E-011   2.4773638491985585E-011   1.7116674895093985E-012   8.3661907802982243E-012   1.3766895929003926E-003   9.5089696169052834E-012  -4.6450971133591430E-011  -7.6157228591882833E-012   1.9478396768287215E-009  -1.0847123249931185E-010   1.4549190185693829E-010   1.6502224162606634E-011   5.8084570648308708E-011   1.5026833814138654E-002   5.0386689473164986E-011   3.9057084047396883E-011  -1.0243987507406586E-010  -1.5986787427217182E-009  -3.0075198040632652E-010  -2.9143277037824894E-010   3.9640409914756635E-010   3.1578590180518122E-011   1.5592660387185316E-010   4.4374057327014979E-002   1.3550621109241391E-010   6.2381489290014094E-011  -1.2861887907911726E-011   7.8933671796955625E-012   5.3955582131102775E-010  -2.2448403385951866E-011
  -1.1001989604838936E-011  -6.1293375607171394E-005   1.0828272950913343E-012   1.9808815282170173E-012  -6.1293384414871785E-005   1.4827245915625703E-012   1.2258676002308073E-004  -1.1417711872360074E-009  -1.7422748593604547E-009  -2.1551190188013339E-009   1.9215474068959933E-009  -2.5613975408026635E-009  -6.8834473519031186E-004   1.6066556485593795E-011   1.6634604161014852E-011  -6.8834481784299355E-004   9.5089696169052834E-012   1.3766895530363382E-003  -6.2137708136638936E-010  -8.5705778379663842E-010   2.7983657242701865E-010  -7.5134165636077900E-003   9.3477528093586728E-011   9.9784908143676600E-011  -7.5134170234389423E-003   5.9690082544234358E-011   1.5026833587048200E-002   5.6690411549450636E-011   7.5492403663724510E-010  -2.6663115476545972E-010   1.5088065076895915E-009  -2.2187027699089656E-002   2.5741906121247868E-010   2.7268875847992568E-010  -2.2187028997323908E-002   1.6412360922357199E-010   4.4374056696418911E-002  -3.1815283611028979E-010   1.2864518256109521E-011  -2.5916262587583504E-010   5.4511935340230372E-011   1.1309789248043027E-010
   3.4170173976583500E-009   5.4007901821753861E-009   2.8373252274428396E-009   2.4165801847283883E-010  -2.5443447690521973E-009  -4.3467793490731146E-010  -2.8564456290921004E-009   3.7029245738845282E-008   7.8122940943972430E-002   1.7286136589888145E-011   5.7990610620429877E-011   9.5451802432353909E-008   1.2268946059036622E-009   1.6499780418472106E-009   1.1817129740520800E-010  -6.0551762498240676E-010  -4.6450971133591430E-011  -6.2137708136638936E-010   2.8287956753010476E-002  -1.6387986476278008E-010  -6.1344015323105422E-011   1.6343795761460467E-010  -5.1376121277577340E-010  -3.4003627703989816E-009  -2.2742704134778075E-010   1.2657881005281351E-010   6.3989031186534210E-011   1.2662728224467904E-002   4.6146542836967191E-011   2.7110194021519536E-011  -5.5364840207830209E-008   4.0198489930037229E-010  -1.4997723200048151E-009  -9.9743861134016208E-009  -6.3587477365967590E-010   3.9149658228069024E-010   2.3388982829982018E-010   1.1747616539917194E-008  -1.2979573469804835E-002  -1.4125827018548022E-011  -8.8129615149407383E-012  -4.1756375477708044E-009
  -1.0331305856373331E-008  -3.7400672802896093E-009   2.7918532517650010E-009  -2.8837243442771912E-009   1.2382844222008493E-009  -1.1397980903745065E-009   2.5017825218912261E-009   2.7100428384444454E-008  -3.5480755560351206E-010   7.8122940374048794E-002   1.1816439295040982E-011   3.6354507675702358E-008  -1.0610575365750087E-009   1.1381630458692574E-009  -6.2776967192292094E-011   1.9181150622810303E-009  -7.6157228591882833E-012  -8.5705778379663842E-010  -1.6387986476278008E-010   2.8287956216109699E-002  -1.0718719510631157E-011   6.7431223840641160E-010   7.8280327049088456E-010   7.0283256727878890E-010   1.2496733085369473E-010  -3.4982126725317597E-009  -7.9927973584753165E-010   1.0186419251219868E-010   1.2662729067040281E-002   4.4492535877470628E-012  -2.1878890400854926E-008   2.0967362882489225E-009   2.3228157792683665E-009   2.2293548910742702E-009   4.9681652924586336E-010  -1.0185681327303092E-008  -2.5935524920613475E-009   4.5151972967322596E-009  -3.3780867311962090E-011  -1.2979573772006574E-002  -1.3372474274730573E-012  -1.6228856986240504E-009
  -4.8527435695320351E-008  -8.3560740945236416E-010  -4.0999700543722273E-010   1.5414275014187919E-009  -2.6894173385445353E-009   5.3877661674419088E-009   3.5250247327730209E-009   4.7076297155318581E-008  -1.8461734817553685E-010  -3.4086173347835195E-011   7.8122940539408839E-002   1.7830446155552312E-008  -6.3807811719719944E-011  -5.3318728702940055E-011   1.1186371706954655E-009  -2.1602884632269127E-010   1.9478396768287215E-009   2.7983657242701865E-010  -6.1344015323105422E-011  -1.0718719510631157E-011   2.8287956375835782E-002   2.3248589541172760E-009   4.5130799912093668E-011   1.5228497090620640E-009   1.9144557090121029E-009  -1.4543172583094140E-010  -4.2393147230800871E-009   6.6539964748600292E-011   1.6892482961547703E-011   1.2662728960380034E-002  -1.2049719425228177E-008   6.8574712057828166E-009   1.4847284525259621E-010   4.5697267795443110E-009   5.7450514443284512E-009  -5.3312756999639559E-010  -1.2602522648233180E-008   2.5068302296742820E-009  -2.2852748058518292E-011  -5.8564189755792684E-012  -1.2979573736135163E-002  -9.0101021939196726E-010
  -4.5856210331315946E-010   1.3380582302731925E-003   1.4092482157799752E-012   7.1828334243941011E-012  -6.6902911777427321E-004  -2.8534119846495243E-012  -6.6902911252115951E-004   2.0471691258157769E-009  -2.3227207004452820E-010   2.1723249460304151E-010  -2.2956244306837814E-010  -2.0993623328502728E-009   1.5026833382665040E-002  -4.4645871304751183E-011  -6.9046391126478036E-011  -7.5134168191190115E-003  -1.0847123249931185E-010  -7.5134165636077900E-003   1.6343795761460467E-010   6.7431223840641160E-010   2.3248589541172760E-009  0.16402080440015457       -6.6132921209991684E-011  -2.2892725242141566E-010  -8.2010402433913110E-002  -1.6238524743078359E-010  -8.2010401966276431E-002   5.5498641063780298E-010  -6.0544439584934809E-010  -9.8511151536790093E-010   4.1164667745351990E-010  0.48435143889451987       -6.8052008906065838E-011  -2.5137101860965779E-010 -0.24217571968344220       -1.5459239204291885E-010 -0.24217571921117878       -2.4128303979536164E-011  -1.5383002106058902E-010   2.1610559344358124E-010   2.6978219740483348E-010   1.7142922882147199E-011
   2.9688414171222314E-011  -6.5189349453758928E-012   1.3380582370850964E-003   1.0225674526878886E-012  -1.0538965853225721E-012   1.3468306289832050E-011   7.5729841019465206E-012  -6.4862517234979066E-011  -6.1997746150616388E-010  -2.1608129699746946E-010  -1.0401436424573326E-010   2.7059159317354030E-011  -6.2518858786206190E-011   1.5026833177859101E-002  -1.3655961438178960E-011  -3.0959326904398182E-011   1.4549190185693829E-010   9.3477528093586728E-011  -5.1376121277577340E-010   7.8280327049088456E-010   4.5130799912093668E-011  -6.6132921209991684E-011  0.16402080370582844       -8.9257820753166539E-011  -3.3310681733371098E-011   1.8085564932774149E-010   9.9443159583899507E-011   9.3198434163183381E-010   4.1221685358694163E-010   8.2362932722494159E-011   1.0169432074700010E-011  -5.5631977460802845E-011  0.48435143814518528       -1.0072290606404109E-010  -3.3291448429059312E-011   1.6796165239214219E-010   8.8923320674762896E-011  -4.6763356756512268E-012  -3.4868741355229861E-010  -1.2209718524112697E-010  -3.0919010038889398E-011   1.1779369116014558E-012
  -1.2902722404880616E-010   5.6709347964723242E-012   2.7301350155136293E-012   1.3380582408772778E-003  -2.1521303270147569E-011   7.4711119714514315E-012   1.5849038812743182E-011   1.5011298479978703E-010   3.0866753472857899E-010  -1.2935967308179696E-010  -3.8428121495721912E-010   2.8939719913104386E-012  -7.8503082140794550E-011  -1.4273449460668018E-011   1.5026833316717352E-002  -2.1282954290339515E-011   1.6502224162606634E-011   9.9784908143676600E-011  -3.4003627703989816E-009   7.0283256727878890E-010   1.5228497090620640E-009  -2.2892725242141566E-010  -8.9257820753166539E-011  0.16402080407661698        1.0910817229428393E-010   1.0223695288326730E-010   1.1981860678987465E-010   1.6257111978133449E-009  -1.0576427492502075E-010   3.5817302302677104E-010  -2.5582206125564813E-011  -2.3978080355001664E-010  -9.8854578643621072E-011  0.48435143853689849        1.3023581250043669E-010   1.1421917549208028E-010   1.0954476042283692E-010   5.6090470651207006E-012  -4.5184454762722834E-010   2.1264329393404347E-011  -1.1959847755410423E-010  -1.7135030797121269E-012
   1.9851493235728671E-010  -6.6902912362761565E-004  -5.7177894589938412E-012  -2.0895454441904660E-011   1.3380582819729695E-003  -8.5735168352640393E-012  -6.6902915833443868E-004  -9.7265673411528491E-010   1.7318990119850113E-010  -8.2126675778531804E-010  -2.7938269285427321E-010   1.0401179219275907E-009  -7.5134168235816068E-003  -4.6357501869755463E-011  -2.3715708445677670E-011   1.5026833847049207E-002   5.8084570648308708E-011  -7.5134170234389423E-003  -2.2742704134778075E-010   1.2496733085369473E-010   1.9144557090121029E-009  -8.2010402433913110E-002  -3.3310681733371098E-011   1.0910817229428393E-010  0.16402080468949687        9.3784167499831827E-011  -8.2010402255564829E-002  -3.0542270041583631E-010   9.4623956841363238E-010  -8.4430257616992452E-010  -2.1861299249212635E-010 -0.24217571968153409       -2.2374395393208256E-011   1.3740657087095565E-010  0.48435143909985312        8.4529833401608535E-011 -0.24217571941827629        1.5758096978573682E-011   9.0335666188322530E-011  -3.7216424513974505E-010   2.2665089322496235E-010  -9.5344611427608772E-012
  -2.7722244378611053E-011   1.1673059126174932E-012   1.2822998948777991E-011   3.7006768173712999E-012  -1.4215099975144983E-011   1.3380582929688697E-003   1.3048124765570304E-011   6.0343032396468560E-011  -1.1200243142889868E-010   1.6427090609841540E-010  -3.4800729620808898E-010  -1.0242521099488659E-010  -1.0151569037804524E-010   1.4148628902489859E-010   1.1546719706497639E-011   4.1826164758370781E-011   1.5026833814138654E-002   5.9690082544234358E-011   1.2657881005281351E-010  -3.4982126725317597E-009  -1.4543172583094140E-010  -1.6238524743078359E-010   1.8085564932774149E-010   1.0223695288326730E-010   9.3784167499831827E-011  0.16402080442987846        6.8601381432964663E-011   5.6537567164806551E-011   1.6659970710396858E-009   6.2336931217134137E-010   1.7456119523952326E-011  -1.6427493160279665E-010   1.7133387597358392E-010   1.1468393692605847E-010   1.0670540475486544E-010  0.48435143880718656        5.7570013507747276E-011   4.1420981547860090E-013  -2.3365584733682694E-011  -4.6505485975879010E-010  -2.4374085356797780E-010   6.8219734875795191E-013
   2.6005076781644095E-010  -6.6902910664586208E-004   4.3085376266356842E-012   1.3712617155969235E-011  -6.6902916419854172E-004   1.1426931279529923E-011   1.3380582708557289E-003  -1.0744110774020282E-009   5.9082052282291372E-011   6.0403382593257336E-010   5.0894496042204592E-010   1.0595042569580576E-009  -7.5134165590866357E-003   9.1003332556095489E-011   9.2762056206713711E-011  -7.5134170279284613E-003   5.0386689473164986E-011   1.5026833587048200E-002   6.3989031186534210E-011  -7.9927973584753165E-010  -4.2393147230800871E-009  -8.2010401966276431E-002   9.9443159583899507E-011   1.1981860678987465E-010  -8.2010402255564829E-002   6.8601381432964663E-011  0.16402080422185727       -2.4956450062749999E-010  -3.4079556033246273E-010   1.8294144633722319E-009  -1.9314139068433534E-010 -0.24217571921308897        9.0425095074490894E-011   1.1396304996154447E-010 -0.24217571941635499        7.0063448973310677E-011  0.48435143862950236        8.3566443936922494E-012   6.3494615916935693E-011   1.5605977352828869E-010  -4.9643276529091665E-010  -7.5996114380280633E-012
  -4.3067285776043972E-009  -3.6089401711272043E-009  -1.6901770848573273E-009  -8.9545036195345520E-011   1.7085746992630812E-009   2.6823235230296154E-010   1.9003662022250420E-009  -7.6920178297227412E-009  -5.2671066649619278E-002  -5.7370828248332788E-011  -9.5270348624404838E-012  -2.7687517656396272E-008  -7.1824137963922118E-011  -1.4337849613855794E-009  -1.4104029266228859E-010   1.5132800087687289E-011   3.9057084047396883E-011   5.6690411549450636E-011   1.2662728224467904E-002   1.0186419251219868E-010   6.6539964748600292E-011   5.5498641063780298E-010   9.3198434163183381E-010   1.6257111978133449E-009  -3.0542270041583631E-010   5.6537567164806551E-011  -2.4956450062749999E-010   2.3104211524971463       -2.5372367825570161E-011  -2.8944288191613619E-011   1.5864414439331570E-008  -6.3167066681343831E-010   3.4769188149498380E-010   3.1603700972278902E-009   5.0987070835712508E-010  -1.7599795425708702E-010   1.2179995623465525E-010  -3.3702246138886989E-009 -0.85582874556286825        7.6504972910895347E-012   9.4403921217242270E-012   1.1973581931958227E-009
   7.6113888412490695E-009   2.2944496254408442E-009  -1.9336021621356481E-009   1.8103569244165008E-009  -6.6620111150709745E-010   7.6785343456471046E-010  -1.6282485652553589E-009  -1.5501024627337590E-008   7.5956112362299454E-011  -5.2671066619094847E-002  -2.8051162512794476E-012  -1.2362561008022132E-008   8.8325309673800703E-010  -4.2862948371852030E-011   5.8752623551593397E-011  -1.6381776435964840E-009  -1.0243987507406586E-010   7.5492403663724510E-010   4.6146542836967191E-011   1.2662729067040281E-002   1.6892482961547703E-011  -6.0544439584934809E-010   4.1221685358694163E-010  -1.0576427492502075E-010   9.4623956841363238E-010   1.6659970710396858E-009  -3.4079556033246273E-010  -2.5372367825570161E-011   2.3104211519855609       -6.7957266731638031E-012   8.3391101689388301E-009  -6.6283175512600208E-010  -1.3926791939999474E-009  -8.9251645964411938E-010  -4.7593760112865690E-010   3.2724514982269481E-009   1.1387695959633353E-009  -1.7404336217498091E-009   8.3596269931725921E-012 -0.85582874538853160        2.1633487014257267E-012   6.2217868613435243E-010
   2.9942250150943228E-008   4.9614405969637973E-010   2.5218591560078292E-010  -1.1440153451796948E-009   1.6374495125150429E-009  -3.2636898116721556E-009  -2.1335929236677838E-009  -2.7322769902174810E-008   7.7074059099767632E-011   1.4172204696350524E-011  -5.2671066635649494E-002  -1.1530617147697988E-008   1.0397012133237083E-010   4.3417266953575312E-011   1.2616469364714428E-011   1.6266167426008400E-010  -1.5986787427217182E-009  -2.6663115476545972E-010   2.7110194021519536E-011   4.4492535877470628E-012   1.2662728960380034E-002  -9.8511151536790093E-010   8.2362932722494159E-011   3.5817302302677104E-010  -8.4430257616992452E-010   6.2336931217134137E-010   1.8294144633722319E-009  -2.8944288191613619E-011  -6.7957266731638031E-012   2.3104211520363096        7.3045776289193278E-009  -2.2687143068967220E-009  -8.9490237960924079E-011  -2.3032765654197266E-009  -1.8679469730762395E-009   5.4240954253006767E-011   4.1366613948305262E-009  -1.5177193863864524E-009   9.9936368478247493E-012   2.3679102869115401E-012 -0.85582874540524501        5.4542548474825761E-010
  -1.4674818372053659E-003  -8.2998390040663866E-009  -8.0341259965122159E-010   4.7605634045615613E-010   4.6211356476068621E-009  -9.1571184161703029E-011   3.6785576729815803E-009 -0.30892368090500227        4.1375005797872085E-008  -7.9514975078593087E-009  -2.8295864602346497E-008 -0.71211829871903520       -2.9685377938926140E-009   9.5986913136094492E-011   3.1446825460135057E-010   1.4595256936666158E-009  -3.0075198040632652E-010   1.5088065076895915E-009  -5.5364840207830209E-008  -2.1878890400854926E-008  -1.2049719425228177E-008   4.1164667745351990E-010   1.0169432074700010E-011  -2.5582206125564813E-011  -2.1861299249212635E-010   1.7456119523952326E-011  -1.9314139068433534E-010   1.5864414439331570E-008   8.3391101689388301E-009   7.3045776289193278E-009   2.8078609016582874        2.3997516932954694E-009  -1.8092325760403482E-011  -9.1576415090940689E-011  -1.1965745788515655E-009   1.1840166779947349E-010  -1.2035966587666732E-009  -1.1161691881724929       -4.9652424086712207E-009  -2.6325625549070172E-009  -2.3757939622711869E-009  0.29957274306235521     
  -1.3662716098470736E-009   3.9512696668426977E-003   5.3008032913053177E-012   2.4769581472202902E-011  -1.9756348374884354E-003  -5.8543589300727589E-012  -1.9756348294199377E-003   5.6151313600004720E-009  -8.2605567294389701E-010   8.9194285086371925E-010  -7.2183940181391348E-010  -7.2768741492105264E-009   4.4374056068921197E-002  -1.1904391275461699E-010  -1.6392697666003216E-010  -2.2187028370013920E-002  -2.9143277037824894E-010  -2.2187027699089656E-002   4.0198489930037229E-010   2.0967362882489225E-009   6.8574712057828166E-009  0.48435143889451987       -5.5631977460802845E-011  -2.3978080355001664E-010 -0.24217571968153409       -1.6427493160279665E-010 -0.24217571921308897       -6.3167066681343831E-010  -6.6283175512600208E-010  -2.2687143068967220E-009   2.3997516932954694E-009   1.4302839034178685        2.1145083661366722E-010   5.4591167930027269E-010 -0.71514195105910616        4.7441029532028381E-010 -0.71514195235906108       -5.0713192762004876E-010   2.0180027731339660E-010   1.9925194298297171E-010   7.4185306871369000E-010   1.8240225114253309E-010
   8.7736222620407796E-011  -1.8212345313361462E-011   3.9512696975715989E-003   4.3634101502017513E-012  -2.4922194710169688E-012   3.6812640897224495E-011   2.0705015325527986E-011  -1.8522373957515401E-010  -1.6903812581825381E-009  -5.0943178439728556E-010  -2.5220966991949054E-010   9.4768920231103364E-011  -1.7296049579970433E-010   4.4374055583323600E-002  -2.5234750956897566E-011  -8.4460507288382743E-011   3.9640409914756635E-010   2.5741906121247868E-010  -1.4997723200048151E-009   2.3228157792683665E-009   1.4847284525259621E-010  -6.8052008906065838E-011  0.48435143814518528       -9.8854578643621072E-011  -2.2374395393208256E-011   1.7133387597358392E-010   9.0425095074490894E-011   3.4769188149498380E-010  -1.3926791939999474E-009  -8.9490237960924079E-011  -1.8092325760403482E-011   2.1145083661366722E-010   1.4302839050469360        1.8899055793126598E-010   1.2609315567161032E-010  -5.7515049403266269E-010  -3.3754430296383831E-010   3.9658955290370802E-012  -8.5167427672051855E-011   4.5100426918427211E-010   3.1127692949978630E-011  -1.3647204423756603E-012
  -3.7998734949109898E-010   2.0210414754669809E-011   9.3906211857829682E-012   3.9512697030330704E-003  -6.5059637505835611E-011   2.0534798714169316E-011   4.4845296278591106E-011   4.7161713219627465E-010   1.1562569936085001E-009   6.8405728814966091E-011  -8.0612653389609641E-010   8.1473875076280255E-011  -1.9291431530070892E-010  -2.7229343242005580E-011   4.4374055928944459E-002  -7.9777774998244008E-011   3.1578590180518122E-011   2.7268875847992568E-010  -9.9743861134016208E-009   2.2293548910742702E-009   4.5697267795443110E-009  -2.5137101860965779E-010  -1.0072290606404109E-010  0.48435143853689849        1.3740657087095565E-010   1.1468393692605847E-010   1.1396304996154447E-010   3.1603700972278902E-009  -8.9251645964411938E-010  -2.3032765654197266E-009  -9.1576415090940689E-011   5.4591167930027269E-010   1.8899055793126598E-010   1.4302839041270579       -1.6109352131787242E-010  -2.1557213841863292E-010  -3.8481883904771098E-010   2.0416363187489892E-011  -1.0342096764602151E-009   2.9096317119929061E-010   7.4903338489620293E-010  -7.2206249053220599E-012
   5.9225392655616900E-010  -1.9756348547888829E-003  -1.6353675087878423E-011  -6.3270012149265296E-011   3.9512698142163457E-003  -2.6706259816493946E-011  -1.9756349593952312E-003  -2.6616818834441315E-009   5.5814742742390884E-010  -1.9443672640845180E-009  -5.9164790548236664E-010   3.5997582683210284E-009  -2.2187028383366735E-002  -1.3093129741214047E-010  -8.7618625325341953E-011   4.4374057380775267E-002   1.5592660387185316E-010  -2.2187028997323908E-002  -6.3587477365967590E-010   4.9681652924586336E-010   5.7450514443284512E-009 -0.24217571968344220       -3.3291448429059312E-011   1.3023581250043669E-010  0.48435143909985312        1.0670540475486544E-010 -0.24217571941635499        5.0987070835712508E-010  -4.7593760112865690E-010  -1.8679469730762395E-009  -1.1965745788515655E-009 -0.71514195105910616        1.2609315567161032E-010  -1.6109352131787242E-010   1.4302839021074574       -2.5309546549947626E-010 -0.71514195104822509        2.5250969725190272E-010  -1.6531293503818252E-010   1.8685936105468695E-010   6.1344966270341042E-010  -9.0968020279064325E-011
  -8.1466517824195592E-011   6.0977515106879914E-012   3.4879564837927893E-011   9.3969228018216394E-012  -4.3546687506785064E-011   3.9512698505537788E-003   3.7449912558052862E-011   1.8208926144139375E-010  -2.6840922900285010E-010   9.4616527264383061E-010  -1.2473830421403735E-009  -2.9025588070349332E-010  -2.7000607449358651E-010   3.8426663117618801E-010   1.6902453031036332E-011   1.0588410986087222E-010   4.4374057327014979E-002   1.6412360922357199E-010   3.9149658228069024E-010  -1.0185681327303092E-008  -5.3312756999639559E-010  -1.5459239204291885E-010   1.6796165239214219E-010   1.1421917549208028E-010   8.4529833401608535E-011  0.48435143880718656        7.0063448973310677E-011  -1.7599795425708702E-010   3.2724514982269481E-009   5.4240954253006767E-011   1.1840166779947349E-010   4.7441029532028381E-010  -5.7515049403266269E-010  -2.1557213841863292E-010  -2.5309546549947626E-010   1.4302839026428842       -2.2131339270912959E-010  -2.6151326109873943E-011   5.8888069938954963E-011  -1.0706836639142392E-009   4.5326770430589097E-012   9.0614724575571180E-012
