   3.9444524891670533E-032  -2.0905175658285684E-032  -1.1459526713490069E-031   1.4409158107372982E-016   3.2648188314258445E-032   1.9261170778340052E-032  -2.8440538650335713E-032   1.6645390967281273E-016
  -2.0905175658285684E-032   1.1079519160238808E-032   6.0734264023779782E-032  -7.6366994443442554E-017  -1.7303190075398502E-032  -1.0208214184637497E-032   1.5073180826347914E-032  -8.8218789053113532E-017
  -1.1459526713490069E-031   6.0734264023779782E-032   3.3292517239806688E-031  -4.1861863643643844E-016  -9.4850372050825316E-032  -5.5958057974756397E-032   8.2626198009648783E-032  -4.8358625936023432E-016
   1.4409158107372982E-016  -7.6366994443442554E-017  -4.1861863643643844E-016  0.52636921837310890        1.1926443749326991E-016   7.0361414122856244E-017  -1.0389381522455036E-016  0.60805921953756903     
   3.2648188314258445E-032  -1.7303190075398502E-032  -9.4850372050825316E-032   1.1926443749326991E-016   2.7022868272102517E-032   1.5942449109258508E-032  -2.3540201438988138E-032   1.3777371139765298E-016
   1.9261170778340052E-032  -1.0208214184637497E-032  -5.5958057974756397E-032   7.0361414122856244E-017   1.5942449109258508E-032   9.4054295436759815E-033  -1.3887810120075120E-032   8.1281171207805923E-017
  -2.8440538650335713E-032   1.5073180826347914E-032   8.2626198009648783E-032  -1.0389381522455036E-016  -2.3540201438988138E-032  -1.3887810120075120E-032   2.0506375496794151E-032  -1.2001764160046463E-016
   1.6645390967281273E-016  -8.8218789053113532E-017  -4.8358625936023432E-016  0.60805921953756903        1.3777371139765298E-016   8.1281171207805923E-017  -1.2001764160046463E-016  0.70242712065764390     
