   9.2985931460299847E-005  -3.4327244087546770E-017  -3.8662817089839607E-018   3.4899637705450675E-018  -5.0231481690161129E-017   5.3612652402264001E-019   1.1714236944528827E-017   5.4597302582949378E-017   1.3782714393037224E-016   3.0695520531627882E-017   6.4860644117119542E-003   2.4492499730251283E-017   6.0728826601089034E-017   1.1994212041447244E-017   1.7524441837037873E-015  -1.8504122528497414E-017  -1.2937940151708099E-017   8.5776492523326357E-016  -1.7471770728297446E-017  -1.2674278140115198E-015   9.5788968764085932E-003   2.0575779183573923E-014  -2.6772016274160730E-016  -1.8630899771440623E-016   5.8360391445767416E-015  -2.3065044050141955E-016  -2.5230771972739103E-014   1.5105884044019185E-017  -3.2435819717575370E-016  -1.1001902797102289E-016  -3.1498171273848328E-003   2.2309392539446530E-003   1.1558492739513526E-017  -2.8561608282314672E-016  -9.6440792509448693E-017
  -3.4327244087546770E-017   7.8262018625712169E-006   2.0856178345199703E-018  -5.9206860618475465E-018  -3.9131009312890432E-006  -4.1715521173231299E-018  -3.9131009312980734E-006  -3.2502311891358548E-017  -3.5645722115223797E-017  -2.6655354710729577E-017  -4.3477348390942019E-016  -1.1213351907859990E-017  -9.1095886168579070E-018  -2.4315867456825887E-017  -2.6900200860976612E-004   2.5641374761837279E-017   1.7288397402797174E-016   1.3450100430481299E-004   1.0678810635474144E-016   1.3450100430488995E-004  -6.5025075951767124E-016  -3.8573235220888259E-003   3.4153946032157656E-016   2.4485725095553079E-015   1.9286617610437787E-003   1.5462614113046936E-015   1.9286617610448677E-003   5.7880447409149517E-016   4.6333579834436350E-016  -1.4130226265871205E-015   1.4930325869393299E-014   3.4427775665673964E-015   5.0392034863300142E-016   4.0325071889842666E-016  -1.2264395528225080E-015
  -3.8662817089839607E-018   2.0856178345199703E-018   7.8262018626171718E-006  -6.4803653564927049E-018   3.8865448142411518E-019   7.9380511560743906E-019  -3.1528285798482045E-018  -1.7509258250281251E-017  -2.2588622272615170E-017   7.0954621107951241E-019  -3.0070139245298382E-016  -5.8173643274779550E-018   9.3511093966675109E-018   6.3834989544134991E-018  -9.4870022741825234E-017  -2.6900200861060323E-004   1.8628515691044539E-016   6.4170726393041062E-017  -5.7946973142099817E-017   3.1016708710815600E-017  -4.4383959144235604E-016  -1.3740369947012458E-015  -3.8573235221000305E-003   2.6716480065167069E-015   9.2040934683211508E-016  -8.3701146222731820E-016   4.5429953028470709E-016   2.5090312166879834E-016   1.4650933526935992E-015   2.9603219540523232E-016   3.7849043286623074E-017  -1.2981181586972388E-016   2.1825259518097946E-016   1.2723501847565986E-015   2.5698452194471101E-016
   3.4899637705450675E-018  -5.9206860618475465E-018  -6.4803653564927049E-018   7.8262018626121371E-006   8.4690826528643376E-018   1.3066955230996405E-017  -3.1777214947121987E-018   1.8847183861089928E-017   4.0110200986974007E-018   1.1895052584323277E-017   2.6199082484759108E-016   3.8102176628996566E-018  -7.2786045773190692E-019   6.5053787317128700E-018   3.6076890155194083E-017   3.7725272518820248E-017  -2.6900200861051693E-004  -1.4407776488345906E-016  -1.7795986859522994E-016   1.0734267884309802E-016   3.7890226205824385E-016   4.6650080166192112E-016   5.2310213723583836E-016  -3.8573235220987928E-003  -2.0374403723010522E-015  -2.5829228140692562E-015   1.5698756707876411E-015  -4.3193757848198859E-017  -5.7500860311954296E-016   3.5773909061432611E-016  -7.6291529075525162E-016  -6.7801834482731642E-017  -3.8074002823783227E-017  -4.9947589590065456E-016   3.1052965229055950E-016
  -5.0231481690161129E-017  -3.9131009312890432E-006   3.8865448142411518E-019   8.4690826528643376E-018   7.8262018626016169E-006   2.0809294006575433E-018  -3.9131009312940728E-006  -2.9461482349476908E-017  -2.0659787678970575E-017   1.9053913064666646E-017  -3.8868642547586080E-015  -1.9067273782306657E-017  -9.7481898211456520E-018   1.8839175478833672E-017   1.3450100430504908E-004  -7.8951770614367309E-017  -1.5154533969536785E-016  -2.6900200861027261E-004  -5.5715188150642860E-017   1.3450100430528554E-004  -5.4887323450143745E-015   1.9286617610466542E-003  -1.1109260090318198E-015  -2.1381018471621055E-015  -3.8573235220961863E-003  -8.4423967743971579E-016   1.9286617610496520E-003  -5.8855963606060525E-016  -3.6505867368797719E-016   1.2531027828527724E-015   1.7562550476309325E-014   2.5757390510204899E-015  -5.1024727527353718E-016  -3.1606406387218288E-016   1.0881061906595608E-015
   5.3612652402264001E-019  -4.1715521173231299E-018   7.9380511560743906E-019   1.3066955230996405E-017   2.0809294006575433E-018   7.8262018625976359E-006   1.7661359440819282E-018   2.4222093129362522E-017  -8.6706373879363304E-018   7.0100696625936215E-018  -4.3388206300126087E-017   3.0427561408142604E-019   8.9785060131354683E-018  -2.4133862631566976E-018   3.5842508528614154E-017   2.9939061117527989E-017  -2.6427498760994605E-016  -1.2047729284699975E-017  -2.6900200861026729E-004  -2.4203849008145626E-017  -5.5085846444256617E-017   5.1153723906494979E-016   4.4297292630469986E-016  -3.8653346666792072E-015  -1.8721882544633671E-016  -3.8573235220952192E-003  -3.2534587120107963E-016  -1.0020884511373347E-015   1.1753390386280157E-015  -3.6052488848068214E-016   7.0525985542093694E-016   1.5486989793519140E-016  -8.7080002489084213E-016   1.0208976556327908E-015  -3.1341679656275550E-016
   1.1714236944528827E-017  -3.9131009312980734E-006  -3.1528285798482045E-018  -3.1777214947121987E-018  -3.9131009312940728E-006   1.7661359440819282E-018   7.8262018625895433E-006  -3.4177521430569008E-017  -5.5717462718965721E-017  -2.0245253350002908E-017  -3.8934262410047135E-015  -1.4872011350217950E-017  -2.7562988037545749E-017  -6.0160012549299970E-018   1.3450100430526353E-004   7.6633711098611661E-017   2.9250429948858894E-019   1.3450100430482367E-004  -3.9919671841720665E-017  -2.6900200861008602E-004  -5.3947212298141444E-015   1.9286617610500079E-003   1.1038286670272140E-015  -2.9333809754666307E-019   1.9286617610432889E-003  -5.4209104096139219E-016  -3.8573235220932369E-003  -2.2473920161499980E-016   2.7537297683207698E-016   2.5767029972447564E-016   1.6038198317357432E-014   2.2213267981029153E-015  -1.9457964736414806E-016   2.4053183955365895E-016   2.2402590811047471E-016
   5.4597302582949378E-017  -3.2502311891358548E-017  -1.7509258250281251E-017   1.8847183861089928E-017  -2.9461482349476908E-017   2.4222093129362522E-017  -3.4177521430569008E-017  0.19511268645109298       -7.6834933921350506E-017   1.7146503014114786E-016   1.0316105194123253E-016   8.6803167259130856E-002  -1.1273084243231192E-016   9.1000506922529554E-017  -1.1921318610290652E-016  -2.4560504924268001E-017  -1.6115951447495630E-016  -4.3773368563250583E-017  -5.9328304326101734E-017  -1.6686592669229199E-017   1.1144365755115763E-016  -9.2949420113952188E-016  -4.4307916889095968E-016  -2.2911847095527828E-015   1.6319046063033473E-016  -8.2270483309125101E-016   5.9272983994949486E-016  -2.8938562092145029E-002  -1.5582455097207960E-016   3.5508179661249541E-016  -4.0207978402834159E-017   2.0057307280561395E-017  -3.0715388946845657E-002  -1.3000486833021951E-016   3.0127027654690793E-016
   1.3782714393037224E-016  -3.5645722115223797E-017  -2.2588622272615170E-017   4.0110200986974007E-018  -2.0659787678970575E-017  -8.6706373879363304E-018  -5.5717462718965721E-017  -7.6834933921350506E-017  0.19511268645108659       -6.9636577876663243E-017  -1.9543081299285910E-016  -1.5369969840367591E-016   8.6803167259131078E-002  -6.0885778862797370E-017   3.0937789744105954E-017  -1.4963609587134051E-017   9.9000516092610922E-017   9.4089963983131938E-017   4.7454757925255414E-019  -1.7576077559433050E-016  -1.4015771007565670E-016   6.5352183948355276E-016  -3.6279689501982522E-016   1.5278370320145917E-015   1.6459907392184536E-015  -5.9661362563051698E-017  -2.4006483786012376E-015  -6.2059337843063861E-016  -2.8938562092142107E-002  -2.3694768784460759E-015  -3.0934065880807317E-016  -1.2937327151369034E-016  -5.3559164107610211E-016  -3.0715388946843072E-002  -2.0530486759928086E-015
   3.0695520531627882E-017  -2.6655354710729577E-017   7.0954621107951241E-019   1.1895052584323277E-017   1.9053913064666646E-017   7.0100696625936215E-018  -2.0245253350002908E-017   1.7146503014114786E-016  -6.9636577876663243E-017  0.19511268645108509       -2.2418962117261835E-017   8.7006205384693284E-017  -1.2250473014041180E-016   8.6803167259133146E-002   4.3043865215984606E-017   5.1744015053807366E-017  -6.3969087465478349E-017  -1.0281077254474175E-016  -6.2681472855350933E-017   4.6741340379517939E-017  -1.4504133117146615E-017   5.0278660564460679E-016   6.8953598964728588E-016  -8.8452545980010356E-016  -1.2998156860213312E-015  -8.8660940819220842E-016   7.8442443031023161E-016   2.0467367750670597E-016  -1.8181138464729390E-015  -2.8938562092138759E-002   1.7129104770660758E-016   3.7019259443812139E-017   1.7227140928552291E-016  -1.5772319015745362E-015  -3.0715388946840144E-002
   6.4860644117119542E-003  -4.3477348390942019E-016  -3.0070139245298382E-016   2.6199082484759108E-016  -3.8868642547586080E-015  -4.3388206300126087E-017  -3.8934262410047135E-015   1.0316105194123253E-016  -1.9543081299285910E-016  -2.2418962117261835E-017  0.46968551034143641        4.3507510152425333E-017   3.0904980401603186E-017  -3.3283013063649759E-017   1.8944323856465670E-014   3.0378869052770399E-017  -4.3640796211081631E-017   3.4135119177991262E-014  -6.0324878822814360E-017   3.8386378815658286E-014  0.69035419667447329       -3.7588413286890652E-014   3.8116946133568729E-016  -7.1270804306961709E-017   4.7131953239278923E-014   1.4146828369566134E-017   6.6106751732550796E-014   5.5511371721581935E-016   2.9202896323999844E-017   4.8295500289903893E-017 -0.47343077630562969       0.10060304231725074        4.8135465434348340E-016   3.0365988592824144E-017   4.4298012354807994E-017
   2.4492499730251283E-017  -1.1213351907859990E-017  -5.8173643274779550E-018   3.8102176628996566E-018  -1.9067273782306657E-017   3.0427561408142604E-019  -1.4872011350217950E-017   8.6803167259130856E-002  -1.5369969840367591E-016   8.7006205384693284E-017   4.3507510152425333E-017   3.8681511934994951E-002  -8.4595245567619098E-017   2.7043024589456341E-017   1.4158552227890622E-017  -8.8522500942198517E-018   6.6405089337030473E-017  -7.7373402454788321E-018   1.3428237075824995E-017  -9.3106172471159699E-017   4.1761123439244351E-017   6.9185413875389415E-016   1.1800563979513195E-017   1.0446640497049179E-015   2.1398067793659653E-016   8.2968973620984148E-017  -9.9014439671426471E-016  -6.1993609932846040E-003   1.5538414429752453E-016  -3.7565886505600526E-016   8.2942196198167176E-017   3.1207226581734838E-017  -7.8676471023688167E-003   1.4547355000055346E-016  -3.3176512362673502E-016
   6.0728826601089034E-017  -9.1095886168579070E-018   9.3511093966675109E-018  -7.2786045773190692E-019  -9.7481898211456520E-018   8.9785060131354683E-018  -2.7562988037545749E-017  -1.1273084243231192E-016   8.6803167259131078E-002  -1.2250473014041180E-016   3.0904980401603186E-017  -8.4595245567619098E-017   3.8681511934996360E-002  -1.8393106209847051E-017  -6.4697423304821353E-017  -2.0808875904173592E-016  -5.1649086316862121E-017  -5.3161163880922392E-017  -5.8957863762406061E-017   9.7020793548237843E-017   1.1904928063815851E-016  -8.7928262375325068E-016  -2.8128978401232741E-015  -7.9471325079615171E-016  -7.2913589332227183E-016  -8.1873863182153132E-016   1.5648420507062873E-015   1.4767957584327139E-015  -6.1993609932862615E-003   2.0789219138919706E-015   4.2788421576925879E-016   1.3737267208104617E-016   1.2838829459043619E-015  -7.8676471023703225E-003   1.8121182527959702E-015
   1.1994212041447244E-017  -2.4315867456825887E-017   6.3834989544134991E-018   6.5053787317128700E-018   1.8839175478833672E-017  -2.4133862631566976E-018  -6.0160012549299970E-018   9.1000506922529554E-017  -6.0885778862797370E-017   8.6803167259133146E-002  -3.3283013063649759E-017   2.7043024589456341E-017  -1.8393106209847051E-017   3.8681511934998476E-002  -5.0437478544345671E-018  -8.9098748434599259E-017   4.8794353747695804E-017  -1.6068145216924057E-018   4.9410369013450052E-017   1.4763828798126422E-018  -4.5760727932274386E-017  -3.2862904131593645E-016  -1.2838201854112716E-015   7.0070074452208291E-016   2.4947908699228461E-016   6.2922377084492733E-016   7.4212197206272795E-017  -1.2761220506414354E-015   1.2214761435658019E-015  -6.1993609932863509E-003  -2.2109195768307189E-016  -6.8411811666811046E-017  -1.1094474600828258E-015   1.0645126092822649E-015  -7.8676471023704578E-003
   1.7524441837037873E-015  -2.6900200860976612E-004  -9.4870022741825234E-017   3.6076890155194083E-017   1.3450100430504908E-004   3.5842508528614154E-017   1.3450100430526353E-004  -1.1921318610290652E-016   3.0937789744105954E-017   4.3043865215984606E-017   1.8944323856465670E-014   1.4158552227890622E-017  -6.4697423304821353E-017  -5.0437478544345671E-018   9.2461301033084885E-003  -8.4491536488615214E-017  -1.8750556595131660E-016  -4.6230650516534844E-003   2.5911770177908404E-017  -4.6230650516528313E-003   3.5122979904643427E-014  0.13258382463427668       -3.1300239093297585E-016  -1.6411449700300416E-015  -6.6291912317140184E-002  -1.4352634478046157E-016  -6.6291912317130317E-002  -1.0296072044423352E-015   2.9168440277822842E-016   1.4281009753607371E-015  -4.3681488667524821E-015   9.9289917686851110E-015  -9.0115779176597916E-016   2.5842755313923050E-016   1.2390168439763867E-015
  -1.8504122528497414E-017   2.5641374761837279E-017  -2.6900200861060323E-004   3.7725272518820248E-017  -7.8951770614367309E-017   2.9939061117527989E-017   7.6633711098611661E-017  -2.4560504924268001E-017  -1.4963609587134051E-017   5.1744015053807366E-017   3.0378869052770399E-017  -8.8522500942198517E-018  -2.0808875904173592E-016  -8.9098748434599259E-017  -8.4491536488615214E-017   9.2461301033117411E-003  -4.3565869092604056E-017   4.8884494847533916E-017   2.4859781727203268E-017   2.4697045522213891E-017  -1.2410919871339035E-017  -7.4206862443054576E-016  0.13258382463429585       -6.3960135473530022E-016   6.9270608536340986E-016   5.6571805887809662E-016   2.6268185760251595E-017  -1.2306662021441928E-015  -1.6095941362116245E-015  -1.0875911074908445E-016   7.9074611527521012E-017   1.6837025244410361E-017  -1.0627435182869948E-015  -1.3726476351606550E-015  -9.2576327052005276E-017
  -1.2937940151708099E-017   1.7288397402797174E-016   1.8628515691044539E-016  -2.6900200861051693E-004  -1.5154533969536785E-016  -2.6427498760994605E-016   2.9250429948858894E-019  -1.6115951447495630E-016   9.9000516092610922E-017  -6.3969087465478349E-017  -4.3640796211081631E-017   6.6405089337030473E-017  -5.1649086316862121E-017   4.8794353747695804E-017  -1.8750556595131660E-016  -4.3565869092604056E-017   9.2461301033117550E-003   1.5549920842945054E-016  -2.3724196418554956E-016   5.4630025207876147E-017  -7.4773701286117668E-017  -9.4194807119182861E-016  -1.0991099523571804E-017  0.13258382463429605        1.2485731510649375E-015  -2.3333572351852058E-015  -2.7005697347424706E-016  -5.8720920047851580E-016   7.0650812290583705E-016   8.3229156989378215E-017   6.0042399983895855E-016   1.2862721954985010E-016  -5.0464940120881627E-016   6.0969424657366882E-016   6.8091584764688436E-017
   8.5776492523326357E-016   1.3450100430481299E-004   6.4170726393041062E-017  -1.4407776488345906E-016  -2.6900200861027261E-004  -1.2047729284699975E-017   1.3450100430482367E-004  -4.3773368563250583E-017   9.4089963983131938E-017  -1.0281077254474175E-016   3.4135119177991262E-014  -7.7373402454788321E-018  -5.3161163880922392E-017  -1.6068145216924057E-018  -4.6230650516534844E-003   4.8884494847533916E-017   1.5549920842945054E-016   9.2461301033073887E-003  -1.2933274603221685E-016  -4.6230650516560371E-003   4.9189536640384034E-014  -6.6291912317122656E-002  -2.7500618698490036E-017   1.0279413970959335E-015  0.13258382463426430       -2.9687615416669892E-016  -6.6291912317145762E-002   2.0613375457743635E-016   7.0996165959078403E-016  -1.3243647246816495E-015  -3.0058953780393247E-015   1.4475986244134917E-014   1.7783326436128489E-016   6.0027378951387235E-016  -1.1588577219858144E-015
  -1.7471770728297446E-017   1.0678810635474144E-016  -5.7946973142099817E-017  -1.7795986859522994E-016  -5.5715188150642860E-017  -2.6900200861026729E-004  -3.9919671841720665E-017  -5.9328304326101734E-017   4.7454757925255414E-019  -6.2681472855350933E-017  -6.0324878822814360E-017   1.3428237075824995E-017  -5.8957863762406061E-017   4.9410369013450052E-017   2.5911770177908404E-017   2.4859781727203268E-017  -2.3724196418554956E-016  -1.2933274603221685E-016   9.2461301033117289E-003   1.1748127279245695E-016  -8.9012006804234837E-017   4.5481857619292613E-016  -1.1322119999358787E-016  -7.9672681348392019E-016  -1.3574710948957447E-015  0.13258382463429585        9.3796405172441249E-016   8.7936754117512554E-016  -4.3534639279937096E-016   5.7329649049090667E-016  -4.8659627944232626E-016  -1.4273434107042021E-016   7.5847353066962510E-016  -3.7374527502966553E-016   5.0320536983502364E-016
  -1.2674278140115198E-015   1.3450100430488995E-004   3.1016708710815600E-017   1.0734267884309802E-016   1.3450100430528554E-004  -2.4203849008145626E-017  -2.6900200861008602E-004  -1.6686592669229199E-017  -1.7576077559433050E-016   4.6741340379517939E-017   3.8386378815658286E-014  -9.3106172471159699E-017   9.7020793548237843E-017   1.4763828798126422E-018  -4.6230650516528313E-003   2.4697045522213891E-017   5.4630025207876147E-017  -4.6230650516560371E-003   1.1748127279245695E-016   9.2461301033088285E-003   5.1187877230683557E-014  -6.6291912317122864E-002   1.8405687130658711E-016   9.3761126250189369E-016  -6.6291912317154686E-002   6.4202005731617097E-016  0.13258382463427548        1.4472737319135764E-016  -8.1306811439708550E-016  -3.6942418484500072E-017  -5.8127451588184533E-015   1.4814381525781885E-014   1.3897731309088961E-016  -6.9347073461884102E-016  -2.1776309937534078E-017
   9.5788968764085932E-003  -6.5025075951767124E-016  -4.4383959144235604E-016   3.7890226205824385E-016  -5.4887323450143745E-015  -5.5085846444256617E-017  -5.3947212298141444E-015   1.1144365755115763E-016  -1.4015771007565670E-016  -1.4504133117146615E-017  0.69035419667447329        4.1761123439244351E-017   1.1904928063815851E-016  -4.5760727932274386E-017   3.5122979904643427E-014  -1.2410919871339035E-017  -7.4773701286117668E-017   4.9189536640384034E-014  -8.9012006804234837E-017   5.1187877230683557E-014   1.0153046678093389        4.5348298086478316E-014  -2.7971564432269668E-016  -3.6969214723582050E-016   5.0445797548181243E-014   1.1901860097385334E-016   1.7215347416674490E-014   2.4744923743097176E-016  -8.7533429593165031E-017  -7.1337588556207833E-018 -0.65071620662232643       0.15908344473654520        2.1455498101842233E-016  -7.2356704966055570E-017  -3.7328938744048015E-018
   2.0575779183573923E-014  -3.8573235220888259E-003  -1.3740369947012458E-015   4.6650080166192112E-016   1.9286617610466542E-003   5.1153723906494979E-016   1.9286617610500079E-003  -9.2949420113952188E-016   6.5352183948355276E-016   5.0278660564460679E-016  -3.7588413286890652E-014   6.9185413875389415E-016  -8.7928262375325068E-016  -3.2862904131593645E-016  0.13258382463427668       -7.4206862443054576E-016  -9.4194807119182861E-016  -6.6291912317122656E-002   4.5481857619292613E-016  -6.6291912317122864E-002   4.5348298086478316E-014   1.9011705825297258        2.2439461313389510E-015   1.5145762248536319E-015 -0.95058529126482061       -8.6412946026169336E-016 -0.95058529126481650       -5.8401668849015644E-017  -5.4446960512168123E-016  -9.6711169107844025E-016  -3.1299154366227316E-014   6.4875155604848120E-015  -1.7267626500390561E-016  -4.0572958431155346E-016  -8.5504533419687561E-016
  -2.6772016274160730E-016   3.4153946032157656E-016  -3.8573235221000305E-003   5.2310213723583836E-016  -1.1109260090318198E-015   4.4297292630469986E-016   1.1038286670272140E-015  -4.4307916889095968E-016  -3.6279689501982522E-016   6.8953598964728588E-016   3.8116946133568729E-016   1.1800563979513195E-017  -2.8128978401232741E-015  -1.2838201854112716E-015  -3.1300239093297585E-016  0.13258382463429585       -1.0991099523571804E-017  -2.7500618698490036E-017  -1.1322119999358787E-016   1.8405687130658711E-016  -2.7971564432269668E-016   2.2439461313389510E-015   1.9011705825296068       -3.7106819353316384E-016  -5.1293604780288071E-016   1.3768825489479664E-015  -2.0622338472303548E-015   1.0890098899706301E-015   1.6969921323857873E-015   2.3837291841047509E-016  -4.2775173286127624E-016  -1.7181975483067021E-016   1.0356477521088167E-015   1.8405344687912769E-015   2.3549085385168570E-016
  -1.8630899771440623E-016   2.4485725095553079E-015   2.6716480065167069E-015  -3.8573235220987928E-003  -2.1381018471621055E-015  -3.8653346666792072E-015  -2.9333809754666307E-019  -2.2911847095527828E-015   1.5278370320145917E-015  -8.8452545980010356E-016  -7.1270804306961709E-017   1.0446640497049179E-015  -7.9471325079615171E-016   7.0070074452208291E-016  -1.6411449700300416E-015  -6.3960135473530022E-016  0.13258382463429605        1.0279413970959335E-015  -7.9672681348392019E-016   9.3761126250189369E-016  -3.6969214723582050E-016   1.5145762248536319E-015  -3.7106819353316384E-016   1.9011705825296097        6.7035542698421448E-016   3.8977474676668566E-015  -1.6606047049602619E-015   3.1999501226335995E-016  -5.6928967426218173E-016  -2.2741029255657403E-016  -3.2078455397083883E-016  -1.1654296668876256E-016   3.5390865501532398E-016  -5.5351472745308342E-016  -2.5856054353861851E-016
   5.8360391445767416E-015   1.9286617610437787E-003   9.2040934683211508E-016  -2.0374403723010522E-015  -3.8573235220961863E-003  -1.8721882544633671E-016   1.9286617610432889E-003   1.6319046063033473E-016   1.6459907392184536E-015  -1.2998156860213312E-015   4.7131953239278923E-014   2.1398067793659653E-016  -7.2913589332227183E-016   2.4947908699228461E-016  -6.6291912317140184E-002   6.9270608536340986E-016   1.2485731510649375E-015  0.13258382463426430       -1.3574710948957447E-015  -6.6291912317154686E-002   5.0445797548181243E-014 -0.95058529126482061       -5.1293604780288071E-016   6.7035542698421448E-016   1.9011705825295964        2.8708081105475225E-015 -0.95058529126483493        2.5550416591637837E-017  -1.9579367953701855E-016   1.3512172118615129E-015   5.0553046931727752E-014   2.5328705715926282E-014  -1.7543565079695002E-017  -4.1262314345146403E-016   1.0444561818618882E-015
  -2.3065044050141955E-016   1.5462614113046936E-015  -8.3701146222731820E-016  -2.5829228140692562E-015  -8.4423967743971579E-016  -3.8573235220952192E-003  -5.4209104096139219E-016  -8.2270483309125101E-016  -5.9661362563051698E-017  -8.8660940819220842E-016   1.4146828369566134E-017   8.2968973620984148E-017  -8.1873863182153132E-016   6.2922377084492733E-016  -1.4352634478046157E-016   5.6571805887809662E-016  -2.3333572351852058E-015  -2.9687615416669892E-016  0.13258382463429585        6.4202005731617097E-016   1.1901860097385334E-016  -8.6412946026169336E-016   1.3768825489479664E-015   3.8977474676668566E-015   2.8708081105475225E-015   1.9011705825296097       -1.5002274867271468E-015  -1.4816958746845688E-016  -3.5493107383368541E-016  -6.3374184506433110E-016  -1.8716100786772695E-016   4.8666496805856847E-017  -2.0481333538246243E-016  -2.4396267917284269E-016  -4.7475234626353502E-016
  -2.5230771972739103E-014   1.9286617610448677E-003   4.5429953028470709E-016   1.5698756707876411E-015   1.9286617610496520E-003  -3.2534587120107963E-016  -3.8573235220932369E-003   5.9272983994949486E-016  -2.4006483786012376E-015   7.8442443031023161E-016   6.6106751732550796E-014  -9.9014439671426471E-016   1.5648420507062873E-015   7.4212197206272795E-017  -6.6291912317130317E-002   2.6268185760251595E-017  -2.7005697347424706E-016  -6.6291912317145762E-002   9.3796405172441249E-016  0.13258382463427548        1.7215347416674490E-014 -0.95058529126481650       -2.0622338472303548E-015  -1.6606047049602619E-015 -0.95058529126483493       -1.5002274867271468E-015   1.9011705825296219       -6.8212820581279823E-016   9.0338965725161466E-016  -3.1223706229425379E-016   3.9680239504667973E-014   1.7972211226063874E-014  -4.2577041563183507E-016   9.6292083620704053E-016  -1.2663278883703161E-016
   1.5105884044019185E-017   5.7880447409149517E-016   2.5090312166879834E-016  -4.3193757848198859E-017  -5.8855963606060525E-016  -1.0020884511373347E-015  -2.2473920161499980E-016  -2.8938562092145029E-002  -6.2059337843063861E-016   2.0467367750670597E-016   5.5511371721581935E-016  -6.1993609932846040E-003   1.4767957584327139E-015  -1.2761220506414354E-015  -1.0296072044423352E-015  -1.2306662021441928E-015  -5.8720920047851580E-016   2.0613375457743635E-016   8.7936754117512554E-016   1.4472737319135764E-016   2.4744923743097176E-016  -5.8401668849015644E-017   1.0890098899706301E-015   3.1999501226335995E-016   2.5550416591637837E-017  -1.4816958746845688E-016  -6.8212820581279823E-016  0.70178611382842515       -7.9848723029263041E-016   5.4753956715971400E-016   4.8082532733069538E-016   2.0696697419859773E-016  0.61032598275723060       -1.8160527561290109E-016   2.5742778281676175E-016
  -3.2435819717575370E-016   4.6333579834436350E-016   1.4650933526935992E-015  -5.7500860311954296E-016  -3.6505867368797719E-016   1.1753390386280157E-015   2.7537297683207698E-016  -1.5582455097207960E-016  -2.8938562092142107E-002  -1.8181138464729390E-015   2.9202896323999844E-017   1.5538414429752453E-016  -6.1993609932862615E-003   1.2214761435658019E-015   2.9168440277822842E-016  -1.6095941362116245E-015   7.0650812290583705E-016   7.0996165959078403E-016  -4.3534639279937096E-016  -8.1306811439708550E-016  -8.7533429593165031E-017  -5.4446960512168123E-016   1.6969921323857873E-015  -5.6928967426218173E-016  -1.9579367953701855E-016  -3.5493107383368541E-016   9.0338965725161466E-016  -7.9848723029263041E-016  0.70178611382842349       -1.2288658707558841E-015  -1.7319222182151760E-016  -6.7845815530992503E-017  -9.4653743687221035E-016  0.61032598275722849       -8.2586495862770661E-016
  -1.1001902797102289E-016  -1.4130226265871205E-015   2.9603219540523232E-016   3.5773909061432611E-016   1.2531027828527724E-015  -3.6052488848068214E-016   2.5767029972447564E-016   3.5508179661249541E-016  -2.3694768784460759E-015  -2.8938562092138759E-002   4.8295500289903893E-017  -3.7565886505600526E-016   2.0789219138919706E-015  -6.1993609932863509E-003   1.4281009753607371E-015  -1.0875911074908445E-016   8.3229156989378215E-017  -1.3243647246816495E-015   5.7329649049090667E-016  -3.6942418484500072E-017  -7.1337588556207833E-018  -9.6711169107844025E-016   2.3837291841047509E-016  -2.2741029255657403E-016   1.3512172118615129E-015  -6.3374184506433110E-016  -3.1223706229425379E-016   5.4753956715971400E-016  -1.2288658707558841E-015  0.70178611382842226        4.4499448084094453E-017   1.2490138392586752E-017   6.4526507583015317E-016  -7.8904401289408766E-016  0.61032598275722894     
  -3.1498171273848328E-003   1.4930325869393299E-014   3.7849043286623074E-017  -7.6291529075525162E-016   1.7562550476309325E-014   7.0525985542093694E-016   1.6038198317357432E-014  -4.0207978402834159E-017  -3.0934065880807317E-016   1.7129104770660758E-016 -0.47343077630562969        8.2942196198167176E-017   4.2788421576925879E-016  -2.2109195768307189E-016  -4.3681488667524821E-015   7.9074611527521012E-017   6.0042399983895855E-016  -3.0058953780393247E-015  -4.8659627944232626E-016  -5.8127451588184533E-015 -0.65071620662232643       -3.1299154366227316E-014  -4.2775173286127624E-016  -3.2078455397083883E-016   5.0553046931727752E-014  -1.8716100786772695E-016   3.9680239504667973E-014   4.8082532733069538E-016  -1.7319222182151760E-016   4.4499448084094453E-017   3.8359729274965462       0.73301445808583998        3.8769726412703426E-016  -1.0228501747386211E-016  -2.8598838008807002E-018
   2.2309392539446530E-003   3.4427775665673964E-015  -1.2981181586972388E-016  -6.7801834482731642E-017   2.5757390510204899E-015   1.5486989793519140E-016   2.2213267981029153E-015   2.0057307280561395E-017  -1.2937327151369034E-016   3.7019259443812139E-017  0.10060304231725074        3.1207226581734838E-017   1.3737267208104617E-016  -6.8411811666811046E-017   9.9289917686851110E-015   1.6837025244410361E-017   1.2862721954985010E-016   1.4475986244134917E-014  -1.4273434107042021E-016   1.4814381525781885E-014  0.15908344473654520        6.4875155604848120E-015  -1.7181975483067021E-016  -1.1654296668876256E-016   2.5328705715926282E-014   4.8666496805856847E-017   1.7972211226063874E-014   2.0696697419859773E-016  -6.7845815530992503E-017   1.2490138392586752E-017  0.73301445808583998       0.22884359213619401        1.7248144708095798E-016  -4.5736885056157053E-017   1.4897454621860426E-018
   1.1558492739513526E-017   5.0392034863300142E-016   2.1825259518097946E-016  -3.8074002823783227E-017  -5.1024727527353718E-016  -8.7080002489084213E-016  -1.9457964736414806E-016  -3.0715388946845657E-002  -5.3559164107610211E-016   1.7227140928552291E-016   4.8135465434348340E-016  -7.8676471023688167E-003   1.2838829459043619E-015  -1.1094474600828258E-015  -9.0115779176597916E-016  -1.0627435182869948E-015  -5.0464940120881627E-016   1.7783326436128489E-016   7.5847353066962510E-016   1.3897731309088961E-016   2.1455498101842233E-016  -1.7267626500390561E-016   1.0356477521088167E-015   3.5390865501532398E-016  -1.7543565079695002E-017  -2.0481333538246243E-016  -4.2577041563183507E-016  0.61032598275723060       -9.4653743687221035E-016   6.4526507583015317E-016   3.8769726412703426E-016   1.7248144708095798E-016  0.53094411546603404       -3.7769114414774596E-016   3.7120138946411771E-016
  -2.8561608282314672E-016   4.0325071889842666E-016   1.2723501847565986E-015  -4.9947589590065456E-016  -3.1606406387218288E-016   1.0208976556327908E-015   2.4053183955365895E-016  -1.3000486833021951E-016  -3.0715388946843072E-002  -1.5772319015745362E-015   3.0365988592824144E-017   1.4547355000055346E-016  -7.8676471023703225E-003   1.0645126092822649E-015   2.5842755313923050E-016  -1.3726476351606550E-015   6.0969424657366882E-016   6.0027378951387235E-016  -3.7374527502966553E-016  -6.9347073461884102E-016  -7.2356704966055570E-017  -4.0572958431155346E-016   1.8405344687912769E-015  -5.5351472745308342E-016  -4.1262314345146403E-016  -2.4396267917284269E-016   9.6292083620704053E-016  -1.8160527561290109E-016  0.61032598275722849       -7.8904401289408766E-016  -1.0228501747386211E-016  -4.5736885056157053E-017  -3.7769114414774596E-016  0.53094411546603182       -4.7575483072237611E-016
  -9.6440792509448693E-017  -1.2264395528225080E-015   2.5698452194471101E-016   3.1052965229055950E-016   1.0881061906595608E-015  -3.1341679656275550E-016   2.2402590811047471E-016   3.0127027654690793E-016  -2.0530486759928086E-015  -3.0715388946840144E-002   4.4298012354807994E-017  -3.3176512362673502E-016   1.8121182527959702E-015  -7.8676471023704578E-003   1.2390168439763867E-015  -9.2576327052005276E-017   6.8091584764688436E-017  -1.1588577219858144E-015   5.0320536983502364E-016  -2.1776309937534078E-017  -3.7328938744048015E-018  -8.5504533419687561E-016   2.3549085385168570E-016  -2.5856054353861851E-016   1.0444561818618882E-015  -4.7475234626353502E-016  -1.2663278883703161E-016   2.5742778281676175E-016  -8.2586495862770661E-016  0.61032598275722894       -2.8598838008807002E-018   1.4897454621860426E-018   3.7120138946411771E-016  -4.7575483072237611E-016  0.53094411546603348     
