  0.26630124262504307       -1.0688338936591652E-016  -3.2970995647689177E-016   2.5880844372469886E-016  0.29075073409035368        1.3003614098270020E-016   3.1680753321102239E-016  -2.3905759292737464E-016   1.7507322281006808E-009  -8.7363380909918409E-009  -5.1423049373535055E-009  -4.4921865898619765E-009   9.7273613871697564E-009   2.7414555433934751E-009   1.3014537791717069E-017  -5.2537511571127171E-017   5.2120994102547081E-016 -0.17151252462297401        2.0041986113485149E-009  -1.1508422162326192E-009   3.9503908078067481E-009  -3.2720326433590912E-009   1.2645876092288857E-009   1.2678337008395948E-009   3.6220149011322089E-002   5.2332242380911765E-017   2.9703433636258182E-016  -2.1572330421483407E-016  -1.3081867873779287E-002
  -1.0688338936591652E-016   9.5135021116006143E-006  -1.7929400377569873E-012  -1.9704261050630906E-011  -1.3186274167284526E-016  -6.3910136037904848E-006  -2.2832443014722324E-012  -3.1041378123434719E-012   7.8301412290363569E-019  -1.6924884808348106E-018   5.0279497564465022E-019  -2.9800085085826807E-019  -8.8237203588187582E-019  -7.8716676446309630E-019   2.4248613460288583E-003  -8.2762662901879551E-010  -9.1543989871495658E-009  -7.5937369979582355E-016   1.8415775255134277E-018  -1.6971613342430517E-018   2.0184167965794168E-018   4.3899792577572701E-018  -1.1751570973601584E-018  -5.8021672515692570E-018   1.6856305030840216E-015   2.9654442049177063E-003   2.5912653119000122E-010   2.8968142321391694E-009  -7.7048458410554850E-017
  -3.2970995647689177E-016  -1.7929400377569873E-012   9.5135213567434235E-006   2.0640283944380145E-012  -3.6923089928019176E-016  -2.2832203485721411E-012  -6.3910135317269613E-006   2.5486424341061027E-012  -3.4135821706740967E-018   4.4394329630427229E-021   2.1657165030326498E-018   4.2169586581576361E-018  -3.2709299524473498E-019  -1.3221815792605361E-018  -8.2762282422440584E-010   2.4248702950286183E-003   9.5297795245301809E-010   2.2331845558781968E-016   5.2588518600918456E-019   1.7566649421117164E-018  -2.4023019125299451E-018  -4.7688084192479619E-019   5.4219947294033698E-019  -3.4975294701737221E-019   1.2657381307403884E-015   2.5912000571747346E-010   2.9654413690130264E-003  -2.9848331178052493E-010  -2.6182574901077850E-015
   2.5880844372469886E-016  -1.9704261050630906E-011   2.0640283944380145E-012   9.5135063800953127E-006   2.8127672939158926E-016  -3.1042072479124011E-012   2.5486653417721900E-012  -6.3910129241092691E-006   3.4248591518362417E-018   1.4083876947879524E-018  -1.7584903179887237E-018  -2.7953570309544855E-018  -1.0142403405255687E-018  -7.7034992496719061E-019  -9.1544115083861896E-009   9.5298149747970084E-010   2.4248633291005257E-003  -1.2219796159942058E-016  -2.1541658088024732E-019  -1.7202086092744472E-018  -1.5372423317124287E-018  -4.9307089647540758E-019   6.8339597197983830E-019   6.1845956976467508E-019   1.0212285895633965E-015   2.8968292804600778E-009  -2.9848859307671069E-010   2.9654435774096482E-003   8.4835139601111785E-016
  0.29075073409035368       -1.3186274167284526E-016  -3.6923089928019176E-016   2.8127672939158926E-016  0.31775079005124157        1.4361157400217289E-016   3.5566115339716765E-016  -2.6326351418776285E-016   1.9218551398369570E-009  -9.5368270895182195E-009  -5.5855420886532897E-009  -4.9199761947325794E-009   1.0618553952563213E-008   2.9981223834056290E-009  -9.1013358790988503E-016   3.1438092912023195E-017   6.3660019985238765E-016 -0.16291016548440401        2.2063735717074221E-009  -1.2104434195729886E-009   4.4116791780768951E-009  -3.5901619480435240E-009   1.3291475695205310E-009   1.3837879741767206E-009   2.1526369134794169E-002   2.5849132827166610E-016   2.6242187981110626E-016  -9.1144238736731336E-017  -5.9001933871386048E-003
   1.3003614098270020E-016  -6.3910136037904848E-006  -2.2832203485721411E-012  -3.1042072479124011E-012   1.4361157400217289E-016   4.2846762678216537E-005   3.2133548985274657E-013   1.2243484459406451E-010  -8.6711872430817889E-019   1.5268623171297368E-018   1.3930556249635250E-018   3.0875895744648292E-018   4.4200199224935377E-018  -2.2888020231013805E-018   6.1762026239870448E-003   6.1764553683952467E-011   2.1395670706740484E-008  -1.7510417781464443E-016  -2.5748193186044489E-020   4.8473740579813579E-018  -5.9826380278382496E-018  -9.8954918808655669E-018   1.6384675840695531E-018   1.0478929337098566E-017  -9.0628243893852943E-016  -9.0076632804612210E-003  -1.5226949206551004E-011  -6.7658830594355441E-009   8.1239298038324197E-016
   3.1680753321102239E-016  -2.2832443014722324E-012  -6.3910135317269613E-006   2.5486653417721900E-012   3.5566115339716765E-016   3.2133548985274657E-013   4.2846627091941040E-005  -8.0165382017178605E-013  -2.3609389101700273E-019   5.3660327290050636E-018   6.7287467004002490E-019  -3.7038318943236994E-018  -1.8364028814268344E-018   3.9402018565975372E-018   6.1761197610772317E-011   6.1761789383605395E-003  -1.4631816878282470E-010  -1.4454148198736274E-016  -2.3054555064612630E-018   6.7564432909363765E-019  -1.1556876194769354E-018   6.4084525533153901E-019  -8.5729178691523153E-019   1.1052056481674040E-018  -1.4360339245197970E-015  -1.5220742511246579E-011  -9.0076557840685825E-003   4.1484825412870280E-011   1.9585354152290538E-015
  -2.3905759292737464E-016  -3.1041378123434719E-012   2.5486424341061027E-012  -6.3910129241092691E-006  -2.6326351418776285E-016   1.2243484459406451E-010  -8.0165382017178605E-013   4.2846736194764129E-005   1.2142840559250716E-018   9.2374667031060260E-019  -2.7820898058502389E-018   2.8166662703795479E-018  -1.1683843469733979E-018  -4.4481140144104692E-018   2.1395680781976415E-008  -1.4632107315046003E-010   6.1761979959418442E-003  -3.2966962875918477E-016  -4.2084292211397732E-018   2.5286823114394837E-018   8.5875102414606636E-020  -3.5910108718539567E-018   5.1509804336048776E-019   7.4458373040956790E-018  -9.9040419331804572E-016  -6.7658953249746495E-009   4.1488566619894414E-011  -9.0076618169652352E-003  -4.7806431860234578E-016
   1.7507322281006808E-009   7.8301412290363569E-019  -3.4135821706740967E-018   3.4248591518362417E-018   1.9218551398369570E-009  -8.6711872430817889E-019  -2.3609389101700273E-019   1.2142840559250716E-018   1.1912717259367546E-017  -5.7353765384166606E-017  -3.2665189888265513E-017  -3.0124588335529291E-017   6.3855828418127712E-017   1.8211880239153631E-017   1.3052236960968256E-016  -1.3821324724878052E-015   1.5845757967869691E-015  -1.7287787285251699E-010   1.3878867133931150E-017  -5.7680585691759681E-018   2.9802919688281098E-017  -2.2193220072801711E-017   6.3018338122011677E-018   8.3143492651305570E-018  -1.3542322199575297E-010   3.0614699970823699E-016  -6.0378857149702830E-016   4.2792806231875461E-016   1.8147872408322558E-011
  -8.7363380909918409E-009  -1.6924884808348106E-018   4.4394329630427229E-021   1.4083876947879524E-018  -9.5368270895182195E-009   1.5268623171297368E-018   5.3660327290050636E-018   9.2374667031060260E-019  -5.7353765384166606E-017   2.8662876888372460E-016   1.6893636181720971E-016   1.4725380255487421E-016  -3.1914386546586426E-016  -8.9900075686599032E-017  -3.5246169299614953E-016   1.0880941788447413E-015   7.3753980519370291E-016   5.8221994834422825E-009  -6.5609349218855807E-017   3.8120394511579637E-017  -1.2882353904864035E-016   1.0720746624422842E-016  -4.1895453059890724E-017  -4.1598106435469521E-017  -1.1571981056101584E-009  -5.9850887624793461E-016  -9.7561839482189311E-016   9.8748592713269257E-017   3.7679064784122657E-010
  -5.1423049373535055E-009   5.0279497564465022E-019   2.1657165030326498E-018  -1.7584903179887237E-018  -5.5855420886532897E-009   1.3930556249635250E-018   6.7287467004002490E-019  -2.7820898058502389E-018  -3.2665189888265513E-017   1.6893636181720971E-016   1.0254046868839392E-016   8.5069368090919358E-017  -1.8811124749964345E-016  -5.2404197104296105E-017   4.7856406009955424E-016   9.8278035470986298E-016  -1.2506129764843606E-015   6.0203192254666414E-009  -3.6711044130162282E-017   2.7320446435740985E-017  -6.5423350068209437E-017   6.1252951760767883E-017  -3.0123666404221730E-017  -2.4541905445756664E-017  -1.6395924691038306E-009  -1.5823485001385627E-016   2.8788047695512753E-016   1.7308542843751127E-016   4.6615706369082220E-010
  -4.4921865898619765E-009  -2.9800085085826807E-019   4.2169586581576361E-018  -2.7953570309544855E-018  -4.9199761947325794E-009   3.0875895744648292E-018  -3.7038318943236994E-018   2.8166662703795479E-018  -3.0124588335529291E-017   1.4725380255487421E-016   8.5069368090919358E-017   7.6647311639396104E-017  -1.6395199018780598E-016  -4.6522745291592407E-017   5.0860097801991480E-016   8.9851983259254629E-016  -5.2243811895574184E-016   1.4917862151043572E-009  -3.4840711582965971E-017   1.6773627740391087E-017  -7.2265939731042859E-017   5.6197385062451673E-017  -1.8378145596111655E-017  -2.1356665689448531E-017  -3.9919968800752590E-011  -6.1830888961528741E-016   1.4729454016860469E-015  -1.0421659104494534E-015   5.2210519283874624E-011
   9.7273613871697564E-009  -8.8237203588187582E-019  -3.2709299524473498E-019  -1.0142403405255687E-018   1.0618553952563213E-008   4.4200199224935377E-018  -1.8364028814268344E-018  -1.1683843469733979E-018   6.3855828418127712E-017  -3.1914386546586426E-016  -1.8811124749964345E-016  -1.6395199018780598E-016   3.5534750571782063E-016   1.0009620464100886E-016   5.4992944023362978E-016  -4.9963725587856866E-016  -6.3299922020536640E-016  -6.4920674503870340E-009   7.3044946769916390E-017  -4.2462381202653783E-017   1.4339911210108777E-016  -1.1936203233596782E-016   4.6667780869419376E-017   4.6317073789561149E-017   1.2919469879344491E-009  -9.7148604494371463E-016   2.7220187309355351E-016   2.0445206452111324E-017  -4.2041987854624632E-010
   2.7414555433934751E-009  -7.8716676446309630E-019  -1.3221815792605361E-018  -7.7034992496719061E-019   2.9981223834056290E-009  -2.2888020231013805E-018   3.9402018565975372E-018  -4.4481140144104692E-018   1.8211880239153631E-017  -8.9900075686599032E-017  -5.2404197104296105E-017  -4.6522745291592407E-017   1.0009620464100886E-016   2.8310877877183723E-017  -7.7106577242081217E-016   2.8087281471776771E-016  -1.2016489233237474E-015  -1.3189058176991313E-009   2.0961855771356977E-017  -1.1005568085556367E-017   4.2463050792833735E-017  -3.4004181870816322E-017   1.2076310465771055E-017   1.3042321983153865E-017   1.7534205830644433E-010   2.6734813294099355E-016  -9.6750198835575284E-016   6.6346278560806358E-016  -7.0356594526411914E-011
   1.3014537791717069E-017   2.4248613460288583E-003  -8.2762282422440584E-010  -9.1544115083861896E-009  -9.1013358790988503E-016   6.1762026239870448E-003   6.1761197610772317E-011   2.1395680781976415E-008   1.3052236960968256E-016  -3.5246169299614953E-016   4.7856406009955424E-016   5.0860097801991480E-016   5.4992944023362978E-016  -7.7106577242081217E-016   2.1982339646421427        1.4214437119757298E-010  -9.7281947029294373E-009  -1.3974124525183300E-016   7.1464171355759643E-016   3.1795512049631705E-016  -4.2221294214930165E-016  -2.8735774206052595E-016  -1.2764770541764824E-016  -1.4653505663280135E-016   1.9362745678936554E-016 -0.66445169502041412       -4.3153362847892559E-011   2.8346849867377213E-009  -7.0422230656395800E-017
  -5.2537511571127171E-017  -8.2762662901879551E-010   2.4248702950286183E-003   9.5298149747970084E-010   3.1438092912023195E-017   6.1764553683952467E-011   6.1761789383605395E-003  -1.4632107315046003E-010  -1.3821324724878052E-015   1.0880941788447413E-015   9.8278035470986298E-016   8.9851983259254629E-016  -4.9963725587856866E-016   2.8087281471776771E-016   1.4214437119757298E-010   2.1982339756632925       -1.2264795152790511E-010   1.9408125771250435E-016  -2.6117884255329332E-016   8.2344769725174441E-016  -1.1730054717542282E-015  -5.6668590878462352E-017   3.8380634801240983E-017   8.7035591734230740E-017   1.5052927794740227E-016  -4.3156588891456790E-011 -0.66445169823442474        3.7666639902947580E-011  -1.5350604699422693E-016
   5.2120994102547081E-016  -9.1543989871495658E-009   9.5297795245301809E-010   2.4248633291005257E-003   6.3660019985238765E-016   2.1395670706740484E-008  -1.4631816878282470E-010   6.1761979959418442E-003   1.5845757967869691E-015   7.3753980519370291E-016  -1.2506129764843606E-015  -5.2243811895574184E-016  -6.3299922020536640E-016  -1.2016489233237474E-015  -9.7281947029294373E-009  -1.2264795152790511E-010   2.1982339667457613       -2.7768081840065831E-017  -9.3620686805052340E-016  -1.6047669472842312E-016  -5.8350691414906970E-016  -9.1974068874060734E-016   3.7141442080155925E-016   1.7491691423646748E-015   1.6321043079848399E-016   2.8346874532430301E-009   3.7667588251199722E-011 -0.66445169563339579        7.8597851612491831E-017
 -0.17151252462297401       -7.5937369979582355E-016   2.2331845558781968E-016  -1.2219796159942058E-016 -0.16291016548440401       -1.7510417781464443E-016  -1.4454148198736274E-016  -3.2966962875918477E-016  -1.7287787285251699E-010   5.8221994834422825E-009   6.0203192254666414E-009   1.4917862151043572E-009  -6.4920674503870340E-009  -1.3189058176991313E-009  -1.3974124525183300E-016   1.9408125771250435E-016  -2.7768081840065831E-017   2.3740515944091540        3.7380794547921760E-010   5.0026358948435603E-009   6.5358371243983398E-009   4.9239601406955127E-010  -5.5831581866036961E-009  -8.6620727486760903E-010 -0.85304303366343937       -3.5374623125305433E-017  -1.3807491568951450E-016   3.2208067828025904E-017  0.21430402345619617     
   2.0041986113485149E-009   1.8415775255134277E-018   5.2588518600918456E-019  -2.1541658088024732E-019   2.2063735717074221E-009  -2.5748193186044489E-020  -2.3054555064612630E-018  -4.2084292211397732E-018   1.3878867133931150E-017  -6.5609349218855807E-017  -3.6711044130162282E-017  -3.4840711582965971E-017   7.3044946769916390E-017   2.0961855771356977E-017   7.1464171355759643E-016  -2.6117884255329332E-016  -9.3620686805052340E-016   3.7380794547921760E-010   1.6309433501704949E-017  -5.5261431048995007E-018   3.6413891000702795E-017  -2.5815233075213997E-017   6.0089901740492415E-018   9.5057944786429279E-018  -3.9434650030798096E-010   3.5359810493512828E-016   5.1916049396956321E-016   7.2499196248357090E-016   8.3707342350696318E-011
  -1.1508422162326192E-009  -1.6971613342430517E-018   1.7566649421117164E-018  -1.7202086092744472E-018  -1.2104434195729886E-009   4.8473740579813579E-018   6.7564432909363765E-019   2.5286823114394837E-018  -5.7680585691759681E-018   3.8120394511579637E-017   2.7320446435740985E-017   1.6773627740391087E-017  -4.2462381202653783E-017  -1.1005568085556367E-017   3.1795512049631705E-016   8.2344769725174441E-016  -1.6047669472842312E-016   5.0026358948435603E-009  -5.5261431048995007E-018   1.2997198652475104E-017   2.7088965397155278E-020   1.1098219643094263E-017  -1.4443881750204437E-017  -5.5720817493919206E-018  -1.7688138342171257E-009  -1.2036256654720114E-015   2.0987763742933732E-016  -7.8606062789341083E-016   4.6499242254526793E-010
   3.9503908078067481E-009   2.0184167965794168E-018  -2.4023019125299451E-018  -1.5372423317124287E-018   4.4116791780768951E-009  -5.9826380278382496E-018  -1.1556876194769354E-018   8.5875102414606636E-020   2.9802919688281098E-017  -1.2882353904864035E-016  -6.5423350068209437E-017  -7.2265939731042859E-017   1.4339911210108777E-016   4.2463050792833735E-017  -4.2221294214930165E-016  -1.1730054717542282E-015  -5.8350691414906970E-016   6.5358371243983398E-009   3.6413891000702795E-017   2.7088965397155278E-020   9.5044935540888456E-017  -5.5023993460101556E-017  -3.7519214373075448E-019   1.8610083373076946E-017  -2.9950157706539167E-009   1.4710748546605188E-015  -2.4484785127706781E-016  -3.0688287096427817E-016   7.3526160084039771E-010
  -3.2720326433590912E-009   4.3899792577572701E-018  -4.7688084192479619E-019  -4.9307089647540758E-019  -3.5901619480435240E-009  -9.8954918808655669E-018   6.4084525533153901E-019  -3.5910108718539567E-018  -2.2193220072801711E-017   1.0720746624422842E-016   6.1252951760767883E-017   5.6197385062451673E-017  -1.1936203233596782E-016  -3.4004181870816322E-017  -2.8735774206052595E-016  -5.6668590878462352E-017  -9.1974068874060734E-016   4.9239601406955127E-010  -2.5815233075213997E-017   1.1098219643094263E-017  -5.5023993460101556E-017   4.1358327020206645E-017  -1.2133667974334742E-017  -1.5543087346866793E-017   2.2210893548394309E-010   2.6324192157636107E-015  -2.0696765844189607E-016   5.6003434400558034E-016  -2.8226446591496299E-011
   1.2645876092288857E-009  -1.1751570973601584E-018   5.4219947294033698E-019   6.8339597197983830E-019   1.3291475695205310E-009   1.6384675840695531E-018  -8.5729178691523153E-019   5.1509804336048776E-019   6.3018338122011677E-018  -4.1895453059890724E-017  -3.0123666404221730E-017  -1.8378145596111655E-017   4.6667780869419376E-017   1.2076310465771055E-017  -1.2764770541764824E-016   3.8380634801240983E-017   3.7141442080155925E-016  -5.5831581866036961E-009   6.0089901740492415E-018  -1.4443881750204437E-017  -3.7519214373075448E-019  -1.2133667974334742E-017   1.6052844180326045E-017   6.1246836607857851E-018   1.9765566069231822E-009  -5.2080099484217627E-016   2.5872895112176090E-016   3.5746990738467609E-017  -5.1941553240795729E-010
   1.2678337008395948E-009  -5.8021672515692570E-018  -3.4975294701737221E-019   6.1845956976467508E-019   1.3837879741767206E-009   1.0478929337098566E-017   1.1052056481674040E-018   7.4458373040956790E-018   8.3143492651305570E-018  -4.1598106435469521E-017  -2.4541905445756664E-017  -2.1356665689448531E-017   4.6317073789561149E-017   1.3042321983153865E-017  -1.4653505663280135E-016   8.7035591734230740E-017   1.7491691423646748E-015  -8.6620727486760903E-010   9.5057944786429279E-018  -5.5720817493919206E-018   1.8610083373076946E-017  -1.5543087346866793E-017   6.1246836607857851E-018   6.0372913649727671E-018   1.7223848293990419E-010  -3.0061455130773679E-015  -2.6737916479633093E-016  -1.2377378580032105E-015  -5.5483387614615463E-011
   3.6220149011322089E-002   1.6856305030840216E-015   1.2657381307403884E-015   1.0212285895633965E-015   2.1526369134794169E-002  -9.0628243893852943E-016  -1.4360339245197970E-015  -9.9040419331804572E-016  -1.3542322199575297E-010  -1.1571981056101584E-009  -1.6395924691038306E-009  -3.9919968800752590E-011   1.2919469879344491E-009   1.7534205830644433E-010   1.9362745678936554E-016   1.5052927794740227E-016   1.6321043079848399E-016 -0.85304303366343937       -3.9434650030798096E-010  -1.7688138342171257E-009  -2.9950157706539167E-009   2.2210893548394309E-010   1.9765566069231822E-009   1.7223848293990419E-010   2.4984654979041379       -2.5337376397144163E-017  -1.6571729285929990E-017  -8.8530696487248198E-018 -0.71944171882761954     
   5.2332242380911765E-017   2.9654442049177063E-003   2.5912000571747346E-010   2.8968292804600778E-009   2.5849132827166610E-016  -9.0076632804612210E-003  -1.5220742511246579E-011  -6.7658953249746495E-009   3.0614699970823699E-016  -5.9850887624793461E-016  -1.5823485001385627E-016  -6.1830888961528741E-016  -9.7148604494371463E-016   2.6734813294099355E-016 -0.66445169502041412       -4.3156588891456790E-011   2.8346874532430301E-009  -3.5374623125305433E-017   3.5359810493512828E-016  -1.2036256654720114E-015   1.4710748546605188E-015   2.6324192157636107E-015  -5.2080099484217627E-016  -3.0061455130773679E-015  -2.5337376397144163E-017   2.2009651113406159        1.2990059525139425E-011  -8.2003165521840230E-010   1.1922511157666085E-016
   2.9703433636258182E-016   2.5912653119000122E-010   2.9654413690130264E-003  -2.9848859307671069E-010   2.6242187981110626E-016  -1.5226949206551004E-011  -9.0076557840685825E-003   4.1488566619894414E-011  -6.0378857149702830E-016  -9.7561839482189311E-016   2.8788047695512753E-016   1.4729454016860469E-015   2.7220187309355351E-016  -9.6750198835575284E-016  -4.3153362847892559E-011 -0.66445169823442474        3.7667588251199722E-011  -1.3807491568951450E-016   5.1916049396956321E-016   2.0987763742933732E-016  -2.4484785127706781E-016  -2.0696765844189607E-016   2.5872895112176090E-016  -2.6737916479633093E-016  -1.6571729285929990E-017   1.2990059525139425E-011   2.2009651122711089       -1.1457103883882002E-011   3.8957650026234469E-018
  -2.1572330421483407E-016   2.8968142321391694E-009  -2.9848331178052493E-010   2.9654435774096482E-003  -9.1144238736731336E-017  -6.7658830594355441E-009   4.1484825412870280E-011  -9.0076618169652352E-003   4.2792806231875461E-016   9.8748592713269257E-017   1.7308542843751127E-016  -1.0421659104494534E-015   2.0445206452111324E-017   6.6346278560806358E-016   2.8346849867377213E-009   3.7666639902947580E-011 -0.66445169563339579        3.2208067828025904E-017   7.2499196248357090E-016  -7.8606062789341083E-016  -3.0688287096427817E-016   5.6003434400558034E-016   3.5746990738467609E-017  -1.2377378580032105E-015  -8.8530696487248198E-018  -8.2003165521840230E-010  -1.1457103883882002E-011   2.2009651115179740       -7.5968483001743942E-018
  -1.3081867873779287E-002  -7.7048458410554850E-017  -2.6182574901077850E-015   8.4835139601111785E-016  -5.9001933871386048E-003   8.1239298038324197E-016   1.9585354152290538E-015  -4.7806431860234578E-016   1.8147872408322558E-011   3.7679064784122657E-010   4.6615706369082220E-010   5.2210519283874624E-011  -4.2041987854624632E-010  -7.0356594526411914E-011  -7.0422230656395800E-017  -1.5350604699422693E-016   7.8597851612491831E-017  0.21430402345619617        8.3707342350696318E-011   4.6499242254526793E-010   7.3526160084039771E-010  -2.8226446591496299E-011  -5.1941553240795729E-010  -5.5483387614615463E-011 -0.71944171882761954        1.1922511157666085E-016   3.8957650026234469E-018  -7.5968483001743942E-018   2.2076673842959145     
