   3.5445327007012595E-004  -4.1163007187100856E-017   5.4822008983457316E-018  -9.8435463137617544E-019  -3.6124271686788490E-017  -1.1755544349224814E-017  -8.4436622114782452E-018   6.4321284488049104E-003   1.3810957306949779E-018  -2.5565275039637099E-019  -1.7182715338406145E-019   1.2285594801637883E-002  -1.5590261080064567E-018   2.8668339142741934E-019   1.9452563190857556E-019   3.0483128050624348E-016  -5.5256735966591063E-019  -1.6160671311234866E-018   2.9919860091194921E-016   5.5410046424776643E-018   2.9327826012225966E-016  -1.5053544312233359E-002
  -4.1163007187100856E-017   5.2536597382608162E-030  -5.2644938332953097E-031   1.6594563525539100E-031   4.9623016455700200E-030   1.4832039794043319E-030   2.5438871246522729E-030  -4.3161352209865590E-016   1.3773644329419464E-017   1.9530025744336349E-017  -1.6494075269085999E-017  -9.3433902459978413E-016  -1.5510142714335046E-017  -2.1992254138746243E-017   1.8573549254359971E-017  -2.6877546597812805E-029   9.3358158148282548E-032   2.5495224623410383E-031  -2.6541620223820677E-029  -7.4387673585206479E-031  -2.5949340256944507E-029   2.5938404172471459E-015
   5.4822008983457316E-018  -5.2644938332953097E-031   1.1601101260508045E-031   7.3382037544509018E-033  -3.7746797609794488E-031  -1.5398570555727230E-031   2.4497476670493708E-031   1.7448782575608326E-016  -8.6216825542058632E-018   9.8258292949757325E-018   3.4146502988519568E-017   3.0712935486922835E-016   9.7086525290770315E-018  -1.1064610861647753E-017  -3.8451489081664794E-017   6.7413516329340711E-030   1.3556616375330701E-035  -8.2877595889711290E-033   6.5825084476237269E-030   6.1287535594421911E-032   6.4618305500301954E-030  -3.1696104266436236E-017
  -9.8435463137617544E-019   1.6594563525539100E-031   7.3382037544509018E-033   4.8784208645758956E-032   1.9264075376529553E-031   4.3216838618503770E-032   2.4276432935900099E-031   2.2987421211413797E-017  -6.6988672851988488E-018  -6.2036708784551362E-017   8.4726369146433320E-017   2.9665307536811150E-017   7.5434202548633236E-018   6.9857924581430546E-017  -9.5408161100962806E-017   2.5848486326364606E-031   1.2111774222425636E-032   8.6437493640527165E-033   2.3443449194357773E-031  -3.3260699183083872E-032   2.3249702306544183E-031   1.5134890001288275E-016
  -3.6124271686788490E-017   4.9623016455700200E-030  -3.7746797609794488E-031   1.9264075376529553E-031   4.9313635000156015E-030   1.3714310530497314E-030   3.3898536412087492E-030  -1.4417778110398903E-016   5.3217529854736946E-017   2.9337206110140912E-017   3.4369061460498216E-018  -4.5365744073933269E-016  -5.9926876519407267E-017  -3.3035864926194545E-017  -3.8702106389626940E-018  -1.7247363183876519E-029   1.0471412791249080E-031   2.7315660181571182E-031  -1.7191264464923800E-029  -7.3019705522041452E-031  -1.6737901377063183E-029   2.9054388861861616E-015
  -1.1755544349224814E-017   1.4832039794043319E-030  -1.5398570555727230E-031   4.3216838618503770E-032   1.3714310530497314E-030   4.8762274687330141E-031   7.2296826163402611E-031  -1.3086379306914582E-016  -1.3087623023305313E-016  -1.6111373562014955E-017  -4.0516819311129195E-017  -2.7870221160739789E-016   1.4737631960577693E-016   1.8142598813668358E-017   4.5624936641080365E-017  -7.8801707516263264E-030   2.6915136354303164E-032   7.1814804573151464E-032  -7.7645624123526251E-030  -2.0271293419337956E-031  -7.6192707789269618E-030   7.2037853274054356E-016
  -8.4436622114782452E-018   2.5438871246522729E-030   2.4497476670493708E-031   2.4276432935900099E-031   3.3898536412087492E-030   7.2296826163402611E-031   5.4702390730911679E-030   8.9961288923650798E-016  -6.9670147545842905E-017  -4.8371873166931500E-017   1.3391340930183459E-017   1.3512446286432012E-015   7.8453741473252224E-017   5.4470308528029376E-017  -1.5079640797739171E-017   2.1195048556230049E-029   1.2003478336032841E-031   2.5661726038987506E-031   2.0276344908255917E-029  -4.6771177938265541E-031   2.0073399493124501E-029   3.1818846420826751E-015
   6.4321284488049104E-003  -4.3161352209865590E-016   1.7448782575608326E-016   2.2987421211413797E-017  -1.4417778110398903E-016  -1.3086379306914582E-016   8.9961288923650798E-016  0.32811180091011666        1.5005889147811218E-018  -2.3137349836157534E-019  -1.9653035670230522E-019  0.55300868880663456       -1.5937657000090138E-018   3.5176918172230906E-019   1.9441471316816262E-019   1.1244969160816770E-014   1.0715667454294658E-017   1.4960148437415184E-017   1.0930255658874250E-014   3.2874159202388330E-017   1.0756625282184099E-014  0.29369303883201536     
   1.3810957306949779E-018   1.3773644329419464E-017  -8.6216825542058632E-018  -6.6988672851988488E-018   5.3217529854736946E-017  -1.3087623023305313E-016  -6.9670147545842905E-017   1.5005889147811218E-018  0.29017322207730051       -1.4414129070015880E-016   3.8855095356449265E-017   5.6186489328737031E-019 -0.32675651981838649        2.8390172699711835E-016   1.2183721913305856E-016  -4.8856977648927684E-019  -3.5519753064196079E-018  -5.0633676124345745E-018  -3.4133349438112527E-017  -1.4677758088829478E-017   3.2013947077468220E-017   7.0154622370325397E-019
  -2.5565275039637099E-019   1.9530025744336349E-017   9.8258292949757325E-018  -6.2036708784551362E-017   2.9337206110140912E-017  -1.6111373562014955E-017  -4.8371873166931500E-017  -2.3137349836157534E-019  -1.4414129070015880E-016  0.29017322207730101       -9.0808708209239031E-017  -2.9699387282279525E-020  -6.4408385309216998E-017 -0.32675651981838744        2.2865823817719289E-016  -7.7450468714833205E-018  -1.2662490635339531E-017   2.2202474683964976E-017   1.2533837889963458E-017   1.0265900853736774E-017  -4.3059957585757225E-018   9.0903119516245081E-020
  -1.7182715338406145E-019  -1.6494075269085999E-017   3.4146502988519568E-017   8.4726369146433320E-017   3.4369061460498216E-018  -4.0516819311129195E-017   1.3391340930183459E-017  -1.9653035670230522E-019   3.8855095356449265E-017  -9.0808708209239031E-017  0.29017322207729979       -7.5214720970325603E-020   3.0754749875266940E-016   1.3248611734593962E-016 -0.32675651981838644       -2.4037646897575763E-018   1.2944604347152665E-017   7.7905708059482782E-019   1.4481528119114536E-017  -1.0064560978592480E-017  -1.1752539405695535E-017  -1.3613133102250299E-019
   1.2285594801637883E-002  -9.3433902459978413E-016   3.0712935486922835E-016   2.9665307536811150E-017  -4.5365744073933269E-016  -2.7870221160739789E-016   1.3512446286432012E-015  0.55300868880663456        5.6186489328737031E-019  -2.9699387282279525E-020  -7.5214720970325603E-020  0.94119593397436785       -5.0689746955864224E-019   1.6828892801046458E-019   4.9257651255754354E-020   1.9486473377644138E-014   1.3235758562237829E-017   1.3134984954725443E-017   1.8959442544165231E-014   8.6384664437402308E-017   1.8650880162678672E-014  0.36333969467959115     
  -1.5590261080064567E-018  -1.5510142714335046E-017   9.7086525290770315E-018   7.5434202548633236E-018  -5.9926876519407267E-017   1.4737631960577693E-016   7.8453741473252224E-017  -1.5937657000090138E-018 -0.32675651981838649       -6.4408385309216998E-017   3.0754749875266940E-016  -5.0689746955864224E-019  0.36795202010535871       -6.4398220913849946E-017  -5.3277694755937688E-016   5.5016572070718567E-019   3.9997870282370152E-018   5.7017266023241214E-018   3.8436677210591656E-017   1.6528241708548987E-017  -3.6050073324466975E-017  -1.8531437110302099E-019
   2.8668339142741934E-019  -2.1992254138746243E-017  -1.1064610861647753E-017   6.9857924581430546E-017  -3.3035864926194545E-017   1.8142598813668358E-017   5.4470308528029376E-017   3.5176918172230906E-019   2.8390172699711835E-016 -0.32675651981838744        1.3248611734593962E-016   1.6828892801046458E-019  -6.4398220913849946E-017  0.36795202010536027       -2.9151485912704000E-016   8.7214958824904936E-018   1.4258901433483204E-017  -2.5001629396235595E-017  -1.4114028922356162E-017  -1.1560164000501848E-017   4.8488698521261964E-018   2.5167209109885447E-019
   1.9452563190857556E-019   1.8573549254359971E-017  -3.8451489081664794E-017  -9.5408161100962806E-017  -3.8702106389626940E-018   4.5624936641080365E-017  -1.5079640797739171E-017   1.9441471316816262E-019   1.2183721913305856E-016   2.2865823817719289E-016 -0.32675651981838644        4.9257651255754354E-020  -5.3277694755937688E-016  -2.9151485912704000E-016  0.36795202010535949        2.7068169104807042E-018  -1.4576582348369819E-017  -8.7727592013029691E-019  -1.6307272242348483E-017   1.1333440402673472E-017   1.3234229015834279E-017  -1.3193014273544235E-020
   3.0483128050624348E-016  -2.6877546597812805E-029   6.7413516329340711E-030   2.5848486326364606E-031  -1.7247363183876519E-029  -7.8801707516263264E-030   2.1195048556230049E-029   1.1244969160816770E-014  -4.8856977648927684E-019  -7.7450468714833205E-018  -2.4037646897575763E-018   1.9486473377644138E-014   5.5016572070718567E-019   8.7214958824904936E-018   2.7068169104807042E-018   4.1657178604492028E-028   8.5650986392861937E-032  -1.9347580026994405E-031   4.0598374858207577E-028   2.9360123022049859E-030   3.9910368167642832E-028   2.3746917602437766E-015
  -5.5256735966591063E-019   9.3358158148282548E-032   1.3556616375330701E-035   1.2111774222425636E-032   1.0471412791249080E-031   2.6915136354303164E-032   1.2003478336032841E-031   1.0715667454294658E-017  -3.5519753064196079E-018  -1.2662490635339531E-017   1.2944604347152665E-017   1.3235758562237829E-017   3.9997870282370152E-018   1.4258901433483204E-017  -1.4576582348369819E-017   8.5650986392861937E-032   4.0703296385187655E-033   5.9928402111402724E-033   7.3860383434477053E-032  -1.5996130661802983E-032   7.5349053797982390E-032   7.9091497862398419E-017
  -1.6160671311234866E-018   2.5495224623410383E-031  -8.2877595889711290E-033   8.6437493640527165E-033   2.7315660181571182E-031   7.1814804573151464E-032   2.5661726038987506E-031   1.4960148437415184E-017  -5.0633676124345745E-018   2.2202474683964976E-017   7.7905708059482782E-019   1.3134984954725443E-017   5.7017266023241214E-018  -2.5001629396235595E-017  -8.7727592013029691E-019  -1.9347580026994405E-031   5.9928402111402724E-033   1.8435412712910118E-032  -2.1012918226333659E-031  -3.8426841128439504E-032  -1.9951770272446673E-031   1.8739200951606665E-016
   2.9919860091194921E-016  -2.6541620223820677E-029   6.5825084476237269E-030   2.3443449194357773E-031  -1.7191264464923800E-029  -7.7645624123526251E-030   2.0276344908255917E-029   1.0930255658874250E-014  -3.4133349438112527E-017   1.2533837889963458E-017   1.4481528119114536E-017   1.8959442544165231E-014   3.8436677210591656E-017  -1.4114028922356162E-017  -1.6307272242348483E-017   4.0598374858207577E-028   7.3860383434477053E-032  -2.1012918226333659E-031   3.9570513603033481E-028   2.9178242233137807E-030   3.8897532076781561E-028   2.0440724451740113E-015
   5.5410046424776643E-018  -7.4387673585206479E-031   6.1287535594421911E-032  -3.3260699183083872E-032  -7.3019705522041452E-031  -2.0271293419337956E-031  -4.6771177938265541E-031   3.2874159202388330E-017  -1.4677758088829478E-017   1.0265900853736774E-017  -1.0064560978592480E-017   8.6384664437402308E-017   1.6528241708548987E-017  -1.1560164000501848E-017   1.1333440402673472E-017   2.9360123022049859E-030  -1.5996130661802983E-032  -3.8426841128439504E-032   2.9178242233137807E-030   1.0974117623434422E-031   2.8434351250674878E-030  -4.1680581559297124E-016
   2.9327826012225966E-016  -2.5949340256944507E-029   6.4618305500301954E-030   2.3249702306544183E-031  -1.6737901377063183E-029  -7.6192707789269618E-030   2.0073399493124501E-029   1.0756625282184099E-014   3.2013947077468220E-017  -4.3059957585757225E-018  -1.1752539405695535E-017   1.8650880162678672E-014  -3.6050073324466975E-017   4.8488698521261964E-018   1.3234229015834279E-017   3.9910368167642832E-028   7.5349053797982390E-032  -1.9951770272446673E-031   3.8897532076781561E-028   2.8434351250674878E-030   3.8238354839955593E-028   2.1179963077526216E-015
  -1.5053544312233359E-002   2.5938404172471459E-015  -3.1696104266436236E-017   1.5134890001288275E-016   2.9054388861861616E-015   7.2037853274054356E-016   3.1818846420826751E-015  0.29369303883201536        7.0154622370325397E-019   9.0903119516245081E-020  -1.3613133102250299E-019  0.36333969467959115       -1.8531437110302099E-019   2.5167209109885447E-019  -1.3193014273544235E-020   2.3746917602437766E-015   7.9091497862398419E-017   1.8739200951606665E-016   2.0440724451740113E-015  -4.1680581559297124E-016   2.1179963077526216E-015   2.1594212744282357     
