   6.3858883424152432E-005  -5.7523076578980906E-018   5.4849643314861023E-019  -1.5821335585067673E-016  -1.5694035159980404E-004   6.6364330381804623E-018  -9.5818037898244466E-019  -4.9112208762236189E-019  -4.1077661928139521E-019   3.2860915282254500E-019   4.2127863385737658E-020  -1.9664879673329594E-019  -2.4487000238327698E-018   5.6700530162838850E-019  -1.1284060629411643E-002   3.7446341922311435E-016   1.1702946012444315E-016  -9.2764165040342931E-016   5.0780620206164149E-016
  -5.7523076578980906E-018   6.3858883424157094E-005  -1.3163705189959930E-017  -1.9354413677766951E-016   7.7484626004480802E-018  -1.5694035159981052E-004   5.2413557766057593E-018  -2.8860618549197812E-017   6.1575583912023531E-019   3.2800105330378242E-019  -1.1989848760990699E-018  -3.0534823365435889E-018   2.4696433148924827E-018  -4.9194152296554607E-018   6.4347319527675883E-016  -1.1284060629412080E-002  -2.1924912157512875E-016   1.9430713697190904E-016   3.7374133505026098E-017
   5.4849643314861023E-019  -1.3163705189959930E-017   6.3858883424155387E-005   5.2830878007657781E-016   3.5721827840327087E-018   3.4267953921652668E-017  -1.5694035159980493E-004   8.3854600381492093E-017  -4.3561483995263174E-019   8.8711788936809569E-019   1.7267277013806966E-019   2.0214868441301418E-018   1.0134756038089872E-018   6.7264938016145797E-018  -2.2102890654215500E-016   2.5507030513939776E-015  -1.1284060629411931E-002  -3.0311276193909934E-016   1.0726719033953262E-015
  -1.5821335585067673E-016  -1.9354413677766951E-016   5.2830878007657781E-016  0.83424075232448724        2.6152481391990920E-017   3.6003911113921281E-016   5.2705202954708311E-017  0.10577288199207528       -4.9312589759341838E-015  -2.1008136763254144E-017  -2.2194951620968130E-018  -4.9974700142830315E-015  -4.1572123458768272E-017  -4.4762860275061432E-015  -3.6508593539874246E-017  -8.8250578072107822E-016   4.3669450940771917E-016  0.22779818527975776       -4.5937514639097295E-002
  -1.5694035159980404E-004   7.7484626004480802E-018   3.5721827840327087E-018   2.6152481391990920E-017   3.8569847513109752E-004  -6.0938023495505293E-019  -9.7370440841046581E-018  -2.2286415494311847E-017   1.0095295063478084E-018  -8.0759376327248315E-019  -1.0353393823011112E-019   4.8328642228514182E-019   6.0179543095075824E-018  -1.3934789746525103E-018   2.7731841643563369E-002   2.0857776044553320E-016  -1.1570226537521407E-015   1.3180840756852570E-015  -2.2664321982987316E-016
   6.6364330381804623E-018  -1.5694035159981052E-004   3.4267953921652668E-017   3.6003911113921281E-016  -6.0938023495505293E-019   3.8569847513110120E-004  -1.7591638920226955E-017   5.7132602571386368E-017  -1.5132888755547473E-018  -8.0609929066083038E-019   2.9466394952133262E-018   7.5042745160140138E-018  -6.0694247907678024E-018   1.2090013392178778E-017  -2.5604487800473335E-016   2.7731841643563567E-002   2.0014881647339745E-016  -5.1340244954070366E-016   3.3174611782454536E-017
  -9.5818037898244466E-019   5.2413557766057593E-018  -1.5694035159980493E-004   5.2705202954708311E-017  -9.7370440841046581E-018  -1.7591638920226955E-017   3.8569847513108418E-004  -1.4620233225092421E-017   1.0705722129458543E-018  -2.1801914785011650E-018  -4.2436265409026670E-019  -4.9680301167399324E-018  -2.4907297007259801E-018  -1.6531111188521806E-017   4.7432256859464717E-016  -1.4782309079722253E-015   2.7731841643562963E-002   8.7964930096203208E-016  -3.1271360334556398E-016
  -4.9112208762236189E-019  -2.8860618549197812E-017   8.3854600381492093E-017  0.10577288199207528       -2.2286415494311847E-017   5.7132602571386368E-017  -1.4620233225092421E-017   1.4340037358535996E-002  -6.3016836405957647E-016  -5.0958131070504957E-018   7.8187970470813222E-018  -6.2535459626147838E-016  -2.0726790540567128E-017  -5.9497543137654492E-016  -9.7289843413493702E-018  -1.2448887630498147E-016  -2.0691743696512956E-016  -1.3178032539619119E-002   1.7678696062382294E-002
  -4.1077661928139521E-019   6.1575583912023531E-019  -4.3561483995263174E-019  -4.9312589759341838E-015   1.0095295063478084E-018  -1.5132888755547473E-018   1.0705722129458543E-018  -6.3016836405957647E-016   2.9791118266054132E-029   3.1354517599830278E-031  -2.1787096940681098E-031   2.9463639631308915E-029   6.8835565689152645E-031   2.5682756501653643E-029   7.2585488949718773E-017  -1.0880594600102395E-016   7.6974478748789373E-017  -1.4687087990427900E-015  -8.1542304300783669E-016
   3.2860915282254500E-019   3.2800105330378242E-019   8.8711788936809569E-019  -2.1008136763254144E-017  -8.0759376327248315E-019  -8.0609929066083038E-019  -2.1801914785011650E-018  -5.0958131070504957E-018   3.1354517599830278E-031   7.7074656860727895E-032  -7.7217418883777934E-032   1.1832731751588914E-031   1.5410550872684557E-031   7.7025417680579980E-033  -5.8066245524542420E-017  -5.7958792473826721E-017  -1.5675645285839596E-016   5.7571660023525929E-019  -3.4923651573867113E-016
   4.2127863385737658E-020  -1.1989848760990699E-018   1.7267277013806966E-019  -2.2194951620968130E-018  -1.0353393823011112E-019   2.9466394952133262E-018  -4.2436265409026670E-019   7.8187970470813222E-018  -2.1787096940681098E-031  -7.7217418883777934E-032   1.4427250983903565E-031   1.4542654282769934E-031  -2.7478379638903024E-031   1.2273876183633904E-031  -7.4441227146492720E-018   2.1186430626708810E-016  -3.0511808268533725E-017  -2.6721305423258517E-016   4.8353462475529165E-016
  -1.9664879673329594E-019  -3.0534823365435889E-018   2.0214868441301418E-018  -4.9974700142830315E-015   4.8328642228514182E-019   7.5042745160140138E-018  -4.9680301167399324E-018  -6.2535459626147838E-016   2.9463639631308915E-029   1.1832731751588914E-031   1.4542654282769934E-031   3.0221426188010263E-029   3.7936553494490300E-032   2.7004660349777029E-029   3.4748445730162215E-017   5.3955969739640116E-016  -3.5720292757454344E-016  -1.7442742900707654E-015   4.6986225226659272E-016
  -2.4487000238327698E-018   2.4696433148924827E-018   1.0134756038089872E-018  -4.1572123458768272E-017   6.0179543095075824E-018  -6.0694247907678024E-018  -2.4907297007259801E-018  -2.0726790540567128E-017   6.8835565689152645E-031   1.5410550872684557E-031  -2.7478379638903024E-031   3.7936553494490300E-032   6.4252322667211879E-031   1.2614925867955489E-031   4.3269280717983052E-016  -4.3639355096717495E-016  -1.7908424868414394E-016   5.0076483751574082E-016  -9.1061888581052421E-016
   5.6700530162838850E-019  -4.9194152296554607E-018   6.7264938016145797E-018  -4.4762860275061432E-015  -1.3934789746525103E-018   1.2090013392178778E-017  -1.6531111188521806E-017  -5.9497543137654492E-016   2.5682756501653643E-029   7.7025417680579980E-033   1.2273876183633904E-031   2.7004660349777029E-029   1.2614925867955489E-031   2.7048872774168349E-029  -1.0019157645259699E-016   8.6927576456343301E-016  -1.1885920926091441E-015   4.9167194620825743E-016   8.6718802582048472E-016
  -1.1284060629411643E-002   6.4347319527675883E-016  -2.2102890654215500E-016  -3.6508593539874246E-017   2.7731841643563369E-002  -2.5604487800473335E-016   4.7432256859464717E-016  -9.7289843413493702E-018   7.2585488949718773E-017  -5.8066245524542420E-017  -7.4441227146492720E-018   3.4748445730162215E-017   4.3269280717983052E-016  -1.0019157645259699E-016   1.9939281343600763       -2.6261578903261779E-016   1.2507898362879022E-015   2.5053701582408258E-016  -9.1062296994383301E-017
   3.7446341922311435E-016  -1.1284060629412080E-002   2.5507030513939776E-015  -8.8250578072107822E-016   2.0857776044553320E-016   2.7731841643563567E-002  -1.4782309079722253E-015  -1.2448887630498147E-016  -1.0880594600102395E-016  -5.7958792473826721E-017   2.1186430626708810E-016   5.3955969739640116E-016  -4.3639355096717495E-016   8.6927576456343301E-016  -2.6261578903261779E-016   1.9939281343600856       -9.5183231041157546E-016  -3.1077645587240570E-016  -7.3683850921678885E-016
   1.1702946012444315E-016  -2.1924912157512875E-016  -1.1284060629411931E-002   4.3669450940771917E-016  -1.1570226537521407E-015   2.0014881647339745E-016   2.7731841643562963E-002  -2.0691743696512956E-016   7.6974478748789373E-017  -1.5675645285839596E-016  -3.0511808268533725E-017  -3.5720292757454344E-016  -1.7908424868414394E-016  -1.1885920926091441E-015   1.2507898362879022E-015  -9.5183231041157546E-016   1.9939281343600865        1.0912049384069186E-015  -7.0780242152275550E-016
  -9.2764165040342931E-016   1.9430713697190904E-016  -3.0311276193909934E-016  0.22779818527975776        1.3180840756852570E-015  -5.1340244954070366E-016   8.7964930096203208E-016  -1.3178032539619119E-002  -1.4687087990427900E-015   5.7571660023525929E-019  -2.6721305423258517E-016  -1.7442742900707654E-015   5.0076483751574082E-016   4.9167194620825743E-016   2.5053701582408258E-016  -3.1077645587240570E-016   1.0912049384069186E-015   2.1638846675258061      -0.52614750322689319     
   5.0780620206164149E-016   3.7374133505026098E-017   1.0726719033953262E-015  -4.5937514639097295E-002  -2.2664321982987316E-016   3.3174611782454536E-017  -3.1271360334556398E-016   1.7678696062382294E-002  -8.1542304300783669E-016  -3.4923651573867113E-016   4.8353462475529165E-016   4.6986225226659272E-016  -9.1061888581052421E-016   8.6718802582048472E-016  -9.1062296994383301E-017  -7.3683850921678885E-016  -7.0780242152275550E-016 -0.52614750322689319        2.1287389926519737     
