 1.4690203994261134E-004  1.6334451182143209E-017 -6.7021157804471271E-020  1.8081542593152872E-018 -1.6117470198813631E-017 -4.9912129692545270E-004 -4.7604738964744994E-017  1.5678219471276434E-017 -3.7111954562677134E-017  1.7989134952333117E-016 -1.4312070235104947E-016  1.8089327624799611E-016  1.6905206526378845E-017 -1.4347571715342128E-016 -1.8089918787309259E-002 -1.5380912662008813E-015  1.2607889152550329E-015 -5.9783262975908377E-016 -7.0330896068511505E-017  3.1896021052618883E-016 -2.5375778883607469E-016  3.1417801409947546E-016  2.7294877062142683E-017 -2.4377917527030278E-016 -3.3819931558280112E-017 -1.9838399176012971E-018  1.9001777211405852E-018 -7.3950274902268033E-017  8.4041486031435877E-019 -5.2960888374987699E-017 -4.4126728511984437E-019  3.4773910594459043E-019 -8.1681131909205936E-019  2.0344950734709725E-018 -1.1110385221388801E-016  8.8205431251224316E-003  1.4455414063788579E-016 -6.4893820855509611E-016  7.0869471276403581E-016
 1.6334451182143209E-017  1.4690203994272648E-004 -1.2938469796961871E-017 -1.2186470715157557E-018  2.7210065563591175E-017 -1.7174998360174187E-017 -4.9912129692566986E-004  1.1495330333980488E-017 -1.9557322448703908E-016 -1.8997745363469619E-017 -3.5317267784713255E-017 -7.3710225066924040E-017 -9.0308746747699628E-017  2.6426219071835871E-016 -5.2913015324303682E-016 -1.8089918787316479E-002  3.6553993788438592E-016  7.0329147552335110E-016 -3.2991032029795815E-016 -1.5931376996189015E-017 -9.5791256656769514E-017 -1.1173836843336293E-016 -1.3519616830466096E-016  4.6840249685398644E-016  3.9622860102165021E-018 -4.4361593021754628E-017 -1.4286184316134851E-018  1.3546400449210139E-018  2.5529563608134178E-019  9.4992689265454968E-020 -3.7065681073728345E-017 -8.4003468386943367E-019 -5.4241969055260535E-017 -1.4271978937746568E-018 -6.2871660165941665E-016  4.9063766953306223E-016  8.8205431251251916E-003  3.3607920072040119E-017  2.7517602597512787E-016
-6.7021157804471271E-020 -1.2938469796961871E-017  1.4690203994270756E-004 -9.5977650134810736E-018  1.3877584296199977E-017 -3.2528296870420564E-017  4.0418644107082551E-017 -4.9912129692560470E-004 -2.4117531739906083E-017 -2.0084383958845218E-016 -2.1409617005122936E-016  2.6646718231155689E-016  3.1224126497811260E-016 -2.4778733273357473E-016 -1.2520947959540408E-015  1.0623576223306383E-015 -1.8089918787315310E-002  8.8703141796692286E-017 -6.7257444741257517E-017 -3.2606020533643703E-016 -3.7889749419364281E-016  5.0692350174889035E-016  5.5920965758649636E-016 -4.6040308244190275E-016 -3.8402257318743506E-018 -1.6916763362323474E-018 -2.7361618478489928E-017 -2.1513177679100874E-018  1.5393536276959651E-019 -2.4880182620518904E-018 -1.1998538695065126E-017 -2.3075261731909013E-017 -4.7916176905974513E-018 -5.8713354087968161E-017  9.7447572868763598E-017  5.8425365958237419E-016 -1.9301605250354030E-015  8.8205431251246920E-003  7.6956327381208890E-016
 1.8081542593152872E-018 -1.2186470715157557E-018 -9.5977650134810736E-018  4.5656577365920287E-004 -1.0499784982717887E-003  2.3238775971250595E-017 -1.3357808436275122E-017  3.7124491658353162E-017  2.2141040704187908E-015 -3.1531563526542957E-016 -4.9465835942225537E-016 -1.7001932156122396E-015  4.7367239004640046E-017 -3.9864148382265003E-016  7.0687754971688473E-016 -7.5278008909679495E-016  7.8146945880968271E-016 -3.2467806409192473E-002  3.0783344718650499E-015 -5.3702453141346132E-016 -8.7797983677060003E-016 -3.8787326950274123E-015  8.5738445987149214E-017 -1.7155521410276858E-015 -2.5863610490339597E-018  2.7972565443829999E-018 -5.3336295625851297E-018  4.2455032382863337E-018  6.6520033313624607E-020 -1.8981274228692213E-018  7.6394754530608018E-019 -4.9225846414221746E-018  3.6349036065996035E-018 -6.1926420295893675E-018  1.6507763834422783E-002 -2.1685713281241740E-016  3.1778500308961816E-015 -2.0388434420033754E-015 -5.7993919755185133E-003
-1.6117470198813631E-017  2.7210065563591175E-017  1.3877584296199977E-017 -1.0499784982717887E-003  2.4151421505100019E-003 -1.3947952453644859E-017 -4.8154970994250699E-017 -5.9083272946142263E-017 -2.6916692405817458E-015  1.7888710156321255E-016  3.2473899355631775E-016  4.2317417382057801E-015  1.8816540766200146E-016 -1.8058894108174989E-015 -1.3761502977512784E-016 -5.5026661045144802E-016 -1.0536118258231638E-015  7.4770070527975269E-002 -2.8448392159999128E-015  2.7276642745661620E-016  5.8687598169771546E-016  9.4916698399728142E-015  3.2659925915641705E-016 -8.4073933169672123E-016  5.9193306242838503E-018 -6.6338793101201191E-018  1.2163995256283102E-017 -9.6528334531795674E-018 -1.5030343443496956E-019  4.5668725448524242E-018 -1.7064249856214276E-018  1.1111700756153348E-017 -8.3022412495335435E-018  1.4039774164370271E-017 -3.7165042381164803E-002  1.8594771217636729E-016 -9.3079622570322764E-016  2.5723048501089187E-015  1.2539535298555698E-002
-4.9912129692545270E-004 -1.7174998360174187E-017 -3.2528296870420564E-017  2.3238775971250595E-017 -1.3947952453644859E-017  1.6972326698966183E-003  3.0082800507995591E-017  5.9852819707572528E-017 -3.6225702622893204E-017 -1.2925129312160311E-016 -2.9424380151392576E-017 -7.4495263233929013E-017  3.9843264197446990E-019  1.0934589369121957E-016  6.1699499762662008E-002  1.3000406443759976E-016 -2.6440519402573474E-017 -3.5188347660434279E-016 -4.5700899355249770E-017 -2.3558701853259678E-016 -4.5348923788841319E-017 -1.1699440489670912E-016  9.1918064787094898E-018  1.6246145694813960E-016  1.1795055503352363E-016  6.5640986754763748E-018 -6.5967755403791811E-018  2.5470984054208390E-016 -2.8536628907801651E-018  1.8274817679164843E-016  1.5033125693797065E-018 -1.1216150181946271E-018  2.7159771140315769E-018 -6.8541977836326587E-018 -1.6211426065041634E-016 -2.8399213301907991E-002 -8.5815908306050509E-016  1.7396758798050806E-015  6.8975218587855155E-016
-4.7604738964744994E-017 -4.9912129692566986E-004  4.0418644107082551E-017 -1.3357808436275122E-017 -4.8154970994250699E-017  3.0082800507995591E-017  1.6972326698967549E-003 -2.8222430933856916E-017  2.2075771822845928E-017  4.6307943909411201E-017 -4.0963202290516151E-017  3.4436798289652030E-017  7.9846331012086245E-017 -4.0514455561422997E-017  9.2064946715055314E-016  6.1699499762664214E-002 -8.8597531461321490E-016 -1.0583401149021873E-015 -9.1582706744731628E-018  2.4186926730189013E-017  3.9557756432349438E-017  1.4813957932288256E-018  6.1386112923297025E-017 -7.9730286583875827E-017 -1.3874042134873288E-017  1.5229547968847629E-016  4.6780430574147572E-018 -4.0121284323344663E-018 -8.4571068861079284E-019 -5.7342813200823230E-019  1.2899175929063683E-016  3.6143883038961817E-018  1.8529840371122585E-016  6.1693491687058293E-018  4.2749792982700194E-016 -1.1970016268907245E-016 -2.8399213301912331E-002  1.9405556936423538E-016 -6.9732744131349630E-016
 1.5678219471276434E-017  1.1495330333980488E-017 -4.9912129692560470E-004  3.7124491658353162E-017 -5.9083272946142263E-017  5.9852819707572528E-017 -2.8222430933856916E-017  1.6972326698965231E-003  1.5993890734774949E-016  1.4410833545540520E-016  1.5666638402383162E-016 -1.7825341028416928E-016 -2.0011049151308715E-016  3.9420691016539456E-017  2.4294196414207728E-015  1.3391523671629189E-016  6.1699499762659531E-002 -7.1723145339468754E-016  3.5953914497856234E-016  1.6086197486288562E-016  2.8081578517883025E-016 -4.4397473145093991E-016 -3.8298513787853434E-016  1.4550674999442509E-016  1.3664867269584157E-017  6.8501072770177505E-018  9.4051238876828489E-017  6.4686023858494619E-018 -5.1824914821092584E-019  9.2773008967107395E-018  4.1708084638059995E-017  7.9056037233619109E-017  1.6850085994281396E-017  2.0325686368617457E-016  5.5997277463941917E-016 -4.9626819469713215E-016  2.7712688227407848E-015 -2.8399213301914573E-002 -1.6023807072865333E-015
-3.7111954562677134E-017 -1.9557322448703908E-016 -2.4117531739906083E-017  2.2141040704187908E-015 -2.6916692405817458E-015 -3.6225702622893204E-017  2.2075771822845928E-017  1.5993890734774949E-016  3.6949326218534023E-001 -4.6852636492634101E-016 -4.5124422980838533E-016 -1.8474663109267223E-001 -1.7745826508729381E-016 -1.8474663109266856E-001  9.7227066853147791E-017  1.1160304134335584E-016 -2.2667495812766801E-016 -6.0843413867861802E-015  6.5049011696357917E-001 -8.0610973239143592E-016 -3.8787443149392079E-016 -3.2524505848178537E-001 -3.6090869209683698E-016 -3.2524505848178120E-001 -1.3070700916995430E-018  4.7663369005722739E-017 -5.5763475477797922E-017  7.3130371934496317E-019  4.7516725511206760E-018  1.8292003435436343E-019  1.0938205518622158E-016 -5.0254320458776723E-017  5.3268919585534981E-017 -1.1776857518050284E-016 -2.1135719132570254E-015 -6.1247948914495045E-016  2.5937231869680549E-017  1.9009137216617553E-015  2.2851200689421674E-015
 1.7989134952333117E-016 -1.8997745363469619E-017 -2.0084383958845218E-016 -3.1531563526542957E-016  1.7888710156321255E-016 -1.2925129312160311E-016  4.6307943909411201E-017  1.4410833545540520E-016 -4.6852636492634101E-016  3.6949326218534717E-001  3.3095665141643296E-016 -1.2850108719694535E-016  1.7046840991283288E-017  5.0535660174753807E-017  4.0033713408007921E-016  4.7867134877445015E-016  1.6697511658516250E-015  1.2948695524665578E-015 -5.5604857035966397E-016  6.5049011696357251E-001  7.7493161667645244E-016 -2.4604225964528709E-017  1.1301673278921579E-018 -4.3900077115823654E-016 -2.3864511956822469E-018 -4.1482844566072811E-018 -1.0522254082947018E-016  5.4485356111284392E-018 -4.7119295575362756E-018 -1.9487462464553098E-018 -4.8758251276619104E-018 -1.1375458097873540E-016  2.8886581640634515E-018 -2.4992891516201670E-016  6.5593284983253900E-016 -2.2542073956048901E-017 -1.4578326359130485E-015 -8.3855018078118613E-016 -1.8954342144633579E-016
-1.4312070235104947E-016 -3.5317267784713255E-017 -2.1409617005122936E-016 -4.9465835942225537E-016  3.2473899355631775E-016 -2.9424380151392576E-017 -4.0963202290516151E-017  1.5666638402383162E-016 -4.5124422980838533E-016  3.3095665141643296E-016  3.6949326218534490E-001  1.0468748440342372E-016  9.2133201375309601E-017  1.3264337987027698E-016 -1.6101750294440315E-016 -9.9281688052657491E-016  2.4037604375667652E-016  1.9910262434898274E-016 -1.0403826098663616E-016  8.7860770357949374E-016  6.5049011696357029E-001 -1.0340262810338974E-016  3.5031105629747150E-016  5.4531296531110469E-016 -3.6104288718257362E-018 -1.1868697627749267E-017  6.0882204718441516E-017  2.7709385775989882E-018  8.7278365903351441E-019  1.9322183300837450E-018 -2.6350271791435027E-017  7.5456905637112799E-017 -1.1306580735192187E-017  1.6831303031833463E-016  1.0407683223683737E-015  3.3116433911823287E-017  1.5313010109397129E-015  4.8224834115110603E-016 -8.6061970227015100E-016
 1.8089327624799611E-016 -7.3710225066924040E-017  2.6646718231155689E-016 -1.7001932156122396E-015  4.2317417382057801E-015 -7.4495263233929013E-017  3.4436798289652030E-017 -1.7825341028416928E-016 -1.8474663109267223E-001 -1.2850108719694535E-016  1.0468748440342372E-016  3.6949326218533685E-001  2.7572048272986018E-017 -1.8474663109266459E-001 -2.8982982909952992E-016  3.5612140798046397E-016  1.2495145592509679E-015  1.1547603382726952E-015 -3.2524505848179081E-001  3.2038006330510565E-016 -3.2758806146787255E-016  6.5049011696356940E-001  5.8899730012906533E-017 -3.2524505848178670E-001 -1.3719208697148425E-018  2.2297165753155029E-017  9.1224710265785737E-017  4.0213707182169983E-018 -6.3918941875296556E-019 -1.4587435253541655E-018  4.5419164926916724E-017  8.1531342951101476E-017  2.1867757822065257E-017  1.8208206320915030E-016  3.0804277140812546E-015  3.3309328669924051E-016 -6.1383252992021963E-016 -8.5034310053146265E-016 -9.9405755947891188E-016
 1.6905206526378845E-017 -9.0308746747699628E-017  3.1224126497811260E-016  4.7367239004640046E-017  1.8816540766200146E-016  3.9843264197446990E-019  7.9846331012086245E-017 -2.0011049151308715E-016 -1.7745826508729381E-016  1.7046840991283288E-017  9.2133201375309601E-017  2.7572048272986018E-017  3.6949326218534373E-001  1.1887505963110519E-016 -4.7158944040995705E-017  1.0579484689692604E-015  5.5648704202346090E-016  2.2383447675611434E-016 -9.6784477300022586E-016  6.2972589532738117E-017  4.8320420488294031E-016 -7.3867574033717213E-017  6.5049011696357095E-001  5.3974221883722678E-016  1.5010982034185371E-018 -5.9397232414627869E-018 -5.3744735286769450E-017 -1.8181861810485859E-018  2.5052870132125406E-018 -1.9352705380785894E-019 -9.6979299910119660E-018 -5.6857122268930686E-017 -1.4385309315683445E-018 -1.4292638074384749E-016 -5.5624834418931202E-016  9.5539299398614969E-017 -1.3012211997352828E-015 -8.6325007213364842E-016  6.0671570092273308E-016
-1.4347571715342128E-016  2.6426219071835871E-016 -2.4778733273357473E-016 -3.9864148382265003E-016 -1.8058894108174989E-015  1.0934589369121957E-016 -4.0514455561422997E-017  3.9420691016539456E-017 -1.8474663109266856E-001  5.0535660174753807E-017  1.3264337987027698E-016 -1.8474663109266459E-001  1.1887505963110519E-016  3.6949326218533368E-001  9.7904938864138802E-017 -2.9423984308064335E-017  9.2609933984698953E-017 -3.4020367580946660E-015 -3.2524505848178931E-001 -4.7254511447238512E-016  3.7086542085085939E-016 -3.2524505848178403E-001  3.1599339170627879E-016  6.5049011696356895E-001  2.6789909614143956E-018 -6.9960534758874480E-017 -3.5461234787985633E-017 -4.7526744375632897E-018 -4.1124831323677161E-018  1.2758234909995108E-018 -1.5480122011313715E-016 -3.1277022492324100E-017 -7.5136677407597042E-017 -6.4313488028640004E-017  3.0280966266094418E-015 -8.1317259799226218E-017 -9.0945564764794059E-016  1.5844117900711017E-015 -3.7545343526678466E-016
-1.8089918787309259E-002 -5.2913015324303682E-016 -1.2520947959540408E-015  7.0687754971688473E-016 -1.3761502977512784E-016  6.1699499762662008E-002  9.2064946715055314E-016  2.4294196414207728E-015  9.7227066853147791E-017  4.0033713408007921E-016 -1.6101750294440315E-016 -2.8982982909952992E-016 -4.7158944040995705E-017  9.7904938864138802E-017  2.2676931467012298E+000  4.1624825720968580E-016 -1.2656928588501516E-015  9.9752732562481218E-017  9.7291158107538700E-016  3.6635824385346638E-016 -2.4284113100535725E-018 -5.0409177921216233E-017  2.3931112239663682E-016 -9.3137775575617068E-016  4.6802517621316023E-015  2.1442063938187667E-016 -2.5782696110150891E-016  9.6915838211039017E-015 -1.0319098639275742E-016  6.9972269039084840E-015  5.5023842546137266E-017 -3.2674035440975437E-017  9.0541977031585243E-017 -2.4065372801643444E-016 -3.5404021360369803E-017 -8.2014650161357816E-001  3.6902999796649132E-017 -3.6172215902453730E-016  2.0701881567355195E-016
-1.5380912662008813E-015 -1.8089918787316479E-002  1.0623576223306383E-015 -7.5278008909679495E-016 -5.5026661045144802E-016  1.3000406443759976E-016  6.1699499762664214E-002  1.3391523671629189E-016  1.1160304134335584E-016  4.7867134877445015E-016 -9.9281688052657491E-016  3.5612140798046397E-016  1.0579484689692604E-015 -2.9423984308064335E-017  4.1624825720968580E-016  2.2676931467012365E+000 -1.2258905828338773E-015  2.0635924114903527E-015 -1.4259676662344139E-015 -9.4652989758707904E-016  1.9611555984120491E-015 -1.2357913044817985E-015 -7.8712995833892295E-016 -4.0865139191157986E-017 -5.5767712745831013E-016  5.7289419999710086E-015  1.4611542202422737E-016 -6.6751849381370039E-017 -2.7761468111851002E-017 -5.4178486892358509E-017  5.0821948702791366E-015  2.3227920589941192E-016  6.8495338013910963E-015  3.9948221989051748E-016  1.8403951325247614E-016 -3.4817643942505073E-016 -8.2014650161357683E-001 -1.4787419084373012E-015 -1.2278783925247764E-016
 1.2607889152550329E-015  3.6553993788438592E-016 -1.8089918787315310E-002  7.8146945880968271E-016 -1.0536118258231638E-015 -2.6440519402573474E-017 -8.8597531461321490E-016  6.1699499762659531E-002 -2.2667495812766801E-016  1.6697511658516250E-015  2.4037604375667652E-016  1.2495145592509679E-015  5.5648704202346090E-016  9.2609933984698953E-017 -1.2656928588501516E-015 -1.2258905828338773E-015  2.2676931467012373E+000 -1.1680471853738282E-015  1.5888947644429086E-015 -3.3509932145506610E-016  3.7399676871822064E-016 -2.7436495101814376E-015  8.3619890833185322E-017  2.1177842250932547E-015  5.7747856442487744E-016  3.9513354805556838E-016  3.5534425136946687E-015  1.2243043402628157E-016 -1.8147861319402025E-017  4.4600214322672387E-016  1.6370472851319085E-015  2.9524553243694326E-015  6.8662404910357354E-016  7.8689378465620077E-015  1.8865993059275612E-015  5.4299751983833065E-016 -2.9471869535067974E-015 -8.2014650161357894E-001 -1.9815065465455023E-015
-5.9783262975908377E-016  7.0329147552335110E-016  8.8703141796692286E-017 -3.2467806409192473E-002  7.4770070527975269E-002 -3.5188347660434279E-016 -1.0583401149021873E-015 -7.1723145339468754E-016 -6.0843413867861802E-015  1.2948695524665578E-015  1.9910262434898274E-016  1.1547603382726952E-015  2.2383447675611434E-016 -3.4020367580946660E-015  9.9752732562481218E-017  2.0635924114903527E-015 -1.1680471853738282E-015  2.3315487980592842E+000  4.9556230867786757E-014  8.5245978640150033E-016  5.9091443630460639E-016  6.6172974337990425E-014  3.8902105697736162E-016  6.7691704011802415E-014  1.7670295966902557E-016 -2.4435350498353339E-016  3.5653493934303491E-016 -2.6653119417727379E-016 -4.0793172739446047E-018  1.7067456454632053E-016 -4.1679906896557570E-017  3.0335047413336141E-016 -2.4403772221794829E-016  3.9753807436287713E-016 -9.8523836797130138E-001 -1.4452155841836243E-016 -3.3971152372635006E-015  6.8513301018688297E-015  2.5626597241869403E-001
-7.0330896068511505E-017 -3.2991032029795815E-016 -6.7257444741257517E-017  3.0783344718650499E-015 -2.8448392159999128E-015 -4.5700899355249770E-017 -9.1582706744731628E-018  3.5953914497856234E-016  6.5049011696357917E-001 -5.5604857035966397E-016 -1.0403826098663616E-016 -3.2524505848179081E-001 -9.6784477300022586E-016 -3.2524505848178931E-001  9.7291158107538700E-016 -1.4259676662344139E-015  1.5888947644429086E-015  4.9556230867786757E-014  1.1451829723894735E+000 -9.0059048040372621E-016  5.1405337986273911E-016 -5.7259148619472477E-001 -1.9285204214714867E-015 -5.7259148619472633E-001 -2.3010870937091823E-018  8.3911003670352618E-017 -9.8171180365531480E-017  1.2874547133040367E-018  8.3652838898065221E-018  3.2202934863017385E-019  1.9256628781531186E-016 -8.8472354271929486E-017  9.3779533425789104E-017 -2.0733069336829134E-016 -1.6868726812407855E-014 -1.3889544098640529E-016  1.9075557584296834E-015 -5.2222135377857206E-015  6.9616644949033805E-016
 3.1896021052618883E-016 -1.5931376996189015E-017 -3.2606020533643703E-016 -5.3702453141346132E-016  2.7276642745661620E-016 -2.3558701853259678E-016  2.4186926730189013E-017  1.6086197486288562E-016 -8.0610973239143592E-016  6.5049011696357251E-001  8.7860770357949374E-016  3.2038006330510565E-016  6.2972589532738117E-017 -4.7254511447238512E-016  3.6635824385346638E-016 -9.4652989758707904E-016 -3.3509932145506610E-016  8.5245978640150033E-016 -9.0059048040372621E-016  1.1451829723894280E+000  1.9161859164504821E-015  9.0553190410520276E-016  9.6195376359319898E-017 -1.7948947202906323E-015 -4.2013294321702684E-018 -7.3030236746883268E-018 -1.8524349398564615E-016  9.5921060806365114E-018 -8.2953166476641532E-018 -3.4307531517417825E-018 -8.5838535696930921E-018 -2.0026408668010395E-016  5.0854610335622808E-018 -4.3999798073386568E-016  7.1095591583998448E-017 -3.0090520038677492E-016  9.2619401033137309E-016  9.3813949043333726E-016 -4.5778629167608692E-016
-2.5375778883607469E-016 -9.5791256656769514E-017 -3.7889749419364281E-016 -8.7797983677060003E-016  5.8687598169771546E-016 -4.5348923788841319E-017  3.9557756432349438E-017  2.8081578517883025E-016 -3.8787443149392079E-016  7.7493161667645244E-016  6.5049011696357029E-001 -3.2758806146787255E-016  4.8320420488294031E-016  3.7086542085085939E-016 -2.4284113100535725E-018  1.9611555984120491E-015  3.7399676871822064E-016  5.9091443630460639E-016  5.1405337986273911E-016  1.9161859164504821E-015  1.1451829723894273E+000 -1.1026606069061648E-015  1.1638761988545085E-015  1.2101551078233754E-015 -6.3561329514700040E-018 -2.0894753161167987E-017  1.0718266480440766E-016  4.8782165844678172E-018  1.5365290860534586E-018  3.4016558789235776E-018 -4.6389455867895462E-017  1.3284131646485247E-016 -1.9905150587564163E-017  2.9631382756675004E-016 -4.3846197160107828E-016  3.4919376621926778E-016 -2.1821407438644259E-015 -1.2186358509315773E-015  7.4147287595974856E-016
 3.1417801409947546E-016 -1.1173836843336293E-016  5.0692350174889035E-016 -3.8787326950274123E-015  9.4916698399728142E-015 -1.1699440489670912E-016  1.4813957932288256E-018 -4.4397473145093991E-016 -3.2524505848178537E-001 -2.4604225964528709E-017 -1.0340262810338974E-016  6.5049011696356940E-001 -7.3867574033717213E-017 -3.2524505848178403E-001 -5.0409177921216233E-017 -1.2357913044817985E-015 -2.7436495101814376E-015  6.6172974337990425E-014 -5.7259148619472477E-001  9.0553190410520276E-016 -1.1026606069061648E-015  1.1451829723894495E+000 -1.8131473274126504E-016 -5.7259148619473899E-001 -2.4152564020420652E-018  3.9253993084849623E-017  1.6060041825875986E-016  7.0795929900709876E-018 -1.1252881779422212E-018 -2.5681070361444645E-018  7.9960099220638672E-017  1.4353531779926451E-016  3.8498023642625407E-017  3.2055410670648299E-016 -1.6028609777898901E-014 -1.1991311203886743E-016  2.3749693493399685E-015 -1.1356933512052222E-015  2.7944355977220132E-015
 2.7294877062142683E-017 -1.3519616830466096E-016  5.5920965758649636E-016  8.5738445987149214E-017  3.2659925915641705E-016  9.1918064787094898E-018  6.1386112923297025E-017 -3.8298513787853434E-016 -3.6090869209683698E-016  1.1301673278921579E-018  3.5031105629747150E-016  5.8899730012906533E-017  6.5049011696357095E-001  3.1599339170627879E-016  2.3931112239663682E-016 -7.8712995833892295E-016  8.3619890833185322E-017  3.8902105697736162E-016 -1.9285204214714867E-015  9.6195376359319898E-017  1.1638761988545085E-015 -1.8131473274126504E-016  1.1451829723894338E+000  1.1723780680450430E-015  2.6426721292315005E-018 -1.0456838220053694E-017 -9.4617203399315405E-017 -3.2009031357600064E-018  4.4105389976894957E-018 -3.4070292681885619E-019 -1.7073133016954020E-017 -1.0009653733922924E-016 -2.5325229163850440E-018 -2.5162082138485191E-016  4.3929029763098999E-016  1.4356716826861620E-016  9.9854824138126088E-016  8.7916318262031272E-016 -1.0093829200088849E-016
-2.4377917527030278E-016  4.6840249685398644E-016 -4.6040308244190275E-016 -1.7155521410276858E-015 -8.4073933169672123E-016  1.6246145694813960E-016 -7.9730286583875827E-017  1.4550674999442509E-016 -3.2524505848178120E-001 -4.3900077115823654E-016  5.4531296531110469E-016 -3.2524505848178670E-001  5.3974221883722678E-016  6.5049011696356895E-001 -9.3137775575617068E-016 -4.0865139191157986E-017  2.1177842250932547E-015  6.7691704011802415E-014 -5.7259148619472633E-001 -1.7948947202906323E-015  1.2101551078233754E-015 -5.7259148619473899E-001  1.1723780680450430E-015  1.1451829723894571E+000  4.7163434957598854E-018 -1.2316499675523694E-016 -6.2429237893209604E-017 -8.3670477033812861E-018 -7.2399957118643162E-018  2.2460776875240668E-018 -2.7252638703595255E-016 -5.5062963527318345E-017 -1.3227755706844028E-016 -1.1322341333818349E-016 -1.7708644189363661E-014  2.5950908098953501E-016  1.2556530285359040E-015 -5.4526745785024670E-015  1.8322586377632375E-015
-3.3819931558280112E-017  3.9622860102165021E-018 -3.8402257318743506E-018 -2.5863610490339597E-018  5.9193306242838503E-018  1.1795055503352363E-016 -1.3874042134873288E-017  1.3664867269584157E-017 -1.3070700916995430E-018 -2.3864511956822469E-018 -3.6104288718257362E-018 -1.3719208697148425E-018  1.5010982034185371E-018  2.6789909614143956E-018  4.6802517621316023E-015 -5.5767712745831013E-016  5.7747856442487744E-016  1.7670295966902557E-016 -2.3010870937091823E-018 -4.2013294321702684E-018 -6.3561329514700040E-018 -2.4152564020420652E-018  2.6426721292315005E-018  4.7163434957598854E-018  1.5044220669523835E-029 -1.0545639413630265E-030  5.0284298899745148E-031  2.4039659310398911E-029 -1.9179294138440933E-031  1.8841927402311959E-029 -1.0741946542319682E-030  7.4042403849470507E-031 -1.3535094506034564E-030  2.4770760242292574E-030 -1.8701581218565593E-016  1.3940178147087619E-015 -2.2540648536675415E-016  4.6410872256476607E-016  3.1357877396842249E-017
-1.9838399176012971E-018 -4.4361593021754628E-017 -1.6916763362323474E-018  2.7972565443829999E-018 -6.6338793101201191E-018  6.5640986754763748E-018  1.5229547968847629E-016  6.8501072770177505E-018  4.7663369005722739E-017 -4.1482844566072811E-018 -1.1868697627749267E-017  2.2297165753155029E-017 -5.9397232414627869E-018 -6.9960534758874480E-017  2.1442063938187667E-016  5.7289419999710086E-015  3.9513354805556838E-016 -2.4435350498353339E-016  8.3911003670352618E-017 -7.3030236746883268E-018 -2.0894753161167987E-017  3.9253993084849623E-017 -1.0456838220053694E-017 -1.2316499675523694E-016 -1.0545639413630265E-030  1.6231084528018562E-029  1.4164360523185637E-030  9.7797779017985577E-032 -6.2456091375855969E-032  6.7483762433704733E-031  1.5527794760668925E-029  1.9489061252146947E-030  1.8036424920560011E-029  5.5863765010964350E-030 -3.1907168718717890E-016 -3.1756059377257110E-016 -8.9583902656634028E-016  1.1393496102235030E-015  2.1307814819796760E-016
 1.9001777211405852E-018 -1.4286184316134851E-018 -2.7361618478489928E-017 -5.3336295625851297E-018  1.2163995256283102E-017 -6.5967755403791811E-018  4.6780430574147572E-018  9.4051238876828489E-017 -5.5763475477797922E-017 -1.0522254082947018E-016  6.0882204718441516E-017  9.1224710265785737E-017 -5.3744735286769450E-017 -3.5461234787985633E-017 -2.5782696110150891E-016  1.4611542202422737E-016  3.5534425136946687E-015  3.5653493934303491E-016 -9.8171180365531480E-017 -1.8524349398564615E-016  1.0718266480440766E-016  1.6060041825875986E-016 -9.4617203399315405E-017 -6.2429237893209604E-017  5.0284298899745148E-031  1.4164360523185637E-030  6.1731221908475179E-030 -1.7409219421877173E-030 -2.0166604327676680E-032  1.6207301003928309E-031  2.9187377328978366E-030  4.8969102114135203E-030  1.6746418620471439E-030  1.4018969878720946E-029 -3.9314081826199192E-016 -4.4222784026680499E-017 -2.8378281073739279E-016 -4.2028812695093458E-016  2.0790030764872518E-016
-7.3950274902268033E-017  1.3546400449210139E-018 -2.1513177679100874E-018  4.2455032382863337E-018 -9.6528334531795674E-018  2.5470984054208390E-016 -4.0121284323344663E-018  6.4686023858494619E-018  7.3130371934496317E-019  5.4485356111284392E-018  2.7709385775989882E-018  4.0213707182169983E-018 -1.8181861810485859E-018 -4.7526744375632897E-018  9.6915838211039017E-015 -6.6751849381370039E-017  1.2243043402628157E-016 -2.6653119417727379E-016  1.2874547133040367E-018  9.5921060806365114E-018  4.8782165844678172E-018  7.0795929900709876E-018 -3.2009031357600064E-018 -8.3670477033812861E-018  2.4039659310398911E-029  9.7797779017985577E-032 -1.7409219421877173E-030  4.7015465551331164E-029 -4.0874055117729046E-031  3.2805580367334071E-029  8.6863286590362081E-031  9.0857000463988846E-032  3.1709288103482596E-032 -1.8215063810249259E-030  8.4763113769038726E-016 -5.5342578807777452E-016  7.4600070801608766E-016 -1.0756540295274499E-015  3.1574962196162794E-016
 8.4041486031435877E-019  2.5529563608134178E-019  1.5393536276959651E-019  6.6520033313624607E-020 -1.5030343443496956E-019 -2.8536628907801651E-018 -8.4571068861079284E-019 -5.1824914821092584E-019  4.7516725511206760E-018 -4.7119295575362756E-018  8.7278365903351441E-019 -6.3918941875296556E-019  2.5052870132125406E-018 -4.1124831323677161E-018 -1.0319098639275742E-016 -2.7761468111851002E-017 -1.8147861319402025E-017 -4.0793172739446047E-018  8.3652838898065221E-018 -8.2953166476641532E-018  1.5365290860534586E-018 -1.1252881779422212E-018  4.4105389976894957E-018 -7.2399957118643162E-018 -1.9179294138440933E-031 -6.2456091375855969E-032 -2.0166604327676680E-032 -4.0874055117729046E-031  5.9593199895804151E-033 -3.0371640547511363E-031 -2.6044770612854125E-032 -1.0738005595374773E-032 -8.4287435922203570E-032 -1.8844520473266667E-032  1.0070856605289591E-017  5.2454353151688150E-017  3.9748938409298493E-017  1.4611051067444377E-017 -1.8851168400904002E-018
-5.2960888374987699E-017  9.4992689265454968E-020 -2.4880182620518904E-018 -1.8981274228692213E-018  4.5668725448524242E-018  1.8274817679164843E-016 -5.7342813200823230E-019  9.2773008967107395E-018  1.8292003435436343E-019 -1.9487462464553098E-018  1.9322183300837450E-018 -1.4587435253541655E-018 -1.9352705380785894E-019  1.2758234909995108E-018  6.9972269039084840E-015 -5.4178486892358509E-017  4.4600214322672387E-016  1.7067456454632053E-016  3.2202934863017385E-019 -3.4307531517417825E-018  3.4016558789235776E-018 -2.5681070361444645E-018 -3.4070292681885619E-019  2.2460776875240668E-018  1.8841927402311959E-029  6.7483762433704733E-031  1.6207301003928309E-031  3.2805580367334071E-029 -3.0371640547511363E-031  2.5594460163692463E-029  3.3133748782693405E-031  5.9976978658594283E-031  3.3816486836089790E-031  2.2871444247945116E-030 -8.9566608174071623E-017 -2.1604519509718158E-017 -2.7647507335275490E-016  7.7804078235186481E-016 -7.1018811291938296E-016
-4.4126728511984437E-019 -3.7065681073728345E-017 -1.1998538695065126E-017  7.6394754530608018E-019 -1.7064249856214276E-018  1.5033125693797065E-018  1.2899175929063683E-016  4.1708084638059995E-017  1.0938205518622158E-016 -4.8758251276619104E-018 -2.6350271791435027E-017  4.5419164926916724E-017 -9.6979299910119660E-018 -1.5480122011313715E-016  5.5023842546137266E-017  5.0821948702791366E-015  1.6370472851319085E-015 -4.1679906896557570E-017  1.9256628781531186E-016 -8.5838535696930921E-018 -4.6389455867895462E-017  7.9960099220638672E-017 -1.7073133016954020E-017 -2.7252638703595255E-016 -1.0741946542319682E-030  1.5527794760668925E-029  2.9187377328978366E-030  8.6863286590362081E-031 -2.6044770612854125E-032  3.3133748782693405E-031  1.7749688521068770E-029  4.1691054554923973E-030  1.6719132443350490E-029  1.0563988931692357E-029  1.8854774958764206E-016 -2.1945327629600782E-017  1.2140941344194209E-015  3.3913743804697011E-016 -1.1428724321947520E-017
 3.4773910594459043E-019 -8.4003468386943367E-019 -2.3075261731909013E-017 -4.9225846414221746E-018  1.1111700756153348E-017 -1.1216150181946271E-018  3.6143883038961817E-018  7.9056037233619109E-017 -5.0254320458776723E-017 -1.1375458097873540E-016  7.5456905637112799E-017  8.1531342951101476E-017 -5.6857122268930686E-017 -3.1277022492324100E-017 -3.2674035440975437E-017  2.3227920589941192E-016  2.9524553243694326E-015  3.0335047413336141E-016 -8.8472354271929486E-017 -2.0026408668010395E-016  1.3284131646485247E-016  1.4353531779926451E-016 -1.0009653733922924E-016 -5.5062963527318345E-017  7.4042403849470507E-031  1.9489061252146947E-030  4.8969102114135203E-030  9.0857000463988846E-032 -1.0738005595374773E-032  5.9976978658594283E-031  4.1691054554923973E-030  4.5825151805067415E-030  1.7997829532326369E-030  1.2053166427062280E-029 -5.9137200563379148E-016  8.8284345409776394E-017  8.0534761356400070E-016 -6.4884132310879262E-016  3.4674727932454713E-016
-8.1681131909205936E-019 -5.4241969055260535E-017 -4.7916176905974513E-018  3.6349036065996035E-018 -8.3022412495335435E-018  2.7159771140315769E-018  1.8529840371122585E-016  1.6850085994281396E-017  5.3268919585534981E-017  2.8886581640634515E-018 -1.1306580735192187E-017  2.1867757822065257E-017 -1.4385309315683445E-018 -7.5136677407597042E-017  9.0541977031585243E-017  6.8495338013910963E-015  6.8662404910357354E-016 -2.4403772221794829E-016  9.3779533425789104E-017  5.0854610335622808E-018 -1.9905150587564163E-017  3.8498023642625407E-017 -2.5325229163850440E-018 -1.3227755706844028E-016 -1.3535094506034564E-030  1.8036424920560011E-029  1.6746418620471439E-030  3.1709288103482596E-032 -8.4287435922203570E-032  3.3816486836089790E-031  1.6719132443350490E-029  1.7997829532326369E-030  2.1211037609368305E-029  4.8483472118921734E-030  3.2003243151959193E-016 -1.1575100753437614E-016 -2.1274687468237412E-015  3.5376710812870050E-016 -4.0901635153989868E-017
 2.0344950734709725E-018 -1.4271978937746568E-018 -5.8713354087968161E-017 -6.1926420295893675E-018  1.4039774164370271E-017 -6.8541977836326587E-018  6.1693491687058293E-018  2.0325686368617457E-016 -1.1776857518050284E-016 -2.4992891516201670E-016  1.6831303031833463E-016  1.8208206320915030E-016 -1.4292638074384749E-016 -6.4313488028640004E-017 -2.4065372801643444E-016  3.9948221989051748E-016  7.8689378465620077E-015  3.9753807436287713E-016 -2.0733069336829134E-016 -4.3999798073386568E-016  2.9631382756675004E-016  3.2055410670648299E-016 -2.5162082138485191E-016 -1.1322341333818349E-016  2.4770760242292574E-030  5.5863765010964350E-030  1.4018969878720946E-029 -1.8215063810249259E-030 -1.8844520473266667E-032  2.2871444247945116E-030  1.0563988931692357E-029  1.2053166427062280E-029  4.8483472118921734E-030  3.5515273953459650E-029 -5.2272583166776050E-016  1.8778355949810605E-016  1.4004527487278441E-015  7.1795898289925229E-016  4.6264117176432197E-016
-1.1110385221388801E-016 -6.2871660165941665E-016  9.7447572868763598E-017  1.6507763834422783E-002 -3.7165042381164803E-002 -1.6211426065041634E-016  4.2749792982700194E-016  5.5997277463941917E-016 -2.1135719132570254E-015  6.5593284983253900E-016  1.0407683223683737E-015  3.0804277140812546E-015 -5.5624834418931202E-016  3.0280966266094418E-015 -3.5404021360369803E-017  1.8403951325247614E-016  1.8865993059275612E-015 -9.8523836797130138E-001 -1.6868726812407855E-014  7.1095591583998448E-017 -4.3846197160107828E-016 -1.6028609777898901E-014  4.3929029763098999E-016 -1.7708644189363661E-014 -1.8701581218565593E-016 -3.1907168718717890E-016 -3.9314081826199192E-016  8.4763113769038726E-016  1.0070856605289591E-017 -8.9566608174071623E-017  1.8854774958764206E-016 -5.9137200563379148E-016  3.2003243151959193E-016 -5.2272583166776050E-016  2.6315173018866935E+000  3.5381666825253254E-016 -1.0842573084291388E-015  7.1862327708958321E-016 -7.9768722609640486E-001
 8.8205431251224316E-003  4.9063766953306223E-016  5.8425365958237419E-016 -2.1685713281241740E-016  1.8594771217636729E-016 -2.8399213301907991E-002 -1.1970016268907245E-016 -4.9626819469713215E-016 -6.1247948914495045E-016 -2.2542073956048901E-017  3.3116433911823287E-017  3.3309328669924051E-016  9.5539299398614969E-017 -8.1317259799226218E-017 -8.2014650161357816E-001 -3.4817643942505073E-016  5.4299751983833065E-016 -1.4452155841836243E-016 -1.3889544098640529E-016 -3.0090520038677492E-016  3.4919376621926778E-016 -1.1991311203886743E-016  1.4356716826861620E-016  2.5950908098953501E-016  1.3940178147087619E-015 -3.1756059377257110E-016 -4.4222784026680499E-017 -5.5342578807777452E-016  5.2454353151688150E-017 -2.1604519509718158E-017 -2.1945327629600782E-017  8.8284345409776394E-017 -1.1575100753437614E-016  1.8778355949810605E-016  3.5381666825253254E-016  2.2967834196158625E+000 -4.1218548667212577E-017 -4.1733750800454828E-016  4.5974590553629789E-016
 1.4455414063788579E-016  8.8205431251251916E-003 -1.9301605250354030E-015  3.1778500308961816E-015 -9.3079622570322764E-016 -8.5815908306050509E-016 -2.8399213301912331E-002  2.7712688227407848E-015  2.5937231869680549E-017 -1.4578326359130485E-015  1.5313010109397129E-015 -6.1383252992021963E-016 -1.3012211997352828E-015 -9.0945564764794059E-016  3.6902999796649132E-017 -8.2014650161357683E-001 -2.9471869535067974E-015 -3.3971152372635006E-015  1.9075557584296834E-015  9.2619401033137309E-016 -2.1821407438644259E-015  2.3749693493399685E-015  9.9854824138126088E-016  1.2556530285359040E-015 -2.2540648536675415E-016 -8.9583902656634028E-016 -2.8378281073739279E-016  7.4600070801608766E-016  3.9748938409298493E-017 -2.7647507335275490E-016  1.2140941344194209E-015  8.0534761356400070E-016 -2.1274687468237412E-015  1.4004527487278441E-015 -1.0842573084291388E-015 -4.1218548667212577E-017  2.2967834196158741E+000  2.8936105544842064E-015  2.9613941329857467E-016
-6.4893820855509611E-016  3.3607920072040119E-017  8.8205431251246920E-003 -2.0388434420033754E-015  2.5723048501089187E-015  1.7396758798050806E-015  1.9405556936423538E-016 -2.8399213301914573E-002  1.9009137216617553E-015 -8.3855018078118613E-016  4.8224834115110603E-016 -8.5034310053146265E-016 -8.6325007213364842E-016  1.5844117900711017E-015 -3.6172215902453730E-016 -1.4787419084373012E-015 -8.2014650161357894E-001  6.8513301018688297E-015 -5.2222135377857206E-015  9.3813949043333726E-016 -1.2186358509315773E-015 -1.1356933512052222E-015  8.7916318262031272E-016 -5.4526745785024670E-015  4.6410872256476607E-016  1.1393496102235030E-015 -4.2028812695093458E-016 -1.0756540295274499E-015  1.4611051067444377E-017  7.7804078235186481E-016  3.3913743804697011E-016 -6.4884132310879262E-016  3.5376710812870050E-016  7.1795898289925229E-016  7.1862327708958321E-016 -4.1733750800454828E-016  2.8936105544842064E-015  2.2967834196158772E+000  1.1675433299002002E-015
 7.0869471276403581E-016  2.7517602597512787E-016  7.6956327381208890E-016 -5.7993919755185133E-003  1.2539535298555698E-002  6.8975218587855155E-016 -6.9732744131349630E-016 -1.6023807072865333E-015  2.2851200689421674E-015 -1.8954342144633579E-016 -8.6061970227015100E-016 -9.9405755947891188E-016  6.0671570092273308E-016 -3.7545343526678466E-016  2.0701881567355195E-016 -1.2278783925247764E-016 -1.9815065465455023E-015  2.5626597241869403E-001  6.9616644949033805E-016 -4.5778629167608692E-016  7.4147287595974856E-016  2.7944355977220132E-015 -1.0093829200088849E-016  1.8322586377632375E-015  3.1357877396842249E-017  2.1307814819796760E-016  2.0790030764872518E-016  3.1574962196162794E-016 -1.8851168400904002E-018 -7.1018811291938296E-016 -1.1428724321947520E-017  3.4674727932454713E-016 -4.0901635153989868E-017  4.6264117176432197E-016 -7.9768722609640486E-001  4.5974590553629789E-016  2.9613941329857467E-016  1.1675433299002002E-015  2.2426667477512310E+000
