 1.2666315131791812E-005  3.3827485065396580E-018 -9.9622304810901203E-018  4.3174357281089723E-017 -3.4495558283380714E-005 -7.0766806947079056E-018  1.5415357028450167E-017 -1.7339222934919903E-016  1.7765382691032633E-017 -2.1862229333541383E-016 -6.2025462324133561E-016 -2.0779187781017018E-016  3.6750798814540650E-016  2.1411465486262832E-016  2.0737860156157953E-004  8.2669243746196824E-017 -7.8364488146295508E-017  6.2204186260451942E-017 -8.1806665578589006E-016 -2.3260261203054000E-015 -7.9578462521872760E-016  1.3907782419521314E-015  7.7755793608433431E-016  4.9305275638881537E-003  2.0481415966814033E-015 -1.8929856683201779E-015 -4.1190398533989453E-015 -5.0289990418093681E-017 -1.2799677159747745E-018  7.2533159158035242E-019 -5.0461922904749028E-018 -3.6253231119218621E-019  1.5660705307517275E-017 -9.5063269690578723E-020 -7.5654281826415567E-019 -1.0843010289783056E-019 -8.0947850381050238E-019 -7.3541088008287979E-015 -4.8161565150031290E-015
 3.3827485065396580E-018  1.2666315131773626E-005 -3.7862146702449245E-018  4.1672425834903754E-017 -8.0254455079329133E-019 -3.4495558283336452E-005  1.7175069998792781E-017 -1.3773172883239732E-016 -2.0816614200064293E-016 -3.0172443397347137E-016 -3.4396329965190795E-018  2.1737040970450305E-016  4.1301555525522225E-018  2.0770851666974138E-017 -2.5923956059625187E-017  2.0737860156145007E-004 -1.4126178883181770E-016 -8.0828045460645673E-016 -1.1377271001009470E-015 -8.3262488631711658E-018  7.9238607607544259E-016  1.4435863999656267E-017  6.4058538101962542E-017 -7.3306156051808799E-016  4.9305275638846019E-003 -3.5655615034080527E-015 -2.3398739751959589E-015 -8.5671051261833777E-022 -1.1096242780664797E-017  1.4068121742273159E-018 -7.3687710466191180E-019  8.8498681900277428E-020  3.5478224653306489E-020 -5.9303632028459487E-017  2.9918318377500423E-019  1.8951577543323703E-017  1.7599578439132457E-018 -4.1696865204084240E-015 -2.7338263588955288E-015
-9.9622304810901203E-018 -3.7862146702449245E-018  1.2666315131754200E-005 -1.8194519419787420E-017  1.8575986716655950E-017  5.5151249760919234E-018 -3.4495558283278237E-005  4.0195514667791992E-017 -8.6107298632156680E-017  5.9697688312223283E-016  6.6437973686564234E-016 -4.5024050271215951E-016 -6.6445377515229028E-016  5.4916462699427073E-016 -8.7276678090856687E-017  7.4815072028584748E-017  2.0737860156122602E-004 -3.2935241192623102E-016  2.2490048746001891E-015  2.4994177306901282E-015 -1.7043419120538529E-015 -2.4892321721907575E-015  2.0477416509469693E-015 -1.9858973017831348E-015  2.0838247653305985E-015  4.9305275638808297E-003  1.5269074761653174E-015 -8.8559493859712332E-019 -6.6374267497931328E-019 -1.9792412375774092E-017 -6.2105725920120319E-019 -5.8810996741989700E-019 -9.4605489622390918E-019  1.0802855417176507E-018 -2.0689190131360540E-017  4.0075727847782527E-019 -6.0920287062635441E-019  2.7299076279198166E-015  1.7857120351940996E-015
 4.3174357281089723E-017  4.1672425834903754E-017 -1.8194519419787420E-017  4.6167301538138324E-005 -7.9231405362534502E-017 -9.2653883106495471E-017  3.1132656744582079E-017 -1.5871308429833754E-004  8.6248457821302310E-015  2.9247001861660115E-016 -2.0847740331223970E-017  1.2544914500620235E-014  9.1685765019649391E-016 -2.0683933111830839E-014  9.1118580912486058E-017  3.2876940451451782E-016 -6.3246049081603575E-017  3.2100390974709696E-014  1.1086559349602368E-015 -9.5173586963103421E-017  4.7013587482593312E-014  3.4741399250052934E-015 -7.7626475281183566E-014  9.1257826835129338E-016  7.2122630343562426E-015 -1.1578398546613624E-015 -4.6472172404204513E-003 -5.4666673160503481E-019 -2.3327207110850010E-018  1.7140887185586965E-018 -9.7531688622652006E-019 -2.3770071271092795E-019  2.9359200982752510E-018 -4.1141319244855397E-019 -1.5109087193422184E-018  2.4165210654842223E-018  1.1696216885768148E-018 -8.3062497599048074E-003 -5.4362925523933131E-003
-3.4495558283380714E-005 -8.0254455079329133E-019  1.8575986716655950E-017 -7.9231405362534502E-017  9.3945518400644971E-005 -3.6315193660528389E-018 -1.8684253611628091E-017  3.4037895402033347E-016  4.8684545820593560E-017  1.6218702381518483E-016  8.4441570316733373E-016  1.1139134458626907E-017 -5.2188948275970551E-016 -1.2542559446842591E-016 -5.6477677702319092E-004 -8.7444692974463278E-017  7.3344694879537197E-017  1.9521473362635506E-016  6.0061718268361862E-016  3.1613473405226788E-015  8.3335416563445020E-017 -1.9883989877174293E-015 -3.9831886741152505E-016 -1.3427843787102963E-002 -2.3041016269839913E-015  1.8246411904047840E-015  7.3575025321025585E-015  1.3696021909195902E-016  3.4858757647928683E-018 -1.9753746793448378E-018  1.3742846159598881E-017  9.8732380650735608E-019 -4.2650507829094479E-017  2.5889617663711369E-019  2.0603756191065712E-018  2.9529953229855269E-019  2.2045411484573879E-018  1.3128451190372509E-014  8.6005711032767774E-015
-7.0766806947079056E-018 -3.4495558283336452E-005  5.5151249760919234E-018 -9.2653883106495471E-017 -3.6315193660528389E-018  9.3945518400538787E-005 -3.3712381986174857E-017  3.0346617429404096E-016  4.2136899508651094E-016  4.9937080249617907E-016 -8.6965164093246168E-017 -4.1674179015018873E-016  2.3625644824934540E-016 -8.6261718727116101E-017  1.0557719269249243E-016 -5.6477677702292453E-004  3.0619807090466468E-016  1.6545248407590946E-015  1.8876276849219906E-015 -3.3918822968922186E-016 -1.4996947182886245E-015  8.9041104506698870E-016 -2.8600083442206671E-016  2.8279141781227870E-015 -1.3427843787095339E-002  7.8440369801091232E-015  4.2749558946767685E-015  2.3331732240021489E-021  3.0219608906324409E-017 -3.8313251205888008E-018  2.0068178351053052E-018 -2.4101811835000991E-019 -9.6621720960537595E-020  1.6150805295531820E-016 -8.1479821446447013E-019 -5.1612899324362665E-017 -4.7930852619178974E-018  7.6068138113798025E-015  4.9917076146489281E-015
 1.5415357028450167E-017  1.7175069998792781E-017 -3.4495558283278237E-005  3.1132656744582079E-017 -1.8684253611628091E-017 -3.3712381986174857E-017  9.3945518400365789E-005 -4.6150182653823223E-017 -1.9491228816227182E-017 -8.8189120961052201E-016 -9.1065738245902022E-016  7.7740885790392464E-016  6.2215004810762717E-016 -7.9282308909108992E-016  4.5873681015975997E-017 -9.1389657835574112E-017 -5.6477677702222750E-004 -5.7151286796593997E-017 -3.3304961156706863E-015 -3.4309845846952283E-015  2.9558227618661754E-015  2.3187391001700071E-015 -2.9369280935957547E-015  8.4810194427097524E-016 -3.0035836695064207E-015 -1.3427843787083000E-002 -2.3043845696121977E-015  2.4118373420037158E-018  1.8076428615300583E-018  5.3902836584535990E-017  1.6913930104565145E-018  1.6016640551802248E-018  2.5764945425880054E-018 -2.9420595082032448E-018  5.6345129312391939E-017 -1.0914260314268704E-018  1.6591086603684875E-018 -4.1208736674661429E-015 -2.6944133547209126E-015
-1.7339222934919903E-016 -1.3773172883239732E-016  4.0195514667791992E-017 -1.5871308429833754E-004  3.4037895402033347E-016  3.0346617429404096E-016 -4.6150182653823223E-017  5.4562086776248190E-004 -2.7297975659506160E-014 -1.3999461781420658E-015  1.6614087147838881E-016 -2.7029523039072158E-014 -1.7211455557567201E-015  5.2657331152216045E-014 -7.2203687364478377E-016 -1.0397147482597831E-015 -1.4855158651408975E-016 -1.0151772940806778E-013 -5.2932092844026122E-015  6.8205635406717765E-016 -1.0115511851321501E-013 -6.5686382651578168E-015  1.9755913737033214E-013 -1.2856453138492259E-014 -2.2641964862052198E-014 -4.7208977165028158E-015  1.5976116365004275E-002  1.8793206483916085E-018  8.0193835577912676E-018 -5.8926620837191296E-018  3.3529261192304102E-018  8.1716305691208866E-019 -1.0093051110367343E-017  1.4143485652601353E-018  5.1941736890036168E-018 -8.3074708461784546E-018 -4.0209035284967695E-018  2.8555069809695830E-002  1.8688784689433611E-002
 1.7765382691032633E-017 -2.0816614200064293E-016 -8.6107298632156680E-017  8.6248457821302310E-015  4.8684545820593560E-017  4.2136899508651094E-016 -1.9491228816227182E-017 -2.7297975659506160E-014  1.1068972898953142E-001  1.1454049857691293E-015  1.0380788753790483E-016 -5.5344864494749700E-002  1.3144167111476555E-015 -5.5344864494770545E-002  6.7719528690524010E-017 -9.0948755752010408E-017  1.4531579631895424E-016  4.1579476885918654E-001  4.6086195012406593E-015 -2.5903740676653388E-016 -2.0789738442952801E-001  4.0210454024628594E-015 -2.0789738442963243E-001  2.1611811284220691E-015  4.4538509355450455E-015  1.0415152639629446E-015 -2.5478259741100095E-014  8.7098705857685737E-018  2.0033993416870463E-017  6.0833800190325722E-017 -8.3903647866970477E-018 -5.6926252370848976E-018 -2.1496663535166731E-018  6.8765128350289340E-017 -1.3488395747520068E-017 -3.0237528103633476E-018  4.3669059459016324E-017 -4.4377239045665991E-014 -3.0316683674359986E-014
-2.1862229333541383E-016 -3.0172443397347137E-016  5.9697688312223283E-016  2.9247001861660115E-016  1.6218702381518483E-016  4.9937080249617907E-016 -8.8189120961052201E-016 -1.3999461781420658E-015  1.1454049857691293E-015  1.1068972898953626E-001  3.4357908700686160E-017  1.5727038676075955E-015 -5.6837640817054857E-016  1.3352120238955806E-015  7.0863936992227073E-017 -3.2395277606242097E-016  4.0116052438713697E-016  1.9184415053609238E-015  4.1579476885918226E-001  2.2703212694333732E-017  2.1683896348263699E-015 -9.3636584692863931E-016  3.0279324885589103E-015 -2.3187932461300698E-016  3.0390979517476225E-016 -4.2044874175193907E-016 -4.5237962211928632E-015  1.8762057185627976E-017  5.4546844689372363E-017 -6.6219553551562718E-017 -4.3470971410040482E-020 -1.2321735479439522E-017 -2.4957936876334686E-017  1.8560397587905790E-016 -1.3041448678739302E-016  5.0673605150759538E-017 -2.4784224584412272E-016 -3.2385000565733292E-016 -1.3724530996675082E-015
-6.2025462324133561E-016 -3.4396329965190795E-018  6.6437973686564234E-016 -2.0847740331223970E-017  8.4441570316733373E-016 -8.6965164093246168E-017 -9.1065738245902022E-016  1.6614087147838881E-016  1.0380788753790483E-016  3.4357908700686160E-017  1.1068972898951886E-001 -8.6850073364898042E-016  1.0599227415726922E-015 -4.8269523382804211E-016 -3.9155873540725055E-016  1.5351795993341417E-016  2.6138876024647857E-016  5.5155448797644195E-016  4.5314143174262573E-016  4.1579476885915478E-001 -7.3469323467850301E-016  1.4679231605853011E-015  3.3501618020072622E-016 -3.3332766620879884E-016 -4.8294123482430755E-016 -4.6015370002684140E-016 -7.6483537430082683E-016  4.6378204458548318E-017 -1.5470332738240733E-017  6.4681747605101791E-017 -2.0446349967266925E-017  8.4821593806315291E-018 -4.1562698517378766E-017  7.8920353509781642E-018  7.6342402472375876E-017  2.3511338025957217E-017  1.5432855365322952E-016 -5.2231944471701565E-016 -4.5143180407510505E-016
-2.0779187781017018E-016  2.1737040970450305E-016 -4.5024050271215951E-016  1.2544914500620235E-014  1.1139134458626907E-017 -4.1674179015018873E-016  7.7740885790392464E-016 -2.7029523039072158E-014 -5.5344864494749700E-002  1.5727038676075955E-015 -8.6850073364898042E-016  1.1068972898955441E-001  2.1208976607168485E-016 -5.5344864494762357E-002  8.9695797754591632E-017  3.2008459912843470E-016 -2.8165919198917300E-016 -2.0789738442955133E-001  5.3301006639326864E-015 -2.1719892227995472E-015  4.1579476885925021E-001  2.0068970210817071E-015 -2.0789738442961109E-001  3.2073622868185103E-015  4.0274007241332791E-015  1.8566063793203406E-015 -7.0375024917950330E-014  1.3339425056937663E-017 -4.3664347818957563E-017  8.8705082333005682E-018 -9.1076361863403582E-018 -3.2404232077798504E-018 -9.3810349277692542E-018 -1.2384384113307669E-016 -3.4299438427234765E-018 -2.5739416073981014E-017 -3.2319408385255073E-018 -3.8637763242822871E-014 -3.8821587125352835E-014
 3.6750798814540650E-016  4.1301555525522225E-018 -6.6445377515229028E-016  9.1685765019649391E-016 -5.2188948275970551E-016  2.3625644824934540E-016  6.2215004810762717E-016 -1.7211455557567201E-015  1.3144167111476555E-015 -5.6837640817054857E-016  1.0599227415726922E-015  2.1208976607168485E-016  1.1068972898952735E-001  9.5519411614231723E-016  1.5997563635418448E-016  6.8367067338847525E-017 -3.8228100870468570E-016  2.4067168732551083E-015 -5.0639167471776502E-016  1.6618575452560274E-015  5.5683218575452053E-016  4.1579476885916844E-001  1.8078706316727174E-015 -7.1646462565567344E-016 -2.0050415969358201E-016 -1.4788958180866212E-016 -2.4133207039466678E-015 -1.2775089018149101E-017 -1.2410238446173800E-017 -8.9175448740844969E-018 -1.6196920612891176E-017  3.1378137228562455E-018  3.3351245763431647E-017 -6.8579126162655737E-017 -5.7629715377549681E-017  8.3712238916034916E-018 -7.7063385495689620E-017  5.2161056497799651E-016 -4.0304682837054232E-016
 2.1411465486262832E-016  2.0770851666974138E-017  5.4916462699427073E-016 -2.0683933111830839E-014 -1.2542559446842591E-016 -8.6261718727116101E-017 -7.9282308909108992E-016  5.2657331152216045E-014 -5.5344864494770545E-002  1.3352120238955806E-015 -4.8269523382804211E-016 -5.5344864494762357E-002  9.5519411614231723E-016  1.1068972898947936E-001  2.3696684625154129E-016  2.6163027700201195E-016  3.4618622305802492E-016 -2.0789738442959324E-001  5.2836807167376032E-015 -2.2547869306927345E-015 -2.0789738442956304E-001  3.2959563655853694E-015  4.1579476885904237E-001  4.0080854102117840E-015  3.1869526088730851E-015  2.0909940934927386E-015  4.6949746239115630E-014 -2.2049295642797546E-017  2.3630354402017666E-017 -6.9704308423598094E-017  1.7498000973006503E-017  8.9330484448566047E-018  1.1530701281339778E-017  5.5078712782604024E-017  1.6918339590191813E-017  2.8763168884400563E-017 -4.0437118620473888E-017 -4.3932214385538536E-015  1.1931144912522293E-014
 2.0737860156157953E-004 -2.5923956059625187E-017 -8.7276678090856687E-017  9.1118580912486058E-017 -5.6477677702319092E-004  1.0557719269249243E-016  4.5873681015975997E-017 -7.2203687364478377E-016  6.7719528690524010E-017  7.0863936992227073E-017 -3.9155873540725055E-016  8.9695797754591632E-017  1.5997563635418448E-016  2.3696684625154129E-016  3.3952956276678890E-003  2.2268108413529902E-017 -4.1481461098377076E-017  1.8021965907344020E-016  3.1802628693375968E-016 -1.4070371434349798E-015  8.7491430615431629E-017  7.6910459080049204E-016  4.5230824972317388E-016  8.0724812269478363E-002  1.8821500718645374E-015 -1.4721205118284033E-015 -5.4570134819231530E-015 -8.2337031543396259E-016 -2.0956206459394023E-017  1.1875454665658092E-017 -8.2618527134443206E-017 -5.9355418630974778E-018  2.5640410272035102E-016 -1.5564185572617205E-018 -1.2386458890523120E-017 -1.7752663560045385E-018 -1.3253145715070521E-017 -9.6210650382042545E-015 -6.3463139885373450E-015
 8.2669243746196824E-017  2.0737860156145007E-004  7.4815072028584748E-017  3.2876940451451782E-016 -8.7444692974463278E-017 -5.6477677702292453E-004 -9.1389657835574112E-017 -1.0397147482597831E-015 -9.0948755752010408E-017 -3.2395277606242097E-016  1.5351795993341417E-016  3.2008459912843470E-016  6.8367067338847525E-017  2.6163027700201195E-016  2.2268108413529902E-017  3.3952956276685239E-003 -7.2951426194571893E-017 -7.7265110171951960E-016 -1.2877850689191977E-015  6.5189601284511356E-016  8.0707100790454684E-016  2.3915387055697055E-016  7.5414535159846519E-016 -1.3820042193217885E-015  8.0724812269485677E-002 -5.1267576572810056E-015 -2.7249962621249213E-015 -1.4026449494716522E-020 -1.8167267168871058E-016  2.3032960913483772E-017 -1.2064482992708252E-017  1.4489401772737180E-018  5.8086543228583400E-019 -9.7094570517402894E-016  4.8983614898029779E-018  3.1028374135891039E-016  2.8814820465183943E-017 -4.6657231210834995E-015 -3.1328881862402892E-015
-7.8364488146295508E-017 -1.4126178883181770E-016  2.0737860156122602E-004 -6.3246049081603575E-017  7.3344694879537197E-017  3.0619807090466468E-016 -5.6477677702222750E-004 -1.4855158651408975E-016  1.4531579631895424E-016  4.0116052438713697E-016  2.6138876024647857E-016 -2.8165919198917300E-016 -3.8228100870468570E-016  3.4618622305802492E-016 -4.1481461098377076E-017 -7.2951426194571893E-017  3.3952956276663954E-003  4.4928209634710177E-016  1.6136936087147964E-015  1.0431537050497384E-015 -1.2718322854473727E-015 -1.3259572046952599E-015  1.0525393368502911E-015  4.7536192347791068E-016  3.2590908295322648E-015  8.0724812269460530E-002  1.3799865332794169E-015 -1.4499358180337822E-017 -1.0867093254936624E-017 -3.2405026697315285E-016 -1.0168228451868647E-017 -9.6288005895302782E-018 -1.5489235767204229E-017  1.7686920197561216E-017 -3.3873271525669720E-016  6.5613781995997290E-018 -9.9741430766217013E-018  2.4792118832691027E-015  1.6068187258549231E-015
 6.2204186260451942E-017 -8.0828045460645673E-016 -3.2935241192623102E-016  3.2100390974709696E-014  1.9521473362635506E-016  1.6545248407590946E-015 -5.7151286796593997E-017 -1.0151772940806778E-013  4.1579476885918654E-001  1.9184415053609238E-015  5.5155448797644195E-016 -2.0789738442955133E-001  2.4067168732551083E-015 -2.0789738442959324E-001  1.8021965907344020E-016 -7.7265110171951960E-016  4.4928209634710177E-016  1.5618909847273648E+000  8.3607190979923964E-015 -3.7303734284935600E-016 -7.8094549236350563E-001  5.5936222098385477E-015 -7.8094549236376110E-001  6.3550228783766481E-015  6.4829361967715610E-015  1.6160626924991644E-015 -6.5712771561762206E-014  3.2717747708530151E-017  7.5255669501973022E-017  2.2851601607366246E-016 -3.1517556497563042E-017 -2.1383770800262599E-017 -8.0750041828345602E-018  2.5830924792218770E-016 -5.0667794052047392E-017 -1.1358421529759372E-017  1.6403840401286190E-016 -1.1308901216569972E-013 -7.8795028736987319E-014
-8.1806665578589006E-016 -1.1377271001009470E-015  2.2490048746001891E-015  1.1086559349602368E-015  6.0061718268361862E-016  1.8876276849219906E-015 -3.3304961156706863E-015 -5.2932092844026122E-015  4.6086195012406593E-015  4.1579476885918226E-001  4.5314143174262573E-016  5.3301006639326864E-015 -5.0639167471776502E-016  5.2836807167376032E-015  3.1802628693375968E-016 -1.2877850689191977E-015  1.6136936087147964E-015  8.3607190979923964E-015  1.5618909847272640E+000  1.2884907940681464E-015  5.9718811358220555E-015  2.6334618246118813E-015  1.2391397855620005E-014  3.6132549579619669E-016 -5.4381988432148718E-016  9.5924708492826206E-016 -1.8001990738217708E-014  7.0477769726556450E-017  2.0489970376347751E-016 -2.4874705371746100E-016 -1.6329430629854659E-019 -4.6285352781936097E-017 -9.3751964969379783E-017  6.9720255848919559E-016 -4.8988882604257117E-016  1.9035027127867209E-016 -9.3099432318638608E-016 -3.0196125564470085E-015 -6.3355798783871789E-015
-2.3260261203054000E-015 -8.3262488631711658E-018  2.4994177306901282E-015 -9.5173586963103421E-017  3.1613473405226788E-015 -3.3918822968922186E-016 -3.4309845846952283E-015  6.8205635406717765E-016 -2.5903740676653388E-016  2.2703212694333732E-017  4.1579476885915478E-001 -2.1719892227995472E-015  1.6618575452560274E-015 -2.2547869306927345E-015 -1.4070371434349798E-015  6.5189601284511356E-016  1.0431537050497384E-015 -3.7303734284935600E-016  1.2884907940681464E-015  1.5618909847273037E+000  1.3382105326491363E-015 -3.1915525942972763E-015 -3.9821304192083189E-016  2.6508865525042013E-016 -2.5696088072752521E-017 -2.7171887069955008E-016 -1.1757763051344111E-015  1.7421503312894562E-016 -5.8112739852137055E-017  2.4297044125399829E-016 -7.6804645166836501E-017  3.1862373603156315E-017 -1.5612607222872792E-016  2.9645632386511983E-017  2.8677251159553677E-016  8.8317962735265471E-017  5.7971959892221391E-016  1.0715571637275904E-015  2.8967751997842732E-016
-7.9578462521872760E-016  7.9238607607544259E-016 -1.7043419120538529E-015  4.7013587482593312E-014  8.3335416563445020E-017 -1.4996947182886245E-015  2.9558227618661754E-015 -1.0115511851321501E-013 -2.0789738442952801E-001  2.1683896348263699E-015 -7.3469323467850301E-016  4.1579476885925021E-001  5.5683218575452053E-016 -2.0789738442956304E-001  8.7491430615431629E-017  8.0707100790454684E-016 -1.2718322854473727E-015 -7.8094549236350563E-001  5.9718811358220555E-015  1.3382105326491363E-015  1.5618909847275186E+000  6.6474785959897033E-015 -7.8094549236368316E-001  6.1175322610657410E-015  5.7302057431931966E-015  1.8907637854948423E-015 -2.5327247462815773E-013  5.0108200723799398E-017 -1.6402070521361276E-016  3.3321166780330877E-017 -3.4211913946502478E-017 -1.2172321957819890E-017 -3.5238908659928003E-017 -4.6520686037109091E-016 -1.2884237049820421E-017 -9.6687512515886923E-017 -1.2140458795845609E-017 -1.2532741757453097E-013 -1.3286313566893150E-013
 1.3907782419521314E-015  1.4435863999656267E-017 -2.4892321721907575E-015  3.4741399250052934E-015 -1.9883989877174293E-015  8.9041104506698870E-016  2.3187391001700071E-015 -6.5686382651578168E-015  4.0210454024628594E-015 -9.3636584692863931E-016  1.4679231605853011E-015  2.0068970210817071E-015  4.1579476885916844E-001  3.2959563655853694E-015  7.6910459080049204E-016  2.3915387055697055E-016 -1.3259572046952599E-015  5.5936222098385477E-015  2.6334618246118813E-015 -3.1915525942972763E-015  6.6474785959897033E-015  1.5618909847272862E+000  5.7037545668188352E-015  1.3070516353814246E-015 -1.1730511310510010E-015  2.0607874243405685E-015 -1.2090935224068874E-014 -4.7988329485962158E-017 -4.6617805222943309E-017 -3.3497855162905687E-017 -6.0842093696923514E-017  1.1786879808346601E-017  1.2528058068228740E-016 -2.5761054952137813E-016 -2.1648019562046985E-016  3.1445655661573882E-017 -2.8948081138330036E-016 -3.4483518280606349E-015 -5.0532670625477374E-015
 7.7755793608433431E-016  6.4058538101962542E-017  2.0477416509469693E-015 -7.7626475281183566E-014 -3.9831886741152505E-016 -2.8600083442206671E-016 -2.9369280935957547E-015  1.9755913737033214E-013 -2.0789738442963243E-001  3.0279324885589103E-015  3.3501618020072622E-016 -2.0789738442961109E-001  1.8078706316727174E-015  4.1579476885904237E-001  4.5230824972317388E-016  7.5414535159846519E-016  1.0525393368502911E-015 -7.8094549236376110E-001  1.2391397855620005E-014 -3.9821304192083189E-016 -7.8094549236368316E-001  5.7037545668188352E-015  1.5618909847270164E+000  4.6462564098838203E-015  6.5353823057617885E-015  1.9612778675932072E-015  1.6925263945674132E-013 -8.2825948432498483E-017  8.8765035711483997E-017 -2.6183718285389468E-016  6.5729470443994220E-017  3.3556092758063875E-017  4.3313912842897183E-017  2.0689761244858180E-016  6.3552031101768398E-017  1.0804593404576611E-016 -1.5189794521696159E-016 -2.9209627830162040E-014  3.6501675539018847E-014
 4.9305275638881537E-003 -7.3306156051808799E-016 -1.9858973017831348E-015  9.1257826835129338E-016 -1.3427843787102963E-002  2.8279141781227870E-015  8.4810194427097524E-016 -1.2856453138492259E-014  2.1611811284220691E-015 -2.3187932461300698E-016 -3.3332766620879884E-016  3.2073622868185103E-015 -7.1646462565567344E-016  4.0080854102117840E-015  8.0724812269478363E-002 -1.3820042193217885E-015  4.7536192347791068E-016  6.3550228783766481E-015  3.6132549579619669E-016  2.6508865525042013E-016  6.1175322610657410E-015  1.3070516353814246E-015  4.6462564098838203E-015  1.9192718486249978E+000 -6.7961898315408666E-016 -4.1969900734908320E-016 -3.5341431349006431E-015 -1.9576031494883772E-014 -4.9824404641796490E-016  2.8234473625430999E-016 -1.9642958446860171E-015 -1.4112040751670119E-016  6.0961328046244172E-015 -3.7004611563697151E-017 -2.9449411134435179E-016 -4.2207824894477821E-017 -3.1510001400498522E-016 -3.1645826280657633E-015 -3.2480080603224304E-015
 2.0481415966814033E-015  4.9305275638846019E-003  2.0838247653305985E-015  7.2122630343562426E-015 -2.3041016269839913E-015 -1.3427843787095339E-002 -3.0035836695064207E-015 -2.2641964862052198E-014  4.4538509355450455E-015  3.0390979517476225E-016 -4.8294123482430755E-016  4.0274007241332791E-015 -2.0050415969358201E-016  3.1869526088730851E-015  1.8821500718645374E-015  8.0724812269485677E-002  3.2590908295322648E-015  6.4829361967715610E-015 -5.4381988432148718E-016 -2.5696088072752521E-017  5.7302057431931966E-015 -1.1730511310510010E-015  6.5353823057617885E-015 -6.7961898315408666E-016  1.9192718486249878E+000 -3.1704141202374016E-015 -3.9499843311744170E-015 -3.3348568949425034E-019 -4.3193565229068151E-015  5.4761989813135993E-016 -2.8683897707713065E-016  3.4449260573048494E-017  1.3810359425886693E-017 -2.3084708481734815E-014  1.1646093744192362E-016  7.3771475353594674E-015  6.8508643361579169E-016 -2.1902069231154996E-015 -3.3177894089843143E-015
-1.8929856683201779E-015 -3.5655615034080527E-015  4.9305275638808297E-003 -1.1578398546613624E-015  1.8246411904047840E-015  7.8440369801091232E-015 -1.3427843787083000E-002 -4.7208977165028158E-015  1.0415152639629446E-015 -4.2044874175193907E-016 -4.6015370002684140E-016  1.8566063793203406E-015 -1.4788958180866212E-016  2.0909940934927386E-015 -1.4721205118284033E-015 -5.1267576572810056E-015  8.0724812269460530E-002  1.6160626924991644E-015  9.5924708492826206E-016 -2.7171887069955008E-016  1.8907637854948423E-015  2.0607874243405685E-015  1.9612778675932072E-015 -4.1969900734908320E-016 -3.1704141202374016E-015  1.9192718486249949E+000 -2.0051283513208224E-015 -3.4472932418539596E-016 -2.5837045109437970E-016 -7.7044534072738491E-015 -2.4175459898147091E-016 -2.2892943802485323E-016 -3.6826414740338469E-016  4.2051516838242031E-016 -8.0535357881090644E-015  1.5599997215990454E-016 -2.3714012436744826E-016 -3.2824298014974375E-015 -2.5235000316215427E-015
-4.1190398533989453E-015 -2.3398739751959589E-015  1.5269074761653174E-015 -4.6472172404204513E-003  7.3575025321025585E-015  4.2749558946767685E-015 -2.3043845696121977E-015  1.5976116365004275E-002 -2.5478259741100095E-014 -4.5237962211928632E-015 -7.6483537430082683E-016 -7.0375024917950330E-014 -2.4133207039466678E-015  4.6949746239115630E-014 -5.4570134819231530E-015 -2.7249962621249213E-015  1.3799865332794169E-015 -6.5712771561762206E-014 -1.8001990738217708E-014 -1.1757763051344111E-015 -2.5327247462815773E-013 -1.2090935224068874E-014  1.6925263945674132E-013 -3.5341431349006431E-015 -3.9499843311744170E-015 -2.0051283513208224E-015  4.6779056518649526E-001  5.5027670563733097E-017  2.3481250894827235E-016 -1.7254078923863750E-016  9.8175749881696700E-017  2.3927039557453520E-017 -2.9553077703546215E-016  4.1413000472746412E-017  1.5208861716631245E-016 -2.4324788287609845E-016 -1.1773454143503178E-016  8.3611009960328775E-001  5.4721917096630568E-001
-5.0289990418093681E-017 -8.5671051261833777E-022 -8.8559493859712332E-019 -5.4666673160503481E-019  1.3696021909195902E-016  2.3331732240021489E-021  2.4118373420037158E-018  1.8793206483916085E-018  8.7098705857685737E-018  1.8762057185627976E-017  4.6378204458548318E-017  1.3339425056937663E-017 -1.2775089018149101E-017 -2.2049295642797546E-017 -8.2337031543396259E-016 -1.4026449494716522E-020 -1.4499358180337822E-017  3.2717747708530151E-017  7.0477769726556450E-017  1.7421503312894562E-016  5.0108200723799398E-017 -4.7988329485962158E-017 -8.2825948432498483E-017 -1.9576031494883772E-014 -3.3348568949425034E-019 -3.4472932418539596E-016  5.5027670563733097E-017  1.9976693457709924E-028  5.1553290140035774E-030 -1.4863290232529483E-030  2.0080084296256433E-029  1.4826740566726408E-030 -6.2175347857655022E-029  3.3981346525760279E-031  4.4814630833501224E-030  3.8402007739281488E-031  3.2815048694873113E-030  9.8354251966649709E-017  6.4371106446083294E-017
-1.2799677159747745E-018 -1.1096242780664797E-017 -6.6374267497931328E-019 -2.3327207110850010E-018  3.4858757647928683E-018  3.0219608906324409E-017  1.8076428615300583E-018  8.0193835577912676E-018  2.0033993416870463E-017  5.4546844689372363E-017 -1.5470332738240733E-017 -4.3664347818957563E-017 -1.2410238446173800E-017  2.3630354402017666E-017 -2.0956206459394023E-017 -1.8167267168871058E-016 -1.0867093254936624E-017  7.5255669501973022E-017  2.0489970376347751E-016 -5.8112739852137055E-017 -1.6402070521361276E-016 -4.6617805222943309E-017  8.8765035711483997E-017 -4.9824404641796490E-016 -4.3193565229068151E-015 -2.5837045109437970E-016  2.3481250894827235E-016  5.1553290140035774E-030  1.0050481004483638E-029 -4.0075401512546902E-031  1.2458191084969424E-030 -4.2377349611069550E-033 -1.7187900726646231E-030  5.2073099798329060E-029  9.0806155100354296E-031 -1.6703305498769524E-029 -1.6218735551536140E-030  4.1969446341130529E-016  2.7468255249644869E-016
 7.2533159158035242E-019  1.4068121742273159E-018 -1.9792412375774092E-017  1.7140887185586965E-018 -1.9753746793448378E-018 -3.8313251205888008E-018  5.3902836584535990E-017 -5.8926620837191296E-018  6.0833800190325722E-017 -6.6219553551562718E-017  6.4681747605101791E-017  8.8705082333005682E-018 -8.9175448740844969E-018 -6.9704308423598094E-017  1.1875454665658092E-017  2.3032960913483772E-017 -3.2405026697315285E-016  2.2851601607366246E-016 -2.4874705371746100E-016  2.4297044125399829E-016  3.3321166780330877E-017 -3.3497855162905687E-017 -2.6183718285389468E-016  2.8234473625430999E-016  5.4761989813135993E-016 -7.7044534072738491E-015 -1.7254078923863750E-016 -1.4863290232529483E-030 -4.0075401512546902E-031  3.1319251586081114E-029  5.4191931901671325E-031  9.0529176107512640E-031  2.4698835128654293E-030 -8.4009080377108572E-030  3.2377829997721594E-029  1.5303762170014289E-030  1.4219508978606677E-030 -3.0839248845990608E-016 -2.0183739192642468E-016
-5.0461922904749028E-018 -7.3687710466191180E-019 -6.2105725920120319E-019 -9.7531688622652006E-019  1.3742846159598881E-017  2.0068178351053052E-018  1.6913930104565145E-018  3.3529261192304102E-018 -8.3903647866970477E-018 -4.3470971410040482E-020 -2.0446349967266925E-017 -9.1076361863403582E-018 -1.6196920612891176E-017  1.7498000973006503E-017 -8.2618527134443206E-017 -1.2064482992708252E-017 -1.0168228451868647E-017 -3.1517556497563042E-017 -1.6329430629854659E-019 -7.6804645166836501E-017 -3.4211913946502478E-017 -6.0842093696923514E-017  6.5729470443994220E-017 -1.9642958446860171E-015 -2.8683897707713065E-016 -2.4175459898147091E-016  9.8175749881696700E-017  2.0080084296256433E-029  1.2458191084969424E-030  5.4191931901671325E-031  2.1132152973299713E-030  1.7252608536975353E-031 -6.2521961826450572E-030  3.4612779658962543E-030  1.3273877346305901E-030 -1.1310238618731189E-030  2.0184139691621013E-031  1.7547539886675288E-016  1.1484552373952942E-016
-3.6253231119218621E-019  8.8498681900277428E-020 -5.8810996741989700E-019 -2.3770071271092795E-019  9.8732380650735608E-019 -2.4101811835000991E-019  1.6016640551802248E-018  8.1716305691208866E-019 -5.6926252370848976E-018 -1.2321735479439522E-017  8.4821593806315291E-018 -3.2404232077798504E-018  3.1378137228562455E-018  8.9330484448566047E-018 -5.9355418630974778E-018  1.4489401772737180E-018 -9.6288005895302782E-018 -2.1383770800262599E-017 -4.6285352781936097E-017  3.1862373603156315E-017 -1.2172321957819890E-017  1.1786879808346601E-017  3.3556092758063875E-017 -1.4112040751670119E-016  3.4449260573048494E-017 -2.2892943802485323E-016  2.3927039557453520E-017  1.4826740566726408E-030 -4.2377349611069550E-033  9.0529176107512640E-031  1.7252608536975353E-031  4.2374645485882924E-032 -4.1776306958658496E-031 -4.7864771367984312E-031  1.0123169547750888E-030  1.0301902659523839E-031  9.1350425651404786E-032  4.2766231122286831E-017  2.7989736699982664E-017
 1.5660705307517275E-017  3.5478224653306489E-020 -9.4605489622390918E-019  2.9359200982752510E-018 -4.2650507829094479E-017 -9.6621720960537595E-020  2.5764945425880054E-018 -1.0093051110367343E-017 -2.1496663535166731E-018 -2.4957936876334686E-017 -4.1562698517378766E-017 -9.3810349277692542E-018  3.3351245763431647E-017  1.1530701281339778E-017  2.5640410272035102E-016  5.8086543228583400E-019 -1.5489235767204229E-017 -8.0750041828345602E-018 -9.3751964969379783E-017 -1.5612607222872792E-016 -3.5238908659928003E-017  1.2528058068228740E-016  4.3313912842897183E-017  6.0961328046244172E-015  1.3810359425886693E-017 -3.6826414740338469E-016 -2.9553077703546215E-016 -6.2175347857655022E-029 -1.7187900726646231E-030  2.4698835128654293E-030 -6.2521961826450572E-030 -4.1776306958658496E-031  1.9653092833988654E-029 -4.4603974277566074E-031  4.9956819888872950E-031  2.8520055238663787E-032 -9.0450921124221218E-031 -5.2821986122026118E-016 -3.4571049277127197E-016
-9.5063269690578723E-020 -5.9303632028459487E-017  1.0802855417176507E-018 -4.1141319244855397E-019  2.5889617663711369E-019  1.6150805295531820E-016 -2.9420595082032448E-018  1.4143485652601353E-018  6.8765128350289340E-017  1.8560397587905790E-016  7.8920353509781642E-018 -1.2384384113307669E-016 -6.8579126162655737E-017  5.5078712782604024E-017 -1.5564185572617205E-018 -9.7094570517402894E-016  1.7686920197561216E-017  2.5830924792218770E-016  6.9720255848919559E-016  2.9645632386511983E-017 -4.6520686037109091E-016 -2.5761054952137813E-016  2.0689761244858180E-016 -3.7004611563697151E-017 -2.3084708481734815E-014  4.2051516838242031E-016  4.1413000472746412E-017  3.3981346525760279E-031  5.2073099798329060E-029 -8.4009080377108572E-030  3.4612779658962543E-030 -4.7864771367984312E-031 -4.4603974277566074E-031  2.7824925762596889E-028 -3.3211188989864447E-030 -8.8608796816719255E-029 -8.6461694374028816E-030  7.4019936542046493E-017  4.8444730339659350E-017
-7.5654281826415567E-019  2.9918318377500423E-019 -2.0689190131360540E-017 -1.5109087193422184E-018  2.0603756191065712E-018 -8.1479821446447013E-019  5.6345129312391939E-017  5.1941736890036168E-018 -1.3488395747520068E-017 -1.3041448678739302E-016  7.6342402472375876E-017 -3.4299438427234765E-018 -5.7629715377549681E-017  1.6918339590191813E-017 -1.2386458890523120E-017  4.8983614898029779E-018 -3.3873271525669720E-016 -5.0667794052047392E-017 -4.8988882604257117E-016  2.8677251159553677E-016 -1.2884237049820421E-017 -2.1648019562046985E-016  6.3552031101768398E-017 -2.9449411134435179E-016  1.1646093744192362E-016 -8.0535357881090644E-015  1.5208861716631245E-016  4.4814630833501224E-030  9.0806155100354296E-031  3.2377829997721594E-029  1.3273877346305901E-030  1.0123169547750888E-030  4.9956819888872950E-031 -3.3211188989864447E-030  3.4134677487580548E-029 -3.2370113230424761E-031  1.4776840211403602E-030  2.7183709615166028E-016  1.7791253862928335E-016
-1.0843010289783056E-019  1.8951577543323703E-017  4.0075727847782527E-019  2.4165210654842223E-018  2.9529953229855269E-019 -5.1612899324362665E-017 -1.0914260314268704E-018 -8.3074708461784546E-018 -3.0237528103633476E-018  5.0673605150759538E-017  2.3511338025957217E-017 -2.5739416073981014E-017  8.3712238916034916E-018  2.8763168884400563E-017 -1.7752663560045385E-018  3.1028374135891039E-016  6.5613781995997290E-018 -1.1358421529759372E-017  1.9035027127867209E-016  8.8317962735265471E-017 -9.6687512515886923E-017  3.1445655661573882E-017  1.0804593404576611E-016 -4.2207824894477821E-017  7.3771475353594674E-015  1.5599997215990454E-016 -2.4324788287609845E-016  3.8402007739281488E-031 -1.6703305498769524E-029  1.5303762170014289E-030 -1.1310238618731189E-030  1.0301902659523839E-031  2.8520055238663787E-032 -8.8608796816719255E-029 -3.2370113230424761E-031  2.8533653452115378E-029  2.5883487577443794E-030 -4.3477151254374612E-016 -2.8455021266558404E-016
-8.0947850381050238E-019  1.7599578439132457E-018 -6.0920287062635441E-019  1.1696216885768148E-018  2.2045411484573879E-018 -4.7930852619178974E-018  1.6591086603684875E-018 -4.0209035284967695E-018  4.3669059459016324E-017 -2.4784224584412272E-016  1.5432855365322952E-016 -3.2319408385255073E-018 -7.7063385495689620E-017 -4.0437118620473888E-017 -1.3253145715070521E-017  2.8814820465183943E-017 -9.9741430766217013E-018  1.6403840401286190E-016 -9.3099432318638608E-016  5.7971959892221391E-016 -1.2140458795845609E-017 -2.8948081138330036E-016 -1.5189794521696159E-016 -3.1510001400498522E-016  6.8508643361579169E-016 -2.3714012436744826E-016 -1.1773454143503178E-016  3.2815048694873113E-030 -1.6218735551536140E-030  1.4219508978606677E-030  2.0184139691621013E-031  9.1350425651404786E-032 -9.0450921124221218E-031 -8.6461694374028816E-030  1.4776840211403602E-030  2.5883487577443794E-030  1.2003640409692040E-030 -2.1043399865652718E-016 -1.3772530476857984E-016
-7.3541088008287979E-015 -4.1696865204084240E-015  2.7299076279198166E-015 -8.3062497599048074E-003  1.3128451190372509E-014  7.6068138113798025E-015 -4.1208736674661429E-015  2.8555069809695830E-002 -4.4377239045665991E-014 -3.2385000565733292E-016 -5.2231944471701565E-016 -3.8637763242822871E-014  5.2161056497799651E-016 -4.3932214385538536E-015 -9.6210650382042545E-015 -4.6657231210834995E-015  2.4792118832691027E-015 -1.1308901216569972E-013 -3.0196125564470085E-015  1.0715571637275904E-015 -1.2532741757453097E-013 -3.4483518280606349E-015 -2.9209627830162040E-014 -3.1645826280657633E-015 -2.1902069231154996E-015 -3.2824298014974375E-015  8.3611009960328775E-001  9.8354251966649709E-017  4.1969446341130529E-016 -3.0839248845990608E-016  1.7547539886675288E-016  4.2766231122286831E-017 -5.2821986122026118E-016  7.4019936542046493E-017  2.7183709615166028E-016 -4.3477151254374612E-016 -2.1043399865652718E-016  1.4944296672163873E+000  9.7807760479106631E-001
-4.8161565150031290E-015 -2.7338263588955288E-015  1.7857120351940996E-015 -5.4362925523933131E-003  8.6005711032767774E-015  4.9917076146489281E-015 -2.6944133547209126E-015  1.8688784689433611E-002 -3.0316683674359986E-014 -1.3724530996675082E-015 -4.5143180407510505E-016 -3.8821587125352835E-014 -4.0304682837054232E-016  1.1931144912522293E-014 -6.3463139885373450E-015 -3.1328881862402892E-015  1.6068187258549231E-015 -7.8795028736987319E-014 -6.3355798783871789E-015  2.8967751997842732E-016 -1.3286313566893150E-013 -5.0532670625477374E-015  3.6501675539018847E-014 -3.2480080603224304E-015 -3.3177894089843143E-015 -2.5235000316215427E-015  5.4721917096630568E-001  6.4371106446083294E-017  2.7468255249644869E-016 -2.0183739192642468E-016  1.1484552373952942E-016  2.7989736699982664E-017 -3.4571049277127197E-016  4.8444730339659350E-017  1.7791253862928335E-016 -2.8455021266558404E-016 -1.3772530476857984E-016  9.7807760479106631E-001  6.4013437499251169E-001
