   5.0654451987129281E-003  -5.1641735120934677E-017  -2.3986040240189622E-016  -2.3352077478194505E-016  -1.4107021025441298E-017   4.4621463226776042E-017   3.1349287470470322E-017  -2.6523987437169547E-017   1.7383361125325246E-017  -6.8936717761993998E-017   4.5799198404891030E-002   1.5675748572782106E-016  -5.7033024968614074E-016   2.7211460123927784E-015  -9.7142895504083710E-018   3.0320575874362106E-017   1.1091395914528876E-017   8.8921921942593248E-018   7.0311245053078543E-017  -3.8391686090598844E-017   4.7320947517124401E-002   1.5958114057366869E-016  -8.6913771287402191E-016   5.1351758314953481E-015   3.3695163080207027E-016   1.4976095892003273E-015   5.7608693972942339E-016   5.6586725429886927E-016   2.4009396565871869E-015  -9.1663028780717082E-016  -1.9482121289203212E-002   1.0836065981937792E-015   5.3654710599345606E-016  -1.3940864889506167E-014   2.4620927340903357E-015  -1.7868222211323420E-002   7.3794288617340465E-016   4.5414454040213890E-016
  -5.1641735120934677E-017   5.0654451987126557E-003  -1.1190489683129411E-016   4.1067793421489489E-016  -9.5000011375980114E-017  -3.0791225512722473E-017  -6.9745082995129537E-018  -1.0852252367983667E-016  -8.0647360289162998E-018  -1.0939675243092259E-016  -5.9634211674256027E-016   4.5799198404890197E-002  -5.1133565011287834E-016   2.6465127761019888E-016  -6.6115640886946427E-017  -1.1501485719801123E-017   4.2955555904859985E-017  -6.9502527730387514E-017   6.0277144283044665E-018   1.0702355644839440E-017  -6.1997180914998104E-016   4.7320947517123478E-002  -4.7009919760447322E-016   7.0181040409081511E-016  -4.7734736918582025E-016  -3.1070965037355274E-016   8.4780714822966437E-016  -5.3935975966386242E-016  -1.9972637274941469E-017   9.9035588480186095E-016  -2.6344191047617177E-017  -1.9482121289201130E-002  -1.4004541359946203E-016   5.5853617913322217E-018  -2.8975541953612246E-016   3.9672281342984090E-017  -1.7868222211321890E-002  -5.1075359713281435E-017
  -2.3986040240189622E-016  -1.1190489683129411E-016   5.0654451987134363E-003   1.6577122019280700E-016  -1.2010008341545807E-016   2.0368066574296199E-017  -1.4684007908774579E-018  -8.9793388559013552E-017  -2.2560328229227796E-019  -6.4277290651139006E-017  -1.3603325547259234E-015  -4.7283646337481426E-016   4.5799198404892799E-002  -6.5446394021549379E-016   4.3628071969253701E-017   6.1918584924643753E-017   2.8161726640824928E-017   5.6235531874926654E-017   2.7450396249995344E-017   6.8419960955102493E-018  -1.6320714965570123E-015  -4.3821939659811876E-016   4.7320947517127059E-002  -1.7481371367873371E-015   3.0633105267465553E-016   1.5721059022940381E-015   5.8696463963182178E-016   1.7332023475305721E-016   7.9080740011042860E-016  -4.1676897291881193E-016   2.1188537477357726E-015   6.8395179826120588E-016  -1.9482121289203277E-002   4.6756019131003174E-015  -8.6574565989500657E-016   1.6122479490687957E-015   5.1833115242724067E-016  -1.7868222211323705E-002
  -2.3352077478194505E-016   4.1067793421489489E-016   1.6577122019280700E-016   9.1067913462300050E-005   5.3115134155218096E-017  -3.7310186357958219E-018  -3.6435267497327411E-019   6.5299320417504555E-017   1.4980820552616412E-019   1.3757879634111504E-016  -2.4781783176782584E-015   3.6539464177713536E-015   1.5781669262941162E-015   5.1707636809758505E-003  -7.4428940409002254E-016   1.8967777414124899E-016   2.0149666460191446E-016  -5.0488295995317903E-016   5.5971913736107544E-017   1.5109148638991598E-015  -2.3941004562138324E-015   3.6545382799827736E-015   1.5682818761921948E-015   1.1966255168206843E-002  -1.9020642058964941E-014   4.3215285677327713E-015   4.8050817069553409E-015  -1.3765954971622096E-014   1.3196773808059104E-015   3.2515607053759853E-014   5.1858724879323643E-015  -1.1397094555424348E-014  -5.4178281794153376E-015  -6.9284396541204512E-003  -2.3122145175370344E-003   3.8237305692075942E-015  -8.2478911948529687E-015  -3.9056709266220290E-015
  -1.4107021025441298E-017  -9.5000011375980114E-017  -1.2010008341545807E-016   5.3115134155218096E-017   6.8676479323808522E-008   1.1535136029598164E-019   3.2182366056197659E-019  -3.4338239661366706E-008   2.5681054259377775E-019  -3.4338239661659158E-008  -1.2814608348671088E-016  -8.5571171065845475E-016  -1.0848383988299970E-015   3.1891204076704704E-015   1.5809150257439053E-005   1.4847396927730930E-017   9.7266582111231596E-018  -7.9045751288535408E-006   2.2838628714456792E-017  -7.9045751285831408E-006  -1.3594554940610386E-016  -8.4011665661870821E-016  -1.0952322431036660E-015   7.3862806820658702E-015   3.6408143896545420E-004   3.3775167125650259E-016   2.2752347872564704E-016  -1.8204071948583087E-004   5.3248553803342234E-016  -1.8204071947962175E-004  -2.0044678444511940E-016   3.7790059318292475E-015   2.4940223802944461E-015  -3.2354185684174187E-015  -1.7594949628042714E-015  -1.2668739075478995E-016   2.7008399527643859E-015   1.8320942047871675E-015
   4.4621463226776042E-017  -3.0791225512722473E-017   2.0368066574296199E-017  -3.7310186357958219E-018   1.1535136029598164E-019   6.8676479321610128E-008  -6.7548873569211689E-019   3.8509653203481658E-019  -1.7935036210672172E-019  -6.8309832639115174E-019   3.9978591207494462E-016  -2.7753455324170627E-016   1.8065707818401912E-016  -2.3017034739713529E-016   1.1397477228493504E-017   1.5809150257184239E-005  -8.7030893081213887E-017   9.9108120557130885E-017  -1.7365833450552505E-017  -1.1135374939127192E-016   4.0326128433874921E-016  -2.8139169579929548E-016   1.7747681577218637E-016  -5.4321580094086715E-016   2.7358087538029233E-016   3.6408143895962834E-004  -1.9966024555331529E-015   2.2790237608443784E-015  -4.0763987335227213E-016  -2.5529185512671204E-015  -1.0179996925270296E-015   5.3765840708047414E-016  -8.3247599006160925E-016  -6.0502023865675750E-016   3.9831424008371849E-016  -7.4374293541945657E-016   3.9912334507106498E-016  -5.9425219410291738E-016
   3.1349287470470322E-017  -6.9745082995129537E-018  -1.4684007908774579E-018  -3.6435267497327411E-019   3.2182366056197659E-019  -6.7548873569211689E-019   6.8676479322891040E-008   9.2221784881173618E-020  -1.0032325642487897E-019  -6.0787313449941457E-019   2.8267945476628077E-016  -6.4876596949727600E-017  -1.4920778461674426E-017  -1.7156894563914936E-017   6.4217594032978878E-017  -6.9152433212692569E-017   1.5809150257332117E-005  -3.8380928132387507E-018   5.9547064624029188E-017  -5.9935119115165313E-017   2.9875823793513264E-016  -6.9212053642076575E-017  -2.3704789574803968E-017  -6.0538570933099985E-017   1.4787841462182373E-015  -1.5837030435914691E-015   3.6408143896302282E-004  -9.5785536317614281E-017   1.3833951809657936E-015  -1.3824738663723500E-015   3.8112049354472841E-016  -1.7399921086620380E-016  -6.5261050052878173E-016  -1.7948486488690135E-015   5.9553063469403065E-016   2.3721585665163457E-016  -1.1443641527308404E-016  -4.5086347632909224E-016
  -2.6523987437169547E-017  -1.0852252367983667E-016  -8.9793388559013552E-017   6.5299320417504555E-017  -3.4338239661366706E-008   3.8509653203481658E-019   9.2221784881173618E-020   6.8676479322172002E-008   6.9148572968770256E-019  -3.4338239661666218E-008  -2.4097779790764868E-016  -9.7728605310902810E-016  -8.1089447480555440E-016   3.8185003575361775E-015  -7.9045751284606293E-006  -1.0593881396363563E-017   2.5323772561786504E-017   1.5809150257248291E-005   8.2876469703026801E-017  -7.9045751287901641E-006  -2.4936821562630253E-016  -9.6145897309286470E-016  -8.1474474386802783E-016   8.8373979222664762E-015  -1.8204071947677339E-004  -2.3775167949647128E-016   5.8522772243006537E-016   3.6408143896111511E-004   1.9122541486763162E-015  -1.8204071948434340E-004   4.0195890682633973E-017   4.2190127593296577E-015   2.1321359842719136E-015  -3.7427741679520878E-015  -2.1467032299977531E-015   5.0812687257055410E-017   3.0175310234166321E-015   1.5551415956434040E-015
   1.7383361125325246E-017  -8.0647360289162998E-018  -2.2560328229227796E-019   1.4980820552616412E-019   2.5681054259377775E-019  -1.7935036210672172E-019  -1.0032325642487897E-019   6.9148572968770256E-019   6.8676479322418012E-008  -8.2803231767772010E-019   1.5189297556988147E-016  -7.2748520699322882E-017  -3.4555296092681381E-018   1.0533377450904058E-016   3.5958656409317274E-017  -2.3629239853075654E-017  -8.3690163497584816E-017   7.5998331362082461E-017   1.5809150257277683E-005  -1.1172277541959106E-016   1.4574436114776832E-016  -7.3979133854624950E-017  -2.4880003347881895E-018   1.9298610994203568E-016   8.2944015958699798E-016  -5.4323808445860474E-016  -1.9147934591536026E-015   1.7531546610325643E-015   3.6408143896176937E-004  -2.5824777081816410E-015  -1.0192585741126705E-015   1.3421608096638471E-016   7.6458050706483509E-017  -3.6981777738183740E-015   1.1063184647424319E-015  -7.2097534059174565E-016   9.9978559033753835E-017   5.3309224995323227E-017
  -6.8936717761993998E-017  -1.0939675243092259E-016  -6.4277290651139006E-017   1.3757879634111504E-016  -3.4338239661659158E-008  -6.8309832639115174E-019  -6.0787313449941457E-019  -3.4338239661666218E-008  -8.2803231767772010E-019   6.8676479323403654E-008  -6.2215265749648540E-016  -9.8851992517489949E-016  -5.7918075695304786E-016   7.4520421640713670E-015  -7.9045751287982600E-006  -4.6299179272918812E-017  -7.9669069795131791E-017  -7.9045751285929308E-006  -7.8030643170540610E-017   1.5809150257391321E-005  -6.4975918789596141E-016  -9.7821298353484374E-016  -5.7715971570916993E-016   1.7275022650928443E-014  -1.8204071948453170E-004  -1.0683028677572157E-015  -1.8403091636418689E-015  -1.8204071947984830E-004  -1.8071724489236653E-015   3.6408143896438008E-004  -2.6530472805060147E-016   3.7716093533841974E-015   1.8884672657253487E-015  -9.9972337630977994E-015  -3.3383202673938364E-015  -1.2461926317669881E-016   2.7083397745265420E-015   1.3640719361074441E-015
   4.5799198404891030E-002  -5.9634211674256027E-016  -1.3603325547259234E-015  -2.4781783176782584E-015  -1.2814608348671088E-016   3.9978591207494462E-016   2.8267945476628077E-016  -2.4097779790764868E-016   1.5189297556988147E-016  -6.2215265749648540E-016  0.41409368651401052        2.4149175673820643E-016   2.1394329114038178E-015   6.2515433919758047E-017  -1.8175575465184494E-016  -4.2503130089147824E-016  -1.6056337566231196E-016  -1.7712085638549684E-016  -4.1795706787573852E-016   4.2442112228105766E-018  0.42786054165511617        9.1793781725303776E-017  -3.4600186460882326E-016  -8.6649020665893067E-015   8.6864402241788541E-016  -2.5653583082639998E-015  -7.9347563467402554E-016  -7.9842933284460458E-016  -2.5711027084580229E-015  -1.9493067539108750E-016 -0.17552726070191621       -2.9844113088904936E-016  -5.0342320302773791E-016   1.9317523450102769E-014  -3.2678344773615503E-015 -0.16112558125614326       -2.1347955770300670E-016  -3.0084984049388341E-016
   1.5675748572782106E-016   4.5799198404890197E-002  -4.7283646337481426E-016   3.6539464177713536E-015  -8.5571171065845475E-016  -2.7753455324170627E-016  -6.4876596949727600E-017  -9.7728605310902810E-016  -7.2748520699322882E-017  -9.8851992517489949E-016   2.4149175673820643E-016  0.41409368651401768        2.5092965459080082E-016  -4.6535341009189434E-016  -4.2878676977118468E-016   2.4222290278107005E-017   4.3454656208886562E-018  -3.6638363406767196E-016   7.5831170890930191E-017  -3.3171603818344016E-016   2.5182199215037463E-016  0.42786054165512277        8.4590890268437156E-016  -3.1118952990201886E-016  -4.4902479337069435E-016   1.4289981823880053E-016  -1.1830893900990783E-015   1.1379164927869438E-015   3.1318236503998076E-016  -9.2672883226496282E-016   2.5074507595721317E-016 -0.17552726070191957        1.5243948471598217E-015   8.9134523904289976E-016  -3.7203821213065336E-016   1.6070334999540867E-016 -0.16112558125614621        1.0079066034204156E-015
  -5.7033024968614074E-016  -5.1133565011287834E-016   4.5799198404892799E-002   1.5781669262941162E-015  -1.0848383988299970E-015   1.8065707818401912E-016  -1.4920778461674426E-017  -8.1089447480555440E-016  -3.4555296092681381E-018  -5.7918075695304786E-016   2.1394329114038178E-015   2.5092965459080082E-016  0.41409368651400097       -3.0896705508848979E-017   2.9280412849029002E-016  -1.1860477789276457E-016  -1.2448583527988456E-017   4.3120881953733956E-016  -9.0467752133155450E-017   2.4080830713772581E-016  -3.1179100270178103E-017   6.7059244407493365E-016  0.42786054165511367       -2.7476525363343380E-015   4.2343894199138255E-016  -1.4115591772648861E-015  -8.5150238226015630E-016  -2.1945596043830170E-016  -6.4626091042919921E-016   3.6353592783070467E-016  -2.1415101916608416E-015   1.0957018012842534E-015 -0.17552726070191640       -3.2407418432698769E-015   1.7502922976020808E-015  -1.5618485013981717E-015   7.2851070301109761E-016 -0.16112558125614310     
   2.7211460123927784E-015   2.6465127761019888E-016  -6.5446394021549379E-016   5.1707636809758505E-003   3.1891204076704704E-015  -2.3017034739713529E-016  -1.7156894563914936E-017   3.8185003575361775E-015   1.0533377450904058E-016   7.4520421640713670E-015   6.2515433919758047E-017  -4.6535341009189434E-016  -3.0896705508848979E-017  0.29757276557589263        5.2180746017755184E-015  -5.7899445462386422E-017  -9.6003417246433499E-016   6.6780946254893694E-015  -3.3929069143079066E-016   3.2584539967215513E-015   7.4462782594250327E-015  -1.8522969867857990E-016  -3.8554620588422158E-016  0.68675022323854096        1.1888419818184914E-014  -3.7719555702246817E-015  -1.0778156934806132E-014   3.4113813248935946E-014  -4.3121698404886126E-015  -5.9143927475749637E-014  -8.6954584222358154E-015  -1.7796010277055993E-016   1.3479720196735764E-015 -0.52535913079052521       -9.1975414584100690E-002  -6.3624055211616040E-015  -8.2582684323049528E-017   8.6971524073077060E-016
  -9.7142895504083710E-018  -6.6115640886946427E-017   4.3628071969253701E-017  -7.4428940409002254E-016   1.5809150257439053E-005   1.1397477228493504E-017   6.4217594032978878E-017  -7.9045751284606293E-006   3.5958656409317274E-017  -7.9045751287982600E-006  -1.8175575465184494E-016  -4.2878676977118468E-016   2.9280412849029002E-016   5.2180746017755184E-015   3.6392260395858808E-003  -7.1065270181246983E-017  -3.1935894968572781E-017  -1.8196130197926778E-003  -7.3627819470656730E-017  -1.8196130197926570E-003  -2.3954465560534345E-016  -3.6564648512755238E-016   2.1412574032204361E-016   9.8347434602556528E-015   8.3810618005196499E-002  -2.5990261544762258E-015   7.4947169238926715E-017  -4.1905309002596224E-002  -1.9551071551714801E-016  -4.1905309002599922E-002   9.5312766248558593E-016   1.6582853436151379E-015   1.9084164908168979E-016  -9.4888250247098681E-015  -7.5804962310201223E-016   6.8597493218500191E-016   1.1829486428502070E-015   1.1365535635751198E-016
   3.0320575874362106E-017  -1.1501485719801123E-017   6.1918584924643753E-017   1.8967777414124899E-016   1.4847396927730930E-017   1.5809150257184239E-005  -6.9152433212692569E-017  -1.0593881396363563E-017  -2.3629239853075654E-017  -4.6299179272918812E-017  -4.2503130089147824E-016   2.4222290278107005E-017  -1.1860477789276457E-016  -5.7899445462386422E-017  -7.1065270181246983E-017   3.6392260395850594E-003  -1.5827070023286696E-016  -3.0846372370379459E-017   6.6969536663389631E-017  -9.3330695870128742E-017  -1.9272288667542490E-016   2.2199031540112356E-017  -6.4286054179058982E-018   5.8612634196203886E-016   9.1842342514773355E-016   8.3810618005187368E-002  -1.8722164050739673E-015  -1.4966547017556195E-015  -2.3214563163971660E-016   5.0596666071288307E-016   3.5685149007266311E-016   2.1462708552236812E-017   8.0627462334508289E-017   4.2656797353822610E-017  -1.9385772913447165E-016   2.7806082141791287E-016   1.4847504490759375E-017   6.1226395497064308E-017
   1.1091395914528876E-017   4.2955555904859985E-017   2.8161726640824928E-017   2.0149666460191446E-016   9.7266582111231596E-018  -8.7030893081213887E-017   1.5809150257332117E-005   2.5323772561786504E-017  -8.3690163497584816E-017  -7.9669069795131791E-017  -1.6056337566231196E-016   4.3454656208886562E-018  -1.2448583527988456E-017  -9.6003417246433499E-016  -3.1935894968572781E-017  -1.5827070023286696E-016   3.6392260395852667E-003   5.9036449418162665E-017  -2.4146365580400355E-016   7.5195138134254763E-017  -1.1006229781293602E-016   1.0028117012293155E-016   2.9450321656864657E-017  -7.2128127444541621E-016  -7.6624972100875177E-016  -1.6046793546177989E-015   8.3810618005189574E-002  -3.4272647111802780E-016  -2.7895819919496980E-015   1.2297664785370574E-015  -2.4160117982322910E-016   2.1186587621336508E-016   4.6426031000167566E-016   3.1526798309570731E-015  -6.3625021077499509E-016  -1.5415030295894618E-016   1.4274071629317793E-016   3.3562919851443335E-016
   8.8921921942593248E-018  -6.9502527730387514E-017   5.6235531874926654E-017  -5.0488295995317903E-016  -7.9045751288535408E-006   9.9108120557130885E-017  -3.8380928132387507E-018   1.5809150257248291E-005   7.5998331362082461E-017  -7.9045751285929308E-006  -1.7712085638549684E-016  -3.6638363406767196E-016   4.3120881953733956E-016   6.6780946254893694E-015  -1.8196130197926778E-003  -3.0846372370379459E-017   5.9036449418162665E-017   3.6392260395847744E-003  -6.9853146181393831E-017  -1.8196130197926728E-003  -9.9651508585894044E-017  -4.6725425056791790E-016   4.9324110749479579E-016   1.0903608624823815E-014  -4.1905309002594190E-002   7.2217944379604062E-016   1.8260929199970953E-015   8.3810618005183482E-002  -7.7394035665336908E-016  -4.1905309002589680E-002  -8.7737325074378658E-016   1.3461928549662460E-015   2.2095377685492106E-016  -5.2843692102113134E-015  -2.6624341636249955E-015  -5.9432655553501579E-016   9.8955406787012006E-016   1.1828399007298733E-016
   7.0311245053078543E-017   6.0277144283044665E-018   2.7450396249995344E-017   5.5971913736107544E-017   2.2838628714456792E-017  -1.7365833450552505E-017   5.9547064624029188E-017   8.2876469703026801E-017   1.5809150257277683E-005  -7.8030643170540610E-017  -4.1795706787573852E-016   7.5831170890930191E-017  -9.0467752133155450E-017  -3.3929069143079066E-016  -7.3627819470656730E-017   6.6969536663389631E-017  -2.4146365580400355E-016  -6.9853146181393831E-017   3.6392260395852701E-003   1.9739599909948850E-016  -1.8334665007564902E-016   4.4949445702136456E-017  -6.7668604433368450E-017  -1.7729327095145216E-016  -1.3918203984892672E-015   1.7583107495194390E-015  -2.6664520946600114E-015  -9.3447279367407082E-016   8.3810618005189699E-002   2.3532561566985791E-015   8.6677281250057189E-016  -1.7507919039606298E-016  -1.2402884813743908E-016   2.5537974205787410E-015  -7.0816299271684712E-016   6.3447349752442964E-016  -1.2463671014787249E-016  -8.0809146731296198E-017
  -3.8391686090598844E-017   1.0702355644839440E-017   6.8419960955102493E-018   1.5109148638991598E-015  -7.9045751285831408E-006  -1.1135374939127192E-016  -5.9935119115165313E-017  -7.9045751287901641E-006  -1.1172277541959106E-016   1.5809150257391321E-005   4.2442112228105766E-018  -3.3171603818344016E-016   2.4080830713772581E-016   3.2584539967215513E-015  -1.8196130197926570E-003  -9.3330695870128742E-017   7.5195138134254763E-017  -1.8196130197926728E-003   1.9739599909948850E-016   3.6392260395853599E-003  -2.8640036145154766E-017  -2.8698466468509045E-016   2.9026620159397469E-016   1.4193033911969486E-014  -4.1905309002589736E-002  -2.6195442570740467E-015   4.5480587069868853E-016  -4.1905309002600533E-002   2.2110986171608772E-015   8.3810618005190296E-002  -3.5728517444225031E-017   9.4216511131210167E-016  -7.6337947564691533E-016  -1.4856196248644795E-014  -3.3096592409002900E-016  -3.0108814665772443E-017   6.7040567951486905E-016  -5.6757880941928790E-016
   4.7320947517124401E-002  -6.1997180914998104E-016  -1.6320714965570123E-015  -2.3941004562138324E-015  -1.3594554940610386E-016   4.0326128433874921E-016   2.9875823793513264E-016  -2.4936821562630253E-016   1.4574436114776832E-016  -6.4975918789596141E-016  0.42786054165511617        2.5182199215037463E-016  -3.1179100270178103E-017   7.4462782594250327E-015  -2.3954465560534345E-016  -1.9272288667542490E-016  -1.1006229781293602E-016  -9.9651508585894044E-017  -1.8334665007564902E-016  -2.8640036145154766E-017  0.44222427877903309        8.8201498180408885E-017  -2.6125766065118470E-015   7.8576602647660806E-015  -5.5421208061051839E-016   2.9521611217283103E-015   5.5479413875634938E-016   1.3730830482560982E-015   2.8343836409539240E-015  -9.4493490262941663E-016 -0.17050362377382886       -5.4986043437202693E-016   1.5618637096651848E-015  -2.3276785797096428E-014   4.0625372725697685E-015 -0.15895556246207773       -3.8733232770127929E-016   1.3412113533843858E-015
   1.5958114057366869E-016   4.7320947517123478E-002  -4.3821939659811876E-016   3.6545382799827736E-015  -8.4011665661870821E-016  -2.8139169579929548E-016  -6.9212053642076575E-017  -9.6145897309286470E-016  -7.3979133854624950E-017  -9.7821298353484374E-016   9.1793781725303776E-017  0.42786054165512277        6.7059244407493365E-016  -1.8522969867857990E-016  -3.6564648512755238E-016   2.2199031540112356E-017   1.0028117012293155E-016  -4.6725425056791790E-016   4.4949445702136456E-017  -2.8698466468509045E-016   8.8201498180408885E-017  0.44222427877903936        1.2061315305568193E-015   4.0992019811239837E-016   8.7952681687134599E-016   7.3115757406509092E-017   9.0941295232183732E-016  -1.2135494299934068E-015  -4.0184449413152485E-016   9.5590476301467964E-017  -1.3132319334668009E-016 -0.17050362377382311       -2.8986831848035604E-015   5.9583415610666190E-016  -5.4261660516745777E-016  -9.0035031741053254E-017 -0.15895556246207435       -2.0991636999516035E-015
  -8.6913771287402191E-016  -4.7009919760447322E-016   4.7320947517127059E-002   1.5682818761921948E-015  -1.0952322431036660E-015   1.7747681577218637E-016  -2.3704789574803968E-017  -8.1474474386802783E-016  -2.4880003347881895E-018  -5.7715971570916993E-016  -3.4600186460882326E-016   8.4590890268437156E-016  0.42786054165511367       -3.8554620588422158E-016   2.1412574032204361E-016  -6.4286054179058982E-018   2.9450321656864657E-017   4.9324110749479579E-016  -6.7668604433368450E-017   2.9026620159397469E-016  -2.6125766065118470E-015   1.2061315305568193E-015  0.44222427877903819       -3.5336488285860090E-015  -1.6872137095421473E-015   1.1914712421315108E-015  -4.3819852372586729E-017   7.3875944005229783E-016  -2.2065107495191683E-017   1.5167807516369617E-015   2.4949328903363198E-015  -2.0336557659586908E-015 -0.17050362377382369        6.2031377866382579E-015  -9.6836388825966350E-016   1.8926729036713874E-015  -1.4948815324022432E-015 -0.15895556246207460     
   5.1351758314953481E-015   7.0181040409081511E-016  -1.7481371367873371E-015   1.1966255168206843E-002   7.3862806820658702E-015  -5.4321580094086715E-016  -6.0538570933099985E-017   8.8373979222664762E-015   1.9298610994203568E-016   1.7275022650928443E-014  -8.6649020665893067E-015  -3.1118952990201886E-016  -2.7476525363343380E-015  0.68675022323854096        9.8347434602556528E-015   5.8612634196203886E-016  -7.2128127444541621E-016   1.0903608624823815E-014  -1.7729327095145216E-016   1.4193033911969486E-014   7.8576602647660806E-015   4.0992019811239837E-016  -3.5336488285860090E-015   1.5858011833919690       -2.3359521675632656E-014   7.7532389724114917E-015   8.6674005840050676E-015  -2.6692827492105705E-014   3.1813545056822305E-015   1.8569948927693489E-014   1.4367144959046519E-015   2.8390407705707305E-015   3.2503480389133453E-015  -1.1529104562029708      -0.23158231055256168        1.0296320190664243E-015   1.9892115711720824E-015   2.3895208565601768E-015
   3.3695163080207027E-016  -4.7734736918582025E-016   3.0633105267465553E-016  -1.9020642058964941E-014   3.6408143896545420E-004   2.7358087538029233E-016   1.4787841462182373E-015  -1.8204071947677339E-004   8.2944015958699798E-016  -1.8204071948453170E-004   8.6864402241788541E-016  -4.4902479337069435E-016   4.2343894199138255E-016   1.1888419818184914E-014   8.3810618005196499E-002   9.1842342514773355E-016  -7.6624972100875177E-016  -4.1905309002594190E-002  -1.3918203984892672E-015  -4.1905309002589736E-002  -5.5421208061051839E-016   8.7952681687134599E-016  -1.6872137095421473E-015  -2.3359521675632656E-014   1.9301410832981061       -1.0129565372260119E-015   1.0173611085518186E-015 -0.96507054164905204        2.4941799927486050E-015 -0.96507054164904571       -4.7839924035312627E-016  -4.8450078623921238E-017   1.6172347344511247E-016  -2.4176125072716786E-014   1.4979571778955410E-014  -2.2973598025821798E-016  -1.5921370632981907E-016   2.8551878944901603E-016
   1.4976095892003273E-015  -3.1070965037355274E-016   1.5721059022940381E-015   4.3215285677327713E-015   3.3775167125650259E-016   3.6408143895962834E-004  -1.5837030435914691E-015  -2.3775167949647128E-016  -5.4323808445860474E-016  -1.0683028677572157E-015  -2.5653583082639998E-015   1.4289981823880053E-016  -1.4115591772648861E-015  -3.7719555702246817E-015  -2.5990261544762258E-015   8.3810618005187368E-002  -1.6046793546177989E-015   7.2217944379604062E-016   1.7583107495194390E-015  -2.6195442570740467E-015   2.9521611217283103E-015   7.3115757406509092E-017   1.1914712421315108E-015   7.7532389724114917E-015  -1.0129565372260119E-015   1.9301410832981210        3.8701409698499555E-015  -1.4759379699316488E-015  -3.7148578077615686E-016   8.2469838250112281E-016  -5.0975168435709704E-016  -6.2713883734675369E-017  -5.9405097486120000E-016  -2.5471825456509286E-015  -1.1685406572933610E-015  -3.3424351529867353E-016  -4.5889692340053683E-018  -4.1452288242698008E-016
   5.7608693972942339E-016   8.4780714822966437E-016   5.8696463963182178E-016   4.8050817069553409E-015   2.2752347872564704E-016  -1.9966024555331529E-015   3.6408143896302282E-004   5.8522772243006537E-016  -1.9147934591536026E-015  -1.8403091636418689E-015  -7.9347563467402554E-016  -1.1830893900990783E-015  -8.5150238226015630E-016  -1.0778156934806132E-014   7.4947169238926715E-017  -1.8722164050739673E-015   8.3810618005189574E-002   1.8260929199970953E-015  -2.6664520946600114E-015   4.5480587069868853E-016   5.5479413875634938E-016   9.0941295232183732E-016  -4.3819852372586729E-017   8.6674005840050676E-015   1.0173611085518186E-015   3.8701409698499555E-015   1.9301410832981125        2.8504217215730438E-015   2.4140438996747599E-015  -1.0859911060700777E-015   1.2378456072378804E-016  -3.6695003968304212E-016   1.2898848986437563E-016  -5.6323381558216111E-015   7.4051088193050279E-016   1.1553347314299849E-016  -2.2667927162915998E-016   4.6194034581088650E-016
   5.6586725429886927E-016  -5.3935975966386242E-016   1.7332023475305721E-016  -1.3765954971622096E-014  -1.8204071948583087E-004   2.2790237608443784E-015  -9.5785536317614281E-017   3.6408143896111511E-004   1.7531546610325643E-015  -1.8204071947984830E-004  -7.9842933284460458E-016   1.1379164927869438E-015  -2.1945596043830170E-016   3.4113813248935946E-014  -4.1905309002596224E-002  -1.4966547017556195E-015  -3.4272647111802780E-016   8.3810618005183482E-002  -9.3447279367407082E-016  -4.1905309002600533E-002   1.3730830482560982E-015  -1.2135494299934068E-015   7.3875944005229783E-016  -2.6692827492105705E-014 -0.96507054164905204       -1.4759379699316488E-015   2.8504217215730438E-015   1.9301410832980932       -2.2962656624249309E-015 -0.96507054164905004        1.1869615181813727E-016  -1.1112369851350657E-016  -9.7941782951062801E-016  -1.6906376312397315E-014   1.0235006812334794E-014   8.7493167354205022E-017   3.1101306243481977E-016  -5.1447133309699210E-016
   2.4009396565871869E-015  -1.9972637274941469E-017   7.9080740011042860E-016   1.3196773808059104E-015   5.3248553803342234E-016  -4.0763987335227213E-016   1.3833951809657936E-015   1.9122541486763162E-015   3.6408143896176937E-004  -1.8071724489236653E-015  -2.5711027084580229E-015   3.1318236503998076E-016  -6.4626091042919921E-016  -4.3121698404886126E-015  -1.9551071551714801E-016  -2.3214563163971660E-016  -2.7895819919496980E-015  -7.7394035665336908E-016   8.3810618005189699E-002   2.2110986171608772E-015   2.8343836409539240E-015  -4.0184449413152485E-016  -2.2065107495191683E-017   3.1813545056822305E-015   2.4941799927486050E-015  -3.7148578077615686E-016   2.4140438996747599E-015  -2.2962656624249309E-015   1.9301410832981165        4.2301164199059538E-016  -1.1336961536965201E-015  -5.8587118654756313E-018   5.4097359818910208E-016  -1.8965051259027620E-015   3.0220069324314482E-016  -6.8215841143614703E-016   5.6869988555355871E-017   3.5679157911975546E-016
  -9.1663028780717082E-016   9.9035588480186095E-016  -4.1676897291881193E-016   3.2515607053759853E-014  -1.8204071947962175E-004  -2.5529185512671204E-015  -1.3824738663723500E-015  -1.8204071948434340E-004  -2.5824777081816410E-015   3.6408143896438008E-004  -1.9493067539108750E-016  -9.2672883226496282E-016   3.6353592783070467E-016  -5.9143927475749637E-014  -4.1905309002599922E-002   5.0596666071288307E-016   1.2297664785370574E-015  -4.1905309002589680E-002   2.3532561566985791E-015   8.3810618005190296E-002  -9.4493490262941663E-016   9.5590476301467964E-017   1.5167807516369617E-015   1.8569948927693489E-014 -0.96507054164904571        8.2469838250112281E-016  -1.0859911060700777E-015 -0.96507054164905004        4.2301164199059538E-016   1.9301410832980963        6.3088087820726867E-016   8.3084342103462735E-016  -8.3182802968986280E-016  -1.2719312715010541E-014   3.8335373510893128E-015   3.4208830251759684E-016   3.3614014016493114E-016  -9.6845682486254921E-016
  -1.9482121289203212E-002  -2.6344191047617177E-017   2.1188537477357726E-015   5.1858724879323643E-015  -2.0044678444511940E-016  -1.0179996925270296E-015   3.8112049354472841E-016   4.0195890682633973E-017  -1.0192585741126705E-015  -2.6530472805060147E-016 -0.17552726070191621        2.5074507595721317E-016  -2.1415101916608416E-015  -8.6954584222358154E-015   9.5312766248558593E-016   3.5685149007266311E-016  -2.4160117982322910E-016  -8.7737325074378658E-016   8.6677281250057189E-016  -3.5728517444225031E-017 -0.17050362377382886       -1.3132319334668009E-016   2.4949328903363198E-015   1.4367144959046519E-015  -4.7839924035312627E-016  -5.0975168435709704E-016   1.2378456072378804E-016   1.1869615181813727E-016  -1.1336961536965201E-015   6.3088087820726867E-016  0.92158640096790378        4.5183899359091125E-016  -7.4120803895613786E-016   9.4206571158737329E-015  -2.9389874930482111E-015  0.65550204114637867        3.4877921272089852E-016  -7.8137321193767365E-016
   1.0836065981937792E-015  -1.9482121289201130E-002   6.8395179826120588E-016  -1.1397094555424348E-014   3.7790059318292475E-015   5.3765840708047414E-016  -1.7399921086620380E-016   4.2190127593296577E-015   1.3421608096638471E-016   3.7716093533841974E-015  -2.9844113088904936E-016 -0.17552726070191957        1.0957018012842534E-015  -1.7796010277055993E-016   1.6582853436151379E-015   2.1462708552236812E-017   2.1186587621336508E-016   1.3461928549662460E-015  -1.7507919039606298E-016   9.4216511131210167E-016  -5.4986043437202693E-016 -0.17050362377382311       -2.0336557659586908E-015   2.8390407705707305E-015  -4.8450078623921238E-017  -6.2713883734675369E-017  -3.6695003968304212E-016  -1.1112369851350657E-016  -5.8587118654756313E-018   8.3084342103462735E-016   4.5183899359091125E-016  0.92158640096791111        1.2431486519401757E-015  -2.4438280453194801E-015   9.2397086597212448E-016   2.9735276145089771E-016  0.65550204114638111        7.2807885630947015E-016
   5.3654710599345606E-016  -1.4004541359946203E-016  -1.9482121289203277E-002  -5.4178281794153376E-015   2.4940223802944461E-015  -8.3247599006160925E-016  -6.5261050052878173E-016   2.1321359842719136E-015   7.6458050706483509E-017   1.8884672657253487E-015  -5.0342320302773791E-016   1.5243948471598217E-015 -0.17552726070191640        1.3479720196735764E-015   1.9084164908168979E-016   8.0627462334508289E-017   4.6426031000167566E-016   2.2095377685492106E-016  -1.2402884813743908E-016  -7.6337947564691533E-016   1.5618637096651848E-015  -2.8986831848035604E-015 -0.17050362377382369        3.2503480389133453E-015   1.6172347344511247E-016  -5.9405097486120000E-016   1.2898848986437563E-016  -9.7941782951062801E-016   5.4097359818910208E-016  -8.3182802968986280E-016  -7.4120803895613786E-016   1.2431486519401757E-015  0.92158640096791056       -3.4917985086908600E-015   4.8733069401508088E-016  -5.3289779092651905E-016   9.2049670595476296E-016  0.65550204114638100     
  -1.3940864889506167E-014   5.5853617913322217E-018   4.6756019131003174E-015  -6.9284396541204512E-003  -3.2354185684174187E-015  -6.0502023865675750E-016  -1.7948486488690135E-015  -3.7427741679520878E-015  -3.6981777738183740E-015  -9.9972337630977994E-015   1.9317523450102769E-014   8.9134523904289976E-016  -3.2407418432698769E-015 -0.52535913079052521       -9.4888250247098681E-015   4.2656797353822610E-017   3.1526798309570731E-015  -5.2843692102113134E-015   2.5537974205787410E-015  -1.4856196248644795E-014  -2.3276785797096428E-014   5.9583415610666190E-016   6.2031377866382579E-015  -1.1529104562029708       -2.4176125072716786E-014  -2.5471825456509286E-015  -5.6323381558216111E-015  -1.6906376312397315E-014  -1.8965051259027620E-015  -1.2719312715010541E-014   9.4206571158737329E-015  -2.4438280453194801E-015  -3.4917985086908600E-015   4.9018634170449227       -1.1272271889474084        3.1520604130962224E-015  -1.7715636345449707E-015   5.3804315106898233E-017
   2.4620927340903357E-015  -2.8975541953612246E-016  -8.6574565989500657E-016  -2.3122145175370344E-003  -1.7594949628042714E-015   3.9831424008371849E-016   5.9553063469403065E-016  -2.1467032299977531E-015   1.1063184647424319E-015  -3.3383202673938364E-015  -3.2678344773615503E-015  -3.7203821213065336E-016   1.7502922976020808E-015  -9.1975414584100690E-002  -7.5804962310201223E-016  -1.9385772913447165E-016  -6.3625021077499509E-016  -2.6624341636249955E-015  -7.0816299271684712E-016  -3.3096592409002900E-016   4.0625372725697685E-015  -5.4261660516745777E-016  -9.6836388825966350E-016 -0.23158231055256168        1.4979571778955410E-014  -1.1685406572933610E-015   7.4051088193050279E-016   1.0235006812334794E-014   3.0220069324314482E-016   3.8335373510893128E-015  -2.9389874930482111E-015   9.2397086597212448E-016   4.8733069401508088E-016  -1.1272271889474084       0.44688366178936823       -9.3651330466057317E-016   6.7668647208282196E-016  -4.7202756277427959E-016
  -1.7868222211323420E-002   3.9672281342984090E-017   1.6122479490687957E-015   3.8237305692075942E-015  -1.2668739075478995E-016  -7.4374293541945657E-016   2.3721585665163457E-016   5.0812687257055410E-017  -7.2097534059174565E-016  -1.2461926317669881E-016 -0.16112558125614326        1.6070334999540867E-016  -1.5618485013981717E-015  -6.3624055211616040E-015   6.8597493218500191E-016   2.7806082141791287E-016  -1.5415030295894618E-016  -5.9432655553501579E-016   6.3447349752442964E-016  -3.0108814665772443E-017 -0.15895556246207773       -9.0035031741053254E-017   1.8926729036713874E-015   1.0296320190664243E-015  -2.2973598025821798E-016  -3.3424351529867353E-016   1.1553347314299849E-016   8.7493167354205022E-017  -6.8215841143614703E-016   3.4208830251759684E-016  0.65550204114637867        2.9735276145089771E-016  -5.3289779092651905E-016   3.1520604130962224E-015  -9.3651330466057317E-016  0.46969993688660394        2.3046246237496353E-016  -5.7148635324889890E-016
   7.3794288617340465E-016  -1.7868222211321890E-002   5.1833115242724067E-016  -8.2478911948529687E-015   2.7008399527643859E-015   3.9912334507106498E-016  -1.1443641527308404E-016   3.0175310234166321E-015   9.9978559033753835E-017   2.7083397745265420E-015  -2.1347955770300670E-016 -0.16112558125614621        7.2851070301109761E-016  -8.2582684323049528E-017   1.1829486428502070E-015   1.4847504490759375E-017   1.4274071629317793E-016   9.8955406787012006E-016  -1.2463671014787249E-016   6.7040567951486905E-016  -3.8733232770127929E-016 -0.15895556246207435       -1.4948815324022432E-015   1.9892115711720824E-015  -1.5921370632981907E-016  -4.5889692340053683E-018  -2.2667927162915998E-016   3.1101306243481977E-016   5.6869988555355871E-017   3.3614014016493114E-016   3.4877921272089852E-016  0.65550204114638111        9.2049670595476296E-016  -1.7715636345449707E-015   6.7668647208282196E-016   2.3046246237496353E-016  0.46969993688660383        5.5074304852450746E-016
   4.5414454040213890E-016  -5.1075359713281435E-017  -1.7868222211323705E-002  -3.9056709266220290E-015   1.8320942047871675E-015  -5.9425219410291738E-016  -4.5086347632909224E-016   1.5551415956434040E-015   5.3309224995323227E-017   1.3640719361074441E-015  -3.0084984049388341E-016   1.0079066034204156E-015 -0.16112558125614310        8.6971524073077060E-016   1.1365535635751198E-016   6.1226395497064308E-017   3.3562919851443335E-016   1.1828399007298733E-016  -8.0809146731296198E-017  -5.6757880941928790E-016   1.3412113533843858E-015  -2.0991636999516035E-015 -0.15895556246207460        2.3895208565601768E-015   2.8551878944901603E-016  -4.1452288242698008E-016   4.6194034581088650E-016  -5.1447133309699210E-016   3.5679157911975546E-016  -9.6845682486254921E-016  -7.8137321193767365E-016   7.2807885630947015E-016  0.65550204114638100        5.3804315106898233E-017  -4.7202756277427959E-016  -5.7148635324889890E-016   5.5074304852450746E-016  0.46969993688660405     
