   3.2967787671507078E-005   4.4391782200454034E-010   5.8602232192194258E-010   1.0258648592712292E-016  -1.8630195776173402E-017  -1.6941580914633037E-018   2.5493030150814733E-018  -2.0249988573803567E-017  -4.2589306358982251E-019  -1.9823312284563232E-017   2.0952174652842629E-003   2.1817627169249082E-008   1.8276646478884673E-008   2.1821784267174285E-015   3.9034807102935645E-017   9.8120362781858178E-017   3.0387163605984056E-018  -2.7073106016580024E-017  -2.3761358488285550E-018  -8.3828935799088452E-018   4.8967347894425398E-003   5.1240471512158672E-008   4.1517514484716085E-008   4.2552859476511033E-015  -1.7493314025125238E-010  -3.1636518212014389E-010  -1.0760347814188064E-011  -1.0833433654681089E-011   1.0912405409692252E-010   2.4553083146289653E-010   1.8478153196216379E-010   8.1008301138557194E-011   6.8454745774373427E-011  -5.2359739456748841E-011   3.2514294859796255E-016   8.4625722770671802E-016   6.7999073476027353E-017  -2.3642756954167844E-016  -2.9555240517238685E-017  -7.4949224535018962E-017   2.8694242889531997E-003   3.0220869662302941E-008   2.4577571994085545E-008   2.2709786328797800E-015   5.9799642617541918E-015   4.6296127062876139E-016  -1.7002196263119001E-015  -2.0140789922112404E-016  -5.6761306854830356E-016  -5.3401774655499439E-003  -5.1861779386055420E-008  -4.2446055302897760E-008  -3.9989962017656983E-015  -7.1484868823109385E-011  -1.4982640754931507E-010  -2.3136399512535043E-011  -1.7390286109632335E-011   4.3761411488446158E-011   1.1329718526035085E-010   8.9409808361648091E-011   3.9214554998319232E-011   2.9870548630503373E-011  -1.1983951629680292E-011  -8.6961918906761274E-015  -1.4676581299932676E-003  -1.4043817707541035E-008  -1.1508359624336344E-008   6.7225694971332676E-015  -1.5665443456409422E-015
   4.4391782200454034E-010   3.2967793938793314E-005  -2.5965771555860806E-010   2.9922268158104566E-018   2.1475413521010519E-017  -1.7686522430902925E-018  -5.5245333741596380E-018  -3.0459608428643122E-017  -1.1087373798929257E-018  -2.6605011320828290E-017   6.7208423817748822E-009   2.0952172997978739E-003  -5.3349305302508293E-009  -1.3871184365550212E-015  -1.1042317181567341E-016   1.0961125023731102E-017   3.0558574835876338E-017  -2.4520477528570803E-017   1.4681171181998351E-018  -4.7600147859955441E-017   1.4420235381797399E-008   4.8967355499041848E-003  -1.1922902735205231E-008  -3.1860429100902475E-015  -3.0298308768697057E-011  -1.7294775635371841E-010   8.4026402905849958E-011   2.1792103818059509E-010   2.9298908959822376E-010  -1.7727157713220809E-010   1.8792758478567819E-010   5.5470322929969334E-011  -7.9183641554192754E-011  -1.0397471612100063E-010   1.2672000286729369E-017   8.6394439896047792E-017   1.6978124382837643E-016   3.9703648489760487E-017  -2.2764499848484308E-017  -9.4088332870666963E-017   8.6237813819746804E-009   2.8694246099155679E-003  -7.1804044181691267E-009  -4.1659332440857223E-017   6.0315004898447228E-016   1.2573727922879039E-015   5.0798455507048412E-016  -1.2090806018192516E-016  -4.6865607361390495E-016  -1.4850874610326359E-008  -5.3401779033406468E-003   1.2002355264708987E-008   2.3256997624177951E-015   2.4834480282333173E-012  -6.5523200352929982E-011   3.4252956760441934E-011   6.8913948195352649E-011   1.1226802824653188E-010  -7.2245839553257883E-011   6.8573355629806381E-011   9.9250583112968787E-012  -2.6477826861022591E-011  -3.2928341056733379E-011   5.1499723880534612E-015  -4.0250796293802148E-009  -1.4676582403464603E-003   3.2368048485170365E-009  -3.8019668361094062E-015   8.7135964649057131E-016
   5.8602232192194258E-010  -2.5965771555860806E-010   3.2968015709686969E-005   2.1725339573210524E-017  -2.2851299030119261E-017  -4.2725492043232083E-018   2.0199462772114427E-018  -9.9397115623539874E-018  -3.0228523990233097E-018  -3.1386768802157257E-018   1.9664552132625270E-008  -1.1290836993890758E-008   2.0952247316594402E-003  -2.6003475679842137E-016  -4.8788970466081962E-017   4.9737140821166871E-018  -7.1072866508629545E-019  -5.8423101757361738E-017   3.0052411847788643E-017  -4.5433923505124135E-017   4.4975867896710383E-008  -2.6459124291587689E-008   4.8967517011058734E-003  -1.0822499458820699E-015  -3.3139528204874957E-011  -4.5041551056246011E-011   3.5501709760166027E-010   1.9835899037941673E-010   1.5238623971174279E-010  -1.5389765415518157E-010   2.3211586190777634E-010  -3.0913655640901655E-010  -2.6637459597115065E-010  -3.4197248749442272E-011  -1.7358498235620241E-016   1.7928349249936538E-017   3.4160579988483577E-017  -3.9330551329211023E-017   2.0114269474203187E-016   1.7655751140444675E-016   2.6596263900979665E-008  -1.5708592470748435E-008   2.8694342967724770E-003  -1.0319422181294311E-015   1.3612245634078076E-016   2.1270754568665240E-016  -2.2455745157938252E-016   1.4409361896704283E-015   1.2583217066647552E-015  -4.5921858740758735E-008   2.6611381553755762E-008  -5.3401944336749852E-003  -1.6855563827608077E-015  -5.9528840791307682E-012  -1.3486356303573626E-011   1.5925269542972354E-010   8.7121242734168313E-011   4.9727863775008651E-011  -7.9134617639888425E-011   1.0113199180201930E-010  -1.4793588297824121E-010  -1.2219644898055602E-010  -8.4349524820091783E-012  -3.3284880816190815E-015  -1.2449940784365218E-008   7.1912125713761358E-009  -1.4676627144241190E-003   3.3856455364177173E-015  -8.5511475677135121E-016
   1.0258648592712292E-016   2.9922268158104566E-018   2.1725339573210524E-017   5.1141770766836481E-005   7.3507237649411939E-013   8.2387921342179799E-011   8.7772587895182160E-011  -3.3419501441119984E-011  -7.1193694939043738E-011   3.2685394841465746E-011   5.0210637643929839E-015   1.4433268531024254E-015   2.0247019877764172E-015   4.5648969466196261E-003  -6.4277513354606579E-011   2.7616166233046416E-011  -3.3134798730503358E-011   3.4854663291444266E-011  -4.6976478142553345E-011   2.9416743866636676E-011   1.1998132879276611E-014   3.1972391880248690E-015   4.6917911224836121E-015   8.9265009797772216E-003   1.4150577048788976E-018   4.6391262873547018E-018  -7.7151365125321969E-018   1.5722948758973244E-018  -4.2986475455915337E-019   1.7571425737079060E-018   5.8223364002129151E-018  -2.4680685076669934E-018   1.1299070104235020E-018  -6.7268613805064338E-019   5.8669422782061586E-011   3.2640741636419296E-010   6.6479509104613394E-010  -9.9747885397181865E-011  -1.1258538128847796E-011   4.1077041680181848E-011   6.3894397046534944E-015   2.9073092541697713E-015   3.1540696397049282E-015   6.0470466091308856E-010   2.2046130158111579E-009   4.7592428785142031E-009  -9.9797008519397580E-010  -6.3709466787745314E-011   3.9326612947113520E-010  -2.6912644198924618E-014   2.0780618738763211E-014   5.1079524346423282E-015  -2.7572686163878282E-003   6.8674906608359326E-019  -5.5424544542760111E-019   4.2549434484722365E-018  -1.3859542825970210E-018  -6.2931111414544714E-019   6.8067655531792013E-019  -5.5911902703332793E-018   4.7972133499568637E-018  -2.2438872668300848E-018   9.6320341149473688E-018  -6.6485334872732399E-003  -8.1189588736809898E-015   6.9737886598572062E-015   1.9336059143955908E-015   3.3859345614423355E-003  -6.4540650755245065E-004
  -1.8630195776173402E-017   2.1475413521010519E-017  -2.2851299030119261E-017   7.3507237649411939E-013   9.1317710103387469E-009  -1.9217670781647156E-014   7.2322586047811714E-014  -4.5658783927720340E-009   1.9510121230029506E-014  -4.5658926150324408E-009  -1.1409535629587980E-015   1.1867556223383971E-015  -1.4015411889963300E-015   6.0025962045108712E-011   2.0028787402865672E-006   4.7573745083893705E-012   5.4995880135127741E-012  -1.0014359461535269E-006   8.0405361151653288E-012  -1.0014427941317603E-006  -2.6824335120778835E-015   2.8298744505433579E-015  -3.2907221047283585E-015   1.1726868564471091E-010   3.0024971742673843E-021  -6.3795088489817814E-020  -1.4860711585291689E-020  -2.1920453786443259E-020   6.0924227876482188E-021  -5.4910168588911195E-021   2.3355904557259478E-019  -4.1136712314333811E-020  -7.3284878064909706E-020  -1.6732847988252873E-020   1.7491732727838754E-005   4.4643417476294909E-011   4.9511425881111529E-011  -8.7458356876166973E-006   6.8440839747345868E-011  -8.7458970402273503E-006  -1.3376624210504133E-015   8.8405643579613851E-016  -1.7298675926981834E-015   1.2329004911485820E-004   3.2099063281410599E-010   3.5082392671365110E-010  -6.1644797945373820E-005   4.8229280614596897E-010  -6.1645251169464306E-005   8.7137258563167150E-015  -2.2167796163900688E-014   8.4727077465231831E-015  -2.2662107689055768E-011  -5.5148722184296150E-021   7.5514938879382785E-020   2.1009075079382748E-020  -1.0045677893866116E-019  -1.0954105091485134E-021   4.3529569141758088E-020  -1.0869088700509870E-020  -5.8411386264749917E-020   2.7597119882341418E-020   1.4438839750333956E-020  -5.9185511848445776E-011   2.6951930680815531E-015  -7.0827228821294262E-015   2.5820662999230277E-015   1.8481728055466150E-011  -2.0730364505096545E-012
  -1.6941580914633037E-018  -1.7686522430902925E-018  -4.2725492043232083E-018   8.2387921342179799E-011  -1.9217670781647156E-014   9.1318145288357386E-009  -1.6486258034419666E-016   1.0892220236997597E-013   2.8646346801387121E-013  -8.9704158846172327E-014  -1.3661234936724147E-016  -1.1991558136100002E-016  -2.8105408943872532E-016   7.5203523996207099E-009  -9.8263325756174985E-012   2.0028837076031114E-006   1.3355125427934140E-012   2.4067335140999773E-011   3.0384131579258908E-011  -1.4241001015683057E-011  -3.1506674643855738E-016  -2.7863225058950027E-016  -6.5368296197691793E-016   1.4643117431486342E-008   1.9142966732687013E-022   1.0891230719372807E-020   3.9288325256488389E-020   5.7916286082179083E-020   8.6671741859160433E-021  -4.2645031043131485E-020   7.3357604449054129E-020   5.3407695003445065E-021   8.0021278106555248E-021   4.7187109787761923E-020  -8.3518307427252381E-011   1.7491775011854659E-005   1.1931440688274297E-011   2.0967143405404607E-010   2.6542272618820503E-010  -1.2615312631967091E-010  -1.8564274179046006E-016  -1.8331708160489348E-016  -4.2132418534163125E-016  -5.7876734610745445E-010   1.2329034137576516E-004   7.9929733531036922E-011   1.4697545964973199E-009   1.8605259493957118E-009  -8.9098724959735184E-010   3.8095818857949172E-016  -1.8825628342505198E-016  -2.2738107044121860E-016  -5.7014189259929948E-009   2.5898220094265652E-020   3.2015112948219931E-020  -8.7255105318437160E-021  -4.3838113659321020E-020  -4.1456516795922359E-021  -1.7894682034295445E-020   1.3276759809003600E-020  -3.0740089629967307E-020  -1.0303680762178280E-020   2.8709553460550316E-020  -1.3333783121313934E-008   1.0652184678291822E-016  -7.7282487662641318E-017  -1.1129449382274723E-016   7.7963129497811235E-009  -1.6111458654383357E-009
   2.5493030150814733E-018  -5.5245333741596380E-018   2.0199462772114427E-018   8.7772587895182160E-011   7.2322586047811714E-014  -1.6486258034419666E-016   9.1319964795120308E-009  -1.2896593042800709E-013   8.8563633802433200E-014   5.6644537601977191E-014   1.5870270415279026E-016  -3.3269555684853828E-016   9.7773309244970805E-017   7.9869248238180502E-009   9.9401530360463657E-012  -1.2691215102805844E-012   2.0029043464828098E-006  -1.5990464848742417E-011   1.8480212368637431E-011   6.0503072674100483E-012   3.7177430673969476E-016  -7.8401182666103653E-016   2.3804817060400242E-016   1.5556777555558107E-008   4.0229788223304419E-020  -6.6936103961863287E-020  -4.0443339265923719E-020  -1.3255246501457161E-020  -9.1738771268359233E-020  -3.5657273885666009E-020  -1.6103163843072938E-019  -1.0803436198625040E-019  -1.5058239436017730E-019  -1.3677965371681157E-019   8.8513282132741648E-011  -1.1363311384754112E-011   1.7491951420328117E-005  -1.4410108064103272E-010   1.6256601514711769E-010   5.5587796312729240E-011   2.1334182135546447E-016  -3.5279828697475244E-016   1.1185187538424997E-017   6.2608055459690947E-010  -8.4947103030738487E-011   1.2329156780821297E-004  -1.0234950880327340E-009   1.1450535800900553E-009   3.9741453262727699E-010  -5.1055645024884381E-016   3.4935425522241112E-015  -3.4243032624958071E-015  -6.0049969761572961E-009  -2.1923224908242611E-020  -1.7659579145271315E-020  -1.4429543991713736E-020   1.0212060671203827E-020  -4.5950852104935866E-020   2.2320519140870392E-020  -3.7229825894583677E-020  -1.4371509739237725E-020  -4.2279974913254704E-020  -9.4204675371377750E-020  -1.4060817631055825E-008  -1.4578929965420561E-016   1.0970460487092552E-015  -1.1053471554831355E-015   8.1854129071435329E-009  -1.6876829623067615E-009
  -2.0249988573803567E-017  -3.0459608428643122E-017  -9.9397115623539874E-018  -3.3419501441119984E-011  -4.5658783927720340E-009   1.0892220236997597E-013  -1.2896593042800709E-013   9.1318415885846952E-009  -3.1857640844914564E-014  -4.5659631953981883E-009  -1.2311538926089614E-015  -1.9356529577887669E-015  -6.7239173767914257E-016  -3.0578413266672196E-009  -1.0014416059430339E-006   3.6325638640533258E-013  -1.1131750603333351E-011   2.0028871133295056E-006  -1.6919197696565865E-012  -1.0014455073840414E-006  -2.8933765470752737E-015  -4.5244580508279511E-015  -1.5583391899785944E-015  -5.9492899219475673E-009  -1.6294282956499398E-020  -4.3444009243075019E-020   2.1162564514438647E-020  -1.2972097672734246E-020   4.5122251086057438E-020   4.0254605997251143E-020  -8.2022077293292687E-020   8.3661880443062692E-020   2.1094378521785470E-020   1.0427751092443979E-019  -8.7458856569797885E-006   1.2522197798703647E-012  -1.0107066085353534E-010   1.7491803029066721E-005  -1.4048567344590387E-011  -8.7459173720791242E-006  -1.4887197961226028E-015  -2.6400642769664675E-015  -1.0945135986099013E-015  -6.1645153466117171E-005  -1.2712719954414120E-013  -7.1848108029078825E-010   1.2329052330925343E-004  -1.0497939825334129E-010  -6.1645369843094176E-005   8.2384730341253152E-015   5.2105722629111312E-015  -2.7693471485119149E-015   2.3612310199841981E-009  -1.2909399400262786E-020  -4.8428020627662816E-020   3.5826927928535465E-020   9.4045950944442045E-020   1.2722563686936959E-020  -5.3728233441579786E-020  -2.6940660679221596E-020   5.0309008280949482E-020  -3.7787705489020127E-020   1.1857304341517690E-019   5.5087422025740930E-009   2.5280275275877448E-015   1.4463848709040103E-015  -9.9303904155380792E-016  -3.2520435158837613E-009   6.7540803089688956E-010
  -4.2589306358982251E-019  -1.1087373798929257E-018  -3.0228523990233097E-018  -7.1193694939043738E-011   1.9510121230029506E-014   2.8646346801387121E-013   8.8563633802433200E-014  -3.1857640844914564E-014   9.1316811245694839E-009   1.2347606737434647E-014  -3.3355579629397611E-017  -5.0841088694260696E-017  -1.9343124879631084E-016  -6.5322353132985305E-009  -3.2166860559718501E-012   3.2687799756905611E-011   9.2197746232579692E-013  -5.3154709544990244E-012   2.0028689176679919E-006   8.5321559165421638E-012  -7.5716439185799959E-017  -1.2480049031346247E-016  -4.5310743258325781E-016  -1.2708535064225006E-008  -2.1787183494801930E-020  -8.0977841681676714E-020  -2.5328490972622301E-020   3.8030540104151208E-020  -4.0185706147176794E-020   5.8277475511642883E-020  -1.3714672563670904E-019   7.9489337238071199E-021  -2.4488004347567221E-020  -7.0012891744598017E-020  -3.0648589816760462E-011   2.8604400214380359E-010   7.8827220359188468E-012  -4.5776250922738129E-011   1.7491646280598474E-005   7.6424840625580821E-011  -7.5923510309435786E-017   9.3176959238973063E-018  -2.4097323127043920E-016  -2.1934581981767188E-010   2.0068316891502387E-009   5.1968029197175756E-011  -3.2666492240358248E-010   1.2328944179398966E-004   5.4601074114967812E-010  -6.9609911413176201E-016   2.1695163275041179E-015   1.1045657503919234E-015   5.0766911639062897E-009   3.3551144938619255E-020   3.7886021330502425E-021  -6.2061861604124391E-020  -1.5614235217528814E-020  -2.4647412813143312E-020  -8.1707390153671231E-021   6.2233589350203473E-020   1.8037845913654779E-020   5.7921690488346004E-020   1.8311232460808654E-020   1.1833691026269883E-008  -2.3171809344358325E-016   7.0177639111600014E-016   3.3523843312006073E-016  -7.0083574542294948E-009   1.4579367020547049E-009
  -1.9823312284563232E-017  -2.6605011320828290E-017  -3.1386768802157257E-018   3.2685394841465746E-011  -4.5658926150324408E-009  -8.9704158846172327E-014   5.6644537601977191E-014  -4.5659631953981883E-009   1.2347606737434647E-014   9.1318558074818840E-009  -1.2091859557179194E-015  -1.6454990589386890E-015  -2.5313380696378584E-016   2.9979040969279019E-009  -1.0014371337876957E-006  -5.1205494937387304E-012   5.6324239233221596E-012  -1.0014511670849282E-006  -6.3485969323952375E-012   2.0028883008689133E-006  -2.8417018705458796E-015  -3.8590803977227908E-015  -5.7561010174295739E-016   5.8321938670092979E-009   1.3669644058720704E-020   1.0802635925640559E-019  -6.7779926282534322E-021   3.4426530900794190E-020  -5.1906567088158861E-020  -3.4804518491471872E-020  -1.5233280021419999E-019  -4.2387369381034441E-020   5.2470959045922917E-020  -8.7292478912613161E-020  -8.7458470660046583E-006  -4.5894926354358839E-011   5.1561517292650618E-011  -8.7459673406548593E-006  -5.4392102855073347E-011   1.7491814406657004E-005  -1.4570381800428405E-015  -2.0741565449214697E-015  -5.4391911925569586E-016  -6.1644895614525544E-005  -3.2085849484303341E-010   3.6767324045286447E-010  -6.1645725358274920E-005  -3.7731221284145131E-010   1.2329062097273834E-004   8.2206899038268612E-015   8.8278068766409095E-015  -4.4565455287590352E-015  -2.3386386602429218E-009   1.8572119939344913E-020  -2.6720664165186508E-020  -5.6970643960328583E-020   6.2858476485912128E-021  -1.1876279334431938E-020   1.0125285963429716E-020   3.7476253963642538E-020   8.1504035971426263E-021   1.0271761765495584E-020  -1.3294732374954362E-019  -5.4497190935353062E-009   2.5251286510204317E-015   2.6658840954051735E-015  -1.4886766005862928E-015   3.2336585120514732E-009  -6.7335517420369179E-010
   2.0952174652842629E-003   6.7208423817748822E-009   1.9664552132625270E-008   5.0210637643929839E-015  -1.1409535629587980E-015  -1.3661234936724147E-016   1.5870270415279026E-016  -1.2311538926089614E-015  -3.3355579629397611E-017  -1.2091859557179194E-015  0.13340985841478584        1.7687390527612644E-008   4.0616283984476714E-008  -1.1167862154994095E-014   8.1199212971653784E-017  -1.6462171845389087E-016  -3.0512839864340860E-016   1.1980422958359395E-016   7.5420187669893859E-017   1.2467910895086316E-016  0.31171209989555193        5.8010031942905835E-008   1.9222248859948490E-008  -1.2576178357050648E-014  -1.1146412243391794E-008  -2.0143062718638883E-008  -6.8063304275190898E-010  -7.0003532449186652E-010   6.9592942242650223E-009   1.5654514223410023E-008   1.1764873904401785E-008   5.1654150935942656E-009   4.3588282663817713E-009  -3.3427595947046263E-009  -4.6106595336608995E-016  -2.2918351903187178E-015  -1.4381293176039925E-016   8.0083058165127237E-016   1.2872645379201665E-018   5.2383433094894453E-016  0.18375157290681432        3.6200590882247061E-008   1.9451439376468992E-008  -4.5972557243850585E-015  -1.5112472865789902E-014  -2.0264636098608875E-015   3.5287093474796054E-015   4.8658876077815538E-016   1.2597289260642314E-015 -0.31303006494392721       -5.9087995484346741E-008  -3.1539924228461745E-008   1.2418400096070838E-014  -4.5030487084550999E-009  -9.4804945291418211E-009  -1.4283206216870966E-009  -1.1156490005961469E-009   2.7770292319236701E-009   7.1571161943119279E-009   5.6521359155638121E-009   2.4453668526615934E-009   1.8973576046399814E-009  -7.5806163682390441E-010   2.7434494619831113E-014  -8.4634477145932432E-002  -1.5959871046845317E-008  -8.5545803339607369E-009  -2.1114658530391079E-014   4.9226142914740818E-015
   2.1817627169249082E-008   2.0952172997978739E-003  -1.1290836993890758E-008   1.4433268531024254E-015   1.1867556223383971E-015  -1.1991558136100002E-016  -3.3269555684853828E-016  -1.9356529577887669E-015  -5.0841088694260696E-017  -1.6454990589386890E-015   1.7687390527612644E-008  0.13340981175268996       -5.7587751055005707E-009   1.6600440176765913E-014  -6.6772965459797902E-015   6.1436164092449024E-017   5.2396646260718880E-016  -2.1686428209179670E-015   1.9420208208362955E-016  -2.6725263242216175E-015  -4.0410296025256555E-008  0.31171206393456585        2.0985948609230720E-008  -1.3397082661447334E-015  -1.9488965838487595E-009  -1.1011302566333637E-008   5.3563590530874099E-009   1.3890743603036232E-008   1.8671850087456025E-008  -1.1276023552976581E-008   1.1981195625270524E-008   3.5478908792118590E-009  -5.0631634870457581E-009  -6.6368357258177750E-009   1.0828010619215425E-015  -9.5111764939708713E-017  -1.1266836837432457E-015  -2.0115923619903852E-015  -2.2026456290290281E-016  -1.7203621374253136E-015  -1.5531546949453608E-008  0.18375154326342522        3.1419912386604099E-009   8.5169874832674658E-016  -1.0028954030723701E-015  -4.4595901270429631E-015  -4.8304502236349229E-016   6.7796840126486031E-016  -5.5230692637808296E-016   2.7140848563299855E-008 -0.31303001646278922       -9.7599638603449443E-009  -2.6314583447120282E-015   1.7580578746135450E-010  -4.1391122828437034E-009   2.1706036825594405E-009   4.3545622018805068E-009   7.1253645261110178E-009  -4.5904301725619235E-009   4.3090886916577851E-009   6.3150156925211375E-010  -1.6421489962572919E-009  -2.0885654629316832E-009  -3.6518145687298287E-015   7.2844910294433767E-009  -8.4634464000994516E-002  -2.6287408525931360E-009   2.1668805241251479E-015  -4.3257868796615537E-016
   1.8276646478884673E-008  -5.3349305302508293E-009   2.0952247316594402E-003   2.0247019877764172E-015  -1.4015411889963300E-015  -2.8105408943872532E-016   9.7773309244970805E-017  -6.7239173767914257E-016  -1.9343124879631084E-016  -2.5313380696378584E-016   4.0616283984476714E-008  -5.7587751055005707E-009  0.13340985914570522        1.2391366824118333E-014  -2.0911335257536247E-015   1.5122365426915222E-016  -2.4096231498995534E-016  -3.3798498418774924E-015   3.6685243674469136E-016  -4.1414911516334098E-015   3.2935910669960037E-008  -1.8485581538989947E-008  0.31171209743004014       -4.7175572996944803E-015  -2.1197188073341496E-009  -2.8606704121303749E-009   2.2627358814897940E-008   1.2638322314162072E-008   9.6997977551969442E-009  -9.7944215083129487E-009   1.4774304180863514E-008  -1.9686363385518958E-008  -1.6961141142682231E-008  -2.1920824467516556E-009  -1.1774773449814805E-015  -2.5656485921779963E-016   1.9318961701521318E-016  -5.0197983357928898E-016  -6.8032100232032420E-016  -5.8305842639955771E-016   2.6351392940586189E-008  -1.7756621280694165E-008  0.18375157370863310        2.8143263325697862E-015  -1.2292238668929782E-015  -2.4601056787964900E-016   2.3889357374666161E-016  -3.2004126467681069E-015  -2.9003434001889266E-015  -4.3335163501755894E-008   2.4953206052801127E-008 -0.31303006544477602        1.5983402757455901E-015  -3.9220367365281993E-010  -8.7223907324342602E-010   1.0084791640231926E-008   5.5007349274555769E-009   3.1517024846564793E-009  -4.9745389260659824E-009   6.4157353251845694E-009  -9.3766550106852985E-009  -7.7353731139604869E-009  -5.2780678616390910E-010   5.6427493775456854E-015  -1.1738143450195694E-008   6.7276317233028648E-009  -8.4634477297554425E-002  -5.1036614607174291E-015   1.2745673776576613E-015
   2.1821784267174285E-015  -1.3871184365550212E-015  -2.6003475679842137E-016   4.5648969466196261E-003   6.0025962045108712E-011   7.5203523996207099E-009   7.9869248238180502E-009  -3.0578413266672196E-009  -6.5322353132985305E-009   2.9979040969279019E-009  -1.1167862154994095E-014   1.6600440176765913E-014   1.2391366824118333E-014  0.41834366757613456       -6.6564510486335068E-009  -8.0806803448769325E-010  -1.0269421307047795E-008   4.4938838839562098E-009  -4.3537136489040562E-009   2.1620416091908516E-009  -1.4658878302808578E-015   2.9687988453922783E-014   2.9923924711045880E-014  0.81425779039828650        1.0515586271869646E-016   4.8275346284962106E-016  -8.1044137666933663E-016   1.2618744745956876E-016  -2.6555097233515966E-017   1.8010640598230445E-016   8.6151226331776936E-016  -2.6989515442623789E-016   1.1405194012846205E-016  -1.8385996097859652E-016  -1.4801760639082658E-009   5.2788281164501444E-010  -2.8238044863470911E-009   1.9928766618678030E-009  -2.1201443702544609E-009  -5.1283350562001486E-010  -1.0294936557699001E-014   1.9123402690379426E-014   1.4505413039040327E-014   7.0920067625055345E-009  -4.7488046560987396E-009  -1.2783491754713712E-008  -1.2354888625394995E-008  -1.2624572936048783E-008   5.2630212062022654E-009  -7.0431487500577319E-016  -7.6949184110562350E-014  -5.9221655974202510E-014 -0.32223476531292211        3.3330287673561708E-017   2.6499918235492205E-017   4.5905298910835317E-016  -1.0326353683682251E-016  -8.0059990723478378E-017   5.6734945840184956E-017  -5.4644513241353268E-016   4.6427500426662366E-016  -2.4007208967254674E-016   1.0224379310393046E-015 -0.75211471608299729       -8.4234038810364812E-016  -2.3222256746092520E-014  -1.7776876065218897E-014  0.44338589279259633       -9.2019594141709626E-002
   3.9034807102935645E-017  -1.1042317181567341E-016  -4.8788970466081962E-017  -6.4277513354606579E-011   2.0028787402865672E-006  -9.8263325756174985E-012   9.9401530360463657E-012  -1.0014416059430339E-006  -3.2166860559718501E-012  -1.0014371337876957E-006   8.1199212971653784E-017  -6.6772965459797902E-015  -2.0911335257536247E-015  -6.6564510486335068E-009   4.3929301817810360E-004  -1.8717599009072209E-010  -9.2632685345380036E-011  -2.1964659066112062E-004   1.1940586945091972E-010  -2.1964642751670218E-004   4.7763323491638680E-016  -1.5821022558248695E-014  -4.9910036049713985E-015  -1.3147488031190759E-008   6.3433434477120808E-019  -1.4014624783493483E-017  -3.2197974664904900E-018  -4.8055588731762637E-018   1.3363651549035069E-018  -1.1742337386689543E-018   5.1261401829032514E-017  -9.0626829188155534E-018  -1.6097373149137779E-017  -3.6695179416385558E-018   3.8364759226867098E-003  -9.5564602705084345E-010  -4.8396238929372336E-010  -1.9182385040607750E-003   6.5249659483505160E-010  -1.9182374186270958E-003   2.1214904006539253E-016  -7.9771081045917979E-015  -3.3212591849634738E-015   2.7041306444332537E-002  -5.3490886625205943E-009  -3.0067598318376127E-009  -1.3520654768435950E-002   4.5748185433826681E-009  -1.3520651675892186E-002   1.7634486473433379E-015   4.7614521890865371E-014  -5.5208939829175016E-015   5.0456220818136001E-009  -1.2183229203889993E-018   1.6554144820407712E-017   4.6225131851166219E-018  -2.2034391934524115E-017  -2.4463615192682384E-019   9.5602294480941739E-018  -2.3733294105075053E-018  -1.2828933381940352E-017   6.0473057568633973E-018   3.1689990400834123E-018   1.1870448239497418E-008   5.9641788001076689E-016   1.4665150829116482E-014  -2.0824005381405440E-015  -6.9047800354839578E-009   1.4230247995421059E-009
   9.8120362781858178E-017   1.0961125023731102E-017   4.9737140821166871E-018   2.7616166233046416E-011   4.7573745083893705E-012   2.0028837076031114E-006  -1.2691215102805844E-012   3.6325638640533258E-013   3.2687799756905611E-011  -5.1205494937387304E-012  -1.6462171845389087E-016   6.1436164092449024E-017   1.5122365426915222E-016  -8.0806803448769325E-010  -1.8717599009072209E-010   4.3929311030631687E-004   2.9465000562546385E-011   1.1591791543618877E-010   4.7338138703076540E-011   7.1258416630542473E-011   5.5519868007807708E-016   1.7654714750906879E-016   4.3504260371015808E-016  -1.4409078440918863E-009   3.7677124300893608E-020   2.3793676959560744E-018   8.6318912764494873E-018   1.2710776484365538E-017   1.9108696258196030E-018  -9.3575477254189993E-018   1.6098708335548292E-017   1.1649924414962862E-018   1.7467694131601860E-018   1.0346982367789004E-017  -1.1308663792471989E-009   3.8364764866333405E-003   3.1577876452555588E-010   8.9938406386947464E-010   4.2843566402230839E-010   2.3148238324366114E-010  -1.2482944415460023E-016   1.0548681839329025E-016   2.1282518724147451E-016  -5.7975312953871995E-009   2.7041309152334905E-002   1.3114323193631300E-009   4.5608308864286861E-009   7.6079926494577834E-010   1.2367005821306541E-009   1.9955579468133076E-015   2.2381222495993526E-016  -9.1452532804158195E-016   4.9298586946704792E-010   5.6788540854152758E-018   7.0185602288417632E-018  -1.9111373740962453E-018  -9.6120835925340539E-018  -9.0560726759727654E-019  -3.9260046127569650E-018   2.9187342125380856E-018  -6.7475747622085645E-018  -2.2620527056421584E-018   6.2917677679673447E-018   1.0237487177077696E-009   6.5777885875229077E-016   8.2349430663105311E-017  -2.7535242492729275E-016  -5.2780276704350585E-010   9.9634441312246898E-011
   3.0387163605984056E-018   3.0558574835876338E-017  -7.1072866508629545E-019  -3.3134798730503358E-011   5.4995880135127741E-012   1.3355125427934140E-012   2.0029043464828098E-006  -1.1131750603333351E-011   9.2197746232579692E-013   5.6324239233221596E-012  -3.0512839864340860E-016   5.2396646260718880E-016  -2.4096231498995534E-016  -1.0269421307047795E-008  -9.2632685345380036E-011   2.9465000562546385E-011   4.3929341175273444E-004   2.5240613668849846E-010  -1.0974290740715622E-011  -1.5977444601660046E-010  -5.9533789659782791E-016   1.5455942104863956E-015  -5.4811813567052177E-016  -1.9325211185306341E-008   8.8254686676355467E-018  -1.4683005969297307E-017  -8.8669992697382303E-018  -2.9022249277470841E-018  -2.0114173528706753E-017  -7.8302924191110414E-018  -3.5321541591433526E-017  -2.3690343928940554E-017  -3.3028045910579269E-017  -3.0001029901971645E-017  -4.3570893836785785E-010   1.9594343444886623E-010   3.8364782773555027E-003   1.2281221201938558E-009   1.6124933428696943E-010  -7.9241366280084196E-010  -3.4583066843872103E-016   6.0078093831569332E-016  -1.6825825604218003E-016  -2.5893043817963123E-009   3.1672146909431550E-010   2.7041318050255590E-002   6.9452343354101625E-009   9.6348875065385294E-010  -4.3559301314328710E-009   2.0561844450784291E-015  -6.6512859645028070E-015   3.5976609116860237E-015   7.5369874377434465E-009  -4.8079553574706688E-018  -3.8740869227048226E-018  -3.1677517279884167E-018   2.2417725259858561E-018  -1.0075115196056764E-017   4.8929752418641665E-018  -8.1629817415243533E-018  -3.1516629764613797E-018  -9.2723338779662948E-018  -2.0666610236998226E-017   1.6917006669256194E-008   6.3456723922624970E-016  -2.0920507214272403E-015   1.1456145948063134E-015  -9.7850411340740240E-009   2.0029451702637041E-009
  -2.7073106016580024E-017  -2.4520477528570803E-017  -5.8423101757361738E-017   3.4854663291444266E-011  -1.0014359461535269E-006   2.4067335140999773E-011  -1.5990464848742417E-011   2.0028871133295056E-006  -5.3154709544990244E-012  -1.0014511670849282E-006   1.1980422958359395E-016  -2.1686428209179670E-015  -3.3798498418774924E-015   4.4938838839562098E-009  -2.1964659066112062E-004   1.1591791543618877E-010   2.5240613668849846E-010   4.3929329696917738E-004  -2.0933440630100796E-012  -2.1964670630752453E-004   7.5012059482170325E-017  -5.0030613591851748E-015  -7.9766382577677198E-015   9.2025792452169345E-009  -3.6045295368877027E-018  -9.6064074282881327E-018   4.6807910479096678E-018  -2.7881229753441907E-018   9.9794748079916961E-018   8.8139359304215390E-018  -1.7911331330049000E-017   1.8348915481764747E-017   4.6012225195087070E-018   2.2840494924742971E-017  -1.9182386225758351E-003   5.9119808952116133E-010   1.3592194908279027E-009   3.8364777382129647E-003   1.4133366850904836E-010  -1.9182391156354174E-003   2.5771984081072202E-016  -3.2747881111944289E-015  -4.2432567181361955E-015  -1.3520656330409525E-002   2.2032803503538277E-009   8.2453424206006489E-009   2.7041314564406657E-002  -3.1066901536705114E-010  -1.3520658233987905E-002   2.7636375766851040E-015  -2.9551509529614530E-015   1.9126478979771034E-014  -3.6488696970097797E-009  -2.8430528367223188E-018  -1.0658204544588476E-017   7.8696275882837502E-018   2.0643312234306128E-017   2.8218424385572618E-018  -1.1784800285240989E-017  -5.8765415759929062E-018   1.1035615890290915E-017  -8.2965565986709653E-018   2.5999493644446475E-017  -8.6520002314010453E-009   9.1205556554855167E-016  -1.2480731454430385E-015   5.7955454325434841E-015   5.1453595953777987E-009  -1.0733368463223895E-009
  -2.3761358488285550E-018   1.4681171181998351E-018   3.0052411847788643E-017  -4.6976478142553345E-011   8.0405361151653288E-012   3.0384131579258908E-011   1.8480212368637431E-011  -1.6919197696565865E-012   2.0028689176679919E-006  -6.3485969323952375E-012   7.5420187669893859E-017   1.9420208208362955E-016   3.6685243674469136E-016  -4.3537136489040562E-009   1.1940586945091972E-010   4.7338138703076540E-011  -1.0974290740715622E-011  -2.0933440630100796E-012   4.3929303841359121E-004  -1.1731276711204907E-010   1.5499279296946165E-016   4.8287895356356481E-016   1.0293465607753577E-015  -7.7860543767243967E-009  -4.7794183129551895E-018  -1.7762520316625838E-017  -5.5507689910755398E-018   8.3463399144284186E-018  -8.8091630773574095E-018   1.2779595977194111E-017  -3.0071593157825671E-017   1.7366328594190827E-018  -5.3759418395010106E-018  -1.5357921837288855E-017   4.8230988521649154E-010   5.3885691661386944E-010  -1.3265487887013549E-010   1.2313246915589283E-010   3.8364759540276665E-003  -6.0544237981011333E-010   1.4707134080248063E-016   1.1171443641328837E-016   5.4078676201641155E-016   2.6714023191724034E-009   1.7490124704688391E-009  -1.7230687370800784E-009  -1.2167231520772781E-011   2.7041307104034528E-002  -2.6592353221353467E-009   9.4465282797487904E-016  -4.2925230020520694E-015  -1.3938591239739405E-015   2.9273297357641005E-009   7.3585581707924851E-018   8.2970887654075176E-019  -1.3606384230226120E-017  -3.4220597329409589E-018  -5.4040303767206538E-018  -1.7943205586231472E-018   1.3651424463433666E-017   3.9546067651558152E-018   1.2699754973011419E-017   4.0192523429031709E-018   6.3083399928124905E-009   3.1835910773296140E-016  -1.3769380479684572E-015  -3.9990853082077841E-016  -3.5140349951414848E-009   7.0242208764664856E-010
  -8.3828935799088452E-018  -4.7600147859955441E-017  -4.5433923505124135E-017   2.9416743866636676E-011  -1.0014427941317603E-006  -1.4241001015683057E-011   6.0503072674100483E-012  -1.0014455073840414E-006   8.5321559165421638E-012   2.0028883008689133E-006   1.2467910895086316E-016  -2.6725263242216175E-015  -4.1414911516334098E-015   2.1620416091908516E-009  -2.1964642751670218E-004   7.1258416630542473E-011  -1.5977444601660046E-010  -2.1964670630752453E-004  -1.1731276711204907E-010   4.3929313382341372E-004   1.7725304808448932E-016  -6.1221615785867744E-015  -9.5259855710235139E-015   3.9438742791478671E-009   2.9704736136530337E-018   2.3622143584406428E-017  -1.4630742588559829E-018   7.5915759710964614E-018  -1.1318124223359606E-017  -7.6379698567295103E-018  -3.3352136872794733E-017  -9.2850995014225283E-018   1.1497811588708164E-017  -1.9170270671387973E-017  -1.9182373001084226E-003   3.6445092409743790E-010  -8.7526578842160495E-010  -1.9182392341475414E-003  -7.9383237444055466E-010   3.8364765342554130E-003   3.8359912970212703E-016  -4.1784639128235096E-015  -5.2310830010226359E-015  -1.3520650113905729E-002   3.1458293629273170E-009  -5.2386438180749250E-009  -1.3520659795937943E-002  -4.2641644080318820E-009   2.7041309909830044E-002   5.1665565994361150E-015  -6.4084199858842201E-015   2.0419858306097778E-014  -1.3965594446886735E-009   4.0613984186926271E-018  -5.8955122571762959E-018  -1.2493068748794861E-017   1.3902677667710723E-018  -2.5780612394758643E-018   2.2253523671120790E-018   8.2490008372043921E-018   1.7939426062766664E-018   2.2499902538880474E-018  -2.9168266947093442E-017  -3.2179382335420328E-009   1.7000486186527265E-015  -2.4444003660577394E-015   6.1309353848559313E-015   1.7592688650898232E-009  -3.4967249435862064E-010
   4.8967347894425398E-003   1.4420235381797399E-008   4.4975867896710383E-008   1.1998132879276611E-014  -2.6824335120778835E-015  -3.1506674643855738E-016   3.7177430673969476E-016  -2.8933765470752737E-015  -7.5716439185799959E-017  -2.8417018705458796E-015  0.31171209989555193       -4.0410296025256555E-008   3.2935910669960037E-008  -1.4658878302808578E-015   4.7763323491638680E-016   5.5519868007807708E-016  -5.9533789659782791E-016   7.5012059482170325E-017   1.5499279296946165E-016   1.7725304808448932E-016  0.72834077387472784       -5.5425725774510375E-008  -9.9825595005731101E-008   1.6984181603818657E-014  -2.6041090793221722E-008  -4.7064533806424207E-008  -1.5918284431559601E-009  -1.6324688508795121E-009   1.6256790275477594E-008   3.6570252789156063E-008   2.7488791455440545E-008   1.2066705276036343E-008   1.0184450545663298E-008  -7.8075131932660945E-009   1.4899195571721593E-015   2.9089021889873901E-015   7.2886105885271164E-016   1.5977473583049616E-016  -1.5153314952800568E-016   3.7224106160724815E-016  0.42900278187447810       -2.8055674518089957E-008  -4.0182825480347207E-008   7.3610128720474967E-015   2.2912087980353419E-014   2.7623804774442694E-015  -3.8285947055873055E-015   3.5711415178579752E-017  -3.0828135906269770E-015 -0.73998856523970324        5.2362562122257404E-008   6.4743257140815937E-008  -1.6399150099980307E-014  -1.0536855908434715E-008  -2.2170087567740281E-008  -3.3515891704000422E-009  -2.6040903902633178E-009   6.4914870122738223E-009   1.6740750323028671E-008   1.3219196650695343E-008   5.7300390892545234E-009   4.4346721926028392E-009  -1.7727922125343792E-009  -3.4584524340330721E-014 -0.20055488063018195        1.4117410022347957E-008   1.7049505147753372E-008   2.7470127763248129E-014  -6.4405800153238947E-015
   5.1240471512158672E-008   4.8967355499041848E-003  -2.6459124291587689E-008   3.1972391880248690E-015   2.8298744505433579E-015  -2.7863225058950027E-016  -7.8401182666103653E-016  -4.5244580508279511E-015  -1.2480049031346247E-016  -3.8590803977227908E-015   5.8010031942905835E-008  0.31171206393456585       -1.8485581538989947E-008   2.9687988453922783E-014  -1.5821022558248695E-014   1.7654714750906879E-016   1.5455942104863956E-015  -5.0030613591851748E-015   4.8287895356356481E-016  -6.1221615785867744E-015  -5.5425725774510375E-008  0.72834086056801384        3.7312018473829194E-008  -2.1274642856315269E-014  -4.5473195005891001E-009  -2.5728178593504221E-008   1.2513209169011857E-008   3.2450978076557045E-008   4.3621624546348676E-008  -2.6350106651207468E-008   2.7989233230309286E-008   8.2845669862043301E-009  -1.1823330778945979E-008  -1.5501746352781249E-008   1.5084062236315461E-015   7.7898444425174699E-017   2.1194473269692505E-017  -4.3846919523287934E-015  -3.7156813172667949E-016  -3.3156414928231025E-015  -1.3424262101133060E-008  0.42900281324877987        2.0902727821669738E-010  -5.7068165216263414E-015  -2.3952267448912727E-016   8.4060863882937995E-015   1.3587822393425694E-015   2.6841197593067612E-015   3.9301459527052242E-015   2.1570210723289131E-008 -0.73998862337199900       -1.6023417862370240E-008  -5.4018534252872948E-016   4.0514723169140440E-010  -9.6815274479405380E-009   5.0749361164997959E-009   1.0185082327073752E-008   1.6655780100600564E-008  -1.0728643807462008E-008   1.0086400150916875E-008   1.4756413257721507E-009  -3.8508272664072494E-009  -4.8825110397792061E-009   4.7581535852504337E-015   5.5543894913291170E-009 -0.20055489625912101       -4.5914642303119445E-009  -1.6754986686205059E-015   2.6467274946455954E-016
