 6.8864246847711208E-001  2.5407693877194704E-015  1.7844167518641921E-016 -4.0115211800433981E-016 -2.6628376070472953E-015  2.2159135488824397E-016  6.5608887688083844E-016  2.4240164373842604E-001 -2.5520990243965895E-008 -1.4013099704714018E-008  3.4412285275642341E-008  4.8613915892465648E-009 -9.6662508582730304E-009  2.0659692209709974E-008  9.6443437891071717E-016 -3.8511728144249352E-017 -3.1436294061975960E-016 -3.5467057823906993E-008 -2.1352073177405140E-008  7.4041895151844723E-008 -1.8658761149427135E-008  7.8387813572765065E-009  5.4125992362424952E-008  3.8898319046499483E-016  1.9099387192743289E-016 -4.0874235207233019E-016 -1.6054998069987628E-001 -1.2778401683287665E-016 -3.2698160878518132E-017 -1.3876325567825330E-017 -5.9359181424350528E-017  1.6435504480578653E-020 -5.8109782765198025E-017 -4.7378523681608249E-017 -5.8419883256669404E-018 -3.0509587968855079E-018 -1.7885748845870713E-017 -2.7640546253058068E-001  1.1867929347352668E-001
 2.5407693877194704E-015  2.1120475792576203E-005  5.0742456484314863E-012 -4.6368227788822446E-012 -5.6871694797700024E-005 -1.4511704138293934E-011  1.5158797656995827E-011  9.6744914322655345E-016  3.4703257515961789E-016  3.9470066725057215E-016 -4.9516446605301239E-016 -8.6180922418541142E-016  2.6683058696386620E-016  5.0680270626370939E-016  2.2602417033441152E-004  4.4435848597774411E-011 -4.8536335513866755E-011  1.5409617268953144E-015  1.3070582032975535E-015 -2.2522401975235401E-015 -2.8460832620296556E-015  4.3401308032465498E-016  1.3007045547327631E-015  6.3966501587839793E-003  7.6255684029074601E-010 -6.8736243693384713E-010  1.2717055572359276E-015 -8.2115492574062365E-006  4.3926806698676205E-006 -3.3153178887233157E-005 -2.6710064903787524E-005 -3.6216116237766882E-005  3.7727014307961750E-005  5.7474445461330501E-006  1.5164940542355934E-005 -1.2103686691092266E-005  1.3407641244870697E-005  3.1120886198857220E-015 -1.9087237323189467E-015
 1.7844167518641921E-016  5.0742456484314863E-012  2.1120451422673935E-005  8.7747676497186068E-012 -1.4577866867750318E-011 -5.6871625397408304E-005 -2.4124797637215651E-011  4.0049788210172190E-017  8.2633298390492515E-017 -7.1974620666482714E-017 -5.5730764681376044E-016  1.9875701561788822E-016  3.4787572405105336E-016 -2.9340130387708634E-016  4.3555126271142819E-011  2.2602397302208988E-004  7.0587143792668955E-011  2.5310128988183591E-016  2.1295711017102400E-016 -2.2074788676182758E-015  8.1141667438053217E-016  1.3673526336498251E-015 -1.0730692081877199E-015  7.6040555861515979E-010  6.3966464946272322E-003  1.3136818420187921E-009 -1.1285026319341442E-015  3.2741110932837891E-006 -2.6710096261957884E-005 -3.1364035100966079E-005  7.7109933754243336E-006  1.7510937434381318E-005 -1.2103674357701378E-005  1.7207219104241525E-005  5.4965912855587561E-005  3.6241892895671872E-006 -1.7591801018655913E-005 -2.4626218024122604E-015  1.3891303581587256E-015
-4.0115211800433981E-016 -4.6368227788822446E-012  8.7747676497186068E-012  2.1120473558875512E-005  1.5001081385990233E-011 -2.3951000320345558E-011 -5.6871682215892466E-005 -4.7042130444798883E-017 -3.3736465530594242E-016 -4.9348225818207672E-016  1.1505426983526749E-015  7.3672331304669783E-016  5.2988157744739023E-016 -4.0207407320690210E-016 -5.0635163637425921E-011  7.2881902681736551E-011  2.2602412369154720E-004 -2.0859712544171249E-015 -1.7423279705962227E-015  4.6492891260939075E-015  3.1466260608011138E-015  1.9591819268440737E-015 -1.0678412486867422E-015 -6.9585904811757249E-010  1.3234328872591475E-009  6.3966498358391426E-003  2.5968000770319581E-015 -2.4710907978673902E-005 -3.1364061815585331E-005  3.7727015142629717E-005  1.5164938122591043E-005 -1.3976135057771883E-005  1.7988223893046807E-005  4.0969228840599580E-005  3.6242516565208687E-006 -2.3601926588410444E-005 -3.0821414506102641E-005  5.7151659171031380E-015 -3.2226562327364781E-015
-2.6628376070472953E-015 -5.6871694797700024E-005 -1.4577866867750318E-011  1.5001081385990233E-011  1.5314000029770293E-004  4.1538042428422572E-011 -4.7591748738532585E-011 -1.0323852249609915E-015 -6.1300803159905501E-016 -6.7663699836883270E-016  7.3345899902291972E-016  1.2542008352797634E-015 -4.6396405102432791E-016 -6.1972114519435800E-016 -6.0862159349081937E-004 -1.2943822615066466E-010  1.5761387960294519E-010 -2.5197424920470583E-015 -2.2210027295271243E-015  3.4225071346175920E-015  4.0849852058144612E-015 -8.9661821357438289E-016 -1.5533489878100224E-015 -1.7224438461082871E-002 -2.3302689589684185E-009  2.6127001291620378E-009 -1.4869538763857850E-015  2.2111464846676043E-005 -1.1828296451522306E-005  8.9272496194668763E-005  7.1922938917136307E-005  9.7520144834549750E-005 -1.0158858200492469E-004 -1.5476300249294739E-005 -4.0835060713574004E-005  3.2591932090057366E-005 -3.6103132797161176E-005 -3.5999809273606548E-015  2.1939044766575766E-015
 2.2159135488824397E-016 -1.4511704138293934E-011 -5.6871625397408304E-005 -2.3951000320345558E-011  4.1538042428422572E-011  1.5313980324638594E-004  6.5831101322548794E-011  1.1477779187124252E-016 -8.3919393406845532E-017  1.3741261723860613E-016  4.5995758246095249E-016 -4.3353585968399593E-016 -5.1223307524859648E-016  5.4979757903981332E-016 -1.2635862618044747E-010 -6.0862102174323639E-004 -1.9352795489193872E-010 -5.6443198354203834E-017 -9.2349215443456141E-017  1.8561006602635101E-015 -1.7783554490615214E-015 -2.0430205940075910E-015  1.8578248194196092E-015 -2.3044376076960214E-009 -1.7224427450046750E-002 -3.6351947721533634E-009  2.1737273862226386E-015 -8.8162890525219335E-006  7.1923017408192884E-005  8.4454808065011010E-005 -2.0763604913372795E-005 -4.7152185290254919E-005  3.2591897891797291E-005 -4.6334357043249919E-005 -1.4800823888764256E-004 -9.7589541829891694E-006  4.7369930507572775E-005  4.7939746477714522E-015 -2.7365261045737018E-015
 6.5608887688083844E-016  1.5158797656995827E-011 -2.4124797637215651E-011 -5.6871682215892466E-005 -4.7591748738532585E-011  6.5831101322548794E-011  1.5313994873501646E-004  9.6426033368268330E-017  6.4031681412925316E-016  7.1734256163581438E-016 -1.6940780257286681E-015 -1.1446359443809382E-015 -9.3209205105488112E-016  5.1163100371440384E-016  1.6495328044566389E-010 -2.0156704158834663E-010 -6.0862139761584091E-004  3.5701819206892676E-015  2.5114762480377631E-015 -6.8585908255684365E-015 -4.9867773234595415E-015 -3.4476826505320653E-015  1.4359465339959917E-015  2.6833460496991646E-009 -3.7140891111318158E-009 -1.7224435602548605E-002 -3.4878693052644117E-015  6.6539742981381342E-005  8.4454876289267536E-005 -1.0158857864652444E-004 -4.0835051096577908E-005  3.7633919707752146E-005 -4.8437382010472243E-005 -1.1031897319639500E-004 -9.7591218621068373E-006  6.3553557675803533E-005  8.2993675824905963E-005 -7.6661009565113750E-015  4.3166267401840088E-015
 2.4240164373842604E-001  9.6744914322655345E-016  4.0049788210172190E-017 -4.7042130444798883E-017 -1.0323852249609915E-015  1.1477779187124252E-016  9.6426033368268330E-017  8.5711746360916108E-002  2.4975978943895901E-008  1.9530757567952171E-008 -5.8379317157950027E-008  6.1258837209227750E-009  8.1351761381795448E-010 -3.1101826898689742E-008  4.4327848896930146E-016  7.8471472819900331E-017 -2.3372992788318383E-018  1.1303822482210750E-007  1.0221676349240099E-007 -2.7093254700416214E-007 -7.8935556019591889E-009  3.5923716093126190E-008 -1.0514459834599629E-007  2.5576478337607339E-015  4.6275065991417477E-015  1.8658496058328823E-015 -4.5454420232644163E-002 -5.5842915644455717E-017 -3.7715083493788625E-017 -2.7414963985895873E-017 -2.6594307404436021E-017 -5.5629777589089522E-018 -1.5070511249733711E-017  1.2909780713740747E-017  4.4297285102029047E-017 -4.2307117962045263E-018 -1.9969814511121737E-017 -7.2768301380388173E-002  2.7851008304697430E-002
-2.5520990243965895E-008  3.4703257515961789E-016  8.2633298390492515E-017 -3.3736465530594242E-016 -6.1300803159905501E-016 -8.3919393406845532E-017  6.4031681412925316E-016  2.4975978943895901E-008  9.7032023798664879E-002 -3.7887343817405265E-004  2.8595383699943702E-003 -4.6109396888724577E-002  2.7052113244274457E-003 -5.0922626909933058E-002  3.6586032606209169E-016 -2.8333286429313442E-017 -4.9592352467213022E-016  2.9783691893532371E-001  4.2915547155246425E-003 -3.2389783651679535E-002 -1.7617806501241720E-001 -3.0641930157829469E-002 -1.2165885392287465E-001  8.7919661011968044E-016 -2.2824719303310067E-015 -4.4347611649240243E-016 -1.4826232253049105E-009  7.6711142532548817E-017  7.5604039297826722E-017  2.0521115169446467E-017 -7.4533953793392752E-017 -1.4394118555200361E-017 -8.3439284950388574E-017 -4.4062499843370645E-017 -1.4032147002073651E-017  1.6303602825970440E-017  1.0290474396568047E-016 -1.6279813984653455E-009  4.5720984886542942E-011
-1.4013099704714018E-008  3.9470066725057215E-016 -7.1974620666482714E-017 -4.9348225818207672E-016 -6.7663699836883270E-016  1.3741261723860613E-016  7.1734256163581438E-016  1.9530757567952171E-008 -3.7887343817405265E-004  9.8869284355609793E-002  3.1237211299287894E-003 -6.6509201537021112E-004 -1.5103581781096727E-003  1.0439654535434034E-003  5.3404821589345942E-016 -2.4225471263208656E-016 -3.9129410198835600E-016  4.2915548275469350E-003  2.7702613228494377E-001 -3.5382172436384959E-002  7.5334510680645991E-003  1.7107764791271553E-002 -1.1825005895614586E-002 -7.1234570817639617E-016 -6.1003117595920463E-016  2.4535446724896017E-016 -6.6790594982610221E-010  9.1239281410042238E-017  6.8126771233054577E-017  5.8562918975254228E-017 -1.2950197678756015E-017 -3.8012901227565547E-018 -6.9138068340416099E-017  4.2989993247659795E-017  5.7080264972188422E-017  4.6228743219249199E-017  1.1140171778395623E-016 -5.2501099436581735E-009  1.4707214912341050E-009
 3.4412285275642341E-008 -4.9516446605301239E-016 -5.5730764681376044E-016  1.1505426983526749E-015  7.3345899902291972E-016  4.5995758246095249E-016 -1.6940780257286681E-015 -5.8379317157950027E-008  2.8595383699943702E-003  3.1237211299287894E-003  9.2451625170714938E-002 -1.3080087661697538E-003  1.2054683720993629E-003 -1.5515296038257631E-003 -5.8186603827262777E-016  2.1875857185028769E-016  1.1947189885578698E-015 -3.2389773219174731E-002 -3.5382171647008867E-002  3.4971847034708925E-001  1.4815739901843400E-002 -1.3654334347869675E-002  1.7574033317328826E-002 -1.5322058497394584E-016 -5.1074006902612125E-017  5.8940933215051950E-016  4.7401044425568559E-009 -1.4340230379947751E-016 -1.5711738759618663E-016 -1.5341040379854706E-016 -4.9925564219678824E-017  4.1072616092928424E-017  7.9021636726847363E-017 -3.7164376886677333E-017 -1.3941742332742257E-016 -1.3372619096841479E-016 -2.1767926548479447E-016  2.1352868899687100E-008 -7.3527574218399490E-009
 4.8613915892465648E-009 -8.6180922418541142E-016  1.9875701561788822E-016  7.3672331304669783E-016  1.2542008352797634E-015 -4.3353585968399593E-016 -1.1446359443809382E-015  6.1258837209227750E-009 -4.6109396888724577E-002 -6.6509201537021112E-004 -1.3080087661697538E-003  9.4484658940025890E-002 -4.7409394576750433E-003 -4.8375262051336389E-002 -7.3640176057117767E-016  8.5355131863578930E-017  7.4090958850395864E-016 -1.7617805825526084E-001  7.5334529840352694E-003  1.4815742697340831E-002  3.2669073936162063E-001  5.3700351045266867E-002 -1.5051268110645105E-001 -4.7023066939062362E-016 -2.3623202088851093E-015 -2.4874531306711650E-016 -2.9061273660057924E-009 -1.2399374110900503E-016 -3.1125222641513986E-018  3.0603082407187871E-017  1.1718036927002115E-016  2.8368746606202802E-018  9.6121000794508670E-017  4.0136223882077945E-017 -2.5203489766032664E-018  2.3810321570473097E-017 -1.9738989866915034E-016 -1.0326075908605853E-008  4.6960823638770004E-009
-9.6662508582730304E-009  2.6683058696386620E-016  3.4787572405105336E-016  5.2988157744739023E-016 -4.6396405102432791E-016 -5.1223307524859648E-016 -9.3209205105488112E-016  8.1351761381795448E-010  2.7052113244274457E-003 -1.5103581781096727E-003  1.2054683720993629E-003 -4.7409394576750433E-003  9.5848114452110611E-002  2.0357281332421019E-003  3.3569203948028588E-016  6.3727609807362029E-017  5.9865764881234119E-016 -3.0641918820514660E-002  1.7107762211151144E-002 -1.3654329214630424E-002  5.3700336976844273E-002  3.1124663289202553E-001 -2.3058418156344941E-002  3.8590227056674095E-016  3.9040462115125838E-018 -5.3644370609439267E-016  3.0312846923590073E-009 -1.8018244425833379E-016  5.9053281002823495E-017 -5.0159383758361560E-017 -2.0542802374177460E-017  2.2641627659629526E-017 -4.9311771756355648E-017  1.2460991821522043E-016 -6.0025981269142149E-017  5.7779710258782679E-017 -2.1836599182604410E-016  6.6797427163644250E-009 -3.4727998394064276E-009
 2.0659692209709974E-008  5.0680270626370939E-016 -2.9340130387708634E-016 -4.0207407320690210E-016 -6.1972114519435800E-016  5.4979757903981332E-016  5.1163100371440384E-016 -3.1101826898689742E-008 -5.0922626909933058E-002  1.0439654535434034E-003 -1.5515296038257631E-003 -4.8375262051336389E-002  2.0357281332421019E-003  9.9297888961297251E-002  2.8520700912976439E-016 -1.8555941595713690E-016 -2.7404550362766257E-016 -1.2165886068002191E-001 -1.1825007699568190E-002  1.7574040954333368E-002 -1.5051267434932813E-001 -2.3058420887480453E-002  2.7217153502940949E-001 -2.8239927299839773E-015  1.0070836023994129E-015 -1.3018207501313601E-016  4.3888098837999699E-009  5.1697904560681201E-017 -5.4927785048546714E-017 -2.5621433422871411E-017 -3.8897036962982623E-017  1.7069063171553072E-017 -2.2354848951250876E-017 -1.3296539536082410E-017 -2.0897478922975160E-017 -3.4570824651987269E-017  1.0339007982816862E-016  1.1954199624300164E-008 -4.7418893403886053E-009
 9.6443437891071717E-016  2.2602417033441152E-004  4.3555126271142819E-011 -5.0635163637425921E-011 -6.0862159349081937E-004 -1.2635862618044747E-010  1.6495328044566389E-010  4.4327848896930146E-016  3.6586032606209169E-016  5.3404821589345942E-016 -5.8186603827262777E-016 -7.3640176057117767E-016  3.3569203948028588E-016  2.8520700912976439E-016  2.4188340299282512E-003  3.6051879038524748E-010 -5.3026508127474413E-010  1.4601902064556382E-015  1.7093400021238704E-015 -2.5431998357661283E-015 -2.2314981771406967E-015  7.7460966139317356E-016  7.2403894881565129E-016  6.8454781002937073E-002  4.9055130409147996E-009 -7.6628600409467396E-009  3.1208983992338739E-016 -8.7877216235049437E-005  4.7008994142030383E-005 -3.5479406461625459E-004 -2.8584206231867606E-004 -3.8757260394162510E-004  4.0374171982459982E-004  6.1507191948781948E-005  1.6229002336344423E-004 -1.2952955152344616E-004  1.4348404072822985E-004  7.8096959921846349E-016 -5.0588079429127307E-016
-3.8511728144249352E-017  4.4435848597774411E-011  2.2602397302208988E-004  7.2881902681736551E-011 -1.2943822615066466E-010 -6.0862102174323639E-004 -2.0156704158834663E-010  7.8471472819900331E-017 -2.8333286429313442E-017 -2.4225471263208656E-016  2.1875857185028769E-016  8.5355131863578930E-017  6.3727609807362029E-017 -1.8555941595713690E-016  3.6051879038524748E-010  2.4188325977657138E-003  5.3042197993872706E-010 -5.9555369649935155E-017 -5.6665078046791541E-016  8.5870796145526119E-016  6.0986423038907452E-016  2.0185231526862754E-016 -6.4182139012205926E-016  5.1492293901000963E-009  6.8454761018098720E-002  7.6915400368249287E-009 -2.0205903758098197E-015  3.5038464998838519E-005 -2.8584244437289635E-004 -3.3564738497563547E-004  8.2520456997915695E-005  1.8739619822577647E-004 -1.2952949073666097E-004  1.8414583243393914E-004  5.8822671589513589E-004  3.8784884916617739E-005 -1.8826151788245104E-004 -4.2772062932504404E-015  2.4406751347531928E-015
-3.1436294061975960E-016 -4.8536335513866755E-011  7.0587143792668955E-011  2.2602412369154720E-004  1.5761387960294519E-010 -1.9352795489193872E-010 -6.0862139761584091E-004 -2.3372992788318383E-018 -4.9592352467213022E-016 -3.9129410198835600E-016  1.1947189885578698E-015  7.4090958850395864E-016  5.9865764881234119E-016 -2.7404550362766257E-016 -5.3026508127474413E-010  5.3042197993872706E-010  2.4188332874318522E-003 -2.5487938806449047E-015 -1.4592405221514974E-015  4.6837232033446840E-015  3.3086738316077185E-015  2.2893394105218803E-015 -8.3678680274815120E-016 -7.1181271632178578E-009  7.1008925822679814E-009  6.8454770660181644E-002  1.1308981703092515E-015 -2.6444773556755257E-004 -3.3564749104393008E-004  4.0374171576629833E-004  1.6228999940031362E-004 -1.4956786446290228E-004  1.9250386853468890E-004  4.3843873226665837E-004  3.8785448499221271E-005 -2.5257979454632181E-004 -3.2984027372815389E-004  2.4985847860352600E-015 -1.4044745371637043E-015
-3.5467057823906993E-008  1.5409617268953144E-015  2.5310128988183591E-016 -2.0859712544171249E-015 -2.5197424920470583E-015 -5.6443198354203834E-017  3.5701819206892676E-015  1.1303822482210750E-007  2.9783691893532371E-001  4.2915548275469350E-003 -3.2389773219174731E-002 -1.7617805825526084E-001 -3.0641918820514660E-002 -1.2165886068002191E-001  1.4601902064556382E-015 -5.9555369649935155E-017 -2.5487938806449047E-015  9.6622196389465964E-001  3.3254509955954796E-002 -2.5098318716695023E-001 -6.9434117992641053E-001 -2.3743917059836178E-001 -2.7188078396810539E-001 -1.9995900607825500E-016  3.3353595412510704E-016 -7.8716077526964909E-017 -2.4283263504339386E-008  4.2731909150675694E-016  2.3537373427459254E-016  1.2877869598861509E-016 -2.2011186232651021E-016 -4.1272775132890611E-017 -3.2890046100271636E-016 -1.5928652002559758E-016  9.4201039631939459E-017  7.7003310669549874E-017  5.5950103833942258E-016 -4.6177455489883768E-008  1.9069745110715888E-008
-2.1352073177405140E-008  1.3070582032975535E-015  2.1295711017102400E-016 -1.7423279705962227E-015 -2.2210027295271243E-015 -9.2349215443456141E-017  2.5114762480377631E-015  1.0221676349240099E-007  4.2915547155246425E-003  2.7702613228494377E-001 -3.5382171647008867E-002  7.5334529840352694E-003  1.7107762211151144E-002 -1.1825007699568190E-002  1.7093400021238704E-015 -5.6665078046791541E-016 -1.4592405221514974E-015  3.3254509955954796E-002  8.0496279186778885E-001 -2.7417075981959549E-001  5.8375500609503639E-002  1.3256527563556006E-001 -9.1630010565480868E-002 -4.1064393073140649E-015  3.1290103341940199E-015  8.7472857295144239E-016 -1.6976218634935820E-008  2.7722763984857958E-016  2.6423646133966122E-016  2.2485003439656538E-016  1.0500823801653747E-017 -1.0637868913167016E-019 -2.6232842968984524E-016  1.8643653467709597E-016  2.5479442708661942E-016  2.2011644180307885E-016  3.2535814631617267E-016 -4.9351281798312979E-008  1.8971910602114334E-008
 7.4041895151844723E-008 -2.2522401975235401E-015 -2.2074788676182758E-015  4.6492891260939075E-015  3.4225071346175920E-015  1.8561006602635101E-015 -6.8585908255684365E-015 -2.7093254700416214E-007 -3.2389783651679535E-002 -3.5382172436384959E-002  3.4971847034708925E-001  1.4815742697340831E-002 -1.3654329214630424E-002  1.7574040954333368E-002 -2.5431998357661283E-015  8.5870796145526119E-016  4.6837232033446840E-015 -2.5098318716695023E-001 -2.7417075981959549E-001  1.3682440907499469E+000  1.1480478569489758E-001 -1.0580516000566884E-001  1.3617840147203525E-001  3.4110768532359958E-015 -1.4015610732657132E-015 -2.0549016207118314E-015  3.9765913324588467E-008 -5.7862407315109244E-016 -6.4196801475609271E-016 -6.4940488418656605E-016 -1.8038022013078441E-016  1.4021663438754131E-016  3.9615256997543479E-016 -1.9883290581913784E-016 -5.5696954483873656E-016 -5.4398784821916562E-016 -8.4803467203735580E-016  1.2177876770771805E-007 -4.5547115659367449E-008
-1.8658761149427135E-008 -2.8460832620296556E-015  8.1141667438053217E-016  3.1466260608011138E-015  4.0849852058144612E-015 -1.7783554490615214E-015 -4.9867773234595415E-015 -7.8935556019591889E-009 -1.7617806501241720E-001  7.5334510680645991E-003  1.4815739901843400E-002  3.2669073936162063E-001  5.3700336976844273E-002 -1.5051267434932813E-001 -2.2314981771406967E-015  6.0986423038907452E-016  3.3086738316077185E-015 -6.9434117992641053E-001  5.8375500609503639E-002  1.1480478569489758E-001  1.1898055680987474E+000  4.1611525921320264E-001 -4.9546438817266492E-001  2.9812822916490827E-015 -5.0254444916434215E-016  2.9135488709776224E-016  1.2098451385267697E-008 -5.9650871111742575E-016 -4.2129289320684830E-017 -1.3791199399629598E-017  3.7974285270448573E-016  2.7892360240840888E-017  3.3489583596287069E-016  2.6562034698701312E-016  4.1852188803250951E-019  8.7396174680240666E-017 -9.0055135168003565E-016  1.0515125782573596E-008 -6.4731351582625156E-009
 7.8387813572765065E-009  4.3401308032465498E-016  1.3673526336498251E-015  1.9591819268440737E-015 -8.9661821357438289E-016 -2.0430205940075910E-015 -3.4476826505320653E-015  3.5923716093126190E-008 -3.0641930157829469E-002  1.7107764791271553E-002 -1.3654334347869675E-002  5.3700351045266867E-002  3.1124663289202553E-001 -2.3058420887480453E-002  7.7460966139317356E-016  2.0185231526862754E-016  2.2893394105218803E-015 -2.3743917059836178E-001  1.3256527563556006E-001 -1.0580516000566884E-001  4.1611525921320264E-001  1.0701320204814739E+000 -1.7867608861495740E-001  8.6823668738409517E-017 -8.2143699239688823E-016  3.6163868597598146E-016 -1.2020980070246486E-008 -6.4438205899771963E-016  2.1694891880861966E-016 -8.9549855757306737E-017  3.4929688640982987E-017  6.9722579452373727E-017 -1.1901877211502080E-016  4.7442187835865605E-016 -1.5237077781817566E-016  2.3445342341395015E-016 -8.1155405158136063E-016 -2.7419941640589168E-008  1.2168439301487016E-008
 5.4125992362424952E-008  1.3007045547327631E-015 -1.0730692081877199E-015 -1.0678412486867422E-015 -1.5533489878100224E-015  1.8578248194196092E-015  1.4359465339959917E-015 -1.0514459834599629E-007 -1.2165885392287465E-001 -1.1825005895614586E-002  1.7574033317328826E-002 -1.5051268110645105E-001 -2.3058418156344941E-002  2.7217153502940949E-001  7.2403894881565129E-016 -6.4182139012205926E-016 -8.3678680274815120E-016 -2.7188078396810539E-001 -9.1630010565480868E-002  1.3617840147203525E-001 -4.9546438817266492E-001 -1.7867608861495740E-001  7.6734517214095499E-001 -4.1190714090758390E-015 -2.4208637747282459E-015 -2.3891594510758580E-015  1.2185053253725708E-008  1.7798942023290378E-016 -1.7267680768921949E-016 -1.0819239995462570E-016 -1.6232708185605309E-016  1.8620075355626942E-017 -1.5105454910378670E-017 -1.2844282224938841E-016 -1.2127880729522301E-016 -1.5530479278754510E-016  3.5585617593898456E-016  3.5662884539423585E-008 -1.2596934569725996E-008
 3.8898319046499483E-016  6.3966501587839793E-003  7.6040555861515979E-010 -6.9585904811757249E-010 -1.7224438461082871E-002 -2.3044376076960214E-009  2.6833460496991646E-009  2.5576478337607339E-015  8.7919661011968044E-016 -7.1234570817639617E-016 -1.5322058497394584E-016 -4.7023066939062362E-016  3.8590227056674095E-016 -2.8239927299839773E-015  6.8454781002937073E-002  5.1492293901000963E-009 -7.1181271632178578E-009 -1.9995900607825500E-016 -4.1064393073140649E-015  3.4110768532359958E-015  2.9812822916490827E-015  8.6823668738409517E-017 -4.1190714090758390E-015  1.9373206198439179E+000 -4.1943603035221599E-009  6.3933096594581684E-009  3.1870013645431725E-016 -2.4869907489842094E-003  1.3303885905639099E-003 -1.0040930800810510E-002 -8.0895401140033164E-003 -1.0968590454841765E-002  1.1426188338514226E-002  1.7406997879900342E-003  4.5929258494313103E-003 -3.6657824231788707E-003  4.0607031376796044E-003  1.0873290196706319E-016 -3.3668589592350591E-016
 1.9099387192743289E-016  7.6255684029074601E-010  6.3966464946272322E-003  1.3234328872591475E-009 -2.3302689589684185E-009 -1.7224427450046750E-002 -3.7140891111318158E-009  4.6275065991417477E-015 -2.2824719303310067E-015 -6.1003117595920463E-016 -5.1074006902612125E-017 -2.3623202088851093E-015  3.9040462115125838E-018  1.0070836023994129E-015  4.9055130409147996E-009  6.8454761018098720E-002  7.1008925822679814E-009  3.3353595412510704E-016  3.1290103341940199E-015 -1.4015610732657132E-015 -5.0254444916434215E-016 -8.2143699239688823E-016 -2.4208637747282459E-015 -4.1943603035221599E-009  1.9373206357371018E+000 -6.1951243024438440E-009 -1.5267807134253660E-015  9.9161566930042883E-004 -8.0895527166112043E-003 -9.4990711057716393E-003  2.3353903856591215E-003  5.3034530845104972E-003 -3.6657824121236826E-003  5.2114624093100338E-003  1.6647252948272573E-002  1.0976421910001157E-003 -5.3279401717866532E-003  2.5343001859439602E-015 -1.1583758930486581E-015
-4.0874235207233019E-016 -6.8736243693384713E-010  1.3136818420187921E-009  6.3966498358391426E-003  2.6127001291620378E-009 -3.6351947721533634E-009 -1.7224435602548605E-002  1.8658496058328823E-015 -4.4347611649240243E-016  2.4535446724896017E-016  5.8940933215051950E-016 -2.4874531306711650E-016 -5.3644370609439267E-016 -1.3018207501313601E-016 -7.6628600409467396E-009  7.6915400368249287E-009  6.8454770660181644E-002 -7.8716077526964909E-017  8.7472857295144239E-016 -2.0549016207118314E-015  2.9135488709776224E-016  3.6163868597598146E-016 -2.3891594510758580E-015  6.3933096594581684E-009 -6.1951243024438440E-009  1.9373206291176426E+000 -1.7968881346974401E-016 -7.4840668374255041E-003 -9.4990711860631488E-003  1.1426189044771778E-002  4.5929258720921757E-003 -4.2328829073045946E-003  5.4480034458901476E-003  1.2408139959708783E-002  1.0976555854117572E-003 -7.1481954684811918E-003 -9.3347226442127632E-003  3.1542927841721751E-016 -2.5362160748443585E-016
-1.6054998069987628E-001  1.2717055572359276E-015 -1.1285026319341442E-015  2.5968000770319581E-015 -1.4869538763857850E-015  2.1737273862226386E-015 -3.4878693052644117E-015 -4.5454420232644163E-002 -1.4826232253049105E-009 -6.6790594982610221E-010  4.7401044425568559E-009 -2.9061273660057924E-009  3.0312846923590073E-009  4.3888098837999699E-009  3.1208983992338739E-016 -2.0205903758098197E-015  1.1308981703092515E-015 -2.4283263504339386E-008 -1.6976218634935820E-008  3.9765913324588467E-008  1.2098451385267697E-008 -1.2020980070246486E-008  1.2185053253725708E-008  3.1870013645431725E-016 -1.5267807134253660E-015 -1.7968881346974401E-016  3.5382976437954788E-001 -3.6977428017146832E-017  4.4861282627062997E-017  2.1705950561584783E-017 -1.5778538427090166E-016 -4.5194414084400183E-018 -1.5125684448722034E-016  7.0687007758542079E-017 -2.2700345342264028E-018  1.7907164612378057E-016  1.0990416497690028E-016  7.6613535220707241E-001 -4.2603446346934876E-001
-1.2778401683287665E-016 -8.2115492574062365E-006  3.2741110932837891E-006 -2.4710907978673902E-005  2.2111464846676043E-005 -8.8162890525219335E-006  6.6539742981381342E-005 -5.5842915644455717E-017  7.6711142532548817E-017  9.1239281410042238E-017 -1.4340230379947751E-016 -1.2399374110900503E-016 -1.8018244425833379E-016  5.1697904560681201E-017 -8.7877216235049437E-005  3.5038464998838519E-005 -2.6444773556755257E-004  4.2731909150675694E-016  2.7722763984857958E-016 -5.7862407315109244E-016 -5.9650871111742575E-016 -6.4438205899771963E-016  1.7798942023290378E-016 -2.4869907489842094E-003  9.9161566930042883E-004 -7.4840668374255041E-003 -3.6977428017146832E-017  3.2611886718111782E-005  3.0847393859027652E-005 -3.6112808022286717E-005 -6.1628122078467022E-006  3.3147300149081329E-005 -3.7590625137922511E-005 -4.7501009327611225E-005 -1.6155381850510871E-006  3.2881897654817136E-005  2.8121048932625818E-005 -9.5883412280696268E-017  6.2380806262779552E-017
-3.2698160878518132E-017  4.3926806698676205E-006 -2.6710096261957884E-005 -3.1364061815585331E-005 -1.1828296451522306E-005  7.1923017408192884E-005  8.4454876289267536E-005 -3.7715083493788625E-017  7.5604039297826722E-017  6.8126771233054577E-017 -1.5711738759618663E-016 -3.1125222641513986E-018  5.9053281002823495E-017 -5.4927785048546714E-017  4.7008994142030383E-005 -2.8584244437289635E-004 -3.3564749104393008E-004  2.3537373427459254E-016  2.6423646133966122E-016 -6.4196801475609271E-016 -4.2129289320684830E-017  2.1694891880861966E-016 -1.7267680768921949E-016  1.3303885905639099E-003 -8.0895527166112043E-003 -9.4990711860631488E-003  4.4861282627062997E-017  3.0847393859027652E-005  8.1268504707697329E-005 -2.3255462364663534E-005 -3.7826999063129101E-005 -8.9229395883553148E-006 -3.5591226953613047E-006 -8.1405419157946305E-005 -7.1740919162847168E-005  2.7948325876599249E-005  7.0806122237177248E-005  6.6906105764213228E-017 -3.7080434732633948E-017
-1.3876325567825330E-017 -3.3153178887233157E-005 -3.1364035100966079E-005  3.7727015142629717E-005  8.9272496194668763E-005  8.4454808065011010E-005 -1.0158857864652444E-004 -2.7414963985895873E-017  2.0521115169446467E-017  5.8562918975254228E-017 -1.5341040379854706E-016  3.0603082407187871E-017 -5.0159383758361560E-017 -2.5621433422871411E-017 -3.5479406461625459E-004 -3.3564738497563547E-004  4.0374171576629833E-004  1.2877869598861509E-016  2.2485003439656538E-016 -6.4940488418656605E-016 -1.3791199399629598E-017 -8.9549855757306737E-017 -1.0819239995462570E-016 -1.0040930800810510E-002 -9.4990711057716393E-003  1.1426189044771778E-002  2.1705950561584783E-017 -3.6112808022286717E-005 -2.3255462364663534E-005  1.6600785390020320E-004  5.7565129773681217E-005  5.8799048100078991E-006 -9.1147136160747892E-006  3.8607679976966963E-005 -9.8955571262274942E-005 -2.8542175764739997E-005 -4.9977820674788637E-005  2.5435601425451722E-017 -1.4356997920525502E-017
-5.9359181424350528E-017 -2.6710064903787524E-005  7.7109933754243336E-006  1.5164938122591043E-005  7.1922938917136307E-005 -2.0763604913372795E-005 -4.0835051096577908E-005 -2.6594307404436021E-017 -7.4533953793392752E-017 -1.2950197678756015E-017 -4.9925564219678824E-017  1.1718036927002115E-016 -2.0542802374177460E-017 -3.8897036962982623E-017 -2.8584206231867606E-004  8.2520456997915695E-005  1.6228999940031362E-004 -2.2011186232651021E-016  1.0500823801653747E-017 -1.8038022013078441E-016  3.7974285270448573E-016  3.4929688640982987E-017 -1.6232708185605309E-016 -8.0895401140033164E-003  2.3353903856591215E-003  4.5929258720921757E-003 -1.5778538427090166E-016 -6.1628122078467022E-006 -3.7826999063129101E-005  5.7565129773681217E-005  4.7482938404765857E-005  4.2158828802225918E-005 -3.9214658187282977E-005  2.8430506001334702E-005  3.4917436236319479E-006 -3.1652736907227386E-007 -4.5509106469918183E-005 -3.4519453233379171E-016  2.0044819974245680E-016
 1.6435504480578653E-020 -3.6216116237766882E-005  1.7510937434381318E-005 -1.3976135057771883E-005  9.7520144834549750E-005 -4.7152185290254919E-005  3.7633919707752146E-005 -5.5629777589089522E-018 -1.4394118555200361E-017 -3.8012901227565547E-018  4.1072616092928424E-017  2.8368746606202802E-018  2.2641627659629526E-017  1.7069063171553072E-017 -3.8757260394162510E-004  1.8739619822577647E-004 -1.4956786446290228E-004 -4.1272775132890611E-017 -1.0637868913167016E-019  1.4021663438754131E-016  2.7892360240840888E-017  6.9722579452373727E-017  1.8620075355626942E-017 -1.0968590454841765E-002  5.3034530845104972E-003 -4.2328829073045946E-003 -4.5194414084400183E-018  3.3147300149081329E-005 -8.9229395883553148E-006  5.8799048100078991E-006  4.2158828802225918E-005  8.5868021106179831E-005 -8.6630598644732041E-005 -2.2699639518630988E-005  1.7169978635178670E-005  3.9377701805454340E-005 -1.7180368752363336E-005  8.1030549772802991E-018 -2.1576485144565234E-018
-5.8109782765198025E-017  3.7727014307961750E-005 -1.2103674357701378E-005  1.7988223893046807E-005 -1.0158858200492469E-004  3.2591897891797291E-005 -4.8437382010472243E-005 -1.5070511249733711E-017 -8.3439284950388574E-017 -6.9138068340416099E-017  7.9021636726847363E-017  9.6121000794508670E-017 -4.9311771756355648E-017 -2.2354848951250876E-017  4.0374171982459982E-004 -1.2952949073666097E-004  1.9250386853468890E-004 -3.2890046100271636E-016 -2.6232842968984524E-016  3.9615256997543479E-016  3.3489583596287069E-016 -1.1901877211502080E-016 -1.5105454910378670E-017  1.1426188338514226E-002 -3.6657824121236826E-003  5.4480034458901476E-003 -1.5125684448722034E-016 -3.7590625137922511E-005 -3.5591226953613047E-006 -9.1147136160747892E-006 -3.9214658187282977E-005 -8.6630598644732041E-005  8.9647774062500421E-005  3.5298785512533430E-005 -1.3242717023466798E-006 -4.3799167662197323E-005  7.7807602627937530E-006 -3.5498397707238910E-016  2.0243995197157425E-016
-4.7378523681608249E-017  5.7474445461330501E-006  1.7207219104241525E-005  4.0969228840599580E-005 -1.5476300249294739E-005 -4.6334357043249919E-005 -1.1031897319639500E-004  1.2909780713740747E-017 -4.4062499843370645E-017  4.2989993247659795E-017 -3.7164376886677333E-017  4.0136223882077945E-017  1.2460991821522043E-016 -1.3296539536082410E-017  6.1507191948781948E-005  1.8414583243393914E-004  4.3843873226665837E-004 -1.5928652002559758E-016  1.8643653467709597E-016 -1.9883290581913784E-016  2.6562034698701312E-016  4.7442187835865605E-016 -1.2844282224938841E-016  1.7406997879900342E-003  5.2114624093100338E-003  1.2408139959708783E-002  7.0687007758542079E-017 -4.7501009327611225E-005 -8.1405419157946305E-005  3.8607679976966963E-005  2.8430506001334702E-005 -2.2699639518630988E-005  3.5298785512533430E-005  9.5054639340288761E-005  5.5938754202041849E-005 -4.6123761926936574E-005 -7.0470751284614118E-005  1.7144995562511023E-016 -9.4772164556725513E-017
-5.8419883256669404E-018  1.5164940542355934E-005  5.4965912855587561E-005  3.6242516565208687E-006 -4.0835060713574004E-005 -1.4800823888764256E-004 -9.7591218621068373E-006  4.4297285102029047E-017 -1.4032147002073651E-017  5.7080264972188422E-017 -1.3941742332742257E-016 -2.5203489766032664E-018 -6.0025981269142149E-017 -2.0897478922975160E-017  1.6229002336344423E-004  5.8822671589513589E-004  3.8785448499221271E-005  9.4201039631939459E-017  2.5479442708661942E-016 -5.5696954483873656E-016  4.1852188803250951E-019 -1.5237077781817566E-016 -1.2127880729522301E-016  4.5929258494313103E-003  1.6647252948272573E-002  1.0976555854117572E-003 -2.2700345342264028E-018 -1.6155381850510871E-006 -7.1740919162847168E-005 -9.8955571262274942E-005  3.4917436236319479E-006  1.7169978635178670E-005 -1.3242717023466798E-006  5.5938754202041849E-005  1.5455926160836225E-004 -3.3087950203345244E-006 -4.1444543804543393E-005  4.3879659533925308E-017 -2.2742121573401322E-017
-3.0509587968855079E-018 -1.2103686691092266E-005  3.6241892895671872E-006 -2.3601926588410444E-005  3.2591932090057366E-005 -9.7589541829891694E-006  6.3553557675803533E-005 -4.2307117962045263E-018  1.6303602825970440E-017  4.6228743219249199E-017 -1.3372619096841479E-016  2.3810321570473097E-017  5.7779710258782679E-017 -3.4570824651987269E-017 -1.2952955152344616E-004  3.8784884916617739E-005 -2.5257979454632181E-004  7.7003310669549874E-017  2.2011644180307885E-016 -5.4398784821916562E-016  8.7396174680240666E-017  2.3445342341395015E-016 -1.5530479278754510E-016 -3.6657824231788707E-003  1.0976421910001157E-003 -7.1481954684811918E-003  1.7907164612378057E-016  3.2881897654817136E-005  2.7948325876599249E-005 -2.8542175764739997E-005 -3.1652736907227386E-007  3.9377701805454340E-005 -4.3799167662197323E-005 -4.6123761926936574E-005 -3.3087950203345244E-006  3.3933194351398597E-005  2.3740311941475861E-005  3.9853313474938029E-016 -2.2508259594836501E-016
-1.7885748845870713E-017  1.3407641244870697E-005 -1.7591801018655913E-005 -3.0821414506102641E-005 -3.6103132797161176E-005  4.7369930507572775E-005  8.2993675824905963E-005 -1.9969814511121737E-017  1.0290474396568047E-016  1.1140171778395623E-016 -2.1767926548479447E-016 -1.9738989866915034E-016 -2.1836599182604410E-016  1.0339007982816862E-016  1.4348404072822985E-004 -1.8826151788245104E-004 -3.2984027372815389E-004  5.5950103833942258E-016  3.2535814631617267E-016 -8.4803467203735580E-016 -9.0055135168003565E-016 -8.1155405158136063E-016  3.5585617593898456E-016  4.0607031376796044E-003 -5.3279401717866532E-003 -9.3347226442127632E-003  1.0990416497690028E-016  2.8121048932625818E-005  7.0806122237177248E-005 -4.9977820674788637E-005 -4.5509106469918183E-005 -1.7180368752363336E-005  7.7807602627937530E-006 -7.0470751284614118E-005 -4.1444543804543393E-005  2.3740311941475861E-005  6.8142207213023757E-005  2.2043438528575568E-016 -1.2501450439145452E-016
-2.7640546253058068E-001  3.1120886198857220E-015 -2.4626218024122604E-015  5.7151659171031380E-015 -3.5999809273606548E-015  4.7939746477714522E-015 -7.6661009565113750E-015 -7.2768301380388173E-002 -1.6279813984653455E-009 -5.2501099436581735E-009  2.1352868899687100E-008 -1.0326075908605853E-008  6.6797427163644250E-009  1.1954199624300164E-008  7.8096959921846349E-016 -4.2772062932504404E-015  2.4985847860352600E-015 -4.6177455489883768E-008 -4.9351281798312979E-008  1.2177876770771805E-007  1.0515125782573596E-008 -2.7419941640589168E-008  3.5662884539423585E-008  1.0873290196706319E-016  2.5343001859439602E-015  3.1542927841721751E-016  7.6613535220707241E-001 -9.5883412280696268E-017  6.6906105764213228E-017  2.5435601425451722E-017 -3.4519453233379171E-016  8.1030549772802991E-018 -3.5498397707238910E-016  1.7144995562511023E-016  4.3879659533925308E-017  3.9853313474938029E-016  2.2043438528575568E-016  1.6671252023020893E+000 -9.3111043674560567E-001
 1.1867929347352668E-001 -1.9087237323189467E-015  1.3891303581587256E-015 -3.2226562327364781E-015  2.1939044766575766E-015 -2.7365261045737018E-015  4.3166267401840088E-015  2.7851008304697430E-002  4.5720984886542942E-011  1.4707214912341050E-009 -7.3527574218399490E-009  4.6960823638770004E-009 -3.4727998394064276E-009 -4.7418893403886053E-009 -5.0588079429127307E-016  2.4406751347531928E-015 -1.4044745371637043E-015  1.9069745110715888E-008  1.8971910602114334E-008 -4.5547115659367449E-008 -6.4731351582625156E-009  1.2168439301487016E-008 -1.2596934569725996E-008 -3.3668589592350591E-016 -1.1583758930486581E-015 -2.5362160748443585E-016 -4.2603446346934876E-001  6.2380806262779552E-017 -3.7080434732633948E-017 -1.4356997920525502E-017  2.0044819974245680E-016 -2.1576485144565234E-018  2.0243995197157425E-016 -9.4772164556725513E-017 -2.2742121573401322E-017 -2.2508259594836501E-016 -1.2501450439145452E-016 -9.3111043674560567E-001  5.2201921059382139E-001
