   9.6817648614942441E-005   4.5155067736712465E-016   9.7691987858548982E-018   3.3137266992041635E-018   3.9260283115264046E-016   2.4352911517496996E-019   3.9048912923356076E-016  -2.8944594530796473E-016   2.1672032715682014E-017   4.5603768008239949E-018   5.2238938190083831E-003   2.9564436545765643E-017  -3.0970593120622493E-017   4.2790283363064596E-019  -8.6010903365439535E-016   4.4943750144955483E-017   8.2556296411607545E-016   1.1292224142376746E-002  -2.2871858381770074E-016   1.8999336471185384E-017   2.6602942101577793E-018  -1.6220986300071497E-016   9.5970724361544423E-018   7.4559142827057409E-017   4.7981459038879410E-016  -5.5671119118887966E-016  -3.8973511726939825E-018  -1.7461806700502787E-014   8.8511032988372017E-016   1.6349340149807709E-014  -2.2754794981934079E-003  -3.7807391528025653E-003  -1.4163552729529573E-016   7.8698670153295757E-018   7.3248740379668967E-017
   4.5155067736712465E-016   8.6173071623145254E-006   2.0663129383279034E-018  -1.1919113866369171E-017  -4.3086535811619264E-006   1.1225747088715828E-017  -4.3086535811740060E-006  -4.1533166173840678E-017  -7.4108034652873586E-017   1.0687702104259784E-016   2.5393260053092591E-014  -1.9879209295566288E-004   6.4423423452574070E-018   1.5208824645553161E-016   9.9396046477775901E-005  -1.2284965511559046E-016   9.9396046477858991E-005   5.4659467066854036E-014  -3.8259624244715281E-017  -6.1265219650924087E-017   8.1184509299707069E-017  -3.7027433605456095E-016   3.2541663361184835E-017  -7.6013332566354944E-016  -4.0813074341358091E-003   1.9662530499660359E-016   3.1434332349782867E-015   2.0406537170668862E-003  -2.4799493098391301E-015   2.0406537170689128E-003  -2.2338440242438996E-014  -1.7703558413841514E-014  -3.6099711133711334E-016   3.6264876782483021E-017  -7.5492471540157298E-016
   9.7691987858548982E-018   2.0663129383279034E-018   8.6173071623495671E-006  -8.7499172045946466E-018   3.2510443869015849E-018  -1.7096528723807822E-018  -6.0425883149164436E-018   4.6674573187398673E-016   1.9587384597141056E-017  -8.4981541659691554E-017   4.5304281602035327E-016  -5.8565820045573613E-017  -1.9879209295605609E-004   1.2843489152171074E-016  -3.8974137399943683E-017   1.8724333315352514E-017   9.5302891319445299E-017   9.8661155582899005E-016   3.7289434761353950E-016   1.4469595823072940E-017  -6.8030181981930623E-017  -1.4869849994046724E-016   3.7715078576393086E-016   4.4133855566607150E-016  -1.1739598716258895E-015  -4.0813074341441661E-003   2.5460236766066947E-015  -7.3663448455745237E-016   4.0936874700695761E-016   1.9066830359655633E-015  -7.7444818518788359E-017  -3.3616181644750813E-016  -1.7612584585727398E-016   3.7065410761010242E-016   4.4002962598340553E-016
   3.3137266992041635E-018  -1.1919113866369171E-017  -8.7499172045946466E-018   8.6173071623654998E-006   5.4544611158334775E-018  -5.9911107716345675E-018   6.5875262429724077E-018  -1.6726428474660352E-017   1.0125040396590530E-016   2.4190634246546252E-016   1.9342382120580175E-016   1.2253427430909011E-016   8.4937691654838106E-017  -1.9879209295623016E-004  -6.4131850558634444E-017   9.0930942342717402E-017  -5.8505114914780002E-017   4.1462928118970413E-016  -2.2622967123496544E-017   7.8648041204184008E-017   1.8888679514094815E-016   8.5019598084261352E-016  -4.2924110886980060E-016  -8.9266015400677636E-016   2.5119915603821275E-015   1.5905585477634640E-015  -4.0813074341479461E-003  -1.2841931496631429E-015   1.9076022387669198E-015  -1.2284848912180824E-015  -2.6583665689035272E-016  -1.2912616874166863E-016   8.3793887269147840E-016  -4.2804577522637828E-016  -8.9461004960406139E-016
   3.9260283115264046E-016  -4.3086535811619264E-006   3.2510443869015849E-018   5.4544611158334775E-018   8.6173071623670939E-006  -8.8462533858354559E-018  -4.3086535811921689E-006   3.8396111279257739E-016   3.9174755708889845E-017  -1.8963681007559619E-016   1.9657405392822589E-014   9.9396046477998813E-005  -4.1327301220138845E-017  -6.4072333259196430E-017  -1.9879209295625764E-004   7.2190656022077563E-017   9.9396046478294421E-005   4.2555754142181019E-014   3.0358568784497001E-016   2.9667167887346385E-017  -1.4758213545247371E-016  -5.6589570123824575E-016  -7.1013607533282471E-017   2.6506583288415322E-016   2.0406537170711428E-003  -8.0246081625525103E-016  -1.3056652098829130E-015  -4.0813074341482306E-003   1.3927942216808132E-015   2.0406537170771541E-003  -1.4932031399381794E-014  -1.3910628393699909E-014  -5.8169625732086058E-016  -7.2070102851699262E-017   2.7250249587067523E-016
   2.4352911517496996E-019   1.1225747088715828E-017  -1.7096528723807822E-018  -5.9911107716345675E-018  -8.8462533858354559E-018   8.6173071623697451E-006  -9.5319165269842450E-019   1.4196742353975840E-016  -2.0384873188620010E-016  -5.1918805258188122E-016   1.2353735797265645E-016  -1.3854024563176979E-016   1.7792398550025691E-017   4.6349333508206442E-017   1.3899281930595517E-016  -1.9879209295629846E-004   2.4107848080623293E-018   2.6285060184147466E-016   1.1246489433840015E-016  -1.5732402534626897E-016  -3.9742767827387043E-016  -6.3624754638974679E-016   8.0303607139305760E-016   2.1250228297792786E-016  -2.8437633014537705E-015   4.0254012620487095E-016   9.3514933477091197E-016   2.8009475329755127E-015  -4.0813074341489357E-003   4.8246679038245099E-017  -1.7236197513830047E-016  -8.2192197428162218E-017  -6.3464814621197622E-016   8.0422171692869073E-016   2.4157854360057696E-016
   3.9048912923356076E-016  -4.3086535811740060E-006  -6.0425883149164436E-018   6.5875262429724077E-018  -4.3086535811921689E-006  -9.5319165269842450E-019   8.6173071623745851E-006   3.0823182469143030E-016  -4.3456421514094483E-017   6.5019878635666523E-017   2.3792695457789551E-014   9.9396046478157919E-005   5.1615263722194844E-017  -9.0850469249640266E-017   9.9396046478181894E-005   1.7755723016034252E-017  -1.9879209295634739E-004   5.1056469940371118E-014   2.4512169124859284E-016  -2.9982100695903342E-017   5.2390411745001145E-017   7.6641662682904240E-016  -1.5068032279468499E-017   4.1917850684316514E-016   2.0406537170748053E-003   9.4931760194007190E-016  -1.8959629472804691E-015   2.0406537170751882E-003   4.1163334253099798E-016  -4.0813074341500503E-003  -1.9468954054557696E-014  -1.6611157396961542E-014   7.3480418568982855E-016  -1.1981825940861172E-017   4.0883358788657737E-016
  -2.8944594530796473E-016  -4.1533166173840678E-017   4.6674573187398673E-016  -1.6726428474660352E-017   3.8396111279257739E-016   1.4196742353975840E-016   3.0823182469143030E-016  0.40358214346432197        5.3809861175064245E-016  -4.4205235243534089E-016  -7.5005917384075850E-016   2.0904852070511098E-016   1.0659771000151814E-016  -6.2582407736286579E-017   1.3872442089919442E-016  -5.5496001662578008E-017   2.9946432368426200E-016   4.3932233180897242E-016  0.31661883349224734       -9.8190896218948091E-017   4.2735684796607478E-016 -0.10043273681912931        9.6879700950000352E-017  -2.8996234037895068E-017  -1.3303183449789161E-015   3.1414056963208465E-015  -1.6171103228318425E-015   5.6714329487822835E-016   5.6465627364373824E-016   6.2938657858836169E-016   2.7868959772191443E-016  -2.0908853278485166E-018 -0.12416314278075248        9.1509311162916420E-017   2.0363221299919739E-017
   2.1672032715682014E-017  -7.4108034652873586E-017   1.9587384597141056E-017   1.0125040396590530E-016   3.9174755708889845E-017  -2.0384873188620010E-016  -4.3456421514094483E-017   5.3809861175064245E-016  0.40358214346432503        1.8039462083552424E-016   2.2563203877592932E-017  -1.2902256038420367E-016  -1.0891718513731691E-016   4.6976095149222138E-017  -7.4151443603290884E-017   1.3452686919680193E-016   1.7667173189291119E-017  -3.6248067740260068E-016   1.8118300418045780E-016  0.31661883349224662       -5.8887173405653747E-016   2.3313968787583990E-016 -0.10043273681912582        2.3426776350122156E-015  -1.2502410003237678E-015  -9.8216615568295085E-016  -1.4381255446039133E-016   4.1179027353171588E-017  -3.7486665206842951E-016   1.1858315978620480E-015   6.9341661581099472E-016   6.2334536682620728E-017   2.1443450317128281E-016 -0.12416314278074914        2.3242455231005818E-015
   4.5603768008239949E-018   1.0687702104259784E-016  -8.4981541659691554E-017   2.4190634246546252E-016  -1.8963681007559619E-016  -5.1918805258188122E-016   6.5019878635666523E-017  -4.4205235243534089E-016   1.8039462083552424E-016  0.40358214346431154        6.1754495045541331E-017  -7.5726404419635186E-017  -6.4332334777131252E-017  -1.4117342668383737E-016   7.4228908755205212E-017   3.0022434156230173E-016  -3.5543015502137736E-017   4.7802928366166801E-017   7.6574951442334836E-016   1.7132613805948547E-017  0.31661883349224751        2.7693983085473681E-016   1.8594287949913382E-016 -0.10043273681912356       -5.0572593553072272E-016  -7.6007883954245459E-016   7.5286168085507549E-016  -2.8487528820668166E-017   3.5239061071026468E-015   5.2648525416131402E-016  -3.2245652525215434E-017  -1.9801162302278830E-017   2.0937128804204423E-016   1.8287422140629596E-016 -0.12416314278074637     
   5.2238938190083831E-003   2.5393260053092591E-014   4.5304281602035327E-016   1.9342382120580175E-016   1.9657405392822589E-014   1.2353735797265645E-016   2.3792695457789551E-014  -7.5005917384075850E-016   2.2563203877592932E-017   6.1754495045541331E-017  0.29786246967772917        1.7887565734160230E-015  -1.7825366928002220E-016   8.4993224288255068E-017   3.1757806698268458E-015   1.0049612166312812E-016   1.9244865375161382E-015  0.63996885680438542       -6.3383590796760618E-016   2.0023737681706490E-016  -1.4245792061053002E-017   6.3046354386180629E-016  -7.9756084131999413E-017  -1.1458140246643307E-017  -1.1181795360029613E-014   3.8738671417013117E-016   6.7695767131831428E-018   3.4481858958267745E-014   1.7844150807643917E-017  -4.0936441356766595E-014 -0.32197307982748308      -0.20408285067677648        6.7013389834446958E-016  -8.9334643720945985E-017  -1.3053743078101492E-017
   2.9564436545765643E-017  -1.9879209295566288E-004  -5.8565820045573613E-017   1.2253427430909011E-016   9.9396046477998813E-005  -1.3854024563176979E-016   9.9396046478157919E-005   2.0904852070511098E-016  -1.2902256038420367E-016  -7.5726404419635186E-017   1.7887565734160230E-015   4.5859217360285764E-003   1.0279149802558776E-016   7.8143024548947234E-018  -2.2929608680143858E-003   5.5916456496519195E-017  -2.2929608680135444E-003   3.3725211419499297E-015   2.8575070568834724E-016  -2.8863313708687573E-017  -1.6218078057437046E-017   5.1619799673331886E-016  -7.2516540210833652E-017   6.4580896058580409E-016   9.4151413143946455E-002   6.2563462846802386E-016  -3.2356573881819577E-016  -4.7075706571978043E-002   1.7403477747465747E-016  -4.7075706571968176E-002  -2.8211181334246357E-014   3.3735599574920882E-016   4.7479789167171462E-016  -5.3751904954627636E-017   6.4025071997445922E-016
  -3.0970593120622493E-017   6.4423423452574070E-018  -1.9879209295605609E-004   8.4937691654838106E-017  -4.1327301220138845E-017   1.7792398550025691E-017   5.1615263722194844E-017   1.0659771000151814E-016  -1.0891718513731691E-016  -6.4332334777131252E-017  -1.7825366928002220E-016   1.0279149802558776E-016   4.5859217360280698E-003  -2.6578456575807577E-016   1.2234169342759757E-016   6.7433722299013243E-017  -1.7352647829696766E-016  -5.0088075370653083E-016  -7.3037636080809051E-017  -5.4861891039119617E-017  -8.3963855901384576E-018  -6.9539842118595357E-016   5.1146561770638983E-017  -1.2394035841371191E-016   1.4545698697712940E-015   9.4151413143942597E-002  -3.3617403599631255E-015   1.0462769075469103E-015   8.0892069979259310E-016  -2.4106197689854726E-015  -9.6080324966785225E-017   1.6497669237430507E-016  -6.7983220522165911E-016   4.2499139379836279E-017  -1.2426051180424591E-016
   4.2790283363064596E-019   1.5208824645553161E-016   1.2843489152171074E-016  -1.9879209295623016E-004  -6.4072333259196430E-017   4.6349333508206442E-017  -9.0850469249640266E-017  -6.2582407736286579E-017   4.6976095149222138E-017  -1.4117342668383737E-016   8.4993224288255068E-017   7.8143024548947234E-018  -2.6578456575807577E-016   4.5859217360276223E-003   5.4802105245067117E-017   2.1414078167552361E-017  -6.0247388895389056E-017   1.6665981954745225E-016   1.9037584916216753E-016   4.5053006780093131E-017  -1.1057081753283719E-016  -1.3620538676180152E-015   4.5326108457531042E-016   9.7694412026095923E-016   2.4583860744635063E-016  -1.9212122847540630E-015   9.4151413143938184E-002   3.7611905099763966E-016  -5.0022631842934137E-016  -6.0612025991270784E-016  -6.4554725052694016E-016  -2.5285880179093242E-017  -1.3369240934525510E-015   4.2423472971466312E-016   9.8801353451468686E-016
  -8.6010903365439535E-016   9.9396046477775901E-005  -3.8974137399943683E-017  -6.4131850558634444E-017  -1.9879209295625764E-004   1.3899281930595517E-016   9.9396046478181894E-005   1.3872442089919442E-016  -7.4151443603290884E-017   7.4228908755205212E-017   3.1757806698268458E-015  -2.2929608680143858E-003   1.2234169342759757E-016   5.4802105245067117E-017   4.5859217360280421E-003  -1.6401644235144820E-016  -2.2929608680144773E-003   1.8933745522658687E-015   4.2426502403249533E-017  -3.4932532186781503E-017   3.6163315572975942E-017   1.2621450734898975E-016   2.1948111263050771E-016  -1.9520308544027353E-016  -4.7075706571970660E-002   1.4503239053649400E-015   8.9964851635536934E-016   9.4151413143940349E-002  -1.3068634173961369E-015  -4.7075706571971215E-002  -2.7231181365730213E-014   7.3648071136968456E-016   1.2909932148290590E-016   2.1405508685048178E-016  -1.8981606711795929E-016
   4.4943750144955483E-017  -1.2284965511559046E-016   1.8724333315352514E-017   9.0930942342717402E-017   7.2190656022077563E-017  -1.9879209295629846E-004   1.7755723016034252E-017  -5.5496001662578008E-017   1.3452686919680193E-016   3.0022434156230173E-016   1.0049612166312812E-016   5.5916456496519195E-017   6.7433722299013243E-017   2.1414078167552361E-017  -1.6401644235144820E-016   4.5859217360285131E-003   4.2045444952283185E-017   2.5974124354197800E-016  -8.2790719462863073E-017   6.3589098609656496E-017   9.0647419961324911E-018   1.2382261700857144E-015  -1.2861095592234122E-015  -5.6447199907107291E-016   1.1354950996394335E-015   5.2506810070641559E-016   8.1859889824792073E-016  -2.1527901396213263E-015   9.4151413143946983E-002   8.9200700862171092E-016   2.1074686273275082E-017  -7.9593255593068299E-017   1.2098888600590058E-015  -1.2969650240401335E-015  -5.7105385514279731E-016
   8.2556296411607545E-016   9.9396046477858991E-005   9.5302891319445299E-017  -5.8505114914780002E-017   9.9396046478294421E-005   2.4107848080623293E-018  -1.9879209295634739E-004   2.9946432368426200E-016   1.7667173189291119E-017  -3.5543015502137736E-017   1.9244865375161382E-015  -2.2929608680135444E-003  -1.7352647829696766E-016  -6.0247388895389056E-017  -2.2929608680144773E-003   4.2045444952283185E-017   4.5859217360281965E-003   7.8789257525525594E-015   1.7955921977768499E-016  -8.1557258328045896E-017  -4.9018379012868547E-017  -8.3481135824053509E-016   6.0903110669640488E-017  -4.5395745796726958E-016  -4.7075706571962535E-002  -1.0164446189028443E-015  -5.2743852240930734E-016  -4.7075706571979146E-002  -2.2330837808233502E-016   9.4151413143942972E-002  -3.3542901011939709E-014  -9.1922954282570946E-016  -8.3386272005274769E-016   5.5940518524893458E-017  -4.5141148649581872E-016
   1.1292224142376746E-002   5.4659467066854036E-014   9.8661155582899005E-016   4.1462928118970413E-016   4.2555754142181019E-014   2.6285060184147466E-016   5.1056469940371118E-014   4.3932233180897242E-016  -3.6248067740260068E-016   4.7802928366166801E-017  0.63996885680438542        3.3725211419499297E-015  -5.0088075370653083E-016   1.6665981954745225E-016   1.8933745522658687E-015   2.5974124354197800E-016   7.8789257525525594E-015   1.3758993022541819        2.3819551030603058E-016   9.1835602706927147E-017  -9.5893138393924426E-017  -3.6281061018207123E-016   3.7821655527032235E-017   1.4877060854892997E-017  -2.4299310882271281E-014  -1.4807689537608279E-015  -7.8536652700456546E-017  -1.7444185477672090E-014   9.1514834528111847E-016  -4.0665847372612149E-016 -0.64737962423548956      -0.44113367925209401       -3.8132783608425675E-016   3.9032411979015119E-017   1.7548605744400278E-017
  -2.2871858381770074E-016  -3.8259624244715281E-017   3.7289434761353950E-016  -2.2622967123496544E-017   3.0358568784497001E-016   1.1246489433840015E-016   2.4512169124859284E-016  0.31661883349224734        1.8118300418045780E-016   7.6574951442334836E-016  -6.3383590796760618E-016   2.8575070568834724E-016  -7.3037636080809051E-017   1.9037584916216753E-016   4.2426502403249533E-017  -8.2790719462863073E-017   1.7955921977768499E-016   2.3819551030603058E-016  0.24839503476241609       -2.6706937669804443E-016   1.2059487134690279E-015  -7.8094611762432001E-002  -2.2832998561317562E-016  -1.1367278138191017E-015   1.4420272174252787E-015  -7.3619881366779234E-016   3.6784573723693271E-015  -9.2184378104593758E-016  -3.9089724591507082E-016  -6.2493707578299088E-016  -1.0438990790447184E-016   5.2100560158271625E-017  -9.6722536146926011E-002  -2.1296039080551188E-016  -1.1504142383552851E-015
   1.8999336471185384E-017  -6.1265219650924087E-017   1.4469595823072940E-017   7.8648041204184008E-017   2.9667167887346385E-017  -1.5732402534626897E-016  -2.9982100695903342E-017  -9.8190896218948091E-017  0.31661883349224662        1.7132613805948547E-017   2.0023737681706490E-016  -2.8863313708687573E-017  -5.4861891039119617E-017   4.5053006780093131E-017  -3.4932532186781503E-017   6.3589098609656496E-017  -8.1557258328045896E-017   9.1835602706927147E-017  -2.6706937669804443E-016  0.24839503476241306       -5.6285151670691858E-016  -2.0621283184229490E-016  -7.8094611762436580E-002  -2.0046999283815052E-015   5.0664890371285723E-016  -1.4288495926042837E-016   4.5424714045400363E-017   5.0489637294218202E-016  -1.1248543531991707E-015  -1.0297787165664324E-015  -4.4550483401222866E-016  -2.8841035798572032E-017  -1.8219330286965983E-016  -9.6722536146930382E-002  -1.9508330699329370E-015
   2.6602942101577793E-018   8.1184509299707069E-017  -6.8030181981930623E-017   1.8888679514094815E-016  -1.4758213545247371E-016  -3.9742767827387043E-016   5.2390411745001145E-017   4.2735684796607478E-016  -5.8887173405653747E-016  0.31661883349224751       -1.4245792061053002E-017  -1.6218078057437046E-017  -8.3963855901384576E-018  -1.1057081753283719E-016   3.6163315572975942E-017   9.0647419961324911E-018  -4.9018379012868547E-017  -9.5893138393924426E-017   1.2059487134690279E-015  -5.6285151670691858E-016  0.24839503476242275       -1.0494854220289890E-015   1.2708174571784211E-015  -7.8094611762440633E-002   4.7573141179950225E-016   2.7081537069776268E-016   5.7232709401585717E-016  -4.7161495249685755E-016  -1.8716155030996801E-015  -1.0220041987863084E-017   1.0558426154996617E-016   2.3637289300828144E-017  -1.1304131401839265E-015   1.2969133379083544E-015  -9.6722536146934684E-002
  -1.6220986300071497E-016  -3.7027433605456095E-016  -1.4869849994046724E-016   8.5019598084261352E-016  -5.6589570123824575E-016  -6.3624754638974679E-016   7.6641662682904240E-016 -0.10043273681912931        2.3313968787583990E-016   2.7693983085473681E-016   6.3046354386180629E-016   5.1619799673331886E-016  -6.9539842118595357E-016  -1.3620538676180152E-015   1.2621450734898975E-016   1.2382261700857144E-015  -8.3481135824053509E-016  -3.6281061018207123E-016  -7.8094611762432001E-002  -2.0621283184229490E-016  -1.0494854220289890E-015  0.64778467940364304        6.3178440530244481E-016   4.8575645459138118E-017  -3.8159817885029653E-016  -4.5577247642221322E-016  -5.3515936580483092E-016   9.0644514044465523E-017  -1.9764768546297423E-017   5.0856077279582095E-016  -3.6017497345842791E-017   1.4452393849142236E-017  0.64393945672493247        3.4030056875709800E-016  -6.0026683873072129E-017
   9.5970724361544423E-018   3.2541663361184835E-017   3.7715078576393086E-016  -4.2924110886980060E-016  -7.1013607533282471E-017   8.0303607139305760E-016  -1.5068032279468499E-017   9.6879700950000352E-017 -0.10043273681912582        1.8594287949913382E-016  -7.9756084131999413E-017  -7.2516540210833652E-017   5.1146561770638983E-017   4.5326108457531042E-016   2.1948111263050771E-016  -1.2861095592234122E-015   6.0903110669640488E-017   3.7821655527032235E-017  -2.2832998561317562E-016  -7.8094611762436580E-002   1.2708174571784211E-015   6.3178440530244481E-016  0.64778467940364348       -3.9588879998655182E-016  -9.5659233135228050E-017   4.6917881204557754E-016   5.6931607372896884E-016   4.5498866689494299E-017   1.6232153950575794E-015   4.8156028908026628E-017  -6.1605421959004679E-018  -3.8300535510666107E-018   5.9446021611903958E-016  0.64393945672493491       -8.1445606010285459E-017
   7.4559142827057409E-017  -7.6013332566354944E-016   4.4133855566607150E-016  -8.9266015400677636E-016   2.6506583288415322E-016   2.1250228297792786E-016   4.1917850684316514E-016  -2.8996234037895068E-017   2.3426776350122156E-015 -0.10043273681912356       -1.1458140246643307E-017   6.4580896058580409E-016  -1.2394035841371191E-016   9.7694412026095923E-016  -1.9520308544027353E-016  -5.6447199907107291E-016  -4.5395745796726958E-016   1.4877060854892997E-017  -1.1367278138191017E-015  -2.0046999283815052E-015  -7.8094611762440633E-002   4.8575645459138118E-017  -3.9588879998655182E-016  0.64778467940364515        2.6703007755990256E-016   2.8044370013849459E-016  -5.6318518259114663E-016  -1.7193797318643240E-016   9.5764377846526699E-016  -1.2947765971780625E-016  -4.4358395794837254E-017  -3.8856395524796808E-018   7.7403310676108218E-016  -2.5048712426087833E-016  0.64393945672493491     
   4.7981459038879410E-016  -4.0813074341358091E-003  -1.1739598716258895E-015   2.5119915603821275E-015   2.0406537170711428E-003  -2.8437633014537705E-015   2.0406537170748053E-003  -1.3303183449789161E-015  -1.2502410003237678E-015  -5.0572593553072272E-016  -1.1181795360029613E-014   9.4151413143946455E-002   1.4545698697712940E-015   2.4583860744635063E-016  -4.7075706571970660E-002   1.1354950996394335E-015  -4.7075706571962535E-002  -2.4299310882271281E-014   1.4420272174252787E-015   5.0664890371285723E-016   4.7573141179950225E-016  -3.8159817885029653E-016  -9.5659233135228050E-017   2.6703007755990256E-016   1.9329786043576858       -6.1920141323362666E-016  -4.8895756150565937E-015 -0.96648930217884799        3.3163576051986618E-015 -0.96648930217883300       -6.5263886185127288E-014   1.2120618633845762E-014  -7.0718058790928803E-016   1.8008740523331366E-016   2.9055325163449605E-016
  -5.5671119118887966E-016   1.9662530499660359E-016  -4.0813074341441661E-003   1.5905585477634640E-015  -8.0246081625525103E-016   4.0254012620487095E-016   9.4931760194007190E-016   3.1414056963208465E-015  -9.8216615568295085E-016  -7.6007883954245459E-016   3.8738671417013117E-016   6.2563462846802386E-016   9.4151413143942597E-002  -1.9212122847540630E-015   1.4503239053649400E-015   5.2506810070641559E-016  -1.0164446189028443E-015  -1.4807689537608279E-015  -7.3619881366779234E-016  -1.4288495926042837E-016   2.7081537069776268E-016  -4.5577247642221322E-016   4.6917881204557754E-016   2.8044370013849459E-016  -6.1920141323362666E-016   1.9329786043577410        3.5670996863766680E-015  -3.1080010527012453E-016  -1.0359755046006336E-015   2.7824422453581759E-015  -1.0614809589981412E-015   2.9820519587841698E-016  -4.1231994316109894E-016   2.2211934223505127E-016   1.9448836546457806E-016
  -3.8973511726939825E-018   3.1434332349782867E-015   2.5460236766066947E-015  -4.0813074341479461E-003  -1.3056652098829130E-015   9.3514933477091197E-016  -1.8959629472804691E-015  -1.6171103228318425E-015  -1.4381255446039133E-016   7.5286168085507549E-016   6.7695767131831428E-018  -3.2356573881819577E-016  -3.3617403599631255E-015   9.4151413143938184E-002   8.9964851635536934E-016   8.1859889824792073E-016  -5.2743852240930734E-016  -7.8536652700456546E-017   3.6784573723693271E-015   4.5424714045400363E-017   5.7232709401585717E-016  -5.3515936580483092E-016   5.6931607372896884E-016  -5.6318518259114663E-016  -4.8895756150565937E-015   3.5670996863766680E-015   1.9329786043577482        3.0928086697593088E-015  -2.4896805537327760E-015   2.1218920717713843E-015   1.6378880719490739E-016  -1.8004014700698356E-017  -4.2782974742543656E-016   1.7965164318439052E-016  -2.4200135530261196E-016
  -1.7461806700502787E-014   2.0406537170668862E-003  -7.3663448455745237E-016  -1.2841931496631429E-015  -4.0813074341482306E-003   2.8009475329755127E-015   2.0406537170751882E-003   5.6714329487822835E-016   4.1179027353171588E-017  -2.8487528820668166E-017   3.4481858958267745E-014  -4.7075706571978043E-002   1.0462769075469103E-015   3.7611905099763966E-016   9.4151413143940349E-002  -2.1527901396213263E-015  -4.7075706571979146E-002  -1.7444185477672090E-014  -9.2184378104593758E-016   5.0489637294218202E-016  -4.7161495249685755E-016   9.0644514044465523E-017   4.5498866689494299E-017  -1.7193797318643240E-016 -0.96648930217884799       -3.1080010527012453E-016   3.0928086697593088E-015   1.9329786043576600       -1.8951311873960363E-015 -0.96648930217884343       -4.9191910812782443E-014   7.6701448917874795E-015   3.3202652689076053E-016  -9.4091894930535074E-017  -2.4060738808715890E-017
   8.8511032988372017E-016  -2.4799493098391301E-015   4.0936874700695761E-016   1.9076022387669198E-015   1.3927942216808132E-015  -4.0813074341489357E-003   4.1163334253099798E-016   5.6465627364373824E-016  -3.7486665206842951E-016   3.5239061071026468E-015   1.7844150807643917E-017   1.7403477747465747E-016   8.0892069979259310E-016  -5.0022631842934137E-016  -1.3068634173961369E-015   9.4151413143946983E-002  -2.2330837808233502E-016   9.1514834528111847E-016  -3.9089724591507082E-016  -1.1248543531991707E-015  -1.8716155030996801E-015  -1.9764768546297423E-017   1.6232153950575794E-015   9.5764377846526699E-016   3.3163576051986618E-015  -1.0359755046006336E-015  -2.4896805537327760E-015  -1.8951311873960363E-015   1.9329786043577337       -3.9934418619158569E-015   1.5179399691346910E-015  -1.6537521499560835E-016  -3.1006412361952073E-016   1.1581983266558550E-015   7.9158965620904636E-016
   1.6349340149807709E-014   2.0406537170689128E-003   1.9066830359655633E-015  -1.2284848912180824E-015   2.0406537170771541E-003   4.8246679038245099E-017  -4.0813074341500503E-003   6.2938657858836169E-016   1.1858315978620480E-015   5.2648525416131402E-016  -4.0936441356766595E-014  -4.7075706571968176E-002  -2.4106197689854726E-015  -6.0612025991270784E-016  -4.7075706571971215E-002   8.9200700862171092E-016   9.4151413143942972E-002  -4.0665847372612149E-016  -6.2493707578299088E-016  -1.0297787165664324E-015  -1.0220041987863084E-017   5.0856077279582095E-016   4.8156028908026628E-017  -1.2947765971780625E-016 -0.96648930217883300        2.7824422453581759E-015   2.1218920717713843E-015 -0.96648930217884343       -3.9934418619158569E-015   1.9329786043577031       -7.6059020425979013E-014   4.8223296742229859E-015   5.9774219120700632E-016  -8.6512025824839722E-017  -2.9985519316116812E-016
  -2.2754794981934079E-003  -2.2338440242438996E-014  -7.7444818518788359E-017  -2.6583665689035272E-016  -1.4932031399381794E-014  -1.7236197513830047E-016  -1.9468954054557696E-014   2.7868959772191443E-016   6.9341661581099472E-016  -3.2245652525215434E-017 -0.32197307982748308       -2.8211181334246357E-014  -9.6080324966785225E-017  -6.4554725052694016E-016  -2.7231181365730213E-014   2.1074686273275082E-017  -3.3542901011939709E-014 -0.64737962423548956       -1.0438990790447184E-016  -4.4550483401222866E-016   1.0558426154996617E-016  -3.6017497345842791E-017  -6.1605421959004679E-018  -4.4358395794837254E-017  -6.5263886185127288E-014  -1.0614809589981412E-015   1.6378880719490739E-016  -4.9191910812782443E-014   1.5179399691346910E-015  -7.6059020425979013E-014   2.5331405045252797        8.9968826788975872E-002  -1.5699614002716799E-016  -7.3801699135484105E-017   2.4835126168027882E-017
  -3.7807391528025653E-003  -1.7703558413841514E-014  -3.3616181644750813E-016  -1.2912616874166863E-016  -1.3910628393699909E-014  -8.2192197428162218E-017  -1.6611157396961542E-014  -2.0908853278485166E-018   6.2334536682620728E-017  -1.9801162302278830E-017 -0.20408285067677648        3.3735599574920882E-016   1.6497669237430507E-016  -2.5285880179093242E-017   7.3648071136968456E-016  -7.9593255593068299E-017  -9.1922954282570946E-016 -0.44113367925209401        5.2100560158271625E-017  -2.8841035798572032E-017   2.3637289300828144E-017   1.4452393849142236E-017  -3.8300535510666107E-018  -3.8856395524796808E-018   1.2120618633845762E-014   2.9820519587841698E-016  -1.8004014700698356E-017   7.6701448917874795E-015  -1.6537521499560835E-016   4.8223296742229859E-015   8.9968826788975872E-002  0.14763875130178961        1.8692674656778244E-017   8.2978181970794124E-019  -8.1297151239902832E-018
  -1.4163552729529573E-016  -3.6099711133711334E-016  -1.7612584585727398E-016   8.3793887269147840E-016  -5.8169625732086058E-016  -6.3464814621197622E-016   7.3480418568982855E-016 -0.12416314278075248        2.1443450317128281E-016   2.0937128804204423E-016   6.7013389834446958E-016   4.7479789167171462E-016  -6.7983220522165911E-016  -1.3369240934525510E-015   1.2909932148290590E-016   1.2098888600590058E-015  -8.3386272005274769E-016  -3.8132783608425675E-016  -9.6722536146926011E-002  -1.8219330286965983E-016  -1.1304131401839265E-015  0.64393945672493247        5.9446021611903958E-016   7.7403310676108218E-016  -7.0718058790928803E-016  -4.1231994316109894E-016  -4.2782974742543656E-016   3.3202652689076053E-016  -3.1006412361952073E-016   5.9774219120700632E-016  -1.5699614002716799E-016   1.8692674656778244E-017  0.64164222722530551        3.0703726728106665E-016   6.5840040396666127E-016
   7.8698670153295757E-018   3.6264876782483021E-017   3.7065410761010242E-016  -4.2804577522637828E-016  -7.2070102851699262E-017   8.0422171692869073E-016  -1.1981825940861172E-017   9.1509311162916420E-017 -0.12416314278074914        1.8287422140629596E-016  -8.9334643720945985E-017  -5.3751904954627636E-017   4.2499139379836279E-017   4.2423472971466312E-016   2.1405508685048178E-016  -1.2969650240401335E-015   5.5940518524893458E-017   3.9032411979015119E-017  -2.1296039080551188E-016  -9.6722536146930382E-002   1.2969133379083544E-015   3.4030056875709800E-016  0.64393945672493491       -2.5048712426087833E-016   1.8008740523331366E-016   2.2211934223505127E-016   1.7965164318439052E-016  -9.4091894930535074E-017   1.1581983266558550E-015  -8.6512025824839722E-017  -7.3801699135484105E-017   8.2978181970794124E-019   3.0703726728106665E-016  0.64164222722531006        5.5008013660593580E-017
   7.3248740379668967E-017  -7.5492471540157298E-016   4.4002962598340553E-016  -8.9461004960406139E-016   2.7250249587067523E-016   2.4157854360057696E-016   4.0883358788657737E-016   2.0363221299919739E-017   2.3242455231005818E-015 -0.12416314278074637       -1.3053743078101492E-017   6.4025071997445922E-016  -1.2426051180424591E-016   9.8801353451468686E-016  -1.8981606711795929E-016  -5.7105385514279731E-016  -4.5141148649581872E-016   1.7548605744400278E-017  -1.1504142383552851E-015  -1.9508330699329370E-015  -9.6722536146934684E-002  -6.0026683873072129E-017  -8.1445606010285459E-017  0.64393945672493491        2.9055325163449605E-016   1.9448836546457806E-016  -2.4200135530261196E-016  -2.4060738808715890E-017   7.9158965620904636E-016  -2.9985519316116812E-016   2.4835126168027882E-017  -8.1297151239902832E-018   6.5840040396666127E-016   5.5008013660593580E-017  0.64164222722530839     
