   9.2505509429232184E-003   2.0568366950603020E-011   2.1399894100137534E-009   1.4383762993317545E-009  -9.0627257050029991E-010  -3.0323651388498755E-009   8.4469926150731206E-011   2.1673581588103579E-009   1.9472200453001900E-009  -1.2610857013286364E-009  -3.6790366408245730E-009   6.6324860675369204E-002  -2.4742723856322246E-009   1.0365435991489970E-008  -1.1091632168410571E-008   1.1684305493814236E-009  -1.8750092812155806E-009   1.6249892071834905E-009   3.5128466485464539E-010   1.1944009832174376E-009  -1.5197153250133180E-009   5.5964666823356872E-002  -2.1459553184922666E-009   8.5456652931466416E-009   9.3115728823760531E-011  -1.2992341132254914E-010   1.8313441809032142E-010  -3.6266433418107123E-011   2.1303608391715048E-011  -5.6849386702640969E-011  -3.4564554440801268E-002   1.3431401712891625E-009  -5.4237112885228583E-009   7.5000790198892515E-009  -4.0133580190002682E-011   7.1776369760058215E-010  -3.2182270353782797E-010  -3.6116564122999185E-010  -4.2951105663835010E-010   4.0129919359320363E-010  -1.5808225698036648E-009   9.6563562341998952E-003  -4.3464105983582546E-010   1.7523482632152888E-009   5.6492583305797605E-010
   2.0568366950603020E-011   9.2505452302308402E-003   3.6826153102871657E-011  -8.0469665535587900E-009  -9.5809570242846983E-010   4.7793037980739726E-010  -9.2882743806352858E-010   4.2988593489178045E-009  -1.3675844581179149E-009  -3.3407627714054469E-009  -6.1532678902329242E-009   2.7287205483631641E-009   6.6324840500976159E-002   1.4130294497919279E-009  -2.6000614929297312E-008  -1.3606401367184620E-009   1.6651411013657013E-009  -2.0963448178482429E-010   2.9865403226752900E-009   4.6403594322571911E-011  -1.6258998001544802E-009   2.1299976377350431E-009   5.5964651062636074E-002   1.1177214660992537E-009   7.2332096321432000E-011   8.8879107272300687E-011  -6.2553386198777667E-012  -1.1711070797506179E-010   1.7269466001271731E-010   4.4778778415131530E-011  -1.3540323133319256E-009  -3.4564544381565240E-002  -7.0527587804081922E-010   1.8378937244715533E-008   5.9246350158990464E-010  -3.0475151373092020E-010   9.2550779477210457E-011  -1.2571750506498813E-009   2.7033206063101795E-010   6.6471169777120382E-010  -3.8285237846706818E-009   4.3720699845739978E-010   9.6563529931847931E-003   2.2737570976983003E-010   1.3719905443998842E-009
   2.1399894100137534E-009   3.6826153102871657E-011   9.2505478698130441E-003   1.0519766719250947E-008  -2.1082695491282832E-009   1.5058151119776470E-010   3.1618670642493373E-009   9.9034038319872289E-010   3.6687008679874769E-009   1.1179291680441467E-009  -2.9337225251975188E-010   4.4084936055692787E-009  -1.1022728224738971E-009   6.6324849934626590E-002   5.6521188356385950E-009  -5.1769635803501529E-010  -3.6576245426887105E-010   1.6600044548365726E-009   5.7105003702066405E-010   1.3825854977743915E-009  -5.3353803330874959E-011   3.6661985446984571E-009  -9.7453162174688254E-010   5.5964658212523423E-002  -1.3397376274233596E-010  -8.6579813919911794E-012   1.1053330760093455E-010  -9.5844272357416858E-011  -8.8425487241216346E-011   2.2981792276373078E-010  -2.3422176027038175E-009   6.1027680963106570E-010  -3.4564548924599384E-002  -4.7935461115427767E-009   1.2696791370834046E-011   7.7596576964406474E-011  -3.5084670184305236E-010  -3.5710051424541137E-010  -6.3353333840447042E-010   3.4440365865556814E-010   9.9791432509425253E-010   7.5614799696216442E-010  -1.9780878745625496E-010   9.6563544521773986E-003  -3.5573206648485296E-010
   1.4383762993317545E-009  -8.0469665535587900E-009   1.0519766719250947E-008   1.6810552943712301E-004   2.4604399973911869E-011  -9.0091125980542608E-012   2.4343521869088465E-011  -1.3377279321130538E-011  -3.0901594781885288E-012  -1.1227916327979682E-011   5.4908648514313306E-003   1.1070805827894297E-008  -5.5593084788973670E-008   7.4705118894785870E-008   1.5464386071372092E-002  -7.9075747138635558E-012   6.3542293140596903E-012  -1.3358196294621456E-011   2.8051526070666652E-011   3.1724470371949418E-012  -2.0142819943858406E-011   9.6567222091403731E-009  -4.6383515914236265E-008   6.2868690481936554E-008   2.3864864924422289E-010   1.9138027625943240E-011   1.0241358977306206E-010  -3.2902537162165647E-010   3.3329197636935661E-011   9.0377894716861242E-011  -5.1828652440136691E-009   2.9438650296817673E-008  -3.8968361131794119E-008  -6.8588957322832178E-003   7.5233226480019564E-010   6.0340910452313904E-011   3.2722162370939350E-010  -1.0371590605203071E-009   1.0415638835807571E-010   2.8482785444163375E-010  -1.8038580564152429E-003   1.5924192016013099E-009  -9.5357036696386913E-009   1.2532031739070398E-008   1.7724705473907559E-003
  -9.0627257050029991E-010  -9.5809570242846983E-010  -2.1082695491282832E-009   2.4604399973911869E-011   1.8503015035101467E-006   8.5910635797389819E-014   3.8452075382066505E-014  -9.2515053766750589E-007  -3.3237316434045598E-014  -9.2515096587763556E-007   8.2267413098793976E-010  -6.5037334365723714E-009  -6.8728257535713089E-009  -1.5116417267635854E-008   2.3031274305378717E-009   3.3365070462790174E-005   8.3326754684964668E-014   7.8210142507213797E-013  -1.6682533153808537E-005  -6.5976468619508864E-013  -1.6682537309087682E-005  -5.4780559528812867E-009  -5.7979079872385641E-009  -1.2751680961247392E-008   5.1689636187189723E-004  -5.2683373833012643E-014   1.3261215414837523E-011  -2.5844814356448814E-004  -1.0515796235719973E-011  -2.5844821830748514E-004   3.6036341458195727E-009   3.5574420345600339E-009   8.0086543056729434E-009  -1.5726168702842526E-009   1.6323566926676010E-003  -1.2036168756471251E-012   4.1593568973469527E-011  -8.1617822964547622E-004  -3.2935826770434736E-011  -8.1617846302190801E-004   3.1624166755905250E-010  -1.1839676409866282E-009  -1.1422992985378888E-009  -2.5821579487259159E-009  -1.1503779195334669E-010
  -3.0323651388498755E-009   4.7793037980739726E-010   1.5058151119776470E-010  -9.0091125980542608E-012   8.5910635797389819E-014   1.8503017953080559E-006  -1.0959687403326551E-013  -1.9350319315170629E-013   7.0361653617937417E-014   1.0759316773023822E-013  -3.1647333310504002E-010  -2.1748301380431141E-008   3.4239404262344920E-009   1.0798595528144240E-009  -8.8072441249574953E-010   1.6153775240676985E-012   3.3365073609450258E-005   5.5288591073102470E-014  -2.5031688575515219E-012   1.6449233885727389E-012   8.8779647945305816E-013  -1.8338760372010868E-008   2.8945853510265996E-009   9.1100131824337200E-010   2.4513519320039294E-011   5.1689640206229381E-004   2.3472586542300557E-012  -3.9007400969498608E-011   2.7829143111838708E-011   1.4493885086113946E-011   1.1529232259499151E-008  -1.6686247623619161E-009  -6.1872977220495239E-010   6.1437837103946895E-010   7.6416510980204536E-011   1.6323568214383728E-003   7.3663775819475463E-012  -1.2350627897667457E-010   8.7595096392978671E-011   4.7089771291265467E-011  -1.2760104357410413E-010  -3.7223211265690139E-009   5.2026405197843484E-010   2.0358891825843144E-010   4.5820396594796019E-011
   8.4469926150731206E-011  -9.2882743806352858E-010   3.1618670642493373E-009   2.4343521869088465E-011   3.8452075382066505E-014  -1.0959687403326551E-013   1.8503017539158730E-006  -1.2092572276822180E-013   7.2803812983284660E-014   8.2473487191117443E-014   8.3246699612255551E-010   6.0413230816838101E-010  -6.6611057632028108E-009   2.2671334916233626E-008   2.3246070272378964E-009  -1.8709529116130365E-013  -2.1332675360928483E-012   3.3365072404054564E-005  -8.3257586658965154E-013   8.9952062354516312E-013   1.0196735436620641E-012   5.1080135994786869E-010  -5.6176986733156408E-009   1.9127063354326779E-008  -2.1805993166951990E-012  -3.2910064211834684E-011   5.1689639658364611E-004  -1.5292662911784208E-011   1.5681014386198325E-011   1.7473263261301934E-011  -1.2394811346488792E-010   3.5692909733774651E-009  -1.2028184737709582E-008  -1.6005851965723644E-009  -7.1992316657450582E-012  -1.0403256084272909E-010   1.6323568031028702E-003  -4.8285588203957511E-011   5.0373973784231898E-011   5.5484819215725507E-011   3.2603603284591478E-010   1.6982435567240222E-011  -1.1561727755765060E-009   3.8796968606058021E-009  -1.1799413938121853E-010
   2.1673581588103579E-009   4.2988593489178045E-009   9.9034038319872289E-010  -1.3377279321130538E-011  -9.2515053766750589E-007  -1.9350319315170629E-013  -1.2092572276822180E-013   1.8503012207995829E-006  -3.9335258068468167E-014  -9.2515068311051502E-007  -4.1916775930885969E-010   1.5546311815392441E-008   3.0832014529019058E-008   7.1047746372331661E-009  -1.1819220346689996E-009  -1.6682534029941528E-005  -9.8779279530036040E-013  -1.0270268492007459E-012   3.3365068479514665E-005  -4.3469564342069772E-013  -1.6682534449514904E-005   1.3107120036081567E-008   2.6005859378129261E-008   5.9897199816380871E-009  -2.5844815760900651E-004  -1.4758350539195960E-011  -1.8489991979859455E-011   5.1689632093211159E-004  -6.7884785144937905E-012  -2.5844816332306372E-004  -8.3405677771261511E-009  -1.6296958826666354E-008  -3.8157411672880271E-009   7.8223215944764239E-010  -8.1617827402244479E-004  -4.6884151702427077E-011  -5.8390441605605313E-011   1.6323565677571882E-003  -2.1730426225971193E-011  -8.1617829373483667E-004  -1.5002621024905188E-010   2.7059772985976722E-009   5.2613165456204864E-009   1.2409077946095089E-009   5.5700557343826692E-011
   1.9472200453001900E-009  -1.3675844581179149E-009   3.6687008679874769E-009  -3.0901594781885288E-012  -3.3237316434045598E-014   7.0361653617937417E-014   7.2803812983284660E-014  -3.9335258068468167E-014   1.8503017457109370E-006   7.2573422682408799E-014  -1.1226154861335449E-010   1.3965110618368702E-008  -9.8110613707354822E-009   2.6311476752393128E-008  -3.1181646197017425E-010   7.2079076246716421E-014  -5.7203534929360330E-013   1.7580741251702208E-013  -2.7382964466803038E-013   3.3365073252209565E-005   2.0175216485156491E-013   1.1777357269654684E-008  -8.2714986661319354E-009   2.2191695001200206E-008   1.3299558612425348E-012  -7.8100105811872404E-012   3.8396917026338420E-012  -4.1091369286829638E-012   5.1689639486749697E-004   2.7791828627903484E-012  -7.3990140832549049E-009   5.3536622658014941E-009  -1.4051058215227540E-008   2.1811993262351784E-010   4.4969332001007061E-012  -2.5021305171453779E-011   1.2946331464305641E-011  -1.3260710550261801E-011   1.6323567991567878E-003   8.7637773283693273E-012  -4.5452802119790110E-011   2.3896943213999036E-009  -1.7490665424744421E-009   4.5489942147200145E-009   1.6297346314860378E-011
  -1.2610857013286364E-009  -3.3407627714054469E-009   1.1179291680441467E-009  -1.1227916327979682E-011  -9.2515096587763556E-007   1.0759316773023822E-013   8.2473487191117443E-014  -9.2515068311051502E-007   7.2573422682408799E-014   1.8503016490015834E-006  -4.0353303066994982E-010  -9.0425791804558002E-009  -2.3959182559625782E-008   8.0116426758903779E-009  -1.1212801843857580E-009  -1.6682536433479675E-005   9.0447704497298665E-013   2.4492253917883765E-013  -1.6682535325317322E-005   1.0944756266063162E-012   3.3365071758844814E-005  -7.6290647914436876E-009  -2.0207946098572967E-008   6.7619609136635501E-009  -2.5844820427266680E-004   1.4811204391705988E-011   5.2287318700079504E-012  -2.5844817736160001E-004   1.7304511733580380E-011   5.1689638163430161E-004   4.7369318626710970E-009   1.2739512668598317E-008  -4.1929201627002036E-009   7.9042442121835679E-010  -8.1617841867602904E-004   4.8088306949124247E-011   1.6796731485499242E-011  -8.1617833809269011E-004   5.4667001388933420E-011   1.6323567567685954E-003  -1.6621442960771978E-010  -1.5220087529055627E-009  -4.1190239666987282E-009   1.3412537550992002E-009   5.9335835965798704E-011
  -3.6790366408245730E-009  -6.1532678902329242E-009  -2.9337225251975188E-010   5.4908648514313306E-003   8.2267413098793976E-010  -3.1647333310504002E-010   8.3246699612255551E-010  -4.1916775930885969E-010  -1.1226154861335449E-010  -4.0353303066994982E-010  0.19224859075477516        1.3318981020150225E-010   2.9483686775163545E-008  -2.7521058621064486E-008  0.53552786016967691       -8.4203530978882473E-010   1.7128930353809435E-010  -7.0690649176965508E-010   1.7554213018409611E-009   3.1551152788912384E-011  -9.1335097744753495E-010   1.0676521961852698E-008   4.2500684015246735E-008  -2.8644366750286511E-008  -6.2294974267443486E-010  -1.3223535315775355E-010  -2.4467002808564823E-010   8.3680113534489289E-010  -8.4324615949123547E-011  -2.1381205256902789E-010  -7.5046051719757726E-009  -2.3434062500223489E-008   1.4694905194604992E-008 -0.38574163829002439       -1.9536131687706348E-009  -4.0881994312921374E-010  -6.1595023282926522E-010   2.6227260908717618E-009  -2.9500994801883448E-010  -6.6903525238497629E-010   8.9350083709935441E-002   2.6568328861664543E-009   7.5527372994556975E-009  -4.5182501580619643E-009  -3.5104898880870629E-002
   6.6324860675369204E-002   2.7287205483631641E-009   4.4084936055692787E-009   1.1070805827894297E-008  -6.5037334365723714E-009  -2.1748301380431141E-008   6.0413230816838101E-010   1.5546311815392441E-008   1.3965110618368702E-008  -9.0425791804558002E-009   1.3318981020150225E-010  0.47568222481706102        7.6796370645097257E-010  -4.1044455026178732E-009  -5.6898608143552748E-009   8.3091882148803975E-009  -1.3489598404323853E-008   1.1639462977786319E-008   2.5762092618329311E-009   8.5851006919375180E-009  -1.0885398276977367E-008  0.40115565826408395        2.2223450164883000E-010  -4.8817019352205725E-009  -4.5607260098329783E-010  -1.6078925232983911E-009   1.0665329218213537E-009   6.4376248676717466E-010   4.5786344066861937E-010  -1.8769055247309942E-010 -0.25562285330498263       -3.6602158118962102E-010   2.5754898133219813E-009   8.7776893048644998E-010  -3.8175340199351754E-009   3.0309647243394110E-009  -3.0864605672293209E-009   2.5116756517017171E-010  -2.1202091699522008E-009   3.5663662480863251E-009   8.2838716955153315E-011   8.7626602397559275E-002   1.2743164045209932E-010  -8.1550780599167049E-010   1.0385738743179553E-011
  -2.4742723856322246E-009   6.6324840500976159E-002  -1.1022728224738971E-009  -5.5593084788973670E-008  -6.8728257535713089E-009   3.4239404262344920E-009  -6.6611057632028108E-009   3.0832014529019058E-008  -9.8110613707354822E-009  -2.3959182559625782E-008   2.9483686775163545E-008   7.6796370645097257E-010  0.47568222923711367        3.3544360202328367E-010   1.8776533205715371E-008  -9.7993052249364650E-009   1.1891361175886462E-008  -1.5052674147090740E-009   2.1486593544013639E-008   2.7817475254924936E-010  -1.1687285605125667E-008  -5.8543331644286417E-010  0.40115567104135097       -2.5067334283139484E-010  -1.4106397680244266E-010  -1.6514552050449546E-010  -7.2276853255198267E-011   2.4585072353801168E-010   3.5643659901079948E-010  -1.0478559622824177E-010   1.5657940775379110E-010 -0.25562285807694685        4.6263466912644546E-011  -1.1156928286248454E-008   2.1657039571735503E-009  -4.7053702262299215E-009   5.7748801011388185E-010  -5.5855390623476152E-009  -8.3921938452957884E-010   3.4198361715017892E-009   2.1758892292165521E-009  -4.2622538362112707E-011   8.7626603806275974E-002  -9.4683412230979486E-012  -8.1019265292951193E-010
   1.0365435991489970E-008   1.4130294497919279E-009   6.6324849934626590E-002   7.4705118894785870E-008  -1.5116417267635854E-008   1.0798595528144240E-009   2.2671334916233626E-008   7.1047746372331661E-009   2.6311476752393128E-008   8.0116426758903779E-009  -2.7521058621064486E-008  -4.1044455026178732E-009   3.3544360202328367E-010  0.47568222880591049       -3.0405344042897226E-008  -3.6691264574078973E-009  -2.6259528623785797E-009   1.1848045072014269E-008   4.1401875574897528E-009   9.9483697882754622E-009  -4.7106200920607410E-010  -3.8416090825947014E-009  -4.0333473906630774E-011  0.40115566485627213       -2.6062991047557154E-010  -1.0779157383959011E-010  -1.1833220054617606E-010   3.1893402570000394E-011  -1.1601970266521893E-010   2.2873567633912491E-010   1.9269259546491865E-009  -1.2437902968475186E-010 -0.25562285630861536        1.3660007732762674E-008   2.2962962172857104E-009   4.1261759623895066E-010  -5.3775900162873660E-009  -2.9610303755122334E-010  -2.9016915908449216E-009  -2.0001936619140034E-009  -2.3670999668686978E-009  -6.0515939621218500E-010   4.6773993543984184E-011   8.7626603329823013E-002   9.3038834737047909E-010
  -1.1091632168410571E-008  -2.6000614929297312E-008   5.6521188356385950E-009   1.5464386071372092E-002   2.3031274305378717E-009  -8.8072441249574953E-010   2.3246070272378964E-009  -1.1819220346689996E-009  -3.1181646197017425E-010  -1.1212801843857580E-009  0.53552786016967691       -5.6898608143552748E-009   1.8776533205715371E-008  -3.0405344042897226E-008   1.4944083914974711       -2.1994081434111753E-009   5.0614420150202606E-010  -1.9183624054243604E-009   4.6842155848408681E-009   1.0813058086661438E-010  -2.4847074818214068E-009   2.4830084277819281E-008   6.5001698510942680E-008  -4.0643805491144839E-008   6.3388746917162015E-010   8.5745265006144480E-011   1.6335849640660844E-010  -1.0314232844699673E-009   8.8700779469499281E-011   3.9764625155567864E-010  -7.9667915080144694E-009  -3.1614067081673808E-008   2.4613530249663269E-008  -1.0027510627018845        2.0108317479697302E-009   2.8931009210719406E-010   9.4092786564263649E-010  -3.2706421858713689E-009   1.9541942879425108E-010   1.2600058535389601E-009  0.18948775142072161        2.2674853306876196E-009   1.0033320714420470E-008  -8.0811048492265655E-009  -6.5432468951878542E-002
   1.1684305493814236E-009  -1.3606401367184620E-009  -5.1769635803501529E-010  -7.9075747138635558E-012   3.3365070462790174E-005   1.6153775240676985E-012  -1.8709529116130365E-013  -1.6682534029941528E-005   7.2079076246716421E-014  -1.6682536433479675E-005  -8.4203530978882473E-010   8.3091882148803975E-009  -9.7993052249364650E-009  -3.6691264574078973E-009  -2.1994081434111753E-009   6.0164677230753688E-004   2.7716396476951092E-012  -1.9683249516765754E-012  -3.0082339680388221E-004  -7.4265051059315092E-014  -3.0082337550556699E-004   7.1010564364464777E-009  -8.2586819802955429E-009  -3.1030906222388050E-009   9.3207963725318553E-003   1.8744321374139133E-011  -9.9968952269758966E-012  -4.6603982578659305E-003  -6.5864304439688421E-012  -4.6603981146672979E-003  -5.0455481231189371E-009   4.9823500120495328E-009   2.3976045845189375E-009   1.4084852254976623E-009   2.9435038553174999E-002   4.0492251013342857E-011  -3.6719065405720303E-011  -1.4717519526695096E-002  -1.5879668103159029E-011  -1.4717519026475992E-002  -2.5191493414351886E-010   1.7025169814924082E-009  -1.5842429979416810E-009  -8.2592163942938491E-010   9.6606727831985531E-011
  -1.8750092812155806E-009   1.6651411013657013E-009  -3.6576245426887105E-010   6.3542293140596903E-012   8.3326754684964668E-014   3.3365073609450258E-005  -2.1332675360928483E-012  -9.8779279530036040E-013  -5.7203534929360330E-013   9.0447704497298665E-013   1.7128930353809435E-010  -1.3489598404323853E-008   1.1891361175886462E-008  -2.6259528623785797E-009   5.0614420150202606E-010   2.7716396476951092E-012   6.0164679100277473E-004  -1.8278036673826578E-012  -1.8910948166422747E-013  -3.7228969776882252E-012  -2.5824373724168141E-012  -1.1269882895851339E-008   1.0102046165833927E-008  -2.2007795512337450E-009   3.3582692156973663E-011   9.3207965079885879E-003  -1.5718515610499858E-012  -7.0345310745202253E-012  -1.5474335387713816E-011  -2.6548099111564734E-011   7.1243455296958774E-009  -6.7939534535500172E-009   1.3951998499303024E-009  -3.7104298708844493E-010   8.8071980870245295E-011   2.9435039014305345E-002  -5.8029891354630467E-012  -2.8005154825532623E-011  -5.4085849923681809E-011  -6.0066766630742652E-011   8.3138285616242327E-011  -2.3033161828042153E-009   2.2504744357630844E-009  -4.5115968258867139E-010  -2.8931995194783274E-011
   1.6249892071834905E-009  -2.0963448178482429E-010   1.6600044548365726E-009  -1.3358196294621456E-011   7.8210142507213797E-013   5.5288591073102470E-014   3.3365072404054564E-005  -1.0270268492007459E-012   1.7580741251702208E-013   2.4492253917883765E-013  -7.0690649176965508E-010   1.1639462977786319E-008  -1.5052674147090740E-009   1.1848045072014269E-008  -1.9183624054243604E-009  -1.9683249516765754E-012  -1.8278036673826578E-012   6.0164676104421610E-004   5.7565843444618430E-012  -3.8511366307733129E-012  -3.7882163709539294E-012   9.7810446214620259E-009  -1.2612411860709198E-009   1.0053007495302841E-008  -1.7558719070225746E-011  -2.5892722337466889E-011   9.3207962817863851E-003   4.5980257685798675E-011  -2.8059243582538263E-011  -2.8421519993355781E-011  -6.7228133904142093E-009   8.3895272043422443E-010  -6.9082230572100839E-009   1.2827303785087669E-009  -6.1094740838955931E-011  -8.3622793461649184E-011   2.9435038281312668E-002   1.4535895658185119E-010  -7.3220804552305373E-011  -8.4264227539596272E-011  -2.4913783275555517E-010   2.2389877190395781E-009  -2.7474914476213571E-010   2.3004757869073379E-009   9.2107868799960402E-011
   3.5128466485464539E-010   2.9865403226752900E-009   5.7105003702066405E-010   2.8051526070666652E-011  -1.6682533153808537E-005  -2.5031688575515219E-012  -8.3257586658965154E-013   3.3365068479514665E-005  -2.7382964466803038E-013  -1.6682535325317322E-005   1.7554213018409611E-009   2.5762092618329311E-009   2.1486593544013639E-008   4.1401875574897528E-009   4.6842155848408681E-009  -3.0082339680388221E-004  -1.8910948166422747E-013   5.7565843444618430E-012   6.0164679329002141E-004   7.8116565913450901E-014  -3.0082339648508915E-004   2.0902522567325675E-009   1.8095545728416679E-008   3.4529204979250429E-009  -4.6603982663501733E-003   6.9673505425266850E-012   4.2800959808096071E-011   9.3207965137822139E-003   3.5641331480346616E-013  -4.6603982474312956E-003  -1.0528413484235644E-009  -1.1178591879487965E-008  -1.8434605731361618E-009  -3.0768304042079486E-009  -1.4717519553929040E-002   1.7001614667049827E-011   1.3518532445540637E-010   2.9435039078181569E-002  -4.1427978495706432E-012  -1.4717519524254211E-002   5.7865074708736243E-010   3.0380650763751910E-010   3.5809660521973001E-009   5.5313044341652975E-010  -2.1701895841908066E-010
   1.1944009832174376E-009   4.6403594322571911E-011   1.3825854977743915E-009   3.1724470371949418E-012  -6.5976468619508864E-013   1.6449233885727389E-012   8.9952062354516312E-013  -4.3469564342069772E-013   3.3365073252209565E-005   1.0944756266063162E-012   3.1551152788912384E-011   8.5851006919375180E-009   2.7817475254924936E-010   9.9483697882754622E-009   1.0813058086661438E-010  -7.4265051059315092E-014  -3.7228969776882252E-012  -3.8511366307733129E-012   7.8116565913450901E-014   6.0164679458225552E-004  -3.8227249654501041E-015   7.1992626659530746E-009   2.6170160229768345E-010   8.3791147593831542E-009   2.7631217243279608E-012  -3.8919375613043276E-011  -3.9257539953200354E-011   3.5682562971935453E-012   9.3207965335366291E-003  -6.3313456451779954E-012  -4.5644796945511043E-009  -7.3864386939872253E-010  -5.2682528196314352E-009  -9.4958067723873951E-011   1.4079524209057172E-011  -1.2935698725988723E-010  -1.0916941388824840E-010   6.1450089761299914E-012   2.9435039102908837E-002  -2.0224533576767581E-011   2.5745620691234529E-011   1.4751779918075851E-009   3.1014775407382803E-010   1.6943048113744730E-009  -8.3089833590636485E-012
  -1.5197153250133180E-009  -1.6258998001544802E-009  -5.3353803330874959E-011  -2.0142819943858406E-011  -1.6682537309087682E-005   8.8779647945305816E-013   1.0196735436620641E-012  -1.6682534449514904E-005   2.0175216485156491E-013   3.3365071758844814E-005  -9.1335097744753495E-010  -1.0885398276977367E-008  -1.1687285605125667E-008  -4.7106200920607410E-010  -2.4847074818214068E-009  -3.0082337550556699E-004  -2.5824373724168141E-012  -3.7882163709539294E-012  -3.0082339648508915E-004  -3.8227249654501041E-015   6.0164677199151841E-004  -9.1913093753939299E-009  -9.8368614100812086E-009  -3.4983061365466437E-010  -4.6603981062113093E-003  -2.5710234346606154E-011  -3.2803398078027678E-011  -4.6603982559000161E-003   6.2304631463840671E-012   9.3207963621119525E-003   6.0983886886035366E-009   6.1962401862873838E-009  -5.5414241306860318E-010   1.6683633367343575E-009  -1.4717518999339518E-002  -5.7489325840875626E-011  -9.8464154235315651E-011  -1.4717519551435104E-002   2.0023874474350577E-011   2.9435038550772390E-002  -3.2673908158444351E-010  -2.0063244458835766E-009  -1.9967294518626149E-009   2.7278883492593867E-010   1.2040646718198830E-010
   5.5964666823356872E-002   2.1299976377350431E-009   3.6661985446984571E-009   9.6567222091403731E-009  -5.4780559528812867E-009  -1.8338760372010868E-008   5.1080135994786869E-010   1.3107120036081567E-008   1.1777357269654684E-008  -7.6290647914436876E-009   1.0676521961852698E-008  0.40115565826408395       -5.8543331644286417E-010  -3.8416090825947014E-009   2.4830084277819281E-008   7.1010564364464777E-009  -1.1269882895851339E-008   9.7810446214620259E-009   2.0902522567325675E-009   7.1992626659530746E-009  -9.1913093753939299E-009  0.33886796936033703       -8.4812916146883850E-010  -4.4316897127357822E-009   1.1948248548835818E-009   3.4217558552526324E-010   4.5306173029639147E-010  -8.1344404119928144E-010  -2.6582988762041699E-010  -3.8138136287182720E-010 -0.18326321759376335        5.0388507129926361E-010   2.5987468990702666E-009  -1.8704259075191234E-008   1.7000379105105659E-009   7.8432689799964675E-009  -4.0085110439406044E-009  -4.0245891618906165E-009  -3.8342523097601183E-009   2.3245510821619652E-009   3.7128419721726015E-009   4.6504344197472645E-002  -1.6841422517056076E-010  -8.4579116960861698E-010  -1.3515997179725838E-009
  -2.1459553184922666E-009   5.5964651062636074E-002  -9.7453162174688254E-010  -4.6383515914236265E-008  -5.7979079872385641E-009   2.8945853510265996E-009  -5.6176986733156408E-009   2.6005859378129261E-008  -8.2714986661319354E-009  -2.0207946098572967E-008   4.2500684015246735E-008   2.2223450164883000E-010  0.40115567104135097       -4.0333473906630774E-011   6.5001698510942680E-008  -8.2586819802955429E-009   1.0102046165833927E-008  -1.2612411860709198E-009   1.8095545728416679E-008   2.6170160229768345E-010  -9.8368614100812086E-009  -8.4812916146883850E-010  0.33886798770493110       -4.8083391269768489E-010   3.7886854750980209E-011   1.0849859537191932E-009   6.0568490848583741E-011  -2.7717599309248657E-010   8.5427196432597307E-010   2.3929015660987083E-010   5.2535648360135907E-010 -0.18326322873404591        3.2832040026314759E-010  -4.3552928346320296E-008   2.3193471698585602E-009  -1.5193024067811041E-010   8.6988452879326985E-010  -6.2483962296437747E-009   1.0191502357787734E-009   3.9290499408620160E-009   8.8438464297232202E-009  -1.7718134296742403E-010   4.6504347886028821E-002  -1.1213440244828662E-010  -3.2069173199710942E-009
   8.5456652931466416E-009   1.1177214660992537E-009   5.5964658212523423E-002   6.2868690481936554E-008  -1.2751680961247392E-008   9.1100131824337200E-010   1.9127063354326779E-008   5.9897199816380871E-009   2.2191695001200206E-008   6.7619609136635501E-009  -2.8644366750286511E-008  -4.8817019352205725E-009  -2.5067334283139484E-010  0.40115566485627213       -4.0643805491144839E-008  -3.1030906222388050E-009  -2.2007795512337450E-009   1.0053007495302841E-008   3.4529204979250429E-009   8.3791147593831542E-009  -3.4983061365466437E-010  -4.4316897127357822E-009  -4.8083391269768489E-010  0.33886797762758775       -4.5079042380410971E-010   1.2775361823171030E-010   9.6330683747561480E-010  -6.6237938659806641E-010  -2.8439951953308291E-010   1.1131691475516659E-009   2.5848631762174853E-009   2.9175759147535200E-010 -0.18326322239296128        2.2854240563231512E-008   1.2267536432501227E-009   1.0372053667353992E-009  -1.2324704816839570E-009  -2.4059310476258375E-009  -3.0599410001155125E-009   1.1791770220400292E-009  -4.6245446021059047E-009  -8.3893718058433843E-010  -9.9017912135375663E-011   4.6504345763757449E-002   1.6919355913225334E-009
   9.3115728823760531E-011   7.2332096321432000E-011  -1.3397376274233596E-010   2.3864864924422289E-010   5.1689636187189723E-004   2.4513519320039294E-011  -2.1805993166951990E-012  -2.5844815760900651E-004   1.3299558612425348E-012  -2.5844820427266680E-004  -6.2294974267443486E-010  -4.5607260098329783E-010  -1.4106397680244266E-010  -2.6062991047557154E-010   6.3388746917162015E-010   9.3207963725318553E-003   3.3582692156973663E-011  -1.7558719070225746E-011  -4.6603982663501733E-003   2.7631217243279608E-012  -4.6603981062113093E-003   1.1948248548835818E-009   3.7886854750980209E-011  -4.5079042380410971E-010  0.14439908766576040        1.4533570094941742E-010   4.5550112009327451E-011  -7.2199543626757443E-002  -4.1390779438632530E-011  -7.2199544039024219E-002   7.6487447922004103E-010   7.1983686880974276E-011  -1.1621364348259058E-010   4.7756999473195169E-011  0.45601175506963837        1.6922832495780746E-010   6.4080886119495863E-011 -0.22800587725561994       -5.4486616290847937E-011 -0.22800587781395781       -9.2530363244960464E-011  -4.6413022587653351E-010  -2.3485561413464398E-011   1.1405069474685568E-010   2.0599475095738682E-011
  -1.2992341132254914E-010   8.8879107272300687E-011  -8.6579813919911794E-012   1.9138027625943240E-011  -5.2683373833012643E-014   5.1689640206229381E-004  -3.2910064211834684E-011  -1.4758350539195960E-011  -7.8100105811872404E-012   1.4811204391705988E-011  -1.3223535315775355E-010  -1.6078925232983911E-009  -1.6514552050449546E-010  -1.0779157383959011E-010   8.5745265006144480E-011   1.8744321374139133E-011   9.3207965079885879E-003  -2.5892722337466889E-011   6.9673505425266850E-012  -3.8919375613043276E-011  -2.5710234346606154E-011   3.4217558552526324E-010   1.0849859537191932E-009   1.2775361823171030E-010   1.4533570094941742E-010  0.14439908737588716        1.3096594538655605E-011   4.4453427398340605E-011   5.0774765883802380E-011  -1.8978816828715583E-010   1.5128332735552284E-009   4.1991483303927365E-010  -1.9444362503634768E-011   4.1494664690162339E-011   1.8038765797080897E-010  0.45601175467101801        2.8356169744130821E-011   5.0683853638603461E-011   7.9508146269060807E-011  -2.3107059116793071E-010  -2.5198903367217531E-011  -6.0738523435491946E-010  -3.1255862424285820E-010  -2.0427559969309675E-012   6.4855011064688335E-012
   1.8313441809032142E-010  -6.2553386198777667E-012   1.1053330760093455E-010   1.0241358977306206E-010   1.3261215414837523E-011   2.3472586542300557E-012   5.1689639658364611E-004  -1.8489991979859455E-011   3.8396917026338420E-012   5.2287318700079504E-012  -2.4467002808564823E-010   1.0665329218213537E-009  -7.2276853255198267E-011  -1.1833220054617606E-010   1.6335849640660844E-010  -9.9968952269758966E-012  -1.5718515610499858E-012   9.3207962817863851E-003   4.2800959808096071E-011  -3.9257539953200354E-011  -3.2803398078027678E-011   4.5306173029639147E-010   6.0568490848583741E-011   9.6330683747561480E-010   4.5550112009327451E-011   1.3096594538655605E-011  0.14439908755739572       -6.1843029762375663E-012  -1.1847428796328062E-010  -3.9365520537904819E-011  -4.7223085065533177E-010  -3.9031454749297428E-012   5.6969153697721668E-010   7.1329672947957001E-011   5.6403441776793994E-011   1.2637997591948512E-011  0.45601175495533852       -1.7151712719802950E-011  -1.3571232602538982E-010  -3.9251911828913994E-011  -4.8313167116962982E-011   7.1551565546376466E-011  -5.0944934780852985E-012  -3.5863181114361000E-010   1.2231564331630898E-011
  -3.6266433418107123E-011  -1.1711070797506179E-010  -9.5844272357416858E-011  -3.2902537162165647E-010  -2.5844814356448814E-004  -3.9007400969498608E-011  -1.5292662911784208E-011   5.1689632093211159E-004  -4.1091369286829638E-012  -2.5844817736160001E-004   8.3680113534489289E-010   6.4376248676717466E-010   2.4585072353801168E-010   3.1893402570000394E-011  -1.0314232844699673E-009  -4.6603982578659305E-003  -7.0345310745202253E-012   4.5980257685798675E-011   9.3207965137822139E-003   3.5682562971935453E-012  -4.6603982559000161E-003  -8.1344404119928144E-010  -2.7717599309248657E-010  -6.6237938659806641E-010  -7.2199543626757443E-002   4.4453427398340605E-011  -6.1843029762375663E-012  0.14439908700652734        4.2087605619018143E-011  -7.2199543379758355E-002  -5.8429118001048331E-010   2.1324052530012629E-010  -7.1363238394306433E-011   1.3764175035649480E-011 -0.22800587726244842        6.2905841087227258E-011  -1.9218593783413816E-011  0.45601175421071199        5.1296501108415444E-011 -0.22800587694828964        1.1476666751889759E-010   3.2673918464558918E-010  -6.4881964579551206E-011   1.1959989787991471E-010  -2.3025879364790827E-011
   2.1303608391715048E-011   1.7269466001271731E-010  -8.8425487241216346E-011   3.3329197636935661E-011  -1.0515796235719973E-011   2.7829143111838708E-011   1.5681014386198325E-011  -6.7884785144937905E-012   5.1689639486749697E-004   1.7304511733580380E-011  -8.4324615949123547E-011   4.5786344066861937E-010   3.5643659901079948E-010  -1.1601970266521893E-010   8.8700779469499281E-011  -6.5864304439688421E-012  -1.5474335387713816E-011  -2.8059243582538263E-011   3.5641331480346616E-013   9.3207965335366291E-003   6.2304631463840671E-012  -2.6582988762041699E-010   8.5427196432597307E-010  -2.8439951953308291E-010  -4.1390779438632530E-011   5.0774765883802380E-011  -1.1847428796328062E-010   4.2087605619018143E-011  0.14439908730829806       -6.9632460167179759E-013  -1.8447368706694618E-010  -6.4796687856360965E-011   5.9322515259688073E-010   1.1210881011855996E-011  -4.7773622373341078E-011   6.0423586768621252E-011  -1.4476525993822929E-010   5.3538714967463249E-011  0.45601175458031090       -5.7650986495593423E-012  -1.4592979892418957E-011   9.1915679287875343E-011  -1.1306055718595682E-010  -2.0909465769529276E-010   3.2697312114372231E-012
  -5.6849386702640969E-011   4.4778778415131530E-011   2.2981792276373078E-010   9.0377894716861242E-011  -2.5844821830748514E-004   1.4493885086113946E-011   1.7473263261301934E-011  -2.5844816332306372E-004   2.7791828627903484E-012   5.1689638163430161E-004  -2.1381205256902789E-010  -1.8769055247309942E-010  -1.0478559622824177E-010   2.2873567633912491E-010   3.9764625155567864E-010  -4.6603981146672979E-003  -2.6548099111564734E-011  -2.8421519993355781E-011  -4.6603982474312956E-003  -6.3313456451779954E-012   9.3207963621119525E-003  -3.8138136287182720E-010   2.3929015660987083E-010   1.1131691475516659E-009  -7.2199544039024219E-002  -1.8978816828715583E-010  -3.9365520537904819E-011  -7.2199543379758355E-002  -6.9632460167179759E-013  0.14439908741879229       -1.8058280584393427E-010  -2.8522448725851419E-010   1.8757856596416028E-010  -6.1571564187165070E-011 -0.22800587780725712       -2.3213113417870808E-010  -4.4861381244559525E-011 -0.22800587695505559        3.1916991662401017E-012  0.45601175476227818       -2.2228394499859519E-011   1.3738937833653292E-010   8.8361844161838750E-011  -2.3365404612388641E-010   2.4230591284208316E-012
  -3.4564554440801268E-002  -1.3540323133319256E-009  -2.3422176027038175E-009  -5.1828652440136691E-009   3.6036341458195727E-009   1.1529232259499151E-008  -1.2394811346488792E-010  -8.3405677771261511E-009  -7.3990140832549049E-009   4.7369318626710970E-009  -7.5046051719757726E-009 -0.25562285330498263        1.5657940775379110E-010   1.9269259546491865E-009  -7.9667915080144694E-009  -5.0455481231189371E-009   7.1243455296958774E-009  -6.7228133904142093E-009  -1.0528413484235644E-009  -4.5644796945511043E-009   6.0983886886035366E-009 -0.18326321759376335        5.2535648360135907E-010   2.5848631762174853E-009   7.6487447922004103E-010   1.5128332735552284E-009  -4.7223085065533177E-010  -5.8429118001048331E-010  -1.8447368706694618E-010  -1.8058280584393427E-010   2.4575554562192750       -2.5569012166479289E-010  -1.4327932329403877E-009   7.6292454563443211E-009  -9.2604190860139296E-010  -4.9946556636656189E-009   2.4812682421780249E-009   2.3243894706875674E-009   2.2292913723537192E-009  -1.3983476247525188E-009  -1.5672534337971429E-009 -0.93620229413896405        8.3414645212854185E-011   4.6279748206578829E-010   5.6095172386464016E-010
   1.3431401712891625E-009  -3.4564544381565240E-002   6.1027680963106570E-010   2.9438650296817673E-008   3.5574420345600339E-009  -1.6686247623619161E-009   3.5692909733774651E-009  -1.6296958826666354E-008   5.3536622658014941E-009   1.2739512668598317E-008  -2.3434062500223489E-008  -3.6602158118962102E-010 -0.25562285807694685       -1.2437902968475186E-010  -3.1614067081673808E-008   4.9823500120495328E-009  -6.7939534535500172E-009   8.3895272043422443E-010  -1.1178591879487965E-008  -7.3864386939872253E-010   6.1962401862873838E-009   5.0388507129926361E-010 -0.18326322873404591        2.9175759147535200E-010   7.1983686880974276E-011   4.1991483303927365E-010  -3.9031454749297428E-012   2.1324052530012629E-010  -6.4796687856360965E-011  -2.8522448725851419E-010  -2.5569012166479289E-010   2.4575554621797893       -1.6001905232005849E-010   2.0934917776658775E-008  -1.3720489833645026E-009   2.5363129630118174E-010  -5.0279621246740432E-010   3.5431946057555714E-009  -4.6946725784803362E-010  -2.1711479221060417E-009  -4.2348215982491893E-009   8.4440252591189562E-011 -0.93620229608030880        5.3386683455680449E-011   1.5392288163614349E-009
  -5.4237112885228583E-009  -7.0527587804081922E-010  -3.4564548924599384E-002  -3.8968361131794119E-008   8.0086543056729434E-009  -6.1872977220495239E-010  -1.2028184737709582E-008  -3.8157411672880271E-009  -1.4051058215227540E-008  -4.1929201627002036E-009   1.4694905194604992E-008   2.5754898133219813E-009   4.6263466912644546E-011 -0.25562285630861536        2.4613530249663269E-008   2.3976045845189375E-009   1.3951998499303024E-009  -6.9082230572100839E-009  -1.8434605731361618E-009  -5.2682528196314352E-009  -5.5414241306860318E-010   2.5987468990702666E-009   3.2832040026314759E-010 -0.18326322239296128       -1.1621364348259058E-010  -1.9444362503634768E-011   5.6969153697721668E-010  -7.1363238394306433E-011   5.9322515259688073E-010   1.8757856596416028E-010  -1.4327932329403877E-009  -1.6001905232005849E-010   2.4575554587946105       -1.2710432696604998E-008  -7.5422707676819915E-010  -5.4944272964245829E-010   8.1708340245530375E-010   1.3163634054958017E-009   1.5295595961766706E-009  -5.6213576358647276E-010   2.4964352868124823E-009   4.6156102519957549E-010   5.2623542091186676E-011 -0.93620229497120577       -9.2618564204315958E-010
   7.5000790198892515E-009   1.8378937244715533E-008  -4.7935461115427767E-009  -6.8588957322832178E-003  -1.5726168702842526E-009   6.1437837103946895E-010  -1.6005851965723644E-009   7.8223215944764239E-010   2.1811993262351784E-010   7.9042442121835679E-010 -0.38574163829002439        8.7776893048644998E-010  -1.1156928286248454E-008   1.3660007732762674E-008  -1.0027510627018845        1.4084852254976623E-009  -3.7104298708844493E-010   1.2827303785087669E-009  -3.0768304042079486E-009  -9.4958067723873951E-011   1.6683633367343575E-009  -1.8704259075191234E-008  -4.3552928346320296E-008   2.2854240563231512E-008   4.7756999473195169E-011   4.1494664690162339E-011   7.1329672947957001E-011   1.3764175035649480E-011   1.1210881011855996E-011  -6.1571564187165070E-011   7.6292454563443211E-009   2.0934917776658775E-008  -1.2710432696604998E-008   3.1334092979131878       -8.0434770891095174E-010  -7.6586989087209992E-011  -4.5924510144643395E-010   1.4283615340386254E-009  -5.8451009215262649E-011  -6.2491163287539116E-010  -1.2334054127059626       -2.3510264444628096E-009  -6.6492572306539914E-009   4.1151413593498610E-009  0.33178508938531176     
