   7.7238634088339068E-005   5.4140842156308572E-016  -2.4822284203056959E-019  -4.1318637104398951E-018   2.8736473632844155E-016  -6.4545923669123769E-018   3.8213776731795707E-016  -3.4475336644647026E-016   3.6634854202557056E-016  -2.1635120543520910E-017   4.6594827633768768E-003  -2.5083626812296144E-015  -3.1916516930718590E-017   6.3653315039542778E-017   1.6422755387108502E-015   6.2164986654569248E-017   1.6103701666790762E-015   9.7624641634821430E-003  -2.1509699504575934E-016   2.2222920536359887E-016  -1.4935742919124355E-017  -6.7020596958299403E-017  -2.9226101310532685E-016  -3.7470001432797846E-017  -4.6806699037321091E-014  -5.2897043317738038E-016   1.0948252510795107E-015   2.3604582554736408E-014   1.0520160137411060E-015   2.3665490950763347E-014  -1.1442980326587518E-003  -3.4324272648282622E-003  -4.1156739077143337E-017  -2.6367852088122513E-016  -3.0716669224424965E-017
   5.4140842156308572E-016   1.1669889043810805E-005  -5.9072988342086433E-018   2.0850424657683926E-018  -5.8349445219193525E-006  -2.6515665453840239E-019  -5.8349445219063708E-006   9.1209055771564592E-017  -1.9022005206106554E-016  -1.9644475994502752E-017   2.5979686657804789E-014  -2.7497040409769691E-004   4.4770990871246573E-017  -4.7597735478379169E-017   1.3748520204885019E-004   1.6802082610570607E-017   1.3748520204880687E-004   5.4896320532753935E-014   5.8396439939386428E-017  -1.1696417971360380E-016  -2.0000979004745725E-017  -2.6882322397358824E-016  -1.4300606019948345E-016  -5.1410786239963301E-016  -4.7328962346774818E-003   7.8188498280963233E-016  -8.1859492447227716E-016   2.3664481173391091E-003   3.0955803964561277E-016   2.3664481173382439E-003  -1.0584589658471834E-014  -2.0335382801881591E-014  -2.3152732040051807E-016  -1.1311971860340169E-016  -4.3392199145011537E-016
  -2.4822284203056959E-019  -5.9072988342086433E-018   1.1669889043817539E-005  -6.2081198992774635E-018  -1.7536089690304420E-018   7.7835912889306331E-018   7.4258802609618054E-018  -8.0628575485667320E-018  -1.2155534854252502E-016   8.5877408140598357E-017  -1.9486571603680127E-016   9.2594302165201189E-017  -2.7497040409775665E-004   1.2260950142271767E-016  -1.9394088300003473E-017  -1.0545982364328701E-016  -7.1627179296337596E-017  -3.8334087780718522E-016   1.3417380280615538E-018  -6.7595066246702455E-017   4.1854357294659367E-017   5.4533117146984500E-016   1.4164270419715444E-015  -9.2713409382535771E-016   1.6199073174154787E-015  -4.7328962346788470E-003   2.1406007267054029E-015  -3.7391831216252893E-016  -1.8548622346115577E-015  -1.2433399548693173E-015   8.8303379588697842E-016   3.5134730433294437E-016   4.6149653922673008E-016   1.2031045815344701E-015  -7.8786995442171608E-016
  -4.1318637104398951E-018   2.0850424657683926E-018  -6.2081198992774635E-018   1.1669889043804461E-005   3.3495172402546510E-018   3.8741213369014567E-018  -1.6515409528201574E-018  -2.0181355526159351E-018   3.8861454574465238E-018   8.8774919982408772E-017  -1.8561254472808029E-016  -3.3363950021297391E-018   2.2668371007855331E-017  -2.7497040409760410E-004  -3.9292428227855913E-017  -2.1751069894745288E-017   4.2262422698754352E-017  -3.7066608717138636E-016   1.6821675622717679E-017   5.9128382266688949E-018   5.7822736372987984E-017   3.7412434774608310E-016   4.1216181342977946E-016   2.8508403578083178E-016  -2.5962195108060268E-017   3.7817922041382096E-016  -4.7328962346761799E-003  -6.7064659455983128E-016  -3.6327767417524147E-016   6.9767695115392540E-016   8.9231697095317040E-016   3.4974999650030440E-016   3.1658237339070036E-016   3.4791919873641733E-016   2.3755233741785671E-016
   2.8736473632844155E-016  -5.8349445219193525E-006  -1.7536089690304420E-018   3.3495172402546510E-018   1.1669889043849232E-005   4.4603443460544599E-018  -5.8349445219099369E-006  -6.2291895450518169E-017  -5.1252694658649325E-017   4.3316692067804346E-017   2.1126415475750680E-014   1.3748520204915753E-004   6.7976175660797098E-017  -4.0358646666635773E-017  -2.7497040409813200E-004   1.8980790854433370E-017   1.3748520204901618E-004   4.3986303586560612E-014  -3.7217503333278289E-017  -2.8577494369046444E-017   2.7824651413603955E-017  -3.1143586617190237E-016   3.9152657559204745E-017   1.3335107787435630E-016   2.3664481173439754E-003   1.0824942422167522E-015  -6.8831199607042397E-016  -4.7328962346851831E-003   2.5683369790958092E-016   2.3664481173412961E-003  -7.1658371215874968E-015  -1.6004323086253236E-014  -2.6106564725294515E-016   3.5405218564407181E-017   1.1128942699784197E-016
  -6.4545923669123769E-018  -2.6515665453840239E-019   7.7835912889306331E-018   3.8741213369014567E-018   4.4603443460544599E-018   1.1669889043831055E-005  -3.2069371167096050E-019  -4.6697144502493058E-017  -9.7986390356677147E-018   9.9018228395120647E-019  -1.8539916941406234E-016  -1.0846648240543064E-017  -7.8967279914810369E-017  -7.0931022283347995E-017  -1.1075932882110055E-016  -2.7497040409791814E-004   1.2500206849542996E-016  -3.9729067660606422E-016  -2.4096379095331979E-017  -1.3675279714233865E-017  -2.3999675209187115E-018   2.2633422619654427E-016  -9.9317830611411458E-016   2.6972225707144758E-016  -1.9792667851461774E-016  -1.2988679755185854E-015  -1.2079284769230094E-015  -2.0776677160395819E-015  -4.7328962346815879E-003   2.2808470596475173E-015  -3.7346072788207613E-016   3.0974695776893522E-017   1.9327705337818480E-016  -8.3998985543540447E-016   2.2812097003211489E-016
   3.8213776731795707E-016  -5.8349445219063708E-006   7.4258802609618054E-018  -1.6515409528201574E-018  -5.8349445219099369E-006  -3.2069371167096050E-019   1.1669889043811283E-005   6.3224256376249785E-017  -1.0138597714487747E-016   4.7008475045131784E-018   2.7575041710554849E-014   1.3748520204889087E-004  -1.0720938029003224E-016  -1.1805587876804475E-018   1.3748520204881192E-004  -1.2707518936280972E-016  -2.7497040409770466E-004   5.7243822211493795E-014   3.6390874147644304E-017  -6.4478110257638592E-017   1.0278493330079123E-017   6.2523345988771992E-016   4.1435663528437850E-016   4.3726172764507568E-016   2.3664481173395566E-003  -1.7690605579767823E-015  -2.7352361462976184E-017   2.3664481173379858E-003  -2.1377500455932286E-015  -4.7328962346775017E-003  -1.4398470880863684E-014  -2.2134678846522866E-014   5.2650730287753871E-016   3.5570468263903376E-016   3.6915579779407022E-016
  -3.4475336644647026E-016   9.1209055771564592E-017  -8.0628575485667320E-018  -2.0181355526159351E-018  -6.2291895450518169E-017  -4.6697144502493058E-017   6.3224256376249785E-017  0.32043153396311636        1.5552028076966618E-016  -3.8098876773197208E-017   6.5457042777641492E-016  -1.5759831441880648E-016   3.2007259151586908E-017   2.2445168666171880E-016  -1.4749482443005197E-016   7.2402045814367162E-017  -3.7571801791426900E-016   4.5374303729395555E-016  0.19823710086538665        1.0281175517903588E-016   2.8384104793974726E-016  -6.7623860501453206E-002   4.8811683652746911E-016   6.8316654884847698E-017   1.5889885040797848E-015   5.3693066447936640E-016   3.8824921682735047E-015   5.4743488214006447E-016   1.8507104857761148E-015  -2.8169183129557087E-015   3.0292263672552941E-016  -4.8934151459937900E-017  -7.1549520184519724E-002   3.9373369891165403E-016   3.1824560869741653E-017
   3.6634854202557056E-016  -1.9022005206106554E-016  -1.2155534854252502E-016   3.8861454574465238E-018  -5.1252694658649325E-017  -9.7986390356677147E-018  -1.0138597714487747E-016   1.5552028076966618E-016  0.32043153396311397        1.2471370148141600E-016  -1.3040530063212782E-017   4.0924675240985880E-017  -2.3862007905371544E-017   8.1686605462683891E-017   2.5009156783955199E-017   7.8377468409129015E-018  -1.6796861998860638E-016   2.6738077252221006E-016   1.2008330782413525E-016  0.19823710086538798        1.6101254038582486E-016  -1.1868078328059436E-015  -6.7623860501451361E-002   7.6780138390064277E-016   5.2238961187804457E-016  -4.1239404150791654E-016   1.0429899226860953E-015   1.5284604849123563E-015   1.0515045197537786E-015  -2.2088662610837748E-015   4.4879518807663335E-016   3.0681818605930628E-017  -1.0079731225541744E-015  -7.1549520184518128E-002   6.4486309913967749E-016
  -2.1635120543520910E-017  -1.9644475994502752E-017   8.5877408140598357E-017   8.8774919982408772E-017   4.3316692067804346E-017   9.9018228395120647E-019   4.7008475045131784E-018  -3.8098876773197208E-017   1.2471370148141600E-016  0.32043153396311097        2.0005078690163883E-017  -6.8456926841667723E-017  -8.3771687966601286E-017  -4.5937282031893103E-017  -3.2377456425619072E-017  -8.8310562107669097E-017   1.4004438162438479E-016   6.5758075675771997E-017   1.3205477178014702E-016   2.2631333699521867E-016  0.19823710086538690        7.4202029502461288E-016   4.1212703921360660E-016  -6.7623860501450542E-002  -1.3845175151904270E-015  -6.7361262626138093E-016  -6.4712939546427682E-016  -6.5908556104849282E-016  -1.4265844498048246E-015   2.0793360770327884E-015   5.1943495274147615E-017  -7.2042802442650215E-018   6.1359749950286480E-016   3.5167503451026660E-016  -7.1549520184517254E-002
   4.6594827633768768E-003   2.5979686657804789E-014  -1.9486571603680127E-016  -1.8561254472808029E-016   2.1126415475750680E-014  -1.8539916941406234E-016   2.7575041710554849E-014   6.5457042777641492E-016  -1.3040530063212782E-017   2.0005078690163883E-017  0.30025997901845874        1.8759335422913513E-014   5.7424484622837045E-017   4.8087361426372766E-018   1.6100858372393064E-014   8.6136448820861099E-017   1.2532717380314073E-014  0.62505623329461124        3.7784115665199403E-016  -9.3766591245281937E-017  -3.8699117547342351E-017  -2.8098184722162841E-017   5.8521314190783763E-018   2.7231913667687980E-017   8.6542398135863684E-014   8.9165691516023357E-016  -3.6267991311321148E-016  -1.9214265729674836E-014   6.7257104287166837E-016  -3.9658120488963261E-014 -0.23596458459344902      -0.26183953303472840       -4.7625460322114600E-017   1.4203489873369892E-017   2.0896080263272009E-017
  -2.5083626812296144E-015  -2.7497040409769691E-004   9.2594302165201189E-017  -3.3363950021297391E-018   1.3748520204915753E-004  -1.0846648240543064E-017   1.3748520204889087E-004  -1.5759831441880648E-016   4.0924675240985880E-017  -6.8456926841667723E-017   1.8759335422913513E-014   6.4789581842468556E-003   4.2995451287546570E-017   4.2543290221392601E-017  -3.2394790921230071E-003   6.8869965147300759E-018  -3.2394790921229095E-003   2.5699551793529282E-014  -1.9229075353131701E-016  -2.0183211402778781E-017   3.1872595825054018E-017   4.0551891678204455E-016   1.0495808505694687E-015  -3.7442411198232002E-016  0.11151831738211289        4.7451823072392335E-016   7.1635307472881105E-016  -5.5759158691057173E-002  -3.6105009725835840E-016  -5.5759158691052677E-002  -1.2601449079242495E-014  -1.2434850500923757E-014   3.5152052859308935E-016   9.0194293485940870E-016  -3.1480010412264689E-016
  -3.1916516930718590E-017   4.4770990871246573E-017  -2.7497040409775665E-004   2.2668371007855331E-017   6.7976175660797098E-017  -7.8967279914810369E-017  -1.0720938029003224E-016   3.2007259151586908E-017  -2.3862007905371544E-017  -8.3771687966601286E-017   5.7424484622837045E-017   4.2995451287546570E-017   6.4789581842459327E-003   2.3567805019734250E-017  -1.7113108318420338E-016   2.4201863981469669E-017   9.1070906265443163E-017   8.4096243560402263E-018  -2.4721840341461955E-017   7.9167072075578705E-017   3.2882701241998490E-017  -9.0621735034340973E-016  -1.6718053485343969E-015   8.3897115699815666E-016   1.2416512375246316E-016  0.11151831738210494       -3.0589938439554935E-016  -2.0007285747036351E-015   1.3507553643949318E-015   1.8141419600907490E-015  -6.0569899554673242E-016  -1.5550787832139922E-016  -7.6498620200189668E-016  -1.4034604246051732E-015   7.0914278501004014E-016
   6.3653315039542778E-017  -4.7597735478379169E-017   1.2260950142271767E-016  -2.7497040409760410E-004  -4.0358646666635773E-017  -7.0931022283347995E-017  -1.1805587876804475E-018   2.2445168666171880E-016   8.1686605462683891E-017  -4.5937282031893103E-017   4.8087361426372766E-018   4.2543290221392601E-017   2.3567805019734250E-017   6.4789581842460047E-003   1.7164355052500033E-017   3.2953373444120226E-017  -5.1074313244200917E-017   7.3119801419469476E-017  -2.0960039737538159E-016   5.7926174418286016E-017  -3.3285290004238246E-017  -5.1136742219309773E-017   5.0408971154111139E-016   7.9613381035109466E-017  -9.1216978089815018E-018   6.8834810084978520E-016  0.11151831738210521        1.6184554984719458E-016   3.0542589297803419E-016  -1.7789301254940085E-016  -1.9127478840999299E-016  -7.0880681728603889E-017  -5.4341241656037947E-017   4.3516638330282280E-016   6.0120564947652448E-017
   1.6422755387108502E-015   1.3748520204885019E-004  -1.9394088300003473E-017  -3.9292428227855913E-017  -2.7497040409813200E-004  -1.1075932882110055E-016   1.3748520204881192E-004  -1.4749482443005197E-016   2.5009156783955199E-017  -3.2377456425619072E-017   1.6100858372393064E-014  -3.2394790921230071E-003  -1.7113108318420338E-016   1.7164355052500033E-017   6.4789581842460264E-003  -3.1379914122516227E-016  -3.2394790921240020E-003   3.8930500657172633E-014  -1.8392116306126283E-016  -4.7621011539229941E-017  -1.1363401441054160E-017   6.6970851052354032E-016   5.4107613785682063E-016   3.8924129369639439E-016  -5.5759158691047188E-002  -8.8297536100293532E-016   1.4566510297225664E-016  0.11151831738210360       -3.7549037652674448E-015  -5.5759158691058505E-002  -1.1105052335405192E-014  -1.4926948097291913E-014   5.8323941108554853E-016   4.5670502272563876E-016   3.2040689073446400E-016
   6.2164986654569248E-017   1.6802082610570607E-017  -1.0545982364328701E-016  -2.1751069894745288E-017   1.8980790854433370E-017  -2.7497040409791814E-004  -1.2707518936280972E-016   7.2402045814367162E-017   7.8377468409129015E-018  -8.8310562107669097E-017   8.6136448820861099E-017   6.8869965147300759E-018   2.4201863981469669E-017   3.2953373444120226E-017  -3.1379914122516227E-016   6.4789581842460394E-003   2.2689231841159711E-016   1.4803305803345920E-016  -1.9903057116831678E-017  -1.0646769767016203E-017   6.6356566345970522E-017   3.7556999508132146E-016   1.2644016310894996E-015  -6.4901243745797208E-016   3.8314757860631733E-016  -1.0053481862000696E-015   2.6175446240437852E-016  -1.3665170891350589E-015  0.11151831738210587        8.5960392866062560E-016   1.8676497277890243E-016   2.9246973486472042E-018   3.2046185749407619E-016   1.0776607224635697E-015  -5.4557784655942534E-016
   1.6103701666790762E-015   1.3748520204880687E-004  -7.1627179296337596E-017   4.2262422698754352E-017   1.3748520204901618E-004   1.2500206849542996E-016  -2.7497040409770466E-004  -3.7571801791426900E-016  -1.6796861998860638E-016   1.4004438162438479E-016   1.2532717380314073E-014  -3.2394790921229095E-003   9.1070906265443163E-017  -5.1074313244200917E-017  -3.2394790921240020E-003   2.2689231841159711E-016   6.4789581842469553E-003   3.4140920466198543E-014  -4.5076801529101990E-017   6.0994097208570680E-018   3.4574999023722402E-018  -9.4297407019287538E-016  -1.4075146867162190E-015  -5.6198682315573155E-017  -5.5759158691049540E-002  -2.2951798985354338E-016  -7.1341773498968187E-016  -5.5759158691063349E-002   2.7386233185551308E-015  0.11151831738211195       -9.0298686695011389E-015  -1.2837147063975993E-014  -7.9240453365354577E-016  -1.1991697990990628E-015  -4.2364822958963940E-017
   9.7624641634821430E-003   5.4896320532753935E-014  -3.8334087780718522E-016  -3.7066608717138636E-016   4.3986303586560612E-014  -3.9729067660606422E-016   5.7243822211493795E-014   4.5374303729395555E-016   2.6738077252221006E-016   6.5758075675771997E-017  0.62505623329461124        2.5699551793529282E-014   8.4096243560402263E-018   7.3119801419469476E-017   3.8930500657172633E-014   1.4803305803345920E-016   3.4140920466198543E-014   1.3019881727547393        2.2093108955195109E-016  -2.8309821657854085E-017  -7.1025740647488300E-017  -3.0352354578541815E-017  -6.2355359373803608E-017  -3.8242903857784427E-018  -4.9207175297460657E-014   2.2180181354529187E-016   4.0902355864032855E-016   5.2357668526188873E-014   7.9275844125462280E-016   5.4882983039028163E-014 -0.45918688585147405      -0.53705076728898216       -3.4546584590981858E-017  -4.9224203853120677E-017  -8.4193057596260885E-018
  -2.1509699504575934E-016   5.8396439939386428E-017   1.3417380280615538E-018   1.6821675622717679E-017  -3.7217503333278289E-017  -2.4096379095331979E-017   3.6390874147644304E-017  0.19823710086538665        1.2008330782413525E-016   1.3205477178014702E-016   3.7784115665199403E-016  -1.9229075353131701E-016  -2.4721840341461955E-017  -2.0960039737538159E-016  -1.8392116306126283E-016  -1.9903057116831678E-017  -4.5076801529101990E-017   2.2093108955195109E-016  0.12269488424210957        7.6190591823100598E-017   2.6270246984046172E-016  -3.5668124041781227E-002  -1.2150226701267458E-015  -2.1381395048352115E-016  -7.0798171013036716E-016  -2.9577514714332441E-016  -3.5852383183850615E-015  -1.3563159785373940E-015  -3.8291505556063845E-017   1.6425583156704948E-015   1.3357763333474217E-016  -2.4946618423618004E-017  -3.9047613261382105E-002  -1.0423688387004292E-015  -2.0068137520409287E-016
   2.2222920536359887E-016  -1.1696417971360380E-016  -6.7595066246702455E-017   5.9128382266688949E-018  -2.8577494369046444E-017  -1.3675279714233865E-017  -6.4478110257638592E-017   1.0281175517903588E-016  0.19823710086538798        2.2631333699521867E-016  -9.3766591245281937E-017  -2.0183211402778781E-017   7.9167072075578705E-017   5.7926174418286016E-017  -4.7621011539229941E-017  -1.0646769767016203E-017   6.0994097208570680E-018  -2.8309821657854085E-017   7.6190591823100598E-017  0.12269488424211210        1.9021132612308337E-016   5.3201105330986211E-016  -3.5668124041784370E-002  -4.8149729058829131E-017  -6.2801582342518421E-016   1.6122432094750168E-015   6.9503253447976311E-016  -2.2119486838733280E-016   1.8732787113149031E-016   7.5284343482036749E-016  -2.6439267619105928E-016  -5.8883157675243286E-017   4.4594971771870708E-016  -3.9047613261384860E-002  -5.4116299725367332E-017
  -1.4935742919124355E-017  -2.0000979004745725E-017   4.1854357294659367E-017   5.7822736372987984E-017   2.7824651413603955E-017  -2.3999675209187115E-018   1.0278493330079123E-017   2.8384104793974726E-016   1.6101254038582486E-016  0.19823710086538690       -3.8699117547342351E-017   3.1872595825054018E-017   3.2882701241998490E-017  -3.3285290004238246E-017  -1.1363401441054160E-017   6.6356566345970522E-017   3.4574999023722402E-018  -7.1025740647488300E-017   2.6270246984046172E-016   1.9021132612308337E-016  0.12269488424211189       -4.2829303358887077E-016   5.4395411198703229E-016  -3.5668124041785834E-002   4.8285934681241103E-016   9.1515571539438376E-016  -4.9405861238060466E-016  -3.1802696112299602E-016   1.3030432058983508E-015  -1.4252054283239857E-016  -1.2355870785936513E-016  -8.8450642550174575E-018  -3.8543927215363192E-016   4.6100205788005013E-016  -3.9047613261386012E-002
  -6.7020596958299403E-017  -2.6882322397358824E-016   5.4533117146984500E-016   3.7412434774608310E-016  -3.1143586617190237E-016   2.2633422619654427E-016   6.2523345988771992E-016  -6.7623860501453206E-002  -1.1868078328059436E-015   7.4202029502461288E-016  -2.8098184722162841E-017   4.0551891678204455E-016  -9.0621735034340973E-016  -5.1136742219309773E-017   6.6970851052354032E-016   3.7556999508132146E-016  -9.4297407019287538E-016  -3.0352354578541815E-017  -3.5668124041781227E-002   5.3201105330986211E-016  -4.2829303358887077E-016  0.71638062110126544        6.1749351246766268E-016  -2.3549238233996810E-016  -6.9327921528746135E-016   1.5966677009198861E-016   3.2708244718227373E-016  -4.9325462005295222E-016  -1.5961688122664383E-015   1.2451502862518237E-015  -2.3809864112592796E-017   4.2445614015937583E-018  0.60896947986158934        3.7872311262183099E-016   1.3775353290058805E-016
  -2.9226101310532685E-016  -1.4300606019948345E-016   1.4164270419715444E-015   4.1216181342977946E-016   3.9152657559204745E-017  -9.9317830611411458E-016   4.1435663528437850E-016   4.8811683652746911E-016  -6.7623860501451361E-002   4.1212703921360660E-016   5.8521314190783763E-018   1.0495808505694687E-015  -1.6718053485343969E-015   5.0408971154111139E-016   5.4107613785682063E-016   1.2644016310894996E-015  -1.4075146867162190E-015  -6.2355359373803608E-017  -1.2150226701267458E-015  -3.5668124041784370E-002   5.4395411198703229E-016   6.1749351246766268E-016  0.71638062110126377        4.4060733974820729E-016  -1.0205863096293156E-015  -2.4588910612054379E-016  -6.0214062647786279E-017  -1.1682799251566580E-016  -7.9568169625207267E-016   1.3290477785651085E-015   3.7270791176209845E-017   3.6848436008000106E-017   3.6367783106838348E-016  0.60896947986158945       -8.7775200880812808E-017
  -3.7470001432797846E-017  -5.1410786239963301E-016  -9.2713409382535771E-016   2.8508403578083178E-016   1.3335107787435630E-016   2.6972225707144758E-016   4.3726172764507568E-016   6.8316654884847698E-017   7.6780138390064277E-016  -6.7623860501450542E-002   2.7231913667687980E-017  -3.7442411198232002E-016   8.3897115699815666E-016   7.9613381035109466E-017   3.8924129369639439E-016  -6.4901243745797208E-016  -5.6198682315573155E-017  -3.8242903857784427E-018  -2.1381395048352115E-016  -4.8149729058829131E-017  -3.5668124041785834E-002  -2.3549238233996810E-016   4.4060733974820729E-016  0.71638062110126410        6.3709882714942780E-016  -8.1231059912362715E-017   2.0690819297748513E-016  -4.7463617529683906E-017   5.4262197325525777E-016  -5.7379657691165432E-016   3.4642896305331748E-017   8.2547316602685349E-018  -2.8154330492765661E-016   6.4997976709368349E-016  0.60896947986158956     
  -4.6806699037321091E-014  -4.7328962346774818E-003   1.6199073174154787E-015  -2.5962195108060268E-017   2.3664481173439754E-003  -1.9792667851461774E-016   2.3664481173395566E-003   1.5889885040797848E-015   5.2238961187804457E-016  -1.3845175151904270E-015   8.6542398135863684E-014  0.11151831738211289        1.2416512375246316E-016  -9.1216978089815018E-018  -5.5759158691047188E-002   3.8314757860631733E-016  -5.5759158691049540E-002  -4.9207175297460657E-014  -7.0798171013036716E-016  -6.2801582342518421E-016   4.8285934681241103E-016  -6.9327921528746135E-016  -1.0205863096293156E-015   6.3709882714942780E-016   1.9194961223821077       -2.4333256518069325E-015  -4.3100000971615064E-016 -0.95974806119103173       -1.6600379505830493E-015 -0.95974806119102374       -1.2822130570977415E-014  -3.3302404575414327E-015  -6.3244097151860319E-016  -6.1121278563027089E-016   5.8084581638376806E-016
  -5.2897043317738038E-016   7.8188498280963233E-016  -4.7328962346788470E-003   3.7817922041382096E-016   1.0824942422167522E-015  -1.2988679755185854E-015  -1.7690605579767823E-015   5.3693066447936640E-016  -4.1239404150791654E-016  -6.7361262626138093E-016   8.9165691516023357E-016   4.7451823072392335E-016  0.11151831738210494        6.8834810084978520E-016  -8.8297536100293532E-016  -1.0053481862000696E-015  -2.2951798985354338E-016   2.2180181354529187E-016  -2.9577514714332441E-016   1.6122432094750168E-015   9.1515571539438376E-016   1.5966677009198861E-016  -2.4588910612054379E-016  -8.1231059912362715E-017  -2.4333256518069325E-015   1.9194961223821074       -3.9949123111122924E-016   1.0650289464496941E-015  -1.2249796306543204E-015   2.9391365643366561E-016   8.2394478306730198E-016   2.0764564119862420E-016   1.6193649778331347E-016  -2.5221928297211757E-017  -1.1154520571365861E-016
   1.0948252510795107E-015  -8.1859492447227716E-016   2.1406007267054029E-015  -4.7328962346761799E-003  -6.8831199607042397E-016  -1.2079284769230094E-015  -2.7352361462976184E-017   3.8824921682735047E-015   1.0429899226860953E-015  -6.4712939546427682E-016  -3.6267991311321148E-016   7.1635307472881105E-016  -3.0589938439554935E-016  0.11151831738210521        1.4566510297225664E-016   2.6175446240437852E-016  -7.1341773498968187E-016   4.0902355864032855E-016  -3.5852383183850615E-015   6.9503253447976311E-016  -4.9405861238060466E-016   3.2708244718227373E-016  -6.0214062647786279E-017   2.0690819297748513E-016  -4.3100000971615064E-016  -3.9949123111122924E-016   1.9194961223820954        2.0776701756610772E-016  -4.4553933025573039E-019  -2.0997607949255872E-016   1.7775061518875695E-016  -4.9743272892268528E-017   8.4951421030726604E-017   1.1660527809500980E-016   4.4318965401952537E-017
   2.3604582554736408E-014   2.3664481173391091E-003  -3.7391831216252893E-016  -6.7064659455983128E-016  -4.7328962346851831E-003  -2.0776677160395819E-015   2.3664481173379858E-003   5.4743488214006447E-016   1.5284604849123563E-015  -6.5908556104849282E-016  -1.9214265729674836E-014  -5.5759158691057173E-002  -2.0007285747036351E-015   1.6184554984719458E-016  0.11151831738210360       -1.3665170891350589E-015  -5.5759158691063349E-002   5.2357668526188873E-014  -1.3563159785373940E-015  -2.2119486838733280E-016  -3.1802696112299602E-016  -4.9325462005295222E-016  -1.1682799251566580E-016  -4.7463617529683906E-017 -0.95974806119103173        1.0650289464496941E-015   2.0776701756610772E-016   1.9194961223820342        4.8162849246251145E-015 -0.95974806119103828        9.0215754097569103E-015  -6.7002832739683067E-015  -2.6668324290110144E-016  -1.6446301812369696E-016  -1.8753181456202345E-016
   1.0520160137411060E-015   3.0955803964561277E-016  -1.8548622346115577E-015  -3.6327767417524147E-016   2.5683369790958092E-016  -4.7328962346815879E-003  -2.1377500455932286E-015   1.8507104857761148E-015   1.0515045197537786E-015  -1.4265844498048246E-015   6.7257104287166837E-016  -3.6105009725835840E-016   1.3507553643949318E-015   3.0542589297803419E-016  -3.7549037652674448E-015  0.11151831738210587        2.7386233185551308E-015   7.9275844125462280E-016  -3.8291505556063845E-017   1.8732787113149031E-016   1.3030432058983508E-015  -1.5961688122664383E-015  -7.9568169625207267E-016   5.4262197325525777E-016  -1.6600379505830493E-015  -1.2249796306543204E-015  -4.4553933025573039E-019   4.8162849246251145E-015   1.9194961223821079       -5.2864795840304386E-015   1.0841082948204181E-015   6.3317544969425918E-017  -1.3291303718744553E-015  -5.7320710780462754E-016   5.1297193259349577E-016
   2.3665490950763347E-014   2.3664481173382439E-003  -1.2433399548693173E-015   6.9767695115392540E-016   2.3664481173412961E-003   2.2808470596475173E-015  -4.7328962346775017E-003  -2.8169183129557087E-015  -2.2088662610837748E-015   2.0793360770327884E-015  -3.9658120488963261E-014  -5.5759158691052677E-002   1.8141419600907490E-015  -1.7789301254940085E-016  -5.5759158691058505E-002   8.5960392866062560E-016  0.11151831738211195        5.4882983039028163E-014   1.6425583156704948E-015   7.5284343482036749E-016  -1.4252054283239857E-016   1.2451502862518237E-015   1.3290477785651085E-015  -5.7379657691165432E-016 -0.95974806119102374        2.9391365643366561E-016  -2.0997607949255872E-016 -0.95974806119103828       -5.2864795840304386E-015   1.9194961223820457       -5.9666651280779245E-016  -9.7517660734205405E-015   9.7918067352747136E-016   9.4484327982016731E-016  -3.8151743969069371E-016
  -1.1442980326587518E-003  -1.0584589658471834E-014   8.8303379588697842E-016   8.9231697095317040E-016  -7.1658371215874968E-015  -3.7346072788207613E-016  -1.4398470880863684E-014   3.0292263672552941E-016   4.4879518807663335E-016   5.1943495274147615E-017 -0.23596458459344902       -1.2601449079242495E-014  -6.0569899554673242E-016  -1.9127478840999299E-016  -1.1105052335405192E-014   1.8676497277890243E-016  -9.0298686695011389E-015 -0.45918688585147405        1.3357763333474217E-016  -2.6439267619105928E-016  -1.2355870785936513E-016  -2.3809864112592796E-017   3.7270791176209845E-017   3.4642896305331748E-017  -1.2822130570977415E-014   8.2394478306730198E-016   1.7775061518875695E-016   9.0215754097569103E-015   1.0841082948204181E-015  -5.9666651280779245E-016   1.4704041847056126       0.52776906946564017       -3.4425132925922730E-017  -9.7880277339518007E-017   4.1809243124605640E-017
  -3.4324272648282622E-003  -2.0335382801881591E-014   3.5134730433294437E-016   3.4974999650030440E-016  -1.6004323086253236E-014   3.0974695776893522E-017  -2.2134678846522866E-014  -4.8934151459937900E-017   3.0681818605930628E-017  -7.2042802442650215E-018 -0.26183953303472840       -1.2434850500923757E-014  -1.5550787832139922E-016  -7.0880681728603889E-017  -1.4926948097291913E-014   2.9246973486472042E-018  -1.2837147063975993E-014 -0.53705076728898216       -2.4946618423618004E-017  -5.8883157675243286E-017  -8.8450642550174575E-018   4.2445614015937583E-018   3.6848436008000106E-017   8.2547316602685349E-018  -3.3302404575414327E-015   2.0764564119862420E-016  -4.9743272892268528E-017  -6.7002832739683067E-015   6.3317544969425918E-017  -9.7517660734205405E-015  0.52776906946564017       0.30902418695485256        1.9177814509107833E-018  -3.4499786948300366E-018   1.1860171688767169E-017
  -4.1156739077143337E-017  -2.3152732040051807E-016   4.6149653922673008E-016   3.1658237339070036E-016  -2.6106564725294515E-016   1.9327705337818480E-016   5.2650730287753871E-016  -7.1549520184519724E-002  -1.0079731225541744E-015   6.1359749950286480E-016  -4.7625460322114600E-017   3.5152052859308935E-016  -7.6498620200189668E-016  -5.4341241656037947E-017   5.8323941108554853E-016   3.2046185749407619E-016  -7.9240453365354577E-016  -3.4546584590981858E-017  -3.9047613261382105E-002   4.4594971771870708E-016  -3.8543927215363192E-016  0.60896947986158934        3.6367783106838348E-016  -2.8154330492765661E-016  -6.3244097151860319E-016   1.6193649778331347E-016   8.4951421030726604E-017  -2.6668324290110144E-016  -1.3291303718744553E-015   9.7918067352747136E-016  -3.4425132925922730E-017   1.9177814509107833E-018  0.51829302811640721        1.8688596135041209E-016   4.8723876224900404E-017
  -2.6367852088122513E-016  -1.1311971860340169E-016   1.2031045815344701E-015   3.4791919873641733E-016   3.5405218564407181E-017  -8.3998985543540447E-016   3.5570468263903376E-016   3.9373369891165403E-016  -7.1549520184518128E-002   3.5167503451026660E-016   1.4203489873369892E-017   9.0194293485940870E-016  -1.4034604246051732E-015   4.3516638330282280E-016   4.5670502272563876E-016   1.0776607224635697E-015  -1.1991697990990628E-015  -4.9224203853120677E-017  -1.0423688387004292E-015  -3.9047613261384860E-002   4.6100205788005013E-016   3.7872311262183099E-016  0.60896947986158945        6.4997976709368349E-016  -6.1121278563027089E-016  -2.5221928297211757E-017   1.1660527809500980E-016  -1.6446301812369696E-016  -5.7320710780462754E-016   9.4484327982016731E-016  -9.7880277339518007E-017  -3.4499786948300366E-018   1.8688596135041209E-016  0.51829302811640854        1.6015473091231057E-016
  -3.0716669224424965E-017  -4.3392199145011537E-016  -7.8786995442171608E-016   2.3755233741785671E-016   1.1128942699784197E-016   2.2812097003211489E-016   3.6915579779407022E-016   3.1824560869741653E-017   6.4486309913967749E-016  -7.1549520184517254E-002   2.0896080263272009E-017  -3.1480010412264689E-016   7.0914278501004014E-016   6.0120564947652448E-017   3.2040689073446400E-016  -5.4557784655942534E-016  -4.2364822958963940E-017  -8.4193057596260885E-018  -2.0068137520409287E-016  -5.4116299725367332E-017  -3.9047613261386012E-002   1.3775353290058805E-016  -8.7775200880812808E-017  0.60896947986158956        5.8084581638376806E-016  -1.1154520571365861E-016   4.4318965401952537E-017  -1.8753181456202345E-016   5.1297193259349577E-016  -3.8151743969069371E-016   4.1809243124605640E-017   1.1860171688767169E-017   4.8723876224900404E-017   1.6015473091231057E-016  0.51829302811640865     
