   5.0077787223829079E-003   3.9419400392266858E-017  -6.7677282692158905E-017  -6.0355081885275228E-017   6.9422420939349149E-017   4.2434272729451720E-017  -3.1893475025060893E-017   2.4283634670134684E-017   2.0097388892495832E-017   7.7103501438514506E-017   4.5065271426749751E-002   1.3952204434494213E-016  -6.5767074780829686E-016   7.9839555353298706E-016   1.4117019292875265E-017   1.2512172333767707E-017   5.8980750323343053E-017   7.3720424179173061E-017  -4.6060281531115010E-017   1.2102390260457937E-017   2.1728324460829118E-015   4.6652383935795814E-002   1.8490687266672642E-016  -6.7462205714535814E-016  -1.4898350951498543E-002  -5.7814706082853802E-016   7.4811940428925163E-016  -6.9496194342624892E-017   5.1466387709897976E-016   1.0706077345881318E-015   9.9863088498015567E-016  -7.1047813615982807E-016  -8.5735064712051531E-016  -7.7397043531308603E-016  -8.5930469131537135E-016  -1.8820488716227091E-002  -5.9282912170297307E-016   8.0480526338398809E-016
   3.9419400392266858E-017   5.0077787223833086E-003   2.9116215569934737E-016   3.0951327964101442E-016  -6.5521434206112259E-018   1.1337542414379254E-017   2.1547827655474738E-018  -1.0565199008976459E-017  -6.5793273921792955E-018   7.6601673220325298E-018   1.8798256596340087E-016   4.5065271426751617E-002   1.1335142247885722E-015   1.7263705549447206E-015  -1.1688899154467327E-017   2.4410621332626602E-017  -3.5600197076252250E-017   9.9149663731531416E-017   3.2286758009454170E-017  -8.8508790740116355E-017   4.8034166612384817E-015   2.1105427798219218E-016   4.6652383935797424E-002   1.2199003394245805E-015  -4.3159640183224210E-017  -1.4898350951498182E-002  -1.0165706473720144E-015  -1.8642288905607167E-016   3.8344291908766968E-016  -8.6543266460170616E-016   2.4682476542293447E-015   7.0047974736277414E-016  -2.2646036168696570E-015  -2.6170867603378382E-015  -2.0356639839138988E-015  -6.1503433189902199E-017  -1.8820488716226835E-002  -1.1229462587221912E-015
  -6.7677282692158905E-017   2.9116215569934737E-016   5.0077787223843009E-003   2.9968949616480316E-016  -3.9095232960515499E-017   6.3095342574844920E-018  -9.0819761260922582E-018  -1.6028058443184242E-017   3.2060242184657534E-017  -1.4470050117300518E-016   1.4315183136736047E-016   1.2290755833517000E-015   4.5065271426755121E-002   3.1899236487784356E-016  -4.9942746476446802E-017  -2.8531429164223620E-017   1.6918955532712373E-017   8.7883289189024806E-017  -5.6534414685984781E-018  -7.4657874842364984E-017   9.5450116358380714E-016   6.6598698437459078E-017   1.3969475200251461E-015   4.6652383935802691E-002  -2.2705517097333264E-016  -1.2214473525175133E-015  -1.4898350951502186E-002  -3.7173419991278266E-016  -2.7745933023430101E-016   4.6636806346694327E-016   2.6613190799377528E-015   3.1136980787433477E-016  -2.3378805044463320E-015  -1.1209401508185371E-015  -4.9491065199270246E-016  -2.3189611205649529E-016  -1.3354243261894945E-015  -1.8820488716231265E-002
  -6.0355081885275228E-017   3.0951327964101442E-016   2.9968949616480316E-016   1.0855366766397490E-004  -2.8131572712152148E-016   2.1001521611689233E-017   1.0724766410424752E-017  -2.3200762073054780E-016  -2.0478139966551667E-018  -3.3007053644566917E-016  -7.1081658313056966E-016   2.3883805449209106E-015   2.6405132433383964E-015   5.5892152354013996E-003  -1.7106493642408916E-016   3.5942677119434359E-016   3.1265642917705783E-016  -6.9729310123652721E-016   9.7704405317295484E-017   1.8615795123262748E-016   1.2552852476151096E-002  -7.1862119632027026E-016   2.5670742012134729E-015   2.7257522523437008E-015   1.7195310588842347E-015  -2.7800082438910171E-016   7.3879468412503548E-016   1.1357263847384086E-016   9.6319409737055052E-015   8.1149629949098283E-015  -1.1155068101863988E-014   2.4040720115873172E-015   1.0283219443942609E-014  -4.0783270836987923E-003  -5.0502229416106853E-003   1.7847086815548267E-015  -4.8631936750215743E-016   5.1102239462523460E-016
   6.9422420939349149E-017  -6.5521434206112259E-018  -3.9095232960515499E-017  -2.8131572712152148E-016   6.8704626449815411E-006   1.1772113935313675E-019   7.2366391679904164E-018  -3.4352313225128730E-006  -3.4733647378905577E-019  -3.4352313224959196E-006   6.1404080346416707E-016  -6.6877079699857688E-017  -3.6430063552139008E-016  -1.4002019555611334E-014  -1.4994560175380869E-004   4.4779108132882347E-018  -7.6730300978683518E-017   7.4972800877072369E-005  -7.5518334970350447E-018   7.4972800876713119E-005  -3.1724917386858342E-014   6.4688999504885884E-016  -6.2551696303837517E-017  -3.7060557821685598E-016  -1.3615921571531855E-015  -4.7120670544394323E-016  -4.8068373580132024E-016  -3.6559771223249886E-003   1.4791061378614356E-017  -1.8837748313836618E-015   1.8279885611667548E-003  -2.3484269042288116E-016   1.8279885611582058E-003   1.1797555744238123E-015   1.1510399078441625E-014  -1.4171048295597407E-015  -4.6632641974757711E-016  -4.5016210354375342E-016
   4.2434272729451720E-017   1.1337542414379254E-017   6.3095342574844920E-018   2.1001521611689233E-017   1.1772113935313675E-019   6.8704626450126052E-006   2.1186004723824209E-018  -1.6777178588646869E-018   1.1235803640410660E-018   6.0927549309860697E-019   3.8524260340675557E-016   1.1072558245124562E-016   4.6310213558532562E-017   2.1104564527055494E-015  -2.4189962300686707E-018  -1.4994560175413197E-004  -1.8220514561456532E-017   3.9150365747814637E-017   4.1611336844501416E-017  -3.6499923555418783E-017   4.6167685005282328E-015   4.0458942831395155E-016   1.1134072540961405E-016   5.3697929847882909E-017  -1.1029473297938687E-015   6.1683335860903950E-017  -5.9026109521835340E-016  -7.9141027884226096E-017  -3.6559771223332363E-003  -4.3538974473040847E-016   9.8037025330276295E-016   9.9652497816948748E-016  -9.0156090499210906E-016  -3.0329125901745680E-015  -2.0727095427730111E-015  -1.1379619631833345E-015   5.2056783103803999E-017  -5.9393585335909083E-016
  -3.1893475025060893E-017   2.1547827655474738E-018  -9.0819761260922582E-018   1.0724766410424752E-017   7.2366391679904164E-018   2.1186004723824209E-018   6.8704626450145999E-006  -6.5632605378574807E-018  -7.7025331125923387E-018  -8.2229838585736667E-019  -2.6597918066024851E-016   1.5860012929376648E-018  -7.4170824439084673E-017   1.3932116741554340E-015  -8.2328161401814257E-017  -2.8325246218106423E-017  -1.4994560175415894E-004   6.0741142929128333E-017   8.9040298216406148E-017   2.1927707697052027E-017   3.0368217272170088E-015  -2.7858402936043974E-016   6.9799862037199797E-018  -7.7906132879989564E-017   2.2244455079909711E-016  -1.6973468184910416E-016  -1.1074515465484222E-017  -1.9669146091677042E-015  -6.8993307154767389E-016  -3.6559771223337611E-003   1.3731877382923977E-015   2.1399018451145781E-015   5.9332212147523454E-016  -1.6745117730797713E-015  -1.3201988995059140E-015   2.4602159244472374E-016  -1.7042693666358040E-016  -3.8928747088158724E-018
   2.4283634670134684E-017  -1.0565199008976459E-017  -1.6028058443184242E-017  -2.3200762073054780E-016  -3.4352313225128730E-006  -1.6777178588646869E-018  -6.5632605378574807E-018   6.8704626449874373E-006  -3.4003684786194208E-018  -3.4352313224866256E-006   2.3412736994473423E-016  -5.3785507871702732E-017  -9.9347953182950512E-017  -1.2409837519683246E-014   7.4972800877196890E-005  -6.2015550319584222E-018   8.8316558607455129E-017  -1.4994560175388624E-004   5.4471305791942658E-017   7.4972800876649652E-005  -2.8077995415795018E-014   2.4396287131506120E-016  -5.6331368333048944E-017  -1.0438544164034865E-016  -4.8479743385005081E-016  -7.9851671993895923E-016  -1.1478634153513339E-015   1.8279885611699632E-003  -8.2316250000865624E-017   2.1150125760529719E-015  -3.6559771223265611E-003   1.3767156040480287E-015   1.8279885611565401E-003  -4.4029692166079533E-015   9.4525027978714994E-015  -5.0584654681337897E-016  -7.9441043257308140E-016  -1.1396747460900275E-015
   2.0097388892495832E-017  -6.5793273921792955E-018   3.2060242184657534E-017  -2.0478139966551667E-018  -3.4733647378905577E-019   1.1235803640410660E-018  -7.7025331125923387E-018  -3.4003684786194208E-018   6.8704626450000453E-006   1.2623706725672853E-018   1.6657296827174020E-016  -4.3685059021036549E-017   2.8918358877198259E-016   1.5586674628672941E-016   1.9155000351780595E-017  -6.1798408792208980E-017   8.6349794839584260E-017   1.8562603789161076E-017  -1.4994560175400154E-004  -3.8085067961145079E-017   3.1146424706481059E-016   1.7488325749734331E-016  -5.0183079283902235E-017   3.0330965621360891E-016  -3.3473503869292596E-016   2.4946931900011679E-016  -7.1892938700850755E-016   4.1322141019309060E-016  -1.5963010473340447E-015   1.9611078674419848E-015   4.3465125111439209E-016  -3.6559771223298914E-003  -8.4781976145296561E-016  -5.2565837182731606E-016  -1.8536798424515134E-016  -3.4961530750596138E-016   2.5400188618666329E-016  -7.4474768953703592E-016
   7.7103501438514506E-017   7.6601673220325298E-018  -1.4470050117300518E-016  -3.3007053644566917E-016  -3.4352313224959196E-006   6.0927549309860697E-019  -8.2229838585736667E-019  -3.4352313224866256E-006   1.2623706725672853E-018   6.8704626450218573E-006   6.7594292809996447E-016   2.4368717753191864E-017  -1.3448617616295393E-015  -1.5473780090394271E-014   7.4972800877206539E-005   2.2472824683973494E-017  -8.3361309986226690E-018   7.4972800877077113E-005   7.3221332991517244E-018  -1.4994560175422074E-004  -3.4944128125882614E-014   7.0150081320230315E-016   3.1721317627262891E-017  -1.3856989531779258E-015  -5.1965740126524249E-016  -2.9945811685791217E-016   7.5463340118247940E-016   1.8279885611695267E-003   5.7343219968708050E-016  -1.5199307436288077E-016   1.8279885611662242E-003   1.8064716664719043E-016  -3.6559771223356650E-003  -7.1676755247217999E-016   1.2401989023524723E-014  -5.7931607627175031E-016  -3.0313628223800560E-016   8.7049774320516479E-016
   4.5065271426749751E-002   1.8798256596340087E-016   1.4315183136736047E-016  -7.1081658313056966E-016   6.1404080346416707E-016   3.8524260340675557E-016  -2.6597918066024851E-016   2.3412736994473423E-016   1.6657296827174020E-016   6.7594292809996447E-016  0.40557476893224209       -2.0835973867203379E-016   8.2195423068860852E-016  -2.0214138460861908E-015   1.8602195791405618E-016  -1.0520207272688250E-016   9.2380909445556662E-017   2.5907741541927581E-016  -1.4238675447532615E-016   4.4935397575562676E-016  -1.1230918870277188E-015  0.41982480511293135        1.0784779853076706E-016   9.5291207441550333E-016 -0.12979442471824615        8.0063461755397072E-016  -1.2522487226023074E-015   7.5977143968478110E-016  -7.9236969898221980E-016  -1.0588272566423591E-015  -8.2856891503593890E-016   1.6784706365220567E-016   7.1414620036538112E-016   6.5104914651807836E-016   7.0659107733743738E-016 -0.16508433587669458        8.0608185425686358E-016  -1.3383136669067545E-015
   1.3952204434494213E-016   4.5065271426751617E-002   1.2290755833517000E-015   2.3883805449209106E-015  -6.6877079699857688E-017   1.1072558245124562E-016   1.5860012929376648E-018  -5.3785507871702732E-017  -4.3685059021036549E-017   2.4368717753191864E-017  -2.0835973867203379E-016  0.40557476893224303       -2.1993359536472498E-015  -5.5109856360729818E-015  -7.1693238583258337E-018   4.4289958057381194E-017   4.3196996222601452E-017  -1.3413279013014828E-016  -1.3568669158374355E-017   1.2894325460679392E-016  -3.9207385771113019E-015  -7.7094282708690568E-017  0.41982480511292969       -1.9379664191132115E-015  -2.5555892833245972E-017 -0.12979442471824834        2.6316249989863613E-015   6.9975808518966396E-016  -8.1587761048447369E-016   1.0600977399402833E-015  -2.8056122493344221E-015  -1.0849755144839374E-015   2.2505934186988425E-015   1.6165433030045770E-015   1.9933793286445774E-015  -2.2697657853971447E-017 -0.16508433587669633        2.7687608924421551E-015
  -6.5767074780829686E-016   1.1335142247885722E-015   4.5065271426755121E-002   2.6405132433383964E-015  -3.6430063552139008E-016   4.6310213558532562E-017  -7.4170824439084673E-017  -9.9347953182950512E-017   2.8918358877198259E-016  -1.3448617616295393E-015   8.2195423068860852E-016  -2.1993359536472498E-015  0.40557476893222594       -8.6376306278027962E-016  -2.6938150486235800E-016  -1.1763012936420321E-016  -2.0085899581139279E-017  -3.7035241016347540E-016  -1.5857436571474339E-016   3.0408220163005968E-016   3.2685868193606690E-016   1.1595298874759224E-016  -1.2452016564113393E-015  0.41982480511292652       -2.2285124940026932E-016   2.7067485425724718E-015 -0.12979442471824582        1.0591794387223907E-015   9.3816590724632241E-016   4.3397573928972676E-017  -4.3346747148015082E-015   1.2574947395814826E-016   2.8387636978521820E-015  -1.8590508858949895E-015  -3.6972651729040427E-016  -2.2268126047567531E-016   2.8546373548822959E-015 -0.16508433587669338     
   7.9839555353298706E-016   1.7263705549447206E-015   3.1899236487784356E-016   5.5892152354013996E-003  -1.4002019555611334E-014   2.1104564527055494E-015   1.3932116741554340E-015  -1.2409837519683246E-014   1.5586674628672941E-016  -1.5473780090394271E-014  -2.0214138460861908E-015  -5.5109856360729818E-015  -8.6376306278027962E-016  0.29091059452515478       -9.8907097376117293E-015  -2.5344241295398459E-015  -1.5863283991658180E-015  -1.2175576473213778E-014  -2.3686281907793131E-016  -1.1535008518598761E-014  0.65198215962719708       -5.7360235251627180E-016  -6.0931230714152702E-016  -7.4183032786499451E-016   8.3856140307727767E-016   3.5351496045586693E-015  -2.7855244968803718E-016  -3.4792291499977069E-014  -1.5577320353457009E-014  -1.3556011797567254E-014  -7.0594010850581691E-015  -5.2809049363852344E-015   4.3228372404860633E-015 -0.28250464706665906      -0.27197933682018793        1.0314868401032872E-015   3.9527043658600821E-015  -2.6998459034377145E-016
   1.4117019292875265E-017  -1.1688899154467327E-017  -4.9942746476446802E-017  -1.7106493642408916E-016  -1.4994560175380869E-004  -2.4189962300686707E-018  -8.2328161401814257E-017   7.4972800877196890E-005   1.9155000351780595E-017   7.4972800877206539E-005   1.8602195791405618E-016  -7.1693238583258337E-018  -2.6938150486235800E-016  -9.8907097376117293E-015   3.2725137515644260E-003  -1.0100763340371784E-016   2.4469352478115195E-017  -1.6362568757817373E-003  -8.7793231212342187E-017  -1.6362568757821824E-003  -2.0300369124918115E-014   1.4287310082527164E-016  -6.9610186715501695E-017  -3.1792983985127048E-016   2.6244589043401653E-016   7.9334739366264816E-017  -3.5662665392052663E-018   7.9790505811949006E-002  -4.0275273147457099E-016   8.7891060870779506E-016  -3.9895252905966481E-002  -1.0337651721247660E-015  -3.9895252905981921E-002  -7.2839991985084606E-015   6.3444920327584662E-015   2.4355920337473552E-016   7.9965290946583616E-017   2.0373045394051558E-017
   1.2512172333767707E-017   2.4410621332626602E-017  -2.8531429164223620E-017   3.5942677119434359E-016   4.4779108132882347E-018  -1.4994560175413197E-004  -2.8325246218106423E-017  -6.2015550319584222E-018  -6.1798408792208980E-017   2.2472824683973494E-017  -1.0520207272688250E-016   4.4289958057381194E-017  -1.1763012936420321E-016  -2.5344241295398459E-015  -1.0100763340371784E-016   3.2725137515637408E-003   6.7219211205193659E-018   8.0027408158877226E-017  -9.4603481987386795E-017   1.5929036908351614E-017  -3.6285266737810163E-015  -7.3678563271397777E-017   1.0134763001711925E-016  -1.4737661956755824E-016   6.9807397224633773E-016  -9.0883511322862848E-017  -2.0172870995971481E-016  -2.0227629589211980E-015   7.9790505811940277E-002  -2.9542815134325084E-017   1.3880430550611113E-015  -1.9128276114883096E-015   6.4195949446052857E-016   2.6030220820584026E-015   1.7736795573161713E-015   7.0007724387889754E-016  -9.0989788077896119E-017  -2.2379577814632314E-016
   5.8980750323343053E-017  -3.5600197076252250E-017   1.6918955532712373E-017   3.1265642917705783E-016  -7.6730300978683518E-017  -1.8220514561456532E-017  -1.4994560175415894E-004   8.8316558607455129E-017   8.6349794839584260E-017  -8.3361309986226690E-018   9.2380909445556662E-017   4.3196996222601452E-017  -2.0085899581139279E-017  -1.5863283991658180E-015   2.4469352478115195E-017   6.7219211205193659E-018   3.2725137515639676E-003  -1.2694726302467444E-016  -1.5898889814535473E-016   9.5042443577460901E-017  -1.8449104023520426E-015   1.4320718648509976E-016  -4.3775078091939134E-017   1.1981622811377540E-017  -1.4871278377786890E-017   9.7889580401253447E-017  -2.7279551334639922E-016  -2.8537810542414473E-016   1.4875338509796546E-016   7.9790505811942913E-002  -7.4243877782842608E-016  -3.1981471693875077E-015   1.0366480487607957E-015   4.8547993671413565E-016   8.1976516959956483E-016  -2.6594070177537866E-017   9.9354368096009194E-017  -2.8892730471271898E-016
   7.3720424179173061E-017   9.9149663731531416E-017   8.7883289189024806E-017  -6.9729310123652721E-016   7.4972800877072369E-005   3.9150365747814637E-017   6.0741142929128333E-017  -1.4994560175388624E-004   1.8562603789161076E-017   7.4972800877077113E-005   2.5907741541927581E-016  -1.3413279013014828E-016  -3.7035241016347540E-016  -1.2175576473213778E-014  -1.6362568757817373E-003   8.0027408158877226E-017  -1.2694726302467444E-016   3.2725137515650033E-003   2.5709938108453397E-017  -1.6362568757823995E-003  -2.8804738416667533E-014   3.0505268577971727E-016   1.5525183118833605E-017  -1.4663068887385296E-016  -3.4169600135156707E-016  -5.8546910761600090E-017  -8.4485766870140473E-017  -3.9895252905970235E-002   4.4772467525976199E-016  -2.2588251120903329E-015   7.9790505811956125E-002  -4.3370839756497723E-016  -3.9895252905984627E-002  -2.1769697240664060E-015   9.8385066040135519E-015  -3.6712141879317739E-016  -6.8712795448007581E-017  -9.2107115884344527E-017
  -4.6060281531115010E-017   3.2286758009454170E-017  -5.6534414685984781E-018   9.7704405317295484E-017  -7.5518334970350447E-018   4.1611336844501416E-017   8.9040298216406148E-017   5.4471305791942658E-017  -1.4994560175400154E-004   7.3221332991517244E-018  -1.4238675447532615E-016  -1.3568669158374355E-017  -1.5857436571474339E-016  -2.3686281907793131E-016  -8.7793231212342187E-017  -9.4603481987386795E-017  -1.5898889814535473E-016   2.5709938108453397E-017   3.2725137515640305E-003   7.0103120162508182E-017   1.1921174990210031E-016  -1.5636521518043077E-016   5.5399184946293471E-017  -1.4604144014910631E-016   4.7790258753032999E-016  -1.6539710655932334E-016   3.4272080386667532E-016  -9.6605314656302574E-016  -3.5264353286448796E-016  -7.2772052157876974E-016   1.0184503929219461E-015   7.9790505811943732E-002  -5.3551116991308960E-017  -5.9833701354346174E-016  -8.1959045575772618E-017   4.8776842753804501E-016  -1.7064318883672595E-016   3.4515901751759106E-016
   1.2102390260457937E-017  -8.8508790740116355E-017  -7.4657874842364984E-017   1.8615795123262748E-016   7.4972800876713119E-005  -3.6499923555418783E-017   2.1927707697052027E-017   7.4972800876649652E-005  -3.8085067961145079E-017  -1.4994560175422074E-004   4.4935397575562676E-016   1.2894325460679392E-016   3.0408220163005968E-016  -1.1535008518598761E-014  -1.6362568757821824E-003   1.5929036908351614E-017   9.5042443577460901E-017  -1.6362568757823995E-003   7.0103120162508182E-017   3.2725137515632096E-003  -2.7029399410542423E-014   4.8352512991016243E-016   4.4567876359366803E-017   1.2294244777662713E-016  -9.1915159884020651E-016  -4.3563822465851694E-016  -5.4945160542076223E-016  -3.9895252905966426E-002  -1.6813011079926735E-016   1.1986227711324740E-015  -3.9895252905968522E-002   1.6630162077611097E-015   7.9790505811933074E-002  -1.8293786788593727E-016   9.7407337347261179E-015  -9.5403434625830537E-016  -4.2583119017179028E-016  -5.3799327831146886E-016
   2.1728324460829118E-015   4.8034166612384817E-015   9.5450116358380714E-016   1.2552852476151096E-002  -3.1724917386858342E-014   4.6167685005282328E-015   3.0368217272170088E-015  -2.8077995415795018E-014   3.1146424706481059E-016  -3.4944128125882614E-014  -1.1230918870277188E-015  -3.9207385771113019E-015   3.2685868193606690E-016  0.65198215962719708       -2.0300369124918115E-014  -3.6285266737810163E-015  -1.8449104023520426E-015  -2.8804738416667533E-014   1.1921174990210031E-016  -2.7029399410542423E-014   1.4618050788224757        2.2532067495291549E-015   7.4492197868298954E-015   7.0709552870765179E-016  -1.7826848213370774E-015  -4.8420858028971521E-015   9.5074653020028917E-016  -2.5240170086430008E-014   1.4667310876820979E-014   1.1525786026696444E-014  -4.6518133973710044E-014   4.2935118594515684E-015  -1.3192497952539711E-014 -0.60263398090914566      -0.60559110536350780       -1.6484444348278879E-015  -4.6631556601219490E-015   7.8208873862439923E-016
   4.6652383935795814E-002   2.1105427798219218E-016   6.6598698437459078E-017  -7.1862119632027026E-016   6.4688999504885884E-016   4.0458942831395155E-016  -2.7858402936043974E-016   2.4396287131506120E-016   1.7488325749734331E-016   7.0150081320230315E-016  0.41982480511293135       -7.7094282708690568E-017   1.1595298874759224E-016  -5.7360235251627180E-016   1.4287310082527164E-016  -7.3678563271397777E-017   1.4320718648509976E-016   3.0505268577971727E-016  -1.5636521518043077E-016   4.8352512991016243E-016   2.2532067495291549E-015  0.43461305081734819        2.6521565012792419E-016   2.1056365152434728E-016 -0.13915253708250469       -8.6652936008899112E-016   7.1760918929652736E-016  -3.6601295520321517E-016   1.6566530791601122E-016   6.8782523360743607E-017  -7.6504001003847817E-018   3.7100547195467213E-017   1.0424561361118855E-015  -1.2326679897587113E-015  -7.4964768591506680E-016 -0.17569158040250868       -8.7563889838757193E-016   6.9420513956829043E-016
   1.8490687266672642E-016   4.6652383935797424E-002   1.3969475200251461E-015   2.5670742012134729E-015  -6.2551696303837517E-017   1.1134072540961405E-016   6.9799862037199797E-018  -5.6331368333048944E-017  -5.0183079283902235E-017   3.1721317627262891E-017   1.0784779853076706E-016  0.41982480511292969       -1.2452016564113393E-015  -6.0931230714152702E-016  -6.9610186715501695E-017   1.0134763001711925E-016  -4.3775078091939134E-017   1.5525183118833605E-017   5.5399184946293471E-017   4.4567876359366803E-017   7.4492197868298954E-015   2.6521565012792419E-016  0.43461305081734353       -8.9805664631454012E-016   2.2553681857033406E-016 -0.13915253708249747       -7.0735744271134647E-018  -7.7784957080930363E-016   4.9770373078609210E-016  -1.0419933390800967E-015   8.5092366344547707E-016   5.4048512351398576E-016   8.8218778022303701E-017  -2.8190516886034220E-015  -2.6649475001884645E-015   1.9757754381814298E-016 -0.17569158040250077        3.9980082989140053E-017
  -6.7462205714535814E-016   1.2199003394245805E-015   4.6652383935802691E-002   2.7257522523437008E-015  -3.7060557821685598E-016   5.3697929847882909E-017  -7.7906132879989564E-017  -1.0438544164034865E-016   3.0330965621360891E-016  -1.3856989531779258E-015   9.5291207441550333E-016  -1.9379664191132115E-015  0.41982480511292652       -7.4183032786499451E-016  -3.1792983985127048E-016  -1.4737661956755824E-016   1.1981622811377540E-017  -1.4663068887385296E-016  -1.4604144014910631E-016   1.2294244777662713E-016   7.0709552870765179E-016   2.1056365152434728E-016  -8.9805664631454012E-016  0.43461305081735535       -1.0614008396391292E-016  -6.3912757892698295E-017 -0.13915253708250355        1.2807568994888294E-016   2.9894797485450814E-016   7.8971632050449017E-016   1.2531939174678394E-015   6.2830434616741354E-016  -1.8310127982237795E-015   2.6557228625005835E-016  -2.1579247966132550E-016  -1.1448791129646777E-016   5.2550256240290591E-017 -0.17569158040250771     
  -1.4898350951498543E-002  -4.3159640183224210E-017  -2.2705517097333264E-016   1.7195310588842347E-015  -1.3615921571531855E-015  -1.1029473297938687E-015   2.2244455079909711E-016  -4.8479743385005081E-016  -3.3473503869292596E-016  -5.1965740126524249E-016 -0.12979442471824615       -2.5555892833245972E-017  -2.2285124940026932E-016   8.3856140307727767E-016   2.6244589043401653E-016   6.9807397224633773E-016  -1.4871278377786890E-017  -3.4169600135156707E-016   4.7790258753032999E-016  -9.1915159884020651E-016  -1.7826848213370774E-015 -0.13915253708250469        2.2553681857033406E-016  -1.0614008396391292E-016  0.65488854188154777       -6.4534458318185167E-017   1.5873566838135754E-016   7.2702505648105226E-017   1.9875418925709536E-016   9.5623519825209263E-017   2.1908610993966635E-016  -2.1169222657946758E-017  -5.9668650985456735E-016   3.9214688793418040E-016   3.3663176614804312E-016  0.66735921969794298       -1.1914509619872256E-016   3.9610874620853818E-016
  -5.7814706082853802E-016  -1.4898350951498182E-002  -1.2214473525175133E-015  -2.7800082438910171E-016  -4.7120670544394323E-016   6.1683335860903950E-017  -1.6973468184910416E-016  -7.9851671993895923E-016   2.4946931900011679E-016  -2.9945811685791217E-016   8.0063461755397072E-016 -0.12979442471824834        2.7067485425724718E-015   3.5351496045586693E-015   7.9334739366264816E-017  -9.0883511322862848E-017   9.7889580401253447E-017  -5.8546910761600090E-017  -1.6539710655932334E-016  -4.3563822465851694E-016  -4.8420858028971521E-015  -8.6652936008899112E-016 -0.13915253708249747       -6.3912757892698295E-017  -6.4534458318185167E-017  0.65488854188154599       -1.5280925613327829E-015  -1.4796424302208313E-016  -2.0400100154378832E-016   5.4918133312476539E-017  -4.5638085153614852E-016  -4.9482496121601889E-018  -9.0808392199812279E-016   1.4468009503054142E-015   1.2308697084510362E-015   3.1197886642064511E-016  0.66735921969793988       -1.6763004213559379E-015
   7.4811940428925163E-016  -1.0165706473720144E-015  -1.4898350951502186E-002   7.3879468412503548E-016  -4.8068373580132024E-016  -5.9026109521835340E-016  -1.1074515465484222E-017  -1.1478634153513339E-015  -7.1892938700850755E-016   7.5463340118247940E-016  -1.2522487226023074E-015   2.6316249989863613E-015 -0.12979442471824582       -2.7855244968803718E-016  -3.5662665392052663E-018  -2.0172870995971481E-016  -2.7279551334639922E-016  -8.4485766870140473E-017   3.4272080386667532E-016  -5.4945160542076223E-016   9.5074653020028917E-016   7.1760918929652736E-016  -7.0735744271134647E-018 -0.13915253708250355        1.5873566838135754E-016  -1.5280925613327829E-015  0.65488854188154988       -5.6120971304630428E-016  -4.2212464236407838E-017   1.1786419776777964E-016   5.1429146645344067E-016  -1.7155249065518179E-016  -1.1158813442507008E-016  -1.1191739699750689E-015  -3.7656002559319697E-016   2.3704894655270345E-016  -1.5048870743965459E-015  0.66735921969794532     
  -6.9496194342624892E-017  -1.8642288905607167E-016  -3.7173419991278266E-016   1.1357263847384086E-016  -3.6559771223249886E-003  -7.9141027884226096E-017  -1.9669146091677042E-015   1.8279885611699632E-003   4.1322141019309060E-016   1.8279885611695267E-003   7.5977143968478110E-016   6.9975808518966396E-016   1.0591794387223907E-015  -3.4792291499977069E-014   7.9790505811949006E-002  -2.0227629589211980E-015  -2.8537810542414473E-016  -3.9895252905970235E-002  -9.6605314656302574E-016  -3.9895252905966426E-002  -2.5240170086430008E-014  -3.6601295520321517E-016  -7.7784957080930363E-016   1.2807568994888294E-016   7.2702505648105226E-017  -1.4796424302208313E-016  -5.6120971304630428E-016   1.9454539540691462        9.0836490889915204E-016  -7.5067447917411101E-017 -0.97272697703455613        3.4318522416226868E-015 -0.97272697703457522       -9.0233894178778121E-015   9.6831519904482639E-015  -7.3709691302508431E-017  -2.1214625011471042E-016  -6.3740955362432610E-016
   5.1466387709897976E-016   3.8344291908766968E-016  -2.7745933023430101E-016   9.6319409737055052E-015   1.4791061378614356E-017  -3.6559771223332363E-003  -6.8993307154767389E-016  -8.2316250000865624E-017  -1.5963010473340447E-015   5.7343219968708050E-016  -7.9236969898221980E-016  -8.1587761048447369E-016   9.3816590724632241E-016  -1.5577320353457009E-014  -4.0275273147457099E-016   7.9790505811940277E-002   1.4875338509796546E-016   4.4772467525976199E-016  -3.5264353286448796E-016  -1.6813011079926735E-016   1.4667310876820979E-014   1.6566530791601122E-016   4.9770373078609210E-016   2.9894797485450814E-016   1.9875418925709536E-016  -2.0400100154378832E-016  -4.2212464236407838E-017   9.0836490889915204E-016   1.9454539540691278       -1.0894808818127832E-015  -2.8152258085485868E-015   1.0033850649220785E-015   2.0834028946482151E-015  -4.0054168522245358E-015  -2.8978270224627576E-015   6.2162839143051156E-017  -3.8941928729047536E-017  -8.9974503387607633E-016
   1.0706077345881318E-015  -8.6543266460170616E-016   4.6636806346694327E-016   8.1149629949098283E-015  -1.8837748313836618E-015  -4.3538974473040847E-016  -3.6559771223337611E-003   2.1150125760529719E-015   1.9611078674419848E-015  -1.5199307436288077E-016  -1.0588272566423591E-015   1.0600977399402833E-015   4.3397573928972676E-017  -1.3556011797567254E-014   8.7891060870779506E-016  -2.9542815134325084E-017   7.9790505811942913E-002  -2.2588251120903329E-015  -7.2772052157876974E-016   1.1986227711324740E-015   1.1525786026696444E-014   6.8782523360743607E-017  -1.0419933390800967E-015   7.8971632050449017E-016   9.5623519825209263E-017   5.4918133312476539E-017   1.1786419776777964E-016  -7.5067447917411101E-017  -1.0894808818127832E-015   1.9454539540691216        2.2911089258421580E-015  -1.2043521019876312E-015  -2.0006240587788167E-015  -2.0501694363997111E-015  -2.1345499877146979E-015   9.6763678073820871E-017   8.5564603415120227E-017  -3.0853334647685805E-016
   9.9863088498015567E-016   2.4682476542293447E-015   2.6613190799377528E-015  -1.1155068101863988E-014   1.8279885611667548E-003   9.8037025330276295E-016   1.3731877382923977E-015  -3.6559771223265611E-003   4.3465125111439209E-016   1.8279885611662242E-003  -8.2856891503593890E-016  -2.8056122493344221E-015  -4.3346747148015082E-015  -7.0594010850581691E-015  -3.9895252905966481E-002   1.3880430550611113E-015  -7.4243877782842608E-016   7.9790505811956125E-002   1.0184503929219461E-015  -3.9895252905968522E-002  -4.6518133973710044E-014  -7.6504001003847817E-018   8.5092366344547707E-016   1.2531939174678394E-015   2.1908610993966635E-016  -4.5638085153614852E-016   5.1429146645344067E-016 -0.97272697703455613       -2.8152258085485868E-015   2.2911089258421580E-015   1.9454539540691500       -1.0269291927239433E-015 -0.97272697703456312       -1.3207874788706048E-014   1.0669705205008331E-014   2.3291886080985107E-016  -7.4254137855671072E-016  -7.2254151499961186E-017
  -7.1047813615982807E-016   7.0047974736277414E-016   3.1136980787433477E-016   2.4040720115873172E-015  -2.3484269042288116E-016   9.9652497816948748E-016   2.1399018451145781E-015   1.3767156040480287E-015  -3.6559771223298914E-003   1.8064716664719043E-016   1.6784706365220567E-016  -1.0849755144839374E-015   1.2574947395814826E-016  -5.2809049363852344E-015  -1.0337651721247660E-015  -1.9128276114883096E-015  -3.1981471693875077E-015  -4.3370839756497723E-016   7.9790505811943732E-002   1.6630162077611097E-015   4.2935118594515684E-015   3.7100547195467213E-017   5.4048512351398576E-016   6.2830434616741354E-016  -2.1169222657946758E-017  -4.9482496121601889E-018  -1.7155249065518179E-016   3.4318522416226868E-015   1.0033850649220785E-015  -1.2043521019876312E-015  -1.0269291927239433E-015   1.9454539540691242       -2.4330852003290240E-015  -8.2005889645824366E-016  -6.0972425408167124E-016  -1.1746835781061678E-016  -5.9972732813949943E-017  -4.7337886514673554E-016
  -8.5735064712051531E-016  -2.2646036168696570E-015  -2.3378805044463320E-015   1.0283219443942609E-014   1.8279885611582058E-003  -9.0156090499210906E-016   5.9332212147523454E-016   1.8279885611565401E-003  -8.4781976145296561E-016  -3.6559771223356650E-003   7.1414620036538112E-016   2.2505934186988425E-015   2.8387636978521820E-015   4.3228372404860633E-015  -3.9895252905981921E-002   6.4195949446052857E-016   1.0366480487607957E-015  -3.9895252905984627E-002  -5.3551116991308960E-017   7.9790505811933074E-002  -1.3192497952539711E-014   1.0424561361118855E-015   8.8218778022303701E-017  -1.8310127982237795E-015  -5.9668650985456735E-016  -9.0808392199812279E-016  -1.1158813442507008E-016 -0.97272697703457522        2.0834028946482151E-015  -2.0006240587788167E-015 -0.97272697703456312       -2.4330852003290240E-015   1.9454539540690929        1.5689952551142250E-014   9.1504338938566021E-015  -5.2044897647386511E-016  -5.7314885018534145E-016   5.8858588451565658E-016
  -7.7397043531308603E-016  -2.6170867603378382E-015  -1.1209401508185371E-015  -4.0783270836987923E-003   1.1797555744238123E-015  -3.0329125901745680E-015  -1.6745117730797713E-015  -4.4029692166079533E-015  -5.2565837182731606E-016  -7.1676755247217999E-016   6.5104914651807836E-016   1.6165433030045770E-015  -1.8590508858949895E-015 -0.28250464706665906       -7.2839991985084606E-015   2.6030220820584026E-015   4.8547993671413565E-016  -2.1769697240664060E-015  -5.9833701354346174E-016  -1.8293786788593727E-016 -0.60263398090914566       -1.2326679897587113E-015  -2.8190516886034220E-015   2.6557228625005835E-016   3.9214688793418040E-016   1.4468009503054142E-015  -1.1191739699750689E-015  -9.0233894178778121E-015  -4.0054168522245358E-015  -2.0501694363997111E-015  -1.3207874788706048E-014  -8.2005889645824366E-016   1.5689952551142250E-014   1.8319004933869592       0.46642888851973474        4.8727754511509998E-016   1.1680134550686212E-015  -6.6167780731443441E-016
  -8.5930469131537135E-016  -2.0356639839138988E-015  -4.9491065199270246E-016  -5.0502229416106853E-003   1.1510399078441625E-014  -2.0727095427730111E-015  -1.3201988995059140E-015   9.4525027978714994E-015  -1.8536798424515134E-016   1.2401989023524723E-014   7.0659107733743738E-016   1.9933793286445774E-015  -3.6972651729040427E-016 -0.27197933682018793        6.3444920327584662E-015   1.7736795573161713E-015   8.1976516959956483E-016   9.8385066040135519E-015  -8.1959045575772618E-017   9.7407337347261179E-015 -0.60559110536350780       -7.4964768591506680E-016  -2.6649475001884645E-015  -2.1579247966132550E-016   3.3663176614804312E-016   1.2308697084510362E-015  -3.7656002559319697E-016   9.6831519904482639E-015  -2.8978270224627576E-015  -2.1345499877146979E-015   1.0669705205008331E-014  -6.0972425408167124E-016   9.1504338938566021E-015  0.46642888851973474       0.28055752454272742        2.8231175599175162E-016   1.0954450736425731E-015  -2.5350321469708268E-016
  -1.8820488716227091E-002  -6.1503433189902199E-017  -2.3189611205649529E-016   1.7847086815548267E-015  -1.4171048295597407E-015  -1.1379619631833345E-015   2.4602159244472374E-016  -5.0584654681337897E-016  -3.4961530750596138E-016  -5.7931607627175031E-016 -0.16508433587669458       -2.2697657853971447E-017  -2.2268126047567531E-016   1.0314868401032872E-015   2.4355920337473552E-016   7.0007724387889754E-016  -2.6594070177537866E-017  -3.6712141879317739E-016   4.8776842753804501E-016  -9.5403434625830537E-016  -1.6484444348278879E-015 -0.17569158040250868        1.9757754381814298E-016  -1.1448791129646777E-016  0.66735921969794298        3.1197886642064511E-016   2.3704894655270345E-016  -7.3709691302508431E-017   6.2162839143051156E-017   9.6763678073820871E-017   2.3291886080985107E-016  -1.1746835781061678E-016  -5.2044897647386511E-016   4.8727754511509998E-016   2.8231175599175162E-016  0.68290280528498348        2.5894650213655274E-016   4.7607458565997802E-016
  -5.9282912170297307E-016  -1.8820488716226835E-002  -1.3354243261894945E-015  -4.8631936750215743E-016  -4.6632641974757711E-016   5.2056783103803999E-017  -1.7042693666358040E-016  -7.9441043257308140E-016   2.5400188618666329E-016  -3.0313628223800560E-016   8.0608185425686358E-016 -0.16508433587669633        2.8546373548822959E-015   3.9527043658600821E-015   7.9965290946583616E-017  -9.0989788077896119E-017   9.9354368096009194E-017  -6.8712795448007581E-017  -1.7064318883672595E-016  -4.2583119017179028E-016  -4.6631556601219490E-015  -8.7563889838757193E-016 -0.17569158040250077        5.2550256240290591E-017  -1.1914509619872256E-016  0.66735921969793988       -1.5048870743965459E-015  -2.1214625011471042E-016  -3.8941928729047536E-017   8.5564603415120227E-017  -7.4254137855671072E-016  -5.9972732813949943E-017  -5.7314885018534145E-016   1.1680134550686212E-015   1.0954450736425731E-015   2.5894650213655274E-016  0.68290280528497882       -1.6606412625902266E-015
   8.0480526338398809E-016  -1.1229462587221912E-015  -1.8820488716231265E-002   5.1102239462523460E-016  -4.5016210354375342E-016  -5.9393585335909083E-016  -3.8928747088158724E-018  -1.1396747460900275E-015  -7.4474768953703592E-016   8.7049774320516479E-016  -1.3383136669067545E-015   2.7687608924421551E-015 -0.16508433587669338       -2.6998459034377145E-016   2.0373045394051558E-017  -2.2379577814632314E-016  -2.8892730471271898E-016  -9.2107115884344527E-017   3.4515901751759106E-016  -5.3799327831146886E-016   7.8208873862439923E-016   6.9420513956829043E-016   3.9980082989140053E-017 -0.17569158040250771        3.9610874620853818E-016  -1.6763004213559379E-015  0.66735921969794532       -6.3740955362432610E-016  -8.9974503387607633E-016  -3.0853334647685805E-016  -7.2254151499961186E-017  -4.7337886514673554E-016   5.8858588451565658E-016  -6.6167780731443441E-016  -2.5350321469708268E-016   4.7607458565997802E-016  -1.6606412625902266E-015  0.68290280528498615     
