   5.0723585576706999E-005  -2.3496141249801184E-016   2.1033108314010969E-018  -3.7348910579202552E-018  -2.0063446821879803E-016   2.0101725945390471E-018  -2.3897759216967991E-016   5.2152369814658787E-017   1.6951093360409790E-016   2.7560845742025294E-017   4.1833361790917043E-003  -1.1029486407414491E-015   4.1584892589424083E-019   3.2416383789326678E-017   2.6837262457742987E-016   7.2708475701423784E-018   1.0682436876582580E-015   1.9431072310775297E-017   7.5685638205139073E-017   1.2756513737583649E-017   7.7909582687145434E-003  -1.6595741666818506E-014   2.3574101447806300E-017   4.6814421701637835E-016   2.8426717831545299E-015   1.2501087945101133E-016   1.3961196358107452E-014  -1.7608253135548700E-016   1.5776719516907297E-016   5.7707870475548003E-017  -2.8219002182914956E-003  -1.7093639575593549E-003  -1.4256078881658186E-016   1.2013179913455661E-016   4.5200431015585615E-017
  -2.3496141249801184E-016   1.5871094100646444E-007   2.8448792898895357E-019   1.4251179119949528E-019  -7.9355470502507718E-008   3.0241647252918843E-020  -7.9355470503045835E-008   3.9809310447900922E-019  -2.6196747212151102E-017  -2.2151020113073478E-017  -1.8687415727058294E-014   3.7925908028143562E-005  -3.7757490764234330E-017  -1.3446311530248091E-017  -1.8962954014067949E-005   2.3774661797890542E-018  -1.8962954014077497E-005   4.6913139563011818E-018  -2.9901091163994141E-017  -8.0670982431042515E-018  -3.4901498398953734E-014   5.4735566990612278E-004  -5.4288213375177392E-016  -2.0540625443764318E-016  -2.7367783495299309E-004   2.7492601664012132E-017  -2.7367783495313116E-004   3.3172890189210410E-016  -1.2899544841124954E-015   8.4717220368041817E-017   7.8555903090398926E-015   9.2384270330482874E-015   2.6516141262671236E-016  -1.0301942959811624E-015   6.8477892377970370E-017
   2.1033108314010969E-018   2.8448792898895357E-019   1.5871094100117684E-007   1.6755850276848242E-019   1.6069946841291778E-019   1.5638534489344653E-020  -4.2753817357129911E-019  -3.5324555730117003E-018  -3.0697117113796220E-017  -3.4907506980996066E-018   1.5807707456793645E-016   1.0569000537661806E-016   3.7925908027517015E-005   7.5904892910841723E-017  -9.0447238966918466E-018  -3.6878382673811963E-017  -9.6646759289779869E-017   8.6770059330584229E-019   5.7547727865114303E-018   4.6324584398985150E-018   2.9773210237715274E-016   1.5242597900567703E-015   5.4735566989700833E-004   1.1034327634967965E-015  -1.2843204560680958E-016  -5.3095810974127078E-016  -1.3957149972509194E-015   1.6165726726424956E-016   1.3860148551608203E-015   4.2313031884874712E-016   1.4698606001099257E-016  -1.4961421023483661E-016   1.2932114192334210E-016   1.1089868083660264E-015   3.3834381674538251E-016
  -3.7348910579202552E-018   1.4251179119949528E-019   1.6755850276848242E-019   1.5871094099987935E-007   5.6253853794927173E-019  -6.5467403289422368E-019  -9.8983356218123010E-019   6.4154874980386971E-018  -9.9133082326602245E-018   1.1077370138107765E-017  -3.0774061660935867E-016   4.8931505046853889E-017  -3.6885412054657297E-017   3.7925908027361764E-005   9.7896853568086947E-017  -4.5628973759187266E-017  -1.4700753671483500E-016   4.6574401830770463E-019  -1.1615708774110565E-018  -5.5958435080775007E-018  -5.7600795917009657E-016   6.9599201071593321E-016  -5.2460263624956455E-016   5.4735566989477053E-004   1.4179819466064847E-015  -6.6149517118835366E-016  -2.1140982962169805E-015  -1.4178734380723821E-016   1.6959818520390340E-016  -7.1126129189957174E-016   1.3976768153341844E-017   1.9073079464524893E-016  -1.1355428805764477E-016   1.3591623553800196E-016  -5.6893165433999189E-016
  -2.0063446821879803E-016  -7.9355470502507718E-008   1.6069946841291778E-019   5.6253853794927173E-019   1.5871094100511594E-007  -1.5412695190888301E-018  -7.9355470501461844E-008   2.6012475203519332E-017  -6.9941702881984555E-017   7.1307501416992067E-018  -1.6291052838133879E-014  -1.8962954013901419E-005   4.7500218535584450E-017   3.6161801279036905E-017   3.7925908027986068E-005  -1.5599872377621215E-016  -1.8962954014079814E-005   9.0339864768806511E-018  -1.6105517314777661E-017   1.6477032001193195E-018  -3.0394614301579996E-014  -2.7367783495063072E-004   6.8228778028988744E-016   5.2140439038760469E-016   5.4735566990379934E-004  -2.2519217869528348E-015  -2.7367783495316233E-004  -1.6197801264683865E-016   1.0374961722866043E-015  -8.0608817081434738E-017   5.2952233909472605E-015   8.5603706867055131E-015  -1.3037709304470749E-016   8.3178374100379582E-016  -6.4684947498341969E-017
   2.0101725945390471E-018   3.0241647252918843E-020   1.5638534489344653E-020  -6.5467403289422368E-019  -1.5412695190888301E-018   1.5871094099949792E-007   1.3989327528232734E-018   6.2322642946853939E-018  -1.0968662127044620E-017  -1.2725370739604889E-018   1.8919517183203169E-016   5.3525092441696388E-018   4.0871671527166729E-017  -1.1071902620350014E-016  -2.1207132922491652E-016   3.7925908027315400E-005   2.0658043276767418E-016  -5.7577514783282692E-018   6.6028956128250379E-019   6.7966342581397884E-018   3.4596537328671439E-016   7.6275452557873224E-017   5.8474153213581155E-016  -1.5958303352433869E-015  -3.0630082408037159E-015   5.4735566989411264E-004   2.9866867225575382E-015  -6.2322477510184739E-016   4.1661039094941965E-016   4.6019402491917642E-016  -5.7652875505201754E-016   7.3324596469605502E-017  -4.9842762563634483E-016   3.3344504980813491E-016   3.6786429703076521E-016
  -2.3897759216967991E-016  -7.9355470503045835E-008  -4.2753817357129911E-019  -9.8983356218123010E-019  -7.9355470501461844E-008   1.3989327528232734E-018   1.5871094100245041E-007   1.5060789650467471E-017  -5.4468878705359963E-017  -1.2634831788697893E-017  -1.9882754210565860E-014  -1.8962954014024472E-005  -5.5252323884294909E-018  -9.0767903156976207E-017  -1.8962954013644175E-005   1.2683476656482232E-016   3.7925908027665699E-005   6.3628249644941779E-018  -2.2181208530889630E-017  -6.5805371880967987E-018  -3.7056709796463260E-014  -2.7367783495235059E-004  -7.8537744797499888E-017  -1.2981466555162720E-015  -2.7367783494685265E-004   1.8378402098387267E-015   5.4735566989919842E-004  -3.7985174417466967E-017   1.1292608188938856E-016  -6.3813759859520904E-017   1.0641301678147543E-014   9.0504212691392137E-015  -3.0900453909491940E-017   9.2125272041558889E-017  -5.0555356694611023E-017
   5.2152369814658787E-017   3.9809310447900922E-019  -3.5324555730117003E-018   6.4154874980386971E-018   2.6012475203519332E-017   6.2322642946853939E-018   1.5060789650467471E-017  0.19968502875953822        5.6799316041124922E-017  -1.2565664366139891E-016  -3.6726715332810759E-016   1.8756374264268211E-016  -6.0222451718261508E-017   7.4982413507513042E-017   1.9054439687811985E-016  -8.1205659289910773E-017   8.4489790518501775E-017   8.7319365574278010E-002  -4.3327834205626511E-017  -7.7244233980186605E-017  -2.0114195363219654E-016   6.1681680090676664E-016  -9.1187844403899330E-016   1.1350743227204120E-015   7.0542391429570007E-016  -1.1855895418429616E-015  -8.9208727204240542E-016  -3.4755544067038291E-002  -3.8213658701899838E-017   4.8682717702862502E-016  -8.2372750000857534E-017   1.2262476504529231E-016  -3.4748339820720203E-002  -2.5964418569542078E-017   3.9550310221053982E-016
   1.6951093360409790E-016  -2.6196747212151102E-017  -3.0697117113796220E-017  -9.9133082326602245E-018  -6.9941702881984555E-017  -1.0968662127044620E-017  -5.4468878705359963E-017   5.6799316041124922E-017  0.19968502875954192       -3.2314259328984367E-016  -2.8929855449370724E-017   1.5501782739351245E-016  -3.4196020797961557E-017  -9.4635928293823803E-017   2.0336766296263147E-018   1.2338342482737950E-016  -1.6414337488929804E-016  -1.7992233133405617E-017   8.7319365574277510E-002  -2.1425991939623988E-016   7.4893518302290994E-017   2.4600730220542549E-015  -6.0913779932796464E-016  -1.3545644095789438E-015  -2.0267946235727187E-017   1.7780039100308904E-015  -2.4283883599150510E-015  -1.1241030491298191E-017  -3.4755544067042468E-002  -3.0638133731928229E-016   9.0492979216669042E-016  -3.2714856638389377E-016  -4.0127910149339517E-018  -3.4748339820723610E-002  -2.2949518613842308E-016
   2.7560845742025294E-017  -2.2151020113073478E-017  -3.4907506980996066E-018   1.1077370138107765E-017   7.1307501416992067E-018  -1.2725370739604889E-018  -1.2634831788697893E-017  -1.2565664366139891E-016  -3.2314259328984367E-016  0.19968502875953634       -6.8857905227749836E-018  -1.2926261353746332E-016  -4.1307956190667433E-017   1.6268740045113379E-016   1.2062032190931054E-016  -2.8255769605631436E-016  -3.1054029901776037E-018  -5.9357472320242664E-017  -2.2259702212534752E-016   8.7319365574277510E-002  -1.0789842092483448E-017  -1.8651754482178470E-015  -6.3874424289229158E-016   2.4268874143690694E-015   1.8591209265597093E-015  -4.1133073563014196E-015   2.3618536978696347E-018   2.8324005309321596E-017   1.3324011739999045E-015  -3.4755544067034856E-002   1.1109625779838376E-016  -3.4705779270029530E-017   3.0037455905757377E-017   1.0793104425127294E-015  -3.4748339820717407E-002
   4.1833361790917043E-003  -1.8687415727058294E-014   1.5807707456793645E-016  -3.0774061660935867E-016  -1.6291052838133879E-014   1.8919517183203169E-016  -1.9882754210565860E-014  -3.6726715332810759E-016  -2.8929855449370724E-017  -6.8857905227749836E-018  0.35981234248622096        7.7678785851150717E-015  -8.6847598516404170E-017  -1.3634106690903930E-018   4.2016882072084644E-015  -7.0912792285265386E-017   8.3614665977556603E-015  -2.1928528395697841E-016  -4.1352369925026870E-017  -9.9624023568554400E-018  0.66665282622948685        5.2711013494815758E-014   7.3537787344074640E-017   5.3207122864600256E-016  -2.8969173179553122E-014   4.7995704713835811E-016  -5.5620500827608598E-015   2.0298736098450413E-016  -1.5741746340579293E-017  -1.9456740115744548E-017 -0.49571420522420845       -6.2168675569342212E-002   1.7675257422729207E-016  -1.0247636123949383E-017  -1.4478413634324132E-017
  -1.1029486407414491E-015   3.7925908028143562E-005   1.0569000537661806E-016   4.8931505046853889E-017  -1.8962954013901419E-005   5.3525092441696388E-018  -1.8962954014024472E-005   1.8756374264268211E-016   1.5501782739351245E-016  -1.2926261353746332E-016   7.7678785851150717E-015   9.0628566035697421E-003  -1.1788779566759933E-017   3.4177991841692298E-016  -4.5314283017846178E-003   1.2028548124346683E-016  -4.5314283017855754E-003   3.0620746319141803E-017   2.9754726075238296E-017   4.0149384845975632E-017   6.4161131529434162E-015  0.13079728885670827        3.1803651949675661E-016   2.2214125138431298E-015  -6.5398644428347377E-002   1.0637336213150958E-016  -6.5398644428361269E-002  -1.2088474106236697E-015   1.5570747853216561E-015  -1.3074456297073541E-015  -6.9766215132010870E-015  -3.6087986458517802E-016  -9.7315384086691252E-016   1.2517086922927225E-015  -1.0444094803269075E-015
   4.1584892589424083E-019  -3.7757490764234330E-017   3.7925908027517015E-005  -3.6885412054657297E-017   4.7500218535584450E-017   4.0871671527166729E-017  -5.5252323884294909E-018  -6.0222451718261508E-017  -3.4196020797961557E-017  -4.1307956190667433E-017  -8.6847598516404170E-017  -1.1788779566759933E-017   9.0628566035722384E-003  -2.4389921963449473E-016   1.3000883714277862E-017   6.1238999778828256E-017  -1.5647874909363055E-018   1.1053636809807025E-017  -8.6273779279128149E-017   2.8921207552534440E-017  -1.9544504998150422E-016  -4.2901710558662122E-016  0.13079728885672712       -1.6189662593391399E-015   6.9029733541965219E-016   1.1895510482673108E-015  -2.3433420595674509E-016   1.3604595043964379E-016  -1.2258170563122328E-015  -4.0240301302001675E-016  -1.3481777510920704E-016   1.1003862164460984E-016   1.0435259757897005E-016  -9.8647863734840466E-016  -3.2468718792985289E-016
   3.2416383789326678E-017  -1.3446311530248091E-017   7.5904892910841723E-017   3.7925908027361764E-005   3.6161801279036905E-017  -1.1071902620350014E-016  -9.0767903156976207E-017   7.4982413507513042E-017  -9.4635928293823803E-017   1.6268740045113379E-016  -1.3634106690903930E-018   3.4177991841692298E-016  -2.4389921963449473E-016   9.0628566035721309E-003  -8.7642604931521208E-017   2.2537852660542430E-017  -2.9695394223149103E-016  -4.5510227300924419E-017   1.4602460089598261E-016  -2.7529553276720201E-017  -4.9959450719711580E-017   2.4954705533228508E-015  -1.6713154365782974E-015  0.13079728885672623       -4.3447496238225656E-017  -3.8373811235819372E-016  -2.4817303024898475E-015   5.8177370271547914E-016  -4.9034464875620759E-016   9.5476372415401282E-016   6.3842121817289530E-016  -2.0191622781052260E-016   4.6508417158945729E-016  -3.8926116615139103E-016   7.6250275337190169E-016
   2.6837262457742987E-016  -1.8962954014067949E-005  -9.0447238966918466E-018   9.7896853568086947E-017   3.7925908027986068E-005  -2.1207132922491652E-016  -1.8962954013644175E-005   1.9054439687811985E-016   2.0336766296263147E-018   1.2062032190931054E-016   4.2016882072084644E-015  -4.5314283017846178E-003   1.3000883714277862E-017  -8.7642604931521208E-017   9.0628566035714769E-003   5.6162890144608651E-017  -4.5314283017857037E-003   6.7688786483194253E-017  -1.6524584651556359E-018  -1.4676598194545039E-017   1.3261351906168221E-014  -6.5398644428357175E-002  -5.8818793714462129E-016  -1.3822779370637398E-015  0.13079728885672126        6.8836758260757077E-016  -6.5398644428362573E-002   1.0317939417354007E-015  -1.3530620654008210E-015   1.2181481965376246E-015  -1.1489064591436978E-014  -2.7454317462421150E-016   8.2096809344838421E-016  -1.0832846205576810E-015   9.6970444933831545E-016
   7.2708475701423784E-018   2.3774661797890542E-018  -3.6878382673811963E-017  -4.5628973759187266E-017  -1.5599872377621215E-016   3.7925908027315400E-005   1.2683476656482232E-016  -8.1205659289910773E-017   1.2338342482737950E-016  -2.8255769605631436E-016  -7.0912792285265386E-017   1.2028548124346683E-016   6.1238999778828256E-017   2.2537852660542430E-017   5.6162890144608651E-017   9.0628566035717562E-003  -2.0951767584941276E-016   3.0352760326701208E-017  -3.6708203384049244E-017   7.8391575325068209E-017  -1.9631893666385686E-016   1.5034254596194942E-015  -3.4160669356176482E-016   8.2537939699069141E-016   2.5026266052985860E-016  0.13079728885672348       -1.7646974308812964E-015   2.6904268119198351E-016  -1.5486853588381748E-016  -6.8966268767668478E-016  -1.2691533275518068E-016   1.0455697107989100E-016   2.1345523950305758E-016  -1.2006941698623743E-016  -5.5307451830574204E-016
   1.0682436876582580E-015  -1.8962954014077497E-005  -9.6646759289779869E-017  -1.4700753671483500E-016  -1.8962954014079814E-005   2.0658043276767418E-016   3.7925908027665699E-005   8.4489790518501775E-017  -1.6414337488929804E-016  -3.1054029901776037E-018   8.3614665977556603E-015  -4.5314283017855754E-003  -1.5647874909363055E-018  -2.9695394223149103E-016  -4.5314283017857037E-003  -2.0951767584941276E-016   9.0628566035705748E-003   1.0453442533571479E-016  -3.3431487633561188E-017  -3.0908711638476750E-017   1.7939287611490213E-014  -6.5398644428357605E-002   2.6505736150307910E-016  -1.4570729580095443E-015  -6.5398644428357203E-002  -1.2720058940342561E-015  0.13079728885671368        1.3614107425419557E-016  -3.6131129065178712E-016   7.0079504279452132E-017  -1.3365080771981003E-014  -1.5959563271920649E-015   1.0334465035449673E-016  -2.9391756772634411E-016   5.9752449501510745E-017
   1.9431072310775297E-017   4.6913139563011818E-018   8.6770059330584229E-019   4.6574401830770463E-019   9.0339864768806511E-018  -5.7577514783282692E-018   6.3628249644941779E-018   8.7319365574278010E-002  -1.7992233133405617E-017  -5.9357472320242664E-017  -2.1928528395697841E-016   3.0620746319141803E-017   1.1053636809807025E-017  -4.5510227300924419E-017   6.7688786483194253E-017   3.0352760326701208E-017   1.0453442533571479E-016   3.8334705842283850E-002  -1.9566002547789245E-017  -3.4563013976588907E-017  -2.0644209003765768E-016  -2.1884325101845325E-016   1.1224503819846919E-016  -7.6027655942935294E-016  -1.3595988339546320E-016   3.7716285046356556E-016   5.4337266483421132E-016  -4.4386997875575599E-003  -3.9945932620354690E-017  -1.5263526650914810E-016  -4.0465543517549107E-016   2.1564525690131998E-016  -6.5941302728060990E-003  -2.3666329951041541E-017  -1.1846511038396195E-016
   7.5685638205139073E-017  -2.9901091163994141E-017   5.7547727865114303E-018  -1.1615708774110565E-018  -1.6105517314777661E-017   6.6028956128250379E-019  -2.2181208530889630E-017  -4.3327834205626511E-017   8.7319365574277510E-002  -2.2259702212534752E-016  -4.1352369925026870E-017   2.9754726075238296E-017  -8.6273779279128149E-017   1.4602460089598261E-016  -1.6524584651556359E-018  -3.6708203384049244E-017  -3.3431487633561188E-017  -1.9566002547789245E-017   3.8334705842282733E-002  -9.4717930696941173E-017  -3.3879822082618147E-017   1.8994155626915456E-016  -1.0394707414670959E-015   2.2086415744414463E-015   2.4013533511774458E-016  -5.0927633989265864E-016  -4.2634188060538773E-016   1.3261466165429345E-015  -4.4386997875579919E-003   3.4963594474424159E-015  -6.0508419136355307E-016   2.1044961912361645E-016   1.0620289851552754E-015  -6.5941302728063974E-003   2.8011073222117178E-015
   1.2756513737583649E-017  -8.0670982431042515E-018   4.6324584398985150E-018  -5.5958435080775007E-018   1.6477032001193195E-018   6.7966342581397884E-018  -6.5805371880967987E-018  -7.7244233980186605E-017  -2.1425991939623988E-016   8.7319365574277510E-002  -9.9624023568554400E-018   4.0149384845975632E-017   2.8921207552534440E-017  -2.7529553276720201E-017  -1.4676598194545039E-017   7.8391575325068209E-017  -3.0908711638476750E-017  -3.4563013976588907E-017  -9.4717930696941173E-017   3.8334705842283642E-002  -1.8891601312810503E-017   8.5992470139934293E-016   4.9442414134464733E-016  -5.7458669325899516E-016  -4.2671822566941552E-016   1.2723370192342431E-015  -4.3450968981764429E-016   4.5494654875404524E-016  -5.9449233278495519E-016  -4.4386997875611248E-003  -7.7681224688217679E-017   3.1389750080818293E-017   3.6547089393858744E-016  -4.5417087833259790E-016  -6.5941302728089041E-003
   7.7909582687145434E-003  -3.4901498398953734E-014   2.9773210237715274E-016  -5.7600795917009657E-016  -3.0394614301579996E-014   3.4596537328671439E-016  -3.7056709796463260E-014  -2.0114195363219654E-016   7.4893518302290994E-017  -1.0789842092483448E-017  0.66665282622948685        6.4161131529434162E-015  -1.9544504998150422E-016  -4.9959450719711580E-017   1.3261351906168221E-014  -1.9631893666385686E-016   1.7939287611490213E-014  -2.0644209003765768E-016  -3.3879822082618147E-017  -1.8891601312810503E-017   1.2359335550361417       -1.7203069250261106E-014  -3.2088963487910863E-016   1.8359639851692643E-016   2.5582678878647438E-014   2.1191248236732337E-018   2.5241164122342116E-014   3.9897982802626141E-017   5.8056588065602356E-018   3.6421237084309064E-018 -0.86182664891432836      -0.13417571944912804        4.1927493765958070E-017   2.8290215261508427E-018   5.2533554647336969E-018
  -1.6595741666818506E-014   5.4735566990612278E-004   1.5242597900567703E-015   6.9599201071593321E-016  -2.7367783495063072E-004   7.6275452557873224E-017  -2.7367783495235059E-004   6.1681680090676664E-016   2.4600730220542549E-015  -1.8651754482178470E-015   5.2711013494815758E-014  0.13079728885670827       -4.2901710558662122E-016   2.4954705533228508E-015  -6.5398644428357175E-002   1.5034254596194942E-015  -6.5398644428357605E-002  -2.1884325101845325E-016   1.8994155626915456E-016   8.5992470139934293E-016  -1.7203069250261106E-014   1.8876973917392217        8.5377363544855055E-016  -3.1140810551966509E-015 -0.94384869586960984       -1.8212089280232614E-015 -0.94384869586961706        9.3500422092304322E-016  -1.5397642858926135E-015   1.0759836874759712E-015  -7.4296059189903910E-016  -1.0210712789185468E-015   7.2177510116042826E-016  -1.1373290064144212E-015   8.7067752778628396E-016
   2.3574101447806300E-017  -5.4288213375177392E-016   5.4735566989700833E-004  -5.2460263624956455E-016   6.8228778028988744E-016   5.8474153213581155E-016  -7.8537744797499888E-017  -9.1187844403899330E-016  -6.0913779932796464E-016  -6.3874424289229158E-016   7.3537787344074640E-017   3.1803651949675661E-016  0.13079728885672712       -1.6713154365782974E-015  -5.8818793714462129E-016  -3.4160669356176482E-016   2.6505736150307910E-016   1.1224503819846919E-016  -1.0394707414670959E-015   4.9442414134464733E-016  -3.2088963487910863E-016   8.5377363544855055E-016   1.8876973917392452        3.3155105722514067E-015  -1.2341574973356162E-015  -5.1770653736182837E-016   7.6932953280498024E-016  -6.3870893570507029E-017   5.5892579140812033E-016   1.0053059076485073E-015  -7.4978713375364782E-016   3.4457376693965199E-016  -1.1305978095025267E-016   3.5573829508706441E-016   7.6158448283563243E-016
   4.6814421701637835E-016  -2.0540625443764318E-016   1.1034327634967965E-015   5.4735566989477053E-004   5.2140439038760469E-016  -1.5958303352433869E-015  -1.2981466555162720E-015   1.1350743227204120E-015  -1.3545644095789438E-015   2.4268874143690694E-015   5.3207122864600256E-016   2.2214125138431298E-015  -1.6189662593391399E-015  0.13079728885672623       -1.3822779370637398E-015   8.2537939699069141E-016  -1.4570729580095443E-015  -7.6027655942935294E-016   2.2086415744414463E-015  -5.7458669325899516E-016   1.8359639851692643E-016  -3.1140810551966509E-015   3.3155105722514067E-015   1.8876973917392421       -2.3212734631596764E-015   1.6794562702343585E-015   5.0066304861694569E-015  -6.2085943017122068E-016  -2.2927537541985608E-016  -1.3042686413220260E-015  -1.6310933429538552E-016  -1.1939207037542425E-016  -4.9774843861149647E-016  -1.4457088853557243E-016  -1.0556541417279361E-015
   2.8426717831545299E-015  -2.7367783495299309E-004  -1.2843204560680958E-016   1.4179819466064847E-015   5.4735566990379934E-004  -3.0630082408037159E-015  -2.7367783494685265E-004   7.0542391429570007E-016  -2.0267946235727187E-017   1.8591209265597093E-015  -2.8969173179553122E-014  -6.5398644428347377E-002   6.9029733541965219E-016  -4.3447496238225656E-017  0.13079728885672126        2.5026266052985860E-016  -6.5398644428357203E-002  -1.3595988339546320E-016   2.4013533511774458E-016  -4.2671822566941552E-016   2.5582678878647438E-014 -0.94384869586960984       -1.2341574973356162E-015  -2.3212734631596764E-015   1.8876973917392350        1.8484427313433789E-015 -0.94384869586960340       -3.2173923891735045E-016   8.0809755634855703E-016  -1.4117971025881754E-015  -2.6444207144196559E-014   6.1828503631418687E-015  -2.4106569929894333E-016   6.2349179016366702E-016  -1.1912127976746765E-015
   1.2501087945101133E-016   2.7492601664012132E-017  -5.3095810974127078E-016  -6.6149517118835366E-016  -2.2519217869528348E-015   5.4735566989411264E-004   1.8378402098387267E-015  -1.1855895418429616E-015   1.7780039100308904E-015  -4.1133073563014196E-015   4.7995704713835811E-016   1.0637336213150958E-016   1.1895510482673108E-015  -3.8373811235819372E-016   6.8836758260757077E-016  0.13079728885672348       -1.2720058940342561E-015   3.7716285046356556E-016  -5.0927633989265864E-016   1.2723370192342431E-015   2.1191248236732337E-018  -1.8212089280232614E-015  -5.1770653736182837E-016   1.6794562702343585E-015   1.8484427313433789E-015   1.8876973917392408       -1.8610330290713762E-016  -2.4174607277835195E-017  -6.9177480479172615E-016   1.1837975726873681E-015  -2.4098123370514690E-016   2.1044958923251468E-017  -4.2104904242935157E-017  -4.9907788896432365E-016   9.2193250534045986E-016
   1.3961196358107452E-014  -2.7367783495313116E-004  -1.3957149972509194E-015  -2.1140982962169805E-015  -2.7367783495316233E-004   2.9866867225575382E-015   5.4735566989919842E-004  -8.9208727204240542E-016  -2.4283883599150510E-015   2.3618536978696347E-018  -5.5620500827608598E-015  -6.5398644428361269E-002  -2.3433420595674509E-016  -2.4817303024898475E-015  -6.5398644428362573E-002  -1.7646974308812964E-015  0.13079728885671368        5.4337266483421132E-016  -4.2634188060538773E-016  -4.3450968981764429E-016   2.5241164122342116E-014 -0.94384869586961706        7.6932953280498024E-016   5.0066304861694569E-015 -0.94384869586960340       -1.8610330290713762E-016   1.8876973917392039       -6.5471531023440289E-016   6.4021480075722554E-016   3.5862294312683229E-016  -2.4269432541943665E-015  -6.7708852086506597E-015  -5.2884875945153463E-016   4.4033439026577148E-016   3.3889749509338605E-016
  -1.7608253135548700E-016   3.3172890189210410E-016   1.6165726726424956E-016  -1.4178734380723821E-016  -1.6197801264683865E-016  -6.2322477510184739E-016  -3.7985174417466967E-017  -3.4755544067038291E-002  -1.1241030491298191E-017   2.8324005309321596E-017   2.0298736098450413E-016  -1.2088474106236697E-015   1.3604595043964379E-016   5.8177370271547914E-016   1.0317939417354007E-015   2.6904268119198351E-016   1.3614107425419557E-016  -4.4386997875575599E-003   1.3261466165429345E-015   4.5494654875404524E-016   3.9897982802626141E-017   9.3500422092304322E-016  -6.3870893570507029E-017  -6.2085943017122068E-016  -3.2173923891735045E-016  -2.4174607277835195E-017  -6.5471531023440289E-016  0.77161560550781128        2.5156878533435179E-018  -7.2176266829297603E-016   1.7016638483981698E-016  -8.1615437372412550E-017  0.61802423327107980        3.4051486809275250E-016  -5.3415852888242387E-016
   1.5776719516907297E-016  -1.2899544841124954E-015   1.3860148551608203E-015   1.6959818520390340E-016   1.0374961722866043E-015   4.1661039094941965E-016   1.1292608188938856E-016  -3.8213658701899838E-017  -3.4755544067042468E-002   1.3324011739999045E-015  -1.5741746340579293E-017   1.5570747853216561E-015  -1.2258170563122328E-015  -4.9034464875620759E-016  -1.3530620654008210E-015  -1.5486853588381748E-016  -3.6131129065178712E-016  -3.9945932620354690E-017  -4.4386997875579919E-003  -5.9449233278495519E-016   5.8056588065602356E-018  -1.5397642858926135E-015   5.5892579140812033E-016  -2.2927537541985608E-016   8.0809755634855703E-016  -6.9177480479172615E-016   6.4021480075722554E-016   2.5156878533435179E-018  0.77161560550781283       -2.3144199784112896E-015   1.5132759927812652E-016  -6.0319798700823359E-017  -1.8388224134727967E-016  0.61802423327108169       -2.1378250438535547E-015
   5.7707870475548003E-017   8.4717220368041817E-017   4.2313031884874712E-016  -7.1126129189957174E-016  -8.0608817081434738E-017   4.6019402491917642E-016  -6.3813759859520904E-017   4.8682717702862502E-016  -3.0638133731928229E-016  -3.4755544067034856E-002  -1.9456740115744548E-017  -1.3074456297073541E-015  -4.0240301302001675E-016   9.5476372415401282E-016   1.2181481965376246E-015  -6.8966268767668478E-016   7.0079504279452132E-017  -1.5263526650914810E-016   3.4963594474424159E-015  -4.4386997875611248E-003   3.6421237084309064E-018   1.0759836874759712E-015   1.0053059076485073E-015  -1.3042686413220260E-015  -1.4117971025881754E-015   1.1837975726873681E-015   3.5862294312683229E-016  -7.2176266829297603E-016  -2.3144199784112896E-015  0.77161560550780450        2.0017668843289853E-017  -7.9041099283851709E-018  -7.5202599082807049E-016  -9.6546311752919115E-016  0.61802423327107692     
  -2.8219002182914956E-003   7.8555903090398926E-015   1.4698606001099257E-016   1.3976768153341844E-017   5.2952233909472605E-015  -5.7652875505201754E-016   1.0641301678147543E-014  -8.2372750000857534E-017   9.0492979216669042E-016   1.1109625779838376E-016 -0.49571420522420845       -6.9766215132010870E-015  -1.3481777510920704E-016   6.3842121817289530E-016  -1.1489064591436978E-014  -1.2691533275518068E-016  -1.3365080771981003E-014  -4.0465543517549107E-016  -6.0508419136355307E-016  -7.7681224688217679E-017 -0.86182664891432836       -7.4296059189903910E-016  -7.4978713375364782E-016  -1.6310933429538552E-016  -2.6444207144196559E-014  -2.4098123370514690E-016  -2.4269432541943665E-015   1.7016638483981698E-016   1.5132759927812652E-016   2.0017668843289853E-017   4.8302098751150968       -1.3053248760690683        1.2991615338360160E-016  -3.3841921690535876E-017   4.1672911324871208E-017
  -1.7093639575593549E-003   9.2384270330482874E-015  -1.4961421023483661E-016   1.9073079464524893E-016   8.5603706867055131E-015   7.3324596469605502E-017   9.0504212691392137E-015   1.2262476504529231E-016  -3.2714856638389377E-016  -3.4705779270029530E-017  -6.2168675569342212E-002  -3.6087986458517802E-016   1.1003862164460984E-016  -2.0191622781052260E-016  -2.7454317462421150E-016   1.0455697107989100E-016  -1.5959563271920649E-015   2.1564525690131998E-016   2.1044961912361645E-016   3.1389750080818293E-017 -0.13417571944912804       -1.0210712789185468E-015   3.4457376693965199E-016  -1.1939207037542425E-016   6.1828503631418687E-015   2.1044958923251468E-017  -6.7708852086506597E-015  -8.1615437372412550E-017  -6.0319798700823359E-017  -7.9041099283851709E-018  -1.3053248760690683       0.47726867906995651       -6.7570878854473776E-017   3.6865311997208741E-018  -1.5547425414434593E-017
  -1.4256078881658186E-016   2.6516141262671236E-016   1.2932114192334210E-016  -1.1355428805764477E-016  -1.3037709304470749E-016  -4.9842762563634483E-016  -3.0900453909491940E-017  -3.4748339820720203E-002  -4.0127910149339517E-018   3.0037455905757377E-017   1.7675257422729207E-016  -9.7315384086691252E-016   1.0435259757897005E-016   4.6508417158945729E-016   8.2096809344838421E-016   2.1345523950305758E-016   1.0334465035449673E-016  -6.5941302728060990E-003   1.0620289851552754E-015   3.6547089393858744E-016   4.1927493765958070E-017   7.2177510116042826E-016  -1.1305978095025267E-016  -4.9774843861149647E-016  -2.4106569929894333E-016  -4.2104904242935157E-017  -5.2884875945153463E-016  0.61802423327107980       -1.8388224134727967E-016  -7.5202599082807049E-016   1.2991615338360160E-016  -6.7570878854473776E-017  0.49524655205851581        1.2319190716003266E-016  -5.6728383457413257E-016
   1.2013179913455661E-016  -1.0301942959811624E-015   1.1089868083660264E-015   1.3591623553800196E-016   8.3178374100379582E-016   3.3344504980813491E-016   9.2125272041558889E-017  -2.5964418569542078E-017  -3.4748339820723610E-002   1.0793104425127294E-015  -1.0247636123949383E-017   1.2517086922927225E-015  -9.8647863734840466E-016  -3.8926116615139103E-016  -1.0832846205576810E-015  -1.2006941698623743E-016  -2.9391756772634411E-016  -2.3666329951041541E-017  -6.5941302728063974E-003  -4.5417087833259790E-016   2.8290215261508427E-018  -1.1373290064144212E-015   3.5573829508706441E-016  -1.4457088853557243E-016   6.2349179016366702E-016  -4.9907788896432365E-016   4.4033439026577148E-016   3.4051486809275250E-016  0.61802423327108169       -9.6546311752919115E-016  -3.3841921690535876E-017   3.6865311997208741E-018   1.2319190716003266E-016  0.49524655205851775       -1.0024050478021077E-015
   4.5200431015585615E-017   6.8477892377970370E-017   3.3834381674538251E-016  -5.6893165433999189E-016  -6.4684947498341969E-017   3.6786429703076521E-016  -5.0555356694611023E-017   3.9550310221053982E-016  -2.2949518613842308E-016  -3.4748339820717407E-002  -1.4478413634324132E-017  -1.0444094803269075E-015  -3.2468718792985289E-016   7.6250275337190169E-016   9.6970444933831545E-016  -5.5307451830574204E-016   5.9752449501510745E-017  -1.1846511038396195E-016   2.8011073222117178E-015  -6.5941302728089041E-003   5.2533554647336969E-018   8.7067752778628396E-016   7.6158448283563243E-016  -1.0556541417279361E-015  -1.1912127976746765E-015   9.2193250534045986E-016   3.3889749509338605E-016  -5.3415852888242387E-016  -2.1378250438535547E-015  0.61802423327107692        4.1672911324871208E-017  -1.5547425414434593E-017  -5.6728383457413257E-016  -1.0024050478021077E-015  0.49524655205851537     
