   3.0704237591632244E-005  -5.5762050402845699E-012   4.0395157060224642E-012  -1.7470154618397606E-010   7.4329151348156392E-012  -3.4773347389625926E-012   1.5910397624180069E-011   1.4542218011706811E-011   2.7275713443401510E-012  -2.1975138276049292E-011   1.9471834475850061E-003   3.6080063158864953E-010  -1.3209265584181357E-009  -2.2639477876271841E-010  -2.2588322009734264E-012   2.7958749434181886E-011   5.1166036455640687E-011   3.1921643542561745E-011   3.6695949881680739E-012  -2.9662810839574516E-011   4.5861481808598895E-003   9.5712464768845446E-010  -3.2569101210988497E-009  -3.2825465642575470E-010   1.1796091960185980E-011  -6.0078153291901822E-012   2.0334831012782971E-012  -9.7202650038864266E-012  -2.9520264849492495E-012  -6.1053529269688689E-012   4.4906679710345970E-012   6.7446056092153851E-012  -1.7045281539482764E-014  -6.5427959200542290E-012   2.8999463373149963E-003   6.0369871916212682E-010  -2.0495057417457853E-009   2.7098705347154996E-015   2.7455148016637328E-011   4.0682207243948568E-011   1.4953042329058505E-011   1.2888971413799390E-012  -1.4955769786571918E-011  -3.9598249013974175E-003  -7.9166652689486373E-010   2.7265733065941977E-009   1.1672847457887475E-010  -5.3217989892295386E-012   8.6590165272055664E-011  -5.8026694864929074E-011  -6.9068571973598078E-012  -5.8701784236001257E-011   2.6057105255946348E-010   4.0289030443689782E-012  -2.0752156342418560E-012   4.5374327659782458E-014  -3.3259109082010980E-012  -1.5746107016954314E-012  -2.0793545965947933E-012   1.3316246602594771E-012   2.7799978910479136E-012   2.8865396205488974E-013  -2.1058997820893381E-012   2.8956365364607514E-010  -2.8217823527228102E-010  -5.3829764848115818E-004  -1.0644547155127928E-010   3.6782310111603729E-010   1.1209489660288181E-010
  -5.5762050402845699E-012   3.0704200807181263E-005   1.4118084063283302E-011  -2.6450154192553781E-010  -1.1621487222209987E-011   2.3872507834309162E-011   2.7732827492885516E-012   2.5291200573892179E-011   1.7162030845245858E-012  -1.3669631196213300E-011  -7.4902204448537897E-010   1.9471822103642124E-003   8.7058992058378235E-010  -3.3833844488708312E-010  -3.8880811397544594E-011   2.1303947677957156E-011   3.5762447341604356E-012   8.2011629188422231E-011   2.2892032088818171E-011  -4.3130751621191312E-011  -1.7696276975318890E-009   4.5861454778759235E-003   2.0446432981344131E-009  -4.9902523455781742E-010  -2.9586378263911388E-012  -5.6467576455803977E-012  -3.1103188036484604E-012   4.9218323240114081E-012   8.3688238948507091E-012  -9.5242768974899149E-013   4.3839020075942441E-012   5.4694939187781851E-012  -2.3517125864368022E-013  -1.7584249134455156E-012  -1.1146103105777146E-009   2.8999446322011345E-003   1.2914166977584070E-009  -2.7352826857867098E-011   1.2984940250509838E-011   1.9458894818680322E-012   5.7837534071752220E-011   2.8025698219974548E-011  -3.0484698824903739E-011   1.5013254501852223E-009  -3.9598225596289543E-003  -1.7437774459924968E-009  -4.3338363072466134E-013   9.8224961074268423E-011  -1.3452414609958073E-012   1.1826967820262759E-011   8.4675673719810852E-011  -1.1393603608043347E-011   4.1520183112483003E-010  -1.1520780341928137E-012  -2.4022880956299281E-012  -1.1275625422001270E-012   1.9641238868792035E-012   3.1129178762686265E-012  -4.1845101632922078E-013   1.9781567811728530E-012   1.8462184011524549E-012  -2.5171023694478958E-013  -5.3565426435084609E-013   4.7713030603054876E-010  -4.7149694101821828E-010   2.0321106729429901E-010  -5.3829732996417141E-004  -2.3624768950035575E-010   1.8769428016176203E-010
   4.0395157060224642E-012   1.4118084063283302E-011   3.0704211455094573E-005  -4.2819346724721230E-010   5.8908308683552296E-013   2.5431247444571828E-012  -1.8216154635797313E-011  -1.2455397811708810E-011  -5.9769622659708027E-012   1.1866253102718916E-011   1.5718551402000522E-009   5.5734684906604544E-011   1.9471825584181294E-003  -6.1946543573527440E-010  -1.1141662807444472E-011   3.0658743120268590E-012  -5.0079751384782825E-011  -3.6859106813312739E-011   2.2799044336107082E-011   4.8000765800194470E-011   3.8601980694325742E-009   4.1613188188982934E-011   4.5861462652093191E-003  -9.2748289711442580E-010   3.0271843598440238E-012  -2.3534988369952322E-012  -3.5584793266914826E-012   4.4186882693372215E-012  -2.1070136907756971E-012  -8.4800911608209590E-012   1.9369232735667049E-012  -1.4474131918529598E-012  -2.4513344044533071E-013   3.7320866640142924E-012   2.4353321831967440E-009   2.9380563965609083E-011   2.8999451306664656E-003  -1.4399191892624126E-011   1.8244961950922122E-013  -2.3788086989343571E-011  -2.8645844987237299E-011   2.3916590058900988E-011   4.3045027854601263E-011  -3.2500088470879864E-009  -6.2937796118248505E-011  -3.9598232480220555E-003  -4.3341145373689192E-011  -1.4816441323214789E-011   7.8307440396508026E-011  -6.7851363802645216E-011  -1.7043140205216792E-011   1.1119237005492926E-010   7.2385821861220388E-010   1.8185033381227881E-012  -5.6760035543561931E-013  -1.4900503831361775E-012   1.1128469997876074E-012  -7.3854406638913195E-013  -3.5526424969594419E-012   7.0316536632249751E-013  -2.3014412187883916E-013  -3.7577762562559692E-013   1.2825009146443338E-012   8.2492182514766771E-010  -8.0153183018705232E-010  -4.3896272721178164E-010  -9.3948325801664939E-012  -5.3829742383120047E-004   3.1836796303167197E-010
  -1.7470154618397606E-010  -2.6450154192553781E-010  -4.2819346724721230E-010   8.6128715342472892E-005   4.6262433309339197E-012  -1.2231464114573425E-012   2.1754437651567696E-012  -3.8015885413761115E-012   4.1988805722871803E-012  -8.3106113969781661E-013  -1.0884761880889371E-008  -1.6542475648204873E-008  -2.6685037544098740E-008   6.3798130969346008E-003   8.9329758570357905E-013   1.1463934286827295E-013  -1.6793569089717129E-012   5.9645331807240140E-013  -5.0927848637484450E-013  -1.4942838588504244E-012  -2.5571340445535360E-008  -3.8744466688921214E-008  -6.2563959491836947E-008   1.0540367910506873E-002   4.2921837902696937E-012   1.7907210699331981E-012   3.5039075893921705E-013  -6.1493061972418967E-012  -2.1411491596861423E-012   3.9073074583524520E-013  -1.8860044172537601E-012  -1.7890929649557444E-012   7.3960293111712652E-013   1.0723539003591864E-012  -1.6192443474605381E-008  -2.4415880774467674E-008  -3.9497116334368609E-008   4.2918920840013081E-011  -2.5180987990031581E-011   3.2071661847015339E-013  -3.1351503175831865E-011   2.2314058926091537E-011  -1.1568740050049249E-011   2.1537829231282273E-008   3.2772144498103962E-008   5.2840217797037921E-008   3.7934309164427548E-010  -2.1421938939299841E-010  -3.2163322323771533E-012  -2.6414699534894792E-010   1.9013906739192178E-010  -1.1519668040319334E-010  -4.6867133697960977E-003  -4.7051166275109994E-013   1.6064270153185055E-013  -3.0273037944763411E-013  -2.3063609265487243E-013   5.2285436906003353E-014   8.6189153124089864E-013  -4.4758015256899426E-013   4.7952767189391049E-013   4.3983222930112868E-013  -1.3177501866686703E-013  -4.8173463626149269E-003   3.5445709721774882E-003   2.9058091903319445E-009   4.4309004764995786E-009   7.1386381835901353E-009  -1.3330289343144162E-003
   7.4329151348156392E-012  -1.1621487222209987E-011   5.8908308683552296E-013   4.6262433309339197E-012   7.5526280656282953E-007   1.6489330362216821E-014  -4.9696597580949031E-016  -3.7763141569552456E-007   3.3610065571484997E-015  -3.7763139090582930E-007   4.7593933841965486E-010  -7.3809113799767118E-010   3.5185823656811439E-011   3.7869331643379341E-010  -8.3971873757380887E-006   8.1117819091666300E-014  -4.6057676740775304E-013   4.1985938183640041E-006   1.4116506959468264E-014   4.1985935572364003E-006   1.1194400901032905E-009  -1.7379048523169528E-009   8.3728570069871565E-011   6.1841327049626869E-010   6.9767147829616847E-013  -8.4976900077127741E-013  -3.1884510104016821E-013  -4.7015363422893472E-013  -1.8598325611657806E-015  -4.6587132148995285E-013   4.1930639410464379E-013   1.0269756440839188E-013   2.8720992643088165E-013   1.6110676442495158E-013   7.0868971542321634E-010  -1.0975288678848770E-009   5.4975508243421294E-011  -1.4063785321154543E-004   4.8968311766211580E-013  -6.2020835592390293E-012   7.0318928383101352E-005   1.8224520357855376E-013   7.0318924828483977E-005  -1.0183131541689112E-009   1.5441870648084770E-009   9.9574581878138686E-012  -1.1482028411703188E-003   2.6634403641621391E-012  -4.9667759754513681E-011   5.7410143483248343E-004   8.6248043277069120E-013   5.7410140633863715E-004  -3.6687893768329899E-010   1.6213763865632390E-012  -2.7134746493011709E-012  -1.3048283753642459E-012  -1.0864945010412789E-012   2.0963296936265290E-016  -1.0888104785175467E-012   1.3785599835253846E-012   3.8359911971669378E-013   8.6394275992884016E-013   6.8664309083863641E-013  -4.1515879522861137E-010   3.7313511683196587E-010  -1.4041227613257971E-010   2.1170061056649245E-010   4.6798099098503943E-012  -1.4644771919405347E-010
  -3.4773347389625926E-012   2.3872507834309162E-011   2.5431247444571828E-012  -1.2231464114573425E-012   1.6489330362216821E-014   7.5526278874888724E-007  -1.7864263826312397E-014   8.3768026186639216E-015  -9.5146696136571092E-015  -2.4869635054511095E-014  -2.1993862078200334E-010   1.5185672188155438E-009   1.6078904857152588E-010  -1.0621785766080672E-010  -1.9632150520465515E-013  -8.3971871410561791E-006   2.3775118528760014E-013   5.1147646649388110E-014  -3.2191187608914888E-013   1.4517466021390714E-013  -5.1836392629332674E-010   3.5749516844262621E-009   3.7862063085073902E-010  -1.7257413645390434E-010   5.1327268621375841E-013   8.0263978962089016E-013   1.5358785793315017E-014  -9.1193258701984105E-013  -2.8071571276048544E-013   2.2330527595092836E-013  -3.7296070888851255E-013   1.4976816561085742E-014  -3.0226258449844736E-013  -2.2612634628028761E-014  -3.3175582332126932E-010   2.2621575534089854E-009   2.3951925838639637E-010  -3.2575646569318543E-012  -1.4063785084564753E-004   3.2070232673417600E-012   1.3423231600287089E-012  -3.9485903793661174E-012   1.9152381439566709E-012   3.2501105493890381E-010  -3.0880988763118118E-009  -3.2064459161988223E-010  -2.7946425002206852E-011  -1.1482028280759497E-003   2.5196628699535431E-011   1.2894462333007370E-011  -3.0265334956157325E-011   1.5051936237156122E-011   1.0228073179890176E-010   1.6651601367748660E-012   1.8945124729440842E-012   3.9382865564193641E-014  -2.9690498375412024E-012  -1.1248411065192874E-012   7.3500335832294896E-013  -8.7068929139553772E-013   3.7475417521081768E-014  -7.2636057262299480E-013  -5.7286372389398679E-014   1.1615864622805708E-010  -1.0430022574608453E-010   3.9172221044415115E-011  -4.1976297227825879E-010  -4.3336748046147436E-011   4.0942703291384018E-011
   1.5910397624180069E-011   2.7732827492885516E-012  -1.8216154635797313E-011   2.1754437651567696E-012  -4.9696597580949031E-016  -1.7864263826312397E-014   7.5526278418707547E-007   9.1390909081359601E-015   2.1146729202905942E-014  -8.6435406850257680E-015   1.0139615756372959E-009   1.7594766424843040E-010  -1.1532677403522598E-009   1.6920402829571055E-010   4.3888860412760567E-013   4.4360862487640019E-014  -8.3971871109492976E-006  -1.2393138928572032E-013  -1.5416556708481886E-014  -3.1496454638012289E-013   2.3863319744441530E-009   4.1434664311744779E-010  -2.7170477955889642E-009   2.7696592661783972E-010   2.2841240453727085E-013   1.6247725865650238E-014   6.4448603720270758E-013   6.5550075331527039E-014  -7.5854230960688193E-013  -3.7199727341123492E-013  -2.2928169513258150E-014  -5.9338239165582760E-014   1.4516273686072203E-014  -4.3614362127524874E-013   1.5066862003749433E-009   2.6212669080010683E-010  -1.7192842540446768E-009   6.1175480699103347E-012   3.7186434513738002E-013  -1.4063785052343146E-004  -9.5528165743356711E-013  -4.1044006957499574E-013  -5.1622605561018498E-012  -2.1738976938833193E-009  -3.5097933492676546E-010   2.2617751993893535E-009   5.0540804383483355E-011   1.7908614753272395E-012  -1.1482028245466762E-003  -5.7112922360492775E-012  -3.6031018967443970E-012  -4.4829478132434664E-011  -1.6780779079774427E-010   8.9357085261512604E-013   3.8975890432816850E-014   1.4853536147485247E-012   3.0842458174272432E-013  -2.3843916639705945E-012  -1.5072757043842545E-012  -5.9277384308985676E-014  -1.1708914550999964E-013   4.0553136843983475E-014  -1.0198439833159950E-012  -1.9098997280047308E-010   1.7343634853876650E-010  -3.0008251173888210E-010  -4.7439553674201191E-011   3.0411106537043116E-010  -6.8191482570834512E-011
   1.4542218011706811E-011   2.5291200573892179E-011  -1.2455397811708810E-011  -3.8015885413761115E-012  -3.7763141569552456E-007   8.3768026186639216E-015   9.1390909081359601E-015   7.5526287530565502E-007  -5.4384498668553226E-015  -3.7763145960349104E-007   9.2076514033457696E-010   1.6066106128941914E-009  -7.9363255025338472E-010  -3.0931491220010345E-010   4.1985937436587813E-006  -2.8344757879399164E-013  -1.2774081455675287E-013  -8.3971877955745803E-006   1.0348837257542725E-013   4.1985940519128834E-006   2.1690192287024445E-009   3.7829894581651848E-009  -1.8681208040647029E-009  -5.0491938722565103E-010  -4.5418216983855674E-013   5.6729882431200751E-013   6.6459719213821337E-014   7.0706858803947476E-013   2.0949101924466220E-015  -9.7719024157699654E-014  -8.4568411904257813E-013  -3.5884689924499378E-013   5.6730678339696646E-013   2.1793336205942786E-013   1.3723437427502990E-009   2.3894823194941682E-009  -1.1802514697871822E-009   7.0318927207987757E-005  -3.3194667746678643E-012  -1.1626465944156200E-012  -1.4063785951026219E-004   1.7988209313804913E-012   7.0318932302361370E-005  -1.8108849074264877E-009  -3.3501738719304864E-009   1.6742886248301333E-009   5.7410142515574398E-004  -2.5320515605994562E-011  -7.8722228764467023E-012  -1.1482028934589373E-003   1.5688731976750743E-011   5.7410146830329863E-004   3.0218482999386872E-010  -1.0724758522549613E-012   1.8592143713062850E-012   2.8877677408193712E-013   1.6542499537592004E-012  -6.7346000302593653E-016  -2.1537248638512438E-013  -2.7723506340503329E-012  -1.3997235163166619E-012   1.8602831212221074E-012   8.2805154500586704E-013   3.4310899667020126E-010  -3.0968825955352652E-010  -2.4370660395466048E-010  -4.5884710246684861E-010   2.3005827228100588E-010   1.2164810415145985E-010
   2.7275713443401510E-012   1.7162030845245858E-012  -5.9769622659708027E-012   4.1988805722871803E-012   3.3610065571484997E-015  -9.5146696136571092E-015   2.1146729202905942E-014  -5.4384498668553226E-015   7.5526288640592491E-007   2.0727023163390767E-015   1.7281752371158685E-010   1.1310966251311627E-010  -3.7904317432770890E-010   3.3667307311489383E-010  -3.3642098374893546E-014   3.1203608016754951E-013  -2.3697311050740185E-013  -1.0774155489737023E-013  -8.3971877930059935E-006   1.4137674699288181E-013   4.0696907219142151E-010   2.6489708521531824E-010  -8.9307240035726348E-010   5.5024389289910107E-010  -2.4671101037714788E-014   1.2768812065285002E-013   2.3426999874965735E-013   2.2561697639605356E-014   5.3485510905909164E-013   1.0538216056570449E-014   2.1581592799257626E-013  -9.2188226599268875E-013  -4.1723660048705399E-013   5.1251757289296341E-013   2.5746621673266585E-010   1.6412484742258420E-010  -5.6892800843666054E-010  -6.2894927054047206E-013   5.1967035321910743E-012  -3.4776497169733993E-012  -1.0395672093074740E-012  -1.4063786030934941E-004   1.6685170383687870E-012  -3.4463331166534426E-010  -3.6433646669008615E-010   6.4403855595621764E-010  -6.0846364627659359E-012   4.5073020161564773E-011  -2.8565019675324038E-011  -7.2453747432525558E-012  -1.1482029020779352E-003   1.3330038051663186E-011  -3.3190003347969349E-010  -5.7990910795769851E-014   4.7255530372516666E-013   7.5286763310056070E-013   3.8386885610533881E-014   1.2482898272275366E-012   3.9416130764109606E-014   8.5288068150184710E-013  -2.9790761315502995E-012  -1.6168151610236518E-012   1.6593190948177186E-012  -3.7774398835914361E-010   3.4227229781143251E-010  -4.6577593070807212E-011  -5.5013200966474750E-011   8.2353201374835743E-011  -1.3454090147563509E-010
  -2.1975138276049292E-011  -1.3669631196213300E-011   1.1866253102718916E-011  -8.3106113969781661E-013  -3.7763139090582930E-007  -2.4869635054511095E-014  -8.6435406850257680E-015  -3.7763145960349104E-007   2.0727023163390767E-015   7.5526285054120526E-007  -1.3967047984088681E-009  -8.6851429395450733E-010   7.5844273201736404E-010  -6.9879086134110687E-011   4.1985936325076248E-006   2.0236869831256577E-013   5.8833332147293355E-013   4.1985939771367623E-006  -1.1755217147292848E-013  -8.3971876095037865E-006  -3.2884600724910198E-009  -2.0450723991881282E-009   1.7843828379722141E-009  -1.1431303290497760E-010  -2.4348930884585246E-013   2.8247017634731703E-013   2.5238538181193125E-013  -2.3691495331009603E-013  -2.3507743759423627E-016   5.6359034566808838E-013   4.2637772508261506E-013   2.5614933500223711E-013  -8.5451670991000430E-013  -3.7904012659709537E-013  -2.0810338790446305E-009  -1.2919460193895195E-009   1.1252691686275907E-009   7.0318926010731216E-005   2.8304358104055611E-012   7.3649937582128063E-012   7.0318931125924587E-005  -1.9801833718072429E-012  -1.4063785713678265E-004   2.8292008469152292E-009   1.8059652936758037E-009  -1.6842706012665297E-009   5.7410141607314158E-004   2.2662399587154206E-011   5.7542134764822807E-011   5.7410145861636075E-004  -1.6544005309622382E-011  -1.1482028746904094E-003   6.5200753983771674E-011  -5.4890053435884152E-013   8.5426027810595879E-013   1.0160516013615282E-012  -5.6775545268627317E-013   4.6382703531174997E-016   1.3041829649388618E-012   1.3937906505180393E-012   1.0161243966013805E-012  -2.7242258812527500E-012  -1.5146946359046034E-012   7.2629309571137550E-011  -6.3978185604608774E-011   3.8411934489028369E-010   2.4714312437962168E-010  -2.3474273243550404E-010   2.5008890149377773E-011
   1.9471834475850061E-003  -7.4902204448537897E-010   1.5718551402000522E-009  -1.0884761880889371E-008   4.7593933841965486E-010  -2.1993862078200334E-010   1.0139615756372959E-009   9.2076514033457696E-010   1.7281752371158685E-010  -1.3967047984088681E-009  0.12350181670338144       -2.1948974545553320E-009  -3.3276345302685762E-010   1.2096942187478441E-009  -1.9500642279503270E-010   1.7637431832263421E-009   3.1875622500229158E-009   2.0425926847810920E-009   2.3470116438831348E-010  -1.8475862223192717E-009  0.29087812435135918        1.6397656858953594E-009  -1.0030632113627836E-008   4.5735149060476210E-009   7.4832328355548716E-010  -3.8115578919713883E-010   1.2901009284337914E-010  -6.1664255233696870E-010  -1.8728156983041287E-010  -3.8730675368535932E-010   2.8489809788153382E-010   4.2783534569729799E-010  -1.0749474496631326E-012  -4.1504775727456719E-010  0.18409208091019327        8.9564194862865141E-010  -5.6050504149079709E-009  -8.7403775200364767E-010   1.5682614531661192E-009   1.5969575097123948E-009   1.2510944454724061E-009   1.1451027905099828E-010  -3.7705781639744826E-010 -0.24494843158538104       -9.0813238179726836E-010   7.3696729001438392E-009   2.6309749809992899E-010  -1.7219950627495330E-009  -2.5126426841667499E-009  -1.2067844971680227E-009  -1.7111366335252416E-010   9.4368669531878583E-010  -5.3826057239322585E-010   2.5576205823727272E-010  -1.3185809618437800E-010   2.9139577840771179E-012  -2.1118056916355558E-010  -9.9559596559221983E-011  -1.3195559615835969E-010   8.4550473899500616E-011   1.7603708499388456E-010   1.8421749227047621E-011  -1.3338170492322937E-010  -1.5453048883689186E-009   1.0066191154548768E-009  -3.3047753497375695E-002  -1.1754658539243295E-010   9.8946317865160514E-010  -3.8308232872656881E-010
   3.6080063158864953E-010   1.9471822103642124E-003   5.5734684906604544E-011  -1.6542475648204873E-008  -7.3809113799767118E-010   1.5185672188155438E-009   1.7594766424843040E-010   1.6066106128941914E-009   1.1310966251311627E-010  -8.6851429395450733E-010  -2.1948974545553320E-009  0.12350180771845262        1.9653249598248492E-009  -2.5134697237752784E-009  -2.4530760059300515E-009   1.3001252524516966E-009   2.2622589254772843E-010   5.1698961766702453E-009   1.4011987149518250E-009  -2.7168160074289104E-009  -5.5168328300485156E-009  0.29087811657496554        4.2591005256029796E-009  -8.6085240199012657E-010  -1.8766175183873135E-010  -3.5817801866683520E-010  -1.9729599093709240E-010   3.1218206029208329E-010   5.3088093914054268E-010  -6.0408956270215433E-011   2.7807583719708393E-010   3.4692634953114373E-010  -1.4919329771096981E-011  -1.1152785990070567E-010  -3.1778092268511983E-009  0.18409207624357518        2.5687355655304076E-009  -1.5090087538771700E-009  -3.8832760770905706E-011   1.1335823190613669E-010   3.1188690628217066E-009   9.1258936983839200E-010  -1.6098597939712041E-009   4.3737083042925988E-009 -0.24494842451870696       -3.5216878925580560E-009   1.7995116421726647E-009  -8.1645366890363995E-010  -1.6799007364560588E-010  -3.7017110044853566E-009  -1.6702032597955097E-009   1.9021981143166151E-009   3.5411857970019415E-009  -7.2717784779483668E-011  -1.5149657089102900E-010  -7.1458731010812313E-011   1.2396804421054323E-010   1.9721013091195238E-010  -2.6407024776665181E-011   1.2477325221691766E-010   1.1716474917361390E-010  -1.5905802344553993E-011  -3.4067238584346835E-011   3.0832348538506926E-009  -3.2010107728865284E-009   5.9121281687596363E-010  -3.3047752531760441E-002  -4.7699470404829623E-010   1.2577793372425046E-009
  -1.3209265584181357E-009   8.7058992058378235E-010   1.9471825584181294E-003  -2.6685037544098740E-008   3.5185823656811439E-011   1.6078904857152588E-010  -1.1532677403522598E-009  -7.9363255025338472E-010  -3.7904317432770890E-010   7.5844273201736404E-010  -3.3276345302685762E-010   1.9653249598248492E-009  0.12350180904260778       -1.4499851454474700E-009  -6.8052944930784324E-010   2.0008355905449537E-010  -3.2003327260019551E-009  -2.2949482177794168E-009   1.4428310971241991E-009   2.9754773486504219E-009   9.2422981779232609E-009  -1.0583581172909917E-009  0.29087811763644411        2.8283697641991526E-009   1.9199417693817412E-010  -1.4930539587725584E-010  -2.2570232122857859E-010   2.8034129264537617E-010  -1.3369156503983826E-010  -5.3792907537413300E-010   1.2290145902419923E-010  -9.1841392932274677E-011  -1.5582746927038006E-011   2.3674129310005545E-010   5.3820152076184324E-009  -4.4312716957460325E-010  0.18409207696500424       -4.6678342111799152E-010   1.0588908787782410E-010  -1.9133186411087201E-009  -1.0882063780239031E-009   1.4504947089219042E-009   1.5549891801384931E-009  -6.8657583323769716E-009   3.9328729314024036E-010 -0.24494842556256211        8.8406298295868979E-010  -1.7023447467424213E-010   1.6566575858079195E-009   1.6310239787436065E-009  -1.5951648113772158E-009  -2.5150957608651526E-009   3.2079335518463126E-009   1.1514740551689438E-010  -3.5999256385289493E-011  -9.3807897408252980E-011   7.0436608789272629E-011  -4.7078740501364235E-011  -2.2492415871381292E-010   4.4412570073828838E-011  -1.4914117785252626E-011  -2.3585363180258887E-011   8.1058319900038857E-011   2.1334525369826334E-009  -2.6462641745445730E-009  -9.2058299191536982E-010   4.8420336825923517E-011  -3.3047752674986310E-002   1.0539850764008127E-009
  -2.2639477876271841E-010  -3.3833844488708312E-010  -6.1946543573527440E-010   6.3798130969346008E-003   3.7869331643379341E-010  -1.0621785766080672E-010   1.6920402829571055E-010  -3.0931491220010345E-010   3.3667307311489383E-010  -6.9879086134110687E-011   1.2096942187478441E-009  -2.5134697237752784E-009  -1.4499851454474700E-009  0.49767555150743809       -1.5014274579976266E-010   1.3478765444446933E-010  -1.2934366920560583E-010   2.0119317783201825E-010  -1.5070955842672170E-010  -5.1443765554231794E-011   7.8403720349897355E-009   1.0791415793205542E-008   1.8608226234147120E-008  0.81450309145970612        3.3442546158211966E-010   1.3777983265636207E-010   2.8538992089699006E-011  -4.7517125667586051E-010  -1.6608978600632931E-010   2.6491882166601579E-011  -1.4404305765463190E-010  -1.4070420979346208E-010   5.5472889586544994E-011   8.3603738209227672E-011   4.3638100884752624E-009   1.4811558012730957E-008   1.9306644772278830E-008  -4.0453847363331633E-010   1.7401437460162449E-010   5.2260591051571475E-011   1.8815512891140459E-010  -1.3851477007618015E-010   2.1628813821575185E-010  -5.3517393890129439E-009  -1.4065537985740763E-008  -1.9633363041376495E-008  -1.0279390118825270E-009   7.4575819285070895E-010  -4.1815490046701517E-011   8.9887308362629517E-010  -5.2848843291495257E-010   1.2930448323521304E-010 -0.49891145334204812       -4.1892378929306088E-011  -1.6883575583691869E-012  -1.6141237294576224E-011   1.5921852251772418E-011   1.1674233356177106E-011   4.0282490794215273E-011  -1.3048854147094260E-011   3.1097870283214065E-011   1.9193967783349879E-011  -1.1147765262864805E-011 -0.56922235368699614       0.51958140837227618       -6.7323472738737024E-010  -1.8375928302656342E-009  -2.5520332686243720E-009 -0.20448101414544076     
  -2.2588322009734264E-012  -3.8880811397544594E-011  -1.1141662807444472E-011   8.9329758570357905E-013  -8.3971873757380887E-006  -1.9632150520465515E-013   4.3888860412760567E-013   4.1985937436587813E-006  -3.3642098374893546E-014   4.1985936325076248E-006  -1.9500642279503270E-010  -2.4530760059300515E-009  -6.8052944930784324E-010  -1.5014274579976266E-010   9.3361880409596426E-005  -7.5907950508092748E-013   3.0302715537512326E-013  -4.6680940742282766E-005  -1.9848635033430641E-013  -4.6680939665782854E-005  -4.4217107840553460E-010  -5.7833164105971766E-009  -1.6126238427480734E-009  -2.2423319020452382E-010  -7.7568241284018405E-012   9.4479458419428880E-012   3.5450174106856035E-012   5.2272204301934105E-012   2.0623039848070410E-014   5.1796561416634859E-012  -4.6619595409688229E-012  -1.1418286048675831E-012  -3.1932650606579800E-012  -1.7912300961808549E-012  -2.9899283657866875E-010  -3.6668696307430456E-009  -1.0236392745391737E-009   1.5636443305418878E-003  -3.0519256411605285E-012  -1.1734777405142307E-011  -7.8182216973000267E-004  -2.7200353981483453E-012  -7.8182216081232889E-004   5.7065872131039580E-010   4.7229074761770666E-009   1.1927543119265926E-009   1.2765985983925273E-002  -1.0080462489275454E-011  -1.0656440924776747E-010  -6.3829930254392471E-003  -1.5252757673358821E-011  -6.3829929584949402E-003   1.1828194561367553E-010  -1.8026822665523783E-011   3.0169049418166713E-011   1.4507392429796815E-011   1.2079878842117519E-011  -2.3531088076718671E-015   1.2105644911200091E-011  -1.5327157554569090E-011  -4.2649466066519877E-012  -9.6055142731323013E-012  -7.6342610861240045E-012   1.3085830022056458E-010  -1.0942909912642994E-010   8.4019654148079914E-011   6.3085051548122976E-010   1.5401828453487287E-010   4.2596131866026729E-011
   2.7958749434181886E-011   2.1303947677957156E-011   3.0658743120268590E-012   1.1463934286827295E-013   8.1117819091666300E-014  -8.3971871410561791E-006   4.4360862487640019E-014  -2.8344757879399164E-013   3.1203608016754951E-013   2.0236869831256577E-013   1.7637431832263421E-009   1.3001252524516966E-009   2.0008355905449537E-010   1.3478765444446933E-010  -7.5907950508092748E-013   9.3361877394723596E-005  -9.2831421709318381E-013   1.5504170303971662E-012   1.2862860194217689E-012  -7.9134643695286589E-013   4.1583724110844952E-009   3.0808374120107166E-009   4.7212680189680509E-010   2.0493427386476384E-010  -5.7067141590886304E-012  -8.9239892297137693E-012  -1.7079617514109874E-013   1.0139133033141240E-011   3.1211402029243414E-012  -2.4827754443593498E-012   4.1467057173866496E-012  -1.6646837231465537E-013   3.3606229848803901E-012   2.5140229453074170E-013   2.6459598920167333E-009   1.9360177563188515E-009   2.9943109710229451E-010  -1.3045998598226765E-011   1.5636442974440161E-003  -6.9316918679870204E-012   2.0555178082777130E-011   5.4972978802049625E-012  -7.5091422054953107E-012  -3.2909935340547197E-009  -2.4182485137108846E-009  -3.9750104670232770E-010  -9.1489675281637601E-011   1.2765985782877970E-002  -4.5625778493513015E-011   1.4629537838962847E-010   2.2955156707126326E-011  -5.4805409231002576E-011  -1.1624106790317243E-010  -1.8513647093206018E-011  -2.1063652885875256E-011  -4.3788039227679287E-013   3.3010605921403210E-011   1.2506274343124228E-011  -8.1719449466647634E-012   9.6805454682543403E-012  -4.1664491515182239E-013   8.0758423123291110E-012   6.3692100627317424E-013  -1.3528677152324332E-010   1.1815491712929103E-010  -4.3459597671868805E-010  -3.1995042744133228E-010  -5.3610538770050243E-011  -4.6345284635799342E-011
   5.1166036455640687E-011   3.5762447341604356E-012  -5.0079751384782825E-011  -1.6793569089717129E-012  -4.6057676740775304E-013   2.3775118528760014E-013  -8.3971871109492976E-006  -1.2774081455675287E-013  -2.3697311050740185E-013   5.8833332147293355E-013   3.1875622500229158E-009   2.2622589254772843E-010  -3.2003327260019551E-009  -1.2934366920560583E-010   3.0302715537512326E-013  -9.2831421709318381E-013   9.3361877290263726E-005   1.6716962000240673E-012   1.9274379809394281E-013  -1.9746418427937895E-012   7.5281485967155576E-009   5.3343872784417593E-010  -7.5285224880099285E-009  -2.1108744249407798E-010  -2.5394819983032574E-012  -1.8067656830706809E-013  -7.1655042676928615E-012  -7.2890564352551203E-013   8.4336538462184092E-012   4.1359760492535293E-012   2.5494252989214053E-013   6.5980404515962430E-013  -1.6139399363972706E-013   4.8490649014325116E-012   4.7652906704625078E-009   3.3819402873098982E-010  -4.7731051292445077E-009   1.8784071445734738E-011  -1.1424861343502108E-011   1.5636442977085226E-003   1.5531445988137401E-011   4.9228674383343253E-012  -3.4315582546852192E-011  -6.0068615312234759E-009  -4.4917440896210310E-010   6.4330106385783469E-009   1.4673636575237287E-010  -7.9433354880799456E-011   1.2765985775042321E-002   1.0358601820613645E-010   4.2996621577683425E-011  -2.5032276214427390E-010   1.2825978918466547E-010  -9.9349156169706205E-012  -4.3335486046768811E-013  -1.6514494462126301E-011  -3.4291677119041399E-012   2.6510218353223994E-011   1.6758255949880810E-011   6.5906606781933204E-013   1.3018494573009035E-012  -4.5087584413362406E-013   1.1338834577322704E-011   1.4697205525760562E-010  -1.3354933745694361E-010  -7.9685041750488051E-010  -6.0586317562668914E-011   8.7128021110378456E-010   5.2524276604240189E-011
   3.1921643542561745E-011   8.2011629188422231E-011  -3.6859106813312739E-011   5.9645331807240140E-013   4.1985938183640041E-006   5.1147646649388110E-014  -1.2393138928572032E-013  -8.3971877955745803E-006  -1.0774155489737023E-013   4.1985939771367623E-006   2.0425926847810920E-009   5.1698961766702453E-009  -2.2949482177794168E-009   2.0119317783201825E-010  -4.6680940742282766E-005   1.5504170303971662E-012   1.6716962000240673E-012   9.3361881253000291E-005   7.2049900825653685E-013  -4.6680940510685100E-005   4.8065162459231296E-009   1.2187964224600192E-008  -5.4176011231957800E-009   3.1101508931285390E-010   5.0497228747823478E-012  -6.3074520806463903E-012  -7.3891854912744180E-013  -7.8613779791792483E-012  -2.3198373436739803E-014   1.0864611407759202E-012   9.4025820980770544E-012   3.9898596458756867E-012  -6.3074500302880123E-012  -2.4231176087061237E-012   3.0492271700142253E-009   7.7260741587154964E-009  -3.4275508143063841E-009  -7.8182217057482266E-004   1.0085859218981585E-011   1.7127311611956859E-011   1.5636443365011766E-003   1.1335424961415980E-011  -7.8182216592732033E-004  -4.1109999144190811E-009  -9.9620452658177618E-009   4.3564262315496906E-009  -6.3829930314148872E-003   6.2546632814642197E-011   1.2181777266950133E-010   1.2765986042181375E-002   8.1396351230142783E-011  -6.3829930107676585E-003  -1.7764884527702592E-010   1.1924037516633840E-011  -2.0671215140084250E-011  -3.2106920774040198E-012  -1.8392339455371610E-011   7.5183358427463977E-015   2.3945630334980784E-012   3.0823664829954322E-011   1.5562491661398628E-011  -2.0683057526018298E-011  -9.2064959933686188E-012  -2.0397473863680231E-010   1.7910397744295196E-010  -5.5688433252557276E-010  -1.3311121385649347E-009   5.7944622975013030E-010  -7.0245118689981879E-011
   3.6695949881680739E-012   2.2892032088818171E-011   2.2799044336107082E-011  -5.0927848637484450E-013   1.4116506959468264E-014  -3.2191187608914888E-013  -1.5416556708481886E-014   1.0348837257542725E-013  -8.3971877930059935E-006  -1.1755217147292848E-013   2.3470116438831348E-010   1.4011987149518250E-009   1.4428310971241991E-009  -1.5070955842672170E-010  -1.9848635033430641E-013   1.2862860194217689E-012   1.9274379809394281E-013   7.2049900825653685E-013   9.3361879817367686E-005  -5.2193587503545268E-013   5.5345648648633926E-010   3.3173960587916086E-009   3.4022737868809313E-009  -2.3542519461144750E-010   2.7430596142814474E-013  -1.4196766141113373E-012  -2.6046647092594192E-012  -2.5085940439504815E-013  -5.9466331574827351E-012  -1.1716242088081391E-013  -2.3994841955285235E-012   1.0249716596731239E-011   4.6389339116228720E-012  -5.6983035724387799E-012   3.5080158056631589E-010   2.1051828771566324E-009   2.1685234651092709E-009  -2.5953381700515312E-012   2.1868322096557302E-011  -2.2355726782536526E-012   3.5593800176872489E-012   1.5636443218417940E-003  -9.6404805806664676E-013  -4.6617229956908498E-010  -2.5076954555579785E-009  -2.6621605834972348E-009  -1.0629255666527994E-011   1.4912135919635925E-010  -1.6333325344009570E-011   1.5250717207746342E-011   1.2765985945799332E-002  -4.6217600154072324E-012   1.3661088118510890E-010   6.4475575258253496E-013  -5.2539855031109493E-012  -8.3705561613876861E-012  -4.2679480360858389E-013  -1.3878771900001824E-011  -4.3823631388191129E-013  -9.4825215065867366E-012   3.3122064810817248E-011   1.7976126995174056E-011  -1.8448699192896493E-011   1.6036893125358821E-010  -1.4215710217359403E-010  -6.2888264284403418E-011  -3.2637735167742348E-010  -3.5001961561041042E-010   5.5900390821677756E-011
  -2.9662810839574516E-011  -4.3130751621191312E-011   4.8000765800194470E-011  -1.4942838588504244E-012   4.1985935572364003E-006   1.4517466021390714E-013  -3.1496454638012289E-013   4.1985940519128834E-006   1.4137674699288181E-013  -8.3971876095037865E-006  -1.8475862223192717E-009  -2.7168160074289104E-009   2.9754773486504219E-009  -5.1443765554231794E-011  -4.6680939665782854E-005  -7.9134643695286589E-013  -1.9746418427937895E-012  -4.6680940510685100E-005  -5.2193587503545268E-013   9.3361880174904724E-005  -4.3643450752111269E-009  -6.4046380035887749E-009   7.0302242267498723E-009  -8.7414020892576199E-011   2.7071012532340427E-012  -3.1404937612777912E-012  -2.8060988615269723E-012   2.6341575493878427E-012   2.5753337391351395E-015  -6.2661172823242748E-012  -4.7406225569881158E-012  -2.8480310408536920E-012   9.5007150907661315E-012   4.2143477047486379E-012  -2.7502341979450526E-009  -4.0591986488555499E-009   4.4511888731589332E-009  -7.8182215994142680E-004  -7.0340828309381570E-012  -5.3911690191765877E-012  -7.8182216677063088E-004  -8.6141035898966289E-012   1.5636443267134680E-003   3.5403440687264512E-009   5.2391168931466935E-009  -5.5492085786504437E-009  -6.3829929523010701E-003  -5.2467388865022276E-011  -1.5242217686251578E-011  -6.3829930167376937E-003  -6.6133094547283487E-011   1.2765985969048849E-002   5.9961538218629020E-011   6.1027851486596771E-012  -9.4978342776383885E-012  -1.1296700352134098E-011   6.3124606132471092E-012  -5.1652270366998630E-015  -1.4500207944382252E-011  -1.5496507275396913E-011  -1.1297545054644990E-011   3.0288571798722196E-011   1.6840757079224035E-011   7.3856990479661382E-011  -7.0450800122531656E-011   4.7286518858748397E-010   7.0025828081583811E-010  -7.3346948285848971E-010   2.7961610746862007E-011
   4.5861481808598895E-003  -1.7696276975318890E-009   3.8601980694325742E-009  -2.5571340445535360E-008   1.1194400901032905E-009  -5.1836392629332674E-010   2.3863319744441530E-009   2.1690192287024445E-009   4.0696907219142151E-010  -3.2884600724910198E-009  0.29087812435135918       -5.5168328300485156E-009   9.2422981779232609E-009   7.8403720349897355E-009  -4.4217107840553460E-010   4.1583724110844952E-009   7.5281485967155576E-009   4.8065162459231296E-009   5.5345648648633926E-010  -4.3643450752111269E-009  0.68509214401617979        3.0439424670863251E-009  -1.0827965789077763E-011   1.8964855272323887E-008   1.7624705664675488E-009  -8.9770372424832956E-010   3.0384655053758900E-010  -1.4523317318202485E-009  -4.4108902919484198E-010  -9.1219592796210385E-010   6.7099687943188565E-010   1.0076532847637855E-009  -2.5326530121931073E-012  -9.7753349117430558E-010  0.43356075192224736        1.5976246616284181E-009   1.7433839404664558E-009  -1.7707811152489091E-009   3.7676675080140096E-009   4.1092151452437368E-009   2.8741743758323012E-009   2.8100860792771555E-010  -1.1033959043060199E-009 -0.57779866521507550       -1.2264508916030848E-009  -2.5324598322654405E-009   2.9697914480724409E-009  -3.4555684881228554E-009  -3.0803098104764902E-009  -3.4342927683401023E-009  -3.1062589999937147E-010   4.6450060727007798E-010  -5.8578653544106142E-009   6.0235252427981962E-010  -3.1052575078769556E-010   6.8579666531653215E-012  -4.9735086291697224E-010  -2.3453243611801613E-010  -3.1077889711912147E-010   1.9912488261021604E-010   4.1465279560602881E-010   4.3371727618968799E-011  -3.1417433073243185E-010  -8.7499434657673512E-009   6.8289271490313056E-009  -7.7991504309067275E-002  -1.4449056831255573E-010  -3.5324825121541665E-010  -2.6417030566656168E-009
   9.5712464768845446E-010   4.5861454778759235E-003   4.1613188188982934E-011  -3.8744466688921214E-008  -1.7379048523169528E-009   3.5749516844262621E-009   4.1434664311744779E-010   3.7829894581651848E-009   2.6489708521531824E-010  -2.0450723991881282E-009   1.6397656858953594E-009  0.29087811657496554       -1.0583581172909917E-009   1.0791415793205542E-008  -5.7833164105971766E-009   3.0808374120107166E-009   5.3343872784417593E-010   1.2187964224600192E-008   3.3173960587916086E-009  -6.4046380035887749E-009   3.0439424670863251E-009  0.68509215722620342       -3.3634697786953703E-009   2.5392993094705161E-008  -4.4198994427531110E-010  -8.4359632485098375E-010  -4.6467910357367203E-010   7.3526643344025575E-010   1.2503479272137778E-009  -1.4227836255977961E-010   6.5493596695777503E-010   8.1709703449274754E-010  -3.5138325160971839E-011  -2.6267675880743257E-010   2.6706467910385878E-009  0.43356076090414541       -2.4292153018138935E-009  -3.6507746492478695E-009   2.2287719501878318E-010   2.7734884935423677E-010   7.5415853591729118E-009   2.4398753034791901E-009  -3.8908094946027015E-009  -3.0033678679655120E-009 -0.57779867432729237        2.9133252327760446E-009   3.4514470231975879E-009   6.4416044071377071E-010  -3.1099530354901719E-010  -7.1243764111296414E-009  -1.5650545013339581E-009   3.6729264509202713E-009  -7.1862745406074333E-009  -1.7131916568781530E-010  -3.5693677066315105E-010  -1.6831169148073970E-010   2.9206272618930825E-010   4.6451257852648279E-010  -6.2214244133684502E-011   2.9397129754999196E-010   2.7594327814594121E-010  -3.7470610465447142E-011  -8.0223811131399532E-011  -1.0073532658865674E-008   7.6727379811280475E-009  -3.9424687888701330E-010  -7.7991505476937978E-002   3.8569891946827069E-010  -2.9798535342866650E-009
