 1.7849195340270131E-006  1.0680236415646877E-013  1.0660663950634689E-013  4.7271743717199521E-008  8.4506149942709197E-008 -5.2841551758993693E-006 -4.6998261563147085E-012 -4.6781156858624863E-012 -8.3996188258779604E-010 -1.3392527598877791E-009 -1.2556915560857368E-009  4.6979260751873675E-010  2.1813003457064487E-009  3.7016927480632843E-010 -1.2253481031604038E-004 -1.0666571046642337E-009 -1.0619245556636657E-009 -4.3804274037491267E-008 -2.2964261492399655E-009 -3.6685692208918191E-009 -3.4398128890604897E-009  1.2845321770804850E-009  5.9703634641899227E-009  1.0118939750051007E-009  1.1399250563816638E-014  6.7256337872651515E-015  6.3727308813364498E-015 -7.8879662913950659E-015 -1.9178496663393982E-014 -7.4261626927279341E-015 -1.1286978952173124E-014  9.2478434618830364E-015  8.4175080118400963E-015 -1.1641982878837035E-014  9.0625723617275268E-009  1.9308567834616281E-003  3.9203727310473419E-010  3.9023695942863884E-010 -3.2839030869835408E-009
 1.0680236415646877E-013  1.7849194734676093E-006 -1.3963606927753782E-013 -6.4649617507888552E-008 -1.1557229360941128E-007 -4.7011522660561687E-012 -5.2841524723740893E-006  6.1838603295827903E-012  6.1858281325145493E-010  2.0592053018810791E-009  2.1634928924957902E-009 -1.5923728328952151E-010 -2.6466270016764985E-009 -4.5934553107357922E-010 -1.0671413062880063E-009 -1.2253419726605821E-004  1.4035946266360102E-009  5.9888794440864881E-008  1.6948393094837476E-009  5.6382767775113773E-009  5.9215846569782850E-009 -4.3927503277755746E-010 -7.2469675852332047E-009 -1.2555642717451380E-009 -2.2029259815894325E-014 -6.2512560757020573E-016  1.3434479159020334E-015  1.8774225775301893E-014  2.5961163888595377E-014  1.0780970701262267E-014  8.1111962259242780E-015 -1.7182725020851440E-014 -1.0251487080720059E-014  1.1804313280599779E-014 -1.2387293299987340E-008  3.9221654463282769E-010  1.9308565582514202E-003 -5.1536623134285701E-010  4.4893907055063843E-009
 1.0660663950634689E-013 -1.3963606927753782E-013  1.7849194771013802E-006 -6.1795766650095859E-008 -1.1047141244906574E-007 -4.6794650676779451E-012  6.1839204077199535E-012 -5.2841526659688489E-006  5.9615246706749904E-010  2.1554080542768401E-009  1.9502424378631201E-009 -5.8054198384316723E-010 -2.6188119408459456E-009 -1.5610483998237801E-011 -1.0625212168725329E-009  1.4037604476085492E-009 -1.2253424091371564E-004  5.7187631935687102E-008  1.6333853998085851E-009  5.8994397385787161E-009  5.3400938850977675E-009 -1.5873108198173303E-009 -7.1709277223398011E-009 -4.6074579059145290E-011 -2.1379328191871739E-014 -1.3614727407386849E-015  1.3923747228088975E-015  1.1516151922192984E-014  2.5953528109808487E-014  1.7167138861303784E-014  1.2493505761640137E-014 -1.2091788902223801E-014 -1.5400732424873255E-014  7.9760864026873419E-015 -1.1819908874038468E-008  3.9045839367199368E-010 -5.1542890858510141E-010  1.9308565743008093E-003  4.2860504249162639E-009
 4.7271743717199521E-008 -6.4649617507888552E-008 -6.1795766650095859E-008  3.1511005723418162E-001  5.6298413937299985E-001  1.0819895176755943E-007 -1.4924093782637968E-007 -1.4569095971132817E-007 -1.1996154632208742E-008 -3.8713807827680732E-008 -3.8548954997292412E-008  6.6586100161739568E-009  4.9856803453502546E-008  5.3375219032461042E-009 -2.3010242057239227E-008  3.1737563313538608E-008  3.1018085013684304E-008 -3.1242914678773359E-001 -3.0571899809232403E-008 -9.8153985399109661E-008 -9.7678317415809263E-008  1.6974599476569409E-008  1.2648869864538559E-007  1.3597288969573705E-008  1.1887365905470297E-009  9.8818215025041056E-011  6.6498059559020989E-011 -8.5655938853936671E-010 -1.7568122186222153E-009 -7.3829802455419557E-010 -7.4182794219530295E-010  9.7870234177172163E-010  8.9644839888455775E-010 -7.7904659859149357E-010  7.0827010049080902E-002  7.0455612867330319E-009 -9.7188981437387745E-009 -9.5049501980075390E-009 -2.5959756568506773E-002
 8.4506149942709197E-008 -1.1557229360941128E-007 -1.1047141244906574E-007  5.6298413937299985E-001  1.0064336134011502E+000  1.9316647276419952E-007 -2.6643888762319838E-007 -2.6010249965670562E-007  1.0310924727094731E-008  3.2855380796212308E-008  3.2667692125617348E-008 -5.7275987087380444E-009 -4.2380820082944110E-008 -4.5833668774913384E-009 -6.7160080632205910E-008  9.2536189433278793E-008  9.0061294078652709E-008 -5.2237110717698632E-001  3.2269195936879269E-008  1.0389432118698000E-007  1.0342411232728416E-007 -1.7913992985622157E-008 -1.3383830820001830E-007 -1.4355221272755944E-008  2.1137479307882681E-009  1.7575849438221596E-010  1.1825208332429104E-010 -1.5231227379502853E-009 -3.1237413503776417E-009 -1.3127675685639443E-009 -1.3189688771626440E-009  1.7401078970649773E-009  1.5938239272162892E-009 -1.3851401346019530E-009  1.0236127950658859E-001  2.1850781555671217E-008 -3.0105228621644942E-008 -2.9292766108579560E-008 -3.4983354873533795E-002
-5.2841551758993693E-006 -4.7011522660561687E-012 -4.6794650676779451E-012  1.0819895176755943E-007  1.9316647276419952E-007  5.4820960904132305E-005  1.7880021131615783E-011  1.7788687441427747E-011  2.0322675997913730E-008  3.1506330619275764E-008  2.9183630757070742E-008 -1.1576114619589179E-008 -4.6284111530270086E-008 -8.7465613665450206E-009  9.8482019961964058E-003  2.0924445252481604E-009  2.0816710825960383E-009 -1.0982020819891110E-007  5.5658249700264264E-008  8.6095848494280978E-008  7.9742247499396487E-008 -3.1698397242694508E-008 -1.2659503176519443E-007 -2.3959852451372995E-008  2.4548775941197136E-013 -2.0620812580743385E-012 -1.8605119671858009E-012 -8.8505406653897482E-014 -8.4368108968437730E-014 -2.4111939916396561E-013  3.2893608563863922E-013  1.5207968490239826E-012  1.6207672071140804E-012  2.5321491200678649E-013  2.4365453721872046E-008 -8.6529231386404774E-003 -7.7142147204488968E-010 -7.6721877390705058E-010 -8.4451350044523564E-009
-4.6998261563147085E-012 -5.2841524723740893E-006  6.1839204077199535E-012 -1.4924093782637968E-007 -2.6643888762319838E-007  1.7880021131615783E-011  5.4820950411085248E-005 -2.3827551656552793E-011 -1.4462956500776580E-008 -4.7365171984023373E-008 -4.8516467925950182E-008  4.7705084170458654E-009  5.6801676244560856E-008  9.6924480883472707E-009  2.1006975377343529E-009  9.8482007652022207E-003 -2.7947415831916932E-009  1.5146645798543636E-007 -3.9514460363818273E-008 -1.2949586264477060E-007 -1.3270674985720342E-007  1.2951466016276656E-008  1.5528202456427771E-007  2.6562994353015224E-008 -2.3780839935545433E-014 -4.7097614317713176E-013 -1.0580583204573820E-012 -1.4528491526724329E-012  9.0862408224286428E-013  1.4847508567008623E-012  1.1622917371349761E-012  1.4279497090923905E-012 -1.0882727131388626E-012 -2.7570022969744920E-013 -3.3603184359412695E-008 -7.7455339286841130E-010 -8.6529226848983329E-003  1.0289982222535787E-009  1.1647324460429490E-008
-4.6781156858624863E-012  6.1838603295827903E-012 -5.2841526659688489E-006 -1.4569095971132817E-007 -2.6010249965670562E-007  1.7788687441427747E-011 -2.3827551656552793E-011  5.4820951159726150E-005 -1.4536130470002853E-008 -4.9413936688040669E-008 -4.3406391784406151E-008  1.2574810426789224E-008  5.5402147539904583E-008  1.9613200445614169E-009  2.0899747370377773E-009 -2.7950226371621579E-009  9.8482008531922266E-003  1.4787049801610148E-007 -3.9714200137413247E-008 -1.3516382930028119E-007 -1.1866699819048284E-007  3.4446956010504204E-008  1.5145411034644000E-007  5.2672441207973159E-009  7.9817203260717481E-014 -9.0109020232763168E-013 -7.1835842681495208E-013  1.3907247370558467E-012  9.7301933209438868E-013 -1.4978012163628386E-012 -3.2086273715904485E-013 -9.8546057343077764E-013  1.3315709165288388E-012  1.2698305115714491E-012 -3.2803786666830815E-008 -7.7036782136600348E-010  1.0291002988210155E-009 -8.6529227173820986E-003  1.1370003129008769E-008
-8.3996188258779604E-010  6.1858281325145493E-010  5.9615246706749904E-010 -1.1996154632208742E-008  1.0310924727094731E-008  2.0322675997913730E-008 -1.4462956500776580E-008 -1.4536130470002853E-008  1.9046898050550001E-001  2.7993051716691389E-009  2.4517753575767111E-009 -9.5234490374126318E-002  1.1434759259735872E-009 -9.5234490131368255E-002 -7.2493104039475249E-009 -2.3780854847097209E-009 -2.3922639739419485E-009 -1.3528899314306682E-009  5.2148945972593386E-001  2.9235179120749944E-009  2.5593502677842938E-009 -2.6074472998994763E-001  1.1965869003055900E-009 -2.6074472973603802E-001  4.7541455805579312E-009 -5.8365582950356783E-009 -5.7631325671955407E-009 -3.1888924737099532E-009  2.6093004727052702E-012 -3.1894628984552778E-009  3.2746156016851252E-009  1.4229816012160445E-009  1.4432006583108008E-009  3.2349576713313632E-009  1.1955856624005796E-010  1.2539173007855380E-009  3.2099287481111892E-010  3.3812652089333330E-010 -6.8583611459818207E-011
-1.3392527598877791E-009  2.0592053018810791E-009  2.1554080542768401E-009 -3.8713807827680732E-008  3.2855380796212308E-008  3.1506330619275764E-008 -4.7365171984023373E-008 -4.9413936688040669E-008  2.7993051716691389E-009  1.9046898395051406E-001  3.0766560338119054E-009  1.1927325135336131E-010 -6.0034947000089879E-009 -2.9185787948536587E-009  3.8075678088350380E-009 -7.3615620981612017E-010  4.4386911480462929E-009 -4.1654826142198398E-009  2.9351604587437972E-009  5.2148946333098067E-001  3.2202356190396867E-009  1.1812364352480900E-010 -6.2840030888443755E-009 -3.0532841627895338E-009  3.7683467264315977E-009  4.8957146618960273E-009 -2.1666846777854701E-011 -6.7501692426627469E-009 -4.7914765359186391E-009  1.6944015858281865E-009 -2.7376957341531622E-009 -1.8688590321510696E-011 -1.2227098705433696E-009  3.0079500179804208E-011  3.4655293554546746E-010 -5.3477065319703818E-010  3.4037114760802206E-012 -9.0401430652493528E-010 -2.0785600806727880E-010
-1.2556915560857368E-009  2.1634928924957902E-009  1.9502424378631201E-009 -3.8548954997292412E-008  3.2667692125617348E-008  2.9183630757070742E-008 -4.8516467925950182E-008 -4.3406391784406151E-008  2.4517753575767111E-009  3.0766560338119054E-009  1.9046898421555236E-001 -2.8648344830119880E-009 -6.1632700758102962E-009  4.1305932874795992E-010  4.0221309290662912E-009  4.2023248459591850E-009 -1.1139810370471861E-009 -4.1257745859047540E-009  2.5719822088122486E-009  3.2189062848969911E-009  5.2148946360833648E-001 -2.9969265368633322E-009 -6.4513090082239937E-009  4.2494362307360833E-010  3.7201237169523182E-009 -2.2675380392021366E-011  4.8987284046604663E-009  1.6747614252912411E-009 -4.8539814867184108E-009 -6.6658312014253438E-009  3.0637268530789737E-011 -1.2262776363577634E-009 -1.8428544914127319E-011 -2.7372835477074236E-009  3.3982757016368104E-010 -5.9839792906263604E-010 -8.3141415500436475E-010  8.3815686455465167E-011 -2.0516693148542840E-010
 4.6979260751873675E-010 -1.5923728328952151E-010 -5.8054198384316723E-010  6.6586100161739568E-009 -5.7275987087380444E-009 -1.1576114619589179E-008  4.7705084170458654E-009  1.2574810426789224E-008 -9.5234490374126318E-002  1.1927325135336131E-010 -2.8648344830119880E-009  1.9046897899728935E-001 -5.6199618955563786E-010 -9.5234488623162486E-002  3.7094061882955175E-009  7.2199017328780979E-009 -5.0754500164585403E-009  7.5322623995215804E-010 -2.6074472999004422E-001  1.3150649717991032E-010 -2.9989005436465446E-009  5.2148945814768122E-001 -5.8751146102876170E-010 -2.6074472815763827E-001 -2.3752423822792871E-009  4.3853139670393855E-009  1.4331299417333873E-009  4.2230037810252034E-009 -6.7942012788466720E-013 -1.0362819440707581E-009 -6.5396846792747852E-009 -5.7560084931381735E-009  4.3885944003903972E-009  3.2220833436803793E-009 -6.6934700993371687E-011 -6.3755962160383412E-010 -1.1899868316961203E-009  9.2357429311239509E-010  3.8259884525143357E-011
 2.1813003457064487E-009 -2.6466270016764985E-009 -2.6188119408459456E-009  4.9856803453502546E-008 -4.2380820082944110E-008 -4.6284111530270086E-008  5.6801676244560856E-008  5.5402147539904583E-008  1.1434759259735872E-009 -6.0034947000089879E-009 -6.1632700758102962E-009 -5.6199618955563786E-010  1.9046898691119049E-001 -5.8147875297161653E-010  3.6145501412646660E-009  1.8948250216722961E-009  2.0151611527399293E-009  5.4048587137985049E-009  1.1966058773164436E-009 -6.2807327105524698E-009 -6.4478216830357138E-009 -5.8869695918954782E-010  5.2148946642919680E-001 -6.0791018718299759E-010  3.2160601701161662E-011  1.6561461537518871E-009  1.6793417808373500E-009 -2.2207110675878770E-011  3.5059495730104095E-009 -2.0940844121256119E-011  3.7272875070030408E-009 -6.7438170261518323E-009 -6.6568267069009179E-009  3.7748374502929925E-009 -4.4900795435247678E-010 -6.5087852369395303E-010 -2.2062869904304291E-010 -2.2526672620494384E-010  2.6852379811348991E-010
 3.7016927480632843E-010 -4.5934553107357922E-010 -1.5610483998237801E-011  5.3375219032461042E-009 -4.5833668774913384E-009 -8.7465613665450206E-009  9.6924480883472707E-009  1.9613200445614169E-009 -9.5234490131368255E-002 -2.9185787948536587E-009  4.1305932874795992E-010 -9.5234488623162486E-002 -5.8147875297161653E-010  1.9046897875452479E-001  3.5399069014130651E-009 -4.8418158565189770E-009  7.4677138096885506E-009  5.9966650517288313E-010 -2.6074472973587476E-001 -3.0550254272758519E-009  4.3955080310383813E-010 -2.6074472815773209E-001 -6.0907265602227838E-010  5.2148945789365986E-001 -2.3789031982785907E-009  1.4512443279961505E-009  4.3300026254619656E-009 -1.0341113073152088E-009 -1.9298803446792367E-012  4.2257448425259250E-009  3.2650690775897163E-009  4.3330268919219536E-009 -5.8317950587011316E-009 -6.4570410150114713E-009 -5.2625297037298992E-011 -6.1635878568180692E-010  8.6899265173809623E-010 -1.2617015835393961E-009  3.0325246389809480E-011
-1.2253481031604038E-004 -1.0671413062880063E-009 -1.0625212168725329E-009 -2.3010242057239227E-008 -6.7160080632205910E-008  9.8482019961964058E-003  2.1006975377343529E-009  2.0899747370377773E-009 -7.2493104039475249E-009  3.8075678088350380E-009  4.0221309290662912E-009  3.7094061882955175E-009  3.6145501412646660E-009  3.5399069014130651E-009  2.3049758151255055E+000 -9.9761466755142643E-010 -9.9240150304305899E-010  3.4534738609613702E-008 -1.3741544008108122E-008 -3.0948338984135185E-008 -2.8981155703321519E-008  8.0986694257578442E-009  3.9510198977538852E-008  5.6428779300464081E-009  6.6246629699351575E-011 -4.9486887363841338E-010 -4.4628276606096351E-010 -2.6124022956806798E-011 -3.2030737843735247E-011 -6.2833385341668103E-011  7.2660345920190839E-011  3.7367474925290647E-010  3.9738483994501496E-010  5.4120911805968980E-011 -7.5610689833759820E-009 -8.4357807948269770E-001  3.4227106635438499E-010  3.4041850457635801E-010  2.6408482522088592E-009
-1.0666571046642337E-009 -1.2253419726605821E-004  1.4037604476085492E-009  3.1737563313538608E-008  9.2536189433278793E-008  2.0924445252481604E-009  9.8482007652022207E-003 -2.7950226371621579E-009 -2.3780854847097209E-009 -7.3615620981612017E-010  4.2023248459591850E-009  7.2199017328780979E-009  1.8948250216722961E-009 -4.8418158565189770E-009 -9.9761466755142643E-010  2.3049758157127704E+000  1.3322956995986436E-009 -4.7589767482661416E-008  1.4610360449231685E-008  4.3316254653879747E-008  4.1177598442132535E-008 -8.9575262342568292E-009 -5.2556604068125859E-008 -5.6528296779902572E-009 -1.9263333126307188E-011 -1.1434608978718497E-010 -2.5522410345326387E-010 -3.4010911905160541E-010  2.3564233622194138E-010  3.6595260924051126E-010  2.8613771087364794E-010  3.3519684376903065E-010 -2.6951297239611727E-010 -5.9609060616888413E-011  1.0419167947688102E-008  3.4240407561283168E-010 -8.4357807968425669E-001 -4.5685368403364408E-010 -3.6391141840404206E-009
-1.0619245556636657E-009  1.4035946266360102E-009 -1.2253424091371564E-004  3.1018085013684304E-008  9.0061294078652709E-008  2.0816710825960383E-009 -2.7947415831916932E-009  9.8482008531922266E-003 -2.3922639739419485E-009  4.4386911480462929E-009 -1.1139810370471861E-009 -5.0754500164585403E-009  2.0151611527399293E-009  7.4677138096885506E-009 -9.9240150304305899E-010  1.3322956995986436E-009  2.3049758156708879E+000 -4.6351336057542936E-008  1.4691199529209234E-008  4.1848099684524019E-008  3.9963961361814005E-008 -8.1110921826033381E-009 -5.1360701907961410E-008 -6.5801082254618714E-009  6.2182367947279988E-012 -2.1896438747913570E-010 -1.7295693155788685E-010  3.4360919654139921E-010  2.5126649894627656E-010 -3.5194958478921165E-010 -7.0053228876273144E-011 -2.4578084065139131E-010  3.1294995111870990E-010  3.1208015253853424E-010  1.0148715693346355E-008  3.4055209249383295E-010 -4.5685265634550984E-010 -8.4357807966985432E-001 -3.5443767453348721E-009
-4.3804274037491267E-008  5.9888794440864881E-008  5.7187631935687102E-008 -3.1242914678773359E-001 -5.2237110717698632E-001 -1.0982020819891110E-007  1.5146645798543636E-007  1.4787049801610148E-007 -1.3528899314306682E-009 -4.1654826142198398E-009 -4.1257745859047540E-009  7.5322623995215804E-010  5.4048587137985049E-009  5.9966650517288313E-010  3.4534738609613702E-008 -4.7589767482661416E-008 -4.6351336057542936E-008  2.6688187644706152E+000 -7.3676762780972016E-009 -2.3797598604387293E-008 -2.3698021463149782E-008  4.0893227486963474E-009  3.0639055186194863E-008  3.2785033211467016E-009 -1.8601395619154941E-009 -1.5166826165430121E-010 -1.0349227608436967E-010  1.3380679012979153E-009  2.7575146150573959E-009  1.1575701025012281E-009  1.1680573114780431E-009 -1.5425463519140820E-009 -1.4154452714250166E-009  1.2268848830724115E-009 -1.0712391880094398E+000 -1.1132434036241479E-008  1.5340155545568585E-008  1.4938770883082125E-008  2.8724297605065741E-001
-2.2964261492399655E-009  1.6948393094837476E-009  1.6333853998085851E-009 -3.0571899809232403E-008  3.2269195936879269E-008  5.5658249700264264E-008 -3.9514460363818273E-008 -3.9714200137413247E-008  5.2148945972593386E-001  2.9351604587437972E-009  2.5719822088122486E-009 -2.6074472999004422E-001  1.1966058773164436E-009 -2.6074472973587476E-001 -1.3741544008108122E-008  1.4610360449231685E-008  1.4691199529209234E-008 -7.3676762780972016E-009  1.4277981426870376E+000 -4.9436058227292866E-009 -4.3298617624998119E-009 -7.1389907112924622E-001 -2.0193748882778599E-009 -7.1389907155793353E-001  1.3016485792661222E-008 -1.5980049089483129E-008 -1.5779015068681700E-008 -8.7309428774578730E-009  7.1442446266869841E-012 -8.7325046917246507E-009  8.9656463746497039E-009  3.8960145795641186E-009  3.9513728234898960E-009  8.8570660080780381E-009  1.5096060751278173E-009  5.0684007438540619E-009 -4.3798075660895141E-009 -4.4138101668665772E-009 -5.5077350694804090E-010
-3.6685692208918191E-009  5.6382767775113773E-009  5.8994397385787161E-009 -9.8153985399109661E-008  1.0389432118698000E-007  8.6095848494280978E-008 -1.2949586264477060E-007 -1.3516382930028119E-007  2.9235179120749944E-009  5.2148946333098067E-001  3.2189062848969911E-009  1.3150649717991032E-010 -6.2807327105524698E-009 -3.0550254272758519E-009 -3.0948338984135185E-008  4.3316254653879747E-008  4.1848099684524019E-008 -2.3797598604387293E-008 -4.9436058227292866E-009  1.4277981366031265E+000 -5.4334231246381376E-009 -2.1063140733532451E-010  1.0602254368136056E-008  5.1542370815441601E-009  1.0317444001979279E-008  1.3404091309315767E-008 -5.9322036322093488E-011 -1.8481445483321097E-008 -1.3118694821976358E-008  4.6391418225329821E-009 -7.4956006675206803E-009 -5.1168175107652532E-011 -3.3476862740835526E-009  8.2355453772632167E-011  4.8761142434992216E-009  9.4370273513797853E-009 -1.3673024094796487E-008 -1.3684339123205618E-008 -1.7782642330226375E-009
-3.4398128890604897E-009  5.9215846569782850E-009  5.3400938850977675E-009 -9.7678317415809263E-008  1.0342411232728416E-007  7.9742247499396487E-008 -1.3270674985720342E-007 -1.1866699819048284E-007  2.5593502677842938E-009  3.2202356190396867E-009  5.2148946360833648E-001 -2.9989005436465446E-009 -6.4478216830357138E-009  4.3955080310383813E-010 -2.8981155703321519E-008  4.1177598442132535E-008  3.9963961361814005E-008 -2.3698021463149782E-008 -4.3298617624998119E-009 -5.4334231246381376E-009  1.4277981361350978E+000  5.0593260447083152E-009  1.0884418819418179E-008 -7.2946624636355853E-010  1.0185413107210877E-008 -6.2083333332782940E-011  1.3412342673081959E-008  4.5853685575932800E-009 -1.3289828566852602E-008 -1.8250534392046254E-008  8.3882584573964333E-011 -3.3574545516768051E-009 -5.0456186545197063E-011 -7.4944721019319969E-009  4.8563480086263877E-009  8.8061227942939219E-009 -1.3468428387646524E-008 -1.2577223136800647E-008 -1.7709588354705534E-009
 1.2845321770804850E-009 -4.3927503277755746E-010 -1.5873108198173303E-009  1.6974599476569409E-008 -1.7913992985622157E-008 -3.1698397242694508E-008  1.2951466016276656E-008  3.4446956010504204E-008 -2.6074472998994763E-001  1.1812364352480900E-010 -2.9969265368633322E-009  5.2148945814768122E-001 -5.8869695918954782E-010 -2.6074472815773209E-001  8.0986694257578442E-009 -8.9575262342568292E-009 -8.1110921826033381E-009  4.0893227486963474E-009 -7.1389907112924622E-001 -2.1063140733532451E-010  5.0593260447083152E-009  1.4277981453506532E+000  9.9248158359957061E-010 -7.1389907422141041E-001 -6.5032313713855013E-009  1.2006653314058715E-008  3.9237999627884075E-009  1.1562260553704010E-008 -1.8602959383151248E-012 -2.8372607067095155E-009 -1.7905155126460815E-008 -1.5759509936841150E-008  1.2015634928988699E-008  8.8218171097205658E-009 -8.3778803978886568E-010 -2.9366626203472502E-009  2.1400103020092015E-009  3.0371319866798031E-009  3.0567399882840606E-010
 5.9703634641899227E-009 -7.2469675852332047E-009 -7.1709277223398011E-009  1.2648869864538559E-007 -1.3383830820001830E-007 -1.2659503176519443E-007  1.5528202456427771E-007  1.5145411034644000E-007  1.1965869003055900E-009 -6.2840030888443755E-009 -6.4513090082239937E-009 -5.8751146102876170E-010  5.2148946642919680E-001 -6.0907265602227838E-010  3.9510198977538852E-008 -5.2556604068125859E-008 -5.1360701907961410E-008  3.0639055186194863E-008 -2.0193748882778599E-009  1.0602254368136056E-008  1.0884418819418179E-008  9.9248158359957061E-010  1.4277981313745913E+000  1.0268898764615131E-009  8.8053576890152882E-011  4.5344013664985061E-009  4.5979092239023012E-009 -6.0801572488313411E-011  9.5990203510916728E-009 -5.7334642459587767E-011  1.0205026943731831E-008 -1.8464053497791770E-008 -1.8225880675782458E-008  1.0335215034306557E-008 -6.2812999261554342E-009 -1.2931509137978456E-008  1.6522789679007178E-008  1.6119306834615535E-008  2.2908491874849314E-009
 1.0118939750051007E-009 -1.2555642717451380E-009 -4.6074579059145290E-011  1.3597288969573705E-008 -1.4355221272755944E-008 -2.3959852451372995E-008  2.6562994353015224E-008  5.2672441207973159E-009 -2.6074472973603802E-001 -3.0532841627895338E-009  4.2494362307360833E-010 -2.6074472815763827E-001 -6.0791018718299759E-010  5.2148945789365986E-001  5.6428779300464081E-009 -5.6528296779902572E-009 -6.5801082254618714E-009  3.2785033211467016E-009 -7.1389907155793353E-001  5.1542370815441601E-009 -7.2946624636355853E-010 -7.1389907422141041E-001  1.0268898764615131E-009  1.4277981457794890E+000 -6.5132544212771138E-009  3.9733957754257030E-009  1.1855215105895103E-008 -2.8313176762457139E-009 -5.2839486882510828E-012  1.1569765398435613E-008  8.9395087518111805E-009  1.1863495357277580E-008 -1.5967007752479975E-008 -1.7678883117800367E-008 -6.7185191255042607E-010 -2.1317361407661596E-009  2.2398011186274059E-009  1.3766794387828660E-009  2.4510240486389423E-010
 1.1399250563816638E-014 -2.2029259815894325E-014 -2.1379328191871739E-014  1.1887365905470297E-009  2.1137479307882681E-009  2.4548775941197136E-013 -2.3780839935545433E-014  7.9817203260717481E-014  4.7541455805579312E-009  3.7683467264315977E-009  3.7201237169523182E-009 -2.3752423822792871E-009  3.2160601701161662E-011 -2.3789031982785907E-009  6.6246629699351575E-011 -1.9263333126307188E-011  6.2182367947279988E-012 -1.8601395619154941E-009  1.3016485792661222E-008  1.0317444001979279E-008  1.0185413107210877E-008 -6.5032313713855013E-009  8.8053576890152882E-011 -6.5132544212771138E-009  2.7057006439839349E-016 -4.8591890699929512E-017 -4.8082942079340517E-017 -1.8377548872865360E-016 -1.9587202577837655E-016 -1.7923234214892217E-016  2.5810361711523261E-017  1.3860592842909961E-017  1.3963677888439991E-017  2.5507835448819820E-017  4.9408641852491122E-010 -8.5334615747297583E-012 -1.7244709861029025E-011 -2.4453017900896131E-011 -1.4900644565975757E-010
 6.7256337872651515E-015 -6.2512560757020573E-016 -1.3614727407386849E-015  9.8818215025041056E-011  1.7575849438221596E-010 -2.0620812580743385E-012 -4.7097614317713176E-013 -9.0109020232763168E-013 -5.8365582950356783E-009  4.8957146618960273E-009 -2.2675380392021366E-011  4.3853139670393855E-009  1.6561461537518871E-009  1.4512443279961505E-009 -4.9486887363841338E-010 -1.1434608978718497E-010 -2.1896438747913570E-010 -1.5166826165430121E-010 -1.5980049089483129E-008  1.3404091309315767E-008 -6.2083333332782940E-011  1.2006653314058715E-008  4.5344013664985061E-009  3.9733957754257030E-009 -4.8591890699929512E-017  3.3432130828186158E-016  1.7533414108911579E-016 -4.9473563530057881E-017 -9.2771849126888505E-017  1.1466643486721370E-016 -1.8891855071576898E-016 -1.5413599702282017E-016 -8.0860458540733297E-017 -1.5800153212419722E-017  3.9784940564694141E-011  1.6031845474937171E-010  3.4747387957618090E-011  6.6356788678917960E-011 -1.2038368513486695E-011
 6.3727308813364498E-015  1.3434479159020334E-015  1.3923747228088975E-015  6.6498059559020989E-011  1.1825208332429104E-010 -1.8605119671858009E-012 -1.0580583204573820E-012 -7.1835842681495208E-013 -5.7631325671955407E-009 -2.1666846777854701E-011  4.8987284046604663E-009  1.4331299417333873E-009  1.6793417808373500E-009  4.3300026254619656E-009 -4.4628276606096351E-010 -2.5522410345326387E-010 -1.7295693155788685E-010 -1.0349227608436967E-010 -1.5779015068681700E-008 -5.9322036322093488E-011  1.3412342673081959E-008  3.9237999627884075E-009  4.5979092239023012E-009  1.1855215105895103E-008 -4.8082942079340517E-017  1.7533414108911579E-016  3.3000828594493203E-016  1.1331014008865028E-016 -9.3895736103511240E-017 -4.8800096404391543E-017 -1.5616316371948472E-017 -8.2779186492029389E-017 -1.5438266170110510E-016 -1.8427369815651126E-016  2.7404121594201417E-011  1.4490571243100970E-010  8.0444894978922027E-011  5.5026147027592356E-011 -8.2725510794991817E-012
-7.8879662913950659E-015  1.8774225775301893E-014  1.1516151922192984E-014 -8.5655938853936671E-010 -1.5231227379502853E-009 -8.8505406653897482E-014 -1.4528491526724329E-012  1.3907247370558467E-012 -3.1888924737099532E-009 -6.7501692426627469E-009  1.6747614252912411E-009  4.2230037810252034E-009 -2.2207110675878770E-011 -1.0341113073152088E-009 -2.6124022956806798E-011 -3.4010911905160541E-010  3.4360919654139921E-010  1.3380679012979153E-009 -8.7309428774578730E-009 -1.8481445483321097E-008  4.5853685575932800E-009  1.1562260553704010E-008 -6.0801572488313411E-011 -2.8313176762457139E-009 -1.8377548872865360E-016 -4.9473563530057881E-017  1.1331014008865028E-016  3.5824196610398162E-016  1.3167911556602031E-016 -1.1168128061464501E-016 -4.6119700826129600E-017 -1.2885091889983705E-016  1.1134962419903340E-016  1.1583391288913394E-017 -3.5502662659308676E-010 -1.9578366308070855E-013  1.2508863138042160E-010 -9.4268290830490378E-011  1.0710055216351075E-010
-1.9178496663393982E-014  2.5961163888595377E-014  2.5953528109808487E-014 -1.7568122186222153E-009 -3.1237413503776417E-009 -8.4368108968437730E-014  9.0862408224286428E-013  9.7301933209438868E-013  2.6093004727052702E-012 -4.7914765359186391E-009 -4.8539814867184108E-009 -6.7942012788466720E-013  3.5059495730104095E-009 -1.9298803446792367E-012 -3.2030737843735247E-011  2.3564233622194138E-010  2.5126649894627656E-010  2.7575146150573959E-009  7.1442446266869841E-012 -1.3118694821976358E-008 -1.3289828566852602E-008 -1.8602959383151248E-012  9.5990203510916728E-009 -5.2839486882510828E-012 -1.9587202577837655E-016 -9.2771849126888505E-017 -9.3895736103511240E-017  1.3167911556602031E-016  3.1905942711847443E-016  1.3111078562136765E-016  1.4106568341872573E-016 -9.8118082206618283E-017 -9.6487635200440198E-017  1.4311865759925001E-016 -7.3390612740925515E-010 -1.0256002602285012E-011 -4.5639269723041903E-011 -5.0471575282552056E-011  2.2121954099903561E-010
-7.4261626927279341E-015  1.0780970701262267E-014  1.7167138861303784E-014 -7.3829802455419557E-010 -1.3127675685639443E-009 -2.4111939916396561E-013  1.4847508567008623E-012 -1.4978012163628386E-012 -3.1894628984552778E-009  1.6944015858281865E-009 -6.6658312014253438E-009 -1.0362819440707581E-009 -2.0940844121256119E-011  4.2257448425259250E-009 -6.2833385341668103E-011  3.6595260924051126E-010 -3.5194958478921165E-010  1.1575701025012281E-009 -8.7325046917246507E-009  4.6391418225329821E-009 -1.8250534392046254E-008 -2.8372607067095155E-009 -5.7334642459587767E-011  1.1569765398435613E-008 -1.7923234214892217E-016  1.1466643486721370E-016 -4.8800096404391543E-017 -1.1168128061464501E-016  1.3111078562136765E-016  3.5214670265960640E-016  1.1491471748618086E-017  1.1025497428314146E-016 -1.3008387945080838E-016 -4.5805743346302405E-017 -3.0785938924982389E-010  1.1647177789055770E-011 -1.0195228738309635E-010  1.2707466656743434E-010  9.2812597309278999E-011
-1.1286978952173124E-014  8.1111962259242780E-015  1.2493505761640137E-014 -7.4182794219530295E-010 -1.3189688771626440E-009  3.2893608563863922E-013  1.1622917371349761E-012 -3.2086273715904485E-013  3.2746156016851252E-009 -2.7376957341531622E-009  3.0637268530789737E-011 -6.5396846792747852E-009  3.7272875070030408E-009  3.2650690775897163E-009  7.2660345920190839E-011  2.8613771087364794E-010 -7.0053228876273144E-011  1.1680573114780431E-009  8.9656463746497039E-009 -7.4956006675206803E-009  8.3882584573964333E-011 -1.7905155126460815E-008  1.0205026943731831E-008  8.9395087518111805E-009  2.5810361711523261E-017 -1.8891855071576898E-016 -1.5616316371948472E-017 -4.6119700826129600E-017  1.4106568341872573E-016  1.1491471748618086E-017  3.3869895689683123E-016  6.3334271165529051E-017 -2.6549380278247990E-016 -3.5566854695628383E-017 -3.1149582550405876E-010 -3.4396655295774351E-011 -8.0067808837104159E-011  3.4850308216874954E-011  9.3844529418469308E-011
 9.2478434618830364E-015 -1.7182725020851440E-014 -1.2091788902223801E-014  9.7870234177172163E-010  1.7401078970649773E-009  1.5207968490239826E-012  1.4279497090923905E-012 -9.8546057343077764E-013  1.4229816012160445E-009 -1.8688590321510696E-011 -1.2262776363577634E-009 -5.7560084931381735E-009 -6.7438170261518323E-009  4.3330268919219536E-009  3.7367474925290647E-010  3.3519684376903065E-010 -2.4578084065139131E-010 -1.5425463519140820E-009  3.8960145795641186E-009 -5.1168175107652532E-011 -3.3574545516768051E-009 -1.5759509936841150E-008 -1.8464053497791770E-008  1.1863495357277580E-008  1.3860592842909961E-017 -1.5413599702282017E-016 -8.2779186492029389E-017 -1.2885091889983705E-016 -9.8118082206618283E-017  1.1025497428314146E-016  6.3334271165529051E-017  4.3875494891279696E-016  6.9164119312127511E-017 -2.6532867797309636E-016  4.1161429533442803E-010 -1.0595688211440884E-010 -1.2187218743663661E-010  6.3373688674684625E-011 -1.2398746951073544E-010
 8.4175080118400963E-015 -1.0251487080720059E-014 -1.5400732424873255E-014  8.9644839888455775E-010  1.5938239272162892E-009  1.6207672071140804E-012 -1.0882727131388626E-012  1.3315709165288388E-012  1.4432006583108008E-009 -1.2227098705433696E-009 -1.8428544914127319E-011  4.3885944003903972E-009 -6.6568267069009179E-009 -5.8317950587011316E-009  3.9738483994501496E-010 -2.6951297239611727E-010  3.1294995111870990E-010 -1.4154452714250166E-009  3.9513728234898960E-009 -3.3476862740835526E-009 -5.0456186545197063E-011  1.2015634928988699E-008 -1.8225880675782458E-008 -1.5967007752479975E-008  1.3963677888439991E-017 -8.0860458540733297E-017 -1.5438266170110510E-016  1.1134962419903340E-016 -9.6487635200440198E-017 -1.3008387945080838E-016 -2.6549380278247990E-016  6.9164119312127511E-017  4.3705778107117751E-016  6.3518128858041785E-017  3.7813034783231238E-010 -1.1417043978575360E-010  7.2670069729007884E-011 -1.1311359819604962E-010 -1.1386739322870030E-010
-1.1641982878837035E-014  1.1804313280599779E-014  7.9760864026873419E-015 -7.7904659859149357E-010 -1.3851401346019530E-009  2.5321491200678649E-013 -2.7570022969744920E-013  1.2698305115714491E-012  3.2349576713313632E-009  3.0079500179804208E-011 -2.7372835477074236E-009  3.2220833436803793E-009  3.7748374502929925E-009 -6.4570410150114713E-009  5.4120911805968980E-011 -5.9609060616888413E-011  3.1208015253853424E-010  1.2268848830724115E-009  8.8570660080780381E-009  8.2355453772632167E-011 -7.4944721019319969E-009  8.8218171097205658E-009  1.0335215034306557E-008 -1.7678883117800367E-008  2.5507835448819820E-017 -1.5800153212419722E-017 -1.8427369815651126E-016  1.1583391288913394E-017  1.4311865759925001E-016 -4.5805743346302405E-017 -3.5566854695628383E-017 -2.6532867797309636E-016  6.3518128858041785E-017  3.3511383842914319E-016 -3.2722467737606713E-010 -2.9030430937534721E-011  3.0876676278829849E-011 -8.8239898886850052E-011  9.8581474321676163E-011
 9.0625723617275268E-009 -1.2387293299987340E-008 -1.1819908874038468E-008  7.0827010049080902E-002  1.0236127950658859E-001  2.4365453721872046E-008 -3.3603184359412695E-008 -3.2803786666830815E-008  1.1955856624005796E-010  3.4655293554546746E-010  3.3982757016368104E-010 -6.6934700993371687E-011 -4.4900795435247678E-010 -5.2625297037298992E-011 -7.5610689833759820E-009  1.0419167947688102E-008  1.0148715693346355E-008 -1.0712391880094398E+000  1.5096060751278173E-009  4.8761142434992216E-009  4.8563480086263877E-009 -8.3778803978886568E-010 -6.2812999261554342E-009 -6.7185191255042607E-010  4.9408641852491122E-010  3.9784940564694141E-011  2.7404121594201417E-011 -3.5502662659308676E-010 -7.3390612740925515E-010 -3.0785938924982389E-010 -3.1149582550405876E-010  4.1161429533442803E-010  3.7813034783231238E-010 -3.2722467737606713E-010  2.6602778050519316E+000  2.4350036686971409E-009 -3.3553138703871707E-009 -3.2677757771850530E-009 -8.1293976232036691E-001
 1.9308567834616281E-003  3.9221654463282769E-010  3.9045839367199368E-010  7.0455612867330319E-009  2.1850781555671217E-008 -8.6529231386404774E-003 -7.7455339286841130E-010 -7.7036782136600348E-010  1.2539173007855380E-009 -5.3477065319703818E-010 -5.9839792906263604E-010 -6.3755962160383412E-010 -6.5087852369395303E-010 -6.1635878568180692E-010 -8.4357807948269770E-001  3.4240407561283168E-010  3.4055209249383295E-010 -1.1132434036241479E-008  5.0684007438540619E-009  9.4370273513797853E-009  8.8061227942939219E-009 -2.9366626203472502E-009 -1.2931509137978456E-008 -2.1317361407661596E-009 -8.5334615747297583E-012  1.6031845474937171E-010  1.4490571243100970E-010 -1.9578366308070855E-013 -1.0256002602285012E-011  1.1647177789055770E-011 -3.4396655295774351E-011 -1.0595688211440884E-010 -1.1417043978575360E-010 -2.9030430937534721E-011  2.4350036686971409E-009  2.3088619281012326E+000 -1.1682238936118342E-010 -1.1617203148761709E-010 -8.5092611079649709E-010
 3.9203727310473419E-010  1.9308565582514202E-003 -5.1542890858510141E-010 -9.7188981437387745E-009 -3.0105228621644942E-008 -7.7142147204488968E-010 -8.6529226848983329E-003  1.0291002988210155E-009  3.2099287481111892E-010  3.4037114760802206E-012 -8.3141415500436475E-010 -1.1899868316961203E-009 -2.2062869904304291E-010  8.6899265173809623E-010  3.4227106635438499E-010 -8.4357807968425669E-001 -4.5685265634550984E-010  1.5340155545568585E-008 -4.3798075660895141E-009 -1.3673024094796487E-008 -1.3468428387646524E-008  2.1400103020092015E-009  1.6522789679007178E-008  2.2398011186274059E-009 -1.7244709861029025E-011  3.4747387957618090E-011  8.0444894978922027E-011  1.2508863138042160E-010 -4.5639269723041903E-011 -1.0195228738309635E-010 -8.0067808837104159E-011 -1.2187218743663661E-010  7.2670069729007884E-011  3.0876676278829849E-011 -3.3553138703871707E-009 -1.1682238936118342E-010  2.3088619281700309E+000  1.5580363993793612E-010  1.1725392501827237E-009
 3.9023695942863884E-010 -5.1536623134285701E-010  1.9308565743008093E-003 -9.5049501980075390E-009 -2.9292766108579560E-008 -7.6721877390705058E-010  1.0289982222535787E-009 -8.6529227173820986E-003  3.3812652089333330E-010 -9.0401430652493528E-010  8.3815686455465167E-011  9.2357429311239509E-010 -2.2526672620494384E-010 -1.2617015835393961E-009  3.4041850457635801E-010 -4.5685368403364408E-010 -8.4357807966985432E-001  1.4938770883082125E-008 -4.4138101668665772E-009 -1.3684339123205618E-008 -1.2577223136800647E-008  3.0371319866798031E-009  1.6119306834615535E-008  1.3766794387828660E-009 -2.4453017900896131E-011  6.6356788678917960E-011  5.5026147027592356E-011 -9.4268290830490378E-011 -5.0471575282552056E-011  1.2707466656743434E-010  3.4850308216874954E-011  6.3373688674684625E-011 -1.1311359819604962E-010 -8.8239898886850052E-011 -3.2677757771850530E-009 -1.1617203148761709E-010  1.5580363993793612E-010  2.3088619281651561E+000  1.1418530183339957E-009
-3.2839030869835408E-009  4.4893907055063843E-009  4.2860504249162639E-009 -2.5959756568506773E-002 -3.4983354873533795E-002 -8.4451350044523564E-009  1.1647324460429490E-008  1.1370003129008769E-008 -6.8583611459818207E-011 -2.0785600806727880E-010 -2.0516693148542840E-010  3.8259884525143357E-011  2.6852379811348991E-010  3.0325246389809480E-011  2.6408482522088592E-009 -3.6391141840404206E-009 -3.5443767453348721E-009  2.8724297605065741E-001 -5.5077350694804090E-010 -1.7782642330226375E-009 -1.7709588354705534E-009  3.0567399882840606E-010  2.2908491874849314E-009  2.4510240486389423E-010 -1.4900644565975757E-010 -1.2038368513486695E-011 -8.2725510794991817E-012  1.0710055216351075E-010  2.2121954099903561E-010  9.2812597309278999E-011  9.3844529418469308E-011 -1.2398746951073544E-010 -1.1386739322870030E-010  9.8581474321676163E-011 -8.1293976232036691E-001 -8.5092611079649709E-010  1.1725392501827237E-009  1.1418530183339957E-009  2.2493357913431851E+000
