   2.5741918112964025E-004   2.1310370566379092E-019   1.2988296231172668E-017   1.0011871344116139E-018   5.3826630406415657E-020  -9.1960980886748372E-019   4.8499274172993567E-019   4.6900849566827017E-019   1.5137520400473354E-019  -2.6341933431289700E-018   2.6266265005958460E-003  -1.6230469872989964E-017   3.4984895941325652E-017   4.7161682413044356E-018  -5.0197890494099033E-017  -1.2347375858116185E-018   7.2124222795819376E-019  -2.4729628360366634E-017   3.3191951853914407E-019  -2.1532282980920960E-017   1.9327215270358702E-018   1.0619738858830146E-019  -3.0341277050291290E-019   4.2912766454844172E-020  -3.2809240828958715E-018  -1.5395569626844130E-020  -4.0416953706792104E-019  -3.0517623515722296E-018   3.4449041475371385E-019  -2.5311809170326710E-018   3.8434912861316098E-003  -2.2651668438524022E-017   7.2934583663242554E-017  -5.9698431675659965E-017  -8.9452570368271268E-017   2.3727569930603030E-019   4.6264312547727509E-019  -4.2800250016277780E-017   1.4897085500069328E-020  -4.2185440825439926E-017  -2.5711141146338675E-019   5.1694849378746762E-019  -9.0535728520463704E-020   7.9505542849754853E-019  -7.8750199877359789E-019   9.3001190095530254E-020   9.4634879492743453E-020  -5.2123821848270504E-019  -1.8881212143630744E-019  -4.6967755286495851E-019   3.3078113560822218E-003  -1.9274747996677046E-017   5.5141968391889324E-017  -1.2380520166379313E-016   2.7833714899992555E-015   7.8632660877368412E-019  -1.4809872666034433E-019   5.8822498925364814E-019   1.3878170972128360E-018  -2.4923671426144749E-020   1.6812808721800726E-018  -6.5078172484870672E-019   6.2946556411369371E-019  -2.5738850235650651E-020   1.9474676580234204E-018   7.3485657252932590E-017   3.7525318992464365E-019   4.7650228691835977E-021   3.3023507413499257E-020   2.8449998820779323E-020  -2.0653947338463548E-020   1.4826457616366823E-019   2.2084352531905800E-003  -1.3588889271793886E-017   4.0665769453368444E-017
   2.1310370566379092E-019   2.5741918112960486E-004   2.3740490772440244E-018   2.4034924281624288E-017   3.6278458059144945E-018   2.0954041907708268E-020   7.3273372285600210E-020  -1.6492735881781794E-018   1.8251552813848614E-019   2.3412467530924848E-018   1.6374722441539893E-017   2.6266265005956786E-003   2.3431289663371051E-017  -3.9953443378123448E-017   5.8469650773739999E-019  -3.4990221054389520E-017   8.8463313949326869E-019   1.2759195815510957E-019   1.2721160566481277E-019   7.8864149425870081E-019  -5.8271819976913222E-017   1.5225568416234863E-018  -3.2979393426065344E-017   2.9990189581265347E-018   4.2553559055579595E-018  -3.1704155449941159E-020  -9.4677869068503750E-020   5.0731359932465615E-018  -4.0627696068382043E-019   3.9499348502111698E-018   2.6498545504216116E-017   3.8434912861313487E-003   3.0524756656748807E-017   7.3023195891352739E-016  -5.7001612108605639E-019  -4.2032856866550023E-017   1.6023168697676776E-018  -1.6104712354131210E-019  -1.8373030710449125E-020  -1.7018011129706735E-019  -1.0911509597065288E-016   1.2851903965443431E-018  -4.3043700260542753E-017   3.0554975444184912E-018   4.6924963825340094E-018  -4.2586572297462787E-020  -4.1578380845200839E-020   4.4674752339918934E-018   1.2214330642135003E-019   4.1108110125241866E-018   2.4175309999443356E-017   3.3078113560820761E-003   3.0853742236609287E-017   1.1944031895984539E-015   4.9488146719469805E-015  -9.2400694171400158E-019  -1.8884769115097275E-017   6.0335771467903716E-019  -5.6744446641755629E-019  -7.6669915981707477E-021  -5.5531230918028130E-019  -3.5683826339009761E-017   7.4896514591681475E-019  -1.8318335260936534E-017   1.5851283266269435E-018   4.6174775860989620E-016  -1.0436719147827902E-018  -3.4986288972370416E-020  -6.9507204946531443E-021  -1.1036944095017174E-018   8.5470085453116631E-020  -9.7134592334527503E-019   1.4272611716649516E-017   2.2084352531904113E-003   2.2453550266669017E-017
   1.2988296231172668E-017   2.3740490772440244E-018   2.5741918112966340E-004  -7.3463522670344885E-018   5.5217031313212486E-018   2.0445498926546546E-018   4.6060991573839779E-019  -3.4613728905115082E-018  -7.5972082227916673E-019   4.9711219218263908E-018   8.0104911673464282E-017   1.6256353639730098E-018   2.6266265005959397E-003  -1.2793453729096429E-017   6.6686526517433675E-019   1.1301102021135643E-018  -3.0599384602586877E-017  -1.1369030908091528E-018  -8.4526939865343617E-019   1.2692764443161564E-018   2.4987033216559292E-018  -2.9549850014995472E-017   1.1217998253729499E-018  -5.3224585861464088E-017   1.1045153143548494E-018  -2.3302984743033546E-018  -1.3065820532809337E-018   7.9240145683689894E-018   1.8460576637694211E-018   3.0326033940736050E-019   1.2838196037217451E-016  -8.5000873787337385E-018   3.8434912861318015E-003  -1.0199613176065241E-015  -3.1665051909393375E-020   1.7442637018125645E-018  -3.7577582191219969E-017   1.5342199172017746E-019   2.6646738403007516E-019  -1.9294572133636375E-019   4.3585077401520777E-018  -3.8817671537941393E-017   1.5575108872979595E-018  -1.0117934339665306E-016   4.2501396669764339E-018   5.4864597829162226E-019   5.2664362783187549E-019   2.3795380581581977E-018  -7.6586682220219038E-019   4.7216469416063631E-018   1.0743727080630083E-016  -3.9138945672124075E-018   3.3078113560824148E-003  -1.7179893656536800E-015   5.5903092978658745E-016  -3.1202251441052381E-019   1.4641988752930675E-018  -1.1625786717629332E-017   7.5075381247540780E-020  -5.9315633829126177E-020  -2.4756394123163325E-019   2.7148660228942705E-018  -1.2377958799626564E-017   1.5825534002797632E-018  -2.3599832521507723E-017  -3.7458854265691686E-016   1.2290885664206837E-018  -7.5271924987165104E-020  -2.3092944955412747E-019   1.4495263940608467E-018   2.4861373407583363E-019   9.7827744236257075E-019   7.2378965342879853E-017   1.7832931488198292E-018   2.2084352531906710E-003
   1.0011871344116139E-018   2.4034924281624288E-017  -7.3463522670344885E-018   7.1895883601837669E-005   1.2507752256234127E-016  -4.4310090589435104E-018  -6.8743039265336628E-018   1.2487698185385897E-016  -7.6090148188901846E-018   1.2981423808016047E-016   1.4900823912882168E-018   8.8983317511770261E-017   9.9888832242775269E-017  -6.3279137855061136E-005  -4.4881537596105441E-018  -1.9279554219686278E-018   1.1687825388634129E-018   1.1934011191862646E-018  -4.1692421356321065E-019  -2.1776660574673621E-019   3.0718377230848426E-018   1.0249564038246106E-019  -3.2807817708840358E-019  -1.4119825095216250E-018   4.8818085292766883E-016   1.6551895321333687E-021   5.9805397360994590E-018   4.9773540904070325E-016   8.6369292792254760E-018   4.8105825603739931E-016   2.8524839519965995E-017   1.5476893190507043E-016   1.3573120188776993E-016   4.3221457549736803E-003  -4.8660714225191434E-018   4.6960526584854077E-018   3.8938039383524696E-019  -2.5998073356192377E-018   3.7828138286944690E-019  -2.3053023158820444E-018  -7.1400679533972236E-018   3.4854845247075633E-019   4.1756559460770769E-018   2.1232952693599964E-018   7.8439586737189435E-016   1.0318106161123872E-018  -4.2567561891620945E-018   7.5143030166354791E-016  -6.7669543128953106E-018   7.5804112153044694E-016   9.0566208039315808E-018   1.2354303049855904E-016   1.2024803276153275E-016   7.2217040757612001E-003   9.6592875651727668E-004  -2.4865925139527883E-018  -1.2691362971915112E-018   1.1626270009389190E-018  -1.8901468757612628E-018   4.7661081487215544E-019  -2.5246254950886382E-018   4.8492130135383785E-021   9.6408178958427870E-019  -1.9258231564355026E-018   1.0438724957737525E-018   1.7126970783271302E-003   2.9729349393030127E-016   8.8976658110770181E-019   1.2185958260327681E-018   2.9962593607010090E-016   9.1691706848861306E-019   3.0360956230244226E-016   1.0127659988571798E-017   8.4515159497526430E-017   7.6644973860625567E-017
   5.3826630406415657E-020   3.6278458059144945E-018   5.5217031313212486E-018   1.2507752256234127E-016   2.2676549285656831E-028  -7.3601629063750935E-030  -1.2447731340635591E-029   2.2309589507917426E-028  -9.6240340044682518E-030   2.2964744353010206E-028   5.4923045447026834E-019   3.7017427730031633E-017   5.6341767966079444E-017  -1.1497122222344790E-016   7.0803029049392235E-030  -5.9998804826361219E-030   5.0551276860669554E-031  -9.3698126300478027E-030  -8.5148421872878184E-031  -8.7995892266029778E-030   5.5723897276300352E-030  -1.9878005091891861E-030  -3.5004705435220975E-030  -3.4622057848732514E-030   8.7999968839923731E-028  -9.5829486490449166E-031   6.8792232531776778E-030   8.9490457350274107E-028   1.0986660828867633E-029   8.6593003283277590E-028   8.0367820302024759E-019   5.4166879411031334E-017   8.2443809263982317E-017   7.4195253776700000E-015  -2.1747500356993724E-029   6.8120656410015837E-030  -1.7464652858708169E-030   3.8628418243308987E-030   4.8898097161870541E-031   3.7900357431759993E-030  -1.7596549604142991E-029  -7.7910863746390065E-031   5.5804983721444666E-030   2.9071884944613472E-030   1.4033868335589236E-027   3.9087918285055309E-030   8.6803655183772443E-032   1.3396157178357326E-027  -6.2212552191464265E-030   1.3528175252297599E-027   6.9166694771290423E-019   4.6617464565538604E-017   7.0953346377048897E-017   1.2364821803643772E-014   5.8272288760489681E-015   6.0339404505225818E-031  -4.0699454228048083E-030   2.3268431548920277E-030  -6.0606219572826971E-030   1.1697833008610724E-030  -9.9161135094524432E-030  -8.9664425906905627E-031   1.6700244432002975E-030  -4.2884873797226788E-030   2.8855610822911372E-030   3.0860998293709740E-015   5.2408725044608472E-028  -3.7534239146992737E-031  -1.7827238118414404E-030   5.2322917373985022E-028  -1.7385718083784847E-030   5.3161861929177874E-028   4.6178621039878032E-019   3.1123797906925123E-017   4.7371465480583679E-017
  -9.1960980886748372E-019   2.0954041907708268E-020   2.0445498926546546E-018  -4.4310090589435104E-018  -7.3601629063750935E-030   3.0291868281880404E-031   4.0869714523869569E-031  -7.5244110641048559E-030   5.8514098639951589E-031  -7.8272807367527471E-030  -9.3834168983830318E-018   2.1380862734963956E-019   2.0861961048386005E-017   3.7346538518576412E-018   9.6473568059670564E-031   5.5695941342612073E-032  -3.4749261205969901E-031  -3.8064843918683749E-031   1.4087476838267192E-032  -1.8563674800125723E-031  -1.4743052977500464E-031  -2.9385458634263521E-031  -5.6702999838181362E-032  -3.3245456119100724E-031  -2.9029700600942130E-029  -4.9379828903858378E-032  -4.9583131792081984E-031  -2.9628602083730002E-029  -6.5674391326347212E-031  -2.8655876862555389E-029  -1.3730570781531507E-017   3.1286199082010981E-019   3.0526900373122121E-017  -2.6975282115037459E-016   1.7059473780812157E-031  -3.0700502832370858E-031  -3.7949886651823976E-031   5.9839869065419990E-031  -2.7160264337633153E-032   5.5574809168622885E-031   3.4044890811553847E-031  -3.5085849330113309E-031  -2.8574752188894345E-031  -8.9170636201092756E-031  -4.6999299874241503E-029   1.1586754168946695E-032   5.1938556581818027E-031  -4.5199262631429739E-029   6.0002308820861927E-031  -4.5532270605377665E-029  -1.1816896299601315E-017   2.6925739362407714E-019   2.6272266593801552E-017  -4.5180823153302491E-016   8.0807786305735715E-017   3.1537181382421770E-031   3.3768560874156079E-032  -1.4760062522770724E-031   1.8467022461616705E-032  -1.8182209268508763E-032  -3.8937575216222230E-032   5.1069593153464612E-033  -1.5153632811385989E-031   1.0570005978355400E-031  -2.0604648313689098E-031  -1.0195034368498105E-016  -1.8081533411086444E-029  -1.2047227217806836E-031  -2.0896368562773197E-031  -1.8388793114184487E-029  -1.6749877683554374E-031  -1.8588809215604835E-029  -7.8894615085444797E-018   1.7976766394760776E-019   1.7540480239385010E-017
   4.8499274172993567E-019   7.3273372285600210E-020   4.6060991573839779E-019  -6.8743039265336628E-018  -1.2447731340635591E-029   4.0869714523869569E-031   6.8677087324309398E-031  -1.2275833678292175E-029   5.2516778018793522E-031  -1.2611282167818370E-029   4.9487174282639025E-018   7.4765905397703212E-019   4.6999225380265451E-018   6.3215482623600635E-018  -4.8988317387914999E-031   2.9490628737885252E-031  -1.1581871413233319E-031   4.7114119071847917E-031   4.5113334151842619E-032   4.5207230566322136E-031  -3.5745053453257709E-031   2.4208603853384995E-032   1.6158042837581493E-031   3.5506487119342074E-032  -4.8380388981819782E-029   4.6190147823906018E-032  -3.8090384759556204E-031  -4.9176991332054743E-029  -5.9588519171254909E-031  -4.7607483814176873E-029   7.2413616129799749E-018   1.0940348992498402E-018   6.8773049066180313E-018  -4.0772475626168227E-016   1.0322906902051182E-030  -4.1284580269633381E-031  -1.2075655508462779E-032  -2.9777129937794031E-031  -2.5978693294322816E-032  -2.9332403683320560E-031   8.6604110004874016E-031  -6.9744790187480608E-032  -3.4723526030176554E-031  -4.5610048255299831E-031  -7.7135799977910954E-029  -2.1422687218225638E-031  -7.1928013344338287E-033  -7.3632690880853330E-029   3.3635496872003271E-031  -7.4352506778679950E-029   6.2321094009892498E-018   9.4155568317673970E-019   5.9187924664838449E-018  -6.7946539184961427E-016  -3.2255043442066933E-016  -3.6302779578920313E-032   2.0864428649189462E-031  -1.6093840962874412E-031   3.3686990462434812E-031  -6.4711490010866720E-032   5.4989235984740819E-031   1.8561525126995410E-032  -1.2667589627513691E-031   2.2133560237502442E-031  -2.2412648936932092E-031  -1.6967177938265072E-016  -2.8804547978606736E-029   2.1435610353038009E-032   9.9495605908068378E-032  -2.8754744854421364E-029   9.8181544937142318E-032  -2.9217671330088104E-029   4.1608207425661259E-018   6.2862253608984596E-019   3.9516370591284909E-018
   4.6900849566827017E-019  -1.6492735881781794E-018  -3.4613728905115082E-018   1.2487698185385897E-016   2.2309589507917426E-028  -7.5244110641048559E-030  -1.2275833678292175E-029   2.2088555515379805E-028  -1.0810743318763516E-029   2.2781409233496595E-028   4.7856190758794891E-018  -1.6828682674389925E-017  -3.5318789076588836E-017  -1.1313710687295873E-016   1.9279349650840110E-030  -4.5799180647671165E-030   1.8531324233841598E-030  -5.5008967550321164E-030  -7.8560240805570258E-031  -6.0248881917028139E-030   6.3364597578826616E-030  -4.6063310459882724E-031  -2.0184279794345723E-030  -1.6940927379802927E-030   8.6811293044292354E-028  -5.6727152990004997E-031   8.0957827269526362E-030   8.8337314371286983E-028   1.2289305440500637E-029   8.5466095872714240E-028   7.0027029777044109E-018  -2.4625082858655386E-017  -5.1681294627094921E-017   7.4413144502626601E-015  -1.7367128327780137E-029   7.8725970822726209E-030   8.8427582613134679E-032   9.5039992746313758E-031   5.3827477335228376E-031   1.0861053427823229E-030  -1.4226194634529478E-029   7.4281581951283536E-031   6.7736897336584874E-030   5.9158415941045769E-030   1.3878486348552525E-027   3.1742321628683954E-030  -2.4577621207016301E-030   1.3264041846847566E-027  -8.0674254426078170E-030   1.3389513041094083E-027   6.0267133989273845E-018  -2.1193004656564262E-017  -4.4478303848738183E-017   1.2412146921959929E-014   4.4172094434543169E-015  -1.0381028385093915E-030  -3.1783484994961957E-030   2.5329327553631077E-030  -5.1053057420315828E-030   1.0545715936952165E-030  -8.0159565911624359E-030  -1.0471653143561224E-031   2.0009062566872786E-030  -3.7205732764813030E-030   3.1497970465934683E-030   3.0451740167492401E-015   5.2090458837904086E-028   2.7752544319845880E-031  -4.5509022513237058E-031   5.2170259481379303E-028  -6.1798277979238191E-031   5.2959687519772888E-028   4.0236896540762215E-018  -1.4149349393367769E-017  -2.9695603420991456E-017
   1.5137520400473354E-019   1.8251552813848614E-019  -7.5972082227916673E-019  -7.6090148188901846E-018  -9.6240340044682518E-030   5.8514098639951589E-031   5.2516778018793522E-031  -1.0810743318763516E-029   2.2698116600608400E-030  -1.2273905562887733E-029   1.5445862294338847E-018   1.8623325614934814E-018  -7.7519586384453749E-018   4.7282433370703607E-018   6.4404885225493344E-030  -7.0223160884803880E-031  -3.8870391026174410E-031  -4.7400215367062341E-030   2.6083475031529162E-033  -3.4007975777953518E-030   2.8636439473416072E-032  -5.4879987938673887E-031  -9.9542414734855671E-031   3.4641076250806868E-031  -3.9322724527040447E-029  -3.6044333939157372E-031  -2.0384891350732210E-030  -4.1109159236866795E-029  -2.5614096102536893E-030  -3.9234297786158054E-029   2.2601628789527058E-018   2.7251148842019324E-018  -1.1343289756099787E-017  -4.9762849174898247E-016  -4.8807620368463786E-030  -8.5540115198138632E-031  -5.9017649928732146E-031   3.6328534669614069E-030  -1.1119649506771668E-031   3.3701832066124755E-030  -8.3850816193818699E-031  -1.5129838641396403E-031  -9.2480114651774139E-031   6.1682707179567195E-031  -6.7460404312981860E-029   7.3673540739992066E-031   3.4647606604171247E-030  -6.6536777779907445E-029   2.9620275855516660E-030  -6.6576149779759420E-029   1.9451565987831481E-018   2.3453067249262856E-018  -9.7623384254734258E-018  -8.4443655625884362E-016   1.5693249117684715E-015   2.2587604286332700E-030  -5.3941850677801485E-031   1.3171276518321691E-031  -9.1481914953749905E-031   8.7574796815480879E-032  -1.9530308658980049E-030  -2.1974591861880907E-031   3.5218637751513899E-032  -1.0162747814690321E-031   5.8745148485118610E-031  -1.3832574408671746E-016  -2.8697387984720014E-029  -8.6837900061958115E-031  -1.6994046645910968E-030  -3.0928218977454219E-029  -1.4441707513294783E-030  -3.0756791196096474E-029   1.2986691027094953E-018   1.5658263103060262E-018  -6.5177514711451266E-018
  -2.6341933431289700E-018   2.3412467530924848E-018   4.9711219218263908E-018   1.2981423808016047E-016   2.2964744353010206E-028  -7.8272807367527471E-030  -1.2611282167818370E-029   2.2781409233496595E-028  -1.2273905562887733E-029   2.3603201097313497E-028  -2.6878502263911638E-017   2.3889364961210506E-017   5.0723805896442668E-017  -1.1624812238414619E-016  -1.5042370815458649E-030  -4.6526736411215104E-030   1.1594963024922668E-030  -2.2701212444401006E-030  -8.1617700548587297E-031  -3.5895598063996300E-030   5.4510088288631434E-030  -1.0065509752093751E-030  -1.8827202786589183E-030  -3.5122707002619422E-030   8.9403818256065932E-028  -4.1360881479488934E-031   9.3506261500032309E-030   9.1066176057100770E-028   1.3961896324181102E-029   8.8047590319891027E-028  -3.9330787689849579E-017   3.4956841423383899E-017   7.4223155031041344E-017   7.7633322666827131E-015  -1.3282702943243175E-029   7.8006685337758395E-030  -6.8189193574585723E-031  -8.3115605734774691E-031   6.1664114886313289E-031  -5.4810426136375240E-031  -1.5319233742142543E-029  -3.4680609691632159E-031   6.7260132616008942E-030   2.4462368238173455E-030   1.4321767731244256E-027   2.7298554511375907E-030  -4.6255930108718585E-030   1.3700124643150273E-027  -9.9598564625570450E-030   1.3826656509908941E-027  -3.3849127389387145E-017   3.0084792295526206E-017   6.3878431566069091E-017   1.2958325543128063E-014   3.4354330167436017E-015  -2.4937228502810844E-030  -3.0972150872928964E-030   2.0964586105698490E-030  -4.5590055757455798E-030   9.9909729074106563E-031  -6.8333441458445471E-030  -4.4444022346149818E-031   1.6030699761842007E-030  -3.9042039659049472E-030   2.0569738870745716E-030   3.1358671522584937E-015   5.3960282457724937E-028   8.2113941319158183E-031   6.0566540498877640E-031   5.4181492318838584E-028   2.9895935836763163E-031   5.4959706770233809E-028  -2.2599114087620532E-017   2.0085884211084600E-017   4.2647952075509385E-017
   2.6266265005958460E-003   1.6374722441539893E-017   8.0104911673464282E-017   1.4900823912882168E-018   5.4923045447026834E-019  -9.3834168983830318E-018   4.9487174282639025E-018   4.7856190758794891E-018   1.5445862294338847E-018  -2.6878502263911638E-017   2.6801292519681559E-002  -2.0715461487926009E-017  -1.7793974053365781E-016   9.3605059929074190E-017  -5.1220390363776393E-016  -1.2598884239855351E-017   7.3593348444110597E-018  -2.5233355539457743E-016   3.3868051309709590E-018  -2.1970882219346358E-016   1.9720898648282267E-017   1.0836056347498506E-018  -3.0959310029673254E-018   4.3786872871023204E-019  -3.3477544699024003E-017  -1.5709167822787741E-019  -4.1240221965226147E-018  -3.1139248563597103E-017   3.5150747066723297E-018  -2.5827395011426693E-017   3.9217808178320220E-002  -1.9108249103261551E-017  -3.8528705327444532E-017  -3.6185275405712164E-016  -9.1274663700122939E-016   2.4210885801533355E-018   4.7206687876547955E-018  -4.3672064541407684E-016   1.5200529884655326E-019  -4.3044732068986967E-016  -2.6234861131399027E-018   5.2747841371798384E-018  -9.2379885110989504E-019   8.1125021405656282E-018  -8.0354292569628218E-018   9.4895566606824935E-019   9.6562533238869003E-019  -5.3185551747532918E-018  -1.9265810715146351E-018  -4.7924459310598461E-018   3.3751894201239967E-002  -1.4201446631444893E-017  -1.1098729176735746E-016  -6.0107478671124100E-016  -3.8114552296369156E-015   8.0234359368841335E-018  -1.5111540579088310E-018   6.0020676715140559E-018   1.4160860700154964E-017  -2.5431351142314167E-019   1.7155275199170669E-017  -6.6403774461933329E-018   6.4228738692203923E-018  -2.6263134637445931E-019   1.9871363653509752E-017  -2.8242764497641638E-016   3.8289686446082913E-018   4.8620834286792895E-020   3.3696175763598652E-019   2.9029507631601606E-019  -2.1074655422504693E-019   1.5128463354042403E-018   2.2534197084401165E-002  -1.6830693258767509E-017  -3.4808818967422079E-017
  -1.6230469872989964E-017   2.6266265005956786E-003   1.6256353639730098E-018   8.8983317511770261E-017   3.7017427730031633E-017   2.1380862734963956E-019   7.4765905397703212E-019  -1.6828682674389925E-017   1.8623325614934814E-018   2.3889364961210506E-017  -2.0715461487926009E-017   2.6801292519681833E-002   8.4981993779022794E-018  -2.0535535797815531E-016   5.9660641263876812E-018  -3.5702950137534275E-016   9.0265256742128107E-018   1.3019092715673378E-018   1.2980282710747773E-018   8.0470563196908654E-018  -5.9458780778361932E-016   1.5535703793820698E-017  -3.3651163198616477E-016   3.0601071127017619E-017   4.3420348637499952E-017  -3.2349949415281401E-019  -9.6606398488008104E-019   5.1764726241986882E-017  -4.1455257017824358E-018   4.0303925710957334E-017  -4.4182718769325454E-018   3.9217808178320442E-002  -2.5948925691201593E-017  -6.2013198282720493E-016  -5.8162699562312302E-018  -4.2889040069566141E-016   1.6349550697896671E-017  -1.6432755349018068E-018  -1.8747277941051495E-019  -1.7364657453663498E-018  -1.1133770274377568E-015   1.3113689271575551E-017  -4.3920473716025930E-016   3.1177361327361237E-017   4.7880796208176973E-017  -4.3454034343113387E-019  -4.2425306662775693E-019   4.5584749311744024E-017   1.2463128974836214E-018   4.1945456809064745E-017   1.0176101118688536E-017   3.3751894201240973E-002   2.4434460585705173E-017  -8.7179216113225730E-016  -6.6051118529969782E-015  -9.4282838955731320E-018  -1.9269440139491755E-016   6.1564773679962753E-018  -5.7900295796055589E-018  -7.8231634583955434E-020  -5.6662367620745855E-018  -3.6410683731258380E-016   7.6422110102822165E-018  -1.8691468379329368E-016   1.6174164066902123E-017  -4.2369767876465510E-016  -1.0649308639147379E-017  -3.5698937959093121E-019  -7.0923023516521505E-020  -1.1261759795868786E-017   8.7211058043569071E-019  -9.9113163692385961E-018  -1.2264985711284401E-017   2.2534197084401106E-002   3.5234013157119556E-017
   3.4984895941325652E-017   2.3431289663371051E-017   2.6266265005959397E-003   9.9888832242775269E-017   5.6341767966079444E-017   2.0861961048386005E-017   4.6999225380265451E-018  -3.5318789076588836E-017  -7.7519586384453749E-018   5.0723805896442668E-017  -1.7793974053365781E-016   8.4981993779022794E-018   2.6801292519681059E-002  -2.7474095306212377E-016   6.8044889667566976E-018   1.1531298454291126E-017  -3.1222675072762567E-016  -1.1600611010473172E-017  -8.6248701161387667E-018   1.2951308176021174E-017   2.5496003572802671E-017  -3.0151762117107264E-016   1.1446501914732674E-017  -5.4308737636978152E-016   1.1270136058072022E-017  -2.3777652077216098E-017  -1.3331963186599215E-017   8.0854218265109230E-017   1.8836607124664988E-017   3.0943756438742999E-018  -1.4644154984058510E-016  -9.8569183261115352E-017   3.9217808178320039E-002   3.0186647234803192E-016  -3.2310049356273052E-019   1.7797932706902968E-017  -3.8343014214648808E-016   1.5654710245609256E-018   2.7189515923665641E-018  -1.9687590591189752E-018   4.4472878373298103E-017  -3.9608363411593483E-016   1.5892364172684095E-017  -1.0324030381585291E-015   4.3367123739557629E-017   5.5982155630424403E-018   5.3737103162095751E-018   2.4280077715112803E-017  -7.8146705397110887E-018   4.8178239590822801E-017  -1.5716992797835069E-016  -5.0123329511558509E-017   3.3751894201240105E-002   4.2765619878978839E-016  -1.7581972244493940E-016  -3.1837821934667760E-018   1.4940236974999952E-017  -1.1862596776508138E-016   7.6604620161502567E-019  -6.0523856470751661E-019  -2.5260666504193955E-018   2.7701661585622211E-017  -1.2630090136914397E-016   1.6147890306932585E-017  -2.4080546460675263E-016   1.3167126197201998E-016   1.2541243376485104E-017  -7.6805167374466675E-019  -2.3563333909395960E-018   1.4790523470052839E-017   2.5367784151603354E-018   9.9820434668337646E-018  -9.8308196752070701E-017   1.1394804986060946E-017   2.2534197084400871E-002
   4.7161682413044356E-018  -3.9953443378123448E-017  -1.2793453729096429E-017  -6.3279137855061136E-005  -1.1497122222344790E-016   3.7346538518576412E-018   6.3215482623600635E-018  -1.1313710687295873E-016   4.7282433370703607E-018  -1.1624812238414619E-016   9.3605059929074190E-017  -2.0535535797815531E-016  -2.7474095306212377E-016   5.8346361193323386E-005  -4.1247994788752595E-018   2.8784129721278816E-018  -5.4881598625198984E-019   5.1475782953874601E-018   4.2660572972507579E-019   4.7809171284227889E-018  -3.2440651877350061E-018   7.5317838116040281E-019   1.6397788063864293E-018   1.1919320194206143E-018  -4.4629679792996495E-016   4.9290356516987998E-019  -3.3662620639450465E-018  -4.5368842993808573E-016  -5.3909262169515578E-018  -4.3912834466917821E-016   1.0375112183768464E-016  -3.4281866872065088E-016  -3.9584570812837188E-016  -3.7500021643910707E-003   1.1477611565371125E-017  -3.6974794046475572E-018   5.4777181888346714E-019  -2.2679654575825929E-018  -2.3818196620877772E-019  -2.2135762014852850E-018   8.3093501260700241E-018   3.1991549899760402E-021  -3.0723145726862713E-018  -2.5963911902936422E-018  -7.1134561376164725E-016  -2.0494430932514177E-018  -3.1450483234752294E-019  -6.7886916117450609E-016   2.9346467476470603E-018  -6.8558641615611758E-016   1.0893799379843021E-016  -2.7396259744239599E-016  -3.3838604625930761E-016  -6.2482680800149369E-003  -3.1010959229453342E-003  -4.9773908521742034E-019   2.0003241890107261E-018  -1.3191003751833372E-018   3.1651562427999403E-018  -6.0513469829703894E-019   5.2136116307880801E-018   2.4557851096043916E-019  -9.8295357100896874E-019   2.0825284715558500E-018  -1.7617559365441128E-018  -1.5652472462478050E-003  -2.6539350525979593E-016   2.5970486125987910E-019   1.0431594862642252E-018  -2.6477595933440909E-016   1.0061150460358405E-018  -2.6907863430765916E-016   6.5872061235165147E-017  -1.8932639349703700E-016  -2.2899777326799990E-016
  -5.0197890494099033E-017   5.8469650773739999E-019   6.6686526517433675E-019  -4.4881537596105441E-018   7.0803029049392235E-030   9.6473568059670564E-031  -4.8988317387914999E-031   1.9279349650840110E-030   6.4404885225493344E-030  -1.5042370815458649E-030  -5.1220390363776393E-016   5.9660641263876812E-018   6.8044889667566976E-018  -4.1247994788752595E-018   3.4666630570202138E-029  -3.3140425568984083E-030  -1.7524867594641853E-030  -1.4132182043138448E-029  -2.2227893129660802E-031  -9.7601501198796316E-030   9.5135298495372148E-031  -2.6689563871565244E-030  -4.1072292887910306E-030   1.0350218838878878E-031   2.0811623133683202E-029  -1.5089088698279809E-030  -6.0774625455591476E-030   1.7090020933106851E-029  -7.3362274376837806E-030   1.8367624182029420E-029  -7.4949797388691511E-016   8.7300251776309276E-018   9.9568758802936987E-018  -4.3468873735461402E-016  -4.1673498025714784E-030  -1.7575638226923841E-030  -2.9204287584020125E-030   2.2385574253705851E-029  -3.1449324243704523E-031   2.1291240137448870E-029  -5.9084018402953776E-030  -1.1643105081178881E-030  -2.1729931268550645E-030   1.6732476125321903E-030   1.5047250944786461E-029   3.3948794360642254E-030   1.2617610076622324E-029   6.5040243857190359E-030   9.6596308107042181E-030   8.8238930438995739E-030  -6.4503799405750152E-016   7.5132930639141071E-018   8.5691535783416665E-018  -7.7949440910863231E-016   6.7954871330313976E-015   8.1808241017501862E-030  -2.6212896743692283E-030   6.8494637486887216E-031  -4.7270614397206139E-030   5.4036750718060539E-031  -9.2837171265972019E-030  -7.0838629015749563E-031   1.9610468626299550E-031  -1.0925450829329211E-030   2.0650776808868597E-030   6.9181318876166031E-017  -7.2682332726116813E-030  -3.2329571046530759E-030  -6.5270409969049107E-030  -1.5479284123050907E-029  -5.5747453082389202E-030  -1.3326345900534533E-029  -4.3065474187473025E-016   5.0161933326206021E-018   5.7211306254445164E-018
  -1.2347375858116185E-018  -3.4990221054389520E-017   1.1301102021135643E-018  -1.9279554219686278E-018  -5.9998804826361219E-030   5.5695941342612073E-032   2.9490628737885252E-031  -4.5799180647671165E-030  -7.0223160884803880E-031  -4.6526736411215104E-030  -1.2598884239855351E-017  -3.5702950137534275E-016   1.1531298454291126E-017   2.8784129721278816E-018  -3.3140425568984083E-030   5.3452436965573271E-030  -7.5522215232123276E-032   2.8263850318806703E-030   1.5168676643626402E-032   2.0526856646438422E-030   7.5992166901596180E-030   3.5911989369725944E-032   5.1000481092042941E-030  -6.2630367155010049E-031  -2.1057569034327881E-029   2.1441920613750300E-031   6.9431850267629352E-031  -2.0942518632181769E-029   8.1533575778450946E-031  -2.0431307635179638E-029  -1.8435701375850143E-017  -5.2243430008673605E-016   1.6873523935281906E-017  -9.1778138497851741E-017   3.8432192764896966E-030   5.7881821856063745E-030   1.4124122806429759E-033  -1.7328780232469100E-030   3.5682404793084347E-032  -1.6042494551313636E-030   1.5945971425736115E-029  -2.1879470969665673E-031   6.0147751715855947E-030  -1.2445110520380061E-030  -3.0990425365085277E-029  -5.2853361847893531E-031  -1.6881564177847140E-030  -2.8542572543273175E-029  -1.1840266680196053E-030  -2.9061856076743209E-029  -1.5866257480121280E-017  -4.4962092586740338E-016   1.4521805810163196E-017  -1.4556584639606435E-016  -1.0290263227026309E-015  -1.0100133111394128E-030   3.0017600689059519E-030  -2.9887919712082159E-031   7.9064985617652389E-031  -9.4612153143391219E-032   1.4672147911936527E-030   4.9766497975195632E-030  -2.4492060243309471E-031   2.7213661410912243E-030  -7.3207991781206175E-031  -7.1693817166774100E-017  -9.4893389555669510E-030   4.4527851621482547E-031   9.0995481384843424E-031  -8.3510178540303363E-030   7.7300656304665196E-031  -8.8334288784198879E-030  -1.0592986897778802E-017  -3.0018601315698942E-016   9.6953739009851332E-018
   7.2124222795819376E-019   8.8463313949326869E-019  -3.0599384602586877E-017   1.1687825388634129E-018   5.0551276860669554E-031  -3.4749261205969901E-031  -1.1581871413233319E-031   1.8531324233841598E-030  -3.8870391026174410E-031   1.1594963024922668E-030   7.3593348444110597E-018   9.0265256742128107E-018  -3.1222675072762567E-016  -5.4881598625198984E-019  -1.7524867594641853E-030  -7.5522215232123276E-032   3.7482678998199440E-030   1.2075504048443750E-030   1.0586335339535975E-031   6.1863583233797597E-031  -5.3973423048610299E-031   3.6724401615255053E-030  -8.3263546996696090E-033   6.3050727258874324E-030   4.8011763069215915E-030   3.6635846257608631E-031   5.9453584889174096E-031   4.3335478447657487E-030   3.2071144983656340E-031   4.9444969836862959E-030   1.0768771022372234E-017   1.3208338819776818E-017  -4.5687530962114590E-016   8.0061691961361994E-017   9.7434848635953605E-031  -1.9590905119318642E-031   4.6411565990971598E-030  -1.0056625124535550E-030  -8.3943954877400155E-033  -9.0124842972266163E-031  -6.4333032882971801E-031   4.6818894236564384E-030  -1.5630925677826895E-031   1.1942726959030562E-029   8.4664907424358120E-030  -2.5490891224275354E-031  -8.6675454821541905E-031   8.7795182293993202E-030  -5.6594423746973132E-031   8.4448237007818733E-030   9.2678922435410220E-018   1.1367449511514512E-017  -3.9319910596166959E-016   1.3693294670571102E-016  -3.9172608083996916E-016  -4.9053991569245396E-031  -1.0011422572117890E-031   1.3510339609943713E-030   2.3407277976293135E-031  -1.8899968635705935E-032   5.3267426160734288E-031  -4.0186615774230640E-031   1.4670464339977126E-030  -2.1230714151635136E-031   2.6805974819947379E-030   1.7377414225488670E-017   4.0090648496050797E-030   2.1206247470401534E-031   4.3028138677841875E-031   4.5029629883679012E-030   3.1377517734561018E-031   4.4803633099654116E-030   6.1876382145465852E-018   7.5893917571590387E-018  -2.6251641150335720E-016
  -2.4729628360366634E-017   1.2759195815510957E-019  -1.1369030908091528E-018   1.1934011191862646E-018  -9.3698126300478027E-030  -3.8064843918683749E-031   4.7114119071847917E-031  -5.5008967550321164E-030  -4.7400215367062341E-030  -2.2701212444401006E-030  -2.5233355539457743E-016   1.3019092715673378E-018  -1.1600611010473172E-017   5.1475782953874601E-018  -1.4132182043138448E-029   2.8263850318806703E-030   1.2075504048443750E-030   1.6889847078414048E-029   1.0443565889623873E-031   1.2788229109218365E-029  -1.4378918579096364E-030   2.0943942469332553E-030   3.1607464221938912E-030   9.0181705682292774E-032  -3.0448326397531704E-029   1.1674721310952197E-030   4.5797158902001050E-030  -2.7962082346143716E-029   5.2703567543054787E-030  -2.8532385023375360E-029  -3.6923476601554109E-016   1.9050584235488498E-018  -1.6974947645760308E-017   1.9829257373499204E-016   2.5332056809818808E-029   1.0452905320610433E-030   2.2105038454612316E-030  -6.5834046068499612E-030   2.2519220446150306E-031  -5.9029419014829515E-030   4.5668370083448965E-030   8.5284124235040683E-031   1.4591942477075958E-030  -1.2936398455165690E-030  -3.5919425629384514E-029  -2.6623112945718220E-030  -9.5758906472431187E-030  -2.8391189337255380E-029  -7.1537449068183598E-030  -3.0397966628471307E-029  -3.1777331107618740E-016   1.6395442108234335E-018  -1.4609093766935662E-017   3.7214495383573120E-016  -5.2460808415434956E-015  -6.3958147191611247E-030   2.0422525718611277E-030  -6.7710572171778131E-031   3.3449186184093326E-030  -4.2342922844883541E-031   6.7909135231531329E-030   6.1700019112446767E-031  -3.0366302596134389E-031   8.6035089208873058E-031  -2.0354475995663689E-030  -1.0673356501486703E-016  -3.8287323838236191E-030   2.4525054090164488E-030   4.9640572663083884E-030   2.4851197224149343E-030   4.2548093868104950E-030   6.7989392895145739E-031  -2.1215894957654592E-016   1.0946293015330482E-018  -9.7536510456658990E-018
   3.3191951853914407E-019   1.2721160566481277E-019  -8.4526939865343617E-019  -4.1692421356321065E-019  -8.5148421872878184E-031   1.4087476838267192E-032   4.5113334151842619E-032  -7.8560240805570258E-031   2.6083475031529162E-033  -8.1617700548587297E-031   3.3868051309709590E-018   1.2980282710747773E-018  -8.6248701161387667E-018   4.2660572972507579E-019  -2.2227893129660802E-031   1.5168676643626402E-032   1.0586335339535975E-031   1.0443565889623873E-031   7.0261983857266897E-033   7.2973513941235915E-032  -6.4481247532859306E-032   1.1630104960115724E-031   1.1926342298858660E-032   1.8335185488549675E-031  -3.2107488258155040E-030   1.8729254580860870E-032   1.1732976347199545E-032  -3.2649493119252455E-030  -6.1620335683262407E-033  -3.1457603195301744E-030   4.9558458371446028E-018   1.8993794313333576E-018  -1.2620604082033273E-017  -2.3846193387221996E-017   7.4572656261300230E-032  -4.3621945244917860E-032   1.4255611205354305E-031  -1.4320312610059266E-031  -9.2646437942844636E-034  -1.3592980329410195E-031   1.8400054022396008E-032   1.3371737603724998E-031  -3.7152754209361629E-032   3.0608812300960337E-031  -5.0329361565906936E-030  -3.3363965616995347E-032  -6.8312639476265911E-032  -4.7575074170252634E-030  -2.6402121772038049E-032  -4.8238646495488346E-030   4.2651334213378238E-018   1.6346567182667851E-018  -1.0861629283199004E-017  -3.9450758241919415E-017  -5.6244818014706015E-017  -4.4437320418253567E-032   1.2901477774357459E-032   2.5833858580854413E-032   4.6006485554195812E-032  -6.7818368046353686E-033   8.4653345961369660E-032  -2.1794866503959995E-032   3.3211461233941281E-032   5.6042272863056375E-033   5.5767798459839892E-032  -1.1232756175787907E-017  -1.8120099106986208E-030   1.8538784159542164E-032   4.1331723891134447E-032  -1.7666545275951921E-030   3.4675573478949462E-032  -1.8059083196209244E-030   2.8475840951219402E-018   1.0913662040753045E-018  -7.2516847044488886E-018
  -2.1532282980920960E-017   7.8864149425870081E-019   1.2692764443161564E-018  -2.1776660574673621E-019  -8.7995892266029778E-030  -1.8563674800125723E-031   4.5207230566322136E-031  -6.0248881917028139E-030  -3.4007975777953518E-030  -3.5895598063996300E-030  -2.1970882219346358E-016   8.0470563196908654E-018   1.2951308176021174E-017   4.7809171284227889E-018  -9.7601501198796316E-030   2.0526856646438422E-030   6.1863583233797597E-031   1.2788229109218365E-029   7.2973513941235915E-032   9.7543236260443817E-030  -1.2725733075125845E-030   1.3096553683389471E-030   2.2694527019997601E-030  -3.4053833442012879E-031  -2.9962500052192576E-029   8.4542163289924836E-031   3.2935019992061467E-030  -2.8212677281469004E-029   3.7798355841625510E-030  -2.8451509651403308E-029  -3.2149563076261520E-016   1.1775100432677099E-017   1.8951396442254986E-017   8.0611483767550944E-017   1.9949181171894134E-029   6.0002802567563132E-031   1.3211525488781115E-030  -4.2984085368793828E-030   1.6289697660945746E-031  -3.8096328963843958E-030   3.2355987623148842E-030   3.0479693005608270E-031   9.1431858950575186E-031  -1.8218795688058370E-030  -3.8555678064625922E-029  -1.9838850507012267E-030  -7.0221996962586314E-030  -3.2495682600951673E-029  -5.1968866170327866E-030  -3.4065268225235164E-029  -2.7668773497797917E-016   1.0133966238155529E-017   1.6310078441322378E-017   1.6491978436584967E-016  -3.8992395186919068E-015  -4.7125552457011043E-030   1.4945570824252905E-030  -6.2024841987550644E-031   2.4874078699881260E-030  -3.2102338125101628E-031   5.0424168616453842E-030   3.9096333281947528E-031  -3.4698445842191649E-031   6.3044926565597232E-031  -1.7367695370446238E-030  -1.0526832311711911E-016  -7.3868193590506222E-030   1.8015467485922368E-030   3.6546242762268456E-030  -2.7414963247216339E-030   3.1389394766957687E-030  -4.1442040566523090E-030  -1.8472847519774090E-016   6.7658659717118770E-018   1.0889300608346751E-017
