   1.8042073982569931E-006   5.0394938942850404E-019  -3.5723578361526786E-019   1.5044148603559614E-017   1.1156394936369790E-018   4.2054875674297606E-019   6.9348490696791591E-019  -6.3679570013045478E-019   4.0573675707722657E-019  -4.3296689243021611E-019  -1.6743752913353971E-004  -4.2740868334386832E-018  -3.6289964160617602E-017  -4.6787668316225894E-018  -9.3754856750822553E-018   1.4735782783816537E-019   1.2154109696736721E-019  -3.0489589858145277E-018   1.9210861400964660E-020  -3.5000626345435402E-018  -1.4279467820349132E-019   4.5862396886985605E-020   8.9016035961933273E-020  -1.6615995426103345E-019  -6.6550854997249026E-019  -1.9997590662078895E-019   3.4829061362866276E-021   4.3979505626891979E-019  -9.9377800688995030E-020   2.7174161315127431E-019  -4.4258250837904531E-004  -9.5552048389712136E-018  -9.7260275824178468E-017   9.1859352243415630E-016  -3.6462103306078924E-017  -4.5529833556418389E-020  -5.8231745440390153E-020  -1.5362247270294891E-017   2.2179242362197887E-020  -1.5157310891946435E-017   6.4238037069016357E-020  -5.5206547083823681E-020  -1.4132570216359277E-020  -2.6505861107406223E-020   7.2653395242040545E-020  -1.7276892952866889E-020  -9.9316735088143104E-020  -1.2904182915564138E-020  -4.2335315735810571E-020  -8.6061149965616664E-021  -4.5959674251305744E-004  -1.0427010608607128E-017  -1.0162231021404834E-016   1.6141442983218411E-015  -4.0323852744762312E-015  -4.0280479619765954E-017   3.5400371872036660E-020  -3.7255719712281289E-020  -1.8300399469889257E-017  -1.7196595673300648E-020  -1.8629834143388419E-017   8.3170189110392679E-020   9.1851080200091429E-022   4.3948595632882139E-020  -1.2836257457942775E-020   2.7061515027484691E-016   7.2617462159030361E-020   3.0587260381353215E-020   5.7520865194722956E-021   6.3407253156773237E-021  -2.3700562529779021E-020   5.2579393934700325E-022  -3.2802535149663206E-004  -7.2374319247815421E-018  -7.2498070527835506E-017
   5.0394938942850404E-019   1.8042073982553973E-006  -2.4013443968676278E-018  -2.7708872081846640E-019   8.4960972994374046E-020  -2.7947756012523027E-021   2.7837549027408774E-019  -1.5950416550294291E-020  -8.5054319977025337E-020   9.9969301237410917E-020  -4.3049238920844888E-017  -1.6743752913345300E-004   1.1730461599357887E-016   1.8337503146267396E-018  -7.1648324431959040E-020   2.9925207148279227E-019   5.2467986677005445E-020  -2.0175723772946791E-020  -1.0930490587505231E-019   2.9077743002152297E-020   8.7821085601422918E-019   2.4912883004834029E-019  -4.6433231739588653E-020  -3.1747261243716338E-019  -8.6172678289431477E-019  -2.8970275842793992E-019  -1.5172073731882595E-019  -7.0703885215647643E-019   1.6541194458291290E-020  -8.2171735781619410E-019  -1.1408916939020026E-016  -4.4258250837889666E-004   3.0834510710694603E-016   8.2562018575507491E-017   1.3930616502676210E-019  -5.0693673979673768E-018   3.4610678462568213E-019  -2.2248873120758743E-021   4.4661547999601355E-020   6.2239514547326222E-021  -1.2519136502124519E-017   2.7732257696142505E-019  -4.0671587071923512E-018   7.2953385999895350E-019  -1.2294002547466422E-018   5.8062534293362983E-020   5.8047376215033146E-020  -1.2498591728931235E-018   3.5518051140000088E-020  -1.1851373181915374E-018  -1.1825931180336882E-016  -4.5959674251288413E-004   3.2066360972296769E-016   1.3646665429442704E-016   3.2351902868875561E-016  -3.4326535376476492E-021  -1.0411567190910407E-017   1.4399812065233984E-019   4.2015840035811154E-020   1.0622914717215573E-021   3.7995480887181916E-020  -2.0931756039175157E-017   1.5081662957056629E-019  -1.0913726837019343E-017   4.4080551606961617E-019   4.7846429248392964E-017  -2.8347220766960947E-019  -1.4470208760705287E-020  -9.2494168808658426E-021  -2.8548617213509162E-019  -6.7704502536496909E-021  -2.8521295446781126E-019  -8.4362464284416770E-017  -3.2802535149647864E-004   2.2964196520949504E-016
  -3.5723578361526786E-019  -2.4013443968676278E-018   1.8042073982526466E-006  -2.2949552515997140E-018   4.2760845419123919E-019   1.0573841840536361E-019   4.2966884642972401E-019  -7.0193517490359431E-020  -7.9468741655601483E-020   3.3108376375076680E-019   7.0248227494287618E-017   1.0702595729069389E-016  -1.6743752913333192E-004  -6.2010638766842614E-019  -2.0024929615826549E-019  -1.9532302703769973E-019  -5.2131760497901754E-019   4.8648972380406184E-020   1.9484415182805341E-020  -7.6826772956222240E-020  -7.2490380357523540E-019  -2.9612344407633058E-019  -3.5923355931324684E-019  -3.7138160184895728E-019   1.8292049490102263E-019  -3.4258530174440845E-019  -2.4293245415860312E-019   5.0464945595208841E-019   1.7084475483662576E-019   3.2012042191290934E-019   1.8590800446160737E-016   2.8100355375293696E-016  -4.4258250837855281E-004  -1.2555772561679570E-016   2.5314629925264544E-020  -1.8274613895924216E-019  -7.8930956987410373E-018  -6.6335465290847595E-020   4.8796845988133541E-020  -4.9492862861318880E-020  -6.4346936026610110E-019  -7.5941351437093766E-018  -1.4781119010162727E-019  -2.0319438878434878E-017   3.6279404022101680E-020   9.4361668451414772E-020   7.0731388228201452E-020  -5.5964018386072931E-020  -2.5676031425823047E-020   1.3771275858592257E-019   1.9194187454278842E-016   2.9056757875527743E-016  -4.5959674251250428E-004  -2.2169643009165379E-016   8.3165583522994265E-016   1.0688621325173003E-019  -1.4612415888323837E-019  -1.6806929839442247E-017   6.9110849434192705E-020  -3.8106349269955153E-020   6.1208255180735182E-020  -2.4811487143157042E-019  -1.6929030419446595E-017  -1.1614509191740312E-019  -3.5764916443623959E-017  -2.6475407759824129E-017  -1.9587733239947435E-019  -2.0190613100168261E-020  -2.9146506557009766E-020  -1.5185664134932349E-019   2.4939833113854681E-021  -1.8705946648374547E-019   1.3743235300654456E-016   2.0702947206240005E-016  -3.2802535149623388E-004
   1.5044148603559614E-017  -2.7708872081846640E-019  -2.2949552515997140E-018   4.7365037993802763E-005  -1.8009927950100829E-017  -5.7248794613831624E-020  -3.6005070921321520E-018  -2.7548113322920791E-017   1.7348614535139871E-018  -2.6420805570557038E-017  -3.8226627557613601E-016   1.4422126672616911E-016   7.5741839440081864E-017  -2.2580733029538942E-005  -2.6422363682566878E-018  -1.6857603124881297E-018  -6.1303462290631643E-019   2.2653523699518008E-018   2.7542932269849849E-019  -4.1500452828391950E-019   7.7584603279016643E-020  -1.4053036758313212E-018   1.2005163267420776E-018   1.3445707392719540E-017  -1.8857262781839296E-016  -1.6123830191514162E-018   5.4224640758085262E-018  -1.8462280386949383E-016  -7.0378730373717407E-019  -1.6324886014303488E-016  -9.9195865601268510E-016   3.7483065615181896E-016   2.1015607162317956E-016   3.3905004474056072E-003   4.2770741946264534E-018   7.7777297252874356E-020   2.5459753747826381E-018  -1.5405923609236615E-018  -5.4532080953338066E-019   1.5522192547145996E-018  -5.3272888177749416E-019   3.4510803021276132E-018  -3.0578832659916248E-018   4.8108491166207845E-019  -3.4977050286635062E-016  -1.0638690814928921E-018  -1.5450822004472556E-018  -3.4531208006485990E-016   1.0599444103412070E-019  -3.7223689206454639E-016  -1.0268355827025118E-015   3.8219672055545883E-016   2.3609795997309146E-016   5.8512743554274141E-003   9.5380252219799569E-004  -2.9641561190045108E-018  -2.7399256341679298E-019  -5.5286950173770556E-019   2.4093479677006184E-019   2.3512073783069078E-020  -2.9627695519315975E-019   3.2180057522512408E-019  -5.9801043734464113E-019   8.3347861964984613E-019  -1.0849759048876411E-018   1.5916187527256170E-003  -5.4599941869950816E-017  -8.8800978272095741E-019  -2.4653072518780667E-019  -5.2092762072210211E-017   7.3830400952942801E-019  -4.7608781383379359E-017  -7.3212199900165421E-016   2.7784120865852766E-016   1.6464925520868291E-016
   1.1156394936369790E-018   8.4960972994374046E-020   4.2760845419123919E-019  -1.8009927950100829E-017   9.5151079731907638E-030  -6.5578459125919917E-031   2.6563191478014527E-030   1.2085209003237142E-029   5.1717903306908735E-031   1.2383613652012690E-029  -1.0353572455151580E-016  -7.8847118156932864E-018  -3.9683743163620235E-017   5.9592035930914382E-018  -9.6069087015686776E-030   6.2073661956302570E-031   7.0061733661630832E-031   1.3093060418905294E-030  -2.7848776327697443E-030   4.3054751956596278E-031   4.3763440405492799E-033   1.4827533361055207E-030   1.0980016606406887E-030  -5.0265544935874986E-030   7.3768145828203286E-029   2.9687023140120021E-030  -3.4881767876274563E-030   7.4488961294390068E-029   6.0981477149775379E-031   6.3818134719946652E-029  -2.7367281944486434E-016  -2.0841417998073489E-017  -1.0489482663840316E-016  -1.3461704463229941E-015  -1.7685365141127452E-029   1.6155877857974135E-030  -1.7867415558637765E-030  -1.3611944483151115E-029   3.1844807366015831E-030  -1.3910103508291631E-029   2.0180359451287143E-030  -3.3106406435029250E-030   2.0358267931163647E-030  -3.7238148714181491E-030   1.1170618677343672E-028  -5.7312201785119394E-031   1.1578815955001650E-030   1.0889546511558706E-028  -1.0761571147895426E-030   1.2122244070375529E-028  -2.8419364513948823E-016  -2.1642626267237391E-017  -1.0892730669825318E-016  -2.3382045605604679E-015   1.5225281247080941E-015  -2.7635948432025491E-029  -8.0587552523625938E-031  -3.8748123307662802E-030  -9.0305773431971811E-030  -1.2190342960823092E-030  -8.8415879614246590E-030   9.9249188840771851E-031  -3.8056709864618481E-030  -4.3378476312575348E-031  -6.5206557566664236E-030  -5.6142916261237322E-016   8.6947696518629084E-030  -1.1958739621865001E-031  -1.1117975036749538E-031   8.5497901040163442E-030   6.0607895538050033E-031   5.7185453011135767E-030  -2.0283590312292789E-016  -1.5446867725390133E-017  -7.7744062918932438E-017
   4.2054875674297606E-019  -2.7947756012523027E-021   1.0573841840536361E-019  -5.7248794613831624E-020  -6.5578459125919917E-031   5.9923937198233952E-031  -1.9157176258713799E-031  -1.1587284891808644E-030  -3.9992344969646890E-031  -1.3465759781158417E-030  -3.9028575526790454E-017   2.5936614692322106E-019  -9.8129403135722839E-018   1.3780282402972891E-018   2.5557788110694017E-031   6.5184785518484373E-032  -2.6558242922649417E-031  -2.7907468859272450E-030   1.3894499419578284E-030  -2.0816877046399161E-030  -2.0712536884900165E-031  -5.0850438833861978E-031  -8.1761312686646768E-031  -2.2625736316572732E-031  -1.1876354697136116E-030  -1.3879233602728231E-030   6.8152846229008650E-031  -1.6646779752507255E-030  -1.9867066078046063E-031  -5.1104417099374897E-031  -1.0316304202822577E-016   6.8557461692474571E-019  -2.5938245511810324E-017   2.5200398203851622E-017  -1.1832416852265669E-029  -1.0190211904656161E-030  -1.0308801745579433E-030  -1.1750262710759420E-030  -1.5081674549758642E-030  -1.5139959171892051E-030  -1.2973721149624200E-030  -3.7127475405556597E-031  -5.7191169612279537E-031  -1.8450941197958053E-030   1.1388688643001057E-029   5.1282511126569502E-031  -3.3207760274830145E-031   1.1892623866850094E-029   5.0535956372226869E-031   1.0889684959552956E-029  -1.0712894695627307E-016   7.1193021577166920E-019  -2.6935391521434185E-017   5.1205650400737178E-017  -9.7053950809746499E-016  -7.3838243241680143E-030   2.2544516150415796E-031  -9.4930675975579631E-031  -5.4749284676641818E-030   6.0588360086963140E-031  -5.6494775315379144E-030  -1.0470288942117521E-030  -9.7682498240135953E-031  -1.8502056634533403E-031  -2.8854124936567955E-030  -2.4426967270852970E-017   6.2687511586029156E-030   2.4907443316112208E-031   1.0336942365720009E-031   5.8214405472158070E-030  -4.6966158519547488E-031   6.3856081324146719E-030  -7.6460529917259269E-017   5.0812187656463803E-019  -1.9224442765210546E-017
   6.9348490696791591E-019   2.7837549027408774E-019   4.2966884642972401E-019  -3.6005070921321520E-018   2.6563191478014527E-030  -1.9157176258713799E-031   9.8085381585856301E-031   2.6331278617079535E-030   3.6888951714090006E-031   2.9380082642156068E-030  -6.4358121703017666E-017  -2.5834338284996631E-017  -3.9874955651685380E-017   6.7311682581623514E-019  -5.3535871013269288E-030   1.5299495156192729E-031   1.8120556338424295E-031   2.7119956262481978E-031  -1.0948513651997744E-030  -3.5290029873552848E-031   2.4268627933759064E-033   4.8103426372291945E-031   4.8051081803289764E-031  -1.1075157525966397E-030   1.4972304429154853E-029   9.4186267245094062E-031  -1.0338215863596031E-030   1.5775587969135908E-029   2.0248228061250200E-031   1.3075027353087707E-029  -1.7011585804739285E-016  -6.8287117587419653E-017  -1.0540025276981041E-016  -2.8036445108652230E-016  -1.1740731974729976E-029  -7.2427363099140371E-032  -1.6165381873693241E-030  -7.6637771843519413E-030   1.2401406729413954E-030  -7.5181911031445695E-030  -1.0195860615737471E-030  -2.1197936086345181E-030   4.5454279732778052E-033  -4.2739578937718459E-030   1.7980580664108575E-029  -2.8838859857190084E-031   3.4828551198597951E-031   1.7170671844521473E-029  -4.2425860023294958E-031   2.0084482265777577E-029  -1.7665563534072839E-016  -7.0912284612710129E-017  -1.0945216296611735E-016  -4.8980836366707274E-016   6.7630376783244864E-016  -1.6773782655045248E-029  -1.7684638836907907E-030  -3.9865492352715027E-030  -6.0925878615603012E-030  -4.9017105129007157E-031  -6.1052146193018089E-030  -2.4439211525975687E-030  -3.9738343148100221E-030  -1.6001740806091367E-030  -7.7638831767689935E-030  -1.0360596527304287E-016  -6.9880502301411897E-031  -1.1474029530710216E-031  -6.7307908600383873E-032  -5.7144465735158884E-031   2.9227350285584680E-031  -1.3654978081486015E-030  -1.2608341512528822E-016  -5.0611818870430800E-017  -7.8118665577803518E-017
  -6.3679570013045478E-019  -1.5950416550294291E-020  -7.0193517490359431E-020  -2.7548113322920791E-017   1.2085209003237142E-029  -1.1587284891808644E-030   2.6331278617079535E-030   1.8433185322960813E-029  -1.2371671236486401E-031   1.8229417200698567E-029   5.9097140768791876E-017   1.4802612705854349E-018   6.5142339741439606E-018   1.0296356723274467E-017  -2.9003949069574376E-031   8.4790226024762703E-031   8.8797778381671264E-031   4.1258045270487560E-030  -3.0735030662705921E-030   4.1295530141865735E-030   2.9854236123171933E-031   1.8672215872968348E-030   9.9839178698349628E-031  -7.4292529428465942E-030   1.1258419735257538E-028   3.8042127273604212E-030  -4.6170623415999507E-030   1.1145501572270874E-028   8.2898378224095524E-031   9.6509370206769879E-029   1.5620966777773343E-016   3.9127294196329975E-018   1.7218875764390703E-017  -2.0334925973723305E-015   1.7372166247196902E-029   2.1344745218725256E-030   1.2681180247878163E-033   1.2636786911074939E-030   3.4926814357819841E-030   1.9824181385370090E-031   3.1420174849613337E-030  -1.8863761578147538E-030   3.0222407396138254E-030   1.8711396336267836E-030   1.8042762089953481E-028  -4.5072085384060760E-031   1.5916942230197341E-030   1.7674563003193427E-028  -1.1316742576280038E-030   1.9459632968606223E-028   1.6221484830623144E-016   4.0631467840621413E-018   1.7880822357900248E-017  -3.5255745904752932E-015   1.4812140135033902E-015   1.1745953317366517E-029  -1.9498632114275569E-031   8.9505221242729012E-031   8.8633836971844651E-030  -1.2918136828590795E-030   9.4981749623531831E-030   2.2546697022469160E-030   9.7407009418686949E-031   2.9929601933138668E-032   3.6759978463682848E-030  -8.7844339921564961E-016   1.8725520934714772E-029  -1.7336983193137964E-033  -7.4646765824999428E-032   1.8195090637245998E-029   5.5218135378328203E-031   1.4387111215893321E-029   1.1577667487952313E-016   2.8999664896162306E-018   1.2761976960350226E-017
   4.0573675707722657E-019  -8.5054319977025337E-020  -7.9468741655601483E-020   1.7348614535139871E-018   5.1717903306908735E-031  -3.9992344969646890E-031   3.6888951714090006E-031  -1.2371671236486401E-031   6.4320717966812872E-031   1.9393202561367500E-031  -3.7653963812356287E-017   7.8933747821395518E-018   7.3750111872261091E-018  -2.1585261791716556E-018  -4.6073769589845641E-030  -7.4239577465560082E-032   2.8561785955967879E-031   1.4466215234854626E-030  -1.3455312608643528E-030   4.4349133903065398E-031   8.9306079548700700E-032   4.5610861894884062E-031   8.8628260618534024E-031   6.3429986361915597E-031  -5.7697131444873081E-030   1.2294507172970054E-030  -4.7401382164793020E-031  -4.6601031518359191E-030   1.2725230663685431E-031  -5.1132147525156058E-030  -9.9529572854586582E-017   2.0864316552766964E-017   1.9494141889567620E-017   9.5305341792281046E-017  -4.7688483077069726E-030   1.2307423970552252E-030   9.5474094856722245E-031  -5.8815766391554829E-030   1.4758911232037700E-030  -5.3448553380058425E-030   1.8896422454823552E-030   3.4545192138057092E-031   6.4487840182677957E-031   1.5093888953132232E-030  -2.3527214870523479E-029  -5.5258863052909282E-031   2.2557621412791659E-031  -2.3905135366488402E-029  -5.1571723076340168E-031  -2.3869162408326059E-029  -1.0335579604177369E-016   2.1666405112876618E-017   2.0243556717464983E-017   1.5687148150181269E-016   9.9048210809853666E-016  -1.1138483958658978E-029   2.8887557820560632E-031   6.6156546438546742E-031  -2.9160565966297159E-030  -6.0479329381246572E-031  -2.9127262087373249E-030   2.0966222909245516E-030   7.0243957487663735E-031   7.6146302346924948E-031   2.2876605687411393E-030   8.0478909947182289E-017  -8.0699349216575000E-030  -2.6265232021604444E-031  -1.0796434383225340E-031  -7.5695965346306537E-030   4.7870710252625057E-031  -7.9699550760201247E-030  -7.3767540519186291E-017   1.5463839264740118E-017   1.4448317826363522E-017
  -4.3296689243021611E-019   9.9969301237410917E-020   3.3108376375076680E-019  -2.6420805570557038E-017   1.2383613652012690E-029  -1.3465759781158417E-030   2.9380082642156068E-030   1.8229417200698567E-029   1.9393202561367500E-031   1.8305998646821434E-029   4.0181027266175101E-017  -9.2775435932057430E-018  -3.0725872974438007E-017   9.0566407800529610E-018  -2.7347516870214620E-030   7.7904654940351982E-031   9.1181339031084492E-031   4.9263446045784640E-030  -3.7870435116781266E-030   4.3650853151192855E-030   2.4699426282757799E-031   2.0507040732074371E-030   1.3783644739463353E-030  -7.1530185068472039E-030   1.0866782426364611E-028   4.3366290472100689E-030  -4.9160024105126677E-030   1.0822819391965429E-028   9.3695234737938692E-031   9.3084726648670032E-029   1.0620928252303379E-016  -2.4523047708163280E-017  -8.1216761878492011E-017  -1.9680303208491781E-015   1.5100336877288770E-029   2.2875969741735139E-030  -1.3914614397462939E-030  -1.7753215182703636E-030   4.2845505773680727E-030  -2.5400676640541172E-030   2.8622652221347741E-030  -3.5291333421990326E-030   2.9500100286921226E-030  -2.2567623451775148E-030   1.6634963243019111E-028  -7.1850433419713844E-031   1.7268609377137370E-030   1.6246428268716001E-028  -1.4061217745963683E-030   1.8026662684361142E-028   1.1029229431371019E-016  -2.5465789157456769E-017  -8.4338984234898714E-017  -3.4166121238449709E-015   2.0079260488289942E-015   6.1108216525387852E-030  -1.0077676375113392E-030  -2.8739651874595485E-030   7.4503478639806449E-030  -1.6198805361399315E-030   8.0840479174522809E-030   1.4352373531177623E-030  -2.8031913009199428E-030  -5.6605308291525730E-031  -3.8683204447063866E-030  -8.2886215381566649E-016   1.4150518669545057E-029  -1.5067281905966410E-031  -1.4071455811897514E-031   1.3906238547130053E-029   8.0813075012815250E-031   9.8985889432013216E-030   7.8718287714134925E-017  -1.8175551884541393E-017  -6.0194780313809041E-017
  -1.6743752913353971E-004  -4.3049238920844888E-017   7.0248227494287618E-017  -3.8226627557613601E-016  -1.0353572455151580E-016  -3.9028575526790454E-017  -6.4358121703017666E-017   5.9097140768791876E-017  -3.7653963812356287E-017   4.0181027266175101E-017   1.5538859994382740E-002   5.1491712191295228E-017  -7.4742610782112379E-017   4.9099933594373877E-016   8.7008187494457995E-016  -1.3675384889556540E-017  -1.1279490918998259E-017   2.8295536284025283E-016  -1.7828433513810146E-018   3.2481955228973756E-016   1.3251906690325802E-017  -4.2562104682336245E-018  -8.2610375778767403E-018   1.5420296031200845E-017   6.1761805945421001E-017   1.8558549156899036E-017  -3.2322736151146360E-019  -4.0814707680794681E-017   9.2226500201754096E-018  -2.5218688449917178E-017   4.1073394174252188E-002  -2.5591227450765904E-017  -7.3567070223285886E-017  -9.5621121425550561E-016   3.3838263220057304E-015   4.2253472849988130E-018   5.4041345703940897E-018   1.4256768525410560E-015  -2.0583207584014171E-018   1.4066579521344015E-015  -5.9615420126538332E-018   5.1233842875039778E-018   1.3115579944243570E-018   2.4598479611987049E-018  -6.7425202888852319E-018   1.6033634881766094E-018   9.2169828926265770E-018   1.1975588282678616E-018   3.9288834915080606E-018   7.9868125194846770E-019   4.2652381892765434E-002   2.0242160473216619E-017  -1.8573738467158111E-017  -1.2423024681073898E-015   6.9858312610640865E-015   3.7381866332909004E-015  -3.2852934769540829E-018   3.4574770395742269E-018   1.6983489106376397E-015   1.5959115854800445E-018   1.7289217415631811E-015  -7.7185200418330354E-018  -8.5241408475570454E-020  -4.0786021989090838E-018   1.1912550808856528E-018  -4.3079690413957597E-017  -6.7391855533065759E-018  -2.8386178363009696E-018  -5.3381620929458861E-019  -5.8844419918462418E-019   2.1995052412428569E-018  -4.8795740110716203E-020   3.0442040311339826E-002  -4.5383809290882730E-018  -1.6248633026986090E-017
  -4.2740868334386832E-018  -1.6743752913345300E-004   1.0702595729069389E-016   1.4422126672616911E-016  -7.8847118156932864E-018   2.5936614692322106E-019  -2.5834338284996631E-017   1.4802612705854349E-018   7.8933747821395518E-018  -9.2775435932057430E-018   5.1491712191295228E-017   1.5538859994380393E-002  -1.3701446896781790E-016  -2.6545845215389025E-016   6.6492457688209813E-018  -2.7771766974006273E-017  -4.8692351312954076E-018   1.8723863677039773E-018   1.0143924351218510E-017  -2.6985286978881353E-018  -8.1501414932285385E-017  -2.3120133405661414E-017   4.3091861832340596E-018   2.9462704700981770E-017   7.9971628236658107E-017   2.6885553235906787E-017   1.4080280016338928E-017   6.5615981023101075E-017  -1.5350877796576564E-018   7.6258596528942596E-017   1.6380199956689281E-016   4.1073394174253451E-002  -2.0230187138367382E-016  -2.0341315061563012E-017  -1.2928158973881372E-017   4.7045719478047378E-016  -3.2120068285460605E-017   2.0647827612156100E-019  -4.1447669771712109E-018  -5.7760712807789634E-019   1.1618250123723105E-015  -2.5736623795775880E-017   3.7744829401787504E-016  -6.7703606056123603E-017   1.1409316975848547E-016  -5.3884311120498901E-018  -5.3870243828544409E-018   1.1599183767576721E-016  -3.2962145750499351E-018   1.0998539548805846E-016   1.5007229155480614E-016   4.2652381892764976E-002  -2.5321122134455509E-016   3.0183420266637663E-016   1.9586008098697455E-016   3.1856372245777903E-019   9.6623430684225442E-016  -1.3363590872791249E-017  -3.8992348926110129E-018  -9.8584818710149705E-020  -3.5261297813493930E-018   1.9425491298909358E-015  -1.3996375267051642E-017   1.0128366932731798E-015  -4.0908482309896457E-017   1.8797957219006052E-016   2.6307333666605411E-017   1.3428921770676936E-018   8.5838219594494090E-019   2.6494237475011655E-017   6.2832436155304706E-019   2.6468881802944865E-017   1.0320530753120158E-016   3.0442040311336752E-002  -2.5279109769889921E-016
  -3.6289964160617602E-017   1.1730461599357887E-016  -1.6743752913333192E-004   7.5741839440081864E-017  -3.9683743163620235E-017  -9.8129403135722839E-018  -3.9874955651685380E-017   6.5142339741439606E-018   7.3750111872261091E-018  -3.0725872974438007E-017  -7.4742610782112379E-017  -1.3701446896781790E-016   1.5538859994381609E-002   1.7640254975864186E-017   1.8583920779966475E-017   1.8126743666870293E-017   4.8380320220367660E-017  -4.5148156124651762E-018  -1.8082302168600373E-018   7.1298261208524877E-018   6.7273918645649064E-017   2.7481418069043288E-017   3.3338284507392717E-017   3.4465670542858779E-017  -1.6975739996651209E-017   3.1793260850872182E-017   2.2545085398660884E-017  -4.6833450557645930E-017  -1.5855063914993271E-017  -2.9708431813934331E-017  -2.1826119109368763E-016  -1.8631280892764263E-016   4.1073394174254464E-002  -4.5643426742624035E-016  -2.3492970302375622E-018   1.6959559081902485E-017   7.3251026588745589E-016   6.1561915851263955E-018  -4.5285388639109733E-018   4.5931319625553848E-018   5.9716482629330434E-017   7.0476555278440647E-016   1.3717458687603971E-017   1.8857236936706589E-015  -3.3668711110266092E-018  -8.7571332573940862E-018  -6.5641504898590008E-018   5.1936805981033159E-018   2.3828365098043374E-018  -1.2780284600035301E-017  -1.2336018437196854E-016  -7.8526756012767865E-017   4.2652381892763921E-002  -9.2434227989475839E-016  -4.3483235360602391E-015  -9.9194601796271238E-018   1.3560895568247856E-017   1.5597490661876756E-015  -6.4137581274404864E-018   3.5364188020441773E-018  -5.6803663583658304E-018   2.3026034066995562E-017   1.5710804793286900E-015   1.0778720468401370E-017   3.3191246443065378E-015  -3.9977255579576558E-016   1.8178185380127838E-017   1.8737681557139076E-018   2.7049102256691336E-018   1.4092892443592339E-017  -2.3145144161301777E-019   1.7359852807808344E-017  -1.2876538395277834E-016  -2.3039603179818426E-017   3.0442040311338438E-002
  -4.6787668316225894E-018   1.8337503146267396E-018  -6.2010638766842614E-019  -2.2580733029538942E-005   5.9592035930914382E-018   1.3780282402972891E-018   6.7311682581623514E-019   1.0296356723274467E-017  -2.1585261791716556E-018   9.0566407800529610E-018   4.9099933594373877E-016  -2.6545845215389025E-016   1.7640254975864186E-017   1.4451367849249360E-005   7.9441888749245601E-018   9.1476722883914455E-019  -4.2827419791420463E-019  -6.7570098640579052E-018   3.6457214308870680E-018  -3.2457052474639883E-018  -3.9150210843084660E-019  -7.0318097829777068E-019  -2.7990692622737701E-018  -6.8194512661957806E-018   8.6427095409960572E-017  -2.8436073457362650E-018  -6.7126691144078514E-019   8.2501283075392803E-017  -1.7302521625779157E-019   7.5666298070304236E-017   1.3266313536510908E-015  -6.8895769614280404E-016   1.9722353758722393E-017  -1.5364241279375616E-003  -1.1125355811999793E-017  -2.7810516932865907E-018  -2.7177766187517825E-018   7.3056297020118790E-018  -3.8794574277981244E-018   4.7832698573526466E-018  -3.2792866839535057E-018  -1.3962051129876985E-018  -9.7631101907224461E-020  -1.9932964297330236E-018   1.9661871740488264E-016   1.8993620667975600E-018  -1.2265191847527112E-019   1.9595229468484222E-016   1.3601721715010029E-018   2.0592903579716194E-016   1.3588538161206427E-015  -7.1884745548083508E-016   3.0079179394002550E-017  -2.6304821513971205E-003  -3.1002478527663371E-003   6.8588299745933841E-018   7.0181476721307092E-019   3.8345915175706566E-019  -3.4250210281714941E-018   1.6594116941628658E-018  -3.4362315359293273E-018  -3.1114892614885598E-018   3.2500529641094299E-019  -9.5505547809473993E-019  -1.6305079821952536E-018  -8.2019888622618809E-004   4.2941646713217768E-017   1.0838738840490395E-018   3.9978444473398871E-019   4.0569012920381331E-017  -1.6166373337612277E-018   3.9995106733071976E-017   9.7532142128686621E-016  -5.2042119760520413E-016   1.3061611115231150E-017
  -9.3754856750822553E-018  -7.1648324431959040E-020  -2.0024929615826549E-019  -2.6422363682566878E-018  -9.6069087015686776E-030   2.5557788110694017E-031  -5.3535871013269288E-030  -2.9003949069574376E-031  -4.6073769589845641E-030  -2.7347516870214620E-030   8.7008187494457995E-016   6.6492457688209813E-018   1.8583920779966475E-017   7.9441888749245601E-018   6.1013251892682076E-029  -4.6043863460227296E-031  -1.8481919145521779E-030   5.4183035587755927E-030   6.7361065677453770E-030   1.1974037102152535E-029   1.4041696596964518E-031  -2.6269601984661748E-030  -4.5257033896605663E-030  -5.7512124371230388E-031   7.6943415108258333E-030  -5.3717535068068847E-030   3.1828666425944130E-030  -2.0158106061140795E-030  -3.8612713627775758E-031   3.7736295565070193E-030   2.2998608537814928E-015   1.7575748318935921E-017   4.9122310373743353E-017  -4.4145257834017812E-017   1.7275003506741330E-028  -4.5219635492561015E-030  -1.7044347543637429E-030   9.1838556272846589E-029  -7.5983131457398102E-030   8.8698659269812148E-029  -6.1425939006681968E-030   1.3778542657731768E-030  -2.3986370441113027E-030  -8.6148414927325610E-031   7.3343589120151650E-029   2.6608641175292184E-030  -9.6600378543888133E-031   7.6196362928519993E-029   2.7736368846857429E-030   7.2466910955482553E-029   2.3882745852350656E-015   1.8251414192107695E-017   5.1010723209978095E-017  -3.8004236536289754E-017  -4.8505177111196541E-015   2.1934442766524540E-028   1.2967863754843801E-030   2.3015199295434305E-030   8.9071939029063589E-029   3.1216774526868385E-030   9.0330088994496065E-029  -4.9554260634293182E-030   1.9739262314610629E-030  -8.3989714839393330E-031   1.8461473630077757E-031  -2.0015187081767811E-016   3.3368615639041866E-029   1.0911793583288537E-030   4.9929272343695336E-031   3.1433363255115437E-029  -2.2113204589798124E-030   3.4053038610826030E-029   1.7045695450505789E-015   1.3026477348240529E-017   3.6407591401861116E-017
   1.4735782783816537E-019   2.9925207148279227E-019  -1.9532302703769973E-019  -1.6857603124881297E-018   6.2073661956302570E-031   6.5184785518484373E-032   1.5299495156192729E-031   8.4790226024762703E-031  -7.4239577465560082E-032   7.7904654940351982E-031  -1.3675384889556540E-017  -2.7771766974006273E-017   1.8126743666870293E-017   9.1476722883914455E-019  -4.6043863460227296E-031   1.4616203553322174E-031   7.5169315351954873E-032  -5.0936151520253506E-031   8.5363295808833339E-032  -3.6174095905137017E-031   1.9903226204741506E-031   8.5756074984709645E-032  -7.1379796466437064E-032  -5.1690405911722494E-031   6.3897020396298085E-030  -7.8780884608827007E-032  -1.3388955068983386E-031   6.2686591021786141E-030  -1.4147447036497293E-032   5.5962837656773987E-030  -3.6147727327256498E-017  -7.3408263685456052E-017   4.7913868069743287E-017  -1.1826082625854652E-016  -3.3837379769064463E-030  -9.1022624723574367E-031   7.7121207170392763E-031  -9.9501242743266730E-031  -1.0141370404207196E-031  -1.1203546942484021E-030  -2.0890876081456301E-030   7.4830741407163744E-031  -5.9779223731804012E-031   2.2483295303672875E-030   1.3146955009685479E-029   7.7826596986743792E-032   2.2952622532000108E-032   1.3031856341842307E-029   4.3957955712908701E-032   1.3894072855250220E-029  -3.7537357248265145E-017  -7.6230303332455654E-017   4.9755824663528434E-017  -2.0345815561447385E-016  -1.1368048254001863E-016  -3.0324058279398305E-030  -1.6812210228905183E-030   1.8636453631440160E-030  -1.6035300212882804E-030   5.2411168005288763E-032  -1.6191847147081584E-030  -3.5387663309996937E-030   1.8803089988711373E-030  -1.8404979733365197E-030   3.9178495454469485E-030  -5.8497941106308421E-017   2.4330797137384212E-030   5.3796557205192026E-032   1.9372142883502632E-032   2.2978496453503414E-030  -6.7721179556100211E-032   2.1887733872646843E-030  -2.6791323059185845E-017  -5.4407417921616561E-017   3.5511939847560665E-017
   1.2154109696736721E-019   5.2467986677005445E-020  -5.2131760497901754E-019  -6.1303462290631643E-019   7.0061733661630832E-031  -2.6558242922649417E-031   1.8120556338424295E-031   8.8797778381671264E-031   2.8561785955967879E-031   9.1181339031084492E-031  -1.1279490918998259E-017  -4.8692351312954076E-018   4.8380320220367660E-017  -4.2827419791420463E-019  -1.8481919145521779E-030   7.5169315351954873E-032   3.0911800843686648E-031   8.6029590075797026E-031  -7.4935174486736934E-031   4.6572275603028085E-031   2.9366804150155727E-031   3.8248626768923296E-031   5.2815366172696775E-031  -7.1251813547081184E-033   2.9966963955759548E-030   8.0403326223650168E-031  -3.7824947167449154E-031   3.3308597022568719E-030   5.2933197784120231E-032   2.4371436763709097E-030  -2.9814733948855301E-017  -1.2870700549922265E-017   1.2788222323943777E-016  -5.9511285608020269E-017  -7.3885892922212463E-031   4.3765531965529194E-031   2.5478447612933904E-030  -2.2802671481174172E-030   8.0486048642602782E-031  -2.1062858962754334E-030   5.2370635421578865E-031   2.1052887055844685E-030   2.6709064017540200E-031   6.2292010818137585E-030  -1.3527842065810451E-030  -2.8509109470252361E-031   1.6251033129857787E-031  -1.6753908491010888E-030  -2.7151344138077250E-031  -8.2180001684550922E-031  -3.0960904107963884E-017  -1.3365489902140804E-017   1.3279840959243149E-016  -1.0681923539554646E-016   5.0476118416476721E-016  -3.7705668563858011E-030  -3.6627226684730354E-031   4.8416870402562026E-030  -6.0766285981972945E-031  -3.1696709763872297E-031  -5.6848445974436065E-031   4.2611515339630764E-032   4.8959536862172366E-030  -1.8263739407481584E-031   1.0779917348227463E-029  -8.5959144134878313E-018  -2.5457157778550514E-030  -1.1014181747131841E-031  -4.3439343129598535E-032  -2.3652763190815584E-030   2.3512532610076119E-031  -2.7191858198635538E-030  -2.2097548814503232E-017  -9.5392745803654180E-018   9.4781448507577171E-017
  -3.0489589858145277E-018  -2.0175723772946791E-020   4.8648972380406184E-020   2.2653523699518008E-018   1.3093060418905294E-030  -2.7907468859272450E-030   2.7119956262481978E-031   4.1258045270487560E-030   1.4466215234854626E-030   4.9263446045784640E-030   2.8295536284025283E-016   1.8723863677039773E-018  -4.5148156124651762E-018  -6.7570098640579052E-018   5.4183035587755927E-030  -5.0936151520253506E-031   8.6029590075797026E-031   1.4005272552384576E-029  -5.8343545575920782E-030   1.1195808764936588E-029   7.6162441201236505E-031   1.9592216461262735E-030   3.3271053764260227E-030   1.5478512632253629E-030  -2.5315798954051181E-030   5.8179359850677934E-030  -2.6987889419730796E-030  -1.0576136191648464E-030   9.2188984581432765E-031  -4.9215971640685756E-030   7.4792727110332877E-016   4.9492217160547132E-018  -1.1933874257270889E-017   3.9020484605359325E-017   7.5814943639072192E-029   4.3582747772359459E-030   2.3197262046364457E-030   1.5765536167298905E-029   6.3121839623487605E-030   1.7181306123486646E-029   5.4300024162170711E-030  -3.3308045538568215E-031   2.3145840730788770E-030   2.2283083662410285E-030  -6.2837488640043213E-029  -2.1638082785339173E-030   1.4184878360454408E-030  -6.4728979604918517E-029  -2.0970301334774731E-030  -6.1615950276169865E-029   7.7667989793529123E-016   5.1394850352519150E-018  -1.2392649122761456E-017   3.4914681205268448E-017   4.1198697439558579E-015   5.9545129868682661E-029  -8.4010354375495434E-031  -6.0290751798040006E-031   3.6036861520303343E-029  -2.5436922283517501E-030   3.6979402737323333E-029   4.6578017218398430E-030  -5.4978201863033181E-031   9.4339772235656175E-031   2.3081519137782994E-030   1.7070235551184292E-016  -2.8781146379053080E-029  -1.1117855756588170E-030  -4.5687867065178147E-031  -2.6734822769352155E-029   2.0231439015950285E-030  -2.8919788151167542E-029   5.5433529647645377E-016   3.6681752267980728E-018  -8.8449345011308112E-018
   1.9210861400964660E-020  -1.0930490587505231E-019   1.9484415182805341E-020   2.7542932269849849E-019  -2.7848776327697443E-030   1.3894499419578284E-030  -1.0948513651997744E-030  -3.0735030662705921E-030  -1.3455312608643528E-030  -3.7870435116781266E-030  -1.7828433513810146E-018   1.0143924351218510E-017  -1.8082302168600373E-018   3.6457214308870680E-018   6.7361065677453770E-030   8.5363295808833339E-032  -7.4935174486736934E-031  -5.8343545575920782E-030   3.8786667889980192E-030  -3.5706144805066375E-030  -4.2534628174966132E-031  -1.4329276745559395E-030  -2.2747018596361726E-030  -3.2780472996210095E-031  -4.6076868242140748E-030  -3.6988889675729325E-030   1.9990899231458818E-030  -6.6719237827022736E-030  -5.2537704413520853E-031  -3.1070705665356507E-030  -4.7125353950089134E-018   2.6813125512569053E-017  -4.7796397214528208E-018   1.0164228796367015E-016  -9.6815721985205806E-030  -2.5064219144700650E-030  -1.6330688903071468E-030   6.5598526290160890E-030  -4.2464686230884572E-030   5.5059902453408247E-030  -2.8711676670157707E-030   1.7585663463597579E-031  -1.3668663922218139E-030  -2.0684977623687901E-030   2.8646860969541722E-029   1.4175843205969497E-030  -8.9320372809004480E-031   3.0167123633747164E-029   1.4431749895895268E-030   2.7079016545991349E-029  -4.8936997633816580E-018   2.7843904602783777E-017  -4.9633837866812886E-018   1.9698650652103371E-016  -2.7051261480234137E-015   5.1350149761912927E-030   1.2132291120107917E-030  -7.1003968246475506E-032  -3.5869189722845004E-030   1.7112329802844520E-030  -3.8672944176754530E-030  -1.7627160147834863E-030  -1.5453511718109340E-031   9.3814222769316132E-032  -2.6200324047190417E-030  -5.3669899208504587E-017   1.7026493623696310E-029   6.7260962083400804E-031   2.8807675872359454E-031   1.5834610420442021E-029  -1.2913202000406862E-030   1.7462509706065591E-029  -3.4927523119985917E-018   1.9872870604830726E-017  -3.5424874909712806E-018
  -3.5000626345435402E-018   2.9077743002152297E-020  -7.6826772956222240E-020  -4.1500452828391950E-019   4.3054751956596278E-031  -2.0816877046399161E-030  -3.5290029873552848E-031   4.1295530141865735E-030   4.4349133903065398E-031   4.3650853151192855E-030   3.2481955228973756E-016  -2.6985286978881353E-018   7.1298261208524877E-018  -3.2457052474639883E-018   1.1974037102152535E-029  -3.6174095905137017E-031   4.6572275603028085E-031   1.1195808764936588E-029  -3.5706144805066375E-030   1.0014127601749848E-029   6.5252824837407776E-031   1.2226998501032093E-030   1.9114677504682064E-030   5.9764225025276424E-031   6.1656832446506034E-030   3.7864401775211286E-030  -1.8341875909705995E-030   5.8839196049224558E-030   6.6700942996633734E-031   2.8947599878566057E-030   8.5858560483348578E-016  -7.1329385128104298E-018   1.8846051689886812E-017  -1.0440009477492324E-016   7.9186206472080006E-029   2.5770280260149106E-030   1.8373260230068332E-030   2.3679686938818692E-029   3.8272775686909512E-030   2.4233343996756176E-029   3.0063054191707990E-030   1.7204390275934917E-031   1.4479823574747617E-030   2.5720079104028004E-030  -2.5000674094939789E-029  -1.2607558679242987E-030   1.0068074313009005E-030  -2.6233172878010189E-029  -1.2349549533188184E-030  -2.3341718707381599E-029   8.9159227868112331E-016  -7.4071506283355995E-018   1.9570551935321287E-017  -1.9984113026599567E-016   2.4629891894422516E-015   7.3076122110535127E-029  -7.6143474988107897E-031   6.8312021438643998E-031   3.8589597374125026E-029  -1.5258295327163604E-030   3.9483380200600672E-029   2.2723596556919430E-030   6.8947761824763365E-031   2.5747637362702305E-031   3.5707991899743139E-030   4.3424029043400304E-017  -1.5456958726745103E-029  -6.6796562379500081E-031  -2.7157623750731200E-031  -1.4252415177598697E-029   1.2206852736627502E-030  -1.5739736228425204E-029   6.3635105202632510E-016  -5.2866632064458204E-018   1.3967977976668967E-017
