   3.1882592640288767E-007   4.0104495257238010E-020  -4.1879937655691392E-019   6.9883618275305083E-019  -2.2657425726340462E-005  -2.6712185246619431E-018   8.2703092732805983E-018   3.5127308967253653E-019  -4.4350975747667739E-021   2.3200105284794007E-019   2.6884513828070227E-019  -1.3096686097778248E-019   3.3648573842328294E-019   7.8954866425912229E-019   3.8049032674817247E-018  -1.5439509063184957E-019  -2.6307355614845630E-019   1.3121699573313210E-018  -1.5060958237494406E-020   1.3243379309768659E-018   2.0286657705621723E-019  -2.1972044805654305E-019  -2.0109691987918786E-020   1.6263099300892420E-019  -2.4482382533719027E-004  -2.6406547431749831E-017   8.5673795408181249E-017   6.9418215123628103E-020  -2.2332946912849210E-020  -1.0110209062414513E-019   7.7846300872391749E-020  -2.8851155779207131E-020   5.1391924198133998E-019   1.4446827664776134E-016   2.6161150880370502E-018   1.7108729684439357E-019   1.1992324432001055E-019   1.7376057429680582E-018   4.9439841494931358E-020   1.5787997145152906E-018  -1.8346210423841035E-019   3.8852088196102691E-020   3.0504694405341884E-020  -4.0294951379732966E-019   1.1616088540559846E-019   8.9268949391256233E-020   1.1088027030990832E-019   1.7479921957452725E-019   3.0504705457706389E-020  -1.3333933448809529E-020  -3.5099917704164936E-004  -3.7685439099679295E-017   1.2283662426368436E-016   2.4631735878800560E-016  -9.4263949267685134E-016  -3.4629382602227538E-018  -8.0461746831284258E-020  -1.3731567006341376E-019  -1.3873711145817496E-018  -9.7306620962836333E-021  -1.5833877583071100E-018   4.7931460162407798E-020  -1.0025403720418560E-019  -4.6526619867619389E-020   1.6522698531063646E-020   3.1296658152987678E-017  -2.0319316751201748E-020   4.7666536397005947E-021  -1.6133250984697613E-020   1.5070528590325751E-020   2.0982428047277655E-020   6.9127302376682347E-020  -2.8419237239947801E-004  -3.0609567968285660E-017   9.9226907105216719E-017
   4.0104495257238010E-020   3.1882592639602051E-007  -9.2127936394875737E-019  -6.4580310571785323E-019  -7.0937070422789836E-019  -2.2657425726091926E-005   4.4790456713331358E-017  -5.3928730054276324E-019   7.5272474765060091E-019   4.3678393255881096E-020   1.3285005360783813E-019  -2.9988787268405758E-019   1.2297267896218874E-019   2.2904136273974860E-018   5.4514063688459215E-019   1.9365095604239759E-018  -6.8936852119043685E-020  -1.3995013408189809E-019   5.3887970758839268E-020  -1.7925639688750419E-019   3.3412023956497240E-018  -1.3312020912117206E-019   1.8458729029452996E-018  -2.2366264846783206E-021  -4.7788188734387820E-018  -2.4482382533455338E-004   4.8464088168880354E-016  -3.9667399899014107E-020  -7.0113838266862319E-019   5.5805680926325506E-020  -7.8763500456704474E-019   1.7715960964391315E-019  -9.0864319332278199E-019   2.3275616551574088E-017  -4.0896430958462766E-020   2.5496024075982125E-018   1.4381982011378162E-020   2.4056081388023706E-019  -4.5498053893632903E-020   2.5632669862558553E-019   6.7121609210384432E-018   2.6054238046169412E-021   2.6733491808907693E-018  -2.6328411975639551E-019  -9.5026266697556765E-019   1.3139428908674545E-019   8.5872210535165172E-021  -6.9761743059244628E-019  -3.4677750660770237E-020  -7.0548597475240718E-019  -6.6359117746278580E-018  -3.5099917703788452E-004   6.9498071867035046E-016   3.8923153758749304E-017  -2.4510533276985640E-016   2.1983019714258838E-019   1.6185674875486280E-018  -1.8505479044032927E-019   4.1809155751198088E-020   2.2593990560002197E-021   5.1446591069113372E-020   3.0044207014545436E-018  -1.9858263342915028E-019   1.2890568795036422E-018  -3.1327742703197650E-019   8.6819262672219917E-021  -4.2202584923887241E-019  -1.8416194530867536E-020  -1.7909930263823812E-021  -4.3898311673408643E-019   2.3126688310451297E-020  -4.4529596153147017E-019  -4.9604529887628949E-018  -2.8419237239641520E-004   5.6197934302621818E-016
  -4.1879937655691392E-019  -9.2127936394875737E-019   3.1882592639670533E-007  -1.0702525762187543E-018   2.2066166771509686E-017   2.0928806394681038E-017  -2.2657425726116222E-005  -7.1825360615286131E-020   4.8339252863059232E-020   6.9326477667186710E-020   6.2689555374208215E-020   1.5596612508917963E-020   7.9979053829711989E-020  -4.2059973231643737E-018  -1.6689431774111858E-019   1.5940347021473733E-019   2.2687314752181170E-018  -1.6834271171033942E-019   5.4563725464353340E-020  -4.4283361615427090E-019   8.1934325913699099E-019   2.4323222167442601E-018   2.8094182869733308E-019   3.3455475248264888E-018   2.3688170276481967E-016   2.2069664365420668E-016  -2.4482382533481923E-004   3.4142325378327963E-019  -4.1277178058805469E-019   1.6664833896597671E-020   2.9961541442941953E-019   3.6846568093637510E-020   2.1326403061926994E-019  -2.3493217688983099E-016  -5.1143003333052430E-019   1.4666692005075658E-019   2.2112391890694949E-018  -1.0144357217404828E-019  -4.3514727777637569E-020  -2.1818406126764072E-020   2.6795797485448008E-019   2.2605823103435671E-018   1.5761609416554534E-019   5.4513568622365843E-018   1.1384836313337499E-019   1.4689640701039208E-019   2.1896452296598582E-020   1.3929598065754403E-019  -4.1193334888241605E-021   1.8098576490803142E-019   3.3889784910922343E-016   3.1975721815216541E-016  -3.5099917703825277E-004  -3.9932601287617882E-016   1.1733712202927468E-015  -2.4810236591748714E-019   2.4857998049034198E-020   5.2201197346288617E-020  -2.0903789166394382E-019   1.7798404355106115E-020  -1.4652620473286655E-019  -2.1800447085661718E-021   2.4638906667871012E-019  -1.5550720455695182E-020  -1.7775972084957920E-019  -6.6107362191282623E-017   6.2700886956003209E-021  -1.9877441824210683E-020  -2.9534065647383354E-021  -1.5135028554402238E-020  -3.7808928791402818E-021  -3.5658126429269164E-021   2.7383268790817380E-016   2.5842224809005460E-016  -2.8419237239672116E-004
   6.9883618275305083E-019  -6.4580310571785323E-019  -1.0702525762187543E-018   1.4331252159296877E-005  -4.9820076463644299E-019   5.0870792756681146E-017  -1.9320865799045349E-017   1.2921990617351010E-017   1.0798105068722262E-018  -2.4399869440860743E-019   1.0555592017942528E-017   5.7441291831545721E-019   1.4931931179922303E-017   1.2926636664954212E-005   7.2691759517300441E-018  -8.7319774456784049E-019   6.6830522172202801E-019   2.0269928482977928E-018   5.2356080897709363E-020   2.7465829959686006E-018   2.0813583985659820E-018   1.8408815080808779E-018  -3.9554329607131435E-019   5.2227905299612623E-019   1.2987111267179947E-017   5.5177736623510675E-016  -2.0718989785259853E-016   8.7720358052636614E-017  -1.0912862635054145E-018   1.1290557633430627E-019   8.7398636733188668E-017   6.5548677176499315E-019   8.1499570035973434E-017   1.8925469775053377E-003   1.1309141098686232E-017   7.6353327027732219E-019  -2.2543424057127244E-019   5.6279573980561588E-018  -4.0159174755525055E-019   5.2224916788224351E-018  -1.1746793646639096E-018  -1.1933098938248586E-018   1.4860981849198223E-019   1.1278022115654352E-018   7.8671867445818335E-017  -4.1357422281910268E-020   9.7709575418209283E-020   8.9207965721536800E-017  -3.4190245898675091E-019   9.8075479001956327E-017   2.1121074991916914E-017   7.9604621828046878E-016  -2.9128029743047692E-016   3.1448747893438782E-003   7.3168676320655660E-004   1.1723634185084200E-017  -6.0454510685746246E-019   3.4456914536717676E-021   5.3678558105781213E-018   2.5167536178684948E-019   5.0893609507738583E-018  -6.5534829424482236E-019   3.1431271329838055E-019  -9.4823437853010403E-020  -5.0070603545225564E-019   9.6423388566779181E-004   7.8016010644583292E-019  -2.5148459725143340E-019   6.0344525781255987E-020  -4.0869114551425510E-020  -7.3101944106551734E-020  -2.3464647018549231E-018   4.2831029852524768E-017   6.4157754065925373E-016  -2.3508081216913504E-016
  -2.2657425726340462E-005  -7.0937070422789836E-019   2.2066166771509686E-017  -4.9820076463644299E-019   1.6101543131593486E-003   3.7704033310532944E-017  -4.0821131618920290E-017  -2.4963289619064796E-017   3.1518106145092537E-019  -1.6487199402626050E-017  -1.9105531413690830E-017   9.3071851423685861E-018  -2.3912423660839318E-017   1.0376357626915248E-016  -2.7039618186490452E-016   1.0972116784777570E-017   1.8695372820594174E-017  -9.3249610168109471E-017   1.0703098912851775E-018  -9.4114329553494952E-017  -1.4416752281810593E-017   1.5614475863270365E-017   1.4290991254161663E-018  -1.1557402769898766E-017   1.7398452193647253E-002   2.3278876303928046E-016  -1.7881253739972311E-016  -4.9332187967164127E-018   1.5870951638609199E-018   7.1848394982646698E-018  -5.5321623300900772E-018   2.0503129296074350E-018  -3.6521769687053130E-017  -4.8769550508881483E-016  -1.8591472145156630E-016  -1.2158351626836269E-017  -8.5223684024404665E-018  -1.2348328602746745E-016  -3.5134518363034668E-018  -1.1219770509873425E-016   1.3037769692239523E-017  -2.7610311137033753E-018  -2.1678219696533609E-018   2.8635684629861085E-017  -8.2549956434134222E-018  -6.3439150426629523E-018  -7.8797277166396560E-018  -1.2422140129123084E-017  -2.1678227552562494E-018   9.4757854274610984E-019   2.4943823965489675E-002   3.2144218007127625E-016  -2.5691197504492554E-016  -7.4898336652763543E-016  -1.0239033793100368E-016   2.4609437291106864E-016   5.7180295003243946E-018   9.7583644800400580E-018   9.8593794859095956E-017   6.9151137172085060E-019   1.1252375531251863E-016  -3.4062584270032769E-018   7.1245724190462035E-018   3.3064231815165541E-018  -1.1741887462023974E-018  -2.3555975647040618E-016   1.4439961491368404E-018  -3.3874315686934560E-019   1.1465125814493150E-018  -1.0709900107310473E-018  -1.4911202812487600E-018  -4.9125450275612410E-018   2.0196185555803478E-002   2.6714868902431337E-016  -1.9168037959009582E-016
  -2.6712185246619431E-018  -2.2657425726091926E-005   2.0928806394681038E-017   5.0870792756681146E-017   3.7704033310532944E-017   1.6101543131587048E-003  -1.7650324809056268E-017   3.8324555644543122E-017  -5.3492528838135425E-017  -3.1040134101356756E-018  -9.4410145885362590E-018   2.1311589299845655E-017  -8.7390770612753613E-018  -1.2996892521657985E-016  -3.8740524116410150E-017  -1.3761842403832619E-016   4.8990106426752316E-018   9.9455831718941975E-018  -3.8295589972992322E-018   1.2738890291438845E-017  -2.3744319030463381E-016   9.4602132417397774E-018  -1.3117731255756191E-016   1.5894629046611688E-019   2.0229699776285026E-016   1.7398452193643756E-002  -2.3759125282456292E-016   2.8189713965270235E-018   4.9826533897708469E-017  -3.9658414388590573E-018   5.5973432954446619E-017  -1.2589881702981451E-017   6.4572903141763087E-017  -1.9151829249119904E-016   2.9063127249568853E-018  -1.8118798503692489E-016  -1.0220583156381616E-018  -1.7095500465449812E-017   3.2333279430392416E-018  -1.8215906094492316E-017  -4.7700100568710907E-016  -1.8515494367336297E-019  -1.8998207326057359E-016   1.8710336563375824E-017   6.7530599034462392E-017  -9.3375604031756011E-018  -6.1025251432053360E-019   4.9576316761681185E-017   2.4643810145044602E-018   5.0135496364459493E-017   2.7472267729749730E-016   2.4943823965485768E-002  -3.5203397407262587E-016  -2.1177378605482146E-016   6.1613893922029430E-016  -1.5622275203282182E-017  -1.1502380953251166E-016   1.3150954243443145E-017  -2.9711756876186294E-018  -1.6056462809744043E-019  -3.6560618804716926E-018  -2.1350973448934523E-016   1.4112313004982076E-017  -9.1607074851837927E-017   2.2263120552580309E-017   1.0904281162845694E-017   2.9991348074094521E-017   1.3087504032648254E-018   1.2727726358627488E-019   3.1196419547202078E-017  -1.6435025488968966E-018   3.1645043075828271E-017   1.9312481183810413E-016   2.0196185555799280E-002  -2.3361770720851339E-016
   8.2703092732805983E-018   4.4790456713331358E-017  -2.2657425726116222E-005  -1.9320865799045349E-017  -4.0821131618920290E-017  -1.7650324809056268E-017   1.6101543131586996E-003   5.1042830541037761E-018  -3.4352382938525549E-018  -4.9266994574772090E-018  -4.4550452997374563E-018  -1.1083762650343521E-018  -5.6837268299033125E-018   6.7958469350716806E-017   1.1860376761002332E-017  -1.1328038242473226E-017  -1.6122783825391060E-016   1.1963307156899237E-017  -3.8775816352643199E-018   3.1470056028412262E-017  -5.8226786158897004E-017  -1.7285344573676696E-016  -1.9965185043223484E-017  -2.3775197774423539E-016  -3.3070530894452216E-016   1.9649031907081812E-016   1.7398452193643933E-002  -2.4263309140262048E-017   2.9333705907334525E-017  -1.1842896232173038E-018  -2.1292227002501209E-017  -2.6185084421988654E-018  -1.5155649318436713E-017  -2.2240964706636487E-017   3.6344873596570554E-017  -1.0422912857665870E-017  -1.5714213789090955E-016   7.2091069502421309E-018   3.0923824914180884E-018   1.5505292239071243E-018  -1.9042484975076630E-017  -1.6064871628609800E-016  -1.1201018020274061E-017  -3.8740172296714512E-016  -8.0906558034121426E-018  -1.0439221392362356E-017  -1.5560755901798968E-018  -9.8990956330650912E-018   2.9274122600920922E-019  -1.2861788162157215E-017  -4.2332412656204359E-016   4.3727344617117270E-017   2.4943823965485112E-002  -3.6325247484966668E-017  -9.5104226619636195E-016   1.7631442310331145E-017  -1.7665384082362323E-018  -3.7096881205705847E-018   1.4855317940570543E-017  -1.2648470256714596E-018   1.0412912896417094E-017   1.5492529585874446E-019  -1.7509686370548730E-017   1.1051149374809683E-018   1.2632528721197706E-017  -6.4390273094399479E-017  -4.4558505750260221E-019   1.4125942229474243E-018   2.0988440504987054E-019   1.0755737132248964E-018   2.6868987903428026E-019   2.5340516129006513E-019  -3.0283845437544885E-016   6.9128433559383311E-017   2.0196185555799304E-002
   3.5127308967253653E-019  -5.3928730054276324E-019  -7.1825360615286131E-020   1.2921990617351010E-017  -2.4963289619064796E-017   3.8324555644543122E-017   5.1042830541037761E-018   1.9712588414976488E-029   1.2786033805134456E-030   6.3559329502705311E-031   2.2681864223802520E-029   1.3455069628569484E-030   2.5916581575029362E-029   1.7546894449358973E-017   7.4697758900342814E-030  -3.8398987391154468E-030  -1.3175230723770910E-030   5.2910585247830262E-030  -1.0528590550982707E-030   4.0211966644869372E-030   1.9959280854746079E-030   4.3454155681641774E-030  -5.9387412115122768E-030   1.5627019607060556E-031  -2.6973973704498258E-016   4.1411431424618256E-016   5.5154107885096108E-017   9.7434566037334902E-029  -3.1152727603421729E-030  -7.6884834623969804E-031   9.5004584198780364E-029   1.9519388742986445E-030   9.0932891931955672E-029   1.8740368521296868E-015   1.5094882912852810E-029  -2.0424390327134510E-030   1.8594450602975551E-031   2.4318535280489331E-030   1.7424205999334511E-030   7.5153942190438471E-030  -1.8301948308100337E-029  -4.5143433484874871E-030   1.6577624501043448E-030   1.3381302221942672E-030   4.6584664345686688E-029   3.6518531078338911E-031   7.0193781050774310E-031   5.9858808144853570E-029  -1.7414191654633188E-030   6.8742122720911310E-029  -3.8672063712680370E-016   5.9370767245137872E-016   7.9073376341035724E-017   3.1399068627328618E-015  -2.8896456524107699E-015   5.5192043423988162E-030  -4.0296181663202691E-030   4.9360192108234574E-031   5.4936600803048112E-030  -1.0350917934730484E-030   2.5876310724458392E-030  -2.0834403656208306E-030   1.9307305077742509E-030  -6.1587939399860151E-030  -2.0522187606059312E-030   8.0213454030737803E-016  -1.9317563661828749E-029   3.5160995154534202E-031   4.9840654800885446E-031  -2.2738918142177996E-029  -1.3274679241623112E-030  -2.4104017145748307E-029  -3.1311485185577772E-016   4.8070537762456944E-016   6.4023085767309499E-017
  -4.4350975747667739E-021   7.5272474765060091E-019   4.8339252863059232E-020   1.0798105068722262E-018   3.1518106145092537E-019  -5.3492528838135425E-017  -3.4352382938525549E-018   1.2786033805134456E-030   2.2425147004436645E-030   2.5493779210928759E-031   4.2117392020795526E-030  -5.4993244552065556E-031   4.3311396781949788E-030   2.3660429387983199E-018   1.1912587732090579E-030   4.6338526782148889E-030  -5.6760651895745788E-032   1.9039541894249156E-031  -9.1916594093907683E-032  -3.7682412702553930E-031   9.5209362843891199E-030   9.6428913201610860E-031   3.8100036876265772E-030   5.9955575180105130E-031   3.4056752108751165E-018  -5.7801118694123146E-016  -3.7119317534308836E-017   1.0884383660830527E-029  -2.5998196760189293E-030  -1.2019388001538922E-032   8.2787943103117124E-030   8.7548255320892047E-031   7.6577039613345672E-030   1.8219713304450718E-016   1.0742787539249717E-030   6.4338176222646089E-030   5.3476150673769321E-031  -3.3604394537065239E-032   3.1893975533918714E-031   1.3267957256874457E-030   1.4472047715107563E-029  -4.4274626723060180E-031   7.7752216378292027E-030   6.6126023962202809E-031  -2.4580276701578145E-030   4.6032120554305953E-031   1.5018707561334270E-031  -8.5807636869961042E-032  -4.6933528427175571E-031   8.3051504366733472E-031   4.8826505943284685E-018  -8.2868344474980572E-016  -5.3217246683180762E-017   3.0885382756300211E-016  -7.8354574048191962E-016   1.1954434892781385E-030   3.6264801932243906E-030  -3.4635362651636765E-031   1.0119775786323634E-030  -2.6668493933930982E-031   4.5683590107105332E-031   7.8783746695720826E-030  -5.7315948188140459E-032   2.1259580174062239E-030  -1.3217436284321261E-030   5.6753891455743959E-017  -5.8301268971775162E-030   6.1493200272314829E-032   1.0833286152345802E-031  -6.5863933184864947E-030  -2.4628319668957341E-031  -6.6213375496539443E-030   3.9533199698536511E-018  -6.7095745385084583E-016  -4.3088236601955819E-017
   2.3200105284794007E-019   4.3678393255881096E-020   6.9326477667186710E-020  -2.4399869440860743E-019  -1.6487199402626050E-017  -3.1040134101356756E-018  -4.9266994574772090E-018   6.3559329502705311E-031   2.5493779210928759E-031   2.6450470598356425E-031   1.3873799671110454E-030  -9.4926173156463214E-032   1.2828717662660415E-030   3.8206555104520452E-019   2.4388513797873861E-030   2.4632504341129771E-031   1.5476008758196302E-031   1.0426945518835696E-030  -9.2771093909073826E-032   7.6363422643994745E-031   1.3339274780470510E-030   6.5164791371653395E-031   6.3387549075922150E-032   8.6278232950642970E-031  -1.7815171395024591E-016  -3.3540281501794790E-017  -5.3235236078225721E-017   4.9352968154151583E-031  -5.2952071795525567E-031  -1.3179377674780418E-031   4.3641421079056265E-032   1.7394970985815252E-031   4.8150966752303863E-031  -1.5092397715624234E-017   1.7814727126245209E-030   6.3845180401512633E-031   6.5356939536257180E-031   7.5296473072622806E-031   2.2778272154053213E-031   1.2431721830812138E-030   2.8920870779696110E-031   2.3718901053841773E-031   1.0382951085052645E-030   9.9508503797197514E-031  -4.0239601926779508E-030   1.7278708997098898E-031   1.3720040292885802E-031  -3.6971228653056288E-030  -1.3363171274433943E-031  -3.8654856783273272E-030  -2.5541266214173823E-016  -4.8086052036239716E-017  -7.6322326993052431E-017  -2.2443254599531169E-017  -3.7523382489232570E-016  -2.8373814164184261E-030   1.1219729677499981E-031  -7.9175954013161501E-032  -9.1521431913043052E-031  -1.3427861532412479E-031  -1.2843716996333308E-030   8.1857718064986568E-031   9.9068360536482890E-032  -2.5202910189005604E-031  -2.8474689348072983E-031  -2.3293430333539460E-017  -2.2013638721699411E-030   5.5840452104040972E-032   3.3164520503150727E-032  -2.4500470871137566E-030  -1.0853391127531134E-031  -2.3037648640443564E-030  -2.0679914695729913E-016  -3.8933678770083211E-017  -6.1795652508411569E-017
   2.6884513828070227E-019   1.3285005360783813E-019   6.2689555374208215E-020   1.0555592017942528E-017  -1.9105531413690830E-017  -9.4410145885362590E-018  -4.4550452997374563E-018   2.2681864223802520E-029   4.2117392020795526E-030   1.3873799671110454E-030   3.3535001132611790E-029   1.1003110011877631E-030   3.5263026810390110E-029   2.0967694928902694E-017   4.1088706328562703E-030   8.9847438357101763E-031  -1.7132585218440716E-030   5.8946369837272827E-030  -1.8451003198157680E-030   2.3612709333837574E-030   1.4394145890598854E-029   7.9087997708589776E-030  -4.0972174024186048E-030   1.6762414478168890E-030  -2.0644398628046293E-016  -1.0201447130608874E-016  -4.8138797651027616E-017   1.0022345001441543E-028  -7.7740468617066552E-030  -1.2600667701065278E-030   9.3021503450563466E-029   3.8438194686779039E-030   9.0031334889725768E-029   1.7195678338564971E-015   1.3975751694811361E-029   4.5689894329950591E-030   1.8905032157371466E-030  -2.4173156492748125E-030   3.5329478547950895E-030   8.1863486946122497E-030  -9.1029323828316739E-030  -6.1662997346135115E-030   1.3030232805348961E-029   4.4606210148502286E-030   7.0351115010010537E-030   1.2154580180453498E-030   1.1664464783362307E-030   2.3003942133134590E-029  -3.2069422679755522E-030   3.1501573489396609E-029  -2.9597474506347677E-016  -1.4625617186340937E-016  -6.9015661919368473E-017   2.9075424578443992E-015  -6.3573372790089010E-015   3.9696630244459489E-030  -1.1015689578561478E-030   4.8153264629961459E-031   7.0459332461477358E-030  -2.2343818285437648E-030   2.0121076569237162E-030   7.6796007339269167E-030   2.9831579582639396E-030  -7.0458683867655591E-030  -4.7732667982353340E-030   5.7947590039438672E-016  -3.9857584789251390E-029   8.5151098013112353E-031   9.1953272982224590E-031  -4.5793753959786152E-029  -2.4489551108294057E-030  -4.6191271611052341E-029  -2.3964091790429567E-016  -1.1841876328671933E-016  -5.5879688547714064E-017
  -1.3096686097778248E-019  -2.9988787268405758E-019   1.5596612508917963E-020   5.7441291831545721E-019   9.3071851423685861E-018   2.1311589299845655E-017  -1.1083762650343521E-018   1.3455069628569484E-030  -5.4993244552065556E-031  -9.4926173156463214E-032   1.1003110011877631E-030   3.9214559028520061E-031   1.2026507249176258E-030   9.2695073833484409E-019  -1.9585492765460827E-030  -1.7554890424458197E-030   2.2492060815061232E-031  -2.1340649632149384E-031  -1.0774235525568140E-031  -3.0900306933188435E-031  -2.7047989392066703E-030   6.3380534494943422E-031  -1.8948511686998556E-030   1.3766270204857110E-031   1.0056838306335382E-016   2.3028144853802401E-016  -1.1976511382900097E-017   4.8095291693013979E-030   3.6978442882338422E-031  -5.1497849363440572E-032   5.2570713466485021E-030  -8.6917626832983796E-033   4.9887578545438069E-030   8.7485653214168694E-017  -4.8084382792306167E-031  -2.3316832496919120E-030   9.0444027163558216E-032  -1.0090228852086666E-030   1.4050510700873831E-031  -5.7759167014967816E-031  -6.6625497436434356E-030  -1.6158618080522749E-031  -2.0937430721524421E-030   8.3246591041014902E-031   2.1964333899579879E-030  -1.1590657827908116E-031  -1.3166816615553176E-032   2.6457279909202597E-030  -9.9738654810686045E-032   3.1635904981020758E-030   1.4418294315526442E-016   3.3015005305748222E-016  -1.7170492428332700E-017   1.4716602667040987E-016  -2.1698430189951767E-016   1.6096249766401411E-030  -1.5576689097266715E-030   2.5679191202279666E-031   8.8857610771869331E-031  -7.3460900024428323E-032   7.8478224346390200E-031  -2.6266351483768870E-030   3.5514454716263543E-031  -1.4647712598354715E-030   1.0721717095169093E-031   3.3978556248674985E-017  -1.0003730208705002E-030   4.1611077005886808E-032   4.2374440789542679E-032  -1.2239997961671549E-030  -1.1998202373525000E-031  -1.2872725962240626E-030   1.1674013888064402E-016   2.6731152938025600E-016  -1.3902377263682136E-017
   3.3648573842328294E-019   1.2297267896218874E-019   7.9979053829711989E-020   1.4931931179922303E-017  -2.3912423660839318E-017  -8.7390770612753613E-018  -5.6837268299033125E-018   2.5916581575029362E-029   4.3311396781949788E-030   1.2828717662660415E-030   3.5263026810390110E-029   1.2026507249176258E-030   3.8437594254863064E-029   2.4217652720238409E-017   7.3931558091295569E-030   4.9693106899935775E-031  -1.2935280186815794E-030   6.5808619443265896E-030  -1.7149971584271305E-030   3.5000744111470610E-030   1.4335120680652843E-029   8.1755594733547686E-030  -3.9831293197239414E-030   2.0214117288157075E-030  -2.5838465077361920E-016  -9.4429715974772374E-017  -6.1415262328418461E-017   1.2488180441742135E-028  -7.7118842612130615E-030  -1.1695975165855483E-030   1.1800963057328264E-028   3.8330417272253318E-030   1.1324539559911739E-028   2.2776549891290413E-015   1.7741011335652504E-029   4.5985658319026954E-030   1.8742833881738207E-030   1.5101345635020936E-031   3.1874283123805307E-030   9.9299080730617845E-030  -9.0278522697303129E-030  -6.0486418950969875E-030   1.2291868219603305E-029   4.8400544614012070E-030   3.4204621165157935E-029   1.1594305308347695E-030   1.1602191522763095E-030   5.2906437010181536E-029  -3.1233315715808733E-030   6.3945359155077106E-029  -3.7044106984614344E-016  -1.3538205503393817E-016  -8.8049872210660766E-017   3.8318713494109018E-015  -5.7137079612396909E-015   6.9037149733956579E-030  -1.2747994192394809E-030   4.2170293036638268E-031   8.1170089554560354E-030  -2.0114889976839083E-030   3.2447834787009584E-030   6.9778303086662015E-030   2.9024827772338182E-030  -6.6702690533730649E-030  -4.6634630585382437E-030   8.8188944944290852E-016  -3.7158363391533050E-029   7.1158878834776554E-031   8.8020332187588590E-031  -4.3012397670692998E-029  -2.3201924060423138E-030  -4.4178178495419831E-029  -2.9993382708494086E-016  -1.0961435216085100E-016  -7.1291056246705769E-017
   7.8954866425912229E-019   2.2904136273974860E-018  -4.2059973231643737E-018   1.2926636664954212E-005   1.0376357626915248E-016  -1.2996892521657985E-016   6.7958469350716806E-017   1.7546894449358973E-017   2.3660429387983199E-018   3.8206555104520452E-019   2.0967694928902694E-017   9.2695073833484409E-019   2.4217652720238409E-017   1.6804834372159431E-005   4.4675147268671728E-018  -4.1294101647231405E-019  -4.7643118777608631E-019   3.3505718742067566E-018  -8.0866745001754545E-019   2.2002028822873268E-018   6.8832002929858920E-018   4.4991550928873550E-018  -2.4304082907151031E-018   6.9472579896335464E-019   1.1393862354952958E-015  -1.3931135255615883E-015   7.1535347715654795E-016   9.5081673422886343E-017  -3.9411188620328181E-018  -4.7553040517047643E-019   9.1801393644838497E-017   2.0764823812707713E-018   8.6954457515087568E-017   1.8534217205324072E-003   1.1799860904657469E-017   1.9342890997271552E-018   4.7747492031504581E-019   1.4318793264960658E-018   1.3523714060808390E-018   6.0168187673077237E-018  -5.9736167920395858E-018  -3.6679751811559303E-018   5.4155888675506599E-018   2.3691267524881116E-018   4.8201538857301797E-017   4.5129526358321601E-019   5.3451906627860075E-019   6.1322837158053768E-017  -1.6413867008993578E-018   7.0274175006837951E-017   1.6349505278016273E-015  -1.9869588709092778E-015   1.0421965077536149E-015   3.1023835319991568E-003  -2.4398157184368297E-003   9.7708843581007573E-018  -1.1151405796566268E-018   3.0050299657020745E-019   6.7681827714624858E-018  -8.5895062237089025E-019   4.4135015964005102E-018   2.4970530541937965E-018   1.5737597792889870E-018  -3.4436001362640952E-018  -2.3632697324134378E-018   8.1096954695165935E-004  -1.7383933226732041E-017   2.4256603122648900E-019   4.5448291833368033E-019  -2.0529263078884089E-017  -1.1544633288297543E-018  -2.2044585412944180E-017   1.3472731148425147E-015  -1.6134432663649085E-015   8.3662282305323324E-016
   3.8049032674817247E-018   5.4514063688459215E-019  -1.6689431774111858E-019   7.2691759517300441E-018  -2.7039618186490452E-016  -3.8740524116410150E-017   1.1860376761002332E-017   7.4697758900342814E-030   1.1912587732090579E-030   2.4388513797873861E-030   4.1088706328562703E-030  -1.9585492765460827E-030   7.3931558091295569E-030   4.4675147268671728E-018   5.0963034629233327E-029   7.9006152830919502E-031  -3.6678128021843558E-030   1.5918437555243409E-029   2.5793266834601326E-031   1.7235790560044595E-029   6.7281285912684532E-030  -4.3419399604155188E-030   3.4104648800837862E-030   3.5985874463248951E-031  -2.9217541480794012E-015  -4.1860904342376681E-016   1.2815678372468618E-016   3.8595750260881745E-029  -6.0219818849876523E-031  -8.2815643541309141E-031   3.8490265074963917E-029  -3.3129396311415379E-031   4.0348094957646283E-029   9.0051618268357679E-016   3.6505740938379536E-029   6.2059133006342281E-030  -9.2532125287315122E-032   2.5535694430448475E-029  -3.6491345355304925E-031   2.1409864666166844E-029   1.0546530827882436E-029  -2.6815639099478710E-031   2.7833225126211922E-030  -8.0894907248773818E-030   4.8847894140217480E-029   9.9373814211800578E-031   1.1947820818158987E-030   5.3841488485753570E-029   6.7475484491560218E-031   5.5671895632208111E-029  -4.1888623383833301E-015  -6.0015167862676483E-016   1.8373589889674975E-016   1.4872559021830674E-015   1.6298104697317461E-015  -3.4548460246201664E-029   1.7189842555298188E-030  -2.1014898822704339E-030  -1.4435648904841318E-029   4.4703322595514336E-031  -1.6078310641546453E-029   4.1238610119786353E-030  -2.0294471731172393E-030   2.9724241363145051E-030   2.7683766558976582E-031   5.1294332865429914E-016   6.7728913187895549E-030  -2.8235969127666451E-031  -3.2588683115450387E-031   7.7374666835022109E-030   6.9684931480188879E-031   6.9671431823982059E-030  -3.3915826687500220E-015  -4.8592287533546802E-016   1.4876485307605327E-016
  -1.5439509063184957E-019   1.9365095604239759E-018   1.5940347021473733E-019  -8.7319774456784049E-019   1.0972116784777570E-017  -1.3761842403832619E-016  -1.1328038242473226E-017  -3.8398987391154468E-030   4.6338526782148889E-030   2.4632504341129771E-031   8.9847438357101763E-031  -1.7554890424458197E-030   4.9693106899935775E-031  -4.1294101647231405E-019   7.9006152830919502E-031   1.1997073752297121E-029   7.2367012420964703E-031  -1.5822921715651895E-030   2.9636575359023766E-031  -2.1390438933994253E-030   2.0843173284468930E-029   6.0848738674731130E-031   1.1234903008412798E-029   1.5647963225877279E-030   1.1855872929876153E-016  -1.4870298778371931E-015  -1.2240462308410329E-016  -4.2864809384821443E-030  -4.6030115363497687E-030   3.4732473408317468E-031  -9.0526671352807290E-030   1.1766573638705729E-030  -9.6480604313545658E-030  -1.0465377469491874E-016  -2.3435944231611442E-030   1.5520633515309321E-029   1.1981470611157180E-030  -3.9340700759774232E-032  -1.7271975361752619E-031   5.5834984743733258E-031   4.0705382534251660E-029   1.0112180067805042E-030   1.6677177999452242E-029   1.3512207315257781E-030  -1.2221934719804980E-029   8.6638723001139025E-031   3.5963084098039873E-032  -1.1081577233078018E-029  -3.0369802838711238E-031  -1.1488321149220859E-029   1.6997535414559890E-016  -2.1319259375118300E-015  -1.7548913758471136E-016  -1.7226460514926347E-016  -2.7031077896868295E-016   2.1153018481625818E-030   9.8777110361755697E-030  -1.0099577477560306E-030   6.3450444910053326E-031  -6.7080810879808083E-032   6.8300952280494925E-031   1.8488994805398784E-029  -9.5962378740398577E-031   7.6055694039616602E-030  -2.1083838737021892E-030  -6.3029296022910465E-017  -3.9150504103791225E-030  -7.4598981847024520E-032   2.0913250417632265E-032  -4.1709791116077903E-030   5.3603997342616298E-032  -4.0481439961405240E-030   1.3762339715784436E-016  -1.7261496025944938E-015  -1.4208772442398119E-016
  -2.6307355614845630E-019  -6.8936852119043685E-020   2.2687314752181170E-018   6.6830522172202801E-019   1.8695372820594174E-017   4.8990106426752316E-018  -1.6122783825391060E-016  -1.3175230723770910E-030  -5.6760651895745788E-032   1.5476008758196302E-031  -1.7132585218440716E-030   2.2492060815061232E-031  -1.2935280186815794E-030  -4.7643118777608631E-019  -3.6678128021843558E-030   7.2367012420964703E-031   1.6633571721205228E-029  -2.4751415220640230E-030   5.7101694878833640E-031  -4.0189294584292556E-030   3.9875750703854499E-030   1.7008634148867544E-029   2.0331446546682827E-030   2.3650298788887401E-029   2.0201203549445859E-016   5.2936045797659564E-017  -1.7421403732678952E-015   3.1239728805739389E-030  -2.1978910588024746E-030   3.1631448876752224E-031   3.5934373256956378E-030  -3.3277198656402177E-032   2.2708104812654613E-030   5.7553481476563793E-017  -5.5971357449589169E-030   1.2555223486419301E-031   1.5479562488162461E-029  -1.1807252306829676E-030  -7.1898189970602270E-031  -1.5438433943544315E-030   1.5828176206631997E-030   1.6541408660870069E-029  -5.8254112450795145E-031   3.8949720231811192E-029   9.3624517862393787E-030   8.3881417053082742E-031  -2.6611367068879968E-032   9.1729767635598478E-030   2.1667724717339374E-031   9.8402033600495584E-030   2.8962074305229466E-016   7.5893383682055626E-017  -2.4976729142512070E-015   9.0912971732695695E-017   6.8432607616555829E-016   1.7596692593317265E-030  -1.5351335742477162E-032   4.6255420475487615E-031  -5.0553402482851485E-031   3.7371699922686758E-031   5.2718345004244821E-031  -1.3830105257513803E-030   1.6229554243919542E-030   3.4897236918648666E-031  -8.3318350494776023E-031   5.7290043338186425E-017   3.9830396861474124E-030  -2.5158523737894428E-031  -8.8417046652046640E-032   4.2713212640789617E-030   1.7569991078309649E-031   4.0845248852728783E-030   2.3449629357496640E-016   6.1448351360281885E-017  -2.0222827784428798E-015
   1.3121699573313210E-018  -1.3995013408189809E-019  -1.6834271171033942E-019   2.0269928482977928E-018  -9.3249610168109471E-017   9.9455831718941975E-018   1.1963307156899237E-017   5.2910585247830262E-030   1.9039541894249156E-031   1.0426945518835696E-030   5.8946369837272827E-030  -2.1340649632149384E-031   6.5808619443265896E-030   3.3505718742067566E-018   1.5918437555243409E-029  -1.5822921715651895E-030  -2.4751415220640230E-030   6.2877935375205343E-030  -3.6026939086506188E-031   6.0694564923129357E-030   7.1108209062227657E-031  -1.0299096129225511E-030  -1.7108094729848462E-030  -9.5613021201016027E-031  -1.0076045949923378E-015   1.0746656512361210E-016   1.2926899362759426E-016   1.7251479607501215E-029  -5.9534708512429834E-031  -6.0424609175946271E-031   1.6706411461573491E-029   3.1617418854710873E-031   1.7905708102687987E-029   3.1098277000487799E-016   1.3127626998628814E-029  -1.5954853694213235E-032  -5.1076468048679204E-031   6.8170654492721305E-030   6.9690671506517302E-031   7.5218733729333066E-030  -5.4629051707870859E-030  -1.9703879205253577E-030   4.5246437586671592E-031  -3.8617058240178192E-030   5.2286441868518110E-030   3.7086714893329009E-031   5.8689936021291152E-031   7.9062322742102043E-030  -2.9979559252169435E-031   8.6495320449858982E-030  -1.4445831942156590E-015   1.5407273318244599E-016   1.8533045269510664E-016   5.2342881492991220E-016  -8.1361675020418934E-016  -1.2797283279064943E-029  -1.3088553037790557E-030  -4.2299784041816872E-031  -4.2887083964847868E-030  -3.3613318462541243E-031  -5.7944050180193001E-030  -2.9940893286224775E-031  -2.9344325248144688E-032  -1.7560454701563885E-030  -3.3702308251072673E-031   1.1899541797477820E-016  -5.1427592543808964E-030   1.4150516711095588E-031   6.2841982660324618E-032  -5.8059641664511714E-030  -2.5419072476548300E-031  -5.7459700902228109E-030  -1.1696310189463728E-015   1.2474757329699611E-016   1.5005591031069456E-016
  -1.5060958237494406E-020   5.3887970758839268E-020   5.4563725464353340E-020   5.2356080897709363E-020   1.0703098912851775E-018  -3.8295589972992322E-018  -3.8775816352643199E-018  -1.0528590550982707E-030  -9.1916594093907683E-032  -9.2771093909073826E-032  -1.8451003198157680E-030  -1.0774235525568140E-031  -1.7149971584271305E-030  -8.0866745001754545E-019   2.5793266834601326E-031   2.9636575359023766E-031   5.7101694878833640E-031  -3.6026939086506188E-031   1.6172604865436303E-031  -1.1250070060513002E-031  -1.2974534640990331E-031  -6.1344918249775543E-032   7.0452226881210682E-031   5.2920133460064904E-031   1.1565186841858981E-017  -4.1380132694577307E-017  -4.1899039214288413E-017  -2.2858305790255184E-030   2.9978056500429215E-031   1.1351788324965830E-031  -1.9235806829619895E-030  -2.0706187336198566E-031  -2.0798049728499639E-030  -1.7433650054089348E-017  -4.4272032182129242E-031   2.4353862948834681E-031   2.6111966323165579E-031   5.6803353496511600E-031  -3.0416298824605242E-031  -2.3319449292634754E-031   2.0021754988309334E-030   8.1223548460283486E-031  -4.0065604701132959E-031   6.8671616662385155E-031   3.9268478330971496E-030  -3.8298196698910267E-032  -7.3938197816813751E-032   3.4077990763669923E-030   2.1248655617441621E-031   3.2963663446980418E-030   1.6580784399698643E-017  -5.9325894862019692E-017  -6.0069841090002713E-017  -3.2716587659610544E-017   5.1832124560578225E-016   3.3480687621535393E-031   3.7421065091347485E-031  -6.5316552614863422E-032  -2.6402122191929308E-031   1.8545567746618680E-031   1.0646108362886815E-031  -1.0939531620190127E-032  -2.0014623499863245E-031   7.7567963733951762E-031   2.3201831083188516E-031   1.3297165679900921E-017   2.9424190231758047E-030  -8.5743267174021842E-032  -6.6374141482705333E-032   3.3312505730829844E-030   1.8307926933087390E-031   3.2273159285729014E-030   1.3424910264776715E-017  -4.8034206084642294E-017  -4.8636554629303331E-017
   1.3243379309768659E-018  -1.7925639688750419E-019  -4.4283361615427090E-019   2.7465829959686006E-018  -9.4114329553494952E-017   1.2738890291438845E-017   3.1470056028412262E-017   4.0211966644869372E-030  -3.7682412702553930E-031   7.6363422643994745E-031   2.3612709333837574E-030  -3.0900306933188435E-031   3.5000744111470610E-030   2.2002028822873268E-018   1.7235790560044595E-029  -2.1390438933994253E-030  -4.0189294584292556E-030   6.0694564923129357E-030  -1.1250070060513002E-031   6.7582043282584708E-030  -2.0447044259846848E-030  -4.0163303686835290E-030  -1.4756604362314553E-030  -3.8819615895002392E-030  -1.0169482825908431E-015   1.3764952335587362E-016   3.4004831764695476E-016   1.5788274264550865E-029   8.2490768762382470E-031  -4.2173711845162657E-031   1.6401316500909349E-029  -2.2501670004901266E-031   1.7244558781362817E-029   3.5482130113900301E-016   1.3681398929259377E-029  -8.4731044548414626E-031  -2.6611345797993245E-030   8.4982449701624601E-030   1.2204740392035303E-031   7.3747215749127787E-030  -4.8684742937153543E-030  -3.0689980785768088E-030  -1.8513250274352903E-030  -8.9540955425826842E-030   1.7162244923499050E-029   5.8649526422767750E-032   4.2001064074993051E-031   1.9052760925267850E-029   1.5821622729829454E-031   1.9865933358558879E-029  -1.4579790581724961E-015   1.9734545586625526E-016   4.8752068751516443E-016   5.8839865280951411E-016   3.0722340110972921E-016  -1.1873203292227165E-029  -1.3639316287054453E-030  -5.5420245425765448E-031  -4.5710544796139064E-030   4.0327074137443401E-032  -5.4175640179860169E-030  -1.7790444300506751E-030  -6.5627840369367096E-031  -7.3368382440547539E-031   4.9869418556990994E-031   1.8796086996823550E-016   1.2681251451712097E-030  -1.5722423390826385E-032  -7.1892253393603590E-032   1.4265946588142566E-030   1.2403793245110824E-031   1.1663478909960736E-030  -1.1804772049412245E-015   1.5978405920373345E-016   3.9472930377359738E-016
