   2.6844161702127794E-004  -5.4004286491838814E-019   7.7449665038065227E-019  -6.8658295075605996E-018  -2.1037704251779896E-003   3.4843084138580244E-017   1.1049571519165508E-020   8.9323554474061173E-020   4.1530700294112666E-017  -2.5686981944750667E-019   3.1777889726102372E-017  -6.9098913990051362E-020   5.1385674318373376E-019   1.7827225613389181E-018  -8.0636018495207559E-003   6.7103759887199593E-017  -4.7981789670957789E-020  -2.7184728986651945E-020   6.3402643245309729E-017   1.1853109879454128E-019   6.8499090319012991E-017  -5.9591915689806169E-003  -6.6434955574157524E-019  -4.5613501072901057E-019  -4.3817423113468021E-019   3.3829579399125192E-017   2.6022334832463017E-020   2.0399423426200208E-020   3.3379004091747400E-017  -1.2787144891681875E-020   3.3993904700841818E-017  -3.1303707673143257E-003  -1.1473799758771402E-019  -3.7707096324180826E-020   2.8091761543540280E-019
  -5.4004286491838814E-019   1.0864421813035909E-033  -1.5581093370783461E-033   1.3812471696630895E-032   4.2323028007003924E-018  -7.0096280858343271E-032  -2.2229199501721729E-035  -1.7969847148939682E-034  -8.3550228231272240E-032   5.1676306656469338E-034  -6.3929813861107237E-032   1.3901114099971598E-034  -1.0337617200561700E-033  -3.5864282523071094E-033   1.6222114486932287E-017  -1.3499734928733651E-031   9.6528338062282045E-035   5.4689429630494990E-035  -1.2755155285360064E-031  -2.3845734087443932E-034  -1.3780443356981792E-031   1.1988524444235879E-017   1.3365186865250489E-033   9.1763885464953494E-034   8.8150589219788529E-034  -6.8057342152873160E-032  -5.2350959626632595E-035  -4.1038953616850012E-035  -6.7150888144147303E-032   2.5724797958146112E-035  -6.8387926909820844E-032   6.2975868503399812E-018   2.3082649262747017E-034   7.5858015432272305E-035  -5.6514170764271574E-034
   7.7449665038065227E-019  -1.5581093370783461E-033   2.2345457016201175E-033  -1.9809007316733728E-032  -6.0697114163974156E-018   1.0052782520723158E-031   3.1879766724310880E-035   2.5771262484523966E-034   1.1982265873179961E-031  -7.4111017864345367E-034   9.1684253068260940E-032  -1.9936132863479800E-034   1.4825582217371573E-033   5.1434373985519809E-033  -2.3264770536537306E-017   1.9360499253908214E-031  -1.3843507497751429E-034  -7.8432255681125922E-035   1.8292668388627525E-031   3.4198102366159468E-034   1.9763074218850410E-031  -1.7193213035914159E-017  -1.9167538599759660E-033  -1.3160218666949819E-033  -1.2642021682875941E-033   9.7603703252659132E-032   7.5078564145398005E-035   5.8855572726029089E-035   9.6303722012117454E-032  -3.6892941550693591E-035   9.8077807816491454E-032  -9.0316162621769763E-018  -3.3103732494661617E-034  -1.0879095470634053E-034   8.1049188498366894E-034
  -6.8658295075605996E-018   1.3812471696630895E-032  -1.9809007316733728E-032   1.7560471937983194E-031   5.3807338901461914E-017  -8.9116835857131160E-031  -2.8261070330303655E-034  -2.2845947019444245E-033  -1.0622149825836160E-030   6.5698620263662842E-033  -8.1277104269635806E-031   1.7673167367922751E-033  -1.3142719184746298E-032  -4.5596019355167893E-032   2.0623968865182136E-016  -1.7162874364047554E-030   1.2272120508137001E-033   6.9529351112796528E-034  -1.6216253786628040E-030  -3.0316249942818493E-033  -1.7519752740725726E-030   1.5241598441224696E-016   1.6991816819460344E-032   1.1666392308486486E-032   1.1207016255377062E-032  -8.6524633193692637E-031  -6.6556339635737174E-034  -5.2174832222727453E-034  -8.5372213805410005E-031   3.2705195896582315E-034  -8.6944921790477310E-031   8.0064306802801776E-017   2.9346102821817728E-033   9.6442011287120838E-034  -7.1849233909847491E-033
  -2.1037704251779896E-003   4.2323028007003924E-018  -6.0697114163974156E-018   5.3807338901461914E-017   1.6487197666905595E-002  -2.7306440315073490E-016  -8.6595223314672763E-020  -7.0002652442452636E-019  -3.2547508834578216E-016   2.0130825289718036E-018  -2.4904254907331502E-016   5.4152650873305204E-019  -4.0270828014068045E-018  -1.3971153364588370E-017   6.3194251620409730E-002  -5.2589053454310602E-016   3.7603211892763463E-019   2.1304606004539154E-019  -4.9688497341684894E-016  -9.2892533905441623E-019  -5.3682570520841752E-016   4.6702039422589679E-002   5.2064913140441957E-018   3.5747189877189378E-018   3.4339607947719119E-018  -2.6512159115197448E-016  -2.0393640532375194E-019  -1.5986978535940406E-019  -2.6159044342422943E-016   1.0021254358430503E-019  -2.6640940454579887E-016   2.4532639585447005E-002   8.9919889712943866E-019   2.9550959700805806E-019  -2.2015445213835078E-018
   3.4843084138580244E-017  -7.0096280858343271E-032   1.0052782520723158E-031  -8.9116835857131160E-031  -2.7306440315073490E-016   4.5225495426513967E-030   1.4342081321430377E-033   1.1593985160095622E-032   5.3905862315202275E-030  -3.3341092305229110E-032   4.1246945900543597E-030  -8.9688748740067372E-033   6.6697384468923348E-032   2.3139315315461548E-031  -1.0466363629473767E-015   8.7099086114484703E-030  -6.2279223064444781E-033  -3.5285132382857589E-033   8.2295124642674387E-030   1.5385055023004149E-032   8.8910191865384058E-030  -7.7348890809077268E-016  -8.6230994005289758E-032  -5.9205240728837329E-032  -5.6873974207856176E-032   4.3909990353063194E-030   3.3776372386325894E-033   2.6477966967442274E-033   4.3325154308639918E-030  -1.6597410278517737E-033   4.4123280690729282E-030  -4.0631468861193567E-016  -1.4892719497826785E-032  -4.8942915201588944E-033   3.6462439092852065E-032
   1.1049571519165508E-020  -2.2229199501721729E-035   3.1879766724310880E-035  -2.8261070330303655E-034  -8.6595223314672763E-020   1.4342081321430377E-033   4.5482154411056122E-037   3.6767287220929751E-036   1.7094832322681606E-033  -1.0573254149617862E-035   1.3080388546046144E-033  -2.8442437521497232E-036   2.1151328536230925E-035   7.3380277838152472E-035  -3.3191330884917305E-019   2.7621193848632987E-033  -1.9750224367959327E-036  -1.1189755541642892E-036   2.6097743293941460E-033   4.8789672328331341E-036   2.8195538600772080E-033  -2.4529174786128690E-019  -2.7345901173403018E-035  -1.8775391384436591E-035  -1.8036091268196449E-035   1.3924903343295411E-033   1.0711291826415293E-036   8.3967937087665825E-037   1.3739437909921631E-033  -5.2634339479251184E-037   1.3992542787353087E-033  -1.2885206123684966E-019  -4.7228359163504567E-036  -1.5520963635868482E-036   1.1563107528520350E-035
   8.9323554474061173E-020  -1.7969847148939682E-034   2.5771262484523966E-034  -2.2845947019444245E-033  -7.0002652442452636E-019   1.1593985160095622E-032   3.6767287220929751E-036   2.9722281784825279E-035   1.3819279630449533E-032  -8.5473055797987267E-035   1.0574046213539310E-032  -2.2992562317189385E-035   1.7098507787634765E-034   5.9319831845325480E-034  -2.6831516925548682E-018   2.2328677714765386E-032  -1.5965870161991397E-035  -9.0456787119909259E-036   2.1097136578762995E-032   3.9441049333290629E-035   2.2792971870114332E-032  -1.9829122571967440E-018  -2.2106134060203188E-034  -1.5177825603378676E-034  -1.4580183295791319E-034   1.1256742944045134E-032   8.6588937614897707E-036   6.7878782353825631E-036   1.1106814671149813E-032  -4.2549037141633787E-036   1.1311421947257173E-032  -1.0416262830664075E-018  -3.8178900468173325E-035  -1.2546981015632400E-035   9.3474924654021188E-035
   4.1530700294112666E-017  -8.3550228231272240E-032   1.1982265873179961E-031  -1.0622149825836160E-030  -3.2547508834578216E-016   5.3905862315202275E-030   1.7094832322681606E-033   1.3819279630449533E-032   6.4252297615339367E-030  -3.9740423278822819E-032   4.9163688880979636E-030  -1.0690318138494986E-032   7.9498963804784764E-032   2.7580565645546278E-031  -1.2475227776509571E-015   1.0381647120917491E-029  -7.4232801475106093E-033  -4.2057593179817170E-033   9.8090460178787741E-030   1.8337989445123027E-032   1.0597519199986005E-029  -9.2194869704916083E-016  -1.0278176162172079E-031  -7.0568813563423170E-032  -6.7790094813857501E-032   5.2337865443180977E-030   4.0259248952237046E-033   3.1560022245696299E-033   5.1640778744841216E-030  -1.9783038412845630E-033   5.2592093715684335E-030  -4.8430080100611907E-016  -1.7751157376556352E-032  -5.8336785993829809E-033   4.3460866550583155E-032
  -2.5686981944750667E-019   5.1676306656469338E-034  -7.4111017864345367E-034   6.5698620263662842E-033   2.0130825289718036E-018  -3.3341092305229110E-032  -1.0573254149617862E-035  -8.5473055797987267E-035  -3.9740423278822819E-032   2.4579685100676707E-034  -3.0408030196449280E-032   6.6120245279391177E-035  -4.9170575825069261E-034  -1.7058741768040649E-033   7.7160016176582524E-018  -6.4211096914631975E-032   4.5913423508286437E-035   2.6012868287770695E-035  -6.0669525476843133E-032  -1.1342154128007289E-034  -6.5546278396798025E-032   5.7023068157714970E-018   6.3571122960357916E-034   4.3647225474863772E-034   4.1928571615329604E-034  -3.2371277034699079E-032  -2.4900581825535292E-035  -1.9520059037291296E-035  -3.1940124819413232E-032   1.2235925397942582E-035  -3.2528518713731506E-032   2.9954288859020217E-018   1.0979195048504126E-034   3.6081644612930223E-035  -2.6880801105737768E-034
   3.1777889726102372E-017  -6.3929813861107237E-032   9.1684253068260940E-032  -8.1277104269635806E-031  -2.4904254907331502E-016   4.1246945900543597E-030   1.3080388546046144E-033   1.0574046213539310E-032   4.9163688880979636E-030  -3.0408030196449280E-032   3.7618394891589345E-030  -8.1798705183452743E-033   6.0829923098743888E-032   2.1103717670562410E-031  -9.5456231121180656E-016   7.9436858768931304E-030  -5.6800433477640491E-033  -3.2181050373546572E-033   7.5055508447230043E-030   1.4031610405282703E-032   8.1088639036300445E-030  -7.0544401660631708E-016  -7.8645133925964504E-032  -5.3996873629367528E-032  -5.1870691855927311E-032   4.0047167632007400E-030   3.0805018085410191E-033   2.4148663508552633E-033   3.9513780425133983E-030  -1.5137313088355847E-033   4.0241694522997833E-030  -3.7057062220588589E-016  -1.3582586318749402E-032  -4.4637339104776709E-033   3.3254787780235540E-032
  -6.9098913990051362E-020   1.3901114099971598E-034  -1.9936132863479800E-034   1.7673167367922751E-033   5.4152650873305204E-019  -8.9688748740067372E-033  -2.8442437521497232E-036  -2.2992562317189385E-035  -1.0690318138494986E-032   6.6120245279391177E-035  -8.1798705183452743E-033   1.7786586027851464E-035  -1.3227063409339499E-034  -4.5888634668862770E-034   2.0756324478774415E-018  -1.7273018186621671E-032   1.2350877611124828E-035   6.9975560083987474E-036  -1.6320322612280737E-032  -3.0510806378062762E-035  -1.7632186852663245E-032   1.5339412355074279E-018   1.7100862869514464E-034   1.1741262112765757E-034   1.1278937985026452E-034  -8.7079910453470305E-033  -6.6983469119326336E-036  -5.2509667480579858E-036  -8.5920095341491164E-033   3.2915083542303873E-036  -8.7502896278682578E-033   8.0578124512816615E-019   2.9534433277071716E-035   9.7060933942765921E-036  -7.2310330874376338E-035
   5.1385674318373376E-019  -1.0337617200561700E-033   1.4825582217371573E-033  -1.3142719184746298E-032  -4.0270828014068045E-018   6.6697384468923348E-032   2.1151328536230925E-035   1.7098507787634765E-034   7.9498963804784764E-032  -4.9170575825069261E-034   6.0829923098743888E-032  -1.3227063409339499E-034   9.8363568006097935E-034   3.4125260439672023E-033  -1.5435520880492354E-017   1.2845146700292180E-031  -9.1847778470545250E-035  -5.2037595572620017E-035   1.2136670956162724E-031   2.2689479026541742E-034   1.3112243866265500E-031  -1.1407213254126771E-017  -1.2717122733688003E-033  -8.7314349267501301E-034  -8.3876258031948976E-034   6.4757311799131737E-032   4.9812515568277809E-035   3.9049017067209514E-035   6.3894810810733156E-032  -2.4477429027472058E-035   6.5071866842048551E-032  -5.9922233567912186E-018  -2.1963395398252451E-034  -7.2179738473722059E-035   5.3773856890131411E-034
   1.7827225613389181E-018  -3.5864282523071094E-033   5.1434373985519809E-033  -4.5596019355167893E-032  -1.3971153364588370E-017   2.3139315315461548E-031   7.3380277838152472E-035   5.9319831845325480E-034   2.7580565645546278E-031  -1.7058741768040649E-033   2.1103717670562410E-031  -4.5888634668862770E-034   3.4125260439672023E-033   1.1839072368778354E-032  -5.3550433432441422E-017   4.4563651504192054E-031  -3.1864738384829112E-034  -1.8053396573209847E-034   4.2105737484429245E-031   7.8716581425067079E-034   4.5490291370587791E-031  -3.9575030784143790E-017  -4.4119498115752893E-033  -3.0291956354096973E-033  -2.9099179788475613E-033   2.2466246144928567E-031   1.7281449843475752E-034   1.3547270644443401E-034   2.2167018784075295E-031  -8.4919514144127884E-035   2.2575374686925775E-031  -2.0788813054291524E-017  -7.6197580394643084E-034  -2.5041307709887872E-034   1.8655757496592893E-033
  -8.0636018495207559E-003   1.6222114486932287E-017  -2.3264770536537306E-017   2.0623968865182136E-016   6.3194251620409730E-002  -1.0466363629473767E-015  -3.3191330884917305E-019  -2.6831516925548682E-018  -1.2475227776509571E-015   7.7160016176582524E-018  -9.5456231121180656E-016   2.0756324478774415E-018  -1.5435520880492354E-017  -5.3550433432441422E-017  0.24221905496285484       -2.0157008750745578E-015   1.4413042665563408E-018   8.1659033859161928E-019  -1.9045246300124167E-015  -3.5605045077255303E-018  -2.0576146035623853E-015  0.17900558300344216        1.9956109510327652E-017   1.3701642677312874E-017   1.3162126572609191E-017  -1.0161921316010873E-015  -7.8167368239055407E-019  -6.1276947402543234E-019  -1.0026574944526604E-015   3.8410752528913143E-019  -1.0211282284013842E-015   9.4031856122371291E-002   3.4465651780262633E-018   1.1326671886186000E-018  -8.4383629800900930E-018
   6.7103759887199593E-017  -1.3499734928733651E-031   1.9360499253908214E-031  -1.7162874364047554E-030  -5.2589053454310602E-016   8.7099086114484703E-030   2.7621193848632987E-033   2.2328677714765386E-032   1.0381647120917491E-029  -6.4211096914631975E-032   7.9436858768931304E-030  -1.7273018186621671E-032   1.2845146700292180E-031   4.4563651504192054E-031  -2.0157008750745578E-015   1.6774279044228878E-029  -1.1994259790138470E-032  -6.7955093802548975E-033   1.5849091492433548E-029   2.9629840860496563E-032   1.7123077115476852E-029  -1.4896503925283793E-015  -1.6607094519966601E-031  -1.1402246259632154E-031  -1.0953271225634601E-031   8.4565575124810569E-030   6.5049396128600166E-033   5.0993509375282499E-033   8.3439248381108076E-030  -3.1964697202156886E-033   8.4976347705908154E-030  -7.8251521004330316E-016  -2.8681659444234984E-032  -9.4258407688729354E-033   7.0222450689409138E-032
  -4.7981789670957789E-020   9.6528338062282045E-035  -1.3843507497751429E-034   1.2272120508137001E-033   3.7603211892763463E-019  -6.2279223064444781E-033  -1.9750224367959327E-036  -1.5965870161991397E-035  -7.4232801475106093E-033   4.5913423508286437E-035  -5.6800433477640491E-033   1.2350877611124828E-035  -9.1847778470545250E-035  -3.1864738384829112E-034   1.4413042665563408E-018  -1.1994259790138470E-032   8.5763607207206776E-036   4.8590526423335190E-036  -1.1332714824684158E-032  -2.1186484848868992E-035  -1.2243663932624509E-032   1.0651577786059476E-018   1.1874716374197602E-034   8.1530480963481379E-035   7.8320135420251830E-035  -6.0467664492466862E-033  -4.6512839943871646E-036  -3.6462336023224118E-036  -5.9662297207415267E-033   2.2855997646449476E-036  -6.0761382812005917E-033   5.5952871025018859E-019   2.0508498378938678E-035   6.7398415529063810E-036  -5.0211774494042396E-035
  -2.7184728986651945E-020   5.4689429630494990E-035  -7.8432255681125922E-035   6.9529351112796528E-034   2.1304606004539154E-019  -3.5285132382857589E-033  -1.1189755541642892E-036  -9.0456787119909259E-036  -4.2057593179817170E-033   2.6012868287770695E-035  -3.2181050373546572E-033   6.9975560083987474E-036  -5.2037595572620017E-035  -1.8053396573209847E-034   8.1659033859161928E-019  -6.7955093802548975E-033   4.8590526423335190E-036   2.7529616990018996E-036  -6.4207021727354007E-033  -1.2003488255564570E-035  -6.9368126552708148E-033   6.0347948123646747E-019   6.7277804483668447E-035   4.6192191753221546E-035   4.4373327260156899E-035  -3.4258769482257537E-033  -2.6352475740166151E-036  -2.0658227419381663E-036  -3.3802477803081285E-033   1.2949373210111047E-036  -3.4425179550949013E-033   3.1700852454048643E-019   1.1619365892308324E-035   3.8185479800815857E-036  -2.8448156913697255E-035
   6.3402643245309729E-017  -1.2755155285360064E-031   1.8292668388627525E-031  -1.6216253786628040E-030  -4.9688497341684894E-016   8.2295124642674387E-030   2.6097743293941460E-033   2.1097136578762995E-032   9.8090460178787741E-030  -6.0669525476843133E-032   7.5055508447230043E-030  -1.6320322612280737E-032   1.2136670956162724E-031   4.2105737484429245E-031  -1.9045246300124167E-015   1.5849091492433548E-029  -1.1332714824684158E-032  -6.4207021727354007E-033   1.4974932780908497E-029   2.7995603117489690E-032   1.6178651560500702E-029  -1.4074885305454971E-015  -1.5691128052445144E-031  -1.0773353877783651E-031  -1.0349142120432813E-031   7.9901349782571176E-030   6.1461588188163529E-033   4.8180955704750751E-033   7.8837145737542057E-030  -3.0201680152639210E-033   8.0289466148301873E-030  -7.3935548141868289E-016  -2.7099718771096564E-032  -8.9059572900317708E-033   6.6349322248949867E-032
   1.1853109879454128E-019  -2.3845734087443932E-034   3.4198102366159468E-034  -3.0316249942818493E-033  -9.2892533905441623E-019   1.5385055023004149E-032   4.8789672328331341E-036   3.9441049333290629E-035   1.8337989445123027E-032  -1.1342154128007289E-034   1.4031610405282703E-032  -3.0510806378062762E-035   2.2689479026541742E-034   7.8716581425067079E-034  -3.5605045077255303E-018   2.9629840860496563E-032  -2.1186484848868992E-035  -1.2003488255564570E-035   2.7995603117489690E-032   5.2337716995378045E-035   3.0245952665735743E-032  -2.6312966388607710E-018  -2.9334528565096695E-034  -2.0140760818053022E-034  -1.9347697892808533E-034   1.4937539351871982E-032   1.1490230073553827E-035   9.0074188209459235E-036   1.4738586645261868E-032  -5.6461973045554949E-036   1.5010097619060007E-032  -1.3822234078357062E-018  -5.0662863226901098E-035  -1.6649667101738889E-035   1.2403990855732838E-034
   6.8499090319012991E-017  -1.3780443356981792E-031   1.9763074218850410E-031  -1.7519752740725726E-030  -5.3682570520841752E-016   8.8910191865384058E-030   2.8195538600772080E-033   2.2792971870114332E-032   1.0597519199986005E-029  -6.5546278396798025E-032   8.1088639036300445E-030  -1.7632186852663245E-032   1.3112243866265500E-031   4.5490291370587791E-031  -2.0576146035623853E-015   1.7123077115476852E-029  -1.2243663932624509E-032  -6.9368126552708148E-033   1.6178651560500702E-029   3.0245952665735743E-032   1.7479127963084724E-029  -1.5206256244520695E-015  -1.6952416218879798E-031  -1.1639340294658501E-031  -1.1181029442085144E-031   8.6323999997780455E-030   6.6402008890417029E-033   5.2053849296263094E-033   8.5174252837929966E-030  -3.2629359135032840E-033   8.6743314029966973E-030  -7.9878653802500916E-016  -2.9278055120494006E-032  -9.6218381689045345E-033   7.1682630008841566E-032
  -5.9591915689806169E-003   1.1988524444235879E-017  -1.7193213035914159E-017   1.5241598441224696E-016   4.6702039422589679E-002  -7.7348890809077268E-016  -2.4529174786128690E-019  -1.9829122571967440E-018  -9.2194869704916083E-016   5.7023068157714970E-018  -7.0544401660631708E-016   1.5339412355074279E-018  -1.1407213254126771E-017  -3.9575030784143790E-017  0.17900558300344216       -1.4896503925283793E-015   1.0651577786059476E-018   6.0347948123646747E-019  -1.4074885305454971E-015  -2.6312966388607710E-018  -1.5206256244520695E-015  0.13228933929791828        1.4748034657820608E-017   1.0125836449710204E-017   9.7271213491288766E-018  -7.5098990452530208E-016  -5.7767525043075760E-019  -4.5285106475812293E-019  -7.4098748909243801E-016   2.8386450236516098E-019  -7.5463779624725622E-016   6.9491755009374254E-002   2.5470927922931822E-018   8.3706771326737807E-019  -6.2361488656511078E-018
  -6.6434955574157524E-019   1.3365186865250489E-033  -1.9167538599759660E-033   1.6991816819460344E-032   5.2064913140441957E-018  -8.6230994005289758E-032  -2.7345901173403018E-035  -2.2106134060203188E-034  -1.0278176162172079E-031   6.3571122960357916E-034  -7.8645133925964504E-032   1.7100862869514464E-034  -1.2717122733688003E-033  -4.4119498115752893E-033   1.9956109510327652E-017  -1.6607094519966601E-031   1.1874716374197602E-034   6.7277804483668447E-035  -1.5691128052445144E-031  -2.9334528565096695E-034  -1.6952416218879798E-031   1.4748034657820608E-017   1.6441576276864851E-033   1.1288603276144660E-033   1.0844103050111527E-033  -8.3722733807521798E-032  -6.4401067081692481E-035  -5.0485271400768566E-035  -8.2607632845882026E-032   3.1646114049889075E-035  -8.4129412333764947E-032   7.7471610089684507E-018   2.8395797406492935E-034   9.3318960633770434E-035  -6.9522563261753684E-034
  -4.5613501072901057E-019   9.1763885464953494E-034  -1.3160218666949819E-033   1.1666392308486486E-032   3.5747189877189378E-018  -5.9205240728837329E-032  -1.8775391384436591E-035  -1.5177825603378676E-034  -7.0568813563423170E-032   4.3647225474863772E-034  -5.3996873629367528E-032   1.1741262112765757E-034  -8.7314349267501301E-034  -3.0291956354096973E-033   1.3701642677312874E-017  -1.1402246259632154E-031   8.1530480963481379E-035   4.6192191753221546E-035  -1.0773353877783651E-031  -2.0140760818053022E-034  -1.1639340294658501E-031   1.0125836449710204E-017   1.1288603276144660E-033   7.7506293666925305E-034   7.4454404588075092E-034  -5.7483097194108930E-032  -4.4217055871253289E-035  -3.4662625440219698E-035  -5.6717481284975483E-032   2.1727869683851595E-035  -5.7762318143875519E-032   5.3191145224755565E-018   1.9496238452679540E-034   6.4071759726535782E-035  -4.7733418145979519E-034
  -4.3817423113468021E-019   8.8150589219788529E-034  -1.2642021682875941E-033   1.1207016255377062E-032   3.4339607947719119E-018  -5.6873974207856176E-032  -1.8036091268196449E-035  -1.4580183295791319E-034  -6.7790094813857501E-032   4.1928571615329604E-034  -5.1870691855927311E-032   1.1278937985026452E-034  -8.3876258031948976E-034  -2.9099179788475613E-033   1.3162126572609191E-017  -1.0953271225634601E-031   7.8320135420251830E-035   4.4373327260156899E-035  -1.0349142120432813E-031  -1.9347697892808533E-034  -1.1181029442085144E-031   9.7271213491288766E-018   1.0844103050111527E-033   7.4454404588075092E-034   7.1522686743184672E-034  -5.5219641824934837E-032  -4.2475964360771558E-035  -3.3297749337642948E-035  -5.4484172820280135E-032   2.0872312734118044E-035  -5.5487868166046278E-032   5.1096689826067853E-018   1.8728554250567017E-034   6.1548869074423826E-035  -4.5853866297429810E-034
   3.3829579399125192E-017  -6.8057342152873160E-032   9.7603703252659132E-032  -8.6524633193692637E-031  -2.6512159115197448E-016   4.3909990353063194E-030   1.3924903343295411E-033   1.1256742944045134E-032   5.2337865443180977E-030  -3.2371277034699079E-032   4.0047167632007400E-030  -8.7079910453470305E-033   6.4757311799131737E-032   2.2466246144928567E-031  -1.0161921316010873E-015   8.4565575124810569E-030  -6.0467664492466862E-033  -3.4258769482257537E-033   7.9901349782571176E-030   1.4937539351871982E-032   8.6323999997780455E-030  -7.5098990452530208E-016  -8.3722733807521798E-032  -5.7483097194108930E-032  -5.5219641824934837E-032   4.2632750279961321E-030   3.2793895824865719E-033   2.5707784141320886E-033   4.2064925763578148E-030  -1.6114629996696132E-033   4.2839836494960059E-030  -3.9449593396379510E-016  -1.4459524728546609E-032  -4.7519278983788338E-033   3.5401831062698437E-032
   2.6022334832463017E-020  -5.2350959626632595E-035   7.5078564145398005E-035  -6.6556339635737174E-034  -2.0393640532375194E-019   3.3776372386325894E-033   1.0711291826415293E-036   8.6588937614897707E-036   4.0259248952237046E-033  -2.4900581825535292E-035   3.0805018085410191E-033  -6.6983469119326336E-036   4.9812515568277809E-035   1.7281449843475752E-034  -7.8167368239055407E-019   6.5049396128600166E-033  -4.6512839943871646E-036  -2.6352475740166151E-036   6.1461588188163529E-033   1.1490230073553827E-035   6.6402008890417029E-033  -5.7767525043075760E-019  -6.4401067081692481E-035  -4.4217055871253289E-035  -4.2475964360771558E-035   3.2793895824865719E-033   2.5225667973797931E-036   1.9774900504480825E-036   3.2357114760665243E-033  -1.2395669852345933E-036   3.2953190351182647E-033  -3.0345352989864715E-019  -1.1122532431315088E-035  -3.6552703600723439E-036   2.7231739736606107E-035
   2.0399423426200208E-020  -4.1038953616850012E-035   5.8855572726029089E-035  -5.2174832222727453E-034  -1.5986978535940406E-019   2.6477966967442274E-033   8.3967937087665825E-037   6.7878782353825631E-036   3.1560022245696299E-033  -1.9520059037291296E-035   2.4148663508552633E-033  -5.2509667480579858E-036   3.9049017067209514E-035   1.3547270644443401E-034  -6.1276947402543234E-019   5.0993509375282499E-033  -3.6462336023224118E-036  -2.0658227419381663E-036   4.8180955704750751E-033   9.0074188209459235E-036   5.2053849296263094E-033  -4.5285106475812293E-019  -5.0485271400768566E-035  -3.4662625440219698E-035  -3.3297749337642948E-035   2.5707784141320886E-033   1.9774900504480825E-036   1.5501935979189877E-036   2.5365382818359800E-033  -9.7172109880754939E-037   2.5832658273974091E-033  -2.3788322940396573E-019  -8.7191733600702844E-036  -2.8654387968036693E-036   2.1347499872536626E-035
   3.3379004091747400E-017  -6.7150888144147303E-032   9.6303722012117454E-032  -8.5372213805410005E-031  -2.6159044342422943E-016   4.3325154308639918E-030   1.3739437909921631E-033   1.1106814671149813E-032   5.1640778744841216E-030  -3.1940124819413232E-032   3.9513780425133983E-030  -8.5920095341491164E-033   6.3894810810733156E-032   2.2167018784075295E-031  -1.0026574944526604E-015   8.3439248381108076E-030  -5.9662297207415267E-033  -3.3802477803081285E-033   7.8837145737542057E-030   1.4738586645261868E-032   8.5174252837929966E-030  -7.4098748909243801E-016  -8.2607632845882026E-032  -5.6717481284975483E-032  -5.4484172820280135E-032   4.2064925763578148E-030   3.2357114760665243E-033   2.5365382818359800E-033   4.1504664087482982E-030  -1.5899999649733303E-033   4.2269253802547682E-030  -3.8924165265547870E-016  -1.4266938686543668E-032  -4.6886370915914296E-033   3.4930314975412276E-032
  -1.2787144891681875E-020   2.5724797958146112E-035  -3.6892941550693591E-035   3.2705195896582315E-034   1.0021254358430503E-019  -1.6597410278517737E-033  -5.2634339479251184E-037  -4.2549037141633787E-036  -1.9783038412845630E-033   1.2235925397942582E-035  -1.5137313088355847E-033   3.2915083542303873E-036  -2.4477429027472058E-035  -8.4919514144127884E-035   3.8410752528913143E-019  -3.1964697202156886E-033   2.2855997646449476E-036   1.2949373210111047E-036  -3.0201680152639210E-033  -5.6461973045554949E-036  -3.2629359135032840E-033   2.8386450236516098E-019   3.1646114049889075E-035   2.1727869683851595E-035   2.0872312734118044E-035  -1.6114629996696132E-033  -1.2395669852345933E-036  -9.7172109880754939E-037  -1.5899999649733303E-033   6.0911223935856858E-037  -1.6192905916269856E-033   1.4911437731043322E-019   5.4655139393652576E-036   1.7961674851023063E-036  -1.3381435751497260E-035
   3.3993904700841818E-017  -6.8387926909820844E-032   9.8077807816491454E-032  -8.6944921790477310E-031  -2.6640940454579887E-016   4.4123280690729282E-030   1.3992542787353087E-033   1.1311421947257173E-032   5.2592093715684335E-030  -3.2528518713731506E-032   4.0241694522997833E-030  -8.7502896278682578E-033   6.5071866842048551E-032   2.2575374686925775E-031  -1.0211282284013842E-015   8.4976347705908154E-030  -6.0761382812005917E-033  -3.4425179550949013E-033   8.0289466148301873E-030   1.5010097619060007E-032   8.6743314029966973E-030  -7.5463779624725622E-016  -8.4129412333764947E-032  -5.7762318143875519E-032  -5.5487868166046278E-032   4.2839836494960059E-030   3.2953190351182647E-033   2.5832658273974091E-033   4.2269253802547682E-030  -1.6192905916269856E-033   4.3047928619738507E-030  -3.9641217603732968E-016  -1.4529761066269412E-032  -4.7750101240377469E-033   3.5573793489486676E-032
  -3.1303707673143257E-003   6.2975868503399812E-018  -9.0316162621769763E-018   8.0064306802801776E-017   2.4532639585447005E-002  -4.0631468861193567E-016  -1.2885206123684966E-019  -1.0416262830664075E-018  -4.8430080100611907E-016   2.9954288859020217E-018  -3.7057062220588589E-016   8.0578124512816615E-019  -5.9922233567912186E-018  -2.0788813054291524E-017   9.4031856122371291E-002  -7.8251521004330316E-016   5.5952871025018859E-019   3.1700852454048643E-019  -7.3935548141868289E-016  -1.3822234078357062E-018  -7.9878653802500916E-016   6.9491755009374254E-002   7.7471610089684507E-018   5.3191145224755565E-018   5.1096689826067853E-018  -3.9449593396379510E-016  -3.0345352989864715E-019  -2.3788322940396573E-019  -3.8924165265547870E-016   1.4911437731043322E-019  -3.9641217603732968E-016   3.6504105621146470E-002   1.3379910221606656E-018   4.3971271430750223E-019  -3.2758567808542478E-018
  -1.1473799758771402E-019   2.3082649262747017E-034  -3.3103732494661617E-034   2.9346102821817728E-033   8.9919889712943866E-019  -1.4892719497826785E-032  -4.7228359163504567E-036  -3.8178900468173325E-035  -1.7751157376556352E-032   1.0979195048504126E-034  -1.3582586318749402E-032   2.9534433277071716E-035  -2.1963395398252451E-034  -7.6197580394643084E-034   3.4465651780262633E-018  -2.8681659444234984E-032   2.0508498378938678E-035   1.1619365892308324E-035  -2.7099718771096564E-032  -5.0662863226901098E-035  -2.9278055120494006E-032   2.5470927922931822E-018   2.8395797406492935E-034   1.9496238452679540E-034   1.8728554250567017E-034  -1.4459524728546609E-032  -1.1122532431315088E-035  -8.7191733600702844E-036  -1.4266938686543668E-032   5.4655139393652576E-036  -1.4529761066269412E-032   1.3379910221606656E-018   4.9041606277445292E-035   1.6116862858640233E-035  -1.2007052050956305E-034
  -3.7707096324180826E-020   7.5858015432272305E-035  -1.0879095470634053E-034   9.6442011287120838E-034   2.9550959700805806E-019  -4.8942915201588944E-033  -1.5520963635868482E-036  -1.2546981015632400E-035  -5.8336785993829809E-033   3.6081644612930223E-035  -4.4637339104776709E-033   9.7060933942765921E-036  -7.2179738473722059E-035  -2.5041307709887872E-034   1.1326671886186000E-018  -9.4258407688729354E-033   6.7398415529063810E-036   3.8185479800815857E-036  -8.9059572900317708E-033  -1.6649667101738889E-035  -9.6218381689045345E-033   8.3706771326737807E-019   9.3318960633770434E-035   6.4071759726535782E-035   6.1548869074423826E-035  -4.7519278983788338E-033  -3.6552703600723439E-036  -2.8654387968036693E-036  -4.6886370915914296E-033   1.7961674851023063E-036  -4.7750101240377469E-033   4.3971271430750223E-019   1.6116862858640233E-035   5.2965897351465835E-036  -3.9459558103996600E-035
   2.8091761543540280E-019  -5.6514170764271574E-034   8.1049188498366894E-034  -7.1849233909847491E-033  -2.2015445213835078E-018   3.6462439092852065E-032   1.1563107528520350E-035   9.3474924654021188E-035   4.3460866550583155E-032  -2.6880801105737768E-034   3.3254787780235540E-032  -7.2310330874376338E-035   5.3773856890131411E-034   1.8655757496592893E-033  -8.4383629800900930E-018   7.0222450689409138E-032  -5.0211774494042396E-035  -2.8448156913697255E-035   6.6349322248949867E-032   1.2403990855732838E-034   7.1682630008841566E-032  -6.2361488656511078E-018  -6.9522563261753684E-034  -4.7733418145979519E-034  -4.5853866297429810E-034   3.5401831062698437E-032   2.7231739736606107E-035   2.1347499872536626E-035   3.4930314975412276E-032  -1.3381435751497260E-035   3.5573793489486676E-032  -3.2758567808542478E-018  -1.2007052050956305E-034  -3.9459558103996600E-035   2.9397344397481298E-034
