   3.2114570169060109E-005  -2.0536195844954560E-018  -2.2317820963234135E-018   1.2191113960837949E-018   1.3848193102490386E-018  -2.2734856142686136E-020   1.5540141631988918E-018   6.9153034294367255E-021   1.7663293935681965E-018  -3.0378055031586570E-018  -5.5111583817739058E-004   3.2440915283642055E-017   2.2828199672991914E-017  -2.1314015423332511E-018  -5.0515141440519620E-017   2.4973894197045252E-019  -5.0079250684924501E-019  -1.5165026365899207E-017   3.1840578024161490E-019  -1.4940046980691892E-017   1.4663110522208040E-018  -2.9011681774142891E-020  -5.7438271759448702E-019  -7.0577743245725806E-020  -1.3558260432285100E-018  -8.5943353724123863E-020  -1.4666495129670362E-018  -9.2993260019839516E-019  -1.5185123779107159E-018   1.3117307475860417E-018  -2.1932019427846096E-003   1.3431966638536847E-016   7.9240620429903266E-017  -1.7153276548537967E-016  -4.3668423312231036E-017   4.2729126607728451E-019  -2.3797761249905742E-020  -2.3290418561185582E-017  -3.2939387762549122E-019  -2.4335048078972936E-017   1.5424140090241526E-018   3.3783611019516946E-019   2.7487436184815679E-019  -1.4259130476751754E-019  -8.7584350941151922E-020  -1.5538587892656887E-019   2.4343218875767575E-019   4.3410856592250218E-020  -3.8690365037046315E-020  -7.3741432066206745E-020  -2.9620664655916257E-016  -2.5137030883803399E-003   1.5527115179710082E-016   9.1984628168038042E-017  -8.6209227465051988E-016   4.6970637527059807E-017   2.3419858094599570E-019   1.9226659891184098E-019   1.8465252319336560E-017   3.0289089706106635E-023   1.6797207309771724E-017   4.3643771915345572E-019   2.9446096534882288E-019   1.9838698332607299E-019   3.2359368131293147E-019  -1.1837111180794787E-016  -3.5773498827592223E-020  -1.8066052637058184E-020   5.4224224477337778E-020   1.0002738150814494E-020   7.4976205658329850E-020  -2.0947150649222344E-019  -1.8871298833684203E-003   1.1716164452540118E-016   6.9696491408259654E-017
  -2.0536195844954560E-018   3.2114570169064128E-005  -7.2823640014586867E-018  -4.8167242011801342E-018  -3.6882338772300643E-019   3.0719771347559635E-018  -3.0028967039710122E-019  -1.1109711676298145E-019   3.3883770412879761E-018   5.0585052273561795E-019   4.5555749015218609E-019  -5.5111583817756221E-004   7.8208619345724713E-017  -1.4567969023533850E-018   1.8244870618959333E-018   1.5502249337975483E-017  -2.2308025350777510E-018   9.2299236134634257E-019  -4.0055737856351411E-019   3.5758786545688479E-019   3.2649900228200139E-017  -1.8431205301246153E-018   1.5729045024298781E-017  -4.3910061344092550E-018   1.9030579978632425E-019  -3.0700936893615078E-018  -1.2816355311999487E-019  -8.7736740829813552E-020  -2.0296816872803112E-018   6.2087019582652644E-019  -2.1341855580480673E-018  -2.1932019427849804E-003   2.8585471940333075E-016  -2.5783115423410637E-016   3.5436899820585729E-018  -3.3477900326520000E-019  -1.2432023163026389E-018   1.4103851577774593E-018   3.5670214681915686E-019   1.9540702297585908E-018  -5.4406388141864078E-019  -1.2596465240308200E-018  -3.5783490068094593E-018  -1.9791172586388687E-018   2.0120891373442499E-018   1.4231176222203458E-019  -1.7573881686610312E-019   2.9563928141060559E-019   1.0776008373657599E-018  -5.6458602118903109E-020  -4.5313710697367992E-016   1.5856499549739027E-018  -2.5137030883801335E-003   3.2416978174764880E-016   8.9427632097513609E-016   2.4146145457819853E-018  -3.8720313721895323E-017  -5.5837836678024984E-019   1.3196174293258608E-018  -1.9427973672180435E-019   1.0844796974205590E-018  -8.5251830313121125E-017  -6.2961796343072579E-019  -4.0256733533912579E-017  -1.9547149129563783E-018  -8.8690777329462768E-017   7.1033082218684735E-020  -6.3571767184762785E-020   5.9838082035013314E-020   3.9107755895438441E-019  -1.3215433686820997E-019   3.4770287120590234E-019   5.1662789676678627E-018  -1.8871298833685688E-003   2.4089376866857660E-016
  -2.2317820963234135E-018  -7.2823640014586867E-018   3.2114570169112192E-005  -1.0030793285213057E-017  -4.1281879318685748E-018  -5.0491026222321205E-018  -1.4786646302114832E-018   5.2997923345464992E-018  -3.7480458639878120E-019  -1.0247093897340752E-018   1.8075319134942888E-017   5.8924395784525253E-017  -5.5111583817803677E-004   8.8528459601114936E-018   5.8822828705347364E-019  -1.2505119373951856E-018   1.4874576053866762E-017   8.9908854743300669E-019   1.8910466743481377E-019  -1.2786072844118300E-018  -4.0614442369543145E-019   1.5028358923500022E-017  -7.8339553921664236E-019   3.0909997548031879E-017  -6.8492225207810425E-020   2.9391354333186188E-018   4.2706455681858037E-019  -3.9214008532491226E-018   6.1120609406059215E-019   5.3869847924099627E-019   7.2918154753396469E-017   2.1158666495572386E-016  -2.1932019427865824E-003  -3.6713190302877190E-016  -5.7848959671741474E-020   1.2457311855382745E-018  -1.3248684075147290E-017   1.6795125888769398E-019  -2.6762080757955567E-019  -2.1628540118131358E-019   7.2414064768153546E-019  -1.5823837051487906E-017   1.0571672043643160E-018  -2.7930379064329243E-017  -9.2360407686674066E-019  -4.0653367824456336E-019   4.0255300292986253E-019  -2.3892979590697152E-019  -4.5081448944952127E-019  -3.9440840619930599E-019  -6.3497518006196630E-016   8.3983819646107422E-017   2.4707609317840310E-016  -2.5137030883819220E-003  -9.1604369431689055E-016  -2.4106081383077987E-019   2.6194018322317539E-019  -5.5633275871639993E-017  -5.0885113733848331E-019   1.3728247167462339E-019   2.6311362328049492E-020   8.2823791831554221E-019  -5.6921826860735990E-017   2.2400078218935810E-019  -1.2897936459302882E-016  -2.1478390704521195E-016  -1.1310540524687651E-019  -7.8397795337760341E-020  -2.7833877091114409E-019   5.4421087489546375E-019   2.0015486598813391E-019   5.5029153863995041E-020   6.2489723334811505E-017   1.8591182264796505E-016  -1.8871298833699928E-003
   1.2191113960837949E-018  -4.8167242011801342E-018  -1.0030793285213057E-017   2.6930435973780899E-005  -4.1649753200514719E-017  -7.8636403506816449E-019  -1.3628803280752651E-018  -4.3021943350518350E-017   2.1721905421048155E-018  -3.6418486636791977E-017  -5.4676627311060460E-017   4.3543672899716812E-017   1.0759616463411471E-016  -7.3208188589298712E-007   4.7417630831437882E-019   3.7869350159762107E-018  -5.9056613827799253E-022  -2.3747907239687281E-018   3.2130625227782085E-019  -3.4260116681759761E-019  -5.3958926407556198E-019   4.2801434851956385E-019   1.2774746511090571E-018  -2.2767169284801687E-018  -1.9842076066448312E-016  -1.9311267572451548E-018   6.6484834138169657E-020  -1.8791522001661144E-016  -8.3029995101169399E-019  -2.0779909955458195E-016  -2.2911595552257381E-016   1.6239368490441194E-016   3.9822882189200846E-016   2.5467065712216244E-003  -2.2120333286089151E-018  -9.1894234260749085E-019  -8.0908417354648041E-019  -4.5133911051491904E-019  -9.9928046651562756E-019  -2.0402278218556000E-018   2.2952709764683250E-018  -7.3507784644181530E-019   6.0712102669525177E-019  -1.1552927142613654E-018  -2.5413952005824319E-016  -1.8749447783957832E-019  -9.8584969404310229E-019  -2.6581221676748853E-016   1.0021766077419918E-018  -2.6205232055567995E-016   4.3870059393102592E-003  -2.6124908277121173E-016   1.9579957762695979E-016   4.5662548298401854E-016   8.3776573712255318E-004  -1.6452357826223353E-018   1.1943440220581011E-018  -6.5430843032738687E-020  -5.2277682100982910E-019   6.3317126663819642E-019  -3.0115016464441700E-019  -4.7127958119779593E-020   2.0619935154411551E-019   6.0422195008179584E-019  -6.7425186936437311E-019   1.2649295690861093E-003  -9.7312267230117023E-017   1.0124750052814350E-019   1.7324762119269070E-019  -9.6014295326558361E-017  -2.6218180631375346E-019  -9.4588772721070120E-017  -1.9963260637766373E-016   1.4575906706393531E-016   3.4065517656410935E-016
   1.3848193102490386E-018  -3.6882338772300643E-019  -4.1281879318685748E-018  -4.1649753200514719E-017   6.5552836053100036E-029   1.5856216930228230E-030   2.4973192201838098E-030   6.6895003470655746E-029  -3.2913192067144409E-030   5.7042524599812688E-029  -2.3764784983030691E-017   6.3293517364977840E-018   7.0843537380421358E-017   2.5932568385939090E-018  -2.0373425368331725E-030  -6.3819539783552878E-030  -1.3009264377618774E-030   2.0141946685712264E-030  -4.3533851439977681E-031  -4.3183427258758055E-031  -5.5643976765088980E-031  -2.3588985631563374E-030  -2.9005200688149844E-030   1.5256493315412927E-032   3.1122074804101652E-028   3.1920759575846092E-030  -1.0109165943997438E-030   2.9403061017752800E-028   1.3260090509254329E-030   3.2549125959633678E-028  -9.4573534244631682E-017   2.5188074019006512E-017   2.8192654439091631E-016  -3.9014404096926831E-015   6.3392390769466324E-031   8.0300952690762171E-031   1.9505801560197833E-030   1.4906353610131946E-031   1.5630973445838884E-030   2.8755468062779760E-030  -4.0202287310951783E-030   2.4533867797152096E-030  -1.5517752563691427E-030   5.3694009509506198E-030   3.9236375851276845E-028   4.5361529439027763E-031   2.0602498896956333E-030   4.1064925373468849E-028  -1.6912095684846796E-030   4.0412158231211892E-028  -6.7129964076670187E-015  -1.0839393330463221E-016   2.8868905419393667E-017   3.2312556883470334E-016  -2.3087487542839428E-015   5.0620331829356986E-030  -1.5769992495463333E-030   7.6638260318270799E-030   1.3054468995472994E-030  -1.1142469329101944E-030   1.0258385623690456E-030   4.9749781072980814E-032   7.2168403277581158E-030  -4.2991386007705587E-031   1.7895067161882766E-029  -1.9779524128376318E-015   1.4889506067909401E-028  -2.4118114292345614E-031  -4.6384132209993040E-031   1.4660752844048746E-028   5.3284443106568102E-031   1.4429838767159313E-028  -8.1375334923425449E-017   2.1672955079268069E-017   2.4258231604489988E-016
  -2.2734856142686136E-020   3.0719771347559635E-018  -5.0491026222321205E-018  -7.8636403506816449E-019   1.5856216930228230E-030   1.2194869063183638E-030   1.8475552281630519E-031  -5.2031411909202030E-032   3.2611260068397694E-031   9.5127920031288027E-031   3.9015123767494884E-019  -5.2717979551653699E-017   8.6647288412862711E-017  -6.3207195438002987E-019  -3.3025117701425532E-031   1.8007274259667030E-030  -2.8227441568903776E-030   4.1990888833983366E-031  -1.0787174875250744E-031   4.6946566706631611E-031   3.7077819166890303E-030  -2.6477105440215370E-030   1.9576544168194805E-030  -5.4011150079837876E-030   3.8552766046569500E-030  -9.4607588659867045E-031   2.7365654277907817E-031   4.7801092517589334E-030  -3.3766467446516352E-031   4.1918176244600029E-030   1.5526326648074117E-018  -2.0979468772793667E-016   3.4481861728475580E-016  -9.1007612052483409E-017   8.3305957175400909E-031   1.3479407922816344E-032   2.4425673182823244E-030  -8.2379452294621362E-032   1.0491953342710613E-031  -4.4056707107169109E-032  -3.2696517562934410E-032   2.7224864462399133E-030  -2.8943926530451283E-031   4.2466212850724545E-030   8.1039178740365054E-030   2.9569637567321863E-032  -3.0856337404229413E-031   8.0406570126087033E-030   2.2754359292946117E-031   8.2489734352809587E-030  -1.6021537778025411E-016   1.7795249258690526E-018  -2.4045280289958431E-016   3.9520830539617006E-016   4.2863875934886206E-016   6.5013756513390189E-032  -3.7125588359003858E-030   8.5177715344545444E-030   3.6476685053742286E-031  -5.1700727376643560E-033   1.6287044352941451E-031  -7.8750255042814782E-030   8.7939860306647563E-030  -3.9317683806787955E-030   2.0005194254842835E-029  -2.7251594343674967E-017   3.5893796850976067E-030   4.5621436891148244E-032   1.4874505139674984E-031   3.5654532853294073E-030  -1.0285262615764922E-031   3.6675838094075166E-030   1.3359551815527802E-018  -1.8051681282054266E-016   2.9669749252255815E-016
   1.5540141631988918E-018  -3.0028967039710122E-019  -1.4786646302114832E-018  -1.3628803280752651E-018   2.4973192201838098E-030   1.8475552281630519E-031   2.4564664363462635E-031   2.1807774346058586E-030  -4.2987194578127447E-032   1.9101486706622309E-030  -2.6668325734462626E-017   5.1532495227505091E-018   2.5375257796449049E-017   3.8347091641507704E-019  -2.2823596069025058E-030  -3.8992174560160439E-031  -5.4448733978580698E-031  -8.7196771980136316E-031   1.0204800444825214E-032  -7.6334627519962441E-031  -4.5659941474056646E-031  -6.4681707821501681E-031  -3.9790256698841836E-031  -1.1707273086759505E-030   1.1020925338708525E-029   1.1776541471830989E-031  -2.8045199787777885E-031   1.0343835241830926E-029  -2.0633939339246220E-033   1.1529624808838698E-029  -1.0612836677868974E-016   2.0507697442204199E-017   1.0098251736308110E-016  -1.2005844871338914E-016  -2.2381095026196371E-030  -1.0093573288548832E-031   4.2028806858247926E-031  -1.0081706497007020E-030   4.3983945735148234E-032  -9.0143341549807822E-031  -1.7649926140477289E-031   6.1689126257946833E-031  -1.5827655888702707E-031   1.3503333852962756E-030   1.2697740045024001E-029   4.7743157429606039E-032   1.8106724060451334E-031   1.3349400035069385E-029  -8.5816558421633425E-032   1.2990409571381086E-029  -2.0498923508405936E-016  -1.2163731853968860E-016   2.3504567176597018E-017   1.1573948609841237E-016  -2.8260633415276062E-016   2.4605927362417712E-030   2.6508828535388542E-031   2.6733984062308079E-030   8.4819091956983420E-031  -6.4901542224491323E-032   7.8151605934335320E-031   5.6567155485500722E-031   2.6777038764409552E-030   3.5994197897354366E-031   6.0627028091553376E-030  -6.9148829387268809E-017   4.5440962985564767E-030  -2.4229825317062610E-032  -4.9212102248192301E-032   4.4013838517762435E-030   4.4088807779055419E-032   4.3039956152324412E-030  -9.1317634055560851E-017   1.7645747948371805E-017   8.6889913097411521E-017
   6.9153034294367255E-021  -1.1109711676298145E-019   5.2997923345464992E-018  -4.3021943350518350E-017   6.6895003470655746E-029  -5.2031411909202030E-032   2.1807774346058586E-030   7.1585155253325540E-029  -3.5763521378930623E-030   5.9389454920777355E-029  -1.1867302671959307E-019   1.9065296624820270E-018  -9.0949356607878530E-017   3.9579683382466660E-018   1.1752715553293825E-030  -7.2995735967487540E-030   3.6202180709990185E-030   2.2590983058632382E-030  -3.5168772612196323E-031  -5.7987369939996095E-031  -1.4770033143225965E-030   2.2129774038416432E-030  -3.7898220664248702E-030   9.5550944983758913E-030   3.2536930865824865E-028   4.6336287964222204E-030  -1.5460674969952645E-030   3.0516631396079573E-028   1.7443702948945445E-030   3.3994347999109102E-028  -4.7226716183978602E-019   7.5871609379969562E-018  -3.6193898231450908E-016  -3.9973921673842103E-015   1.8405334769476146E-030   7.5812501614804111E-031  -2.8306238140309556E-030   1.6800123766215851E-030   1.5538431079604325E-030   4.6701013666251652E-030  -4.4040775265685859E-030  -2.8575144358574773E-030  -1.7942759878983217E-030  -2.8031408591568197E-030   4.0436019155335955E-028   4.6039937791590838E-031   2.7390298394439949E-030   4.2369054940969332E-028  -2.0325565056276270E-030   4.1626306749506269E-028  -6.8712888373422320E-015  -5.4128140237056362E-019   8.6959023288251257E-018  -4.1483053607632185E-016  -3.2718615898943463E-015   3.5233171950489617E-030  -2.0189145231674089E-030  -8.3177672828324602E-030   8.3431040525300569E-032  -1.2164187152961085E-030   2.0209424788134401E-031  -1.2385140158829147E-030  -9.3415003078473246E-030  -6.6977098988293200E-031  -1.9750492508056215E-029  -2.0620767918248806E-015   1.5235307025311175E-028  -3.5505964422485935E-031  -7.6821880097116359E-031   1.5001678156777887E-028   7.3545887257940643E-031   1.4735656151619536E-028  -4.0635996925370570E-019   6.5283355156133844E-018  -3.1142862686616221E-016
   1.7663293935681965E-018   3.3883770412879761E-018  -3.7480458639878120E-019   2.1721905421048155E-018  -3.2913192067144409E-030   3.2611260068397694E-031  -4.2987194578127447E-032  -3.5763521378930623E-030   6.3478648380438419E-031  -3.0622750180748050E-030  -3.0311852193860215E-017  -5.8147695682689079E-017   6.4319946584384247E-018  -1.0553600971592807E-019  -2.5853853359351060E-030   1.9859123810744057E-030  -4.5584822946313552E-031  -9.1079695397144625E-031  -3.1901445577906526E-033  -7.8149885041559480E-031   3.5227236531954465E-030  -3.4377178179872355E-031   1.7662417167632892E-030  -1.0249243816670759E-030  -1.6198217056254186E-029  -5.3626943745597430E-031  -6.8629826532821805E-032  -1.5265356374898576E-029  -3.7694850695320058E-031  -1.6761151680281771E-029  -1.2062802139897262E-016  -2.3140260233032026E-016   2.5596548318250022E-017   2.0423152819643916E-016  -2.1779481043150683E-030  -8.5197769846185631E-032  -1.0755048134642583E-032  -1.1862401778260861E-030  -5.8008600167361800E-032  -1.3186306866699938E-030   2.1843550289811407E-031   3.4818453183803026E-032  -3.0893852122722656E-031   1.6900464778586510E-032  -2.0255896092091686E-029  -7.7189283096915820E-033  -1.0765778877081255E-031  -2.1388697553139684E-029   2.0355689583540438E-031  -2.1103923967631505E-029   3.5156817408521278E-016  -1.3825586418677765E-016  -2.6521836625691486E-016   2.9337071659598895E-017   9.9807555582970228E-017   2.6927446361860138E-030  -3.9743797585458189E-030   5.8305521336651558E-031   1.1297306771926221E-030   3.2777415065413164E-032   1.0184072144585385E-030  -8.9552012258998400E-030   6.2439960896147743E-031  -4.1924028936467769E-030   1.2549592036415382E-030   1.0271728927092052E-016  -7.7908394733454310E-030   4.3911754609758574E-033   3.3942386411080125E-032  -7.6513615898359398E-030  -3.8022938384301999E-032  -7.5422788781346298E-030  -1.0379379094684737E-016  -1.9910923724255141E-016   2.2024424791963891E-017
  -3.0378055031586570E-018   5.0585052273561795E-019  -1.0247093897340752E-018  -3.6418486636791977E-017   5.7042524599812688E-029   9.5127920031288027E-031   1.9101486706622309E-030   5.9389454920777355E-029  -3.0622750180748050E-030   5.0540667381623442E-029   5.2131562629720279E-017  -8.6808645845449805E-018   1.7584964433325288E-017   2.9341507382177641E-018   5.4389593586865278E-030  -5.5508614803199601E-030   3.4505403103795513E-031   3.4628777362425822E-030  -3.8706863535114352E-031   1.2872883972752783E-030  -3.8729097734701258E-031  -7.9857368182467397E-031  -2.4917512738674725E-030   2.5891135089494044E-030   2.7431791795906616E-028   3.2116304491363842E-030  -1.0199325633788361E-030   2.5824736162124612E-028   1.4314027869417792E-030   2.8638184655984105E-028   2.0746100278669795E-016  -3.4546074986399970E-017   6.9980529477294523E-017  -3.3944346259753265E-015   6.0209637944354329E-030   5.1810143527174034E-031   1.4622115859805042E-031   3.4865078880015868E-030   1.3987105998781019E-030   6.1155102323119967E-030  -3.8804519215984885E-030   4.5372415119727845E-031  -1.6421995758926342E-030   2.4035722695128131E-030   3.4271916967688760E-028   4.4276836051825294E-031   2.0593987086678397E-030   3.5883632406023319E-028  -1.5666547412875684E-030   3.5278859003718649E-028  -5.8370723321914039E-015   2.3777808748485544E-016  -3.9594427531139672E-017   8.0207056925262125E-017  -2.4809945734133105E-015  -1.5219497283389894E-030  -2.4564464515198255E-030   2.3642673863922182E-030  -1.4678439783145137E-030  -1.0228247011474866E-030  -1.3628564486186962E-030  -2.5638012004469629E-030   1.7641213375018340E-030  -1.3939972746957844E-030   5.2801056894094758E-030  -1.7393980448292715E-015   1.2945325201201246E-028  -2.5962124276801073E-031  -5.4007608292503641E-031   1.2741966132468024E-028   5.3638284558629898E-031   1.2531682750362504E-028   1.7850880502836151E-016  -2.9725001235939822E-017   6.0214404270895128E-017
  -5.5111583817739058E-004   4.5555749015218609E-019   1.8075319134942888E-017  -5.4676627311060460E-017  -2.3764784983030691E-017   3.9015123767494884E-019  -2.6668325734462626E-017  -1.1867302671959307E-019  -3.0311852193860215E-017   5.2131562629720279E-017   9.4576594203520329E-003   4.0251743570367301E-017  -4.4688187747799494E-017   5.3943642748178930E-017   8.6688672366112000E-016  -4.2857520933920287E-018   8.5940643362891284E-018   2.6024593113428853E-016  -5.4641387860586055E-018   2.5638507602091411E-016  -2.5163258929540438E-017   4.9786739269881673E-019   9.8569406713027262E-018   1.2111795960695053E-018   2.3267233604953374E-017   1.4748677368069927E-018   2.5169067230104947E-017   1.5958506737520759E-017   2.6059082140274824E-017  -2.2510517394549530E-017   3.7637381432385410E-002   7.0623349794325143E-017   2.1325324996241096E-017   1.7051440657242079E-016   7.4939068431907658E-016  -7.3327148085912937E-018   4.0839167608099755E-019   3.9968520454358768E-016   5.6527047381440973E-018   4.1761201686739156E-016  -2.6469256319647143E-017  -5.7975812865168938E-018  -4.7170992333405636E-018   2.4469991667563872E-018   1.5030287727954311E-018   2.6665659373546240E-018  -4.1775223532510424E-018  -7.4497059996037849E-019   6.6396258285244772E-019   1.2654714336125149E-018   3.9279741269592920E-016   4.3137478633187343E-002   5.8242838052764493E-017   4.4617460493114123E-018   2.3383435571357212E-015  -8.0605974590907628E-016  -4.0190650710037621E-018  -3.2994733310679704E-018  -3.1688087231298433E-016  -5.1978890073509751E-022  -2.8825567139251055E-016  -7.4896764345485460E-018  -5.0532235329074886E-018  -3.4045048095700057E-018  -5.5531679846273952E-018   2.0207390784702786E-016   6.1390645088667104E-019   3.1003023516058098E-019  -9.3053803196237447E-019  -1.7165627277118727E-019  -1.2866612944580302E-018   3.5947255177354063E-018   3.2384900745897990E-002   3.3534072850048269E-017  -7.6372725691794041E-018
   3.2440915283642055E-017  -5.5111583817756221E-004   5.8924395784525253E-017   4.3543672899716812E-017   6.3293517364977840E-018  -5.2717979551653699E-017   5.1532495227505091E-018   1.9065296624820270E-018  -5.8147695682689079E-017  -8.6808645845449805E-018   4.0251743570367301E-017   9.4576594203567392E-003  -2.0869213068094639E-016   7.8130228242647377E-018  -3.1309891773977497E-017  -2.6603299040152701E-016   3.8282642503217685E-017  -1.5839405795455312E-017   6.8739364800165963E-018  -6.1365397436613261E-018  -5.6030259897456906E-016   3.1629659387417011E-017  -2.6992501492824210E-016   7.5353741727385905E-017  -3.2658241975420980E-018   5.2685657880162540E-017   2.1994055542387825E-018   1.5056439246948259E-018   3.4831222041284193E-017  -1.0654708954940998E-017   2.2792049269255599E-016   3.7637381432398788E-002  -3.9493136211693944E-016   2.6073442350778454E-016  -6.0813009933552381E-017   5.7451184934940166E-018   2.1334505894609105E-017  -2.4203518661152663E-017  -6.1213399895751943E-018  -3.3533659235107845E-017   9.3366412955771217E-018   2.1616703765470523E-017   6.1407790974560808E-017   3.3963489503559918E-017  -3.4529317551676697E-017  -2.4422019571380144E-018   3.0158412473656996E-018  -5.0734445300832223E-018  -1.8492630777219679E-017   9.6888202700594014E-019   5.0727474685043338E-016   1.9203947529271858E-016   4.3137478633191839E-002  -3.9330170280257937E-016  -3.9086882380314413E-015  -4.1437027251776769E-017   6.6447653009214648E-016   9.5822911535733410E-018  -2.2645860175237985E-017   3.3340206448568168E-018  -1.8610678401861132E-017   1.4630005530775113E-015   1.0804828768522653E-017   6.9084292042634172E-016   3.3544722597543118E-017  -4.4792617529001072E-017  -1.2189936354122922E-018   1.0909505427616574E-018  -1.0268770393610208E-018  -6.7112539746220804E-018   2.2678911082553399E-018  -5.9669040652699767E-018   7.5941467121698501E-017   3.2384900745906574E-002  -2.5283614105657849E-016
   2.2828199672991914E-017   7.8208619345724713E-017  -5.5111583817803677E-004   1.0759616463411471E-016   7.0843537380421358E-017   8.6647288412862711E-017   2.5375257796449049E-017  -9.0949356607878530E-017   6.4319946584384247E-018   1.7584964433325288E-017  -4.4688187747799494E-017  -2.0869213068094639E-016   9.4576594203588764E-003  -1.2871836034867356E-016  -1.0094543496963469E-017   2.1459945778467067E-017  -2.5526153413548748E-016  -1.5429194157218679E-017  -3.2452116515304582E-018   2.1942088016078378E-017   6.9698153612370100E-018  -2.5790059094519416E-016   1.3443794730727943E-017  -5.3044425371597635E-016   1.1753901709618841E-018  -5.0438292629229479E-017  -7.3288242672456703E-018   6.7294879137598389E-017  -1.0488863997047864E-017  -9.2445660125878262E-018  -1.9476421479315149E-016  -4.3740104163086661E-016   3.7637381432402361E-002   7.4324535795655763E-016   9.9274185298461285E-019  -2.1377903638358796E-017   2.2735971835777807E-016  -2.8821995227390941E-018   4.5926215081343978E-018   3.7116582763159638E-018  -1.2426925781806778E-017   2.7155173411633663E-016  -1.8141970665018307E-017   4.7931123435907434E-016   1.5849903402279934E-017   6.9764953307364572E-018  -6.9081832467994296E-018   4.1002571126997387E-018   7.7363951598057744E-018   6.7684144063574858E-018   1.4370821776250247E-015  -2.3025997748083036E-016  -5.7973606880002537E-016   4.3137478633195128E-002  -1.1611934748894579E-015   4.1368273579923227E-018  -4.4951367204269738E-018   9.5471866200090733E-016   8.7323579168248361E-018  -2.3558946623229955E-018  -4.5152740413549370E-019  -1.4213331586133723E-017   9.7683139322075981E-016  -3.8440613770286779E-018   2.2134056364772764E-015   3.3646499052251305E-016   1.9409937574620378E-018   1.3453789498445981E-018   4.7765517090915313E-018  -9.3391638398936159E-018  -3.4348433173321029E-018  -9.4435136730599096E-019  -1.6325374212227721E-016  -4.4248256204408472E-016   3.2384900745910439E-002
  -2.1314015423332511E-018  -1.4567969023533850E-018   8.8528459601114936E-018  -7.3208188589298712E-007   2.5932568385939090E-018  -6.3207195438002987E-019   3.8347091641507704E-019   3.9579683382466660E-018  -1.0553600971592807E-019   2.9341507382177641E-018   5.3943642748178930E-017   7.8130228242647377E-018  -1.2871836034867356E-016   3.9435562619111519E-006   2.5943325979513383E-018  -1.4958708831830551E-018   1.6279687988945624E-018  -2.2945965518043846E-018   1.7270390203811148E-019  -1.2735852374340551E-018  -3.0237723873776596E-018   5.6566587806178671E-019  -2.2371485468247184E-018   1.1901263634145066E-018   1.7213877741754866E-017   1.5341422021032447E-018  -2.1271910586876960E-018   1.3008950050307899E-017   4.5932082106351844E-019   1.6755117239212641E-017   2.3108312590071076E-016   1.0886033486541767E-017  -5.2131602833543603E-016   3.0710693568066324E-005  -2.2785215659967602E-018  -1.2649653458147754E-018  -2.7092731215825229E-018   1.3365925257300128E-018   3.1303044876538448E-020   2.1077120439239099E-018  -1.2711731166080947E-018  -1.9849737010239023E-018  -1.4394951848271592E-018  -3.3710076442104247E-020   4.8349346204524501E-018   3.2660441019004666E-019   1.5704277582986718E-018   5.9458858083412356E-018  -5.2455083721512013E-019   3.8786453082912613E-018   7.3581895296661161E-005   2.5814100756949135E-016   1.2142571707339889E-017  -5.9522843228160445E-016  -2.7434371100705079E-003   1.3576112048871608E-018  -4.3792764198193947E-019   1.0666248161597111E-018  -9.2454501161144854E-019  -3.3837310232356445E-019  -3.9031648874326774E-019  -2.4548246534598573E-018   5.2816989520099867E-019   1.5132073279682098E-019   6.5252217836399159E-019  -9.2534766694170071E-005  -1.6975800651486233E-018  -2.5686609445238188E-019  -6.3132766458233059E-019  -2.2536762261038211E-018   4.0549862993107989E-019  -2.7177851839574292E-018   1.9617267565221023E-016   5.6318292382904194E-018  -4.4732744487819286E-016
  -5.0515141440519620E-017   1.8244870618959333E-018   5.8822828705347364E-019   4.7417630831437882E-019  -2.0373425368331725E-030  -3.3025117701425532E-031  -2.2823596069025058E-030   1.1752715553293825E-030  -2.5853853359351060E-030   5.4389593586865278E-030   8.6688672366112000E-016  -3.1309891773977497E-017  -1.0094543496963469E-017   2.5943325979513383E-018   8.1313867273948360E-029  -3.9392986303988770E-031   2.0151898898267101E-030   2.2313539169971535E-029  -3.9391322504770322E-031   2.2638584873535882E-029  -2.4875059714490220E-030   6.0733716207388940E-031   3.4174120747069785E-031   1.1373321972992223E-030   6.5027742519704816E-030   9.6513741931622297E-031   8.9640979396054851E-031   3.3271084414550680E-030   2.5600499435126303E-030   1.7030038427721673E-030   3.4498330746498910E-015  -1.2459978594366414E-016  -4.0171903754880859E-017   1.1125051360818536E-016   6.7296272439562920E-029  -1.5416509144380997E-030  -2.1050066984048307E-030   3.7590300110614412E-029   5.1864367599569360E-031   3.9713039700462147E-029  -3.2066158979729251E-030  -2.2380184833339361E-030  -1.5511679706227736E-030  -4.6334464635722407E-031  -5.6174981625055819E-030   4.5539213368827604E-031   6.2284316881647002E-031  -5.5866859947578705E-030  -1.9898745552387734E-031  -6.6647981703069868E-030   2.0538327671847594E-016   3.9539706239425459E-015  -1.4280803816012431E-016  -4.6042380578290740E-017  -1.7930977009184079E-015  -7.2907044319145294E-029  -2.8117543134060386E-030  -6.4673570248058644E-031  -2.9612570187516638E-029  -2.1082956455253811E-031  -2.6629453406043712E-029  -7.1475259316319703E-030  -1.1832407074319403E-030  -2.4729072396414884E-030  -2.5729684658288734E-030  -1.6366935870853162E-017  -4.5410154005411293E-030  -1.4370320429803368E-031  -5.0032146383147882E-031  -4.9060171784633068E-030   1.3831993662018170E-031  -4.8297609672961997E-030   2.9683919938255898E-015  -1.0721127632097777E-016  -3.4565718080380179E-017
   2.4973894197045252E-019   1.5502249337975483E-017  -1.2505119373951856E-018   3.7869350159762107E-018  -6.3819539783552878E-030   1.8007274259667030E-030  -3.8992174560160439E-031  -7.2995735967487540E-030   1.9859123810744057E-030  -5.5508614803199601E-030  -4.2857520933920287E-018  -2.6603299040152701E-016   2.1459945778467067E-017  -1.4958708831830551E-018  -3.9392986303988770E-031   8.5608498578359218E-030  -2.2379612231729860E-030   7.9617914158240952E-031  -2.1747346307707492E-031   5.1348231479369198E-031   1.6790671889708581E-029  -1.6198808468089326E-030   8.5802286627852727E-030  -4.0444510629826065E-030  -3.2013947332280467E-029  -2.3946505795228561E-030   6.7397409809009640E-031  -2.9126146969290135E-029  -1.2871758233190958E-030  -3.2874410061956933E-029  -1.7055434023836284E-017  -1.0586958874615740E-015   8.5401274129626686E-017   3.2263599161308697E-016   1.8924494459797271E-030   1.2193101925379587E-031   7.7143872507976673E-031  -4.0452199009804999E-032   3.8058432137472121E-032  -2.5301542155298850E-031   4.7305237511864076E-031   6.1914810748394253E-031  -1.1758124647684136E-030  -8.2187695340879931E-033  -3.3994172986972169E-029  -5.7184825959537844E-032  -7.8524271443590125E-031  -3.6771526558120386E-029   8.5490268197499632E-031  -3.5710033396469600E-029   5.4843777493187259E-016  -1.9547811053341279E-017  -1.2134072426491594E-015   9.7881295079756353E-017   1.0836611144870735E-015   8.4279331889325257E-031  -1.8387443565202771E-029   1.5110362584754989E-030   1.0601638811177425E-030   1.0392289511905685E-031   7.5221972202069380E-031  -4.0316057289745276E-029   1.7543478349439312E-030  -1.9414375611595138E-029   3.7613246421502230E-030   1.9851652904297106E-016  -1.2103780051584069E-029   7.6674646852097493E-032   2.8696069889866220E-031  -1.1607116748804844E-029  -2.4929648092789914E-031  -1.1259252191327131E-029  -1.4675264777180658E-017  -9.1094969763302423E-016   7.3483108574633850E-017
  -5.0079250684924501E-019  -2.2308025350777510E-018   1.4874576053866762E-017  -5.9056613827799253E-022  -1.3009264377618774E-030  -2.8227441568903776E-030  -5.4448733978580698E-031   3.6202180709990185E-030  -4.5584822946313552E-031   3.4505403103795513E-031   8.5940643362891284E-018   3.8282642503217685E-017  -2.5526153413548748E-016   1.6279687988945624E-018   2.0151898898267101E-030  -2.2379612231729860E-030   7.7277089085597537E-030  -3.8997695785590035E-031   1.8572012300480516E-031  -9.1635699309763062E-031  -3.7396280407553650E-030   7.3287177266222528E-030  -2.3603190857670775E-030   1.5090931413873667E-029   4.8847419697598426E-030   2.1907145854189589E-030  -6.5226043484201614E-031   1.4864603491452422E-030   6.2899164747308644E-031   4.7985546108352333E-030   3.4200647655316439E-017   1.5234830882493711E-016  -1.0158301645538638E-015   4.1410320915327359E-017  -5.6226572997059045E-031   5.8392215629156059E-032  -7.1828981059224204E-030   8.9248992433785587E-031  -1.4185691026049100E-031   9.9510253343492289E-031  -1.5243873536800217E-031  -8.0787842641651737E-030   1.4350753279072280E-031  -1.2823866010459867E-029  -1.4209846827275180E-030  -6.2357652123903841E-032   8.3534686185675445E-031  -6.5713178204358717E-031  -4.8941416094378845E-031  -1.5182480528648219E-030   7.9914109934002627E-017   3.9198521558219076E-017   1.7461156081069740E-016  -1.1642773846288894E-015  -1.1288410570706191E-015  -4.6707594988420324E-031   2.6390798073182598E-030  -2.5290183988328832E-029  -1.0047826381482341E-030  -5.6185457925687266E-032  -4.9041518290693025E-031   5.2796786971102999E-030  -2.6104001095547291E-029   2.9666318421385112E-030  -5.9345773722972924E-029  -2.4154048587497495E-017  -1.8565444026442102E-030  -1.3704986402861546E-031  -3.9391307380075736E-031  -1.7911561833451499E-030   2.6600986705851962E-031  -2.1878111729325582E-030   2.9427779978597437E-017   1.3108735709905815E-016  -8.7406609603974494E-016
  -1.5165026365899207E-017   9.2299236134634257E-019   8.9908854743300669E-019  -2.3747907239687281E-018   2.0141946685712264E-030   4.1990888833983366E-031  -8.7196771980136316E-031   2.2590983058632382E-030  -9.1079695397144625E-031   3.4628777362425822E-030   2.6024593113428853E-016  -1.5839405795455312E-017  -1.5429194157218679E-017  -2.2945965518043846E-018   2.2313539169971535E-029   7.9617914158240952E-031  -3.8997695785590035E-031   8.8407616089798455E-030  -2.9400040229006481E-031   7.8309884241772621E-030   2.1090792254279359E-030  -3.3882530303746442E-033   1.9129494403550827E-030   2.9489145903620436E-031   1.1034090559321090E-029  -6.8593694737216610E-031   1.9729029454020495E-030   1.2147275195377777E-029   4.8645948513004348E-031   1.1059928835435847E-029   1.0356659022050990E-015  -6.3033963382402761E-017  -6.1401499026243396E-017  -2.8466556092983963E-016   2.2322384651789769E-029   6.8011303530177795E-031   1.3181536361124464E-030   1.0286886753149277E-029   2.4393531151309401E-031   1.0487482259971362E-029  -1.9932424920196645E-031   6.3158590047901594E-031   5.9900880166207536E-031  -6.3046557217683337E-031   2.3730770814955303E-029  -1.1069278675410138E-031  -9.4992727468903113E-031   2.4190889388697321E-029   2.4725882618217189E-031   2.5081684192469407E-029  -5.0280397330603498E-016   1.1870117959123330E-015  -7.2245362059996634E-017  -7.0374339326659632E-017   1.5619610600115415E-015  -2.2761967107361023E-029  -1.0776358594619294E-030  -2.2988484043198679E-030  -8.0853738742589331E-030   1.3551332711797722E-031  -7.6338496267680105E-030  -1.1521708690902009E-030  -2.0898674801284330E-030  -1.3985549196774974E-030  -4.1417890313656245E-030  -7.6581812712098170E-017   1.1208248906510937E-029   1.4837040083508172E-031   3.2980736593590392E-031   1.1412920521354794E-029  -2.5000624254567519E-031   1.1631664053514928E-029   8.9113365947300924E-016  -5.4237265454470866E-017  -5.2832619484605262E-017
   3.1840578024161490E-019  -4.0055737856351411E-019   1.8910466743481377E-019   3.2130625227782085E-019  -4.3533851439977681E-031  -1.0787174875250744E-031   1.0204800444825214E-032  -3.5168772612196323E-031  -3.1901445577906526E-033  -3.8706863535114352E-031  -5.4641387860586055E-018   6.8739364800165963E-018  -3.2452116515304582E-018   1.7270390203811148E-019  -3.9391322504770322E-031  -2.1747346307707492E-031   1.8572012300480516E-031  -2.9400040229006481E-031   2.1490079698623909E-032  -2.2352652137845005E-031  -5.4202989866911991E-031   1.4299701186230945E-031  -2.9309567212621964E-031   2.6108846005038431E-031  -1.8369906995539155E-030   1.0022168386833671E-031  -1.0791720485399106E-031  -1.9078854072918861E-030   2.4149192216136851E-032  -1.9572335095437584E-030  -2.1744901835629636E-017   2.7355285038451472E-017  -1.2914534487741087E-017   3.5006163710421001E-017  -6.1203495814808857E-031  -5.4866297272223482E-032  -1.9869674556546866E-031  -1.9166486949360010E-031  -2.1021782015756535E-032  -1.9636191153295073E-031  -2.1691317079001999E-033  -1.7560060757178811E-031  -4.9764091745807683E-033  -1.5798986422085174E-031  -3.1594241691744864E-030   6.9207450763327467E-033   6.6594492456275553E-032  -3.2352518988726177E-030  -2.7518493927207863E-032  -3.2789454043163596E-030   6.1258538653310490E-017  -2.4922569068742783E-017   3.1352819429549508E-017  -1.4801785733238437E-017  -1.1581402111337875E-016   4.7524407502339300E-031   4.8231398100520605E-031  -2.7026218666670757E-031   1.1397414287797107E-031  -4.0649439614061604E-033   1.3114680075381477E-031   9.5839197231901862E-031  -2.9726502075115578E-031   5.2036449521756271E-031  -7.1061602551025151E-031   1.2402916181645166E-017  -1.3637632556596941E-030  -1.0390636334526691E-032  -2.8756880725014988E-032  -1.3720280784427902E-030   1.8863772240340087E-032  -1.3792051874760765E-030  -1.8710294416769109E-017   2.3537721199797345E-017  -1.1112248027039022E-017
  -1.4940046980691892E-017   3.5758786545688479E-019  -1.2786072844118300E-018  -3.4260116681759761E-019  -4.3183427258758055E-031   4.6946566706631611E-031  -7.6334627519962441E-031  -5.7987369939996095E-031  -7.8149885041559480E-031   1.2872883972752783E-030   2.5638507602091411E-016  -6.1365397436613261E-018   2.1942088016078378E-017  -1.2735852374340551E-018   2.2638584873535882E-029   5.1348231479369198E-031  -9.1635699309763062E-031   7.8309884241772621E-030  -2.2352652137845005E-031   7.4289818342293209E-030   6.9790375943459325E-031  -7.9956661467536607E-031   1.1774016245866223E-030  -1.5866377891639434E-030  -7.0487682730364523E-031  -5.7110092166194586E-031   1.3579517370822888E-030   3.9513666644578282E-031   5.2725479792444894E-031  -1.6125691418694698E-030   1.0203013738267017E-015  -2.4420765936028363E-017   8.7319991065319240E-017  -6.5075629404663093E-017   2.1149585508274546E-029   1.8135225860461872E-031   1.4280326498849306E-030   1.0416707507053456E-029   1.7922387348750071E-031   1.0706238929822476E-029  -3.8640811526515237E-031   1.1237205498877451E-030   2.4773633901444598E-031   1.1923041110078759E-030   4.0110188082218021E-030  -1.2679001131972442E-032  -6.2340229307844678E-031   3.7927111083646251E-030   1.9779952076069580E-031   4.4441456279225355E-030  -1.1886186905850514E-016   1.1694019891349178E-015  -2.7989467616490760E-017   1.0008040159744233E-016   8.7890425538235316E-016  -2.2223105255260071E-029  -4.3314447199277377E-031   1.7719822980552465E-030  -8.2416918179896459E-030   8.9310289454414620E-032  -7.6690877456859574E-030  -3.8160862645574565E-031   1.9451354890643658E-030  -6.1199282849279412E-031   4.7640895238432166E-030   2.9205303559158708E-018   2.6799029514664253E-030   9.2616299594017303E-032   1.8920061863886917E-031   2.7897755334193635E-030  -1.7123838358576352E-031   3.0318125503450294E-030   8.7791332618718142E-016  -2.1012728592656565E-017   7.5134059176326918E-017
