   3.7884504321386377E-006   8.8018948154979828E-020   8.4094032906549541E-019   4.6881853956816536E-018   5.3232602696663248E-005   7.5237522011680191E-018  -4.4979025174872685E-017  -9.8761443386543376E-018   1.0128356670453201E-018  -1.2257007013271655E-019   5.7590571568338971E-019   1.9820312268617002E-019   3.1653812314048829E-019   6.3363741352473499E-020   8.8288923814047867E-004   1.0253277569496069E-016  -6.7218176402174886E-016  -3.1373973773967116E-019   2.7582416939912055E-019  -4.4678999113371724E-019   5.2799334227104106E-019  -4.2246304398106240E-019   8.8561777358619239E-019   1.5495211897807854E-016   3.1867986468901764E-017  -2.1593042437599440E-019   8.3640500205520101E-020   1.8291710327281790E-017   4.7831645898584895E-020   2.0155411069026832E-017   1.2959660376440483E-018  -1.2612483627586805E-019   8.5053881840992985E-019   1.8358111806078291E-018   5.5833301624454914E-017   5.3503732410101151E-019   1.4903876168134329E-019   2.2604166709296197E-017  -5.3989901952634151E-020   2.0826583556435292E-017   2.5191868337321848E-019   2.9486908798279579E-019   1.1253312089122487E-019   1.3967832173888170E-019   4.4797214086545995E-019  -3.9800351314340292E-020   2.3186675695440809E-019   1.9125176238805947E-019   1.7369661301364725E-019  -1.6008077379425255E-019   1.3430300881317916E-003   1.6288492455443694E-016  -1.0240340473451323E-015   2.2909135603426843E-016   8.9511188498928147E-016   4.2527857211735731E-017  -2.9717066831997280E-020   1.8151895475027637E-019   1.6752472647945544E-017   2.9040505344670835E-020   1.7850268066831422E-017   1.5939822954411076E-019   1.9895994422427503E-019  -7.6320427231408774E-020   8.9524334284352464E-020   1.1208624460680337E-016   1.1126955017438072E-003   1.3468589294972228E-016  -8.4755619689438301E-016   3.1468431447221730E-020   2.4290717104321877E-020  -6.1358081383658065E-020   9.4586585926188387E-020  -6.8443357717925447E-020   1.4017243343183784E-019
   8.8018948154979828E-020   3.7884504321767940E-006   6.7856728118090799E-018   3.5219879792822674E-019  -6.3646664705376860E-018   5.3232602696895363E-005   2.6021821681476566E-017  -6.8730099237863600E-018   3.2132520165538355E-018   4.8253239324048820E-019   2.8760331983024401E-019   4.0889627431056858E-018   1.6989309175133785E-019   7.6415329914510113E-019  -9.8172254650324833E-017   8.8288923814539889E-004   4.7003638250983522E-016   3.8671542325629393E-018   8.5079007596911391E-019  -3.1618738850225400E-019   3.9512396913559228E-018  -5.9140912366528879E-020   5.6450508006031767E-018   2.8620227949534786E-016   4.8165738844346113E-018  -5.3471395790962552E-017  -1.1555490478361666E-018   1.9042947872052828E-018  -7.2960377535307051E-020   2.2212561995015934E-018  -1.2625450304733641E-016  -3.1863442365329433E-019  -5.4272015286731568E-017  -1.5972103440526175E-018   3.4310436016961864E-021  -2.9116563040298028E-017   3.0289646529060523E-019   2.6180068601764232E-019  -1.2812177551941514E-020  -7.0292652687043936E-020  -7.1986106337779029E-017  -2.8628293435316458E-019  -3.1076638037242810E-017   5.2516674485643533E-019   4.8380800638510351E-018   2.2948559854179668E-019   8.8062765382933622E-020   4.4045496979683640E-018   1.8975001672607144E-020   3.8582721281328128E-018  -1.2315806944205403E-016   1.3430300881386284E-003   6.9860429118582594E-016   4.9259582257004929E-016  -2.6648544719146891E-016  -1.4843503173655616E-018  -9.4215062384360317E-018   1.0644188757889076E-018  -7.4035379411032383E-019   4.7891872792385620E-021  -6.0079400881399408E-019  -2.8292646623293132E-017   1.3097181247889896E-018  -1.2101491541207547E-017   2.3102786029918976E-018   1.3911151716054229E-016  -1.0845517831448743E-016   1.1126955017493206E-003   5.8610576678875585E-016   8.8185487201124348E-019  -2.0810592476865632E-020  -3.3911420357352835E-020   1.1317374939445241E-018  -1.0022715942184422E-020   1.1723023665901655E-018
   8.4094032906549541E-019   6.7856728118090799E-018   3.7884504321789298E-006   5.4851918927223455E-019   5.6079165921537911E-017   6.7148070238581262E-017   5.3232602696913699E-005  -4.2678101229610892E-018   3.1942035364193701E-018   1.4562533889310407E-018  -1.1040676240878574E-018  -1.4993619778798240E-018  -1.4798756768652496E-018   8.7755412463883586E-019   8.9673787788367082E-016   1.1124853772768509E-015   8.8288923814557497E-004  -4.9542270369322983E-019   6.5598160688247920E-019   1.3796969381593176E-018   2.7635874048255665E-018   6.4254082669316418E-019   5.3144589258989072E-019  -3.4721194715069709E-016  -1.1205869719212443E-017   1.2160190252552200E-018  -4.0148404096770436E-017  -5.3887106919512676E-018  -1.2590993258336194E-019  -4.8251186375390005E-018   2.4813456991974683E-018  -4.5616482646131411E-017   1.4432246704848929E-018  -1.1387681861864243E-016  -1.7962684510777727E-018   1.0068730631965969E-018  -2.7437644104196067E-017  -5.5153030839098161E-019   9.4377334265596262E-020  -9.3069728877010895E-019   2.0598016374968954E-018  -2.8323858746072063E-017   9.8877457802309211E-019  -5.5897603171761314E-017   2.4223979761157610E-018  -7.4648615128001361E-020  -6.1710749884742566E-019   6.9763719771320418E-019   1.3643959569675568E-019   1.5185606013000626E-018   1.3083238345461013E-015   1.6991322981673221E-015   1.3430300881390302E-003  -5.5107938218464732E-016  -2.3544556989220760E-015   1.9554888610092367E-018   9.2758501002448037E-019  -8.6371669090383700E-018   7.9637818932064129E-019   8.7676904412855303E-021   8.4379183924665037E-019   2.2987294374339850E-018  -1.1752774338375970E-017   8.8840863829382220E-019  -3.0731652145048930E-017  -2.7208173818714041E-016   1.0928274808632541E-015   1.4130571352543957E-015   1.1126955017496383E-003   9.4525355704043016E-019   2.1200838976632972E-019   1.0069628519938355E-019   1.1118615978917266E-018  -2.6385110914758806E-020   1.0790968617767369E-018
   4.6881853956816536E-018   3.5219879792822674E-019   5.4851918927223455E-019   1.3492420278223644E-005   4.4851601054042852E-017  -3.2206099507152533E-017   5.8895676406881010E-017   1.5454451622327285E-005  -8.0192185372489412E-017  -1.4906087980429809E-018  -2.8967340599299726E-018  -8.7922204152205334E-017   7.4309547299210334E-019  -8.7002900773579540E-017   8.0123570689159020E-016  -3.9270364693698700E-016   8.9258700716001980E-016  -1.2966462658694024E-016   8.6665292439889086E-019   3.0547948677910937E-018  -1.0470298257108724E-016  -2.4268895305342229E-018  -1.1368503101312825E-016   1.8522672440236536E-003  -1.1343743606640583E-017   8.4993896025652915E-019  -5.4613213156992938E-019  -5.6204907911629097E-018  -2.1591361438389566E-019  -5.4538128590194236E-018   1.4819374348596493E-018   7.4756374218346488E-019  -3.7938515999848571E-021   2.7471990791045006E-018  -1.9794219381944233E-018   2.6477473569170656E-019   1.5041849199207807E-018  -1.9291558027686120E-019   4.4583691445923788E-019  -1.5547409769740456E-018  -2.4296921526908321E-019   2.4155975839651697E-019   1.3257172471725889E-018   2.5268613464969614E-019  -1.3000488404989580E-016   3.5011902823360878E-019  -8.5061535772457704E-019  -1.3187308375721596E-016   1.1782858994984289E-018  -1.3280681677131899E-016   1.1695975905527015E-015  -6.0220458529672457E-016   1.3631454592435081E-015   3.0348100505378926E-003   7.2712202095997407E-004   1.1700663789353604E-018  -1.9571532690170717E-019   2.5911295911485676E-021  -1.7993979468040059E-019  -2.8601169598893666E-019   1.2574057925395235E-018   5.8080453394641794E-019   4.7973295602641352E-019  -3.1909736523230596E-019   1.5693304307322125E-019   9.4524298711003499E-004   9.7694009543127029E-016  -4.9737037206898540E-016   1.1271838721255563E-015  -2.6335663603754905E-017  -1.9625962060057455E-019  -2.1964326369386123E-022  -2.8333201838656197E-017  -1.8036329691004584E-019  -2.8077094029681233E-017
   5.3232602696663248E-005  -6.3646664705376860E-018   5.6079165921537911E-017   4.4851601054042852E-017   7.4798655561691670E-004  -1.0916969199962209E-018  -1.0062870527389296E-017  -1.3812832249720146E-016   1.4231644211169329E-017  -1.7222671809082538E-018   8.0922162511604030E-018   2.7850088771189939E-018   4.4477678800927277E-018   8.9034208846395767E-019   1.2405729698978915E-002  -3.3078123123730067E-016   8.7033704709475268E-016  -4.4084469645186525E-018   3.8756844484896362E-018  -6.2779742041919472E-018   7.4189857622439032E-018  -5.9361492982634521E-018   1.2444069132815680E-017  -1.5486734668017018E-017   4.4778621043843816E-016  -3.0341002730329798E-018   1.1752566371776947E-018   2.5702206375305635E-016   6.7209616386276414E-019   2.8320945696509947E-016   1.8209990186441602E-017  -1.7722162192728507E-018   1.1951164680636878E-017   2.5795508994699328E-017   7.8452972154624606E-016   7.5179627692398649E-018   2.0941863508198874E-018   3.1761762421840278E-016  -7.5862758448171426E-019   2.9264029392691281E-016   3.5397816138175440E-018   4.1432900569913836E-018   1.5812351308628694E-018   1.9626601263774586E-018   6.2945849289891996E-018  -5.5924614209316472E-019   3.2580262491459107E-018   2.6873333213864892E-018   2.4406608865453438E-018  -2.2493408275730159E-018   1.8871300647010290E-002  -4.0601880836838697E-016   1.3024775337348133E-015  -2.7124437375734449E-016  -2.6435479798761336E-015   5.9757110909719697E-016  -4.1756302218250534E-019   2.5505748518581377E-018   2.3539379401394573E-016   4.0805646287724380E-019   2.5081923204526724E-016   2.2397502029169503E-018   2.7956431930670176E-018  -1.0724001945062388E-018   1.2579320760976774E-018  -1.6648173028378576E-016   1.5634803365568987E-002  -3.4008999023145014E-016   1.0910731449349537E-015   4.4217194822930735E-019   3.4131582714393727E-019  -8.6215998520052800E-019   1.3290632248955967E-018  -9.6171723343578982E-019   1.9696030319601372E-018
   7.5237522011680191E-018   5.3232602696895363E-005   6.7148070238581262E-017  -3.2206099507152533E-017  -1.0916969199962209E-018   7.4798655561590611E-004  -3.0597257697794781E-017  -1.4863861230859359E-016   4.5150324921768893E-017   6.7802009390296346E-018   4.0411966668132649E-018   5.7455187297220092E-017   2.3872165192867447E-018   1.0737336993544403E-017   8.5717352739761588E-017   1.2405729698977198E-002   3.2822351072544598E-017   5.4338492350930501E-017   1.1954695172427349E-017  -4.4428396071979193E-018   5.5520001229116806E-017  -8.3100590795308570E-019   7.9320226528749889E-017  -1.3457830700489959E-015   6.7679059958997605E-017  -7.5134190581273129E-016  -1.6236950822065183E-017   2.6757791777981476E-017  -1.0251871733498311E-018   3.1211507415311264E-017  -1.7740382036755543E-015  -4.4772235990003192E-018  -7.6259163978514016E-016  -2.2442860263641694E-017   4.8210577011740509E-020  -4.0912517135210462E-016   4.2560850364907199E-018   3.6786364647547037E-018  -1.8002757843270318E-019  -9.8770220696624268E-019  -1.0114974095553089E-015  -4.0226435518591058E-018  -4.3666674684225892E-016   7.3792684319487196E-018   6.7981249449314463E-017   3.2245679098943795E-018   1.2373951529711316E-018   6.1889590039438774E-017   2.6662318625226383E-019   5.4213687356296098E-017   4.9824301594678084E-016   1.8871300646998577E-002  -1.8056679641454152E-016  -1.9117053273424433E-015  -3.3029203429783320E-016  -2.0857031686627849E-017  -1.3238428412242667E-016   1.4956454659390240E-017  -1.0402923327757517E-017   6.7294242921778957E-020  -8.4419287902379081E-018  -3.9754808566311019E-016   1.8403224703693292E-017  -1.7004152562788666E-016   3.2462386718465329E-017  -5.4501391320371465E-016   3.2259492051611563E-016   1.5634803365557160E-002  -4.6818347336733462E-017   1.2391195524125176E-017  -2.9241559868426764E-019  -4.7649908560168626E-019   1.5902367854973084E-017  -1.4083205396267368E-019   1.6472356505384351E-017
  -4.4979025174872685E-017   2.6021821681476566E-017   5.3232602696913699E-005   5.8895676406881010E-017  -1.0062870527389296E-017  -3.0597257697794781E-017   7.4798655561599979E-004  -6.2163919962984038E-017   4.4882669267766244E-017   2.0462233693334758E-017  -1.5513570584019048E-017  -2.1067964831209065E-017  -2.0794157230676627E-017   1.2330764489543928E-017  -6.3569115948319875E-016  -5.2431577246820001E-016   1.2405729698976950E-002  -6.9613263862908607E-018   9.2173855461189965E-018   1.9386517064456974E-017   3.8831958598741048E-017   9.0285252918773172E-018   7.4674985347641353E-018   4.4262114644834830E-016  -1.5745688674496815E-016   1.7086631805268942E-017  -5.6413673148394679E-016  -7.5718318201549480E-017  -1.7691965453288489E-018  -6.7799124733723277E-017   3.4866099513005625E-017  -6.4097027019443606E-016   2.0279163437803862E-017  -1.6001158126352382E-015  -2.5239882772168994E-017   1.4147861955991328E-017  -3.8553420024500586E-016  -7.7497104182090123E-018   1.3261229699246487E-018  -1.3077494319228590E-017   2.8942863096972700E-017  -3.9798665614479770E-016   1.3893554954275477E-017  -7.8543324100998861E-016   3.4037808160213778E-017  -1.0489090835937176E-018  -8.6711543137628798E-018   9.8027001899148712E-018   1.9171518592674745E-018   2.1337730189670195E-017  -1.7506733181318424E-015  -7.0138114439621628E-016   1.8871300647000083E-002   7.2339623786606722E-016   4.3346625345194832E-015   2.7477134379236315E-017   1.3033762798480222E-017  -1.2136330743315561E-016   1.1190138159787596E-017   1.2319733098852669E-019   1.1856360942488858E-017   3.2300106083837521E-017  -1.6514160027730528E-016   1.2483284372393650E-017  -4.3181925120674678E-016   4.2380134987669474E-016  -1.3255669636626959E-015  -5.0616661050741892E-016   1.5634803365558194E-002   1.3282028616056209E-017   2.9789906408665426E-018   1.4149123603442790E-018   1.5623085943705751E-017  -3.7074475478254675E-019   1.5162699246993378E-017
  -9.8761443386543376E-018  -6.8730099237863600E-018  -4.2678101229610892E-018   1.5454451622327285E-005  -1.3812832249720146E-016  -1.4863861230859359E-016  -6.2163919962984038E-017   2.3439676264697867E-005  -6.5879173935972318E-017   5.8325224233065058E-019  -3.8996196742451970E-018  -7.5044269992671769E-017  -6.3431337040325491E-019  -7.1750243650463873E-017  -2.3000829754808809E-015  -2.2735788367028458E-015  -9.9153544785956651E-016  -1.0281038204328714E-016  -2.9533155408602208E-018   3.2064252042043678E-018  -7.7336464823157795E-017  -4.1273742845584539E-018  -8.6742712658781921E-017   2.2825307415032764E-003  -1.2877958797664111E-017  -2.0782703240893789E-018  -2.8256628147615310E-018  -6.0035315577012907E-018  -1.3804800273977781E-018  -9.6610263025699769E-018  -1.4861118901663882E-017  -3.5079176173520071E-018  -3.8541711902312275E-018  -5.3980462768011805E-018  -3.6178112007032520E-018  -5.2323901208797598E-018   6.4874457114095285E-019  -1.7810499174600917E-018   1.2881819905517705E-018   8.2771874798885606E-019   1.5978438523255449E-018   1.6285176432728145E-018  -2.1619631392874707E-018  -3.8125190393253073E-018  -1.6974152633122949E-016   2.0117772930826556E-018  -9.1121160308153280E-019  -1.6996940163026854E-016   2.9477192152243581E-018  -1.7074490227716868E-016  -3.5511041257914631E-015  -3.5076497022219977E-015  -1.5283378976042709E-015   3.7635343730887832E-003  -2.4365494199044863E-003   1.1653226602717936E-018   1.7141547822916549E-018  -1.2674515755584073E-018   2.3147419672655504E-018  -3.8701691398482833E-019  -5.6110283275394511E-019  -3.2086896505475323E-018  -1.1613253427647365E-018   4.4712946445377273E-019   2.0086420959186746E-018   1.0203656557293368E-003  -2.9329843903500410E-015  -2.9006024975462113E-015  -1.2717907198184060E-015  -6.4397746635367558E-017  -4.0268082042878059E-019   9.4928258779453793E-019  -6.6460458056490983E-017   9.5481131827320947E-019  -6.4941150795813436E-017
   1.0128356670453201E-018   3.2132520165538355E-018   3.1942035364193701E-018  -8.0192185372489412E-017   1.4231644211169329E-017   4.5150324921768893E-017   4.4882669267766244E-017  -6.5879173935972318E-017   5.9989264209895104E-028   2.0832989373009806E-029   1.4050727726655189E-029   6.4099578206340541E-028  -1.2160052346193282E-029   6.4482471133160835E-028   2.3603890996364720E-016   7.4884063435967701E-016   7.4440143198404224E-016   9.8035962218469676E-028  -2.1665311701731029E-029  -1.8705018728465816E-029   8.2093155525446306E-028   8.7026436189912835E-030   8.7795899706042113E-028  -1.0280529846300529E-014   7.1100730145720266E-029  -6.3251893336914964E-029  -4.1522146780568769E-029   3.7333241807744287E-029  -4.0016227304539063E-030   2.0163817739720422E-029  -1.8841222016073003E-028  -6.2964212010970990E-029  -6.1992604005468391E-029  -1.5188673441980763E-028   1.9066346827033857E-029  -5.0336484476410805E-029  -3.6639806824048421E-029  -1.1539283628429149E-031   9.2410024053794813E-031   2.5772636516100523E-029  -4.9315382196569142E-029  -1.9361249495524191E-029  -5.0034711302780853E-029  -6.6717495035924299E-029   6.8464834409020612E-028   5.3316810612125559E-030   4.9576362820457226E-030   7.0251667207856775E-028   4.0869303776000789E-031   7.0953214888471638E-028   3.5905676992839510E-016   1.1391185436559764E-015   1.1323657346963369E-015  -1.6736335322042187E-014  -1.9121664328113007E-014   4.0135316905349444E-030   2.7208022341320302E-030  -1.2097384085772423E-029   1.7003153050327208E-029   1.4501714223410965E-030  -1.1559071885408257E-029  -4.3004912887027069E-029  -1.9341070805554707E-029  -3.9602980664271696E-030  -1.6581403039916757E-029  -5.9002164099030814E-015   2.9747721685496654E-016   9.4375553509894741E-016   9.3816085764536723E-016   3.1153794763599709E-030   5.2882726618891691E-031   4.3394091888864587E-030   1.6376945545346923E-029   6.2804023205978349E-030   2.0423421802821241E-029
  -1.2257007013271655E-019   4.8253239324048820E-019   1.4562533889310407E-018  -1.4906087980429809E-018  -1.7222671809082538E-018   6.7802009390296346E-018   2.0462233693334758E-017   5.8325224233065058E-019   2.0832989373009806E-029   1.7043174370154555E-030  -3.1857347810769807E-031   1.9896550340117061E-029  -1.2325651725289933E-030   2.1184188038303698E-029  -2.8564659291481757E-017   1.1245301071633551E-016   3.3937634083249460E-016   3.2885090965532789E-029  -1.3194324769810522E-030   5.0237450013725439E-032   3.0119037123006414E-029  -1.6724895984999877E-032   3.0809583118892581E-029  -1.4039618478746812E-016  -3.4257355409171481E-030  -7.6484121225702062E-030  -1.6400621356337635E-029  -1.6263310910336035E-030  -4.8775850922246565E-031  -2.9843562664174627E-030  -2.1943137335131585E-029  -1.9395974013302008E-029  -7.9218142249905681E-030  -4.7750920487829308E-029  -2.8169158484622937E-030  -5.5779804187831776E-030  -1.1108077735205901E-029  -1.5114732298176025E-030   2.9752906367799020E-031   1.7260072900875919E-031  -7.6093803022778129E-030  -1.0420515467314992E-029  -5.1975143661846590E-030  -2.3089727136837809E-029   7.5792716192472724E-030   6.0616855315899589E-031  -1.1433375442740363E-031   7.8390547046399805E-030   5.5704366129568509E-031   8.3169293411518325E-030  -4.3451879611198769E-017   1.7106084248014061E-016   5.1625120937922458E-016  -2.2054097928151944E-016  -1.3855121097227129E-015  -1.0123992123010322E-030  -4.7068576557150089E-032  -3.6978149106251902E-030   6.9604875344079625E-031   1.0919769849353791E-032  -1.2675735053158872E-030  -4.3358455430525678E-030  -5.0932787155650545E-030  -8.3772860272238644E-031  -1.0808892564268756E-029  -1.2931166634552536E-016  -3.5999722875119643E-017   1.4172328053864060E-016   4.2771223334618900E-016  -1.0281788687270047E-029   2.8728057780225844E-032   4.1546099511865498E-031  -9.8773339664269084E-030   4.7436561619890031E-031  -9.4251160350226359E-030
   5.7590571568338971E-019   2.8760331983024401E-019  -1.1040676240878574E-018  -2.8967340599299726E-018   8.0922162511604030E-018   4.0411966668132649E-018  -1.5513570584019048E-017  -3.8996196742451970E-018   1.4050727726655189E-029  -3.1857347810769807E-031   1.1120107407118333E-030   1.7052326218865866E-029   4.8334099428284180E-031   1.5662175228981160E-029   1.3421343836158403E-016   6.7025260190117282E-017  -2.5730029756060198E-016   2.3594803271330308E-029   1.2928733305259720E-031  -1.1201923413935672E-030   1.7736299777927836E-029   4.0167453890265672E-031   2.0408748006260796E-029  -4.1398128744016242E-016   1.0899561572188666E-029  -4.3196480736035422E-030   1.1965711582360153E-029   5.6582928915447791E-030   1.9965110311793643E-031   6.1557500645710678E-030  -8.7504617626127666E-030   1.3532545322193175E-029  -4.0203353278146408E-030   3.3621302540234591E-029   9.5731854880555737E-030  -1.9181996598959433E-030   7.8277507938727134E-030   3.8163695415642874E-030  -2.1121927716875179E-031   3.5012377918737210E-030  -6.1648976851485541E-030   8.0886132500344107E-030  -2.5417933963715058E-030   1.6712898837086215E-029   2.9752334882339998E-029  -2.0532375332554298E-031   3.9800169059995914E-031   3.0390315229927567E-029  -4.2688643406820959E-031   3.0226856437110542E-029   2.0416228691483226E-016   1.0195722998022005E-016  -3.9139908652282846E-016  -6.8068866464636013E-016   1.7531235755960904E-016   5.5488715658696446E-030  -1.1445550876585981E-030   2.7537549446555346E-030   2.0414466031649225E-030   6.9650697582629686E-032   2.3549347452513800E-030  -2.5255380676302540E-030   3.6252136949355386E-030  -1.2030737152910987E-030   8.9260299205618130E-030  -1.9661885170138590E-016   1.6914770583573385E-016   8.4471191056516828E-017  -3.2427270752089283E-016   8.9204987896963884E-030   4.9471180241459314E-034  -1.3745510532124105E-031   9.3065285327674996E-030  -8.2484829233467661E-032   9.1468262221133861E-030
   1.9820312268617002E-019   4.0889627431056858E-018  -1.4993619778798240E-018  -8.7922204152205334E-017   2.7850088771189939E-018   5.7455187297220092E-017  -2.1067964831209065E-017  -7.5044269992671769E-017   6.4099578206340541E-028   1.9896550340117061E-029   1.7052326218865866E-029   6.9273694660609743E-028  -1.0700624473977295E-029   6.9223338629618806E-028   4.6190759818918264E-017   9.5292290758611145E-016  -3.4942269355013817E-016   1.0537441571107751E-027  -2.2623307049306722E-029  -2.2125640266470264E-029   8.7598495357396111E-028   9.4472052566844074E-030   9.4119061020350171E-028  -1.1350444324086425E-014   8.5737372186038900E-029  -7.7393597607277564E-029   8.3653286226694824E-030   4.3712828267532653E-029  -3.6876621990956566E-030   2.5630771137886617E-029  -2.2090067740289120E-028  -6.6875782074905384E-030  -7.6297815059698207E-029  -1.2677847626304993E-029   1.0493940418019412E-029  -5.8280991743373277E-029  -3.4124987426313903E-030  -4.0370819718012409E-030   5.1825380868599574E-031   2.3180440515124848E-029  -6.8523744493858504E-029   1.5388339982139138E-029  -5.9027406044941438E-029   2.7037668987660567E-030   7.5828013938320659E-028   5.1978761687658227E-030   6.1765880013001616E-030   7.7920697812948083E-028  -5.5498439831890960E-031   7.8567368928044336E-028   7.0264284069741299E-017   1.4495636386427240E-015  -5.3153348193739273E-016  -1.8490603436795348E-014  -1.9361038771435477E-014  -8.5579212983435358E-030  -5.9274416855550511E-031  -1.1222895332787589E-030   1.2209538486930106E-029   1.6012523280763502E-030  -1.7193597570706939E-029  -5.2549820099071745E-029  -4.7025462124392982E-030  -7.7030714840563516E-030   2.1818220887495760E-029  -6.4383824561966490E-015   5.8213701620283211E-017   1.2009581575737976E-015  -4.4037354010480140E-016   1.9084913070597375E-029   3.7821493475571753E-031   4.1686704017694260E-030   3.3316464027387208E-029   6.3658756276738776E-030   3.7189931058635432E-029
   3.1653812314048829E-019   1.6989309175133785E-019  -1.4798756768652496E-018   7.4309547299210334E-019   4.4477678800927277E-018   2.3872165192867447E-018  -2.0794157230676627E-017  -6.3431337040325491E-019  -1.2160052346193282E-029  -1.2325651725289933E-030   4.8334099428284180E-031  -1.0700624473977295E-029   1.0376435850749267E-030  -1.2319029999291671E-029   7.3768446330895230E-017   3.9593175370402090E-017  -3.4488145807564455E-016  -1.8634244031656649E-029   8.7425611569470067E-031  -3.4646798482541989E-031  -1.7651337297305634E-029  -7.3735653462718414E-032  -1.7396571807654321E-029   6.0355558399488190E-017   6.6013859913726386E-030  -2.0540924125050508E-030   1.6177772352154422E-029   3.2967387461394050E-030   3.3138083160996039E-031   4.2520033209496073E-030  -2.1544578050867492E-030   1.8965266583600898E-029  -1.9300634396876987E-030   4.6928692111013713E-029   5.6075158740372724E-030  -2.0664140406036191E-031   1.1104888298795638E-029   2.5091012922298190E-030  -2.1868620814427664E-031   1.3395889413420579E-030  -4.5108783360894542E-030   1.0739228930711244E-029  -7.4463161949859652E-031   2.2946265358995353E-029  -2.4588158355503350E-030  -3.6159388751564831E-031   2.0119908963747085E-031  -2.4238501661327206E-030  -3.8676536564113667E-031  -2.9259207553212830E-030   1.1221480418745426E-016   6.0228195689763359E-017  -5.2462546265681444E-016   9.2735171411458083E-017   8.8645637159656343E-016   2.8326333264600701E-030  -1.2999207471903863E-030   3.7658605692902368E-030   3.9291069783869262E-031  -1.1541945882752897E-033   1.7222788982678892E-030  -1.1185068168886523E-030   5.1356553868729278E-030  -1.1240599695089962E-030   1.1650901355748766E-029   6.8196292849800234E-017   9.2969553662140621E-017   4.9898839210187606E-017  -4.3465027146966593E-016   7.0848561504123111E-030  -4.6477733458189684E-032  -2.9181726649945589E-031   6.8679112578013909E-030  -3.0646797857235703E-031   6.5830577853965164E-030
   6.3363741352473499E-020   7.6415329914510113E-019   8.7755412463883586E-019  -8.7002900773579540E-017   8.9034208846395767E-019   1.0737336993544403E-017   1.2330764489543928E-017  -7.1750243650463873E-017   6.4482471133160835E-028   2.1184188038303698E-029   1.5662175228981160E-029   6.9223338629618806E-028  -1.2319029999291671E-029   6.9708175737582194E-028   1.4766767137204540E-017   1.7808408376870136E-016   2.0451187269529694E-016   1.0590687549239461E-027  -2.4450357700394785E-029  -2.0872747983158414E-029   8.8373366136355129E-028   9.2256056047793284E-030   9.4577207196338944E-028  -1.1161393240210261E-014   7.2617476436393331E-029  -3.0829580276827477E-029  -1.6709583237610698E-029   3.7796270211111161E-029  -4.1616229500766424E-030   1.8231598145422511E-029  -1.1495314380223108E-028  -3.6677324624754482E-029  -2.9296418221622034E-029  -8.5939168825345174E-029   6.7143490626421857E-030  -3.4259135603879572E-029  -2.1215367292298045E-029  -6.0398758315115510E-030   9.2468267955519989E-031   2.2829822497652979E-029  -3.3479095609433784E-030  -1.5971710455120262E-030  -3.2484798166924895E-029  -3.4417759806607882E-029   7.3854397721283051E-028   5.6040198176321625E-030   5.6705574279250962E-030   7.5939776929457889E-028   2.1223168077424789E-031   7.6692267716515269E-028   2.2462854583846490E-017   2.7089726818079024E-016   3.1109859147021197E-016  -1.8171573534892924E-014  -2.0588427007099334E-014  -7.5305804586185131E-030   9.0024846582659970E-030  -7.9779679579057079E-030   1.3734990510038951E-029   1.5588238788722558E-030  -1.7468252506691985E-029  -2.7756604821334543E-029  -1.3868388047987639E-029   3.7731665644162596E-030   1.2311128623107391E-030  -6.3983234907462888E-015   1.8610392628263232E-017   2.2443739302871339E-016   2.5774404191436089E-016   3.7384129298841357E-030   4.4578329822662370E-031   4.6346375196741932E-030   1.7804842572532659E-029   6.8018727575146015E-030   2.2116800832173348E-029
   8.8288923814047867E-004  -9.8172254650324833E-017   8.9673787788367082E-016   8.0123570689159020E-016   1.2405729698978915E-002   8.5717352739761588E-017  -6.3569115948319875E-016  -2.3000829754808809E-015   2.3603890996364720E-016  -2.8564659291481757E-017   1.3421343836158403E-016   4.6190759818918264E-017   7.3768446330895230E-017   1.4766767137204540E-017  0.20575520804273506       -3.7642038985667533E-015   6.6598003594351991E-015  -7.3116289356090309E-017   6.4280157585026747E-017  -1.0412333009131311E-016   1.2304757527399665E-016  -9.8453993716906766E-017   2.0639108665397240E-016   5.5172711680233690E-015   7.4267574034772702E-015  -5.0322064727292185E-017   1.9492216883517179E-017   4.2628389850728583E-015   1.1147049740401263E-017   4.6971699490051854E-015   3.0202176012067043E-016  -2.9393088978674593E-017   1.9821602073265994E-016   4.2783136893780504E-016   1.3011816313049552E-014   1.2468915824998980E-016   3.4733124028321009E-017   5.2678465462999675E-015  -1.2582216464457799E-017   4.8535850788023050E-015   5.8709041712761223E-017   6.8718529933044300E-017   2.6225572474125013E-017   3.2551696065085904E-017   1.0439882723785329E-016  -9.2753759033759623E-018   5.4035988609110065E-017   4.4570762061960769E-017   4.0479576829247340E-017  -3.7306438328932657E-017  0.31298992359814126       -4.1146080720387948E-015   9.7748305150492480E-015   4.6517510663902440E-015   1.8923359705950191E-015   9.9110145760101096E-015  -6.9254907680149901E-018   4.2302554707201851E-017   3.9041233554600213E-015   6.7678197453708905E-018   4.1599619307231041E-015   3.7147373040264415E-017   4.6367135248136426E-017  -1.7786291534660813E-017   2.0863430229786181E-017   2.0696354968256401E-015  0.25931100364492704       -3.4703852543095704E-015   8.2970273785677208E-015   7.3336420678373944E-018   5.6608930491250371E-018  -1.4299352913986378E-017   2.2043175772785437E-017  -1.5950559479008010E-017   3.2666847613135568E-017
   1.0253277569496069E-016   8.8288923814539889E-004   1.1124853772768509E-015  -3.9270364693698700E-016  -3.3078123123730067E-016   1.2405729698977198E-002  -5.2431577246820001E-016  -2.2735788367028458E-015   7.4884063435967701E-016   1.1245301071633551E-016   6.7025260190117282E-017   9.5292290758611145E-016   3.9593175370402090E-017   1.7808408376870136E-016  -3.7642038985667533E-015  0.20575520804295602        2.6499218068173339E-016   9.0123096905086946E-016   1.9827457569831979E-016  -7.3686708469510998E-017   9.2082688246649351E-016  -1.3782647020778100E-017   1.3155654771980749E-015  -2.0704536686216140E-015   1.1224909295871235E-015  -1.2461379853748966E-014  -2.6929791922298343E-016   4.4379130834202941E-016  -1.7003240055525245E-017   5.1765840119011442E-016  -2.9423307498269198E-014  -7.4256984104940432E-017  -1.2647962296707720E-014  -3.7222601932115109E-016   7.9959643964627296E-019  -6.7855448079046049E-015   7.0589290866468150E-017   6.1012018598199950E-017  -2.9858470845800363E-018  -1.6381533211797292E-017  -1.6776188502246856E-014  -6.6717547534786030E-017  -7.2423355596226911E-015   1.2238884356359832E-016   1.1275028928446438E-015   5.3481065382539368E-017   2.0522815127254490E-017   1.0264696864457299E-015   4.4220783853750864E-018   8.9916101603210658E-016   3.7498836129599523E-016  0.31298992359832645       -3.4197808460382344E-015   1.5944719523331428E-015  -1.4747618934410617E-014  -3.4592426225419186E-016  -2.1956593108322624E-015   2.4806025237528221E-016  -1.7253766650543949E-016   1.1161085472918416E-018  -1.4001359506194109E-016  -6.5935330736277622E-015   3.0522665086616000E-016  -2.8202234234066841E-015   5.3840485766666831E-016   5.4826240562392056E-016  -1.1852954983833729E-015  0.25931100364504528       -1.1286087393872062E-015   2.0551415151112763E-016  -4.8498583962608021E-018  -7.9029747438614217E-018   2.6374869401188790E-016  -2.3357697826142127E-018   2.7320223976802926E-016
  -6.7218176402174886E-016   4.7003638250983522E-016   8.8288923814557497E-004   8.9258700716001980E-016   8.7033704709475268E-016   3.2822351072544598E-017   1.2405729698976950E-002  -9.9153544785956651E-016   7.4440143198404224E-016   3.3937634083249460E-016  -2.5730029756060198E-016  -3.4942269355013817E-016  -3.4488145807564455E-016   2.0451187269529694E-016   6.6598003594351991E-015   2.6499218068173339E-016  0.20575520804292205       -1.1545706650050484E-016   1.5287493171875913E-016   3.2153504458133396E-016   6.4404738085485184E-016   1.4974259030517789E-016   1.2385218378003399E-016  -4.0896876019177706E-016  -2.6115009174078821E-015   2.8339030167069454E-016  -9.3564887650829938E-015  -1.2558260329901862E-015  -2.9343006182319901E-017  -1.1244822636963538E-015   5.7827163197943368E-016  -1.0630811285857810E-014   3.3634002943156863E-016  -2.6538717988405443E-014  -4.1861603120222807E-016   2.3464933951869121E-016  -6.3942767982132301E-015  -1.2853280847296213E-016   2.1994410178872792E-017  -2.1689675896686622E-016   4.8003180484885889E-016  -6.6008069835772963E-015   2.3043153119025266E-016  -1.3026801633535909E-014   5.6453400721056052E-016  -1.7396679755989532E-017  -1.4381541457795434E-016   1.6258266671164923E-016   3.1796918780715236E-017   3.5389688642874761E-016  -2.8669109119572149E-015   1.9985505081856341E-015  0.31298992359830602       -1.3686694495146561E-016  -1.0115332102836584E-014   4.5572196378736763E-016   2.1617144990704914E-016  -2.0128709213892919E-015   1.8559401671396410E-016   2.0432891158332855E-018   1.9664365350137366E-016   5.3571335248677837E-016  -2.7389557201460259E-015   2.0704149094199176E-016  -7.1619374293081022E-015  -3.4873177431072137E-016  -3.0436900761809764E-016   2.8984617952481483E-015  0.25931100364502480        2.2028906218601164E-016   4.9408044020169667E-017   2.3467026457089985E-017   2.5911666436494100E-016  -6.1489864765518944E-018   2.5148092161861121E-016
  -3.1373973773967116E-019   3.8671542325629393E-018  -4.9542270369322983E-019  -1.2966462658694024E-016  -4.4084469645186525E-018   5.4338492350930501E-017  -6.9613263862908607E-018  -1.0281038204328714E-016   9.8035962218469676E-028   3.2885090965532789E-029   2.3594803271330308E-029   1.0537441571107751E-027  -1.8634244031656649E-029   1.0590687549239461E-027  -7.3116289356090309E-017   9.0123096905086946E-016  -1.1545706650050484E-016   1.6142768264383912E-027  -3.9003867953884407E-029  -3.2154178030089992E-029   1.3491451806602505E-027   1.2478259604907202E-029   1.4444814462438903E-027  -1.6518753929979777E-014   1.1367736358142776E-028  -8.7203076300147189E-029  -8.2145555629338634E-030   5.8607243327798677E-029  -7.0141754984755775E-030   2.6443312961069018E-029  -2.7546147345182199E-028  -3.6300167253998669E-029  -8.6291109559276854E-029  -8.1361630293802319E-029   3.8783120900499275E-030  -7.6540802147316204E-029  -1.9127782830569805E-029  -1.2106729003043554E-029   1.8883827896303892E-030   3.4047034972372159E-029  -5.6490891274689070E-029   1.1834982993425111E-029  -7.3920955528325517E-029  -2.7271418804669372E-029   1.0880038011584583E-027   9.7142946605607092E-030   8.8286174164746565E-030   1.1209933422765701E-027   1.3944789975904621E-030   1.1316730036583169E-027  -1.1122275852418823E-016   1.3709310924889220E-015  -1.7563054061502084E-016  -2.6875479326292214E-014  -3.3032886251941420E-014  -1.7930638324095639E-029   7.5861237700655150E-030  -7.9444576921246796E-030   1.9563878415166919E-029   2.2766502143527119E-030  -3.0229215004395396E-029  -6.5636972462811050E-029  -1.5381857853992918E-029  -2.9225158489272243E-030   1.9431028924271853E-029  -9.5805140795204365E-015  -9.2147647469064248E-017   1.1358113815118548E-015  -1.4550925868159366E-016  -1.8841547664454912E-029   4.1805134243881765E-031   7.5236905491235100E-030   2.3780559547229525E-030   1.0984303459167490E-029   9.7250819398815005E-030
   2.7582416939912055E-019   8.5079007596911391E-019   6.5598160688247920E-019   8.6665292439889086E-019   3.8756844484896362E-018   1.1954695172427349E-017   9.2173855461189965E-018  -2.9533155408602208E-018  -2.1665311701731029E-029  -1.3194324769810522E-030   1.2928733305259720E-031  -2.2623307049306722E-029   8.7425611569470067E-031  -2.4450357700394785E-029   6.4280157585026747E-017   1.9827457569831979E-016   1.5287493171875913E-016  -3.9003867953884407E-029   3.0940985298764996E-030   5.3279580660016477E-031  -3.4612051959913542E-029   8.3807168767413534E-031  -3.5775592159942757E-029   8.3153232544109964E-018   6.5357698838478468E-031  -9.6601366059165175E-030  -5.7272749771984172E-030   1.6666778711625656E-031   7.3071804987843256E-031   3.1284214397363898E-030  -1.6346893027090021E-029  -4.9300582861164449E-030  -9.2289792729842235E-030  -1.3890392249585334E-029   4.5564144337769216E-030  -2.5016071042333868E-030  -3.8366988924661715E-030   2.6695182108514842E-030  -4.9653201972524406E-031  -5.5441334917396116E-031  -1.7097104555991069E-029  -5.8613359763483212E-030  -4.1833803854891946E-030  -6.7135488547526955E-030   7.5141694297363599E-030  -1.0495222861261429E-030  -1.6822620056421962E-031   5.6645759410534830E-030  -9.8280501345229875E-031   5.3962900320302551E-030   9.7781445256215817E-017   3.0161056378392213E-016   2.3254970629356879E-016  -2.7212270746627817E-018   2.2951076823453568E-015   3.2969906861418234E-030  -3.3029609615195230E-030  -3.6944811856146394E-031  -5.5384826991122608E-031   2.7196444911982922E-032   2.7679180125832787E-030  -3.2427139922096367E-030  -5.1905159565162676E-031  -3.1487639251222170E-030  -6.0435937971376543E-030   1.0358171452639389E-016   8.1011568729593374E-017   2.4988324577863346E-016   1.9266657866511774E-016   2.2214362370135473E-029   1.4352953321569982E-031  -6.4766486766272720E-031   2.2020673436111049E-029  -8.2209545293295426E-031   2.1200777098613273E-029
  -4.4678999113371724E-019  -3.1618738850225400E-019   1.3796969381593176E-018   3.0547948677910937E-018  -6.2779742041919472E-018  -4.4428396071979193E-018   1.9386517064456974E-017   3.2064252042043678E-018  -1.8705018728465816E-029   5.0237450013725439E-032  -1.1201923413935672E-030  -2.2125640266470264E-029  -3.4646798482541989E-031  -2.0872747983158414E-029  -1.0412333009131311E-016  -7.3686708469510998E-017   3.2153504458133396E-016  -3.2154178030089992E-029   5.3279580660016477E-031   1.2880969118661936E-030  -2.5263087617053151E-029  -1.9198864390455991E-031  -2.8338125810986061E-029   4.1116321264124636E-016  -1.0815548195836932E-029   5.2791439055276855E-030  -1.4546327965713152E-029  -5.5733205346434292E-030  -3.6507528117758369E-032  -5.3803398268990033E-030   1.2468028234654451E-029  -1.6179575957446798E-029   5.1503364629036675E-030  -4.0497726955175445E-029  -7.6184368758532469E-030   3.0759079569324974E-030  -9.6399012730448433E-030  -2.8526511744114285E-030   1.0310112719920687E-031  -3.2742802622198548E-030   6.5777825597942164E-030  -1.0340249588465302E-029   3.4283385546433502E-030  -2.0150994638372932E-029  -2.7946332625417174E-029  -4.4511452152671612E-032  -4.5524010015160039E-031  -2.9028478957206956E-029   2.1290348638464758E-031  -2.8868881166587934E-029  -1.5838993063690663E-016  -1.1209046649875743E-016   4.8911145430980697E-016   6.7245012476210271E-016   3.3134214872177375E-016  -3.9056368371609145E-030   9.8449224453751979E-031  -3.1904029177271912E-030  -1.7931638111437165E-030  -6.2357246596468553E-032  -1.3609864146640391E-030   3.5087353566147827E-030  -4.2171042874639993E-030   1.2288626574040412E-030  -1.1453112517675460E-029   2.1718925728438023E-016  -1.3122547655380433E-016  -9.2866540343118120E-017   4.0522704582058896E-016  -3.9500733360654555E-030   4.0718297354201127E-032  -1.7303826847726899E-033  -4.3814443241491275E-030  -1.0075943069671358E-031  -4.4066683627423536E-030
