   9.7874135579067662E-006  -6.7695194278649955E-019  -4.5554545839913996E-018  -3.7804091105349471E-018  -1.8859925552401830E-004   5.3386423212640068E-017  -1.8941068422682410E-018  -3.9033516779639277E-020   1.0478306889384962E-018   5.8398101308199717E-019  -7.3485080121103902E-019  -6.2724195421235737E-020  -1.2461005928449850E-018   3.3090514551607072E-019  -6.1734576223515956E-018  -4.7004724624313434E-019  -6.2087409596075013E-019   6.4609577076194478E-019  -2.2319169204698367E-019   1.0421762723735925E-018   6.1400414217140647E-019  -3.8844517363987566E-019  -6.5788029231925609E-019   8.1278253667415311E-019  -6.7476193016534161E-019  -7.3011821165748890E-019  -3.6583006351154070E-019  -1.5879929481832282E-019  -1.6591935714885092E-019  -7.3302819155999117E-019  -1.2901703337143517E-003   3.7359208084014243E-016  -3.3653183683409923E-017  -6.4721964362574717E-016  -4.2427363534469821E-017   1.6163583494166127E-019   4.9250603492280057E-019  -2.5004308096310417E-017   3.0533543039881576E-021  -2.4695728613012305E-017  -1.7120351119249724E-019   4.8427196255287191E-019   2.3992331967481974E-019   3.8475325219664362E-020   3.8497909104676932E-020   2.5479565292136095E-019  -3.5200977778680668E-020  -7.0774971758813109E-019   1.2881779478500233E-020   2.2037757086118929E-019  -1.6952930284523801E-003   4.9220447147975256E-016  -4.2839467754726404E-017  -1.0830162672281805E-015  -8.7541170537882703E-016  -1.0606481503114035E-016  -1.2366820826784914E-019  -2.1003917414334346E-021  -4.8986190995503079E-017   7.9395395540230076E-020  -4.9552861082442710E-017  -1.3658513831643565E-019  -6.8847474764692777E-020  -8.6133755036421538E-020   6.7559139923173007E-020  -3.4699693695824600E-016   6.5124289574937061E-020  -5.9729122719618315E-020  -2.9933473259274415E-020   3.8048939905369756E-019  -4.7070249046525005E-020   9.6049876693695546E-020  -1.3308664690712632E-003   3.8628834116046637E-016  -3.3203479774503128E-017
  -6.7695194278649955E-019   9.7874135579230868E-006   1.1654756852427046E-017  -9.5439126511815607E-018  -3.7745144434593335E-017  -1.8859925552418933E-004  -7.4259983784133741E-017   8.3871699710024601E-019  -1.5443516905687007E-018  -2.4517935556948202E-020   6.0452624504066966E-019   4.0770168324386391E-020   1.8817627263172654E-018  -1.3408888742175305E-018  -3.6689472812319210E-018  -1.4204623729376200E-017   9.0879970242023551E-019  -3.3020271874933890E-018  -3.8353874258046834E-021  -3.0342314290871994E-018  -4.3854417825019155E-017   2.4194862337356987E-019  -1.6046643814599216E-017  -6.4185738428855534E-019  -9.8683811330735334E-019   1.2019480851104989E-018  -7.0259380434786218E-020  -1.2572033832167007E-018  -1.8318858394133538E-019  -1.3967638032096874E-018  -2.6725755500306002E-016  -1.2901703337152640E-003  -4.7295243430577438E-016  -6.9937916026656427E-016  -7.0523469606529947E-018  -6.3355953914186850E-017  -1.0647625450442141E-018  -1.8756877004771048E-018   1.1055447928095980E-019  -2.0198130937193954E-018  -1.3824582396912026E-016  -7.9619813925285640E-019  -6.5960323419521854E-017  -7.5537145347907744E-019  -1.3636941956027189E-018  -3.0768374329523220E-019  -4.3966679694689896E-020  -1.0065401195439035E-018   9.7581647085085361E-020  -9.2960363024867391E-019  -3.7643381781477235E-016  -1.6952930284536362E-003  -6.2426795825763262E-016  -1.1715284173401163E-015  -1.6008485886197352E-015  -1.6981981517328329E-018  -8.2741704345041063E-017  -6.0475591899977887E-019  -1.2208037661609396E-018   2.5509522363655935E-020  -1.0877370523649997E-018  -1.8839310664749877E-016  -7.3384769988294157E-019  -8.4157177898281485E-017  -1.9612892175922766E-018  -4.0414554710795411E-016  -1.2686290078193565E-018  -3.8557737887627020E-021  -5.8380487340688082E-020  -1.1538118911779363E-018   1.8484880814450243E-020  -1.2300611712547047E-018  -2.9631903294343723E-016  -1.3308664690724102E-003  -4.9310589794357460E-016
  -4.5554545839913996E-018   1.1654756852427046E-017   9.7874135579324347E-006  -1.6246677368934569E-018   9.2440446596068470E-017  -1.5531928535451225E-016  -1.8859925552428407E-004  -2.1096761200064703E-018  -2.0595439025338896E-018   2.9956040573821397E-019   8.3444115721364776E-019   2.5471063439356937E-019   6.2524843700097036E-019   2.1893945715972310E-019   9.2892329037009736E-019   6.9292080308777163E-019  -1.4402706804368812E-017   2.0697720807266826E-019  -3.2020492642630855E-019   4.4235173108531800E-019  -1.0099974594411392E-018  -1.4602888370170007E-017   3.5212633113417980E-019  -4.2967846429808250E-017   1.6377517480643504E-018   1.0213602722900689E-018  -2.5345266568674761E-019   6.1344908819279521E-019   2.0246511658525978E-019   1.8343593160018591E-018   6.2695151764988415E-016  -1.0625700753291763E-015  -1.2901703337158826E-003  -3.2659608241459141E-017   1.6792599672318501E-018   3.4359271406219228E-019  -6.2358930308632979E-017   9.0930499957351159E-019  -6.6463350669550017E-020   1.0788901605950828E-018   1.4708460102668642E-018  -6.4574156386858281E-017   3.5005810173829785E-019  -1.3760326181232526E-016   1.2727874029380296E-018  -4.7302718411325000E-019  -1.2127659251138873E-019   1.5732063692577193E-018  -2.1175303308849283E-019   9.0702208256421758E-019   8.2742321690653280E-016  -1.3922056181764900E-015  -1.6952930284544489E-003  -4.7085819491035016E-017  -3.1197816167574333E-016   1.9047890961968003E-018  -3.5574085835677314E-019  -8.2158139916205706E-017   8.5659884697725661E-019   5.6748029941903944E-020   8.6962783410467072E-019  -6.0737481745061227E-019  -8.3996684247524690E-017  -3.3282160275898276E-019  -1.8872069837047077E-016  -2.5192073949701866E-017   3.9341010141031177E-019   1.1973486994856053E-019  -6.1038432902629458E-021   3.9491396156891153E-019   3.9513470024156982E-020   6.3848645741839513E-019   6.5200159944590060E-016  -1.0938040663080748E-015  -1.3308664690730456E-003
  -3.7804091105349471E-018  -9.5439126511815607E-018  -1.6246677368934569E-018   1.8958908884311519E-005  -3.8610626516041866E-017   6.5129858872307754E-017   2.5219525344257465E-017   3.8021231212140112E-017  -3.6590351624099376E-018  -3.9330326294141045E-019   4.3237324007559926E-017   7.2521213989879313E-019   4.6841611485139868E-017   8.9454331458858035E-006   8.1104672799662939E-018  -1.7381549589167659E-018  -2.5808136289227833E-018   3.5396599398327062E-019  -9.8619675757392452E-020   6.8128701169414145E-019   7.0315771906639478E-019   2.2230267771245020E-018  -5.4899649979341563E-020   9.0997042197609370E-021   6.6224724150037177E-017   1.0608183637755715E-018   3.0995235811819249E-019   5.8945459645784301E-017  -1.2289376084420758E-018   6.0320544541584127E-017  -2.9513500523128412E-016   3.7977667232830890E-016   1.6945425746536861E-016   2.1729770081927351E-003   1.0105573731785892E-017  -7.6950396881248481E-020   3.5287382167448341E-018   6.2337112762469166E-018  -4.3394993331252702E-019   6.6639759624105255E-018   9.2821033451479393E-019  -1.9570247387743852E-018  -8.1407467586324662E-019  -1.1736232093515102E-018   1.0899143710705630E-016   5.8711717374362078E-020  -3.7643649822138706E-019   9.0040590756035143E-017   5.7585672964899793E-019   8.6831106523639290E-017  -3.9566951094189945E-016   5.0625658465775022E-016   2.1752710089113530E-016   3.6450044593303093E-003   7.6391052040941209E-004   1.5004621681853432E-017   7.0827874435234948E-019  -1.6643385852993014E-018   6.5293207611624849E-018   1.0325214429276865E-019   6.0164679732558748E-018  -1.9756514289095050E-018   1.2129991891767875E-018   7.9155195738812574E-019   4.8010250211741407E-019   1.0737544430062943E-003   9.2277489372623767E-017   2.2401610457863482E-020   2.3653733963429909E-019   9.3539174906138310E-017  -9.7739232499641837E-020   9.1104337351333159E-017  -2.7936940430442195E-016   3.9514410085438675E-016   1.7247581307641000E-016
  -1.8859925552401830E-004  -3.7745144434593335E-017   9.2440446596068470E-017  -3.8610626516041866E-017   3.6342266497443503E-003  -5.0037401506913441E-017  -5.3274137217024156E-017   7.5215910304290128E-019  -2.0191247327971301E-017  -1.1253063299686690E-017   1.4160259317461630E-017   1.2086683054597763E-018   2.4011823218209659E-017  -4.1932806836939974E-017   1.1895987685568239E-016   9.0576085478303561E-018   1.1963977161059361E-017  -1.2449988001609773E-017   4.3008080439408076E-018  -2.0082289149356133E-017  -1.1831596101934250E-017   7.4851716571004815E-018   1.2677070670604487E-017  -1.5661970388082203E-017   1.3002372580755832E-017   1.4069064349676926E-017   7.0493881982475141E-018   3.0599942058325022E-018   3.1971947491660732E-018   1.4125138412222756E-017   2.4861028196885643E-002  -5.0389220380985836E-016   3.4363561985373065E-017   1.5961262822929021E-016   8.1755707257139650E-016  -3.1146531156759542E-018  -9.4903797595657245E-018   4.8182227755639733E-016  -5.8836826004693861E-020   4.7587608344946733E-016   3.2990181287053788E-018  -9.3317127214637184E-018  -4.6232193216543056E-018  -7.4140299169472866E-019  -7.4183817406610854E-019  -4.9098027959502854E-018   6.7830772283341398E-019   1.3638033075824833E-017  -2.4822635777178376E-019  -4.2465811378569609E-018   3.2667568522521701E-002  -6.8720327914539109E-016   1.8542115909121927E-017   2.9741593475261583E-016   1.3223553997171053E-015   2.0438234303489553E-015   2.3830332576953045E-018   4.0473646730034247E-020   9.4394286070046075E-016  -1.5299151713942173E-018   9.5486234988851864E-016   2.6319369524485527E-018   1.3266612683633864E-018   1.6597604651500435E-018  -1.3018356094644595E-018   1.3939145970062582E-016  -1.2549170894561910E-018   1.1509545408896742E-018   5.7680517314385873E-019  -7.3318672984427261E-018   9.0702348225207943E-019  -1.8508398705640065E-018   2.5645225246045556E-002  -5.3735967910059787E-016   6.3279008086046732E-018
   5.3386423212640068E-017  -1.8859925552418933E-004  -1.5531928535451225E-016   6.5129858872307754E-017  -5.0037401506913441E-017   3.6342266497448828E-003   9.6292170385452648E-017  -1.6161716301763493E-017   2.9758993771437423E-017   4.7245008764185573E-019  -1.1648961095514800E-017  -7.8562363262291874E-019  -3.6260759511064660E-017   3.6856449091139787E-018   7.0699038280325993E-017   2.7371699831696017E-016  -1.7512179932221246E-017   6.3628645667868743E-017   7.3906268378877474E-020   5.8468336422851635E-017   8.4505579582364034E-016  -4.6622460545759739E-018   3.0921193420350188E-016   1.2368316114379257E-017   1.9015946591829382E-017  -2.3161023358099218E-017   1.3538680842432270E-018   2.4225769219887724E-017   3.5299653322341565E-018   2.6915038571344077E-017  -1.6789749386166366E-016   2.4861028196884315E-002  -1.6595549821738896E-017   7.8366096045761863E-016   1.3589569691768678E-016   1.2208420202667485E-015   2.0517516922264289E-017   3.6143696371962136E-017  -2.1303373321043946E-018   3.8920930797235815E-017   2.6639376506980268E-015   1.5342396172418636E-017   1.2710271020464413E-015   1.4555683472273303E-017   2.6277801435949439E-017   5.9289335817775908E-018   8.4721903385536838E-019   1.9395595789701193E-017  -1.8803564275850900E-018   1.7913062685554082E-017   2.6604379896366848E-016   3.2667568522521062E-002   3.2246081059448655E-017   1.4436642887970422E-015   4.0646776774094960E-015   3.2723548999804577E-017   1.5943971048045064E-015   1.1653386813291084E-017   2.3524364233129872E-017  -4.9155753950039964E-019   2.0960225811029436E-017   3.6302542494329378E-015   1.4140929985305052E-017   1.6216726722233708E-015   3.7793200839340426E-017   5.9387906721786219E-016   2.4445936098432561E-017   7.4299104841390607E-020   1.1249669163707628E-018   2.2233459575172600E-017  -3.5619571395157347E-019   2.3702750452874140E-017   2.2436300396419794E-016   2.5645225246048151E-002   8.3757516949056162E-017
  -1.8941068422682410E-018  -7.4259983784133741E-017  -1.8859925552428407E-004   2.5219525344257465E-017  -5.3274137217024156E-017   9.6292170385452648E-017   3.6342266497450615E-003   4.0652552717370433E-017   3.9686526418645773E-017  -5.7724003560680800E-018  -1.6079322703360742E-017  -4.9081645254201331E-018  -1.2048268834026418E-017   3.3421876039586290E-018  -1.7899952828809861E-017  -1.3352286263198179E-017   2.7753397409444672E-016  -3.9883619019954521E-018   6.1702114028164852E-018  -8.5239278660527972E-018   1.9462217244426574E-017   2.8139138688853179E-016  -6.7853231614002378E-018   8.2797194582378641E-016  -3.1558772763638332E-017  -1.9681173768280879E-017   4.8839240087480234E-018  -1.1820900450428300E-017  -3.9014158369503978E-018  -3.5347316154003948E-017  -2.6008654864852821E-016   6.5990002727600455E-016   2.4861028196884977E-002   2.1506461778097504E-016  -3.2358618318744250E-017  -6.6208840263598719E-018   1.2016298036130827E-015  -1.7521916791099838E-017   1.2807202211046136E-018  -2.0789750006425192E-017  -2.8342570885167634E-017   1.2443162586912136E-015  -6.7454692700093791E-018   2.6515557539187072E-015  -2.4526066586900716E-017   9.1150306706027504E-018   2.3369478488713346E-018  -3.0315011036583731E-017   4.0803899987609550E-018  -1.7477925961082806E-017  -4.1121303771946300E-016   7.8966805594868602E-016   3.2667568522521929E-002   2.6181986622627314E-016  -1.0054159948040138E-015  -3.6704467767503621E-017   6.8549735469955741E-018   1.5831520689036566E-015  -1.6506291867856949E-017  -1.0935101634543237E-018  -1.6757354853784596E-017   1.1703851859241404E-017   1.6185800285052856E-015   6.4133293355285647E-018   3.6365668012308080E-015  -3.0075938410274707E-018  -7.5808436828480001E-018  -2.3072395172552109E-018   1.1761843857283459E-019  -7.6098224221997225E-018  -7.6140759615446946E-019  -1.2303359801759308E-017  -3.6991735809863197E-016   6.3672494290012644E-016   2.5645225246048779E-002
  -3.9033516779639277E-020   8.3871699710024601E-019  -2.1096761200064703E-018   3.8021231212140112E-017   7.5215910304290128E-019  -1.6161716301763493E-017   4.0652552717370433E-017   7.7334937830585384E-029  -6.1330389837079383E-030  -1.4707893275845579E-030   8.5791863697246621E-029   2.3283038006496801E-031   9.2536541759719606E-029   1.6362665371488399E-017   1.6586902821289324E-029  -3.4534146220829677E-030  -4.4380834713056191E-030   8.9239425817037366E-033  -2.1597162473354324E-031  -1.9381764723009606E-031  -4.5960666511642797E-030   9.5732307830026122E-030  -2.4854667447336255E-031   9.3503847589489264E-030   1.2798144370570960E-028   1.2751753716962720E-030   1.5209766314766687E-030   1.1673047975506989E-028  -1.3729815103551507E-030   1.1896160425168355E-028   5.1453721716467254E-018  -1.1055911571088479E-016   2.7809610043248425E-016   4.3149695927980581E-015   1.7779878958307712E-029  -7.8639514187415409E-030   2.5076476406299779E-029   1.2886052914364787E-029  -1.0511562916740610E-030   1.4509221967069707E-029  -7.4014245558760485E-030   7.7517076659621611E-030  -9.1360432015315643E-030   2.5134896728788939E-029   2.1873417465439688E-028   3.5875134711783532E-031  -1.6084498749038225E-030   1.7848893436440835E-028   9.8721023046497519E-031   1.7249501960511657E-028   6.7610557640472498E-018  -1.4527546727640269E-016   3.6542026117255154E-016   7.2305670274865014E-015   2.5555650014457710E-015   3.1155628050613842E-029  -4.1184718442898096E-030   1.1892253496522260E-029   1.2554544089691738E-029   4.0189710325192736E-031   1.1071975668324200E-029  -2.1362113031039499E-029   2.2142764617298038E-029  -4.6316690209636096E-030   4.2207603496474049E-029   2.1750861228075508E-015   1.8283448768675278E-028  -1.2996021445185847E-031   8.2674547009944148E-031   1.8665949004983809E-028  -4.3158784870758678E-031   1.8143304048905890E-028   5.3076738127162200E-018  -1.1404650696485186E-016   2.8686814878124323E-016
   1.0478306889384962E-018  -1.5443516905687007E-018  -2.0595439025338896E-018  -3.6590351624099376E-018  -2.0191247327971301E-017   2.9758993771437423E-017   3.9686526418645773E-017  -6.1330389837079383E-030   2.9384195043901992E-030  -9.0628796374783877E-031  -9.9700406295233521E-030  -2.0882872494037300E-030  -1.1907026699236231E-029  -4.2617047564833364E-018  -5.3778370317986248E-031   4.6267200756158401E-030  -6.1533974436092227E-031  -1.1776631972735900E-031  -7.7988855927044398E-032  -1.5643501336700565E-030   3.1019858607269147E-030   5.6911142618915376E-030   4.5039510645361606E-030   9.4350147670345338E-030  -2.0106963264070942E-029  -1.8739305091218429E-030   1.3308276212313086E-030  -1.3321799784315164E-029   2.0549573495260373E-030  -1.4291432789889399E-029  -1.3812434323167359E-016   2.0357541082763799E-016   2.7148770492880527E-016  -4.8824771429622722E-016  -8.4489520766242548E-030   6.4107154731255099E-030   2.0139718288312977E-029  -2.7438757443641593E-030  -2.4842900539162645E-031  -1.5039407969530942E-030   2.5969282432156641E-029   1.0650985060909818E-029   7.6639361275291273E-030   2.5918146466948603E-029  -2.0202438452014644E-029   4.3159402521114547E-031  -1.3070193404008239E-030  -2.0295725373108970E-029  -4.3685101045202213E-031  -1.8972911652089797E-029  -1.8149637301461679E-016   2.6749954306177274E-016   3.5673678230633089E-016  -8.3100428420237052E-016   1.4981182680855132E-015  -1.2458535014787412E-029   1.5350941214071761E-029   1.3802437272553449E-029  -7.2089052068575033E-030   3.0248296629675057E-031  -7.9417584346045390E-030   2.7990421806799537E-029   2.0229958160780959E-029   1.4667078867008877E-029   4.1116765223241947E-029  -1.7231403165903015E-016  -2.0948640382712220E-029  -2.7481990211687030E-031   5.3387991508634557E-031  -1.9108587816852067E-029  -3.6528674326841640E-031  -1.9167474285246984E-029  -1.4248123070718991E-016   2.0999683616809892E-016   2.8005130315987322E-016
   5.8398101308199717E-019  -2.4517935556948202E-020   2.9956040573821397E-019  -3.9330326294141045E-019  -1.1253063299686690E-017   4.7245008764185573E-019  -5.7724003560680800E-018  -1.4707893275845579E-030  -9.0628796374783877E-031   7.2535529454338505E-031  -4.5510698177363370E-032   1.2740093710463280E-030   5.4249059519285513E-031   1.5459854647483617E-018  -1.3902811189176010E-030  -1.4692328356109908E-030   2.2604909891266274E-030   4.5294141754546145E-031   7.5316997363093522E-032   1.3874503021832727E-030   2.8058774924541826E-030  -2.6526082603983731E-030  -1.4254482314050771E-030  -1.4064641970449392E-030   3.4635433632696597E-030   7.7301675795111397E-031  -9.6839296715771334E-031   1.5405140610994612E-031  -1.2407650198470604E-030   4.0755656581114324E-031  -7.6979988029780259E-017   3.2319379286321958E-018  -3.9487853083135824E-017   1.9572225565937096E-018  -8.1720813526107236E-031   2.6023907452327473E-030  -7.0571503402251324E-030  -2.2932399408116770E-030   2.3161127620814948E-031  -3.1680620097128217E-030  -2.8226032340432216E-030   4.8036461709310780E-031   2.1557658136915287E-030  -1.8695992910412693E-030  -2.8182453370275416E-030  -1.8246360257919965E-031   9.6400656243710783E-031  -3.5822008504279280E-032   2.2541456398710250E-031  -2.5953681918526220E-031  -1.0115225379700016E-016   4.2467895095832565E-018  -5.1887320837440025E-017   1.1482897213058384E-017  -1.1397470798466979E-015  -7.8922617215135604E-030  -1.4445466073668973E-030   1.8659197258346945E-031  -2.5394943653566629E-030  -2.2103530131864202E-031  -2.0521134586042499E-030   2.0096128794814758E-030  -4.4289911164459728E-030  -8.3169613507332380E-031  -6.5835007235705872E-030  -4.6124248581301550E-017   3.3383050989602217E-031   1.6323261786213431E-031  -3.9756903384100259E-031  -1.0863515136401747E-030   2.5164116037822011E-031  -7.3158328418156065E-031  -7.9408185245891666E-017   3.3338836794917570E-018  -4.0733427386029213E-017
  -7.3485080121103902E-019   6.0452624504066966E-019   8.3444115721364776E-019   4.3237324007559926E-017   1.4160259317461630E-017  -1.1648961095514800E-017  -1.6079322703360742E-017   8.5791863697246621E-029  -9.9700406295233521E-030  -4.5510698177363370E-032   9.9897613070675806E-029   3.3462485813770409E-030   1.0912670821439439E-028   2.2642063600556804E-017   1.7658991970001714E-029  -6.7326059239285989E-030  -3.5328338373078154E-030   1.0994068926911415E-030  -1.1093886281270447E-031   3.0321033921620033E-030   2.2638261376895963E-030   1.1044398874570093E-030  -2.8986251982644242E-030  -3.9260701542746506E-030   1.5740556846852984E-028   3.6842947998827191E-030  -4.9868083941095328E-031   1.3618253175239559E-028  -4.4190982882760191E-030   1.3981768911954648E-028   9.6867542972630735E-017  -7.9688246818836939E-017  -1.0999547734403254E-016   5.0165313736282388E-015   2.8340531754827560E-029  -9.3668774166476777E-031  -3.9825501771615332E-030   1.5143582788799666E-029  -6.9783071239776842E-031   1.4955415071207066E-029  -1.0405612437665919E-029  -6.9666242990883384E-030  -3.3965851604776609E-030  -1.1463207148030750E-029   2.4780611462706850E-028  -1.8110171606981977E-031   3.7614900201655469E-031   2.0783039467813475E-028   1.6152378961143602E-030   1.9996838801735838E-028   1.2728464296028764E-016  -1.0471092517886880E-016  -1.4453484243881599E-016   8.4254652727195831E-015   2.8741593430015208E-016   4.0538102246834430E-029  -5.6117587635917652E-030  -7.3875311647017520E-030   1.9199829519684979E-029  -5.5698971510588024E-032   1.8742863857159836E-029  -1.4211499717727921E-029  -6.8046842802477763E-030  -4.7230434763779382E-030  -1.6164716204962643E-029   2.4179141008719776E-015   2.1328175332700072E-028   2.7728536143281343E-031   3.1677389280920002E-032   2.1431426340251605E-028   1.1036487228327296E-031   2.0920472508117539E-028   9.9923057843467853E-017  -8.2201871255981654E-017  -1.1346508962521048E-016
  -6.2724195421235737E-020   4.0770168324386391E-020   2.5471063439356937E-019   7.2521213989879313E-019   1.2086683054597763E-018  -7.8562363262291874E-019  -4.9081645254201331E-018   2.3283038006496801E-031  -2.0882872494037300E-030   1.2740093710463280E-030   3.3462485813770409E-030   2.4884172971560715E-030   4.8291855946384194E-030   3.6480142965720295E-018  -1.3429509133278777E-030  -3.0333443698381437E-030   4.6643340080262595E-030   7.7830542686424622E-031   1.7331255038913257E-031   2.5350344623521138E-030   4.9780756741584293E-030  -4.3690250979632711E-030  -2.8015354897714512E-030  -1.3954610759600753E-030   1.1787857977213721E-029   1.6239142748023860E-030  -1.7730892054590659E-030   4.8714341665362139E-030  -2.4527472171671421E-030   5.4907537647607414E-030   8.2682616464945751E-018  -5.3742964226057303E-018  -3.3575786108451152E-017   1.7291929506867087E-016   4.2140269075396480E-030   4.3649073045593592E-030  -1.1246338273502769E-029  -9.3052132918318324E-031   4.1117429022440999E-031  -2.6111183472901266E-030  -6.5806638522761523E-030   2.7921181951541639E-030   3.4219014256840528E-030   7.8744249773249182E-031   3.0472180987128100E-030  -3.6186278830630074E-031   1.8189139028800200E-030   6.9671132832199511E-030   4.8137482036571000E-031   6.2007263776694613E-030   1.0864554826931825E-017  -7.0618638640249564E-018  -4.4118822629082720E-017   3.0571382814539856E-016  -2.1164916974847559E-015  -1.2144173922130855E-030  -3.4167103278624357E-030   2.8841586064443261E-030   1.5154706502475707E-030  -4.2511831955880334E-031   2.4749842482751557E-030   2.0332212610759348E-030  -5.6372779990039261E-030  -2.2581176309589068E-030  -6.4410541255465209E-030  -4.4590361175800978E-018   7.7898982323028611E-030   3.1665425582756586E-031  -7.3733251558657474E-031   5.1397981204226482E-030   4.7736374784019486E-031   5.6531877037762064E-030   8.5290692982740599E-018  -5.5438190731832098E-018  -3.4634874742315275E-017
  -1.2461005928449850E-018   1.8817627263172654E-018   6.2524843700097036E-019   4.6841611485139868E-017   2.4011823218209659E-017  -3.6260759511064660E-017  -1.2048268834026418E-017   9.2536541759719606E-029  -1.1907026699236231E-029   5.4249059519285513E-031   1.0912670821439439E-028   4.8291855946384194E-030   1.1997282099428979E-028   2.6150790856964823E-017   1.8094001160327550E-029  -1.0508829378772892E-029  -7.5872449789498456E-031   1.1227447241469379E-030  -1.1045867506788115E-032   4.0783069903712213E-030  -5.1142883288566548E-031  -3.3913662609061835E-031  -6.4781690184339486E-030  -3.2796984576241924E-030   1.7490538757455159E-028   4.9052875030638465E-030  -1.3981774884321164E-030   1.4864454794217067E-028  -5.9911483707742970E-030   1.5281770191425217E-028   1.6426014985287069E-016  -2.4805270874031610E-016  -8.2419832353453257E-017   5.4787521381418126E-015   3.3458572622212945E-029  -6.7059286006309138E-030  -7.4767217788878585E-030   1.6634903145812990E-029  -5.2996791301559487E-031   1.5560783801874781E-029  -3.1617667289757862E-029  -3.5969629099959522E-030  -1.0144286786327215E-029  -6.4301069641635745E-030   2.6769086539054662E-028  -4.0411100365263498E-031   1.3077003107112830E-030   2.2672429698550618E-028   1.9953756232265040E-030   2.1788846856569265E-028   2.1583900948673966E-016  -3.2594303002265473E-016  -1.0830024807093169E-016   9.2093679166495085E-015  -7.4094110746741952E-016   4.7295498406644508E-029  -1.7951083083710765E-029  -3.2436405321106310E-030   2.3333473071758104E-029  -2.7336452042976880E-031   2.3358750317402838E-029  -3.7561091189086560E-029  -6.7825613537791756E-030  -1.6598730183441565E-029  -1.3141282403542052E-029   2.5971426015283858E-015   2.3297487359657550E-028   4.5242035288478225E-031  -3.3739214989342031E-031   2.3277069119749809E-028   3.5817656225120000E-031   2.2752541182948279E-028   1.6944144500247072E-016  -2.5587709157318395E-016  -8.5019619812456670E-017
   3.3090514551607072E-019  -1.3408888742175305E-018   2.1893945715972310E-019   8.9454331458858035E-006  -4.1932806836939974E-017   3.6856449091139787E-018   3.3421876039586290E-018   1.6362665371488399E-017  -4.2617047564833364E-018   1.5459854647483617E-018   2.2642063600556804E-017   3.6480142965720295E-018   2.6150790856964823E-017   8.6750598707032564E-006   1.5339712087673075E-018  -4.7663172526757055E-018   5.6946440807544673E-018   1.2143193981243188E-018   2.0139616829352894E-019   3.7125856500182530E-018   7.2898955407266590E-018  -4.4451993711466997E-018  -3.7258504492145954E-018  -3.5912724871822714E-019   4.3659063341892523E-017   2.5850646123070392E-018  -2.2526828358871593E-018   3.1322287179035403E-017  -3.8288698920490009E-018   3.2687714055199967E-017  -2.8770612822728371E-016   4.0186584443841418E-017   1.6450719182445069E-018   1.1462776301894202E-003   9.5396431434107513E-018   6.1939203462420978E-018  -1.1473447072272234E-017   1.1289140028978244E-018   3.7337065123228689E-019  -9.5717355266725683E-019  -7.7538434189390006E-018   5.2125709412906886E-018   4.6285654366568583E-018   5.3974250825077036E-018   4.9877422830271734E-017  -4.4238706029175772E-019   2.2968028995250653E-018   4.7175254201580474E-017   8.9762535070761764E-019   4.4824640104268722E-017  -3.8337083877169067E-016   4.1060362870514672E-017   2.0392290370047114E-017   1.9438873778317043E-003  -2.5307142405960607E-003   3.6968650618990095E-018  -3.8302089711004752E-018   6.0709152896438855E-018   4.3399944269207373E-018  -5.3085962967675010E-019   5.4112066904595972E-018   2.9867476081563434E-018  -4.1370046060178880E-018  -2.2266467509808068E-018  -1.8477958208070190E-018   4.4528215323327082E-004   4.9273547168823422E-017   4.3138528943564796E-019  -8.9379039996031814E-019   4.6235081068510326E-017   6.0022937016284446E-019   4.5892915073904844E-017  -2.8684350364778237E-016   3.8571820719606032E-017   6.5272144036903742E-018
  -6.1734576223515956E-018  -3.6689472812319210E-018   9.2892329037009736E-019   8.1104672799662939E-018   1.1895987685568239E-016   7.0699038280325993E-017  -1.7899952828809861E-017   1.6586902821289324E-029  -5.3778370317986248E-031  -1.3902811189176010E-030   1.7658991970001714E-029  -1.3429509133278777E-030   1.8094001160327550E-029   1.5339712087673075E-018   1.0007251723685036E-029   6.9747469737165681E-030  -5.9781348096882588E-030   4.6225993556559770E-031  -5.7980906374722784E-032  -9.3205267767052077E-031   1.2675471154513389E-029   2.5473796109254691E-030   8.3447127082784952E-030  -4.1591750796415064E-030   2.2892387297439142E-029  -5.1228847057959659E-031   1.6004510601910409E-030   2.4039373282420514E-029   1.3392105319607676E-030   2.4789142423043209E-029   8.1378107031798439E-016   4.8363818594059479E-016  -1.2245004918202837E-016   8.6730042970380446E-016   3.1431308547059576E-029   2.0440646818522712E-029   2.4424413396403190E-030   2.0160638312144829E-029  -5.3289980678474334E-031   2.1398478335857045E-029   5.6684673274408063E-029  -1.0131346073098597E-029   2.1679552903948917E-029  -1.6366406966512348E-029   4.8030341400708385E-029   1.7682101526661824E-031  -1.4075439713836743E-030   3.7076951389159767E-029  -1.4064038175414928E-031   3.5456935058651374E-029   1.0693141356186632E-015   6.3550402880370233E-016  -1.6090023874159860E-016   1.4439732014328123E-015   1.8149863342425577E-015   7.5878383625586700E-029   3.3507690756659033E-029  -1.1810755170454394E-029   3.3582213195206238E-029   2.8824640390015580E-031   3.2995650548660389E-029   6.7787871542000519E-029  -4.7106099879628142E-030   3.3247231504686717E-029  -1.5945754461870012E-029   4.9092288591424696E-016   3.6995860568073258E-029  -1.5654346855641784E-031   6.5889259636328353E-031   3.9164230288386199E-029  -3.4800144869085388E-031   3.7938513406014190E-029   8.3945035112777803E-016   4.9889369489517541E-016  -1.2631251884652183E-016
  -4.7004724624313434E-019  -1.4204623729376200E-017   6.9292080308777163E-019  -1.7381549589167659E-018   9.0576085478303561E-018   2.7371699831696017E-016  -1.3352286263198179E-017  -3.4534146220829677E-030   4.6267200756158401E-030  -1.4692328356109908E-030  -6.7326059239285989E-030  -3.0333443698381437E-030  -1.0508829378772892E-029  -4.7663172526757055E-018   6.9747469737165681E-030   2.4342421516543652E-029  -8.1960468602564717E-030   3.8156172576709077E-030  -2.1698928597958723E-031   1.3181339327311295E-030   5.7316737681251730E-029   3.2972341852666026E-030   2.6628184661386790E-029  -1.8283668964567548E-030  -1.5487123753779539E-029  -3.5810361417585240E-030   2.1984550491395028E-030  -6.6379819210530144E-030   3.2792303741482652E-030  -7.0823598108779132E-030   6.1961314801270183E-017   1.8724440352673242E-015  -9.1340358561745882E-017  -3.0641252657049256E-016   7.2379821349917482E-030   8.6453554889264748E-029   8.4229975513320400E-030   5.0215477831617028E-030  -6.3769162124069784E-031   7.2164366764039645E-030   2.0792289108011077E-028  -8.6959846089282306E-030   9.1376260289687390E-029  -1.3812198804999090E-029  -6.5532534003576963E-030   8.1190281526361714E-031  -2.1007299124606148E-030  -1.0804784440466336E-029  -7.6454407986419399E-031  -9.9730567177159044E-030   8.1417609963153773E-017   2.4604048288858513E-015  -1.2002188318831361E-016  -5.3267106375182438E-016   2.4913167515763593E-015   9.3146066931948567E-030   1.2368948206074865E-028  -1.0860283850555142E-029   2.4708002447962271E-030   4.6717976035026570E-031   1.1894398278558829E-030   2.7009061416513776E-028  -8.1744840254422301E-031   1.2435013472299048E-028  -8.7239940844768493E-030  -4.4089991127161206E-017  -1.1674024686033893E-029  -3.5792455758491634E-031   9.5475685101755482E-031  -8.7521127218938446E-030  -5.8542446953294955E-031  -9.1019715176686327E-030   6.3915774602576777E-017   1.9315069620116484E-015  -9.4221528201487413E-017
  -6.2087409596075013E-019   9.0879970242023551E-019  -1.4402706804368812E-017  -2.5808136289227833E-018   1.1963977161059361E-017  -1.7512179932221246E-017   2.7753397409444672E-016  -4.4380834713056191E-030  -6.1533974436092227E-031   2.2604909891266274E-030  -3.5328338373078154E-030   4.6643340080262595E-030  -7.5872449789498456E-031   5.6946440807544673E-018  -5.9781348096882588E-030  -8.1960468602564717E-030   3.2396283732636683E-029   9.2489270263872941E-031   8.8316937524149214E-031   4.1709393477668921E-030   8.0773996285080655E-030   1.2707502171122139E-029  -7.7006665353956546E-030   6.2553136563357819E-029   7.7876662130231534E-030   1.7453841438727118E-030  -3.3752812954671135E-030  -3.5866644437832973E-030  -5.1790691699244513E-030  -4.4349464320897411E-030   8.1843209632793474E-017  -1.1979737122728327E-016   1.8985552142268022E-015  -1.0803434151887816E-016   5.5944074380296281E-030   3.2800423351962216E-030   7.0765403968621553E-029  -3.5871334651977694E-030   1.0640987827962226E-030  -7.4805211317605902E-030  -2.7828914976452521E-029   1.0470810097080963E-028   1.2346332089698348E-030   2.1181304753207185E-028  -1.9241393535598991E-029  -8.6140801617621516E-032   4.0677464904517458E-030  -7.3406463958326150E-030   1.2127804689747625E-030  -7.2729164618803004E-030   1.0754256169972443E-016  -1.5741460097279414E-016   2.4947151044347103E-015  -1.4848593624259037E-016  -4.5905791886756949E-015  -3.5244452853259881E-030  -1.3710428026380951E-029   1.3171037010484171E-028   2.7989278992970529E-030  -9.9963934707277125E-031   4.9357295823724274E-030  -1.0240126630087745E-029   1.1606864187086060E-028  -1.1461813492345027E-029   2.7424192199051692E-028  -2.4137218017263049E-016  -4.3640456339210678E-030   4.7722127437950119E-031  -1.5869481014222970E-030  -1.0186363624905778E-029   9.6288316786669508E-031  -8.9505651016027007E-030   8.4424808550550802E-017  -1.2357616686961568E-016   1.9584417718092434E-015
   6.4609577076194478E-019  -3.3020271874933890E-018   2.0697720807266826E-019   3.5396599398327062E-019  -1.2449988001609773E-017   6.3628645667868743E-017  -3.9883619019954521E-018   8.9239425817037366E-033  -1.1776631972735900E-031   4.5294141754546145E-031   1.0994068926911415E-030   7.7830542686424622E-031   1.1227447241469379E-030   1.2143193981243188E-018   4.6225993556559770E-031   3.8156172576709077E-030   9.2489270263872941E-031   1.4139020286470464E-030   3.6241076768682474E-032   1.9118744712809452E-030   1.6463686851198345E-029  -1.6663596827643431E-030   4.5067881176713561E-030  -7.2373085780779821E-031   4.4778032195889006E-030   7.7820552430928059E-032  -5.6405955888985006E-031   2.3524130855127561E-030  -7.3172778714472089E-031   2.5815751091496644E-030  -8.5167913999161648E-017   4.3527102366868829E-016  -2.7283597656715051E-017   6.9018668475128940E-017   9.2460003177048436E-031   2.2856068490172956E-029  -3.9502355934138664E-030  -1.3083082847655686E-030   8.9325112024529283E-032  -1.7659122368812552E-030   4.4751723758187788E-029   3.4117836325827127E-031   2.3439985661508157E-029  -1.2752107370013700E-030   2.1603821862892940E-030   1.1891832293691997E-033   5.8470678234794421E-031   3.1101972611020372E-030   1.2136903008197165E-031   2.8748731091155900E-030  -1.1191124697071774E-016   5.7194923230675935E-016  -3.5850842086377981E-017   1.2073311780781683E-016  -6.6551109950863249E-016  -6.9036712102917320E-030   2.6933365655061748E-029   4.7440266972287789E-032  -2.3857581422777487E-030  -1.3650872720604389E-031  -2.1685980369224362E-030   6.4421775076544914E-029  -2.6178865695039941E-030   2.7783222541357834E-029  -3.8035362034274665E-030   5.6223697507945524E-018   3.5116501243133290E-030   9.9251225265603060E-032  -2.1438358232335241E-031   2.6629402276418094E-030   1.4163735374034896E-031   2.8192460505884236E-030  -8.7854384820567079E-017   4.4900087625741859E-016  -2.8144210363617065E-017
  -2.2319169204698367E-019  -3.8353874258046834E-021  -3.2020492642630855E-019  -9.8619675757392452E-020   4.3008080439408076E-018   7.3906268378877474E-020   6.1702114028164852E-018  -2.1597162473354324E-031  -7.7988855927044398E-032   7.5316997363093522E-032  -1.1093886281270447E-031   1.7331255038913257E-031  -1.1045867506788115E-032   2.0139616829352894E-019  -5.7980906374722784E-032  -2.1698928597958723E-031   8.8316937524149214E-031   3.6241076768682474E-032   2.9879717416228034E-032   1.4815871200556465E-031   4.1985979998173204E-031   1.6914476913010403E-031  -1.9588413445298499E-031   1.3671770868172012E-030   3.0856740900035778E-031   9.3271440395306768E-032  -1.1847541863091697E-031  -1.2721427404558654E-031  -1.7721692840881788E-031  -1.2127396545312605E-031   2.9420980129935068E-017   5.0557821489548957E-019   4.2209200044504730E-017  -4.5686328833811714E-018   1.1283527640240185E-030   3.5707672465971649E-031   1.2796767616343017E-030   4.0788080873413475E-031   3.6497208959806891E-032   2.6570225127819772E-031  -4.5082798421492370E-031   2.4535852062635760E-030   2.9216539727817030E-031   4.8385946460352688E-030  -6.9511004672518359E-031  -1.6684911486799728E-032   1.4447250802077761E-031  -2.4219340463701779E-031   3.8438966855799868E-032  -2.7144593394097222E-031   3.8659377914015574E-017   6.6433338346948279E-019   5.5463190171172874E-017  -6.4894709642725970E-018  -1.6489595634522716E-016   2.0907068915203324E-030  -1.8859328899533604E-031   3.0784453952597179E-030   1.1256586609239774E-030  -3.6473611700128995E-032   1.2138629731981136E-030   3.2521624915414060E-031   2.4814596102911523E-030  -1.0300979692805625E-031   6.0554576995370589E-030  -9.0001856135779924E-018  -1.7470752593091297E-031   2.0752496364180413E-032  -5.6285863999916143E-032  -3.9081288294541666E-031   3.6257619230016898E-032  -3.3470047628164207E-031   3.0349012776797513E-017   5.2152578315749885E-019   4.3540614411615282E-017
   1.0421762723735925E-018  -3.0342314290871994E-018   4.4235173108531800E-019   6.8128701169414145E-019  -2.0082289149356133E-017   5.8468336422851635E-017  -8.5239278660527972E-018  -1.9381764723009606E-031  -1.5643501336700565E-030   1.3874503021832727E-030   3.0321033921620033E-030   2.5350344623521138E-030   4.0783069903712213E-030   3.7125856500182530E-018  -9.3205267767052077E-031   1.3181339327311295E-030   4.1709393477668921E-030   1.9118744712809452E-030   1.4815871200556465E-031   3.6778177864067999E-030   1.8937785998632492E-029  -4.8792118513533551E-030   2.1017447876683447E-030  -1.9327937139345374E-030   1.2137374897332614E-029   1.2209048944398010E-030  -1.8438285744408554E-030   5.1908986965779579E-030  -2.4694111192427907E-030   5.8231842894560452E-030  -1.3737898180765114E-016   3.9997036523178706E-016  -5.8310510446870548E-017   1.7020179387575114E-016   1.7402569177298049E-030   2.4414345844571003E-029  -1.2311504420405831E-029  -3.1956689250793323E-030   3.8758685634779160E-031  -4.8377293813140902E-030   3.6703150334083074E-029   1.9809749393020918E-030   2.4276933027146615E-029  -1.4922972005286564E-030   3.2222432906781772E-030  -2.5463769401771986E-031   1.8746837671811705E-030   7.1148311264505381E-030   4.5876291974795222E-031   6.4076986457131912E-030  -1.8051696278264707E-016   5.2556391512497449E-016  -7.6620426979952394E-017   3.0155934832329126E-016  -2.1736249223920936E-015  -1.2717552575085630E-029   2.2476843700566521E-029   1.6339612934586156E-030  -3.6056175359522057E-030  -4.3441966846388366E-031  -2.7252974422777745E-030   6.1274971864092507E-029  -7.1178380693850762E-030   2.4114587048340740E-029  -9.4761567820208418E-030  -8.1215856515420243E-018   8.0993771946501131E-030   3.2142475368551959E-031  -7.4228738667135353E-031   5.3763272393289438E-030   4.7960344311057350E-031   5.9073203818977910E-030  -1.4171235817876588E-016   4.1258672114770941E-016  -6.0149812098652049E-017
